,adj_close,adj_high,adj_low,adj_open,adj_volume,close,ex_dividend,high,low,open,split_ratio,volume
2017-02-10,4.94,5.0,4.91,4.93,24172.0,4.94,0.0,5.0,4.91,4.93,1.0,24172.0
2017-02-09,4.97,5.05,4.91,5.0,23278.0,4.97,0.0,5.05,4.91,5.0,1.0,23278.0
2017-02-08,4.98,5.01,4.92,4.96,43610.0,4.98,0.0,5.01,4.92,4.96,1.0,43610.0
2017-02-07,5.01,5.095,5.0,5.06,29082.0,5.01,0.0,5.095,5.0,5.06,1.0,29082.0
2017-02-06,5.06,5.12,5.05,5.1,23231.0,5.06,0.0,5.12,5.05,5.1,1.0,23231.0
2017-02-03,5.1,5.17,5.04,5.05,52345.0,5.1,0.0,5.17,5.04,5.05,1.0,52345.0
2017-02-02,5.09,5.26,4.88,5.05,94694.0,5.09,0.0,5.26,4.88,5.05,1.0,94694.0
2017-02-01,5.02,5.14,4.72,5.09,90280.0,5.02,0.0,5.14,4.72,5.09,1.0,90280.0
2017-01-31,5.04,5.16,4.9999,5.0816,38195.0,5.04,0.0,5.16,4.9999,5.0816,1.0,38195.0
2017-01-30,5.14,5.15,5.0201,5.13,60050.0,5.14,0.0,5.15,5.0201,5.13,1.0,60050.0
2017-01-27,5.18,5.24,5.095,5.24,14435.0,5.18,0.0,5.24,5.095,5.24,1.0,14435.0
2017-01-26,5.24,5.32,5.18,5.19,13092.0,5.24,0.0,5.32,5.18,5.19,1.0,13092.0
2017-01-25,5.27,5.38,5.23,5.28,32569.0,5.27,0.0,5.38,5.23,5.28,1.0,32569.0
2017-01-24,5.28,5.39,5.22,5.22,117040.0,5.28,0.0,5.39,5.22,5.22,1.0,117040.0
2017-01-23,5.24,5.32,5.19,5.2,38875.0,5.24,0.0,5.32,5.19,5.2,1.0,38875.0
2017-01-20,5.16,5.22,4.95,5.09,37111.0,5.16,0.0,5.22,4.95,5.09,1.0,37111.0
2017-01-19,5.12,5.23,5.04,5.17,56198.0,5.12,0.0,5.23,5.04,5.17,1.0,56198.0
2017-01-18,5.31,5.4,5.18,5.23,117975.0,5.31,0.0,5.4,5.18,5.23,1.0,117975.0
2017-01-17,5.16,5.31,5.01,5.28,43477.0,5.16,0.0,5.31,5.01,5.28,1.0,43477.0
2017-01-13,5.32,5.45,5.22,5.22,76110.0,5.32,0.0,5.45,5.22,5.22,1.0,76110.0
2017-01-12,5.21,5.25,4.965,5.23,65172.0,5.21,0.0,5.25,4.965,5.23,1.0,65172.0
2017-01-11,5.2,5.3,4.94,4.94,62565.0,5.2,0.0,5.3,4.94,4.94,1.0,62565.0
2017-01-10,5.08,5.26,4.88,5.01,48469.0,5.08,0.0,5.26,4.88,5.01,1.0,48469.0
2017-01-09,4.95,5.04,4.88,5.04,8707.0,4.95,0.0,5.04,4.88,5.04,1.0,8707.0
2017-01-06,5.03,5.15,5.0,5.15,16226.0,5.03,0.0,5.15,5.0,5.15,1.0,16226.0
2017-01-05,5.16,5.19,5.0,5.05,40276.0,5.16,0.0,5.19,5.0,5.05,1.0,40276.0
2017-01-04,5.05,5.05,4.85,4.97,96277.0,5.05,0.0,5.05,4.85,4.97,1.0,96277.0
2017-01-03,4.93,5.0,4.89,5.0,9679.0,4.93,0.0,5.0,4.89,5.0,1.0,9679.0
2016-12-30,4.99,5.0,4.89,4.98,31794.0,4.99,0.0,5.0,4.89,4.98,1.0,31794.0
2016-12-29,5.0,5.0,4.8985,5.0,6134.0,5.0,0.0,5.0,4.8985,5.0,1.0,6134.0
2016-12-28,4.99,5.0,4.88,5.0,16884.0,4.99,0.0,5.0,4.88,5.0,1.0,16884.0
2016-12-27,4.97,5.0,4.92,4.92,11567.0,4.97,0.0,5.0,4.92,4.92,1.0,11567.0
2016-12-23,4.96,4.98,4.87,4.88,18443.0,4.96,0.0,4.98,4.87,4.88,1.0,18443.0
2016-12-22,4.85,4.96,4.81,4.92,14234.0,4.85,0.0,4.96,4.81,4.92,1.0,14234.0
2016-12-21,4.92,4.98,4.8801,4.96,13586.0,4.92,0.0,4.98,4.8801,4.96,1.0,13586.0
2016-12-20,5.0,5.0,4.95,4.95,25269.0,5.0,0.0,5.0,4.95,4.95,1.0,25269.0
2016-12-19,4.99,5.0,4.85,4.95,24898.0,4.99,0.0,5.0,4.85,4.95,1.0,24898.0
2016-12-16,4.9,5.0,4.89,4.89,65630.0,4.9,0.0,5.0,4.89,4.89,1.0,65630.0
2016-12-15,4.86,4.96,4.48,4.83,43098.0,4.86,0.0,4.96,4.48,4.83,1.0,43098.0
2016-12-14,4.79,5.0499,4.7,4.77,51613.0,4.79,0.0,5.0499,4.7,4.77,1.0,51613.0
2016-12-13,4.83,4.97,4.75,4.96,36961.0,4.83,0.0,4.97,4.75,4.96,1.0,36961.0
2016-12-12,4.99,5.0,4.8,4.9,37297.0,4.99,0.0,5.0,4.8,4.9,1.0,37297.0
2016-12-09,4.9,4.98,4.6,4.85,85166.0,4.9,0.0,4.98,4.6,4.85,1.0,85166.0
2016-12-08,4.78,4.86,4.61,4.61,76294.0,4.78,0.0,4.86,4.61,4.61,1.0,76294.0
2016-12-07,4.65,4.77,4.37,4.39,69230.0,4.65,0.0,4.77,4.37,4.39,1.0,69230.0
2016-12-06,4.41,4.47,4.25,4.43,78265.0,4.41,0.0,4.47,4.25,4.43,1.0,78265.0
2016-12-05,4.47,4.63,4.4,4.5711,135958.0,4.47,0.0,4.63,4.4,4.5711,1.0,135958.0
2016-12-02,4.65,4.96,4.45,4.77,90583.0,4.65,0.0,4.96,4.45,4.77,1.0,90583.0
2016-12-01,4.81,5.039,4.8,4.94,29266.0,4.81,0.0,5.039,4.8,4.94,1.0,29266.0
2016-11-30,4.98,5.13,4.97,5.0,33087.0,4.98,0.0,5.13,4.97,5.0,1.0,33087.0
2016-11-29,5.03,5.13,4.96,4.99,68586.0,5.03,0.0,5.13,4.96,4.99,1.0,68586.0
2016-11-28,4.99,5.0,4.91,4.91,34025.0,4.99,0.0,5.0,4.91,4.91,1.0,34025.0
2016-11-25,4.97,5.0,4.74,4.8,18848.0,4.97,0.0,5.0,4.74,4.8,1.0,18848.0
2016-11-23,4.85,5.0,4.6,4.98,65686.0,4.85,0.0,5.0,4.6,4.98,1.0,65686.0
2016-11-22,4.98,5.13,4.91,5.09,39663.0,4.98,0.0,5.13,4.91,5.09,1.0,39663.0
2016-11-21,5.04,5.13,4.94,5.13,28712.0,5.04,0.0,5.13,4.94,5.13,1.0,28712.0
2016-11-18,5.0,5.06,4.98,5.06,28966.0,5.0,0.0,5.06,4.98,5.06,1.0,28966.0
2016-11-17,5.03,5.16,5.0,5.04,37204.0,5.03,0.0,5.16,5.0,5.04,1.0,37204.0
2016-11-16,5.03,5.0927,4.97,5.0,27134.0,5.03,0.0,5.0927,4.97,5.0,1.0,27134.0
2016-11-15,5.0,5.22,4.73,5.07,35747.0,5.0,0.0,5.22,4.73,5.07,1.0,35747.0
2016-11-14,5.02,5.02,4.87,5.0,42773.0,5.02,0.0,5.02,4.87,5.0,1.0,42773.0
2016-11-11,4.95,4.95,4.8,4.9,76284.0,4.95,0.0,4.95,4.8,4.9,1.0,76284.0
2016-11-10,4.9,5.35,4.77,5.35,180762.0,4.9,0.0,5.35,4.77,5.35,1.0,180762.0
2016-11-09,5.51,5.51,4.9685,5.1161,41043.0,5.51,0.0,5.51,4.9685,5.1161,1.0,41043.0
2016-11-08,5.15,5.35,5.08,5.3,8879.0,5.15,0.0,5.35,5.08,5.3,1.0,8879.0
2016-11-07,5.25,5.29,5.01,5.01,16587.0,5.25,0.0,5.29,5.01,5.01,1.0,16587.0
2016-11-04,4.97,5.17,4.945,5.17,9614.0,4.97,0.0,5.17,4.945,5.17,1.0,9614.0
2016-11-03,4.96,5.11,4.95,5.11,8886.0,4.96,0.0,5.11,4.95,5.11,1.0,8886.0
2016-11-02,5.07,5.13,4.94,5.06,12252.0,5.07,0.0,5.13,4.94,5.06,1.0,12252.0
2016-11-01,5.05,5.37,5.05,5.37,15346.0,5.05,0.0,5.37,5.05,5.37,1.0,15346.0
2016-10-31,5.18,5.23,4.941,5.23,26266.0,5.18,0.0,5.23,4.941,5.23,1.0,26266.0
2016-10-28,5.02,5.09,4.9732,5.06,10625.0,5.02,0.0,5.09,4.9732,5.06,1.0,10625.0
2016-10-27,5.01,5.07,4.96,4.96,14052.0,5.01,0.0,5.07,4.96,4.96,1.0,14052.0
2016-10-26,5.02,5.04,4.97,5.031,12881.0,5.02,0.0,5.04,4.97,5.031,1.0,12881.0
2016-10-25,5.11,5.16,5.07,5.16,7010.0,5.11,0.0,5.16,5.07,5.16,1.0,7010.0
2016-10-24,5.09,5.17,5.02,5.15,20637.0,5.09,0.0,5.17,5.02,5.15,1.0,20637.0
2016-10-21,5.09,5.15,5.07,5.1,5884.0,5.09,0.0,5.15,5.07,5.1,1.0,5884.0
2016-10-20,5.16,5.24,5.1352,5.16,11153.0,5.16,0.0,5.24,5.1352,5.16,1.0,11153.0
2016-10-19,5.17,5.19,5.08,5.08,4679.0,5.17,0.0,5.19,5.08,5.08,1.0,4679.0
2016-10-18,5.12,5.2317,5.08,5.2,21185.0,5.12,0.0,5.2317,5.08,5.2,1.0,21185.0
2016-10-17,5.2,5.25,5.1591,5.17,19628.0,5.2,0.0,5.25,5.1591,5.17,1.0,19628.0
2016-10-14,5.28,5.31,5.26,5.3,14148.0,5.28,0.0,5.31,5.26,5.3,1.0,14148.0
2016-10-13,5.32,5.37,5.31,5.37,6457.0,5.32,0.0,5.37,5.31,5.37,1.0,6457.0
2016-10-12,5.36,5.49,5.29,5.48,5002.0,5.36,0.0,5.49,5.29,5.48,1.0,5002.0
2016-10-11,5.34,5.53,5.27,5.53,18288.0,5.34,0.0,5.53,5.27,5.53,1.0,18288.0
2016-10-10,5.5,5.55,5.47,5.48,5593.0,5.5,0.0,5.55,5.47,5.48,1.0,5593.0
2016-10-07,5.38,5.44,5.35,5.44,6202.0,5.38,0.0,5.44,5.35,5.44,1.0,6202.0
2016-10-06,5.41,5.44,5.37,5.44,4828.0,5.41,0.0,5.44,5.37,5.44,1.0,4828.0
2016-10-05,5.37,5.39,5.3363,5.37,15371.0,5.37,0.0,5.39,5.3363,5.37,1.0,15371.0
2016-10-04,5.31,5.46,5.28,5.46,8775.0,5.31,0.0,5.46,5.28,5.46,1.0,8775.0
2016-10-03,5.42,5.46,5.38,5.43,7494.0,5.42,0.0,5.46,5.38,5.43,1.0,7494.0
2016-09-30,5.43,5.45,5.3104,5.3222,31640.0,5.43,0.0,5.45,5.3104,5.3222,1.0,31640.0
2016-09-29,5.4,5.46,5.33,5.33,9169.0,5.4,0.0,5.46,5.33,5.33,1.0,9169.0
2016-09-28,5.42,5.43,5.03,5.37,47745.0,5.42,0.0,5.43,5.03,5.37,1.0,47745.0
2016-09-27,5.42,5.539,5.4,5.539,11943.0,5.42,0.0,5.539,5.4,5.539,1.0,11943.0
2016-09-26,5.48,5.71,5.47,5.71,13674.0,5.48,0.0,5.71,5.47,5.71,1.0,13674.0
2016-09-23,5.56,5.7,5.55,5.7,34804.0,5.56,0.0,5.7,5.55,5.7,1.0,34804.0
2016-09-22,5.67,5.8552,5.4547,5.4547,79536.0,5.67,0.0,5.8552,5.4547,5.4547,1.0,79536.0
2016-09-21,5.38,5.44,5.295,5.35,10639.0,5.38,0.0,5.44,5.295,5.35,1.0,10639.0
2016-09-20,5.32,5.3567,5.3096,5.32,4821.0,5.32,0.0,5.3567,5.3096,5.32,1.0,4821.0
2016-09-19,5.32,5.33,5.277,5.33,5861.0,5.32,0.0,5.33,5.277,5.33,1.0,5861.0
2016-09-16,5.28,5.3,5.28,5.28,33435.0,5.28,0.0,5.3,5.28,5.28,1.0,33435.0
2016-09-15,5.27,5.29,5.2,5.2,12946.0,5.27,0.0,5.29,5.2,5.2,1.0,12946.0
2016-09-14,5.15,5.3,5.09,5.2,18170.0,5.15,0.0,5.3,5.09,5.2,1.0,18170.0
2016-09-13,5.25,5.34,5.18,5.31,41151.0,5.25,0.0,5.34,5.18,5.31,1.0,41151.0
2016-09-12,5.38,5.39,5.32,5.33,24846.0,5.38,0.0,5.39,5.32,5.33,1.0,24846.0
2016-09-09,5.42,5.53,5.27,5.3112,33170.0,5.42,0.0,5.53,5.27,5.3112,1.0,33170.0
2016-09-08,5.37,5.38,5.12,5.12,18197.0,5.37,0.0,5.38,5.12,5.12,1.0,18197.0
2016-09-07,5.05,5.11,4.901,4.901,44033.0,5.05,0.0,5.11,4.901,4.901,1.0,44033.0
2016-09-06,4.88,4.91,4.64,4.65,94300.0,4.88,0.0,4.91,4.64,4.65,1.0,94300.0
2016-09-02,4.7,4.79,4.5,4.74,591684.0,4.7,0.0,4.79,4.5,4.74,1.0,591684.0
2016-09-01,4.69,4.78,4.6,4.78,19149.0,4.69,0.0,4.78,4.6,4.78,1.0,19149.0
2016-08-31,4.81,4.84,4.75,4.76,8478.0,4.81,0.0,4.84,4.75,4.76,1.0,8478.0
2016-08-30,4.8,4.87,4.79,4.87,11216.0,4.8,0.0,4.87,4.79,4.87,1.0,11216.0
2016-08-29,4.81,4.88,4.59,4.59,14252.0,4.81,0.0,4.88,4.59,4.59,1.0,14252.0
2016-08-26,4.63,4.64,4.59,4.59,3318.0,4.63,0.0,4.64,4.59,4.59,1.0,3318.0
2016-08-25,4.61,4.72,4.6,4.69,1984.0,4.61,0.0,4.72,4.6,4.69,1.0,1984.0
2016-08-24,4.65,4.78,4.6,4.74,44626.0,4.65,0.0,4.78,4.6,4.74,1.0,44626.0
2016-08-23,4.74,4.83,4.72,4.82,31792.0,4.74,0.0,4.83,4.72,4.82,1.0,31792.0
2016-08-22,4.9,4.9,4.75,4.77,30068.0,4.9,0.0,4.9,4.75,4.77,1.0,30068.0
2016-08-19,4.77,4.84,4.731,4.8,20735.0,4.77,0.0,4.84,4.731,4.8,1.0,20735.0
2016-08-18,4.79,4.795,4.68,4.7038,18893.0,4.79,0.0,4.795,4.68,4.7038,1.0,18893.0
2016-08-17,4.68,4.71,4.63,4.68,6089.0,4.68,0.0,4.71,4.63,4.68,1.0,6089.0
2016-08-16,4.69,4.72,4.68,4.707,21320.0,4.69,0.0,4.72,4.68,4.707,1.0,21320.0
2016-08-15,4.76,4.82,4.65,4.79,20709.0,4.76,0.0,4.82,4.65,4.79,1.0,20709.0
2016-08-12,4.82,4.9292,4.63,4.63,18561.0,4.82,0.0,4.9292,4.63,4.63,1.0,18561.0
2016-08-11,4.89,4.95,4.68,4.68,19071.0,4.89,0.0,4.95,4.68,4.68,1.0,19071.0
2016-08-10,4.67,4.76,4.67,4.76,7122.0,4.67,0.0,4.76,4.67,4.76,1.0,7122.0
2016-08-09,4.78,4.8025,4.73,4.8025,10231.0,4.78,0.0,4.8025,4.73,4.8025,1.0,10231.0
2016-08-08,4.72,4.741,4.72,4.72,8017.0,4.72,0.0,4.741,4.72,4.72,1.0,8017.0
2016-08-05,4.72,4.7789,4.7,4.72,26166.0,4.72,0.0,4.7789,4.7,4.72,1.0,26166.0
2016-08-04,4.75,4.87,4.71,4.87,18413.0,4.75,0.0,4.87,4.71,4.87,1.0,18413.0
2016-08-03,4.87,4.87,4.79,4.79,5649.0,4.87,0.0,4.87,4.79,4.79,1.0,5649.0
2016-08-02,4.87,4.8999,4.87,4.87,5812.0,4.87,0.0,4.8999,4.87,4.87,1.0,5812.0
2016-08-01,4.84,4.91,4.77,4.845,16820.0,4.84,0.0,4.91,4.77,4.845,1.0,16820.0
2016-07-29,4.84,4.97,4.82,4.97,36962.0,4.84,0.0,4.97,4.82,4.97,1.0,36962.0
2016-07-28,4.93,4.98,4.83,4.83,10855.0,4.93,0.0,4.98,4.83,4.83,1.0,10855.0
2016-07-27,4.85,4.885,4.82,4.8211,5659.0,4.85,0.0,4.885,4.82,4.8211,1.0,5659.0
2016-07-26,4.88,4.95,4.85,4.95,3968.0,4.88,0.0,4.95,4.85,4.95,1.0,3968.0
2016-07-25,4.74,4.83,4.6411,4.83,23380.0,4.74,0.0,4.83,4.6411,4.83,1.0,23380.0
2016-07-22,4.85,4.96,4.84,4.92,21675.0,4.85,0.0,4.96,4.84,4.92,1.0,21675.0
2016-07-21,4.83,4.89,4.83,4.89,11057.0,4.83,0.0,4.89,4.83,4.89,1.0,11057.0
2016-07-20,4.93,4.95,4.88,4.94,10177.0,4.93,0.0,4.95,4.88,4.94,1.0,10177.0
2016-07-19,4.95,4.99,4.87,4.97,8309.0,4.95,0.0,4.99,4.87,4.97,1.0,8309.0
2016-07-18,4.97,5.0,4.87,4.98,13426.0,4.97,0.0,5.0,4.87,4.98,1.0,13426.0
2016-07-15,4.94,4.95,4.87,4.91,11342.0,4.94,0.0,4.95,4.87,4.91,1.0,11342.0
2016-07-14,4.88,4.91,4.86,4.89,5469.0,4.88,0.0,4.91,4.86,4.89,1.0,5469.0
2016-07-13,4.9,4.97,4.88,4.92,17332.0,4.9,0.0,4.97,4.88,4.92,1.0,17332.0
2016-07-12,4.95,4.99,4.81,4.81,14399.0,4.95,0.0,4.99,4.81,4.81,1.0,14399.0
2016-07-11,4.82,4.93,4.71,4.71,17098.0,4.82,0.0,4.93,4.71,4.71,1.0,17098.0
2016-07-08,4.74,4.76,4.55,4.56,26930.0,4.74,0.0,4.76,4.55,4.56,1.0,26930.0
2016-07-07,4.54,4.58,4.53,4.56,10871.0,4.54,0.0,4.58,4.53,4.56,1.0,10871.0
2016-07-06,4.53,4.54,4.43,4.43,47286.0,4.53,0.0,4.54,4.43,4.43,1.0,47286.0
2016-07-05,4.43,4.54,4.43,4.46,23148.0,4.43,0.0,4.54,4.43,4.46,1.0,23148.0
2016-07-01,4.5,4.55,4.48,4.48,15125.0,4.5,0.0,4.55,4.48,4.48,1.0,15125.0
2016-06-30,4.51,4.55,4.4,4.4,31825.0,4.51,0.0,4.55,4.4,4.4,1.0,31825.0
2016-06-29,4.47,4.49,4.4,4.42,37084.0,4.47,0.0,4.49,4.4,4.42,1.0,37084.0
2016-06-28,4.44,4.51,4.4,4.41,28382.0,4.44,0.0,4.51,4.4,4.41,1.0,28382.0
2016-06-27,4.4,4.6,4.39,4.53,41922.0,4.4,0.0,4.6,4.39,4.53,1.0,41922.0
2016-06-24,4.6,4.64,4.51,4.52,162277.0,4.6,0.0,4.64,4.51,4.52,1.0,162277.0
2016-06-23,4.6,4.61,4.55,4.59,40965.0,4.6,0.0,4.61,4.55,4.59,1.0,40965.0
2016-06-22,4.58,4.6,4.55,4.6,29905.0,4.58,0.0,4.6,4.55,4.6,1.0,29905.0
2016-06-21,4.58,4.66,4.57,4.63,10252.0,4.58,0.0,4.66,4.57,4.63,1.0,10252.0
2016-06-20,4.65,4.7,4.63,4.64,22565.0,4.65,0.0,4.7,4.63,4.64,1.0,22565.0
2016-06-17,4.55,4.7,4.54,4.7,56043.0,4.55,0.0,4.7,4.54,4.7,1.0,56043.0
2016-06-16,4.71,4.8,4.64,4.8,8847.0,4.71,0.0,4.8,4.64,4.8,1.0,8847.0
2016-06-15,4.62,4.62,4.5301,4.62,29553.0,4.62,0.0,4.62,4.5301,4.62,1.0,29553.0
2016-06-14,4.56,4.63,4.46,4.59,40417.0,4.56,0.0,4.63,4.46,4.59,1.0,40417.0
2016-06-13,4.64,4.66,4.64,4.64,10696.0,4.64,0.0,4.66,4.64,4.64,1.0,10696.0
2016-06-10,4.63,4.69,4.58,4.58,9557.0,4.63,0.0,4.69,4.58,4.58,1.0,9557.0
2016-06-09,4.57,4.64,4.5398,4.57,11996.0,4.57,0.0,4.64,4.5398,4.57,1.0,11996.0
2016-06-08,4.64,4.65,4.57,4.6,18061.0,4.64,0.0,4.65,4.57,4.6,1.0,18061.0
2016-06-07,4.62,4.66,4.6,4.65,7213.0,4.62,0.0,4.66,4.6,4.65,1.0,7213.0
2016-06-06,4.65,4.69,4.63,4.63,9759.0,4.65,0.0,4.69,4.63,4.63,1.0,9759.0
2016-06-03,4.68,4.75,4.61,4.61,19457.0,4.68,0.0,4.75,4.61,4.61,1.0,19457.0
2016-06-02,4.68,4.68,4.53,4.53,10474.0,4.68,0.0,4.68,4.53,4.53,1.0,10474.0
2016-06-01,4.53,4.57,4.51,4.57,20797.0,4.53,0.0,4.57,4.51,4.57,1.0,20797.0
2016-05-31,4.61,4.67,4.53,4.67,10584.0,4.61,0.0,4.67,4.53,4.67,1.0,10584.0
2016-05-27,4.64,4.7,4.55,4.62,21649.0,4.64,0.0,4.7,4.55,4.62,1.0,21649.0
2016-05-26,4.63,4.68,4.59,4.66,12267.0,4.63,0.0,4.68,4.59,4.66,1.0,12267.0
2016-05-25,4.67,4.68,4.58,4.59,15195.0,4.67,0.0,4.68,4.58,4.59,1.0,15195.0
2016-05-24,4.61,4.61,4.54,4.54,23562.0,4.61,0.0,4.61,4.54,4.54,1.0,23562.0
2016-05-23,4.53,4.59,4.51,4.52,11362.0,4.53,0.0,4.59,4.51,4.52,1.0,11362.0
2016-05-20,4.52,4.58,4.48,4.53,15296.0,4.52,0.0,4.58,4.48,4.53,1.0,15296.0
2016-05-19,4.5,4.52,4.31,4.38,45190.0,4.5,0.0,4.52,4.31,4.38,1.0,45190.0
2016-05-18,4.33,4.41,4.19,4.25,67105.0,4.33,0.0,4.41,4.19,4.25,1.0,67105.0
2016-05-17,4.11,4.27,4.05,4.27,29629.0,4.11,0.0,4.27,4.05,4.27,1.0,29629.0
2016-05-16,4.25,4.3,4.2,4.23,11592.0,4.25,0.0,4.3,4.2,4.23,1.0,11592.0
2016-05-13,4.23,4.3099,4.21,4.24,27040.0,4.23,0.0,4.3099,4.21,4.24,1.0,27040.0
2016-05-12,4.24,4.29,4.2,4.22,15079.0,4.24,0.0,4.29,4.2,4.22,1.0,15079.0
2016-05-11,4.21,4.33,4.2,4.25,21727.0,4.21,0.0,4.33,4.2,4.25,1.0,21727.0
2016-05-10,4.27,4.3,4.14,4.2999,15939.0,4.27,0.0,4.3,4.14,4.2999,1.0,15939.0
2016-05-09,4.3,4.37,3.97,4.25,11870.0,4.3,0.0,4.37,3.97,4.25,1.0,11870.0
2016-05-06,4.25,4.25,4.16,4.25,14396.0,4.25,0.0,4.25,4.16,4.25,1.0,14396.0
2016-05-05,4.19,4.4501,4.19,4.44,62181.0,4.19,0.0,4.4501,4.19,4.44,1.0,62181.0
2016-05-04,4.49,4.6,4.49,4.551,15304.0,4.49,0.0,4.6,4.49,4.551,1.0,15304.0
2016-05-03,4.53,4.6899,4.51,4.6899,11031.0,4.53,0.0,4.6899,4.51,4.6899,1.0,11031.0
2016-05-02,4.67,4.69,4.505,4.55,25481.0,4.67,0.0,4.69,4.505,4.55,1.0,25481.0
2016-04-29,4.55,4.65,4.52,4.58,29121.0,4.55,0.0,4.65,4.52,4.58,1.0,29121.0
2016-04-28,4.58,4.63,4.57,4.5765,19268.0,4.58,0.0,4.63,4.57,4.5765,1.0,19268.0
2016-04-27,4.69,4.76,4.61,4.67,23012.0,4.69,0.0,4.76,4.61,4.67,1.0,23012.0
2016-04-26,4.76,4.83,4.41,4.64,21928.0,4.76,0.0,4.83,4.41,4.64,1.0,21928.0
2016-04-25,4.6,4.63,4.41,4.41,16243.0,4.6,0.0,4.63,4.41,4.41,1.0,16243.0
2016-04-22,4.45,4.51,4.4,4.4,27114.0,4.45,0.0,4.51,4.4,4.4,1.0,27114.0
2016-04-21,4.38,4.53,4.31,4.39,33237.0,4.38,0.0,4.53,4.31,4.39,1.0,33237.0
2016-04-20,4.42,4.52,4.331,4.331,14852.0,4.42,0.0,4.52,4.331,4.331,1.0,14852.0
2016-04-19,4.49,4.54,4.42,4.44,15742.0,4.49,0.0,4.54,4.42,4.44,1.0,15742.0
2016-04-18,4.43,4.4999,4.37,4.452,14236.0,4.43,0.0,4.4999,4.37,4.452,1.0,14236.0
2016-04-15,4.44,4.49,4.2744,4.37,16491.0,4.44,0.0,4.49,4.2744,4.37,1.0,16491.0
2016-04-14,4.4,4.48,4.0,4.0,63081.0,4.4,0.0,4.48,4.0,4.0,1.0,63081.0
2016-04-13,4.01,4.17,3.97,4.03,233358.0,4.01,0.0,4.17,3.97,4.03,1.0,233358.0
2016-04-12,3.99,4.18,3.96,4.11,54992.0,3.99,0.0,4.18,3.96,4.11,1.0,54992.0
2016-04-11,4.08,4.19,4.03,4.04,21750.0,4.08,0.0,4.19,4.03,4.04,1.0,21750.0
2016-04-08,4.04,4.14,4.01,4.06,33713.0,4.04,0.0,4.14,4.01,4.06,1.0,33713.0
2016-04-07,4.06,4.17,4.05,4.1,12983.0,4.06,0.0,4.17,4.05,4.1,1.0,12983.0
2016-04-06,4.14,4.2,4.12,4.16,27801.0,4.14,0.0,4.2,4.12,4.16,1.0,27801.0
2016-04-05,4.14,4.24,4.1,4.16,18069.0,4.14,0.0,4.24,4.1,4.16,1.0,18069.0
2016-04-04,4.18,4.22,4.12,4.2,28452.0,4.18,0.0,4.22,4.12,4.2,1.0,28452.0
2016-04-01,4.18,4.37,4.11,4.3,50252.0,4.18,0.0,4.37,4.11,4.3,1.0,50252.0
2016-03-31,4.27,4.41,4.27,4.35,27602.0,4.27,0.0,4.41,4.27,4.35,1.0,27602.0
2016-03-30,4.37,4.56,4.2602,4.42,12475.0,4.37,0.0,4.56,4.2602,4.42,1.0,12475.0
2016-03-29,4.37,4.59,4.36,4.38,44996.0,4.37,0.0,4.59,4.36,4.38,1.0,44996.0
2016-03-28,4.4,4.45,4.32,4.32,17177.0,4.4,0.0,4.45,4.32,4.32,1.0,17177.0
2016-03-24,4.32,4.35,4.23,4.28,12704.0,4.32,0.0,4.35,4.23,4.28,1.0,12704.0
2016-03-23,4.3,4.438,4.25,4.4,19497.0,4.3,0.0,4.438,4.25,4.4,1.0,19497.0
2016-03-22,4.43,4.47,4.3,4.34,12245.0,4.43,0.0,4.47,4.3,4.34,1.0,12245.0
2016-03-21,4.37,4.46,4.34,4.4,15392.0,4.37,0.0,4.46,4.34,4.4,1.0,15392.0
2016-03-18,4.39,4.46,4.27,4.42,54623.0,4.39,0.0,4.46,4.27,4.42,1.0,54623.0
2016-03-17,4.39,4.42,4.31,4.4,9444.0,4.39,0.0,4.42,4.31,4.4,1.0,9444.0
2016-03-16,4.41,4.45,4.31,4.35,13873.0,4.41,0.0,4.45,4.31,4.35,1.0,13873.0
2016-03-15,4.37,4.54,4.37,4.47,9071.0,4.37,0.0,4.54,4.37,4.47,1.0,9071.0
2016-03-14,4.51,4.55,4.41,4.47,14481.0,4.51,0.0,4.55,4.41,4.47,1.0,14481.0
2016-03-11,4.5,4.5,4.34,4.39,39870.0,4.5,0.0,4.5,4.34,4.39,1.0,39870.0
2016-03-10,4.36,4.48,4.265,4.48,42210.0,4.36,0.0,4.48,4.265,4.48,1.0,42210.0
2016-03-09,4.5,4.53,4.4,4.49,11776.0,4.5,0.0,4.53,4.4,4.49,1.0,11776.0
2016-03-08,4.45,4.64,4.42,4.54,27994.0,4.45,0.0,4.64,4.42,4.54,1.0,27994.0
2016-03-07,4.59,4.7689,4.55,4.69,30681.0,4.59,0.0,4.7689,4.55,4.69,1.0,30681.0
2016-03-04,4.73,4.75,4.1701,4.1701,63163.0,4.73,0.0,4.75,4.1701,4.1701,1.0,63163.0
2016-03-03,4.67,4.989,4.554,4.66,57325.0,4.67,0.0,4.989,4.554,4.66,1.0,57325.0
2016-03-02,4.55,4.67,4.35,4.39,47942.0,4.55,0.0,4.67,4.35,4.39,1.0,47942.0
2016-03-01,4.43,4.443,4.3,4.4,20245.0,4.43,0.0,4.443,4.3,4.4,1.0,20245.0
2016-02-29,4.44,4.5,4.36,4.36,25897.0,4.44,0.0,4.5,4.36,4.36,1.0,25897.0
2016-02-26,4.38,4.45,4.29,4.31,14321.0,4.38,0.0,4.45,4.29,4.31,1.0,14321.0
2016-02-25,4.31,4.31,4.1499,4.24,18963.0,4.31,0.0,4.31,4.1499,4.24,1.0,18963.0
2016-02-24,4.23,4.23,3.97,4.02,20258.0,4.23,0.0,4.23,3.97,4.02,1.0,20258.0
2016-02-23,4.07,4.39,4.07,4.23,46967.0,4.07,0.0,4.39,4.07,4.23,1.0,46967.0
2016-02-22,4.25,4.27,3.98,3.98,87170.0,4.25,0.0,4.27,3.98,3.98,1.0,87170.0
2016-02-19,3.96,4.0,3.9356,3.97,11724.0,3.96,0.0,4.0,3.9356,3.97,1.0,11724.0
2016-02-18,3.97,4.14,3.9,4.02,48438.0,3.97,0.0,4.14,3.9,4.02,1.0,48438.0
2016-02-17,4.03,4.06,3.872,3.91,57955.0,4.03,0.0,4.06,3.872,3.91,1.0,57955.0
2016-02-16,3.9,4.05,3.87,3.93,29994.0,3.9,0.0,4.05,3.87,3.93,1.0,29994.0
2016-02-12,3.9,3.94,3.68,3.68,25264.0,3.9,0.0,3.94,3.68,3.68,1.0,25264.0
2016-02-11,3.67,3.78,3.43,3.61,67272.0,3.67,0.0,3.78,3.43,3.61,1.0,67272.0
2016-02-10,3.68,3.8892,3.67,3.84,57829.0,3.68,0.0,3.8892,3.67,3.84,1.0,57829.0
2016-02-09,3.8,4.07,3.7701,3.84,29515.0,3.8,0.0,4.07,3.7701,3.84,1.0,29515.0
2016-02-08,3.87,4.22,3.81,4.13,66127.0,3.87,0.0,4.22,3.81,4.13,1.0,66127.0
2016-02-05,4.16,4.49,4.15,4.33,42548.0,4.16,0.0,4.49,4.15,4.33,1.0,42548.0
2016-02-04,4.39,4.5,4.355,4.47,11213.0,4.39,0.0,4.5,4.355,4.47,1.0,11213.0
2016-02-03,4.49,4.51,4.13,4.41,51885.0,4.49,0.0,4.51,4.13,4.41,1.0,51885.0
2016-02-02,4.39,4.57,4.39,4.47,38644.0,4.39,0.0,4.57,4.39,4.47,1.0,38644.0
2016-02-01,4.53,4.57,4.41,4.47,14582.0,4.53,0.0,4.57,4.41,4.47,1.0,14582.0
2016-01-29,4.5,4.54,4.37,4.4,23086.0,4.5,0.0,4.54,4.37,4.4,1.0,23086.0
2016-01-28,4.38,4.49,4.36,4.46,10143.0,4.38,0.0,4.49,4.36,4.46,1.0,10143.0
2016-01-27,4.42,4.67,4.4,4.62,39363.0,4.42,0.0,4.67,4.4,4.62,1.0,39363.0
2016-01-26,4.62,4.66,4.4501,4.51,32769.0,4.62,0.0,4.66,4.4501,4.51,1.0,32769.0
2016-01-25,4.49,4.68,4.46,4.57,42098.0,4.49,0.0,4.68,4.46,4.57,1.0,42098.0
2016-01-22,4.58,4.61,4.11,4.3,84875.0,4.58,0.0,4.61,4.11,4.3,1.0,84875.0
2016-01-21,4.3,4.4399,4.03,4.16,145092.0,4.3,0.0,4.4399,4.03,4.16,1.0,145092.0
2016-01-20,4.19,4.2299,3.92,4.2,100093.0,4.19,0.0,4.2299,3.92,4.2,1.0,100093.0
2016-01-19,4.28,4.54,4.14,4.48,56107.0,4.28,0.0,4.54,4.14,4.48,1.0,56107.0
2016-01-15,4.44,4.51,4.25,4.41,72754.0,4.44,0.0,4.51,4.25,4.41,1.0,72754.0
2016-01-14,4.54,4.62,4.47,4.55,27649.0,4.54,0.0,4.62,4.47,4.55,1.0,27649.0
2016-01-13,4.54,4.71,4.45,4.65,72212.0,4.54,0.0,4.71,4.45,4.65,1.0,72212.0
2016-01-12,4.68,4.78,4.51,4.62,69414.0,4.68,0.0,4.78,4.51,4.62,1.0,69414.0
2016-01-11,4.62,4.7,4.53,4.68,62955.0,4.62,0.0,4.7,4.53,4.68,1.0,62955.0
2016-01-08,4.69,4.82,4.67,4.8,30727.0,4.69,0.0,4.82,4.67,4.8,1.0,30727.0
2016-01-07,4.78,5.03,4.77,4.85,28494.0,4.78,0.0,5.03,4.77,4.85,1.0,28494.0
2016-01-06,4.91,5.06,4.87,4.92,26512.0,4.91,0.0,5.06,4.87,4.92,1.0,26512.0
2016-01-05,5.04,5.05,4.84,4.85,33935.0,5.04,0.0,5.05,4.84,4.85,1.0,33935.0
2016-01-04,4.83,4.9499,4.76,4.88,67383.0,4.83,0.0,4.9499,4.76,4.88,1.0,67383.0
