,adj_close,adj_high,adj_low,adj_open,adj_volume,close,ex_dividend,high,low,open,split_ratio,volume
2017-02-10,12.5,13.1,12.5,13.1,1450.0,12.5,0.0,13.1,12.5,13.1,1.0,1450.0
2017-02-09,12.472,13.0,12.24,12.5503,2367.0,12.472,0.0,13.0,12.24,12.5503,1.0,2367.0
2017-02-08,12.97,13.17,12.7101,13.17,5137.0,12.97,0.0,13.17,12.7101,13.17,1.0,5137.0
2017-02-07,13.015,13.28,12.98,13.0,9131.0,13.015,0.0,13.28,12.98,13.0,1.0,9131.0
2017-02-06,13.1,13.25,13.0,13.19,6211.0,13.1,0.0,13.25,13.0,13.19,1.0,6211.0
2017-02-03,13.2,14.375,13.0,13.0,9593.0,13.2,0.0,14.375,13.0,13.0,1.0,9593.0
2017-02-02,13.08,13.97,12.9797,13.25,11620.0,13.08,0.0,13.97,12.9797,13.25,1.0,11620.0
2017-02-01,13.0,13.0,12.75,12.8,3134.0,13.0,0.0,13.0,12.75,12.8,1.0,3134.0
2017-01-31,13.0,13.25,12.83,13.09,3796.0,13.0,0.0,13.25,12.83,13.09,1.0,3796.0
2017-01-30,13.1407,13.7,13.1255,13.2,2664.0,13.1407,0.0,13.7,13.1255,13.2,1.0,2664.0
2017-01-27,13.06,13.25,12.9753,13.25,2486.0,13.06,0.0,13.25,12.9753,13.25,1.0,2486.0
2017-01-26,13.5,14.0,13.25,13.72,3005.0,13.5,0.0,14.0,13.25,13.72,1.0,3005.0
2017-01-25,13.77,14.34,13.5601,14.34,1245.0,13.77,0.0,14.34,13.5601,14.34,1.0,1245.0
2017-01-24,14.43,15.0,14.4,14.493,7795.0,14.43,0.0,15.0,14.4,14.493,1.0,7795.0
2017-01-23,14.39,14.81,12.47,13.05,4510.0,14.39,0.0,14.81,12.47,13.05,1.0,4510.0
2017-01-20,14.7191,14.97,14.5401,14.7363,1675.0,14.7191,0.0,14.97,14.5401,14.7363,1.0,1675.0
2017-01-19,15.31,15.4047,14.59,15.09,2678.0,15.31,0.0,15.4047,14.59,15.09,1.0,2678.0
2017-01-18,15.64,15.6888,14.5,15.46,2026.0,15.64,0.0,15.6888,14.5,15.46,1.0,2026.0
2017-01-17,15.0895,16.9899,14.8092,16.4645,9606.0,15.0895,0.0,16.9899,14.8092,16.4645,1.0,9606.0
2017-01-13,16.5,17.4848,16.5,17.0,2526.0,16.5,0.0,17.4848,16.5,17.0,1.0,2526.0
2017-01-12,17.14,17.61,16.46,17.61,2517.0,17.14,0.0,17.61,16.46,17.61,1.0,2517.0
2017-01-11,17.72,18.52,17.0248,17.7,4667.0,17.72,0.0,18.52,17.0248,17.7,1.0,4667.0
2017-01-10,16.14,16.14,15.2001,15.5,2066.0,16.14,0.0,16.14,15.2001,15.5,1.0,2066.0
2017-01-09,15.61,16.77,14.43,16.77,13359.0,15.61,0.0,16.77,14.43,16.77,1.0,13359.0
2017-01-06,17.31,19.0,17.31,18.8,5758.0,17.31,0.0,19.0,17.31,18.8,1.0,5758.0
2017-01-05,19.4006,19.9545,19.27,19.3001,5211.0,19.4006,0.0,19.9545,19.27,19.3001,1.0,5211.0
2017-01-04,19.35,19.78,17.93,18.8,7667.0,19.35,0.0,19.78,17.93,18.8,1.0,7667.0
2017-01-03,17.25,21.8775,15.0864,15.56,45279.0,17.25,0.0,21.8775,15.0864,15.56,1.0,45279.0
2016-12-30,12.16,20.0,12.16,20.0,4110.0,12.16,0.0,20.0,12.16,20.0,1.0,4110.0
2016-12-29,2.93,3.02,2.93,3.02,14706.0,2.93,0.0,3.02,2.93,3.02,1.0,14706.0
2016-12-28,3.0101,3.05,2.945,3.04,4803.0,3.0101,0.0,3.05,2.945,3.04,1.0,4803.0
2016-12-27,3.06,3.15,2.9356,3.15,19141.0,3.06,0.0,3.15,2.9356,3.15,1.0,19141.0
2016-12-23,3.08,3.25,3.05,3.09,16047.0,3.08,0.0,3.25,3.05,3.09,1.0,16047.0
2016-12-22,3.08,3.55,3.0256,3.5,140367.0,3.08,0.0,3.55,3.0256,3.5,1.0,140367.0
2016-12-21,3.75,3.75,2.26,2.2956,162187.0,3.75,0.0,3.75,2.26,2.2956,1.0,162187.0
2016-12-20,2.2319,2.25,2.21,2.22,17792.0,2.2319,0.0,2.25,2.21,2.22,1.0,17792.0
2016-12-19,2.2,2.33,2.1901,2.33,33962.0,2.2,0.0,2.33,2.1901,2.33,1.0,33962.0
2016-12-16,2.37,2.3899,2.3401,2.3504,8016.0,2.37,0.0,2.3899,2.3401,2.3504,1.0,8016.0
2016-12-15,2.41,2.4132,2.261,2.3,12251.0,2.41,0.0,2.4132,2.261,2.3,1.0,12251.0
2016-12-14,2.31,2.51,2.31,2.51,17373.0,2.31,0.0,2.51,2.31,2.51,1.0,17373.0
2016-12-13,2.551,2.5968,2.45,2.5101,19594.0,2.551,0.0,2.5968,2.45,2.5101,1.0,19594.0
2016-12-12,2.53,2.6066,2.5,2.58,7093.0,2.53,0.0,2.6066,2.5,2.58,1.0,7093.0
2016-12-09,2.615,2.675,2.52,2.52,25991.0,2.615,0.0,2.675,2.52,2.52,1.0,25991.0
2016-12-08,2.5,2.65,2.5,2.65,8654.0,2.5,0.0,2.65,2.5,2.65,1.0,8654.0
2016-12-07,2.6201,2.7,2.6201,2.68,10399.0,2.6201,0.0,2.7,2.6201,2.68,1.0,10399.0
2016-12-06,2.68,2.72,2.63,2.66,7934.0,2.68,0.0,2.72,2.63,2.66,1.0,7934.0
2016-12-05,2.7162,2.7162,2.58,2.6,7619.0,2.7162,0.0,2.7162,2.58,2.6,1.0,7619.0
2016-12-02,2.59,2.6,2.498,2.54,17364.0,2.59,0.0,2.6,2.498,2.54,1.0,17364.0
2016-12-01,2.55,2.55,2.4046,2.49,25264.0,2.55,0.0,2.55,2.4046,2.49,1.0,25264.0
2016-11-30,2.476,2.48,2.3,2.3,20715.0,2.476,0.0,2.48,2.3,2.3,1.0,20715.0
2016-11-29,2.29,2.3656,2.0,2.31,62824.0,2.29,0.0,2.3656,2.0,2.31,1.0,62824.0
2016-11-28,2.3348,2.5899,2.3,2.52,25355.0,2.3348,0.0,2.5899,2.3,2.52,1.0,25355.0
2016-11-25,2.5152,2.52,2.5,2.5,11571.0,2.5152,0.0,2.52,2.5,2.5,1.0,11571.0
2016-11-23,2.58,2.6034,2.56,2.6,8889.0,2.58,0.0,2.6034,2.56,2.6,1.0,8889.0
2016-11-22,2.675,2.785,2.47,2.69,31019.0,2.675,0.0,2.785,2.47,2.69,1.0,31019.0
2016-11-21,2.748,2.7799,2.6,2.6101,62938.0,2.748,0.0,2.7799,2.6,2.6101,1.0,62938.0
2016-11-18,2.728,2.82,2.66,2.6804,6223.0,2.728,0.0,2.82,2.66,2.6804,1.0,6223.0
2016-11-17,2.71,2.86,2.635,2.86,52234.0,2.71,0.0,2.86,2.635,2.86,1.0,52234.0
2016-11-16,2.84,2.8999,2.7256,2.75,49040.0,2.84,0.0,2.8999,2.7256,2.75,1.0,49040.0
2016-11-15,2.79,2.7916,2.7525,2.7916,3237.0,2.79,0.0,2.7916,2.7525,2.7916,1.0,3237.0
2016-11-14,2.79,2.84,2.78,2.81,4449.0,2.79,0.0,2.84,2.78,2.81,1.0,4449.0
2016-11-11,2.7901,2.8,2.65,2.7892,5448.0,2.7901,0.0,2.8,2.65,2.7892,1.0,5448.0
2016-11-10,2.81,2.88,2.7051,2.84,12221.0,2.81,0.0,2.88,2.7051,2.84,1.0,12221.0
2016-11-09,2.83,2.85,2.65,2.85,9706.0,2.83,0.0,2.85,2.65,2.85,1.0,9706.0
2016-11-08,2.8602,2.8899,2.8,2.8,6505.0,2.8602,0.0,2.8899,2.8,2.8,1.0,6505.0
2016-11-07,2.8,2.85,2.69,2.69,7532.0,2.8,0.0,2.85,2.69,2.69,1.0,7532.0
2016-11-04,2.6208,2.74,2.53,2.53,17198.0,2.6208,0.0,2.74,2.53,2.53,1.0,17198.0
2016-11-03,2.68,2.72,2.61,2.72,11422.0,2.68,0.0,2.72,2.61,2.72,1.0,11422.0
2016-11-02,2.74,2.96,2.5,2.96,40793.0,2.74,0.0,2.96,2.5,2.96,1.0,40793.0
2016-11-01,2.8251,2.92,2.82,2.8983,9549.0,2.8251,0.0,2.92,2.82,2.8983,1.0,9549.0
2016-10-31,2.93,2.93,2.85,2.85,2644.0,2.93,0.0,2.93,2.85,2.85,1.0,2644.0
2016-10-28,2.85,2.9199,2.85,2.87,5391.0,2.85,0.0,2.9199,2.85,2.87,1.0,5391.0
2016-10-27,2.8814,3.02,2.86,3.02,14875.0,2.8814,0.0,3.02,2.86,3.02,1.0,14875.0
2016-10-26,3.05,3.0801,3.042,3.06,4093.0,3.05,0.0,3.0801,3.042,3.06,1.0,4093.0
2016-10-25,3.08,3.15,3.08,3.08,20114.0,3.08,0.0,3.15,3.08,3.08,1.0,20114.0
2016-10-24,3.0836,3.18,2.8522,2.8522,58581.0,3.0836,0.0,3.18,2.8522,2.8522,1.0,58581.0
2016-10-21,2.88,2.9247,2.77,2.83,21040.0,2.88,0.0,2.9247,2.77,2.83,1.0,21040.0
2016-10-20,2.78,2.85,2.7301,2.754,7686.0,2.78,0.0,2.85,2.7301,2.754,1.0,7686.0
2016-10-19,2.82,2.8844,2.7202,2.73,5290.0,2.82,0.0,2.8844,2.7202,2.73,1.0,5290.0
2016-10-18,2.93,2.9999,2.7399,2.75,26482.0,2.93,0.0,2.9999,2.7399,2.75,1.0,26482.0
2016-10-17,2.7,2.719,2.5901,2.5901,23232.0,2.7,0.0,2.719,2.5901,2.5901,1.0,23232.0
2016-10-14,2.58,2.82,2.58,2.75,23722.0,2.58,0.0,2.82,2.58,2.75,1.0,23722.0
2016-10-13,2.8,2.85,2.7,2.84,26682.0,2.8,0.0,2.85,2.7,2.84,1.0,26682.0
2016-10-12,2.82,3.09,2.65,3.04,22355.0,2.82,0.0,3.09,2.65,3.04,1.0,22355.0
2016-10-11,3.065,3.22,2.95,2.9521,33510.0,3.065,0.0,3.22,2.95,2.9521,1.0,33510.0
2016-10-10,3.06,3.11,2.71,2.87,35420.0,3.06,0.0,3.11,2.71,2.87,1.0,35420.0
2016-10-07,2.87,2.989,2.69,2.89,16636.0,2.87,0.0,2.989,2.69,2.89,1.0,16636.0
2016-10-06,2.9,3.24,2.59,3.24,50858.0,2.9,0.0,3.24,2.59,3.24,1.0,50858.0
2016-10-05,3.25,3.38,3.211,3.38,24432.0,3.25,0.0,3.38,3.211,3.38,1.0,24432.0
2016-10-04,3.36,3.37,3.061,3.35,39265.0,3.36,0.0,3.37,3.061,3.35,1.0,39265.0
2016-10-03,3.35,3.36,3.2401,3.33,20366.0,3.35,0.0,3.36,3.2401,3.33,1.0,20366.0
2016-09-30,3.2801,3.48,3.2,3.3,35160.0,3.2801,0.0,3.48,3.2,3.3,1.0,35160.0
2016-09-29,3.24,3.514,3.23,3.51,63633.0,3.24,0.0,3.514,3.23,3.51,1.0,63633.0
2016-09-28,3.48,3.56,3.42,3.56,34226.0,3.48,0.0,3.56,3.42,3.56,1.0,34226.0
2016-09-27,3.57,3.815,3.5201,3.78,75433.0,3.57,0.0,3.815,3.5201,3.78,1.0,75433.0
2016-09-26,3.83,4.05,3.74,3.99,94381.0,3.83,0.0,4.05,3.74,3.99,1.0,94381.0
2016-09-23,3.89,3.96,3.56,3.65,120932.0,3.89,0.0,3.96,3.56,3.65,1.0,120932.0
2016-09-22,3.6,3.64,3.4647,3.53,48239.0,3.6,0.0,3.64,3.4647,3.53,1.0,48239.0
2016-09-21,3.52,3.595,3.32,3.56,84882.0,3.52,0.0,3.595,3.32,3.56,1.0,84882.0
2016-09-20,3.34,3.71,3.1701,3.6,115736.0,3.34,0.0,3.71,3.1701,3.6,1.0,115736.0
2016-09-19,3.6,3.6,3.2,3.2,323629.0,3.6,0.0,3.6,3.2,3.2,1.0,323629.0
2016-09-16,3.13,3.15,2.9,2.93,218802.0,3.13,0.0,3.15,2.9,2.93,1.0,218802.0
2016-09-15,2.89,2.9399,2.6801,2.74,94070.0,2.89,0.0,2.9399,2.6801,2.74,1.0,94070.0
2016-09-14,2.74,2.74,2.63,2.71,57926.0,2.74,0.0,2.74,2.63,2.71,1.0,57926.0
2016-09-13,2.74,2.74,2.56,2.59,94158.0,2.74,0.0,2.74,2.56,2.59,1.0,94158.0
2016-09-12,2.71,2.84,2.5796,2.6,111438.0,2.71,0.0,2.84,2.5796,2.6,1.0,111438.0
2016-09-09,2.68,3.3,2.59,3.1,825060.0,2.68,0.0,3.3,2.59,3.1,1.0,825060.0
2016-09-08,2.474,2.5,2.231,2.32,137656.0,2.474,0.0,2.5,2.231,2.32,1.0,137656.0
2016-09-07,2.33,2.35,2.3152,2.3298,22896.0,2.33,0.0,2.35,2.3152,2.3298,1.0,22896.0
2016-09-06,2.3244,2.43,2.29,2.32,24518.0,2.3244,0.0,2.43,2.29,2.32,1.0,24518.0
2016-09-02,2.35,2.3999,2.21,2.35,86267.0,2.35,0.0,2.3999,2.21,2.35,1.0,86267.0
2016-09-01,2.37,2.44,2.27,2.32,35445.0,2.37,0.0,2.44,2.27,2.32,1.0,35445.0
2016-08-31,2.35,2.51,2.28,2.5,55161.0,2.35,0.0,2.51,2.28,2.5,1.0,55161.0
2016-08-30,2.54,2.601,2.45,2.6,103049.0,2.54,0.0,2.601,2.45,2.6,1.0,103049.0
2016-08-29,2.62,2.728,2.53,2.7,142262.0,2.62,0.0,2.728,2.53,2.7,1.0,142262.0
2016-08-26,2.75,2.84,2.66,2.79,204563.0,2.75,0.0,2.84,2.66,2.79,1.0,204563.0
2016-08-25,2.82,2.85,2.7,2.83,166270.0,2.82,0.0,2.85,2.7,2.83,1.0,166270.0
2016-08-24,2.83,3.1,2.5,2.6,1434227.0,2.83,0.0,3.1,2.5,2.6,1.0,1434227.0
2016-08-23,2.68,2.85,2.545,2.73,507131.0,2.68,0.0,2.85,2.545,2.73,1.0,507131.0
2016-08-22,3.18,3.57,2.83,3.19,2730590.0,3.18,0.0,3.57,2.83,3.19,1.0,2730590.0
2016-08-19,3.25,3.45,2.37,2.45,7722709.0,3.25,0.0,3.45,2.37,2.45,1.0,7722709.0
2016-08-18,2.34,2.95,1.9,1.95,2660304.0,2.34,0.0,2.95,1.9,1.95,1.0,2660304.0
2016-08-17,2.053,2.35,1.7101,1.7101,772963.0,2.053,0.0,2.35,1.7101,1.7101,1.0,772963.0
2016-08-16,1.7164,1.87,1.703,1.78,36715.0,1.7164,0.0,1.87,1.703,1.78,1.0,36715.0
2016-08-15,1.819,1.8849,1.76,1.85,39669.0,1.819,0.0,1.8849,1.76,1.85,1.0,39669.0
2016-08-12,1.87,1.93,1.86,1.8701,45687.0,1.87,0.0,1.93,1.86,1.8701,1.0,45687.0
2016-08-11,1.87,1.982,1.86,1.9,61207.0,1.87,0.0,1.982,1.86,1.9,1.0,61207.0
2016-08-10,1.8637,2.045,1.85,2.01,41717.0,1.8637,0.0,2.045,1.85,2.01,1.0,41717.0
2016-08-09,2.007,2.06,1.9249,1.96,10281.0,2.007,0.0,2.06,1.9249,1.96,1.0,10281.0
2016-08-08,2.0,2.12,2.0,2.01,72928.0,2.0,0.0,2.12,2.0,2.01,1.0,72928.0
2016-08-05,2.05,2.07,1.94,2.02,22201.0,2.05,0.0,2.07,1.94,2.02,1.0,22201.0
2016-08-04,2.04,2.08,1.93,1.9393,111553.0,2.04,0.0,2.08,1.93,1.9393,1.0,111553.0
2016-08-03,2.03,2.17,1.9,1.94,119208.0,2.03,0.0,2.17,1.9,1.94,1.0,119208.0
2016-08-02,1.93,2.016,1.9001,1.98,27213.0,1.93,0.0,2.016,1.9001,1.98,1.0,27213.0
2016-08-01,1.9713,2.0438,1.88,1.9,149952.0,1.9713,0.0,2.0438,1.88,1.9,1.0,149952.0
2016-07-29,1.95,2.07,1.9126,1.96,8340.0,1.95,0.0,2.07,1.9126,1.96,1.0,8340.0
2016-07-28,2.0,2.11,1.86,2.1,54919.0,2.0,0.0,2.11,1.86,2.1,1.0,54919.0
2016-07-27,2.08,2.24,1.941,1.96,76603.0,2.08,0.0,2.24,1.941,1.96,1.0,76603.0
2016-07-26,1.97,1.99,1.8736,1.89,48094.0,1.97,0.0,1.99,1.8736,1.89,1.0,48094.0
2016-07-25,1.92,2.0504,1.81,2.05,89577.0,1.92,0.0,2.0504,1.81,2.05,1.0,89577.0
2016-07-22,2.1,2.65,1.891,1.99,536155.0,2.1,0.0,2.65,1.891,1.99,1.0,536155.0
2016-07-21,1.9099,2.02,1.89,1.91,52689.0,1.9099,0.0,2.02,1.89,1.91,1.0,52689.0
2016-07-20,1.8901,2.04,1.77,1.78,140468.0,1.8901,0.0,2.04,1.77,1.78,1.0,140468.0
2016-07-19,1.79,1.89,1.68,1.83,141854.0,1.79,0.0,1.89,1.68,1.83,1.0,141854.0
2016-07-18,1.83,1.9499,1.721,1.9,31442.0,1.83,0.0,1.9499,1.721,1.9,1.0,31442.0
2016-07-15,1.9,1.96,1.78,1.8,57778.0,1.9,0.0,1.96,1.78,1.8,1.0,57778.0
2016-07-14,1.85,1.88,1.8,1.81,43304.0,1.85,0.0,1.88,1.8,1.81,1.0,43304.0
2016-07-13,1.81,1.94,1.74,1.75,51109.0,1.81,0.0,1.94,1.74,1.75,1.0,51109.0
2016-07-12,1.76,1.78,1.7,1.7649,26367.0,1.76,0.0,1.78,1.7,1.7649,1.0,26367.0
2016-07-11,1.71,1.86,1.7,1.74,68438.0,1.71,0.0,1.86,1.7,1.74,1.0,68438.0
2016-07-08,1.75,1.9646,1.71,1.88,119510.0,1.75,0.0,1.9646,1.71,1.88,1.0,119510.0
2016-07-07,1.83,2.16,1.82,2.16,77601.0,1.83,0.0,2.16,1.82,2.16,1.0,77601.0
2016-07-06,2.01,2.12,1.99,2.08,41569.0,2.01,0.0,2.12,1.99,2.08,1.0,41569.0
2016-07-05,2.06,2.18,2.0256,2.14,44686.0,2.06,0.0,2.18,2.0256,2.14,1.0,44686.0
2016-07-01,2.18,2.2501,2.16,2.19,35933.0,2.18,0.0,2.2501,2.16,2.19,1.0,35933.0
2016-06-30,2.18,2.3085,2.07,2.18,50082.0,2.18,0.0,2.3085,2.07,2.18,1.0,50082.0
2016-06-29,2.2,2.36,2.05,2.05,220703.0,2.2,0.0,2.36,2.05,2.05,1.0,220703.0
2016-06-28,2.05,2.09,2.0,2.05,52641.0,2.05,0.0,2.09,2.0,2.05,1.0,52641.0
2016-06-27,2.05,2.23,1.981,2.13,71251.0,2.05,0.0,2.23,1.981,2.13,1.0,71251.0
2016-06-24,2.18,2.27,2.03,2.23,70874.0,2.18,0.0,2.27,2.03,2.23,1.0,70874.0
2016-06-23,2.36,2.45,2.285,2.45,62961.0,2.36,0.0,2.45,2.285,2.45,1.0,62961.0
2016-06-22,2.45,2.85,2.17,2.73,181073.0,2.45,0.0,2.85,2.17,2.73,1.0,181073.0
2016-06-21,2.77,3.0,2.56,2.94,623284.0,2.77,0.0,3.0,2.56,2.94,1.0,623284.0
2016-06-20,2.99,4.09,2.96,3.44,9793551.0,2.99,0.0,4.09,2.96,3.44,1.0,9793551.0
2016-06-17,2.08,2.1,1.93,1.98,65049.0,2.08,0.0,2.1,1.93,1.98,1.0,65049.0
2016-06-16,1.97,2.05,1.88,2.05,57037.0,1.97,0.0,2.05,1.88,2.05,1.0,57037.0
2016-06-15,1.97,2.3699,1.94,2.02,141621.0,1.97,0.0,2.3699,1.94,2.02,1.0,141621.0
2016-06-14,2.15,2.75,1.866,1.91,299919.0,2.15,0.0,2.75,1.866,1.91,1.0,299919.0
2016-06-13,2.1001,2.3,1.8011,1.87,140378.0,2.1001,0.0,2.3,1.8011,1.87,0.0714285714285714,140378.0
2016-06-10,2.184,2.38,2.1168,2.24,53716.2857142857,0.156,0.0,0.17,0.1512,0.16,1.0,752028.0
2016-06-09,2.2666,2.506,2.24,2.457,119193.357142857,0.1619,0.0,0.179,0.16,0.1755,1.0,1668707.0
2016-06-08,2.6264,2.66,2.4514,2.66,15581.1428571429,0.1876,0.0,0.19,0.1751,0.19,1.0,218136.0
2016-06-07,2.5354,2.758,2.45,2.45,19870.1428571429,0.1811,0.0,0.197,0.175,0.175,1.0,278182.0
2016-06-06,2.52,2.814,2.464,2.8,28395.7857142857,0.18,0.0,0.201,0.176,0.2,1.0,397541.0
2016-06-03,2.66,2.814,2.5354,2.814,34592.3571428571,0.19,0.0,0.201,0.1811,0.201,1.0,484293.0
2016-06-02,2.7888,3.0758,2.66,2.7272,86854.9285714286,0.1992,0.0,0.2197,0.19,0.1948,1.0,1215969.0
2016-06-01,2.7286,2.856,2.2792,2.422,80502.3571428571,0.1949,0.0,0.204,0.1628,0.173,1.0,1127033.0
2016-05-31,2.4416,2.506,2.38,2.506,10158.4285714286,0.1744,0.0,0.179,0.17,0.179,1.0,142218.0
2016-05-27,2.506,2.52,2.38,2.52,25635.0,0.179,0.0,0.18,0.17,0.18,1.0,358890.0
2016-05-26,2.415,2.6404,2.38,2.5172,19592.7857142857,0.1725,0.0,0.1886,0.17,0.1798,1.0,274299.0
2016-05-25,2.5172,2.7986,2.45,2.7986,51202.3571428571,0.1798,0.0,0.1999,0.175,0.1999,1.0,716833.0
2016-05-24,2.716,2.8,2.5074,2.52,69891.5714285714,0.194,0.0,0.2,0.1791,0.18,1.0,978482.0
2016-05-23,2.4766,2.7706,2.24,2.366,88812.9285714286,0.1769,0.0,0.1979,0.16,0.169,1.0,1243381.0
2016-05-20,2.247,2.4486,2.1714,2.4486,20912.9285714286,0.1605,0.0,0.1749,0.1551,0.1749,1.0,292781.0
2016-05-19,2.38,2.52,2.24,2.24,9889.35714285714,0.17,0.0,0.18,0.16,0.16,1.0,138451.0
2016-05-18,2.38,2.52,2.2736,2.52,27398.0714285714,0.17,0.0,0.18,0.1624,0.18,1.0,383573.0
2016-05-17,2.5172,2.52,2.1168,2.24,26409.6428571429,0.1798,0.0,0.18,0.1512,0.16,1.0,369735.0
2016-05-16,2.3156,2.52,2.24,2.52,43223.7857142857,0.1654,0.0,0.18,0.16,0.18,1.0,605133.0
2016-05-13,2.499,2.6586,2.394,2.52,30328.0,0.1785,0.0,0.1899,0.171,0.18,1.0,424592.0
2016-05-12,2.52,2.926,2.38,2.8,58220.2142857143,0.18,0.0,0.209,0.17,0.2,1.0,815083.0
2016-05-11,2.688,3.003,2.6642,2.8,25725.7142857143,0.192,0.0,0.2145,0.1903,0.2,1.0,360160.0
2016-05-10,2.87,3.136,2.8,3.08,11455.9285714286,0.205,0.0,0.224,0.2,0.22,1.0,160383.0
2016-05-09,2.9988,3.15,2.8,3.15,35178.0,0.2142,0.0,0.225,0.2,0.225,1.0,492492.0
2016-05-06,3.143,3.416,3.08,3.22,29409.5,0.2245,0.0,0.244,0.22,0.23,1.0,411733.0
2016-05-05,3.15,3.472,3.08,3.0884,20589.6428571429,0.225,0.0,0.248,0.22,0.2206,1.0,288255.0
2016-05-04,3.1598,3.346,2.9652,3.346,78235.9285714286,0.2257,0.0,0.239,0.2118,0.239,1.0,1095303.0
2016-05-03,3.5,3.78,2.94,3.094,152969.857142857,0.25,0.0,0.27,0.21,0.221,1.0,2141578.0
2016-05-02,3.01,3.22,2.814,3.192,78118.0714285714,0.215,0.0,0.23,0.201,0.228,1.0,1093653.0
2016-04-29,3.2662,3.5,2.87,2.87,48683.2142857143,0.2333,0.0,0.25,0.205,0.205,1.0,681565.0
2016-04-28,3.3894,4.1986,2.9988,4.1986,152762.857142857,0.2421,0.0,0.2999,0.2142,0.2999,1.0,2138680.0
2016-04-27,3.892,5.04,3.6442,4.9,203735.357142857,0.278,0.0,0.36,0.2603,0.35,1.0,2852295.0
2016-04-26,4.7586,5.88,4.62,4.9014,631519.142857143,0.3399,0.0,0.42,0.33,0.3501,1.0,8841268.0
2016-04-25,4.452,4.452,3.7324,3.92,243931.285714286,0.318,0.0,0.318,0.2666,0.28,1.0,3415038.0
2016-04-22,3.57,3.64,3.15,3.15,56760.6428571429,0.255,0.0,0.26,0.225,0.225,1.0,794649.0
2016-04-21,3.213,3.36,3.0814,3.36,15434.6428571429,0.2295,0.0,0.24,0.2201,0.24,1.0,216085.0
2016-04-20,3.2858,3.332,2.9428,3.2312,28198.9285714286,0.2347,0.0,0.238,0.2102,0.2308,1.0,394785.0
2016-04-19,3.0786,3.92,2.94,3.5014,121724.142857143,0.2199,0.0,0.28,0.21,0.2501,1.0,1704138.0
2016-04-18,3.031,3.08,2.8014,2.8252,25808.4285714286,0.2165,0.0,0.22,0.2001,0.2018,1.0,361318.0
2016-04-15,3.08,3.78,2.8224,3.64,53482.5,0.22,0.0,0.27,0.2016,0.26,1.0,748755.0
2016-04-14,3.5,3.64,2.66,2.8,175099.714285714,0.25,0.0,0.26,0.19,0.2,1.0,2451396.0
2016-04-13,2.66,2.8,2.5886,2.786,14878.5714285714,0.19,0.0,0.2,0.1849,0.199,1.0,208300.0
2016-04-12,2.66,2.786,2.59,2.66,6693.78571428571,0.19,0.0,0.199,0.185,0.19,1.0,93713.0
2016-04-11,2.59,2.8,2.534,2.6936,5599.71428571429,0.185,0.0,0.2,0.181,0.1924,1.0,78396.0
2016-04-08,2.5914,2.8,2.5242,2.758,12372.9285714286,0.1851,0.0,0.2,0.1803,0.197,1.0,173221.0
2016-04-07,2.66,2.94,2.597,2.94,6819.35714285714,0.19,0.0,0.21,0.1855,0.21,1.0,95471.0
2016-04-06,2.7398,3.0772,2.5914,3.0576,10901.7142857143,0.1957,0.0,0.2198,0.1851,0.2184,1.0,152624.0
2016-04-05,2.912,3.08,2.5354,2.66,16714.2142857143,0.208,0.0,0.22,0.1811,0.19,1.0,233999.0
2016-04-04,2.66,2.66,2.5242,2.5872,16591.4285714286,0.19,0.0,0.19,0.1803,0.1848,1.0,232280.0
2016-04-01,2.5872,2.688,2.5788,2.604,10476.6428571429,0.1848,0.0,0.192,0.1842,0.186,1.0,146673.0
2016-03-31,2.604,2.688,2.5634,2.604,7523.78571428571,0.186,0.0,0.192,0.1831,0.186,1.0,105333.0
2016-03-30,2.5774,2.66,2.5214,2.5214,8574.35714285714,0.1841,0.0,0.19,0.1801,0.1801,1.0,120041.0
2016-03-29,2.3828,2.59,2.3814,2.3814,9533.21428571429,0.1702,0.0,0.185,0.1701,0.1701,1.0,133465.0
2016-03-28,2.45,2.59,2.38,2.59,9468.92857142857,0.175,0.0,0.185,0.17,0.185,1.0,132565.0
2016-03-24,2.59,2.674,2.52,2.59,7610.85714285714,0.185,0.0,0.191,0.18,0.185,1.0,106552.0
2016-03-23,2.52,2.66,2.52,2.66,18997.2142857143,0.18,0.0,0.19,0.18,0.19,1.0,265961.0
2016-03-22,2.6054,2.814,2.604,2.73,17772.4285714286,0.1861,0.0,0.201,0.186,0.195,1.0,248814.0
2016-03-21,2.7888,2.94,2.674,2.856,10183.4285714286,0.1992,0.0,0.21,0.191,0.204,1.0,142568.0
2016-03-18,2.94,3.024,2.8,2.856,21155.5,0.21,0.0,0.216,0.2,0.204,1.0,296177.0
2016-03-17,2.94,3.066,2.73,2.73,12677.2142857143,0.21,0.0,0.219,0.195,0.195,1.0,177481.0
2016-03-16,2.7566,3.08,2.66,2.884,50550.7142857143,0.1969,0.0,0.22,0.19,0.206,1.0,707710.0
2016-03-15,2.87,3.08,2.45,2.52,61335.7857142857,0.205,0.0,0.22,0.175,0.18,1.0,858701.0
2016-03-14,2.4864,2.66,2.38,2.38,9233.42857142857,0.1776,0.0,0.19,0.17,0.17,1.0,129268.0
2016-03-11,2.45,2.73,2.45,2.73,11446.6428571429,0.175,0.0,0.195,0.175,0.195,1.0,160253.0
2016-03-10,2.52,2.7972,2.38,2.744,13881.7142857143,0.18,0.0,0.1998,0.17,0.196,1.0,194344.0
2016-03-09,2.625,2.94,2.625,2.786,16790.1428571429,0.1875,0.0,0.21,0.1875,0.199,1.0,235062.0
2016-03-08,2.59,2.8,2.52,2.52,37459.2142857143,0.185,0.0,0.2,0.18,0.18,1.0,524429.0
2016-03-07,2.5228,2.6586,2.282,2.3842,28300.4285714286,0.1802,0.0,0.1899,0.163,0.1703,1.0,396206.0
2016-03-04,2.4514,2.8,2.45,2.45,22815.4285714286,0.1751,0.0,0.2,0.175,0.175,1.0,319416.0
2016-03-03,2.52,2.8,2.38,2.66,8807.85714285714,0.18,0.0,0.2,0.17,0.19,1.0,123310.0
2016-03-02,2.66,2.7104,2.52,2.66,4637.57142857143,0.19,0.0,0.1936,0.18,0.19,1.0,64926.0
2016-03-01,2.6572,2.7244,2.548,2.604,2364.85714285714,0.1898,0.0,0.1946,0.182,0.186,1.0,33108.0
2016-02-29,2.52,2.87,2.52,2.87,7309.78571428571,0.18,0.0,0.205,0.18,0.205,1.0,102337.0
2016-02-26,2.7986,2.8812,2.5228,2.744,4217.64285714286,0.1999,0.0,0.2058,0.1802,0.196,1.0,59047.0
2016-02-25,2.6432,2.9092,2.52,2.8,15181.4285714286,0.1888,0.0,0.2078,0.18,0.2,1.0,212540.0
2016-02-24,2.6642,2.898,2.52,2.744,4473.42857142857,0.1903,0.0,0.207,0.18,0.196,1.0,62628.0
2016-02-23,2.7972,2.94,2.5242,2.716,9067.28571428571,0.1998,0.0,0.21,0.1803,0.194,1.0,126942.0
2016-02-22,2.66,2.9694,2.59,2.59,28225.9285714286,0.19,0.0,0.2121,0.185,0.185,1.0,395163.0
2016-02-19,2.59,2.73,2.4122,2.45,20533.4285714286,0.185,0.0,0.195,0.1723,0.175,1.0,287468.0
2016-02-18,2.3702,2.45,2.282,2.4458,3122.35714285714,0.1693,0.0,0.175,0.163,0.1747,1.0,43713.0
2016-02-17,2.408,2.5032,2.177,2.24,15933.9285714286,0.172,0.0,0.1788,0.1555,0.16,1.0,223075.0
2016-02-16,2.1,2.226,2.0398,2.0398,11550.7857142857,0.15,0.0,0.159,0.1457,0.1457,1.0,161711.0
2016-02-12,2.177,2.24,2.0678,2.24,9821.07142857143,0.1555,0.0,0.16,0.1477,0.16,1.0,137495.0
2016-02-11,2.1756,2.24,2.1,2.1,7030.71428571429,0.1554,0.0,0.16,0.15,0.15,1.0,98430.0
2016-02-10,2.2442,2.5186,2.0454,2.2232,3540.0,0.1603,0.0,0.1799,0.1461,0.1588,1.0,49560.0
2016-02-09,2.2078,2.2092,1.9614,1.9614,7125.21428571429,0.1577,0.0,0.1578,0.1401,0.1401,1.0,99753.0
2016-02-08,2.2218,2.2442,2.1,2.2442,4095.64285714286,0.1587,0.0,0.1603,0.15,0.1603,1.0,57339.0
2016-02-05,2.2414,2.5186,2.24,2.24,4923.85714285714,0.1601,0.0,0.1799,0.16,0.16,1.0,68934.0
2016-02-04,2.45,2.5214,2.1868,2.24,8009.85714285714,0.175,0.0,0.1801,0.1562,0.16,1.0,112138.0
2016-02-03,2.184,2.5886,2.1084,2.1084,14623.9285714286,0.156,0.0,0.1849,0.1506,0.1506,1.0,204735.0
2016-02-02,2.2526,2.73,2.17,2.548,12347.7857142857,0.1609,0.0,0.195,0.155,0.182,1.0,172869.0
2016-02-01,2.52,2.856,2.52,2.8112,7052.57142857143,0.18,0.0,0.204,0.18,0.2008,1.0,98736.0
2016-01-29,2.73,2.8,2.52,2.52,16376.2142857143,0.195,0.0,0.2,0.18,0.18,1.0,229267.0
2016-01-28,2.45,2.5886,2.1616,2.254,17705.6428571429,0.175,0.0,0.1849,0.1544,0.161,1.0,247879.0
2016-01-27,2.506,2.506,2.1742,2.4276,7301.21428571429,0.179,0.0,0.179,0.1553,0.1734,1.0,102217.0
2016-01-26,2.4276,2.45,1.9628,2.128,12668.2142857143,0.1734,0.0,0.175,0.1402,0.152,1.0,177355.0
2016-01-25,2.128,2.646,1.9614,2.3814,9768.35714285714,0.152,0.0,0.189,0.1401,0.1701,1.0,136757.0
2016-01-22,2.4682,2.5522,2.3576,2.3576,3716.5,0.1763,0.0,0.1823,0.1684,0.1684,1.0,52031.0
2016-01-21,2.3576,2.359,2.2414,2.282,1719.0,0.1684,0.0,0.1685,0.1601,0.163,1.0,24066.0
2016-01-20,2.2624,2.38,1.9614,2.24,50389.7142857143,0.1616,0.0,0.17,0.1401,0.16,1.0,705456.0
2016-01-19,2.2274,2.394,1.9614,2.24,25789.9285714286,0.1591,0.0,0.171,0.1401,0.16,1.0,361059.0
2016-01-15,2.24,2.3772,2.0958,2.254,10293.9285714286,0.16,0.0,0.1698,0.1497,0.161,1.0,144115.0
2016-01-14,2.24,2.45,2.03,2.24,36023.5714285714,0.16,0.0,0.175,0.145,0.16,1.0,504330.0
2016-01-13,2.2414,2.59,2.2414,2.4612,14834.6428571429,0.1601,0.0,0.185,0.1601,0.1758,1.0,207685.0
2016-01-12,2.5242,2.6474,2.268,2.5214,16057.8571428571,0.1803,0.0,0.1891,0.162,0.1801,1.0,224810.0
2016-01-11,2.5214,2.8,2.2414,2.716,32364.6428571429,0.1801,0.0,0.2,0.1601,0.194,1.0,453105.0
2016-01-08,2.7986,3.0786,2.73,2.87,16381.0714285714,0.1999,0.0,0.2199,0.195,0.205,1.0,229335.0
2016-01-07,2.9288,3.08,2.87,3.08,19665.9285714286,0.2092,0.0,0.22,0.205,0.22,1.0,275323.0
2016-01-06,3.1262,3.276,2.87,2.94,15575.0,0.2233,0.0,0.234,0.205,0.21,1.0,218050.0
2016-01-05,3.0688,3.3376,2.8,3.136,21288.0,0.2192,0.0,0.2384,0.2,0.224,1.0,298032.0
2016-01-04,3.094,3.36,2.9428,3.36,11826.9285714286,0.221,0.0,0.24,0.2102,0.24,1.0,165577.0
