,adj_close,adj_high,adj_low,adj_open,adj_volume,close,ex_dividend,high,low,open,split_ratio,volume
2017-02-10,2.05,2.05,1.9863,2.03,43123.0,2.05,0.0,2.05,1.9863,2.03,1.0,43123.0
2017-02-09,2.05,2.05,1.86,1.95,86934.0,2.05,0.0,2.05,1.86,1.95,1.0,86934.0
2017-02-08,1.92,2.3,1.87,1.98,530693.0,1.92,0.0,2.3,1.87,1.98,1.0,530693.0
2017-02-07,1.98,2.02,1.86,1.98,40867.0,1.98,0.0,2.02,1.86,1.98,1.0,40867.0
2017-02-06,2.0,2.04,1.81,1.8501,193073.0,2.0,0.0,2.04,1.81,1.8501,1.0,193073.0
2017-02-03,1.92,1.93,1.8466,1.9,13708.0,1.92,0.0,1.93,1.8466,1.9,1.0,13708.0
2017-02-02,1.93,1.96,1.8221,1.95,26638.0,1.93,0.0,1.96,1.8221,1.95,1.0,26638.0
2017-02-01,1.91,1.98,1.82,1.98,28700.0,1.91,0.0,1.98,1.82,1.98,1.0,28700.0
2017-01-31,1.95,2.02,1.77,1.95,80757.0,1.95,0.0,2.02,1.77,1.95,1.0,80757.0
2017-01-30,1.91,2.04,1.91,1.93,21090.0,1.91,0.0,2.04,1.91,1.93,1.0,21090.0
2017-01-27,1.94,1.9772,1.93,1.9772,10190.0,1.94,0.0,1.9772,1.93,1.9772,1.0,10190.0
2017-01-26,1.99,2.04,1.95,2.0,54011.0,1.99,0.0,2.04,1.95,2.0,1.0,54011.0
2017-01-25,1.98,2.08,1.8953,1.94,108282.0,1.98,0.0,2.08,1.8953,1.94,1.0,108282.0
2017-01-24,1.89,1.93,1.82,1.83,65057.0,1.89,0.0,1.93,1.82,1.83,1.0,65057.0
2017-01-23,1.8,1.8,1.7199,1.78,59537.0,1.8,0.0,1.8,1.7199,1.78,1.0,59537.0
2017-01-20,1.74,1.79,1.72,1.75,31575.0,1.74,0.0,1.79,1.72,1.75,1.0,31575.0
2017-01-19,1.78,1.8,1.7235,1.8,13494.0,1.78,0.0,1.8,1.7235,1.8,1.0,13494.0
2017-01-18,1.78,1.81,1.71,1.81,17237.0,1.78,0.0,1.81,1.71,1.81,1.0,17237.0
2017-01-17,1.74,1.92,1.71,1.9,97788.0,1.74,0.0,1.92,1.71,1.9,1.0,97788.0
2017-01-13,1.9,1.94,1.82,1.94,12726.0,1.9,0.0,1.94,1.82,1.94,1.0,12726.0
2017-01-12,1.91,1.97,1.77,1.9,58061.0,1.91,0.0,1.97,1.77,1.9,1.0,58061.0
2017-01-11,1.89,2.1467,1.71,2.07,125535.0,1.89,0.0,2.1467,1.71,2.07,1.0,125535.0
2017-01-10,2.05,2.39,1.74,1.74,453278.0,2.05,0.0,2.39,1.74,1.74,1.0,453278.0
2017-01-09,1.75,1.8099,1.68,1.75,41009.0,1.75,0.0,1.8099,1.68,1.75,1.0,41009.0
2017-01-06,1.75,1.83,1.67,1.731,70211.0,1.75,0.0,1.83,1.67,1.731,1.0,70211.0
2017-01-05,1.65,1.65,1.54,1.6156,53296.0,1.65,0.0,1.65,1.54,1.6156,1.0,53296.0
2017-01-04,1.58,1.6192,1.57,1.6,12288.0,1.58,0.0,1.6192,1.57,1.6,1.0,12288.0
2017-01-03,1.6,1.65,1.52,1.65,17723.0,1.6,0.0,1.65,1.52,1.65,1.0,17723.0
2016-12-30,1.6,1.68,1.52,1.61,132508.0,1.6,0.0,1.68,1.52,1.61,1.0,132508.0
2016-12-29,1.59,1.65,1.47,1.6,49920.0,1.59,0.0,1.65,1.47,1.6,1.0,49920.0
2016-12-28,1.61,1.6499,1.6,1.6,53974.0,1.61,0.0,1.6499,1.6,1.6,1.0,53974.0
2016-12-27,1.61,1.74,1.61,1.64,62738.0,1.61,0.0,1.74,1.61,1.64,1.0,62738.0
2016-12-23,1.62,1.73,1.55,1.64,52367.0,1.62,0.0,1.73,1.55,1.64,1.0,52367.0
2016-12-22,1.64,1.7,1.532,1.67,81536.0,1.64,0.0,1.7,1.532,1.67,1.0,81536.0
2016-12-21,1.68,1.77,1.68,1.77,58586.0,1.68,0.0,1.77,1.68,1.77,1.0,58586.0
2016-12-20,1.77,1.83,1.7,1.83,47032.0,1.77,0.0,1.83,1.7,1.83,1.0,47032.0
2016-12-19,1.76,1.8369,1.68,1.7,25552.0,1.76,0.0,1.8369,1.68,1.7,1.0,25552.0
2016-12-16,1.69,1.84,1.66,1.84,151721.0,1.69,0.0,1.84,1.66,1.84,1.0,151721.0
2016-12-15,1.82,2.0,1.8,2.0,82676.0,1.82,0.0,2.0,1.8,2.0,1.0,82676.0
2016-12-14,1.9,2.09,1.83,1.945,64041.0,1.9,0.0,2.09,1.83,1.945,1.0,64041.0
2016-12-13,1.95,2.02,1.9,2.02,88243.0,1.95,0.0,2.02,1.9,2.02,1.0,88243.0
2016-12-12,2.03,2.08,1.91,2.08,78631.0,2.03,0.0,2.08,1.91,2.08,1.0,78631.0
2016-12-09,2.1,2.12,2.01,2.02,70974.0,2.1,0.0,2.12,2.01,2.02,1.0,70974.0
2016-12-08,2.0,2.16,2.0,2.15,148335.0,2.0,0.0,2.16,2.0,2.15,1.0,148335.0
2016-12-07,2.18,2.36,2.13,2.36,160580.0,2.18,0.0,2.36,2.13,2.36,1.0,160580.0
2016-12-06,2.34,2.3899,2.15,2.28,181775.0,2.34,0.0,2.3899,2.15,2.28,1.0,181775.0
2016-12-05,2.28,2.38,2.15,2.21,250316.0,2.28,0.0,2.38,2.15,2.21,1.0,250316.0
2016-12-02,2.17,2.29,2.13,2.26,161373.0,2.17,0.0,2.29,2.13,2.26,1.0,161373.0
2016-12-01,2.29,2.92,2.1329,2.45,1474793.0,2.29,0.0,2.92,2.1329,2.45,1.0,1474793.0
2016-11-30,5.24,5.25,5.05,5.25,11872.0,5.24,0.0,5.25,5.05,5.25,1.0,11872.0
2016-11-29,5.2,5.32,5.08,5.08,9510.0,5.2,0.0,5.32,5.08,5.08,1.0,9510.0
2016-11-28,5.03,5.33,5.03,5.27,5391.0,5.03,0.0,5.33,5.03,5.27,1.0,5391.0
2016-11-25,5.31,5.33,5.2,5.28,2815.0,5.31,0.0,5.33,5.2,5.28,1.0,2815.0
2016-11-23,5.21,5.3289,5.0,5.3,8750.0,5.21,0.0,5.3289,5.0,5.3,1.0,8750.0
2016-11-22,5.23,5.36,5.1466,5.15,13061.0,5.23,0.0,5.36,5.1466,5.15,1.0,13061.0
2016-11-21,5.15,5.25,4.9184,5.25,14587.0,5.15,0.0,5.25,4.9184,5.25,1.0,14587.0
2016-11-18,5.06,5.13,4.97,5.1,12225.0,5.06,0.0,5.13,4.97,5.1,1.0,12225.0
2016-11-17,5.07,5.3514,5.0,5.13,17745.0,5.07,0.0,5.3514,5.0,5.13,1.0,17745.0
2016-11-16,5.15,5.3432,4.7,4.89,8855.0,5.15,0.0,5.3432,4.7,4.89,1.0,8855.0
2016-11-15,4.75,5.273,4.33,5.05,34874.0,4.75,0.0,5.273,4.33,5.05,1.0,34874.0
2016-11-14,5.04,5.33,4.585,4.65,48552.0,5.04,0.0,5.33,4.585,4.65,1.0,48552.0
2016-11-11,4.48,4.99,4.3,4.53,38427.0,4.48,0.0,4.99,4.3,4.53,1.0,38427.0
2016-11-10,4.37,4.6,4.1,4.3501,17701.0,4.37,0.0,4.6,4.1,4.3501,1.0,17701.0
2016-11-09,4.24,4.599,4.1,4.1,32626.0,4.24,0.0,4.599,4.1,4.1,1.0,32626.0
2016-11-08,4.49,4.87,4.49,4.71,22935.0,4.49,0.0,4.87,4.49,4.71,1.0,22935.0
2016-11-07,4.67,5.57,4.64,4.64,20771.0,4.67,0.0,5.57,4.64,4.64,1.0,20771.0
2016-11-04,4.6,4.86,4.57,4.5856,8581.0,4.6,0.0,4.86,4.57,4.5856,1.0,8581.0
2016-11-03,4.76,5.3,4.7,4.93,8838.0,4.76,0.0,5.3,4.7,4.93,1.0,8838.0
2016-11-02,4.96,5.24,4.96,5.22,67415.0,4.96,0.0,5.24,4.96,5.22,1.0,67415.0
2016-11-01,5.3699,5.774,5.18,5.18,46260.0,5.3699,0.0,5.774,5.18,5.18,1.0,46260.0
2016-10-31,5.18,5.46,5.1252,5.15,47554.0,5.18,0.0,5.46,5.1252,5.15,1.0,47554.0
2016-10-28,5.15,5.3759,5.04,5.04,38668.0,5.15,0.0,5.3759,5.04,5.04,1.0,38668.0
2016-10-27,5.415,5.59,5.35,5.54,13542.0,5.415,0.0,5.59,5.35,5.54,1.0,13542.0
2016-10-26,5.51,5.92,5.5,5.68,23689.0,5.51,0.0,5.92,5.5,5.68,1.0,23689.0
2016-10-25,5.81,6.2648,5.38,6.22,28411.0,5.81,0.0,6.2648,5.38,6.22,1.0,28411.0
2016-10-24,6.3,6.4735,6.1207,6.47,7065.0,6.3,0.0,6.4735,6.1207,6.47,1.0,7065.0
2016-10-21,6.43,6.549,6.4202,6.46,6828.0,6.43,0.0,6.549,6.4202,6.46,1.0,6828.0
2016-10-20,6.52,6.8735,6.351,6.666,20328.0,6.52,0.0,6.8735,6.351,6.666,1.0,20328.0
2016-10-19,6.65,6.66,6.6,6.601,5256.0,6.65,0.0,6.66,6.6,6.601,1.0,5256.0
2016-10-18,6.57,6.816,6.57,6.62,6449.0,6.57,0.0,6.816,6.57,6.62,1.0,6449.0
2016-10-17,6.555,6.7311,6.53,6.63,87079.0,6.555,0.0,6.7311,6.53,6.63,1.0,87079.0
2016-10-14,6.63,6.79,6.6,6.76,3709.0,6.63,0.0,6.79,6.6,6.76,1.0,3709.0
2016-10-13,6.82,6.82,6.6,6.6,3423.0,6.82,0.0,6.82,6.6,6.6,1.0,3423.0
2016-10-12,6.63,6.81,6.6,6.6208,11183.0,6.63,0.0,6.81,6.6,6.6208,1.0,11183.0
2016-10-11,6.75,6.82,6.502,6.71,33659.0,6.75,0.0,6.82,6.502,6.71,1.0,33659.0
2016-10-10,6.805,6.81,6.54,6.64,21529.0,6.805,0.0,6.81,6.54,6.64,1.0,21529.0
2016-10-07,6.76,6.76,6.5,6.68,79995.0,6.76,0.0,6.76,6.5,6.68,1.0,79995.0
2016-10-06,6.7,6.7004,6.5,6.6,11629.0,6.7,0.0,6.7004,6.5,6.6,1.0,11629.0
2016-10-05,6.6,6.6,6.4,6.44,23967.0,6.6,0.0,6.6,6.4,6.44,1.0,23967.0
2016-10-04,6.36,6.815,6.08,6.76,17499.0,6.36,0.0,6.815,6.08,6.76,1.0,17499.0
2016-10-03,6.82,6.88,6.75,6.84,9585.0,6.82,0.0,6.88,6.75,6.84,1.0,9585.0
2016-09-30,6.88,6.88,6.51,6.52,25176.0,6.88,0.0,6.88,6.51,6.52,1.0,25176.0
2016-09-29,6.62,6.88,6.5,6.72,283029.0,6.62,0.0,6.88,6.5,6.72,1.0,283029.0
2016-09-28,6.83,6.97,6.785,6.97,33613.0,6.83,0.0,6.97,6.785,6.97,1.0,33613.0
2016-09-27,6.828,7.1882,6.695,6.8,61272.0,6.828,0.0,7.1882,6.695,6.8,1.0,61272.0
2016-09-26,6.6701,6.895,6.49,6.5,65200.0,6.6701,0.0,6.895,6.49,6.5,1.0,65200.0
2016-09-23,6.5,6.5,6.14,6.33,39689.0,6.5,0.0,6.5,6.14,6.33,1.0,39689.0
2016-09-22,6.25,6.35,5.2403,5.29,42288.0,6.25,0.0,6.35,5.2403,5.29,1.0,42288.0
2016-09-21,5.21,5.29,5.18,5.2751,12516.0,5.21,0.0,5.29,5.18,5.2751,1.0,12516.0
2016-09-20,5.23,5.23,5.18,5.18,4507.0,5.23,0.0,5.23,5.18,5.18,1.0,4507.0
2016-09-19,5.19,5.42,4.7,5.06,58416.0,5.19,0.0,5.42,4.7,5.06,1.0,58416.0
2016-09-16,5.09,5.09,4.25,4.25,34368.0,5.09,0.0,5.09,4.25,4.25,1.0,34368.0
2016-09-15,4.37,4.37,4.1,4.25,22995.0,4.37,0.0,4.37,4.1,4.25,1.0,22995.0
2016-09-14,4.13,4.47,4.13,4.47,13127.0,4.13,0.0,4.47,4.13,4.47,1.0,13127.0
2016-09-13,4.16,4.2501,4.16,4.2501,7053.0,4.16,0.0,4.2501,4.16,4.2501,1.0,7053.0
2016-09-12,4.26,4.4499,4.26,4.4499,17672.0,4.26,0.0,4.4499,4.26,4.4499,1.0,17672.0
2016-09-09,4.4,4.459,4.3,4.3,6805.0,4.4,0.0,4.459,4.3,4.3,1.0,6805.0
2016-09-08,4.34,4.5348,4.22,4.5,12715.0,4.34,0.0,4.5348,4.22,4.5,1.0,12715.0
2016-09-07,4.5,4.84,4.5,4.84,17937.0,4.5,0.0,4.84,4.5,4.84,1.0,17937.0
2016-09-06,4.6,4.8,4.171,4.65,12922.0,4.6,0.0,4.8,4.171,4.65,1.0,12922.0
2016-09-02,4.65,4.7566,4.65,4.7566,658.0,4.65,0.0,4.7566,4.65,4.7566,1.0,658.0
2016-09-01,4.65,4.6826,4.6464,4.6748,4078.0,4.65,0.0,4.6826,4.6464,4.6748,1.0,4078.0
2016-08-31,4.65,4.741,4.65,4.6866,639.0,4.65,0.0,4.741,4.65,4.6866,1.0,639.0
2016-08-30,4.65,4.727,4.65,4.727,1076.0,4.65,0.0,4.727,4.65,4.727,1.0,1076.0
2016-08-29,4.732,4.732,4.732,4.732,401.0,4.732,0.0,4.732,4.732,4.732,1.0,401.0
2016-08-26,4.689,4.8,4.67,4.67,4540.0,4.689,0.0,4.8,4.67,4.67,1.0,4540.0
2016-08-25,4.74,4.74,4.6761,4.6761,371.0,4.74,0.0,4.74,4.6761,4.6761,1.0,371.0
2016-08-24,4.5557,4.65,4.5557,4.65,2156.0,4.5557,0.0,4.65,4.5557,4.65,1.0,2156.0
2016-08-23,4.7,4.7,4.7,4.7,427.0,4.7,0.0,4.7,4.7,4.7,1.0,427.0
2016-08-22,4.7899,4.7899,4.7899,4.7899,1387.0,4.7899,0.0,4.7899,4.7899,4.7899,1.0,1387.0
2016-08-19,4.65,4.65,4.65,4.65,245.0,4.65,0.0,4.65,4.65,4.65,1.0,245.0
2016-08-18,4.65,4.8,4.65,4.8,9321.0,4.65,0.0,4.8,4.65,4.8,1.0,9321.0
2016-08-17,4.67,4.8,4.65,4.66,42851.0,4.67,0.0,4.8,4.65,4.66,1.0,42851.0
2016-08-16,4.65,4.75,4.5755,4.75,36612.0,4.65,0.0,4.75,4.5755,4.75,1.0,36612.0
2016-08-15,4.789,4.829,4.785,4.829,9325.0,4.789,0.0,4.829,4.785,4.829,1.0,9325.0
2016-08-12,4.7301,4.77,4.7029,4.7029,1362.0,4.7301,0.0,4.77,4.7029,4.7029,1.0,1362.0
2016-08-11,4.78,4.78,4.65,4.66,2249.0,4.78,0.0,4.78,4.65,4.66,1.0,2249.0
2016-08-10,4.63,4.7336,4.6,4.7336,3676.0,4.63,0.0,4.7336,4.6,4.7336,1.0,3676.0
2016-08-09,4.79,4.8,4.7012,4.77,6065.0,4.79,0.0,4.8,4.7012,4.77,1.0,6065.0
2016-08-08,4.7,4.77,4.5562,4.5562,2031.0,4.7,0.0,4.77,4.5562,4.5562,1.0,2031.0
2016-08-05,4.7,4.71,4.5,4.5,3477.0,4.7,0.0,4.71,4.5,4.5,1.0,3477.0
2016-08-04,4.7,4.7,4.7,4.7,189.0,4.7,0.0,4.7,4.7,4.7,1.0,189.0
2016-08-03,4.714,4.714,4.6,4.6,235.0,4.714,0.0,4.714,4.6,4.6,1.0,235.0
2016-08-02,4.65,4.78,4.65,4.73,5496.0,4.65,0.0,4.78,4.65,4.73,1.0,5496.0
2016-08-01,4.67,4.88,4.57,4.66,6490.0,4.67,0.0,4.88,4.57,4.66,1.0,6490.0
2016-07-29,4.67,4.67,4.41,4.43,957.0,4.67,0.0,4.67,4.41,4.43,1.0,957.0
2016-07-28,4.69,4.702,4.69,4.702,1313.0,4.69,0.0,4.702,4.69,4.702,1.0,1313.0
2016-07-27,4.8299,4.84,4.82,4.838,1501.0,4.8299,0.0,4.84,4.82,4.838,1.0,1501.0
2016-07-26,4.7018,4.7018,4.7018,4.7018,262.0,4.7018,0.0,4.7018,4.7018,4.7018,1.0,262.0
2016-07-25,4.8178,4.8178,4.8178,4.8178,154.0,4.8178,0.0,4.8178,4.8178,4.8178,1.0,154.0
2016-07-22,4.711,4.711,4.711,4.711,1980.0,4.711,0.0,4.711,4.711,4.711,1.0,1980.0
2016-07-21,4.7111,4.83,4.7111,4.83,3657.0,4.7111,0.0,4.83,4.7111,4.83,1.0,3657.0
2016-07-20,4.7,4.89,4.6,4.6,14280.0,4.7,0.0,4.89,4.6,4.6,1.0,14280.0
2016-07-19,4.6,4.625,4.534,4.534,7537.0,4.6,0.0,4.625,4.534,4.534,1.0,7537.0
2016-07-18,4.55,4.57,4.45,4.5,6805.0,4.55,0.0,4.57,4.45,4.5,1.0,6805.0
2016-07-15,4.5,4.5499,4.4156,4.52,3890.0,4.5,0.0,4.5499,4.4156,4.52,1.0,3890.0
2016-07-14,4.579,4.579,4.5,4.5,2719.0,4.579,0.0,4.579,4.5,4.5,1.0,2719.0
2016-07-13,4.595,4.595,4.4563,4.4563,6577.0,4.595,0.0,4.595,4.4563,4.4563,1.0,6577.0
2016-07-12,4.5221,4.5221,4.51,4.51,522.0,4.5221,0.0,4.5221,4.51,4.51,1.0,522.0
2016-07-11,4.5999,4.5999,4.45,4.45,1352.0,4.5999,0.0,4.5999,4.45,4.45,1.0,1352.0
2016-07-08,4.43,4.43,4.4001,4.4001,1243.0,4.43,0.0,4.43,4.4001,4.4001,1.0,1243.0
2016-07-07,4.4,4.48,4.4,4.42,1591.0,4.4,0.0,4.48,4.4,4.42,1.0,1591.0
2016-07-06,4.475,4.59,4.4,4.4,16244.0,4.475,0.0,4.59,4.4,4.4,1.0,16244.0
2016-07-05,4.485,4.485,4.4,4.42,4201.0,4.485,0.0,4.485,4.4,4.42,1.0,4201.0
2016-07-01,4.4,4.49,4.4,4.49,6375.0,4.4,0.0,4.49,4.4,4.49,1.0,6375.0
2016-06-30,4.37,4.5,4.37,4.5,1371.0,4.37,0.0,4.5,4.37,4.5,1.0,1371.0
2016-06-29,4.5075,4.5075,4.4,4.5,2851.0,4.5075,0.0,4.5075,4.4,4.5,1.0,2851.0
2016-06-28,4.45,4.55,4.45,4.55,7919.0,4.45,0.0,4.55,4.45,4.55,1.0,7919.0
2016-06-27,4.45,4.5699,4.3,4.35,10366.0,4.45,0.0,4.5699,4.3,4.35,1.0,10366.0
2016-06-24,4.38,4.5393,4.34,4.41,14942.0,4.38,0.0,4.5393,4.34,4.41,1.0,14942.0
2016-06-23,4.34,4.55,4.34,4.54,2764.0,4.34,0.0,4.55,4.34,4.54,1.0,2764.0
2016-06-22,4.45,4.45,4.45,4.45,480.0,4.45,0.0,4.45,4.45,4.45,1.0,480.0
2016-06-21,4.495,4.5,4.32,4.4,3494.0,4.495,0.0,4.5,4.32,4.4,1.0,3494.0
2016-06-20,4.4501,4.51,4.4,4.51,2180.0,4.4501,0.0,4.51,4.4,4.51,1.0,2180.0
2016-06-17,4.35,4.5777,4.35,4.5777,2643.0,4.35,0.0,4.5777,4.35,4.5777,1.0,2643.0
2016-06-16,4.5,4.5,4.39,4.5,4403.0,4.5,0.0,4.5,4.39,4.5,1.0,4403.0
2016-06-15,4.47,4.66,4.3,4.66,3720.0,4.47,0.0,4.66,4.3,4.66,1.0,3720.0
2016-06-14,4.5,4.79,4.45,4.79,16308.0,4.5,0.0,4.79,4.45,4.79,1.0,16308.0
2016-06-13,4.48,4.5772,4.43,4.5772,10765.0,4.48,0.0,4.5772,4.43,4.5772,1.0,10765.0
2016-06-10,4.5,4.5025,4.4,4.44,12837.0,4.5,0.0,4.5025,4.4,4.44,1.0,12837.0
2016-06-09,4.48,4.645,4.45,4.56,9594.0,4.48,0.0,4.645,4.45,4.56,1.0,9594.0
2016-06-08,4.56,4.6018,4.5,4.5,3341.0,4.56,0.0,4.6018,4.5,4.5,1.0,3341.0
2016-06-07,4.54,4.6,4.37,4.5,2008.0,4.54,0.0,4.6,4.37,4.5,1.0,2008.0
2016-06-06,4.45,4.5653,4.3186,4.35,5355.0,4.45,0.0,4.5653,4.3186,4.35,1.0,5355.0
2016-06-03,4.33,4.4399,4.33,4.368,4967.0,4.33,0.0,4.4399,4.33,4.368,1.0,4967.0
2016-06-02,4.36,4.4498,4.34,4.37,1690.0,4.36,0.0,4.4498,4.34,4.37,1.0,1690.0
2016-06-01,4.4,4.55,4.4,4.43,5072.0,4.4,0.0,4.55,4.4,4.43,1.0,5072.0
2016-05-31,4.42,4.69,4.41,4.44,4040.0,4.42,0.0,4.69,4.41,4.44,1.0,4040.0
2016-05-27,4.4,4.46,4.4,4.4001,3082.0,4.4,0.0,4.46,4.4,4.4001,1.0,3082.0
2016-05-26,4.41,4.45,4.3825,4.45,2268.0,4.41,0.0,4.45,4.3825,4.45,1.0,2268.0
2016-05-25,4.46,4.795,4.35,4.63,11361.0,4.46,0.0,4.795,4.35,4.63,1.0,11361.0
2016-05-24,4.33,4.65,4.33,4.65,9871.0,4.33,0.0,4.65,4.33,4.65,1.0,9871.0
2016-05-23,4.65,4.7699,4.36,4.36,7123.0,4.65,0.0,4.7699,4.36,4.36,1.0,7123.0
2016-05-20,4.31,4.525,4.2101,4.4,12621.0,4.31,0.0,4.525,4.2101,4.4,1.0,12621.0
2016-05-19,4.37,4.39,4.18,4.31,16051.0,4.37,0.0,4.39,4.18,4.31,1.0,16051.0
2016-05-18,4.18,4.29,4.17,4.18,8341.0,4.18,0.0,4.29,4.17,4.18,1.0,8341.0
2016-05-17,4.21,4.51,4.158,4.28,14012.0,4.21,0.0,4.51,4.158,4.28,1.0,14012.0
2016-05-16,4.37,4.38,4.23,4.23,7381.0,4.37,0.0,4.38,4.23,4.23,1.0,7381.0
2016-05-13,4.38,4.6,4.2601,4.52,5632.0,4.38,0.0,4.6,4.2601,4.52,1.0,5632.0
2016-05-12,4.53,4.61,4.1501,4.18,5886.0,4.53,0.0,4.61,4.1501,4.18,1.0,5886.0
2016-05-11,4.5199,4.52,4.51,4.51,2349.0,4.5199,0.0,4.52,4.51,4.51,1.0,2349.0
2016-05-10,4.52,4.58,4.41,4.56,5289.0,4.52,0.0,4.58,4.41,4.56,1.0,5289.0
2016-05-09,4.61,4.66,4.3401,4.46,7923.0,4.61,0.0,4.66,4.3401,4.46,1.0,7923.0
2016-05-06,4.61,4.68,4.4001,4.4001,4360.0,4.61,0.0,4.68,4.4001,4.4001,1.0,4360.0
2016-05-05,4.34,4.41,4.32,4.327,1618.0,4.34,0.0,4.41,4.32,4.327,1.0,1618.0
2016-05-04,4.45,4.5,4.37,4.5,5269.0,4.45,0.0,4.5,4.37,4.5,1.0,5269.0
2016-05-03,4.48,4.753,4.48,4.75,9936.0,4.48,0.0,4.753,4.48,4.75,1.0,9936.0
2016-05-02,4.92,4.99,4.8,4.99,6726.0,4.92,0.0,4.99,4.8,4.99,1.0,6726.0
2016-04-29,4.86,4.93,4.8,4.8,5573.0,4.86,0.0,4.93,4.8,4.8,1.0,5573.0
2016-04-28,4.77,5.1,4.75,5.09,28612.0,4.77,0.0,5.1,4.75,5.09,1.0,28612.0
2016-04-27,5.13,5.13,4.9501,5.0456,6066.0,5.13,0.0,5.13,4.9501,5.0456,1.0,6066.0
2016-04-26,4.93,5.2,4.92,5.1,11872.0,4.93,0.0,5.2,4.92,5.1,1.0,11872.0
2016-04-25,4.9,4.9,4.7,4.9,4638.0,4.9,0.0,4.9,4.7,4.9,1.0,4638.0
2016-04-22,4.9,5.0,4.6,4.7,20144.0,4.9,0.0,5.0,4.6,4.7,1.0,20144.0
2016-04-21,4.55,4.72,4.29,4.55,24628.0,4.55,0.0,4.72,4.29,4.55,1.0,24628.0
2016-04-20,4.71,4.74,4.27,4.27,32802.0,4.71,0.0,4.74,4.27,4.27,1.0,32802.0
2016-04-19,4.285,4.4399,4.26,4.4399,2969.0,4.285,0.0,4.4399,4.26,4.4399,1.0,2969.0
2016-04-18,4.44,4.7499,4.44,4.68,6146.0,4.44,0.0,4.7499,4.44,4.68,1.0,6146.0
2016-04-15,4.59,4.75,4.59,4.6,1787.0,4.59,0.0,4.75,4.59,4.6,1.0,1787.0
2016-04-14,4.61,4.7557,4.57,4.71,10136.0,4.61,0.0,4.7557,4.57,4.71,1.0,10136.0
2016-04-13,4.61,4.8099,4.45,4.4601,7065.0,4.61,0.0,4.8099,4.45,4.4601,1.0,7065.0
2016-04-12,4.51,4.5801,4.4301,4.58,4551.0,4.51,0.0,4.5801,4.4301,4.58,1.0,4551.0
2016-04-11,4.6401,4.85,4.6065,4.7499,4747.0,4.6401,0.0,4.85,4.6065,4.7499,1.0,4747.0
2016-04-08,4.56,4.8092,4.55,4.7,3000.0,4.56,0.0,4.8092,4.55,4.7,1.0,3000.0
2016-04-07,4.72,4.9599,4.71,4.95,16086.0,4.72,0.0,4.9599,4.71,4.95,1.0,16086.0
2016-04-06,4.9,5.086,4.8256,5.086,13246.0,4.9,0.0,5.086,4.8256,5.086,1.0,13246.0
2016-04-05,4.81,5.05,4.77,4.89,29879.0,4.81,0.0,5.05,4.77,4.89,1.0,29879.0
2016-04-04,4.5917,4.645,4.5,4.51,12672.0,4.5917,0.0,4.645,4.5,4.51,1.0,12672.0
2016-04-01,4.53,4.7866,4.5,4.5,9441.0,4.53,0.0,4.7866,4.5,4.5,1.0,9441.0
2016-03-31,4.44,4.839,4.15,4.15,89974.0,4.44,0.0,4.839,4.15,4.15,1.0,89974.0
2016-03-30,4.11,4.155,4.07,4.1,10944.0,4.11,0.0,4.155,4.07,4.1,1.0,10944.0
2016-03-29,4.03,4.14,3.96,4.0,8607.0,4.03,0.0,4.14,3.96,4.0,1.0,8607.0
2016-03-28,4.0545,4.15,3.88,3.9899,5922.0,4.0545,0.0,4.15,3.88,3.9899,1.0,5922.0
2016-03-24,3.91,4.0,3.7,3.7,9642.0,3.91,0.0,4.0,3.7,3.7,1.0,9642.0
2016-03-23,3.76,4.24,3.53,4.07,29114.0,3.76,0.0,4.24,3.53,4.07,1.0,29114.0
2016-03-22,4.01,4.19,4.01,4.1,5983.0,4.01,0.0,4.19,4.01,4.1,1.0,5983.0
2016-03-21,4.06,4.225,4.06,4.103,13124.0,4.06,0.0,4.225,4.06,4.103,1.0,13124.0
2016-03-18,4.04,4.24,4.04,4.24,11171.0,4.04,0.0,4.24,4.04,4.24,1.0,11171.0
2016-03-17,4.1,4.24,3.84,4.15,26743.0,4.1,0.0,4.24,3.84,4.15,1.0,26743.0
2016-03-16,4.15,4.24,3.936,4.0,39943.0,4.15,0.0,4.24,3.936,4.0,1.0,39943.0
2016-03-15,3.87,3.89,3.69,3.69,31180.0,3.87,0.0,3.89,3.69,3.69,1.0,31180.0
2016-03-14,3.55,3.64,3.29,3.29,8481.0,3.55,0.0,3.64,3.29,3.29,1.0,8481.0
2016-03-11,3.23,3.23,3.1,3.1,1813.0,3.23,0.0,3.23,3.1,3.1,1.0,1813.0
2016-03-10,3.39,3.39,3.08,3.08,808.0,3.39,0.0,3.39,3.08,3.08,1.0,808.0
2016-03-09,3.275,3.275,3.1,3.1,1180.0,3.275,0.0,3.275,3.1,3.1,1.0,1180.0
2016-03-08,3.5,3.5938,3.33,3.33,2515.0,3.5,0.0,3.5938,3.33,3.33,1.0,2515.0
2016-03-07,3.26,3.28,3.26,3.26,1536.0,3.26,0.0,3.28,3.26,3.26,1.0,1536.0
2016-03-04,3.22,3.22,3.22,3.22,0.0,3.22,0.0,3.22,3.22,3.22,1.0,0.0
2016-03-03,3.22,3.39,3.22,3.37,8091.0,3.22,0.0,3.39,3.22,3.37,1.0,8091.0
2016-03-02,3.36,3.3899,3.2,3.2,7629.0,3.36,0.0,3.3899,3.2,3.2,1.0,7629.0
2016-03-01,3.3322,3.417,2.98,3.08,4167.0,3.3322,0.0,3.417,2.98,3.08,1.0,4167.0
2016-02-29,3.08,3.25,3.06,3.06,4453.0,3.08,0.0,3.25,3.06,3.06,1.0,4453.0
2016-02-26,3.01,3.01,2.91,2.9201,3259.0,3.01,0.0,3.01,2.91,2.9201,1.0,3259.0
2016-02-25,2.93,3.0,2.93,2.9899,4164.0,2.93,0.0,3.0,2.93,2.9899,1.0,4164.0
2016-02-24,3.136,3.136,2.8601,3.06,14569.0,3.136,0.0,3.136,2.8601,3.06,1.0,14569.0
2016-02-23,3.0752,3.3499,2.64,2.82,19674.0,3.0752,0.0,3.3499,2.64,2.82,1.0,19674.0
2016-02-22,2.65,2.8423,2.65,2.65,4267.0,2.65,0.0,2.8423,2.65,2.65,1.0,4267.0
2016-02-19,2.7,3.05,2.7,2.9,1506.0,2.7,0.0,3.05,2.7,2.9,1.0,1506.0
2016-02-18,2.75,2.8,2.66,2.75,59490.0,2.75,0.0,2.8,2.66,2.75,1.0,59490.0
2016-02-17,2.85,3.05,2.778,3.05,4019.0,2.85,0.0,3.05,2.778,3.05,1.0,4019.0
2016-02-16,2.83,2.8867,2.802,2.85,6674.0,2.83,0.0,2.8867,2.802,2.85,1.0,6674.0
2016-02-12,2.96,3.21,2.85,3.21,1317.0,2.96,0.0,3.21,2.85,3.21,1.0,1317.0
2016-02-11,2.75,3.06,2.64,2.71,6463.0,2.75,0.0,3.06,2.64,2.71,1.0,6463.0
2016-02-10,2.88,3.2,2.7901,2.8,4513.0,2.88,0.0,3.2,2.7901,2.8,1.0,4513.0
2016-02-09,2.89,3.28,2.85,3.1101,9039.0,2.89,0.0,3.28,2.85,3.1101,1.0,9039.0
2016-02-08,2.86,3.1,2.6,3.0,18847.0,2.86,0.0,3.1,2.6,3.0,1.0,18847.0
2016-02-05,3.15,3.4,3.1077,3.13,11754.0,3.15,0.0,3.4,3.1077,3.13,1.0,11754.0
2016-02-04,3.3636,3.7099,3.27,3.7099,6910.0,3.3636,0.0,3.7099,3.27,3.7099,1.0,6910.0
2016-02-03,3.53,3.5999,3.02,3.45,16018.0,3.53,0.0,3.5999,3.02,3.45,1.0,16018.0
2016-02-02,3.42,3.7384,3.42,3.7384,11567.0,3.42,0.0,3.7384,3.42,3.7384,1.0,11567.0
2016-02-01,3.66,3.8355,3.61,3.7,10091.0,3.66,0.0,3.8355,3.61,3.7,1.0,10091.0
2016-01-29,3.611,3.99,3.611,3.7201,5735.0,3.611,0.0,3.99,3.611,3.7201,1.0,5735.0
2016-01-28,3.735,3.9,3.6501,3.71,5328.0,3.735,0.0,3.9,3.6501,3.71,1.0,5328.0
2016-01-27,3.6301,3.86,3.6301,3.77,8103.0,3.6301,0.0,3.86,3.6301,3.77,1.0,8103.0
2016-01-26,3.75,3.7544,3.6101,3.72,5776.0,3.75,0.0,3.7544,3.6101,3.72,1.0,5776.0
2016-01-25,3.63,3.89,3.62,3.8,12324.0,3.63,0.0,3.89,3.62,3.8,1.0,12324.0
2016-01-22,3.64,3.67,3.58,3.6017,2376.0,3.64,0.0,3.67,3.58,3.6017,1.0,2376.0
2016-01-21,3.57,3.607,3.57,3.607,291.0,3.57,0.0,3.607,3.57,3.607,1.0,291.0
2016-01-20,3.655,3.66,3.1,3.27,5271.0,3.655,0.0,3.66,3.1,3.27,1.0,5271.0
2016-01-19,3.35,3.56,3.3,3.43,6373.0,3.35,0.0,3.56,3.3,3.43,1.0,6373.0
2016-01-15,3.43,3.57,3.19,3.45,20206.0,3.43,0.0,3.57,3.19,3.45,1.0,20206.0
2016-01-14,3.46,3.65,3.11,3.16,7922.0,3.46,0.0,3.65,3.11,3.16,1.0,7922.0
2016-01-13,3.32,3.64,3.1001,3.6,9076.0,3.32,0.0,3.64,3.1001,3.6,1.0,9076.0
2016-01-12,3.27,3.7,3.15,3.35,8617.0,3.27,0.0,3.7,3.15,3.35,1.0,8617.0
2016-01-11,3.46,3.9299,2.96,3.91,42843.0,3.46,0.0,3.9299,2.96,3.91,1.0,42843.0
2016-01-08,3.61,3.8609,3.48,3.57,16219.0,3.61,0.0,3.8609,3.48,3.57,1.0,16219.0
2016-01-07,3.58,3.91,3.52,3.9,19796.0,3.58,0.0,3.91,3.52,3.9,1.0,19796.0
2016-01-06,3.66,3.83,3.66,3.83,8254.0,3.66,0.0,3.83,3.66,3.83,1.0,8254.0
2016-01-05,3.83,4.03,3.73,3.98,16275.0,3.83,0.0,4.03,3.73,3.98,1.0,16275.0
2016-01-04,3.77,3.97,3.7,3.9,12409.0,3.77,0.0,3.97,3.7,3.9,1.0,12409.0
