,adj_close,adj_high,adj_low,adj_open,adj_volume,close,ex_dividend,high,low,open,split_ratio,volume
2017-02-10,1.47,1.5,1.46,1.49,975897.0,1.47,0.0,1.5,1.46,1.49,1.0,975897.0
2017-02-09,1.49,1.51,1.45,1.47,1269297.0,1.49,0.0,1.51,1.45,1.47,1.0,1269297.0
2017-02-08,1.47,1.51,1.45,1.49,976125.0,1.47,0.0,1.51,1.45,1.49,1.0,976125.0
2017-02-07,1.49,1.62,1.48,1.61,1625610.0,1.49,0.0,1.62,1.48,1.61,1.0,1625610.0
2017-02-06,1.6,1.65,1.59,1.63,1398463.0,1.6,0.0,1.65,1.59,1.63,1.0,1398463.0
2017-02-03,1.65,1.66,1.6,1.66,1005495.0,1.65,0.0,1.66,1.6,1.66,1.0,1005495.0
2017-02-02,1.64,1.66,1.58,1.63,2143407.0,1.64,0.0,1.66,1.58,1.63,1.0,2143407.0
2017-02-01,1.61,1.64,1.51,1.55,3939095.0,1.61,0.0,1.64,1.51,1.55,1.0,3939095.0
2017-01-31,1.54,1.55,1.42,1.43,2947280.0,1.54,0.0,1.55,1.42,1.43,1.0,2947280.0
2017-01-30,1.45,1.48,1.43,1.46,1304704.0,1.45,0.0,1.48,1.43,1.46,1.0,1304704.0
2017-01-27,1.48,1.49,1.43,1.44,1502223.0,1.48,0.0,1.49,1.43,1.44,1.0,1502223.0
2017-01-26,1.44,1.48,1.43,1.47,924130.0,1.44,0.0,1.48,1.43,1.47,1.0,924130.0
2017-01-25,1.45,1.47,1.43,1.46,1521795.0,1.45,0.0,1.47,1.43,1.46,1.0,1521795.0
2017-01-24,1.44,1.45,1.4,1.41,2464536.0,1.44,0.0,1.45,1.4,1.41,1.0,2464536.0
2017-01-23,1.4,1.42,1.35,1.37,1392100.0,1.4,0.0,1.42,1.35,1.37,1.0,1392100.0
2017-01-20,1.37,1.4,1.3418,1.35,1868378.0,1.37,0.0,1.4,1.3418,1.35,1.0,1868378.0
2017-01-19,1.36,1.39,1.35,1.38,2139164.0,1.36,0.0,1.39,1.35,1.38,1.0,2139164.0
2017-01-18,1.37,1.4,1.35,1.38,3660690.0,1.37,0.0,1.4,1.35,1.38,1.0,3660690.0
2017-01-17,1.38,1.45,1.38,1.44,3156982.0,1.38,0.0,1.45,1.38,1.44,1.0,3156982.0
2017-01-13,1.42,1.48,1.41,1.44,1962774.0,1.42,0.0,1.48,1.41,1.44,1.0,1962774.0
2017-01-12,1.45,1.5,1.4,1.4,2635864.0,1.45,0.0,1.5,1.4,1.4,1.0,2635864.0
2017-01-11,1.41,1.47,1.4,1.44,2275762.0,1.41,0.0,1.47,1.4,1.44,1.0,2275762.0
2017-01-10,1.44,1.5,1.43,1.5,1064674.0,1.44,0.0,1.5,1.43,1.5,1.0,1064674.0
2017-01-09,1.48,1.529,1.46,1.52,1046915.0,1.48,0.0,1.529,1.46,1.52,1.0,1046915.0
2017-01-06,1.51,1.54,1.5,1.54,1166131.0,1.51,0.0,1.54,1.5,1.54,1.0,1166131.0
2017-01-05,1.51,1.56,1.5,1.55,1407881.0,1.51,0.0,1.56,1.5,1.55,1.0,1407881.0
2017-01-04,1.5,1.51,1.47,1.48,1937772.0,1.5,0.0,1.51,1.47,1.48,1.0,1937772.0
2017-01-03,1.47,1.49,1.43,1.44,964782.0,1.47,0.0,1.49,1.43,1.44,1.0,964782.0
2016-12-30,1.42,1.47,1.41,1.45,1902396.0,1.42,0.0,1.47,1.41,1.45,1.0,1902396.0
2016-12-29,1.45,1.54,1.45,1.53,1151757.0,1.45,0.0,1.54,1.45,1.53,1.0,1151757.0
2016-12-28,1.5,1.55,1.5,1.51,958577.0,1.5,0.0,1.55,1.5,1.51,1.0,958577.0
2016-12-27,1.53,1.56,1.5123,1.52,1783690.0,1.53,0.0,1.56,1.5123,1.52,1.0,1783690.0
2016-12-23,1.53,1.53,1.444,1.45,2158089.0,1.53,0.0,1.53,1.444,1.45,1.0,2158089.0
2016-12-22,1.47,1.485,1.39,1.41,1731445.0,1.47,0.0,1.485,1.39,1.41,1.0,1731445.0
2016-12-21,1.4,1.47,1.4,1.45,1276934.0,1.4,0.0,1.47,1.4,1.45,1.0,1276934.0
2016-12-20,1.44,1.465,1.43,1.45,1118272.0,1.44,0.0,1.465,1.43,1.45,1.0,1118272.0
2016-12-19,1.41,1.53,1.41,1.46,3483838.0,1.41,0.0,1.53,1.41,1.46,1.0,3483838.0
2016-12-16,1.46,1.52,1.44,1.51,2401456.0,1.46,0.0,1.52,1.44,1.51,1.0,2401456.0
2016-12-15,1.5,1.5,1.43,1.44,1383720.0,1.5,0.0,1.5,1.43,1.44,1.0,1383720.0
2016-12-14,1.44,1.4601,1.41,1.46,697519.0,1.44,0.0,1.4601,1.41,1.46,1.0,697519.0
2016-12-13,1.46,1.47,1.4,1.41,1242024.0,1.46,0.0,1.47,1.4,1.41,1.0,1242024.0
2016-12-12,1.4,1.43,1.4,1.41,920090.0,1.4,0.0,1.43,1.4,1.41,1.0,920090.0
2016-12-09,1.41,1.47,1.38,1.38,2597080.0,1.41,0.0,1.47,1.38,1.38,1.0,2597080.0
2016-12-08,1.37,1.42,1.37,1.42,2196060.0,1.37,0.0,1.42,1.37,1.42,1.0,2196060.0
2016-12-07,1.4,1.48,1.4,1.46,1772333.0,1.4,0.0,1.48,1.4,1.46,1.0,1772333.0
2016-12-06,1.48,1.49,1.41,1.46,1366185.0,1.48,0.0,1.49,1.41,1.46,1.0,1366185.0
2016-12-05,1.45,1.46,1.3907,1.42,1244331.0,1.45,0.0,1.46,1.3907,1.42,1.0,1244331.0
2016-12-02,1.41,1.46,1.37,1.4,2936708.0,1.41,0.0,1.46,1.37,1.4,1.0,2936708.0
2016-12-01,1.4,1.48,1.4,1.48,1924080.0,1.4,0.0,1.48,1.4,1.48,1.0,1924080.0
2016-11-30,1.45,1.52,1.44,1.5,1453190.0,1.45,0.0,1.52,1.44,1.5,1.0,1453190.0
2016-11-29,1.51,1.55,1.5,1.55,1266245.0,1.51,0.0,1.55,1.5,1.55,1.0,1266245.0
2016-11-28,1.52,1.6,1.52,1.58,1304147.0,1.52,0.0,1.6,1.52,1.58,1.0,1304147.0
2016-11-25,1.6,1.64,1.57,1.59,690441.0,1.6,0.0,1.64,1.57,1.59,1.0,690441.0
2016-11-23,1.59,1.6,1.45,1.49,1657039.0,1.59,0.0,1.6,1.45,1.49,1.0,1657039.0
2016-11-22,1.51,1.58,1.495,1.54,1134944.0,1.51,0.0,1.58,1.495,1.54,1.0,1134944.0
2016-11-21,1.55,1.57,1.53,1.57,855133.0,1.55,0.0,1.57,1.53,1.57,1.0,855133.0
2016-11-18,1.58,1.6,1.51,1.56,1288046.0,1.58,0.0,1.6,1.51,1.56,1.0,1288046.0
2016-11-17,1.57,1.6,1.55,1.58,971508.0,1.57,0.0,1.6,1.55,1.58,1.0,971508.0
2016-11-16,1.57,1.665,1.56,1.63,1464898.0,1.57,0.0,1.665,1.56,1.63,1.0,1464898.0
2016-11-15,1.64,1.67,1.6,1.67,1311623.0,1.64,0.0,1.67,1.6,1.67,1.0,1311623.0
2016-11-14,1.67,1.675,1.6,1.67,2181728.0,1.67,0.0,1.675,1.6,1.67,1.0,2181728.0
2016-11-11,1.64,1.64,1.57,1.61,2368436.0,1.64,0.0,1.64,1.57,1.61,1.0,2368436.0
2016-11-10,1.6,1.64,1.57,1.64,2390257.0,1.6,0.0,1.64,1.57,1.64,1.0,2390257.0
2016-11-09,1.59,1.61,1.54,1.55,3240072.0,1.59,0.0,1.61,1.54,1.55,1.0,3240072.0
2016-11-08,1.54,1.645,1.48,1.5,2760531.0,1.54,0.0,1.645,1.48,1.5,1.0,2760531.0
2016-11-07,1.47,1.47,1.39,1.43,1834923.0,1.47,0.0,1.47,1.39,1.43,1.0,1834923.0
2016-11-04,1.39,1.41,1.365,1.37,928824.0,1.39,0.0,1.41,1.365,1.37,1.0,928824.0
2016-11-03,1.35,1.41,1.35,1.4,1804403.0,1.35,0.0,1.41,1.35,1.4,1.0,1804403.0
2016-11-02,1.4,1.5,1.4,1.5,1329116.0,1.4,0.0,1.5,1.4,1.5,1.0,1329116.0
2016-11-01,1.49,1.51,1.48,1.49,560430.0,1.49,0.0,1.51,1.48,1.49,1.0,560430.0
2016-10-31,1.48,1.54,1.48,1.5,1266689.0,1.48,0.0,1.54,1.48,1.5,1.0,1266689.0
2016-10-28,1.52,1.58,1.51,1.58,1274093.0,1.52,0.0,1.58,1.51,1.58,1.0,1274093.0
2016-10-27,1.56,1.66,1.56,1.61,1068688.0,1.56,0.0,1.66,1.56,1.61,1.0,1068688.0
2016-10-26,1.59,1.65,1.56,1.6,686548.0,1.59,0.0,1.65,1.56,1.6,1.0,686548.0
2016-10-25,1.61,1.625,1.59,1.6,1012278.0,1.61,0.0,1.625,1.59,1.6,1.0,1012278.0
2016-10-24,1.59,1.6,1.58,1.59,627950.0,1.59,0.0,1.6,1.58,1.59,1.0,627950.0
2016-10-21,1.57,1.62,1.57,1.57,597931.0,1.57,0.0,1.62,1.57,1.57,1.0,597931.0
2016-10-20,1.59,1.6,1.53,1.54,1372746.0,1.59,0.0,1.6,1.53,1.54,1.0,1372746.0
2016-10-19,1.53,1.56,1.53,1.54,954920.0,1.53,0.0,1.56,1.53,1.54,1.0,954920.0
2016-10-18,1.53,1.63,1.52,1.59,2785346.0,1.53,0.0,1.63,1.52,1.59,1.0,2785346.0
2016-10-17,1.57,1.65,1.54,1.56,2611500.0,1.57,0.0,1.65,1.54,1.56,1.0,2611500.0
2016-10-14,1.55,1.71,1.55,1.7,2516608.0,1.55,0.0,1.71,1.55,1.7,1.0,2516608.0
2016-10-13,1.69,1.76,1.69,1.71,928566.0,1.69,0.0,1.76,1.69,1.71,1.0,928566.0
2016-10-12,1.73,1.88,1.73,1.84,1065489.0,1.73,0.0,1.88,1.73,1.84,1.0,1065489.0
2016-10-11,1.84,1.91,1.84,1.87,1129377.0,1.84,0.0,1.91,1.84,1.87,1.0,1129377.0
2016-10-10,1.86,1.92,1.84,1.89,1238874.0,1.86,0.0,1.92,1.84,1.89,1.0,1238874.0
2016-10-07,1.86,1.89,1.821,1.84,582940.0,1.86,0.0,1.89,1.821,1.84,1.0,582940.0
2016-10-06,1.82,1.87,1.82,1.85,625308.0,1.82,0.0,1.87,1.82,1.85,1.0,625308.0
2016-10-05,1.86,1.9,1.84,1.86,826759.0,1.86,0.0,1.9,1.84,1.86,1.0,826759.0
2016-10-04,1.84,1.9,1.8,1.83,2196532.0,1.84,0.0,1.9,1.8,1.83,1.0,2196532.0
2016-10-03,1.83,1.88,1.76,1.77,2259661.0,1.83,0.0,1.88,1.76,1.77,1.0,2259661.0
2016-09-30,1.75,1.799,1.72,1.78,2449560.0,1.75,0.0,1.799,1.72,1.78,1.0,2449560.0
2016-09-29,1.75,1.8,1.74,1.78,1419863.0,1.75,0.0,1.8,1.74,1.78,1.0,1419863.0
2016-09-28,1.77,1.82,1.75,1.82,1806546.0,1.77,0.0,1.82,1.75,1.82,1.0,1806546.0
2016-09-27,1.81,1.81,1.71,1.73,1731999.0,1.81,0.0,1.81,1.71,1.73,1.0,1731999.0
2016-09-26,1.73,1.77,1.73,1.73,713464.0,1.73,0.0,1.77,1.73,1.73,1.0,713464.0
2016-09-23,1.74,1.79,1.72,1.76,1415905.0,1.74,0.0,1.79,1.72,1.76,1.0,1415905.0
2016-09-22,1.77,1.83,1.76,1.79,4079788.0,1.77,0.0,1.83,1.76,1.79,1.0,4079788.0
2016-09-21,1.78,1.79,1.7,1.73,2091818.0,1.78,0.0,1.79,1.7,1.73,1.0,2091818.0
2016-09-20,1.71,1.78,1.7,1.71,1204393.0,1.71,0.0,1.78,1.7,1.71,1.0,1204393.0
2016-09-19,1.69,1.71,1.66,1.66,991326.0,1.69,0.0,1.71,1.66,1.66,1.0,991326.0
2016-09-16,1.66,1.79,1.62,1.78,6302748.0,1.66,0.0,1.79,1.62,1.78,1.0,6302748.0
2016-09-15,1.74,1.74,1.55,1.59,7678857.0,1.74,0.0,1.74,1.55,1.59,1.0,7678857.0
2016-09-14,1.54,1.55,1.51,1.51,1339215.0,1.54,0.0,1.55,1.51,1.51,1.0,1339215.0
2016-09-13,1.5,1.56,1.47,1.53,2877635.0,1.5,0.0,1.56,1.47,1.53,1.0,2877635.0
2016-09-12,1.56,1.56,1.4885,1.49,1558002.0,1.56,0.0,1.56,1.4885,1.49,1.0,1558002.0
2016-09-09,1.48,1.585,1.48,1.57,2300039.0,1.48,0.0,1.585,1.48,1.57,1.0,2300039.0
2016-09-08,1.59,1.62,1.54,1.56,1055347.0,1.59,0.0,1.62,1.54,1.56,1.0,1055347.0
2016-09-07,1.55,1.58,1.53,1.53,782043.0,1.55,0.0,1.58,1.53,1.53,1.0,782043.0
2016-09-06,1.54,1.6,1.53,1.59,3095517.0,1.54,0.0,1.6,1.53,1.59,1.0,3095517.0
2016-09-02,1.57,1.59,1.56,1.58,876867.0,1.57,0.0,1.59,1.56,1.58,1.0,876867.0
2016-09-01,1.56,1.57,1.52,1.54,2310872.0,1.56,0.0,1.57,1.52,1.54,1.0,2310872.0
2016-08-31,1.55,1.58,1.54,1.58,1064982.0,1.55,0.0,1.58,1.54,1.58,1.0,1064982.0
2016-08-30,1.57,1.63,1.56,1.61,1396012.0,1.57,0.0,1.63,1.56,1.61,1.0,1396012.0
2016-08-29,1.6,1.65,1.57,1.62,1357940.0,1.6,0.0,1.65,1.57,1.62,1.0,1357940.0
2016-08-26,1.63,1.66,1.6,1.63,699033.0,1.63,0.0,1.66,1.6,1.63,1.0,699033.0
2016-08-25,1.63,1.68,1.59,1.61,1623113.0,1.63,0.0,1.68,1.59,1.61,1.0,1623113.0
2016-08-24,1.59,1.7,1.59,1.68,1539080.0,1.59,0.0,1.7,1.59,1.68,1.0,1539080.0
2016-08-23,1.68,1.7,1.66,1.7,1403152.0,1.68,0.0,1.7,1.66,1.7,1.0,1403152.0
2016-08-22,1.68,1.68,1.62,1.62,826406.0,1.68,0.0,1.68,1.62,1.62,1.0,826406.0
2016-08-19,1.62,1.67,1.62,1.63,626259.0,1.62,0.0,1.67,1.62,1.63,1.0,626259.0
2016-08-18,1.64,1.66,1.61,1.61,490869.0,1.64,0.0,1.66,1.61,1.61,1.0,490869.0
2016-08-17,1.62,1.66,1.61,1.65,669245.0,1.62,0.0,1.66,1.61,1.65,1.0,669245.0
2016-08-16,1.65,1.7,1.65,1.69,897535.0,1.65,0.0,1.7,1.65,1.69,1.0,897535.0
2016-08-15,1.71,1.73,1.67,1.67,1047418.0,1.71,0.0,1.73,1.67,1.67,1.0,1047418.0
2016-08-12,1.67,1.67,1.63,1.65,397566.0,1.67,0.0,1.67,1.63,1.65,1.0,397566.0
2016-08-11,1.66,1.67,1.61,1.61,718124.0,1.66,0.0,1.67,1.61,1.61,1.0,718124.0
2016-08-10,1.61,1.67,1.61,1.66,910304.0,1.61,0.0,1.67,1.61,1.66,1.0,910304.0
2016-08-09,1.67,1.69,1.6,1.6,1157533.0,1.67,0.0,1.69,1.6,1.6,1.0,1157533.0
2016-08-08,1.68,1.755,1.68,1.73,981026.0,1.68,0.0,1.755,1.68,1.73,1.0,981026.0
2016-08-05,1.74,1.76,1.705,1.71,1070185.0,1.74,0.0,1.76,1.705,1.71,1.0,1070185.0
2016-08-04,1.71,1.77,1.71,1.75,739745.0,1.71,0.0,1.77,1.71,1.75,1.0,739745.0
2016-08-03,1.73,1.755,1.61,1.62,1007575.0,1.73,0.0,1.755,1.61,1.62,1.0,1007575.0
2016-08-02,1.63,1.69,1.61,1.68,1009733.0,1.63,0.0,1.69,1.61,1.68,1.0,1009733.0
2016-08-01,1.685,1.7,1.65,1.68,676592.0,1.685,0.0,1.7,1.65,1.68,1.0,676592.0
2016-07-29,1.67,1.7,1.66,1.67,739472.0,1.67,0.0,1.7,1.66,1.67,1.0,739472.0
2016-07-28,1.68,1.72,1.66,1.69,721806.0,1.68,0.0,1.72,1.66,1.69,1.0,721806.0
2016-07-27,1.71,1.735,1.66,1.71,2324041.0,1.71,0.0,1.735,1.66,1.71,1.0,2324041.0
2016-07-26,1.67,1.72,1.6417,1.66,1943909.0,1.67,0.0,1.72,1.6417,1.66,1.0,1943909.0
2016-07-25,1.66,1.73,1.63,1.69,719692.0,1.66,0.0,1.73,1.63,1.69,1.0,719692.0
2016-07-22,1.68,1.7917,1.68,1.78,3396243.0,1.68,0.0,1.7917,1.68,1.78,1.0,3396243.0
2016-07-21,1.78,1.82,1.77,1.8,1158719.0,1.78,0.0,1.82,1.77,1.8,1.0,1158719.0
2016-07-20,1.78,1.79,1.71,1.73,1203505.0,1.78,0.0,1.79,1.71,1.73,1.0,1203505.0
2016-07-19,1.72,1.82,1.71,1.8,2706480.0,1.72,0.0,1.82,1.71,1.8,1.0,2706480.0
2016-07-18,1.7,1.74,1.6309,1.68,1848882.0,1.7,0.0,1.74,1.6309,1.68,1.0,1848882.0
2016-07-15,1.66,1.66,1.62,1.63,1022410.0,1.66,0.0,1.66,1.62,1.63,1.0,1022410.0
2016-07-14,1.63,1.74,1.62,1.74,2090626.0,1.63,0.0,1.74,1.62,1.74,1.0,2090626.0
2016-07-13,1.6,1.65,1.6,1.63,1367756.0,1.6,0.0,1.65,1.6,1.63,1.0,1367756.0
2016-07-12,1.62,1.66,1.6,1.63,4629036.0,1.62,0.0,1.66,1.6,1.63,1.0,4629036.0
2016-07-11,1.62,1.74,1.57,1.7,5037532.0,1.62,0.0,1.74,1.57,1.7,1.0,5037532.0
2016-07-08,1.7,1.7,1.62,1.65,2297565.0,1.7,0.0,1.7,1.62,1.65,1.0,2297565.0
2016-07-07,1.64,1.64,1.586,1.61,1111230.0,1.64,0.0,1.64,1.586,1.61,1.0,1111230.0
2016-07-06,1.61,1.62,1.56,1.6,959777.0,1.61,0.0,1.62,1.56,1.6,1.0,959777.0
2016-07-05,1.6,1.65,1.6,1.64,1107291.0,1.6,0.0,1.65,1.6,1.64,1.0,1107291.0
2016-07-01,1.66,1.7,1.62,1.65,1784440.0,1.66,0.0,1.7,1.62,1.65,1.0,1784440.0
2016-06-30,1.71,1.8,1.65,1.75,1654354.0,1.71,0.0,1.8,1.65,1.75,1.0,1654354.0
2016-06-29,1.75,1.78,1.7,1.74,889725.0,1.75,0.0,1.78,1.7,1.74,1.0,889725.0
2016-06-28,1.71,1.74,1.68,1.68,1382230.0,1.71,0.0,1.74,1.68,1.68,1.0,1382230.0
2016-06-27,1.65,1.81,1.65,1.79,1662963.0,1.65,0.0,1.81,1.65,1.79,1.0,1662963.0
2016-06-24,1.81,1.85,1.747,1.8,2149992.0,1.81,0.0,1.85,1.747,1.8,1.0,2149992.0
2016-06-23,1.91,1.91,1.83,1.86,1141408.0,1.91,0.0,1.91,1.83,1.86,1.0,1141408.0
2016-06-22,1.85,1.91,1.82,1.87,1137266.0,1.85,0.0,1.91,1.82,1.87,1.0,1137266.0
2016-06-21,1.87,1.94,1.83,1.9,885967.0,1.87,0.0,1.94,1.83,1.9,1.0,885967.0
2016-06-20,1.9,1.92,1.86,1.86,730475.0,1.9,0.0,1.92,1.86,1.86,1.0,730475.0
2016-06-17,1.84,1.95,1.83,1.9,2484819.0,1.84,0.0,1.95,1.83,1.9,1.0,2484819.0
2016-06-16,1.89,1.99,1.83,1.94,1217965.0,1.89,0.0,1.99,1.83,1.94,1.0,1217965.0
2016-06-15,1.94,2.02,1.93,1.97,1001516.0,1.94,0.0,2.02,1.93,1.97,1.0,1001516.0
2016-06-14,1.96,2.03,1.91,1.99,1083149.0,1.96,0.0,2.03,1.91,1.99,1.0,1083149.0
2016-06-13,2.0,2.069,1.96,2.02,1115663.0,2.0,0.0,2.069,1.96,2.02,1.0,1115663.0
2016-06-10,1.99,2.04,1.94,2.03,1743125.0,1.99,0.0,2.04,1.94,2.03,1.0,1743125.0
2016-06-09,2.06,2.16,2.06,2.16,1688423.0,2.06,0.0,2.16,2.06,2.16,1.0,1688423.0
2016-06-08,2.15,2.15,1.93,1.99,2510658.0,2.15,0.0,2.15,1.93,1.99,1.0,2510658.0
2016-06-07,1.96,2.0,1.91,1.99,1079964.0,1.96,0.0,2.0,1.91,1.99,1.0,1079964.0
2016-06-06,2.01,2.01,1.82,1.87,2133372.0,2.01,0.0,2.01,1.82,1.87,1.0,2133372.0
2016-06-03,1.87,1.95,1.81,1.95,1601258.0,1.87,0.0,1.95,1.81,1.95,1.0,1601258.0
2016-06-02,1.93,1.93,1.78,1.78,2840142.0,1.93,0.0,1.93,1.78,1.78,1.0,2840142.0
2016-06-01,1.79,1.82,1.76,1.81,890526.0,1.79,0.0,1.82,1.76,1.81,1.0,890526.0
2016-05-31,1.81,1.82,1.7374,1.75,1371521.0,1.81,0.0,1.82,1.7374,1.75,1.0,1371521.0
2016-05-27,1.75,1.76,1.62,1.62,2390964.0,1.75,0.0,1.76,1.62,1.62,1.0,2390964.0
2016-05-26,1.62,1.64,1.59,1.6,1008561.0,1.62,0.0,1.64,1.59,1.6,1.0,1008561.0
2016-05-25,1.59,1.67,1.59,1.63,1571694.0,1.59,0.0,1.67,1.59,1.63,1.0,1571694.0
2016-05-24,1.63,1.66,1.61,1.64,1619670.0,1.63,0.0,1.66,1.61,1.64,1.0,1619670.0
2016-05-23,1.62,1.65,1.56,1.56,2037349.0,1.62,0.0,1.65,1.56,1.56,1.0,2037349.0
2016-05-20,1.57,1.58,1.52,1.53,2626608.0,1.57,0.0,1.58,1.52,1.53,1.0,2626608.0
2016-05-19,1.51,1.55,1.49,1.49,1866653.0,1.51,0.0,1.55,1.49,1.49,1.0,1866653.0
2016-05-18,1.5,1.57,1.48,1.51,1713834.0,1.5,0.0,1.57,1.48,1.51,1.0,1713834.0
2016-05-17,1.52,1.61,1.51,1.57,2775349.0,1.52,0.0,1.61,1.51,1.57,1.0,2775349.0
2016-05-16,1.58,1.61,1.54,1.57,2303341.0,1.58,0.0,1.61,1.54,1.57,1.0,2303341.0
2016-05-13,1.53,1.57,1.5,1.51,1084958.0,1.53,0.0,1.57,1.5,1.51,1.0,1084958.0
2016-05-12,1.52,1.58,1.49,1.58,2133872.0,1.52,0.0,1.58,1.49,1.58,1.0,2133872.0
2016-05-11,1.55,1.66,1.55,1.6,2505647.0,1.55,0.0,1.66,1.55,1.6,1.0,2505647.0
2016-05-10,1.61,1.69,1.6,1.66,1995118.0,1.61,0.0,1.69,1.6,1.66,1.0,1995118.0
2016-05-09,1.58,1.6,1.53,1.57,2286188.0,1.58,0.0,1.6,1.53,1.57,1.0,2286188.0
2016-05-06,1.56,1.61,1.55,1.55,1919978.0,1.56,0.0,1.61,1.55,1.55,1.0,1919978.0
2016-05-05,1.575,1.62,1.52,1.59,2003682.0,1.575,0.0,1.62,1.52,1.59,1.0,2003682.0
2016-05-04,1.58,1.68,1.56,1.62,1738133.0,1.58,0.0,1.68,1.56,1.62,1.0,1738133.0
2016-05-03,1.62,1.73,1.62,1.66,1372301.0,1.62,0.0,1.73,1.62,1.66,1.0,1372301.0
2016-05-02,1.71,1.73,1.64,1.72,1804647.0,1.71,0.0,1.73,1.64,1.72,1.0,1804647.0
2016-04-29,1.72,1.8,1.72,1.79,1983630.0,1.72,0.0,1.8,1.72,1.79,1.0,1983630.0
2016-04-28,1.77,1.83,1.77,1.83,2073051.0,1.77,0.0,1.83,1.77,1.83,1.0,2073051.0
2016-04-27,1.79,1.84,1.74,1.78,2103847.0,1.79,0.0,1.84,1.74,1.78,1.0,2103847.0
2016-04-26,1.77,1.8322,1.73,1.81,2948646.0,1.77,0.0,1.8322,1.73,1.81,1.0,2948646.0
2016-04-25,1.8,1.88,1.8,1.85,863109.0,1.8,0.0,1.88,1.8,1.85,1.0,863109.0
2016-04-22,1.85,1.92,1.84,1.85,1573556.0,1.85,0.0,1.92,1.84,1.85,1.0,1573556.0
2016-04-21,1.88,1.88,1.82,1.84,1523019.0,1.88,0.0,1.88,1.82,1.84,1.0,1523019.0
2016-04-20,1.84,1.87,1.8,1.81,705269.0,1.84,0.0,1.87,1.8,1.81,1.0,705269.0
2016-04-19,1.82,1.88,1.82,1.87,1067372.0,1.82,0.0,1.88,1.82,1.87,1.0,1067372.0
2016-04-18,1.88,1.91,1.82,1.85,1228605.0,1.88,0.0,1.91,1.82,1.85,1.0,1228605.0
2016-04-15,1.85,1.91,1.84,1.86,1234869.0,1.85,0.0,1.91,1.84,1.86,1.0,1234869.0
2016-04-14,1.87,1.92,1.86,1.89,994655.0,1.87,0.0,1.92,1.86,1.89,1.0,994655.0
2016-04-13,1.91,1.95,1.87,1.93,1581721.0,1.91,0.0,1.95,1.87,1.93,1.0,1581721.0
2016-04-12,1.89,2.04,1.86,1.99,3254991.0,1.89,0.0,2.04,1.86,1.99,1.0,3254991.0
2016-04-11,1.84,1.96,1.84,1.9,872819.0,1.84,0.0,1.96,1.84,1.9,1.0,872819.0
2016-04-08,1.9,2.04,1.86,2.03,1461636.0,1.9,0.0,2.04,1.86,2.03,1.0,1461636.0
2016-04-07,2.0,2.03,1.96,2.0,1579634.0,2.0,0.0,2.03,1.96,2.0,1.0,1579634.0
2016-04-06,2.02,2.03,1.93,1.96,2063758.0,2.02,0.0,2.03,1.93,1.96,1.0,2063758.0
2016-04-05,1.93,2.035,1.92,2.01,1448307.0,1.93,0.0,2.035,1.92,2.01,1.0,1448307.0
2016-04-04,2.01,2.06,1.9618,1.97,1452829.0,2.01,0.0,2.06,1.9618,1.97,1.0,1452829.0
2016-04-01,1.98,2.02,1.9338,1.98,1696576.0,1.98,0.0,2.02,1.9338,1.98,1.0,1696576.0
2016-03-31,1.97,1.98,1.92,1.93,1504839.0,1.97,0.0,1.98,1.92,1.93,1.0,1504839.0
2016-03-30,1.91,1.99,1.87,1.9,1502004.0,1.91,0.0,1.99,1.87,1.9,1.0,1502004.0
2016-03-29,1.86,1.89,1.72,1.82,1527473.0,1.86,0.0,1.89,1.72,1.82,1.0,1527473.0
2016-03-28,1.83,1.89,1.82,1.85,2368999.0,1.83,0.0,1.89,1.82,1.85,1.0,2368999.0
2016-03-24,1.83,1.9,1.725,1.78,1420472.0,1.83,0.0,1.9,1.725,1.78,1.0,1420472.0
2016-03-23,1.79,2.05,1.78,1.94,2679992.0,1.79,0.0,2.05,1.78,1.94,1.0,2679992.0
2016-03-22,1.94,1.95,1.75,1.76,2305000.0,1.94,0.0,1.95,1.75,1.76,1.0,2305000.0
2016-03-21,1.78,1.82,1.62,1.64,3003444.0,1.78,0.0,1.82,1.62,1.64,1.0,3003444.0
2016-03-18,1.65,1.7,1.5,1.55,8490959.0,1.65,0.0,1.7,1.5,1.55,1.0,8490959.0
2016-03-17,1.53,1.55,1.36,1.42,4173679.0,1.53,0.0,1.55,1.36,1.42,1.0,4173679.0
2016-03-16,1.41,1.48,1.39,1.45,2502373.0,1.41,0.0,1.48,1.39,1.45,1.0,2502373.0
2016-03-15,1.44,1.5299,1.44,1.5,2813498.0,1.44,0.0,1.5299,1.44,1.5,1.0,2813498.0
2016-03-14,1.53,1.57,1.46,1.46,3150998.0,1.53,0.0,1.57,1.46,1.46,1.0,3150998.0
2016-03-11,1.5,1.52,1.45,1.48,2072604.0,1.5,0.0,1.52,1.45,1.48,1.0,2072604.0
2016-03-10,1.46,1.56,1.46,1.54,2165032.0,1.46,0.0,1.56,1.46,1.54,1.0,2165032.0
2016-03-09,1.54,1.56,1.46,1.52,1267525.0,1.54,0.0,1.56,1.46,1.52,1.0,1267525.0
2016-03-08,1.5,1.63,1.5,1.54,1413639.0,1.5,0.0,1.63,1.5,1.54,1.0,1413639.0
2016-03-07,1.59,1.59,1.48,1.49,1463691.0,1.59,0.0,1.59,1.48,1.49,1.0,1463691.0
2016-03-04,1.51,1.58,1.49,1.58,2336641.0,1.51,0.0,1.58,1.49,1.58,1.0,2336641.0
2016-03-03,1.56,1.59,1.52,1.52,1399325.0,1.56,0.0,1.59,1.52,1.52,1.0,1399325.0
2016-03-02,1.55,1.56,1.465,1.5,2686483.0,1.55,0.0,1.56,1.465,1.5,1.0,2686483.0
2016-03-01,1.53,1.53,1.35,1.44,3948102.0,1.53,0.0,1.53,1.35,1.44,1.0,3948102.0
2016-02-29,1.49,1.55,1.45,1.54,2193212.0,1.49,0.0,1.55,1.45,1.54,1.0,2193212.0
2016-02-26,1.53,1.53,1.48,1.49,971137.0,1.53,0.0,1.53,1.48,1.49,1.0,971137.0
2016-02-25,1.5,1.55,1.47,1.5,1246141.0,1.5,0.0,1.55,1.47,1.5,1.0,1246141.0
2016-02-24,1.51,1.52,1.42,1.45,2161518.0,1.51,0.0,1.52,1.42,1.45,1.0,2161518.0
2016-02-23,1.46,1.62,1.46,1.6,1354242.0,1.46,0.0,1.62,1.46,1.6,1.0,1354242.0
2016-02-22,1.62,1.64,1.59,1.61,1096950.0,1.62,0.0,1.64,1.59,1.61,1.0,1096950.0
2016-02-19,1.61,1.61,1.48,1.52,1458125.0,1.61,0.0,1.61,1.48,1.52,1.0,1458125.0
2016-02-18,1.52,1.65,1.51,1.64,1561555.0,1.52,0.0,1.65,1.51,1.64,1.0,1561555.0
2016-02-17,1.64,1.65,1.56,1.58,1752279.0,1.64,0.0,1.65,1.56,1.58,1.0,1752279.0
2016-02-16,1.58,1.6,1.5001,1.51,1520177.0,1.58,0.0,1.6,1.5001,1.51,1.0,1520177.0
2016-02-12,1.52,1.52,1.41,1.48,1378983.0,1.52,0.0,1.52,1.41,1.48,1.0,1378983.0
2016-02-11,1.47,1.48,1.39,1.45,2063664.0,1.47,0.0,1.48,1.39,1.45,1.0,2063664.0
2016-02-10,1.48,1.59,1.46,1.52,1632124.0,1.48,0.0,1.59,1.46,1.52,1.0,1632124.0
2016-02-09,1.52,1.59,1.44,1.49,1778273.0,1.52,0.0,1.59,1.44,1.49,1.0,1778273.0
2016-02-08,1.5,1.59,1.43,1.53,2889437.0,1.5,0.0,1.59,1.43,1.53,1.0,2889437.0
2016-02-05,1.57,1.66,1.54,1.57,2314979.0,1.57,0.0,1.66,1.54,1.57,1.0,2314979.0
2016-02-04,1.61,1.65,1.445,1.46,2345033.0,1.61,0.0,1.65,1.445,1.46,1.0,2345033.0
2016-02-03,1.45,1.4994,1.32,1.44,3494647.0,1.45,0.0,1.4994,1.32,1.44,1.0,3494647.0
2016-02-02,1.44,1.55,1.43,1.51,1813052.0,1.44,0.0,1.55,1.43,1.51,1.0,1813052.0
2016-02-01,1.52,1.58,1.48,1.55,1679365.0,1.52,0.0,1.58,1.48,1.55,1.0,1679365.0
2016-01-29,1.51,1.56,1.43,1.44,1510882.0,1.51,0.0,1.56,1.43,1.44,1.0,1510882.0
2016-01-28,1.46,1.55,1.45,1.51,1370384.0,1.46,0.0,1.55,1.45,1.51,1.0,1370384.0
2016-01-27,1.52,1.66,1.5,1.62,1713133.0,1.52,0.0,1.66,1.5,1.62,1.0,1713133.0
2016-01-26,1.63,1.675,1.54,1.67,1423475.0,1.63,0.0,1.675,1.54,1.67,1.0,1423475.0
2016-01-25,1.65,1.75,1.64,1.69,2354645.0,1.65,0.0,1.75,1.64,1.69,1.0,2354645.0
2016-01-22,1.7,1.71,1.64,1.66,1374204.0,1.7,0.0,1.71,1.64,1.66,1.0,1374204.0
2016-01-21,1.66,1.76,1.615,1.67,2206194.0,1.66,0.0,1.76,1.615,1.67,1.0,2206194.0
2016-01-20,1.67,1.67,1.44,1.49,2363849.0,1.67,0.0,1.67,1.44,1.49,1.0,2363849.0
2016-01-19,1.55,1.68,1.47,1.67,2134283.0,1.55,0.0,1.68,1.47,1.67,1.0,2134283.0
2016-01-15,1.65,1.66,1.52,1.6,3145917.0,1.65,0.0,1.66,1.52,1.6,1.0,3145917.0
2016-01-14,1.66,1.71,1.54,1.66,2725783.0,1.66,0.0,1.71,1.54,1.66,1.0,2725783.0
2016-01-13,1.62,1.73,1.54,1.73,4831800.0,1.62,0.0,1.73,1.54,1.73,1.0,4831800.0
2016-01-12,1.57,1.58,1.42,1.47,3157251.0,1.57,0.0,1.58,1.42,1.47,1.0,3157251.0
2016-01-11,1.45,1.74,1.3,1.67,4434837.0,1.45,0.0,1.74,1.3,1.67,1.0,4434837.0
2016-01-08,1.65,1.8,1.65,1.65,2269475.0,1.65,0.0,1.8,1.65,1.65,1.0,2269475.0
2016-01-07,1.63,1.74,1.62,1.72,2394887.0,1.63,0.0,1.74,1.62,1.72,1.0,2394887.0
2016-01-06,1.75,1.86,1.75,1.82,1911880.0,1.75,0.0,1.86,1.75,1.82,1.0,1911880.0
2016-01-05,1.86,1.885,1.81,1.86,1503429.0,1.86,0.0,1.885,1.81,1.86,1.0,1503429.0
2016-01-04,1.83,1.96,1.8,1.91,2438008.0,1.83,0.0,1.96,1.8,1.91,1.0,2438008.0
