,adj_close,adj_high,adj_low,adj_open,adj_volume,close,ex_dividend,high,low,open,split_ratio,volume
2017-02-10,124.85,125.25,124.15,124.8,791703.0,124.85,0.0,125.25,124.15,124.8,1.0,791703.0
2017-02-09,124.52,125.55,124.32,124.41,820620.0,124.52,0.0,125.55,124.32,124.41,1.0,820620.0
2017-02-08,124.09,124.26,122.99,123.41,853088.0,124.09,0.0,124.26,122.99,123.41,1.0,853088.0
2017-02-07,123.26,123.565,121.87,122.03,1117990.0,123.26,0.0,123.565,121.87,122.03,1.0,1117990.0
2017-02-06,122.23,122.63,121.87,122.24,261499.0,122.23,0.0,122.63,121.87,122.24,1.0,261499.0
2017-02-03,123.01,123.57,122.87,122.91,358736.0,123.01,0.0,123.57,122.87,122.91,1.0,358736.0
2017-02-02,122.74,123.19,122.29,123.09,632842.0,122.74,0.0,123.19,122.29,123.09,1.0,632842.0
2017-02-01,121.31,122.11,121.0,121.65,1324600.0,121.31,0.0,122.11,121.0,121.65,1.0,1324600.0
2017-01-31,121.4,122.0,120.99,121.64,1435692.0,121.4,0.0,122.0,120.99,121.64,1.0,1435692.0
2017-01-30,121.71,121.86,120.02,120.91,1161032.0,121.71,0.0,121.86,120.02,120.91,1.0,1161032.0
2017-01-27,121.77,122.08,121.04,121.44,664343.0,121.77,0.0,122.08,121.04,121.44,1.0,664343.0
2017-01-26,121.13,122.16,121.07,121.3,611706.0,121.13,0.0,122.16,121.07,121.3,1.0,611706.0
2017-01-25,122.78,122.97,122.27,122.51,649534.0,122.78,0.0,122.97,122.27,122.51,1.0,649534.0
2017-01-24,122.55,123.0,122.07,122.28,975087.0,122.55,0.0,123.0,122.07,122.28,1.0,975087.0
2017-01-23,122.17,122.32,120.6,121.97,1570553.0,122.17,0.0,122.32,120.6,121.97,1.0,1570553.0
2017-01-20,122.05,122.31,121.52,121.52,787454.0,122.05,0.0,122.31,121.52,121.52,1.0,787454.0
2017-01-19,121.86,121.99,120.46,120.86,1936695.0,121.86,0.0,121.99,120.46,120.86,1.0,1936695.0
2017-01-18,122.97,125.8799,121.94,122.07,4391958.0,122.97,0.0,125.8799,121.94,122.07,1.0,4391958.0
2017-01-17,115.91,116.32,114.89,115.63,1381371.0,115.91,0.0,116.32,114.89,115.63,1.0,1381371.0
2017-01-13,115.3,115.54,114.75,114.77,1474208.0,115.3,0.0,115.54,114.75,114.77,1.0,1474208.0
2017-01-12,114.77,114.82,113.0,113.94,713915.0,114.77,0.0,114.82,113.0,113.94,1.0,713915.0
2017-01-11,113.48,113.51,112.19,112.25,419852.0,113.48,0.0,113.51,112.19,112.25,1.0,419852.0
2017-01-10,112.65,113.13,112.58,112.58,816605.0,112.65,0.0,113.13,112.58,112.58,1.0,816605.0
2017-01-09,112.49,112.73,111.01,111.02,555492.0,112.49,0.0,112.73,111.01,111.02,1.0,555492.0
2017-01-06,111.12,111.59,110.3,110.56,360614.0,111.12,0.0,111.59,110.3,110.56,1.0,360614.0
2017-01-05,111.24,111.9,110.75,110.8,493762.0,111.24,0.0,111.9,110.75,110.8,1.0,493762.0
2017-01-04,109.92,110.35,109.62,109.84,846218.0,109.92,0.0,110.35,109.62,109.84,1.0,846218.0
2017-01-03,110.45,111.28,110.145,110.98,874654.0,110.45,0.0,111.28,110.145,110.98,1.0,874654.0
2016-12-30,112.2,112.66,111.27,112.06,858700.0,112.2,0.0,112.66,111.27,112.06,1.0,858700.0
2016-12-29,111.16,111.37,110.7,110.97,754901.0,111.16,0.0,111.37,110.7,110.97,1.0,754901.0
2016-12-28,110.78,111.31,110.43,110.81,509889.0,110.78,0.0,111.31,110.43,110.81,1.0,509889.0
2016-12-27,111.51,111.62,110.79,110.79,308803.0,111.51,0.0,111.62,110.79,110.79,1.0,308803.0
2016-12-23,110.73,110.85,110.27,110.42,183975.0,110.73,0.0,110.85,110.27,110.42,1.0,183975.0
2016-12-22,109.98,110.42,109.7707,110.36,324231.0,109.98,0.0,110.42,109.7707,110.36,1.0,324231.0
2016-12-21,110.05,110.3,109.72,110.03,659506.0,110.05,0.0,110.3,109.72,110.03,1.0,659506.0
2016-12-20,109.71,109.8,109.11,109.37,810489.0,109.71,0.0,109.8,109.11,109.37,1.0,810489.0
2016-12-19,110.22,110.48,108.36,108.36,1709370.0,110.22,0.0,110.48,108.36,108.36,1.0,1709370.0
2016-12-16,106.24,106.72,105.96,106.26,865752.0,106.24,0.0,106.72,105.96,106.26,1.0,865752.0
2016-12-15,105.03,105.39,104.32,104.47,655373.0,105.03,0.0,105.39,104.32,104.47,1.0,655373.0
2016-12-14,103.63,104.94,103.53,104.58,390770.0,103.63,0.0,104.94,103.53,104.58,1.0,390770.0
2016-12-13,104.64,104.86,104.0,104.11,309243.0,104.64,0.0,104.86,104.0,104.11,1.0,309243.0
2016-12-12,102.9,103.34,102.41,103.17,308544.0,102.9,0.0,103.34,102.41,103.17,1.0,308544.0
2016-12-09,102.66,103.11,102.09,102.92,362496.0,102.66,0.0,103.11,102.09,102.92,1.0,362496.0
2016-12-08,103.11,103.73,102.65,103.19,478795.0,103.11,0.0,103.73,102.65,103.19,1.0,478795.0
2016-12-07,103.55,103.92,101.83,101.98,566602.0,103.55,0.0,103.92,101.83,101.98,1.0,566602.0
2016-12-06,102.71,102.9,101.79,101.89,399944.0,102.71,0.0,102.9,101.79,101.89,1.0,399944.0
2016-12-05,102.92,103.02,101.685,102.29,819082.0,102.92,0.0,103.02,101.685,102.29,1.0,819082.0
2016-12-02,99.78,100.3,98.84,99.01,701125.0,99.78,0.0,100.3,98.84,99.01,1.0,701125.0
2016-12-01,99.99,102.74,99.68,102.67,837881.0,99.99,0.0,102.74,99.68,102.67,1.0,837881.0
2016-11-30,103.13,103.82,102.93,103.77,434175.0,103.13,0.0,103.82,102.93,103.77,1.0,434175.0
2016-11-29,103.79,104.01,102.71,102.88,1194242.0,103.79,0.0,104.01,102.71,102.88,1.0,1194242.0
2016-11-28,103.63,103.91,103.22,103.3,453166.0,103.63,0.0,103.91,103.22,103.3,1.0,453166.0
2016-11-25,104.14,104.46,103.765,103.99,251865.0,104.14,0.0,104.46,103.765,103.99,1.0,251865.0
2016-11-23,105.1,105.35,104.25,104.48,432786.0,105.1,0.0,105.35,104.25,104.48,1.0,432786.0
2016-11-22,105.32,105.61,104.795,105.45,877086.0,105.32,0.0,105.61,104.795,105.45,1.0,877086.0
2016-11-21,105.09,105.11,104.02,104.09,1408246.0,105.09,0.0,105.11,104.02,104.09,1.0,1408246.0
2016-11-18,104.59,104.75,103.38,103.58,1914321.0,104.59,0.0,104.75,103.38,103.58,1.0,1914321.0
2016-11-17,102.56,102.85,101.19,101.24,1345548.0,102.56,0.0,102.85,101.19,101.24,1.0,1345548.0
2016-11-16,100.7,100.77,99.15,99.2,1036572.0,100.7,0.0,100.77,99.15,99.2,1.0,1036572.0
2016-11-15,100.02,100.28,98.75,99.12,491658.0,100.02,0.0,100.28,98.75,99.12,1.0,491658.0
2016-11-14,99.2,99.77,98.71,98.94,687842.0,99.2,0.0,99.77,98.71,98.94,1.0,687842.0
2016-11-11,100.25,100.51,98.72,99.7,1212328.0,100.25,0.0,100.51,98.72,99.7,1.0,1212328.0
2016-11-10,101.4,103.41,100.71,102.78,934929.0,101.4,0.0,103.41,100.71,102.78,1.0,934929.0
2016-11-09,103.67,103.815,102.33,102.33,496228.0,103.67,0.0,103.815,102.33,102.33,1.0,496228.0
2016-11-08,104.81,105.22,103.53,103.59,517094.0,104.81,0.0,105.22,103.53,103.59,1.0,517094.0
2016-11-07,104.75,104.76,103.6,103.8,412986.0,104.75,0.0,104.76,103.6,103.8,1.0,412986.0
2016-11-04,102.49,103.01,101.48,102.22,792161.0,102.49,0.0,103.01,101.48,102.22,1.0,792161.0
2016-11-03,101.78,103.6,101.78,103.35,707002.0,101.78,0.0,103.6,101.78,103.35,1.0,707002.0
2016-11-02,104.025,104.73,103.67,104.01,564434.0,104.025,0.0,104.73,103.67,104.01,1.0,564434.0
2016-11-01,103.89,105.68,103.29,105.65,936081.0,103.89,0.0,105.68,103.29,105.65,1.0,936081.0
2016-10-31,105.62,106.36,104.94,105.51,793959.0,105.62,0.0,106.36,104.94,105.51,1.0,793959.0
2016-10-28,105.46,105.95,104.69,104.86,915504.0,105.46,0.0,105.95,104.69,104.86,1.0,915504.0
2016-10-27,104.05,105.27,103.86,105.18,606837.0,104.05,0.0,105.27,103.86,105.18,1.0,606837.0
2016-10-26,103.85,104.73,103.73,104.47,376159.0,103.85,0.0,104.73,103.73,104.47,1.0,376159.0
2016-10-25,104.54,105.14,104.13,104.68,567413.0,104.54,0.0,105.14,104.13,104.68,1.0,567413.0
2016-10-24,105.28,105.42,104.77,104.92,971798.0,105.28,0.0,105.42,104.77,104.92,1.0,971798.0
2016-10-21,105.26,105.32,103.4,103.47,1638927.0,105.26,0.0,105.32,103.4,103.47,1.0,1638927.0
2016-10-20,103.58,103.62,102.47,102.52,739854.0,103.58,0.0,103.62,102.47,102.52,1.0,739854.0
2016-10-19,104.09,104.75,103.2,104.75,1109898.0,104.09,0.0,104.75,103.2,104.75,1.0,1109898.0
2016-10-18,102.33,102.577,101.83,102.51,955666.0,102.33,0.0,102.577,101.83,102.51,1.0,955666.0
2016-10-17,101.16,101.34,100.51,100.62,399781.0,101.16,0.0,101.34,100.51,100.62,1.0,399781.0
2016-10-14,101.12,102.11,100.95,101.58,331218.0,101.12,0.0,102.11,100.95,101.58,1.0,331218.0
2016-10-13,100.39,100.65,100.04,100.59,1161237.0,100.39,0.0,100.65,100.04,100.59,1.0,1161237.0
2016-10-12,102.58,102.67,101.42,102.31,794472.0,102.58,0.0,102.67,101.42,102.31,1.0,794472.0
2016-10-11,102.71,105.64,102.414,105.61,959122.0,102.71,0.0,105.64,102.414,105.61,1.0,959122.0
2016-10-10,106.99,107.74,106.99,107.63,686411.0,106.99,0.0,107.74,106.99,107.63,1.0,686411.0
2016-10-07,106.38,107.17,105.36,107.04,862322.0,106.38,0.0,107.17,105.36,107.04,1.0,862322.0
2016-10-06,108.74,108.99,107.81,108.27,474177.0,108.74,0.0,108.99,107.81,108.27,1.0,474177.0
2016-10-05,108.81,109.3,108.71,109.1,280105.0,108.81,0.0,109.3,108.71,109.1,1.0,280105.0
2016-10-04,108.96,109.85,108.61,109.39,324284.0,108.96,0.0,109.85,108.61,109.39,1.0,324284.0
2016-10-03,108.93,109.61,108.54,109.36,416798.0,108.93,0.0,109.61,108.54,109.36,1.0,416798.0
2016-09-30,109.58,110.14,109.02,109.19,338378.0,109.58,0.0,110.14,109.02,109.19,1.0,338378.0
2016-09-29,108.73,109.74,107.55,109.27,551876.0,108.73,0.0,109.74,107.55,109.27,1.0,551876.0
2016-09-28,109.86,110.04,108.87,109.28,316300.0,109.86,0.0,110.04,108.87,109.28,1.0,316300.0
2016-09-27,109.62,109.8026,107.84,107.96,591635.0,109.62,0.0,109.8026,107.84,107.96,1.0,591635.0
2016-09-26,108.77,109.16,108.28,108.49,663300.0,108.77,0.0,109.16,108.28,108.49,1.0,663300.0
2016-09-23,108.57,109.26,108.42,108.76,664713.0,108.57,0.0,109.26,108.42,108.76,1.0,664713.0
2016-09-22,108.79,109.56,108.69,109.04,579501.0,108.79,0.0,109.56,108.69,109.04,1.0,579501.0
2016-09-21,106.71,106.87,105.41,105.69,832535.0,106.71,0.0,106.87,105.41,105.69,1.0,832535.0
2016-09-20,104.88,105.28,104.32,104.7,774706.0,104.88,0.0,105.28,104.32,104.7,1.0,774706.0
2016-09-19,103.34,104.18,103.2,103.22,550597.0,103.34,0.0,104.18,103.2,103.22,1.0,550597.0
2016-09-16,102.2,102.49,101.37,102.04,1039992.0,102.2,0.0,102.49,101.37,102.04,1.0,1039992.0
2016-09-15,103.64,103.85,102.095,102.32,1071960.0,103.64,0.0,103.85,102.095,102.32,1.0,1071960.0
2016-09-14,101.98,102.29,100.83,100.98,1101119.0,101.98,0.0,102.29,100.83,100.98,1.0,1101119.0
2016-09-13,101.74,102.98,101.47,102.5,516181.0,101.74,0.0,102.98,101.47,102.5,1.0,516181.0
2016-09-12,103.14,103.27,100.93,101.03,502053.0,103.14,0.0,103.27,100.93,101.03,1.0,502053.0
2016-09-09,101.71,103.48,101.7,103.16,818180.0,101.71,0.0,103.48,101.7,103.16,1.0,818180.0
2016-09-08,104.08,104.74,103.64,104.14,919659.0,104.08,0.0,104.74,103.64,104.14,1.0,919659.0
2016-09-07,106.33,108.3,106.06,108.01,992086.0,106.33,0.0,108.3,106.06,108.01,1.0,992086.0
2016-09-06,107.93,108.04,107.48,107.78,346264.0,107.93,0.0,108.04,107.48,107.78,1.0,346264.0
2016-09-02,107.86,108.25,107.5,108.05,259156.0,107.86,0.0,108.25,107.5,108.05,1.0,259156.0
2016-09-01,107.49,107.53,106.27,106.32,455405.0,107.49,0.0,107.53,106.27,106.32,1.0,455405.0
2016-08-31,106.55,106.94,105.9,106.83,346394.0,106.55,0.0,106.94,105.9,106.83,1.0,346394.0
2016-08-30,107.52,108.73,107.33,108.7,602805.0,107.52,0.0,108.73,107.33,108.7,1.0,602805.0
2016-08-29,107.08,107.12,106.24,106.24,280363.0,107.08,0.0,107.12,106.24,106.24,1.0,280363.0
2016-08-26,106.31,107.98,105.53,106.77,871179.0,106.31,0.0,107.98,105.53,106.77,1.0,871179.0
2016-08-25,106.47,106.79,106.25,106.56,271670.0,106.47,0.0,106.79,106.25,106.56,1.0,271670.0
2016-08-24,106.68,107.85,106.46,107.72,474196.0,106.68,0.0,107.85,106.46,107.72,1.0,474196.0
2016-08-23,108.49,109.14,108.21,108.66,723616.0,108.49,0.0,109.14,108.21,108.66,1.0,723616.0
2016-08-22,107.16,107.35,106.6,106.98,486326.0,107.16,0.0,107.35,106.6,106.98,1.0,486326.0
2016-08-19,106.73,106.97,106.27,106.8,525398.0,106.73,0.0,106.97,106.27,106.8,1.0,525398.0
2016-08-18,106.03,106.52,105.72,106.12,679520.0,106.03,0.0,106.52,105.72,106.12,1.0,679520.0
2016-08-17,105.45,105.79,104.73,105.31,2084138.0,105.45,0.0,105.79,104.73,105.31,1.0,2084138.0
2016-08-16,107.95,110.94,107.01,110.83,1531046.0,107.95,0.0,110.94,107.01,110.83,1.0,1531046.0
2016-08-15,110.83,111.58,110.79,111.28,329431.0,110.83,0.0,111.58,110.79,111.28,1.0,329431.0
2016-08-12,110.27,111.13,109.99,110.94,540427.0,110.27,0.0,111.13,109.99,110.94,1.0,540427.0
2016-08-11,110.69,111.04,110.1201,110.65,879560.0,110.69,0.0,111.04,110.1201,110.65,1.0,879560.0
2016-08-10,109.49,110.4,109.21,110.31,840274.0,109.49,0.0,110.4,109.21,110.31,1.0,840274.0
2016-08-09,109.89,110.11,109.46,109.46,558625.0,109.89,0.0,110.11,109.46,109.46,1.0,558625.0
2016-08-08,109.25,109.56,109.04,109.25,352187.0,109.25,0.0,109.56,109.04,109.25,1.0,352187.0
2016-08-05,109.6,110.66,109.4,109.95,599763.0,109.6,0.0,110.66,109.4,109.95,1.0,599763.0
2016-08-04,110.09,110.23,109.54,109.7,288545.0,110.09,0.0,110.23,109.54,109.7,1.0,288545.0
2016-08-03,108.45,108.75,107.89,107.95,414210.0,108.45,0.0,108.75,107.89,107.95,1.0,414210.0
2016-08-02,109.38,109.59,108.776,109.57,358583.0,109.38,0.0,109.59,108.776,109.57,1.0,358583.0
2016-08-01,109.7,110.15,109.29,109.62,419771.0,109.7,0.0,110.15,109.29,109.62,1.0,419771.0
2016-07-29,109.62,110.85,109.31,110.48,1399749.0,109.62,0.0,110.85,109.31,110.48,1.0,1399749.0
2016-07-28,110.08,110.21,109.49,109.87,530041.0,110.08,0.0,110.21,109.49,109.87,1.0,530041.0
2016-07-27,109.56,109.91,108.38,109.64,876293.0,109.56,0.0,109.91,108.38,109.64,1.0,876293.0
2016-07-26,108.77,108.91,107.31,107.49,926628.0,108.77,0.0,108.91,107.31,107.49,1.0,926628.0
2016-07-25,106.48,106.57,105.93,106.19,500291.0,106.48,0.0,106.57,105.93,106.19,1.0,500291.0
2016-07-22,105.63,105.86,105.19,105.55,397786.0,105.63,0.0,105.86,105.19,105.55,1.0,397786.0
2016-07-21,105.48,106.37,104.96,105.41,2199378.0,105.48,0.0,106.37,104.96,105.41,1.0,2199378.0
2016-07-20,108.16,108.345,107.06,107.58,1642096.0,108.16,0.0,108.345,107.06,107.58,1.0,1642096.0
2016-07-19,105.63,106.3,103.16,103.27,3330361.0,105.63,0.0,106.3,103.16,103.27,1.0,3330361.0
2016-07-18,103.13,103.37,102.46,102.75,802798.0,103.13,0.0,103.37,102.46,102.75,1.0,802798.0
2016-07-15,101.61,101.94,101.19,101.25,538629.0,101.61,0.0,101.94,101.19,101.25,1.0,538629.0
2016-07-14,102.97,103.85,102.6,103.73,1023842.0,102.97,0.0,103.85,102.6,103.73,1.0,1023842.0
2016-07-13,101.11,101.81,100.86,101.09,547154.0,101.11,0.0,101.81,100.86,101.09,1.0,547154.0
2016-07-12,100.88,101.83,100.0,100.87,1280948.0,100.88,0.0,101.83,100.0,100.87,1.0,1280948.0
2016-07-11,99.76,99.95,99.0,99.12,493014.0,99.76,0.0,99.95,99.0,99.12,1.0,493014.0
2016-07-08,97.22,97.26,95.95,96.1,588213.0,97.22,0.0,97.26,95.95,96.1,1.0,588213.0
2016-07-07,94.61,95.24,94.08,94.1,827870.0,94.61,0.0,95.24,94.08,94.1,1.0,827870.0
2016-07-06,94.89,94.97,92.84,93.42,1257549.0,94.89,0.0,94.97,92.84,93.42,1.0,1257549.0
2016-07-05,95.34,97.12,95.02,96.65,1007782.0,95.34,0.0,97.12,95.02,96.65,1.0,1007782.0
2016-07-01,98.44,98.67,98.1,98.37,957487.0,98.44,0.0,98.67,98.1,98.37,1.0,957487.0
2016-06-30,99.21,99.21,96.921,97.37,669786.0,99.21,0.0,99.21,96.921,97.37,1.0,669786.0
2016-06-29,96.11,96.59,95.63,95.86,556522.0,96.11,0.0,96.59,95.63,95.86,1.0,556522.0
2016-06-28,94.4,94.57,93.05,93.6,707852.0,94.4,0.0,94.57,93.05,93.6,1.0,707852.0
2016-06-27,92.5,92.9,91.15,92.4,2292069.0,92.5,0.0,92.9,91.15,92.4,1.0,2292069.0
2016-06-24,95.01,96.6,93.96,94.08,2063554.0,95.01,0.0,96.6,93.96,94.08,1.0,2063554.0
2016-06-23,101.39,101.41,99.32,100.54,888686.0,101.39,0.0,101.41,99.32,100.54,1.0,888686.0
2016-06-22,98.75,99.55,98.69,99.2,501662.0,98.75,0.0,99.55,98.69,99.2,1.0,501662.0
2016-06-21,98.49,98.81,97.82,98.16,691691.0,98.49,0.0,98.81,97.82,98.16,1.0,691691.0
2016-06-20,96.85,97.62,96.71,97.33,949944.0,96.85,0.0,97.62,96.71,97.33,1.0,949944.0
2016-06-17,94.65,94.96,93.27,94.61,702441.0,94.65,0.0,94.96,93.27,94.61,1.0,702441.0
2016-06-16,95.57,95.62,93.21,93.79,501296.0,95.57,0.0,95.62,93.21,93.79,1.0,501296.0
2016-06-15,94.18,95.23,94.13,94.71,740519.0,94.18,0.0,95.23,94.13,94.71,1.0,740519.0
2016-06-14,94.6,94.695,93.33,93.5,1624322.0,94.6,0.0,94.695,93.33,93.5,1.0,1624322.0
2016-06-13,96.33,97.18,95.63,95.64,1057751.0,96.33,0.0,97.18,95.63,95.64,1.0,1057751.0
2016-06-10,97.38,98.24,96.79,97.64,1514892.0,97.38,0.0,98.24,96.79,97.64,1.0,1514892.0
2016-06-09,100.55,100.57,99.4,99.46,624631.0,100.55,0.0,100.57,99.4,99.46,1.0,624631.0
2016-06-08,101.1,101.23,100.34,100.85,527320.0,101.1,0.0,101.23,100.34,100.85,1.0,527320.0
2016-06-07,101.19,101.38,100.66,101.17,444448.0,101.19,0.0,101.38,100.66,101.17,1.0,444448.0
2016-06-06,100.07,101.29,100.0,101.07,389028.0,100.07,0.0,101.29,100.0,101.07,1.0,389028.0
2016-06-03,100.85,101.07,100.16,100.85,279875.0,100.85,0.0,101.07,100.16,100.85,1.0,279875.0
2016-06-02,100.14,100.22,99.29,99.71,614645.0,100.14,0.0,100.22,99.29,99.71,1.0,614645.0
2016-06-01,99.85,100.07,98.88,98.91,1335676.0,99.85,0.0,100.07,98.88,98.91,1.0,1335676.0
2016-05-31,99.98,100.24,99.34,100.05,509645.0,99.98,0.0,100.24,99.34,100.05,1.0,509645.0
2016-05-27,100.08,100.49,99.3799,99.38,765489.0,100.08,0.0,100.49,99.3799,99.38,1.0,765489.0
2016-05-26,99.41,99.77,98.41,99.19,748906.0,99.41,0.0,99.77,98.41,99.19,1.0,748906.0
2016-05-25,98.92,99.23,98.15,98.35,1001436.0,98.92,0.0,99.23,98.15,98.35,1.0,1001436.0
2016-05-24,97.52,97.66,95.53,95.53,785500.0,97.52,0.0,97.66,95.53,95.53,1.0,785500.0
2016-05-23,95.7,96.24,95.21,95.32,387181.0,95.7,0.0,96.24,95.21,95.32,1.0,387181.0
2016-05-20,95.48,95.58,94.95,95.15,571756.0,95.48,0.0,95.58,94.95,95.15,1.0,571756.0
2016-05-19,93.31,93.865,92.8,93.5,573659.0,93.31,0.0,93.865,92.8,93.5,1.0,573659.0
2016-05-18,94.52,95.5492,94.08,94.18,349434.0,94.52,0.0,95.5492,94.08,94.18,1.0,349434.0
2016-05-17,94.3,95.55,94.17,95.18,710295.0,94.3,0.0,95.55,94.17,95.18,1.0,710295.0
2016-05-16,95.83,96.39,93.78,94.16,1553594.0,95.83,0.0,96.39,93.78,94.16,1.0,1553594.0
2016-05-13,91.3,92.38,91.15,91.65,770542.0,91.3,0.0,92.38,91.15,91.65,1.0,770542.0
2016-05-12,91.53,92.94,90.43,92.81,1099598.0,91.53,0.0,92.94,90.43,92.81,1.0,1099598.0
2016-05-11,92.58,93.25,91.77,91.81,897068.0,92.58,0.0,93.25,91.77,91.81,1.0,897068.0
2016-05-10,93.35,93.51,92.46,92.52,367664.0,93.35,0.0,93.51,92.46,92.52,1.0,367664.0
2016-05-09,92.99,93.62,92.54,93.26,457290.0,92.99,0.0,93.62,92.54,93.26,1.0,457290.0
2016-05-06,92.33,92.73,91.82,92.38,336436.0,92.33,0.0,92.73,91.82,92.38,1.0,336436.0
2016-05-05,92.9,93.92,92.7,92.78,464421.0,92.9,0.0,93.92,92.7,92.78,1.0,464421.0
2016-05-04,93.78,93.84,93.22,93.6,1430939.0,93.78,0.0,93.84,93.22,93.6,1.0,1430939.0
2016-05-03,94.42,95.19,94.13,95.13,604919.0,94.42,1.14481,95.19,94.13,95.13,1.0,604919.0
2016-05-02,96.2924867427665,96.4011690077132,95.383507799576,95.5415910940439,461333.0,97.46,0.0,97.57,96.54,96.7,1.0,461333.0
2016-04-29,95.4427890350015,97.3694291863291,94.899377710268,97.16194486234,786740.0,96.6,0.0,98.55,96.05,98.34,1.0,786740.0
2016-04-28,96.8358980675,98.3870903944663,96.5790127139896,97.122424038723,902595.0,98.01,0.0,99.58,97.75,98.3,1.0,902595.0
2016-04-27,98.051163393722,98.2290070999984,96.5197314785641,96.5592523021811,600220.0,99.24,0.0,99.42,97.69,97.73,1.0,600220.0
2016-04-26,95.2550651228208,95.8182368593628,95.1365026519699,95.2945859464378,348247.0,96.41,0.0,96.98,96.29,96.45,1.0,348247.0
2016-04-25,94.978419357502,95.3637473877675,94.7808152394171,95.1463828578741,367025.0,96.13,0.0,96.52,95.93,96.3,1.0,367025.0
2016-04-22,94.7215340039916,95.3143463582463,94.1781226792582,94.5832111213322,275822.0,95.87,0.0,96.47,95.32,95.73,1.0,275822.0
2016-04-21,94.6721329744704,96.0751222128731,94.3658465914388,96.0751222128731,626648.0,95.82,0.0,97.24,95.51,97.24,1.0,626648.0
2016-04-20,95.2748255346293,98.3673299826578,93.9903987670775,97.8239186579244,2104517.0,96.43,0.0,99.56,95.13,99.01,1.0,2104517.0
2016-04-19,98.5550538948385,99.5331942793587,98.1598456586687,99.0391839841464,834005.0,99.75,0.0,100.74,99.35,100.24,1.0,834005.0
2016-04-18,98.0412831878178,98.8321936704525,97.606554128031,97.6757155693607,342599.0,99.23,0.0,100.0305,98.79,98.86,1.0,342599.0
2016-04-15,98.3574497767536,99.3158297494653,98.1203248350517,98.6736163656894,540392.0,99.55,0.0,100.52,99.31,99.87,1.0,540392.0
2016-04-14,99.1676266609016,99.5924755147841,98.574814306647,99.5825953088799,547842.0,100.37,0.0,100.8,99.77,100.79,1.0,547842.0
2016-04-13,100.827501252815,100.975704341378,100.066725398188,100.373011781219,363050.0,102.05,0.0,102.2,101.28,101.59,1.0,363050.0
2016-04-12,99.6418765443054,100.017324368667,98.5056528653173,99.464032838029,295267.0,100.85,0.0,101.23,99.7,100.67,1.0,295267.0
2016-04-11,99.0490641900507,100.343371163507,98.940381925104,99.6418765443054,188604.0,100.25,0.0,101.56,100.14,100.85,1.0,188604.0
2016-04-08,99.4442724262205,100.145767045422,99.1775068668059,99.6715171620181,424794.0,100.65,0.0,101.36,100.38,100.88,1.0,424794.0
2016-04-07,98.8909808955828,99.7406786033478,98.7526580129234,99.5430744852629,452229.0,100.09,0.0,100.95,99.95,100.75,1.0,452229.0
2016-04-06,99.8888816919115,99.9580431332412,98.1045165056049,98.1796060704772,752955.0,101.1,0.0,101.17,99.294,99.37,1.0,752955.0
2016-04-05,98.3278091590409,98.9206215132955,98.090684217339,98.3870903944663,1059379.0,99.52,0.0,100.12,99.28,99.58,1.0,1059379.0
2016-04-04,100.412532604836,101.370912577548,100.338431060555,100.916423105953,861522.0,101.63,0.0,102.6,101.555,102.14,1.0,861522.0
2016-04-01,99.3652307789865,99.424512014412,98.1104446291475,98.2092466881899,367587.0,100.57,0.0,100.63,99.3,99.4,1.0,367587.0
2016-03-31,99.1873870727101,100.69905857606,99.1379860431889,100.264329516273,637858.0,100.39,0.0,101.92,100.34,101.48,1.0,637858.0
2016-03-30,99.9382827214327,100.659537752443,99.3652307789865,99.9580431332412,460407.0,101.15,0.0,101.88,100.57,101.17,1.0,460407.0
2016-03-29,98.8316996601573,98.979902748721,96.9939813619679,97.16194486234,409586.0,100.03,0.0,100.18,98.17,98.34,1.0,409586.0
2016-03-28,96.3023669486707,96.4802106549471,95.5317108881397,96.2035648896283,182606.0,97.47,0.0,97.65,96.69,97.37,1.0,182606.0
2016-03-24,95.7688358298415,95.7688358298415,94.8302162689383,95.0080599752147,293238.0,96.93,0.0,96.93,95.98,96.16,1.0,293238.0
2016-03-23,96.5394918903726,97.4682312453716,96.4999710667556,97.4188302158504,892270.0,97.71,0.0,98.65,97.67,98.6,1.0,892270.0
2016-03-22,97.0631428032976,97.3595489804249,95.8182368593628,95.867637888884,757136.0,98.24,0.0,98.54,96.98,97.03,1.0,757136.0
2016-03-21,96.6481741553193,96.7914371409309,96.0652420069689,96.2924867427665,567598.0,97.82,0.0,97.965,97.23,97.46,1.0,567598.0
2016-03-18,96.8062574497872,97.4879916571801,96.4802106549471,96.6086533317023,312819.0,97.98,0.0,98.67,97.65,97.78,1.0,312819.0
2016-03-17,96.5888929198938,96.796377243883,95.4032682113845,95.5613515058524,302632.0,97.76,0.0,97.97,96.56,96.72,1.0,302632.0
2016-03-16,96.1146430364901,96.2628461250538,94.5634507095237,94.8499766807468,520688.0,97.28,0.0,97.43,95.71,96.0,1.0,520688.0
2016-03-15,95.4329088290972,95.7555963539299,95.1365026519699,95.3637473877675,299676.0,96.59,0.0,96.9166,96.29,96.52,1.0,299676.0
2016-03-14,95.828117065267,96.7074553907448,95.4526692409057,96.3023669486707,378840.0,96.99,0.0,97.88,96.61,97.47,1.0,378840.0
2016-03-11,96.5790127139896,96.5987731257981,95.6403931530864,96.1245232423943,656401.0,97.75,0.0,97.77,96.8,97.29,1.0,656401.0
2016-03-10,94.7906954453213,96.6481741553193,93.9805185611733,95.2748255346293,1122975.0,95.94,0.0,97.82,95.12,96.43,1.0,1122975.0
2016-03-09,92.9826177648446,93.3284249714931,92.7405527201906,92.9628573530361,168978.0,94.11,0.0,94.46,93.865,94.09,1.0,168978.0
2016-03-08,92.6664511759088,93.8421956785139,92.5972897345791,93.4766280600568,614333.0,93.79,0.0,94.98,93.72,94.61,1.0,614333.0
2016-03-07,94.8894975043638,95.0722813135923,93.1802218829295,93.2098625006422,1015997.0,96.04,0.0,96.225,94.31,94.34,1.0,1015997.0
2016-03-04,94.2077632969709,94.3757267973431,93.5457895013866,93.7038727958545,1181824.0,95.35,0.0,95.52,94.68,94.84,1.0,1181824.0
2016-03-03,93.565549913195,93.5754301190993,91.6487899677716,91.7080712031971,562731.0,94.7,0.0,94.71,92.76,92.82,1.0,562731.0
2016-03-02,92.2218419102178,92.231722116122,90.9868161721872,91.4314254378782,458295.0,93.34,0.0,93.35,92.09,92.54,1.0,458295.0
2016-03-01,92.6664511759088,92.8146542644725,91.5203472910164,91.8463940858565,593272.0,93.79,0.0,93.94,92.63,92.96,1.0,593272.0
2016-02-29,89.9296341404331,91.0856182312297,89.9296341404331,90.2359205234646,366813.0,91.02,0.0,92.19,91.02,91.33,1.0,366813.0
2016-02-26,89.7320300223482,90.1173580526137,89.5541863160718,90.008675787667,279292.0,90.82,0.0,91.21,90.64,91.1,1.0,279292.0
2016-02-25,88.8428114909662,88.8922125204874,87.8943117241587,88.3488011957539,316209.0,89.92,0.0,89.97,88.96,89.42,1.0,316209.0
2016-02-24,88.1413168717648,88.309280372137,86.6691661920324,86.8173692805961,807304.0,89.21,0.0,89.38,87.72,87.87,1.0,807304.0
2016-02-23,87.5188638997974,88.2005981071903,86.2443173381499,86.3727600149051,1526587.0,88.58,0.0,89.27,87.29,87.42,1.0,1526587.0
2016-02-22,86.8667703101173,87.4101816348507,86.6098849566069,86.7778484569791,810820.0,87.92,0.0,88.47,87.66,87.83,1.0,810820.0
2016-02-19,86.9556921632555,87.4892232820847,85.7107862193207,86.0763538377777,1254952.0,88.01,0.0,88.55,86.75,87.12,1.0,1254952.0
2016-02-18,84.8907291292684,85.7107862193207,84.8018072761302,85.4835414835231,672532.0,85.92,0.0,86.75,85.83,86.52,1.0,672532.0
2016-02-17,85.2464165418212,85.3847394244806,83.9323491565567,83.9916303919822,812145.0,86.28,0.0,86.42,84.95,85.01,1.0,812145.0
2016-02-16,82.973969183845,83.2209743314511,81.7290632399102,82.0649902406545,758290.0,83.98,0.0,84.23,82.72,83.06,1.0,758290.0
2016-02-12,81.0572092384215,81.1066102679428,79.2787721756575,80.0099074125716,1143254.0,82.04,0.0,82.09,80.24,80.98,1.0,1143254.0
2016-02-11,80.8299645026239,81.4524174745913,79.9111053535292,81.4524174745913,1099920.0,81.81,0.0,82.44,80.88,82.44,1.0,1099920.0
2016-02-10,80.7608030612942,83.7149846266633,80.671881208156,83.3988180377275,2413076.0,81.74,0.0,84.73,81.65,84.41,1.0,2413076.0
2016-02-09,83.9521095683652,85.3254581890551,83.6754638030463,83.7940262738973,1202984.0,84.97,0.0,86.36,84.69,84.81,1.0,1202984.0
2016-02-08,85.3254581890551,85.8491091019801,83.6161825676209,83.9422293624609,1281109.0,86.36,0.0,86.89,84.63,84.96,1.0,1281109.0
2016-02-05,87.301499369904,88.8428114909662,86.9952129868725,88.8428114909662,892981.0,88.36,0.0,89.92,88.05,89.92,1.0,892981.0
2016-02-04,90.3742434061241,91.0757380253254,89.3368217861784,89.4158634334124,666826.0,91.47,0.0,92.18,90.42,90.5,1.0,666826.0
2016-02-03,89.8901133168161,90.1272382585179,87.746108635595,89.2478999330402,889299.0,90.98,0.0,91.22,88.81,90.33,1.0,889299.0
2016-02-02,87.4497024584677,89.2973009625614,87.3607806053295,89.2083791094232,740207.0,88.51,0.0,90.38,88.42,90.29,1.0,740207.0
2016-02-01,91.1350192607509,91.6290295559631,89.7320300223482,89.9296341404331,529140.0,92.24,0.0,92.74,90.82,91.02,1.0,529140.0
2016-01-29,90.7398110245811,90.8287328777193,87.9733533713927,88.0721554304351,1173054.0,91.84,0.0,91.93,89.04,89.14,1.0,1173054.0
2016-01-28,88.7341292260195,89.2380197271359,87.864671106446,88.8724521086789,1846224.0,89.81,0.0,90.32,88.93,89.95,1.0,1846224.0
2016-01-27,88.635327166977,90.0580768171883,88.3389209898497,88.7736500496365,907222.0,89.71,0.0,91.15,89.41,89.85,1.0,907222.0
2016-01-26,89.1095770503808,89.3763426097954,88.0919158422436,88.5365251079346,674943.0,90.19,0.0,90.46,89.16,89.61,1.0,674943.0
2016-01-25,88.6452073728813,89.5443061101675,88.3488011957539,89.198498903519,881576.0,89.72,0.0,90.63,89.42,90.28,1.0,881576.0
2016-01-22,89.2775405507529,90.6212485537302,88.9910145795298,90.1272382585179,1700685.0,90.36,0.0,91.72,90.07,91.22,1.0,1700685.0
2016-01-21,86.3134787794796,87.0248536045852,84.5548021285241,85.7107862193207,1254324.0,87.36,0.0,88.08,85.58,86.75,1.0,1254324.0
2016-01-20,84.2386355395883,85.2365363359169,80.0000272066674,80.6125999727305,4539193.0,85.26,0.0,86.27,80.97,81.59,1.0,4539193.0
2016-01-19,79.3578138228915,79.8913449417207,78.3599130265628,78.8341629099666,1487534.0,80.32,0.0,80.86,79.31,79.79,1.0,1487534.0
2016-01-15,76.5419551401818,78.4982359092222,76.2488094310029,77.6781788191699,1550303.0,77.47,0.0,79.45,77.1733,78.62,1.0,1550303.0
2016-01-14,81.9069069461866,82.489839094537,80.0988292657098,81.3042143860277,1443253.0,82.9,0.0,83.49,81.07,82.29,1.0,1443253.0
2016-01-13,79.0515274398599,82.1045110642714,78.9132045572005,81.7191830340059,945668.0,80.01,0.0,83.1,79.87,82.71,1.0,945668.0
2016-01-12,81.6599017985805,82.9443285661322,80.6867015170124,82.3515162118776,875908.0,82.65,0.0,83.95,81.665,83.35,1.0,875908.0
2016-01-11,81.3239747978361,82.2625943587394,80.6224801786348,81.9859485934205,1117889.0,82.31,0.0,83.26,81.6,82.98,1.0,1117889.0
2016-01-08,79.3182929992745,81.1362508856555,79.1700899107108,80.7904436790069,899388.0,80.28,0.0,82.12,80.13,81.77,1.0,899388.0
2016-01-07,81.5018185041125,83.1394626327411,81.2548133565064,81.4524174745913,811233.0,82.49,0.0,84.1475,82.24,82.44,1.0,811233.0
2016-01-06,83.5964221558124,84.1991147159713,82.7368442421431,82.894927536611,2323890.0,84.61,0.0,85.22,83.74,83.9,1.0,2323890.0
2016-01-05,85.3847394244806,86.046713220065,84.633843775758,85.1476144827787,813053.0,86.42,0.0,87.09,85.66,86.18,1.0,813053.0
2016-01-04,86.2541975440541,86.3727600149051,84.8808489233641,86.2443173381499,2275299.0,87.3,0.0,87.42,85.91,87.29,1.0,2275299.0
