,adj_close,adj_high,adj_low,adj_open,adj_volume,close,ex_dividend,high,low,open,split_ratio,volume
2017-02-10,2.28,2.34,2.24,2.32,465936.0,2.28,0.0,2.34,2.24,2.32,1.0,465936.0
2017-02-09,2.3,2.34,2.27,2.29,345901.0,2.3,0.0,2.34,2.27,2.29,1.0,345901.0
2017-02-08,2.3,2.32,2.1599,2.2,942295.0,2.3,0.0,2.32,2.1599,2.2,1.0,942295.0
2017-02-07,2.2,2.27,2.16,2.25,1032332.0,2.2,0.0,2.27,2.16,2.25,1.0,1032332.0
2017-02-06,2.25,2.3,2.24,2.26,673621.0,2.25,0.0,2.3,2.24,2.26,1.0,673621.0
2017-02-03,2.25,2.28,2.16,2.2,703093.0,2.25,0.0,2.28,2.16,2.2,1.0,703093.0
2017-02-02,2.21,2.38,2.1,2.2,2142902.0,2.21,0.0,2.38,2.1,2.2,1.0,2142902.0
2017-02-01,2.23,2.26,2.15,2.2,712720.0,2.23,0.0,2.26,2.15,2.2,1.0,712720.0
2017-01-31,2.2,2.23,2.1,2.21,1093665.0,2.2,0.0,2.23,2.1,2.21,1.0,1093665.0
2017-01-30,2.2,2.22,1.8701,1.95,2552979.0,2.2,0.0,2.22,1.8701,1.95,1.0,2552979.0
2017-01-27,1.94,1.97,1.83,1.97,1234941.0,1.94,0.0,1.97,1.83,1.97,1.0,1234941.0
2017-01-26,1.98,2.06,1.93,2.03,1003961.0,1.98,0.0,2.06,1.93,2.03,1.0,1003961.0
2017-01-25,2.04,2.111,2.0,2.05,788778.0,2.04,0.0,2.111,2.0,2.05,1.0,788778.0
2017-01-24,2.05,2.115,2.04,2.08,348603.0,2.05,0.0,2.115,2.04,2.08,1.0,348603.0
2017-01-23,2.09,2.14,2.06,2.1,363721.0,2.09,0.0,2.14,2.06,2.1,1.0,363721.0
2017-01-20,2.12,2.14,2.06,2.1,586553.0,2.12,0.0,2.14,2.06,2.1,1.0,586553.0
2017-01-19,2.1,2.15,2.06,2.13,707831.0,2.1,0.0,2.15,2.06,2.13,1.0,707831.0
2017-01-18,2.14,2.16,2.06,2.15,693612.0,2.14,0.0,2.16,2.06,2.15,1.0,693612.0
2017-01-17,2.15,2.16,1.99,2.06,901844.0,2.15,0.0,2.16,1.99,2.06,1.0,901844.0
2017-01-13,2.09,2.23,2.04,2.2,1905790.0,2.09,0.0,2.23,2.04,2.2,1.0,1905790.0
2017-01-12,2.2,2.3,2.19,2.3,1045290.0,2.2,0.0,2.3,2.19,2.3,1.0,1045290.0
2017-01-11,2.28,2.32,2.18,2.25,1834912.0,2.28,0.0,2.32,2.18,2.25,1.0,1834912.0
2017-01-10,2.25,2.3,2.231,2.29,856063.0,2.25,0.0,2.3,2.231,2.29,1.0,856063.0
2017-01-09,2.28,2.32,2.22,2.32,756511.0,2.28,0.0,2.32,2.22,2.32,1.0,756511.0
2017-01-06,2.3,2.35,2.27,2.3,999104.0,2.3,0.0,2.35,2.27,2.3,1.0,999104.0
2017-01-05,2.31,2.34,2.25,2.31,730023.0,2.31,0.0,2.34,2.25,2.31,1.0,730023.0
2017-01-04,2.33,2.36,2.29,2.32,1317179.0,2.33,0.0,2.36,2.29,2.32,1.0,1317179.0
2017-01-03,2.31,2.42,2.3,2.38,1451152.0,2.31,0.0,2.42,2.3,2.38,1.0,1451152.0
2016-12-30,2.33,2.355,2.24,2.31,597409.0,2.33,0.0,2.355,2.24,2.31,1.0,597409.0
2016-12-29,2.26,2.3,2.23,2.29,701686.0,2.26,0.0,2.3,2.23,2.29,1.0,701686.0
2016-12-28,2.3,2.38,2.265,2.35,467521.0,2.3,0.0,2.38,2.265,2.35,1.0,467521.0
2016-12-27,2.35,2.45,2.33,2.42,835145.0,2.35,0.0,2.45,2.33,2.42,1.0,835145.0
2016-12-23,2.38,2.43,2.2,2.24,2027163.0,2.38,0.0,2.43,2.2,2.24,1.0,2027163.0
2016-12-22,2.22,2.33,2.21,2.33,642930.0,2.22,0.0,2.33,2.21,2.33,1.0,642930.0
2016-12-21,2.31,2.42,2.265,2.3,1264684.0,2.31,0.0,2.42,2.265,2.3,1.0,1264684.0
2016-12-20,2.29,2.32,2.2,2.3,766539.0,2.29,0.0,2.32,2.2,2.3,1.0,766539.0
2016-12-19,2.27,2.39,2.2,2.23,1554283.0,2.27,0.0,2.39,2.2,2.23,1.0,1554283.0
2016-12-16,2.19,2.25,2.15,2.15,602397.0,2.19,0.0,2.25,2.15,2.15,1.0,602397.0
2016-12-15,2.15,2.28,2.1101,2.21,1021687.0,2.15,0.0,2.28,2.1101,2.21,1.0,1021687.0
2016-12-14,2.21,2.295,2.04,2.05,1980420.0,2.21,0.0,2.295,2.04,2.05,1.0,1980420.0
2016-12-13,2.04,2.09,2.0,2.03,1255079.0,2.04,0.0,2.09,2.0,2.03,1.0,1255079.0
2016-12-12,1.96,2.03,1.94,2.02,570871.0,1.96,0.0,2.03,1.94,2.02,1.0,570871.0
2016-12-09,2.03,2.041,1.93,2.01,641393.0,2.03,0.0,2.041,1.93,2.01,1.0,641393.0
2016-12-08,2.0,2.04,2.0,2.04,336883.0,2.0,0.0,2.04,2.0,2.04,1.0,336883.0
2016-12-07,2.04,2.05,1.98,2.0,676707.0,2.04,0.0,2.05,1.98,2.0,1.0,676707.0
2016-12-06,2.02,2.09,1.99,2.06,2308671.0,2.02,0.0,2.09,1.99,2.06,1.0,2308671.0
2016-12-05,2.07,2.1,2.01,2.05,1039045.0,2.07,0.0,2.1,2.01,2.05,1.0,1039045.0
2016-12-02,2.03,2.06,1.91,1.91,569007.0,2.03,0.0,2.06,1.91,1.91,1.0,569007.0
2016-12-01,1.93,2.03,1.9099,2.02,705637.0,1.93,0.0,2.03,1.9099,2.02,1.0,705637.0
2016-11-30,2.02,2.05,1.95,2.05,361590.0,2.02,0.0,2.05,1.95,2.05,1.0,361590.0
2016-11-29,2.02,2.06,2.0,2.01,403671.0,2.02,0.0,2.06,2.0,2.01,1.0,403671.0
2016-11-28,1.99,2.09,1.99,2.05,1220964.0,1.99,0.0,2.09,1.99,2.05,1.0,1220964.0
2016-11-25,2.03,2.05,1.941,1.98,669490.0,2.03,0.0,2.05,1.941,1.98,1.0,669490.0
2016-11-23,1.96,1.97,1.83,1.85,421818.0,1.96,0.0,1.97,1.83,1.85,1.0,421818.0
2016-11-22,1.88,1.93,1.8,1.93,366629.0,1.88,0.0,1.93,1.8,1.93,1.0,366629.0
2016-11-21,1.93,1.96,1.89,1.94,503416.0,1.93,0.0,1.96,1.89,1.94,1.0,503416.0
2016-11-18,1.94,1.98,1.82,1.85,926878.0,1.94,0.0,1.98,1.82,1.85,1.0,926878.0
2016-11-17,1.85,1.88,1.84,1.84,143217.0,1.85,0.0,1.88,1.84,1.84,1.0,143217.0
2016-11-16,1.84,1.88,1.82,1.85,354214.0,1.84,0.0,1.88,1.82,1.85,1.0,354214.0
2016-11-15,1.87,1.95,1.86,1.92,519651.0,1.87,0.0,1.95,1.86,1.92,1.0,519651.0
2016-11-14,1.92,1.92,1.81,1.9,580058.0,1.92,0.0,1.92,1.81,1.9,1.0,580058.0
2016-11-11,1.87,1.905,1.7627,1.77,615128.0,1.87,0.0,1.905,1.7627,1.77,1.0,615128.0
2016-11-10,1.79,1.88,1.77,1.82,865538.0,1.79,0.0,1.88,1.77,1.82,1.0,865538.0
2016-11-09,1.79,1.81,1.5,1.55,1346206.0,1.79,0.0,1.81,1.5,1.55,1.0,1346206.0
2016-11-08,1.67,1.68,1.6,1.61,292703.0,1.67,0.0,1.68,1.6,1.61,1.0,292703.0
2016-11-07,1.63,1.67,1.56,1.56,331326.0,1.63,0.0,1.67,1.56,1.56,1.0,331326.0
2016-11-04,1.53,1.57,1.48,1.48,243725.0,1.53,0.0,1.57,1.48,1.48,1.0,243725.0
2016-11-03,1.5,1.7,1.41,1.57,940488.0,1.5,0.0,1.7,1.41,1.57,1.0,940488.0
2016-11-02,1.62,1.7,1.61,1.67,434564.0,1.62,0.0,1.7,1.61,1.67,1.0,434564.0
2016-11-01,1.69,1.7501,1.66,1.75,476077.0,1.69,0.0,1.7501,1.66,1.75,1.0,476077.0
2016-10-31,1.76,1.76,1.69,1.73,430678.0,1.76,0.0,1.76,1.69,1.73,1.0,430678.0
2016-10-28,1.71,1.77,1.68,1.77,497929.0,1.71,0.0,1.77,1.68,1.77,1.0,497929.0
2016-10-27,1.75,1.77,1.73,1.75,416013.0,1.75,0.0,1.77,1.73,1.75,1.0,416013.0
2016-10-26,1.73,1.77,1.65,1.7,334233.0,1.73,0.0,1.77,1.65,1.7,1.0,334233.0
2016-10-25,1.69,1.715,1.645,1.65,441078.0,1.69,0.0,1.715,1.645,1.65,1.0,441078.0
2016-10-24,1.66,1.71,1.65,1.71,350447.0,1.66,0.0,1.71,1.65,1.71,1.0,350447.0
2016-10-21,1.71,1.74,1.69,1.69,239826.0,1.71,0.0,1.74,1.69,1.69,1.0,239826.0
2016-10-20,1.7,1.72,1.68,1.72,298761.0,1.7,0.0,1.72,1.68,1.72,1.0,298761.0
2016-10-19,1.71,1.8,1.7,1.79,441471.0,1.71,0.0,1.8,1.7,1.79,1.0,441471.0
2016-10-18,1.77,1.78,1.63,1.63,673070.0,1.77,0.0,1.78,1.63,1.63,1.0,673070.0
2016-10-17,1.67,1.72,1.63,1.67,471158.0,1.67,0.0,1.72,1.63,1.67,1.0,471158.0
2016-10-14,1.68,1.74,1.67,1.73,382166.0,1.68,0.0,1.74,1.67,1.73,1.0,382166.0
2016-10-13,1.73,1.75,1.68,1.72,713738.0,1.73,0.0,1.75,1.68,1.72,1.0,713738.0
2016-10-12,1.72,1.8,1.7,1.8,404965.0,1.72,0.0,1.8,1.7,1.8,1.0,404965.0
2016-10-11,1.78,1.84,1.76,1.8,579111.0,1.78,0.0,1.84,1.76,1.8,1.0,579111.0
2016-10-10,1.8,1.82,1.7585,1.76,1070372.0,1.8,0.0,1.82,1.7585,1.76,1.0,1070372.0
2016-10-07,1.75,1.75,1.67,1.75,589836.0,1.75,0.0,1.75,1.67,1.75,1.0,589836.0
2016-10-06,1.75,1.76,1.7,1.75,457592.0,1.75,0.0,1.76,1.7,1.75,1.0,457592.0
2016-10-05,1.75,1.77,1.65,1.65,743342.0,1.75,0.0,1.77,1.65,1.65,1.0,743342.0
2016-10-04,1.66,1.77,1.65,1.77,649564.0,1.66,0.0,1.77,1.65,1.77,1.0,649564.0
2016-10-03,1.76,1.77,1.68,1.69,442713.0,1.76,0.0,1.77,1.68,1.69,1.0,442713.0
2016-09-30,1.68,1.78,1.66,1.77,1524162.0,1.68,0.0,1.78,1.66,1.77,1.0,1524162.0
2016-09-29,1.77,1.85,1.74,1.77,1495740.0,1.77,0.0,1.85,1.74,1.77,1.0,1495740.0
2016-09-28,1.75,1.78,1.71,1.76,1004401.0,1.75,0.0,1.78,1.71,1.76,1.0,1004401.0
2016-09-27,1.73,1.75,1.64,1.66,1150699.0,1.73,0.0,1.75,1.64,1.66,1.0,1150699.0
2016-09-26,1.65,1.68,1.63,1.65,682445.0,1.65,0.0,1.68,1.63,1.65,1.0,682445.0
2016-09-23,1.66,1.69,1.61,1.67,702969.0,1.66,0.0,1.69,1.61,1.67,1.0,702969.0
2016-09-22,1.66,1.69,1.56,1.61,1039095.0,1.66,0.0,1.69,1.56,1.61,1.0,1039095.0
2016-09-21,1.61,1.67,1.561,1.57,994071.0,1.61,0.0,1.67,1.561,1.57,1.0,994071.0
2016-09-20,1.6,1.79,1.55,1.55,2490545.0,1.6,0.0,1.79,1.55,1.55,1.0,2490545.0
2016-09-19,1.53,1.54,1.43,1.45,926369.0,1.53,0.0,1.54,1.43,1.45,1.0,926369.0
2016-09-16,1.43,1.43,1.37,1.41,604283.0,1.43,0.0,1.43,1.37,1.41,1.0,604283.0
2016-09-15,1.4,1.41,1.345,1.37,848505.0,1.4,0.0,1.41,1.345,1.37,1.0,848505.0
2016-09-14,1.36,1.38,1.28,1.32,640015.0,1.36,0.0,1.38,1.28,1.32,1.0,640015.0
2016-09-13,1.3,1.36,1.27,1.36,558313.0,1.3,0.0,1.36,1.27,1.36,1.0,558313.0
2016-09-12,1.36,1.38,1.335,1.36,359630.0,1.36,0.0,1.38,1.335,1.36,1.0,359630.0
2016-09-09,1.35,1.41,1.32,1.41,1143503.0,1.35,0.0,1.41,1.32,1.41,1.0,1143503.0
2016-09-08,1.39,1.43,1.36,1.37,1030826.0,1.39,0.0,1.43,1.36,1.37,1.0,1030826.0
2016-09-07,1.38,1.4,1.3101,1.33,1090421.0,1.38,0.0,1.4,1.3101,1.33,1.0,1090421.0
2016-09-06,1.31,1.32,1.24,1.24,647519.0,1.31,0.0,1.32,1.24,1.24,1.0,647519.0
2016-09-02,1.26,1.27,1.2025,1.22,261886.0,1.26,0.0,1.27,1.2025,1.22,1.0,261886.0
2016-09-01,1.21,1.23,1.17,1.21,537737.0,1.21,0.0,1.23,1.17,1.21,1.0,537737.0
2016-08-31,1.22,1.27,1.21,1.27,944585.0,1.22,0.0,1.27,1.21,1.27,1.0,944585.0
2016-08-30,1.26,1.28,1.1625,1.17,1104426.0,1.26,0.0,1.28,1.1625,1.17,1.0,1104426.0
2016-08-29,1.18,1.37,1.16,1.37,3302659.0,1.18,0.0,1.37,1.16,1.37,1.0,3302659.0
2016-08-26,1.41,1.49,1.379,1.45,1371161.0,1.41,0.0,1.49,1.379,1.45,1.0,1371161.0
2016-08-25,1.45,1.46,1.28,1.28,3077992.0,1.45,0.0,1.46,1.28,1.28,1.0,3077992.0
2016-08-24,1.27,1.3399,1.24,1.32,1359366.0,1.27,0.0,1.3399,1.24,1.32,1.0,1359366.0
2016-08-23,1.3,1.44,1.18,1.18,3935722.0,1.3,0.0,1.44,1.18,1.18,1.0,3935722.0
2016-08-22,1.16,1.19,1.1,1.12,1048025.0,1.16,0.0,1.19,1.1,1.12,1.0,1048025.0
2016-08-19,1.12,1.13,1.08,1.08,379772.0,1.12,0.0,1.13,1.08,1.08,1.0,379772.0
2016-08-18,1.09,1.11,1.07,1.07,297730.0,1.09,0.0,1.11,1.07,1.07,1.0,297730.0
2016-08-17,1.08,1.1,1.03,1.08,401191.0,1.08,0.0,1.1,1.03,1.08,1.0,401191.0
2016-08-16,1.09,1.11,1.075,1.08,310391.0,1.09,0.0,1.11,1.075,1.08,1.0,310391.0
2016-08-15,1.09,1.12,1.08,1.08,270684.0,1.09,0.0,1.12,1.08,1.08,1.0,270684.0
2016-08-12,1.08,1.1,1.015,1.07,464319.0,1.08,0.0,1.1,1.015,1.07,1.0,464319.0
2016-08-11,1.07,1.16,1.05,1.14,469550.0,1.07,0.0,1.16,1.05,1.14,1.0,469550.0
2016-08-10,1.14,1.19,1.13,1.18,348561.0,1.14,0.0,1.19,1.13,1.18,1.0,348561.0
2016-08-09,1.15,1.17,1.04,1.04,1519963.0,1.15,0.0,1.17,1.04,1.04,1.0,1519963.0
2016-08-08,1.07,1.11,1.07,1.1,348933.0,1.07,0.0,1.11,1.07,1.1,1.0,348933.0
2016-08-05,1.1,1.125,1.07,1.1,511140.0,1.1,0.0,1.125,1.07,1.1,1.0,511140.0
2016-08-04,1.09,1.13,1.08,1.13,397757.0,1.09,0.0,1.13,1.08,1.13,1.0,397757.0
2016-08-03,1.11,1.12,1.07,1.08,447449.0,1.11,0.0,1.12,1.07,1.08,1.0,447449.0
2016-08-02,1.08,1.09,1.01,1.03,583632.0,1.08,0.0,1.09,1.01,1.03,1.0,583632.0
2016-08-01,1.03,1.05,0.9999,1.0,288982.0,1.03,0.0,1.05,0.9999,1.0,1.0,288982.0
2016-07-29,1.0,1.03,1.0,1.01,307542.0,1.0,0.0,1.03,1.0,1.01,1.0,307542.0
2016-07-28,1.02,1.05,0.98,0.98,457757.0,1.02,0.0,1.05,0.98,0.98,1.0,457757.0
2016-07-27,1.0,1.02,1.0,1.01,218755.0,1.0,0.0,1.02,1.0,1.01,1.0,218755.0
2016-07-26,1.01,1.02,0.995,0.995,322282.0,1.01,0.0,1.02,0.995,0.995,1.0,322282.0
2016-07-25,1.0,1.02,1.0,1.02,211274.0,1.0,0.0,1.02,1.0,1.02,1.0,211274.0
2016-07-22,1.01,1.02,0.982,1.0,168227.0,1.01,0.0,1.02,0.982,1.0,1.0,168227.0
2016-07-21,1.0,1.02,1.0,1.0,258062.0,1.0,0.0,1.02,1.0,1.0,1.0,258062.0
2016-07-20,1.0,1.03,0.9801,1.0,407425.0,1.0,0.0,1.03,0.9801,1.0,1.0,407425.0
2016-07-19,1.0,1.07,1.0,1.04,274735.0,1.0,0.0,1.07,1.0,1.04,1.0,274735.0
2016-07-18,1.04,1.05,1.0205,1.03,233214.0,1.04,0.0,1.05,1.0205,1.03,1.0,233214.0
2016-07-15,1.02,1.03,1.0,1.0,456334.0,1.02,0.0,1.03,1.0,1.0,1.0,456334.0
2016-07-14,1.0,1.03,1.0,1.02,268271.0,1.0,0.0,1.03,1.0,1.02,1.0,268271.0
2016-07-13,1.01,1.1,1.01,1.05,291865.0,1.01,0.0,1.1,1.01,1.05,1.0,291865.0
2016-07-12,1.06,1.08,1.05,1.06,296883.0,1.06,0.0,1.08,1.05,1.06,1.0,296883.0
2016-07-11,1.06,1.07,1.02,1.03,443224.0,1.06,0.0,1.07,1.02,1.03,1.0,443224.0
2016-07-08,1.03,1.05,1.0,1.01,248006.0,1.03,0.0,1.05,1.0,1.01,1.0,248006.0
2016-07-07,1.01,1.06,0.9839,0.992,388769.0,1.01,0.0,1.06,0.9839,0.992,1.0,388769.0
2016-07-06,0.99,1.04,0.987,1.02,552242.0,0.99,0.0,1.04,0.987,1.02,1.0,552242.0
2016-07-05,1.02,1.13,1.01,1.12,596446.0,1.02,0.0,1.13,1.01,1.12,1.0,596446.0
2016-07-01,1.1,1.13,1.04,1.04,439620.0,1.1,0.0,1.13,1.04,1.04,1.0,439620.0
2016-06-30,1.05,1.11,1.02,1.09,905397.0,1.05,0.0,1.11,1.02,1.09,1.0,905397.0
2016-06-29,1.07,1.135,1.07,1.12,619068.0,1.07,0.0,1.135,1.07,1.12,1.0,619068.0
2016-06-28,1.11,1.14,1.05,1.05,1205503.0,1.11,0.0,1.14,1.05,1.05,1.0,1205503.0
2016-06-27,1.05,1.15,1.0,1.0,2705806.0,1.05,0.0,1.15,1.0,1.0,1.0,2705806.0
2016-06-24,0.9532,0.9899,0.92,0.97,15396816.0,0.9532,0.0,0.9899,0.92,0.97,1.0,15396816.0
2016-06-23,1.01,1.03,0.9925,1.02,1631781.0,1.01,0.0,1.03,0.9925,1.02,1.0,1631781.0
2016-06-22,1.01,1.04,0.9905,1.03,953379.0,1.01,0.0,1.04,0.9905,1.03,1.0,953379.0
2016-06-21,1.03,1.05,0.99,1.03,3527097.0,1.03,0.0,1.05,0.99,1.03,1.0,3527097.0
2016-06-20,1.03,1.08,1.0,1.02,849092.0,1.03,0.0,1.08,1.0,1.02,1.0,849092.0
2016-06-17,1.01,1.06,1.01,1.05,927291.0,1.01,0.0,1.06,1.01,1.05,1.0,927291.0
2016-06-16,1.04,1.06,0.98,1.01,989567.0,1.04,0.0,1.06,0.98,1.01,1.0,989567.0
2016-06-15,1.01,1.04,0.99,1.03,475104.0,1.01,0.0,1.04,0.99,1.03,1.0,475104.0
2016-06-14,1.03,1.06,1.02,1.05,401695.0,1.03,0.0,1.06,1.02,1.05,1.0,401695.0
2016-06-13,1.05,1.06,1.01,1.04,558091.0,1.05,0.0,1.06,1.01,1.04,1.0,558091.0
2016-06-10,1.05,1.09,1.03,1.06,450748.0,1.05,0.0,1.09,1.03,1.06,1.0,450748.0
2016-06-09,1.09,1.12,1.08,1.09,467532.0,1.09,0.0,1.12,1.08,1.09,1.0,467532.0
2016-06-08,1.09,1.1,1.05,1.09,744226.0,1.09,0.0,1.1,1.05,1.09,1.0,744226.0
2016-06-07,1.1,1.17,1.1,1.16,622734.0,1.1,0.0,1.17,1.1,1.16,1.0,622734.0
2016-06-06,1.17,1.2,1.09,1.14,798533.0,1.17,0.0,1.2,1.09,1.14,1.0,798533.0
2016-06-03,1.14,1.2,1.12,1.13,1106956.0,1.14,0.0,1.2,1.12,1.13,1.0,1106956.0
2016-06-02,1.12,1.15,1.05,1.08,970586.0,1.12,0.0,1.15,1.05,1.08,1.0,970586.0
2016-06-01,1.1,1.1,0.9593,0.971,1231631.0,1.1,0.0,1.1,0.9593,0.971,1.0,1231631.0
2016-05-31,0.97,0.9869,0.9,0.93,522569.0,0.97,0.0,0.9869,0.9,0.93,1.0,522569.0
2016-05-27,0.9182,0.93,0.88,0.92,186511.0,0.9182,0.0,0.93,0.88,0.92,1.0,186511.0
2016-05-26,0.9158,0.95,0.89,0.922,253211.0,0.9158,0.0,0.95,0.89,0.922,1.0,253211.0
2016-05-25,0.9481,0.97,0.85,0.85,857361.0,0.9481,0.0,0.97,0.85,0.85,1.0,857361.0
2016-05-24,0.8664,0.8668,0.83,0.85,240898.0,0.8664,0.0,0.8668,0.83,0.85,1.0,240898.0
2016-05-23,0.8368,0.8853,0.8321,0.86,377987.0,0.8368,0.0,0.8853,0.8321,0.86,1.0,377987.0
2016-05-20,0.8621,0.875,0.8361,0.85,276025.0,0.8621,0.0,0.875,0.8361,0.85,1.0,276025.0
2016-05-19,0.84,0.849,0.79,0.82,371695.0,0.84,0.0,0.849,0.79,0.82,1.0,371695.0
2016-05-18,0.8251,0.849,0.81,0.81,582406.0,0.8251,0.0,0.849,0.81,0.81,1.0,582406.0
2016-05-17,0.8301,0.86,0.8275,0.84,351606.0,0.8301,0.0,0.86,0.8275,0.84,1.0,351606.0
2016-05-16,0.8443,0.8588,0.83,0.85,350862.0,0.8443,0.0,0.8588,0.83,0.85,1.0,350862.0
2016-05-13,0.83,0.8695,0.8,0.81,308096.0,0.83,0.0,0.8695,0.8,0.81,1.0,308096.0
2016-05-12,0.8099,0.8759,0.8,0.85,582623.0,0.8099,0.0,0.8759,0.8,0.85,1.0,582623.0
2016-05-11,0.8498,0.8572,0.822,0.842,356185.0,0.8498,0.0,0.8572,0.822,0.842,1.0,356185.0
2016-05-10,0.845,0.92,0.832,0.92,678375.0,0.845,0.0,0.92,0.832,0.92,1.0,678375.0
2016-05-09,0.9056,0.9473,0.8702,0.89,548588.0,0.9056,0.0,0.9473,0.8702,0.89,1.0,548588.0
2016-05-06,0.9475,0.9485,0.87,0.9128,440335.0,0.9475,0.0,0.9485,0.87,0.9128,1.0,440335.0
2016-05-05,0.92,0.9808,0.9137,0.96,514193.0,0.92,0.0,0.9808,0.9137,0.96,1.0,514193.0
2016-05-04,0.9699,1.07,0.95,1.03,881934.0,0.9699,0.0,1.07,0.95,1.03,1.0,881934.0
2016-05-03,1.05,1.12,1.0,1.11,996724.0,1.05,0.0,1.12,1.0,1.11,1.0,996724.0
2016-05-02,1.12,1.12,1.08,1.1,1075839.0,1.12,0.0,1.12,1.08,1.1,1.0,1075839.0
2016-04-29,1.1,1.16,1.06,1.06,1434258.0,1.1,0.0,1.16,1.06,1.06,1.0,1434258.0
2016-04-28,1.1,1.145,1.03,1.03,1583563.0,1.1,0.0,1.145,1.03,1.03,1.0,1583563.0
2016-04-27,1.04,1.05,0.9902,1.01,550395.0,1.04,0.0,1.05,0.9902,1.01,1.0,550395.0
2016-04-26,1.01,1.03,0.9819,1.0,885630.0,1.01,0.0,1.03,0.9819,1.0,1.0,885630.0
2016-04-25,1.01,1.04,0.9801,1.03,2685913.0,1.01,0.0,1.04,0.9801,1.03,1.0,2685913.0
2016-04-22,1.02,1.04,0.9,0.92,1706827.0,1.02,0.0,1.04,0.9,0.92,1.0,1706827.0
2016-04-21,0.9199,0.9298,0.8799,0.89,490642.0,0.9199,0.0,0.9298,0.8799,0.89,1.0,490642.0
2016-04-20,0.8883,0.91,0.863,0.88,249692.0,0.8883,0.0,0.91,0.863,0.88,1.0,249692.0
2016-04-19,0.8874,0.9135,0.86,0.871,329635.0,0.8874,0.0,0.9135,0.86,0.871,1.0,329635.0
2016-04-18,0.89,0.9,0.86,0.87,284016.0,0.89,0.0,0.9,0.86,0.87,1.0,284016.0
2016-04-15,0.8813,0.92,0.861,0.89,259406.0,0.8813,0.0,0.92,0.861,0.89,1.0,259406.0
2016-04-14,0.9057,0.9392,0.86,0.89,417938.0,0.9057,0.0,0.9392,0.86,0.89,1.0,417938.0
2016-04-13,0.89,0.89,0.85,0.8556,374722.0,0.89,0.0,0.89,0.85,0.8556,1.0,374722.0
2016-04-12,0.8566,0.8796,0.82,0.86,601155.0,0.8566,0.0,0.8796,0.82,0.86,1.0,601155.0
2016-04-11,0.8514,0.91,0.85,0.91,393302.0,0.8514,0.0,0.91,0.85,0.91,1.0,393302.0
2016-04-08,0.8999,0.915,0.856,0.9,611093.0,0.8999,0.0,0.915,0.856,0.9,1.0,611093.0
2016-04-07,0.8811,0.9182,0.88,0.8986,440293.0,0.8811,0.0,0.9182,0.88,0.8986,1.0,440293.0
2016-04-06,0.9,0.9,0.832,0.836,450415.0,0.9,0.0,0.9,0.832,0.836,1.0,450415.0
2016-04-05,0.8503,0.9405,0.8501,0.94,850301.0,0.8503,0.0,0.9405,0.8501,0.94,1.0,850301.0
2016-04-04,0.9201,0.94,0.91,0.93,811745.0,0.9201,0.0,0.94,0.91,0.93,1.0,811745.0
2016-04-01,0.9093,0.9298,0.8244,0.8584,1051535.0,0.9093,0.0,0.9298,0.8244,0.8584,1.0,1051535.0
2016-03-31,0.8701,0.9026,0.851,0.851,1950047.0,0.8701,0.0,0.9026,0.851,0.851,1.0,1950047.0
2016-03-30,0.8607,0.8699,0.784,0.79,1691410.0,0.8607,0.0,0.8699,0.784,0.79,1.0,1691410.0
2016-03-29,0.77,0.7863,0.74,0.755,1255273.0,0.77,0.0,0.7863,0.74,0.755,1.0,1255273.0
2016-03-28,0.735,0.74,0.702,0.72,1187601.0,0.735,0.0,0.74,0.702,0.72,1.0,1187601.0
2016-03-24,0.7128,0.749,0.705,0.73,455782.0,0.7128,0.0,0.749,0.705,0.73,1.0,455782.0
2016-03-23,0.73,0.8482,0.73,0.8,1123338.0,0.73,0.0,0.8482,0.73,0.8,1.0,1123338.0
2016-03-22,0.77,0.845,0.762,0.82,1048022.0,0.77,0.0,0.845,0.762,0.82,1.0,1048022.0
2016-03-21,0.7991,0.8187,0.744,0.75,1654309.0,0.7991,0.0,0.8187,0.744,0.75,1.0,1654309.0
2016-03-18,0.7299,0.736,0.67,0.72,1489235.0,0.7299,0.0,0.736,0.67,0.72,1.0,1489235.0
2016-03-17,0.72,0.768,0.7,0.711,5447174.0,0.72,0.0,0.768,0.7,0.711,1.0,5447174.0
2016-03-16,0.7057,0.82,0.7,0.8,1293846.0,0.7057,0.0,0.82,0.7,0.8,1.0,1293846.0
2016-03-15,0.78,0.88,0.7676,0.87,1352366.0,0.78,0.0,0.88,0.7676,0.87,1.0,1352366.0
2016-03-14,0.8678,0.9066,0.841,0.8716,718322.0,0.8678,0.0,0.9066,0.841,0.8716,1.0,718322.0
2016-03-11,0.8701,0.92,0.85,0.88,957482.0,0.8701,0.0,0.92,0.85,0.88,1.0,957482.0
2016-03-10,0.8791,0.95,0.8515,0.94,573130.0,0.8791,0.0,0.95,0.8515,0.94,1.0,573130.0
2016-03-09,0.9,0.9649,0.86,0.94,1294053.0,0.9,0.0,0.9649,0.86,0.94,1.0,1294053.0
2016-03-08,0.92,1.04,0.92,1.0,652047.0,0.92,0.0,1.04,0.92,1.0,1.0,652047.0
2016-03-07,0.9935,0.998,0.925,0.95,666742.0,0.9935,0.0,0.998,0.925,0.95,1.0,666742.0
2016-03-04,0.9503,0.98,0.9305,0.98,864440.0,0.9503,0.0,0.98,0.9305,0.98,1.0,864440.0
2016-03-03,0.9728,1.01,0.9503,0.97,746415.0,0.9728,0.0,1.01,0.9503,0.97,1.0,746415.0
2016-03-02,0.9826,1.01,0.93,0.93,776772.0,0.9826,0.0,1.01,0.93,0.93,1.0,776772.0
2016-03-01,0.9389,0.97,0.91,0.9618,896243.0,0.9389,0.0,0.97,0.91,0.9618,1.0,896243.0
2016-02-29,0.96,1.05,0.96,1.04,826639.0,0.96,0.0,1.05,0.96,1.04,1.0,826639.0
2016-02-26,1.01,1.02,0.98,0.99,467549.0,1.01,0.0,1.02,0.98,0.99,1.0,467549.0
2016-02-25,0.9898,1.02,0.96,1.0,440741.0,0.9898,0.0,1.02,0.96,1.0,1.0,440741.0
2016-02-24,0.9899,0.999,0.94,0.945,293496.0,0.9899,0.0,0.999,0.94,0.945,1.0,293496.0
2016-02-23,0.9442,1.04,0.9442,1.0,503685.0,0.9442,0.0,1.04,0.9442,1.0,1.0,503685.0
2016-02-22,1.0,1.05,1.0,1.0,373891.0,1.0,0.0,1.05,1.0,1.0,1.0,373891.0
2016-02-19,1.0,1.12,0.9899,1.02,368786.0,1.0,0.0,1.12,0.9899,1.02,1.0,368786.0
2016-02-18,0.99,1.11,0.98,1.02,865418.0,0.99,0.0,1.11,0.98,1.02,1.0,865418.0
2016-02-17,1.01,1.05,0.98,0.98,517568.0,1.01,0.0,1.05,0.98,0.98,1.0,517568.0
2016-02-16,0.9799,0.98,0.9154,0.9154,525644.0,0.9799,0.0,0.98,0.9154,0.9154,1.0,525644.0
2016-02-12,0.9149,0.9398,0.88,0.93,451108.0,0.9149,0.0,0.9398,0.88,0.93,1.0,451108.0
2016-02-11,0.91,0.91,0.87,0.9,805115.0,0.91,0.0,0.91,0.87,0.9,1.0,805115.0
2016-02-10,0.9001,1.01,0.8856,0.9687,689588.0,0.9001,0.0,1.01,0.8856,0.9687,1.0,689588.0
2016-02-09,0.9688,1.03,0.95,0.96,291160.0,0.9688,0.0,1.03,0.95,0.96,1.0,291160.0
2016-02-08,0.9881,1.07,0.9648,1.07,754544.0,0.9881,0.0,1.07,0.9648,1.07,1.0,754544.0
2016-02-05,1.08,1.14,1.04,1.1,763133.0,1.08,0.0,1.14,1.04,1.1,1.0,763133.0
2016-02-04,1.11,1.15,1.1,1.1,317634.0,1.11,0.0,1.15,1.1,1.1,1.0,317634.0
2016-02-03,1.11,1.2,1.1,1.17,592142.0,1.11,0.0,1.2,1.1,1.17,1.0,592142.0
2016-02-02,1.17,1.22,1.16,1.17,483267.0,1.17,0.0,1.22,1.16,1.17,1.0,483267.0
2016-02-01,1.19,1.23,1.16,1.23,680408.0,1.19,0.0,1.23,1.16,1.23,1.0,680408.0
2016-01-29,1.23,1.235,1.16,1.17,2615910.0,1.23,0.0,1.235,1.16,1.17,1.0,2615910.0
2016-01-28,1.19,1.22,1.125,1.15,1840368.0,1.19,0.0,1.22,1.125,1.15,1.0,1840368.0
2016-01-27,1.15,1.21,1.1,1.2,1573738.0,1.15,0.0,1.21,1.1,1.2,1.0,1573738.0
2016-01-26,1.22,1.25,1.1,1.11,2803794.0,1.22,0.0,1.25,1.1,1.11,1.0,2803794.0
2016-01-25,1.09,1.11,1.01,1.02,1235074.0,1.09,0.0,1.11,1.01,1.02,1.0,1235074.0
2016-01-22,1.04,1.04,0.99,1.0,763456.0,1.04,0.0,1.04,0.99,1.0,1.0,763456.0
2016-01-21,0.9917,1.01,0.9201,0.96,543011.0,0.9917,0.0,1.01,0.9201,0.96,1.0,543011.0
2016-01-20,0.948,0.948,0.88,0.94,975125.0,0.948,0.0,0.948,0.88,0.94,1.0,975125.0
2016-01-19,0.9488,0.95,0.92,0.94,908096.0,0.9488,0.0,0.95,0.92,0.94,1.0,908096.0
2016-01-15,0.946,0.95,0.9053,0.94,807785.0,0.946,0.0,0.95,0.9053,0.94,1.0,807785.0
2016-01-14,0.974,0.9974,0.9101,0.96,942790.0,0.974,0.0,0.9974,0.9101,0.96,1.0,942790.0
2016-01-13,0.9513,1.03,0.9103,1.0,1311009.0,0.9513,0.0,1.03,0.9103,1.0,1.0,1311009.0
2016-01-12,0.9957,1.01,0.95,0.97,945802.0,0.9957,0.0,1.01,0.95,0.97,1.0,945802.0
2016-01-11,0.9598,1.09,0.9101,1.06,2159133.0,0.9598,0.0,1.09,0.9101,1.06,1.0,2159133.0
2016-01-08,1.05,1.13,1.0437,1.11,847601.0,1.05,0.0,1.13,1.0437,1.11,1.0,847601.0
2016-01-07,1.11,1.18,1.09,1.16,1173016.0,1.11,0.0,1.18,1.09,1.16,1.0,1173016.0
2016-01-06,1.17,1.2,1.16,1.18,478901.0,1.17,0.0,1.2,1.16,1.18,1.0,478901.0
2016-01-05,1.2,1.27,1.18,1.19,383267.0,1.2,0.0,1.27,1.18,1.19,1.0,383267.0
2016-01-04,1.19,1.24,1.17,1.22,849414.0,1.19,0.0,1.24,1.17,1.22,1.0,849414.0
