,adj_close,adj_high,adj_low,adj_open,adj_volume,close,ex_dividend,high,low,open,split_ratio,volume
2017-02-10,16.05,16.225,15.8,15.95,401808.0,16.05,0.0,16.225,15.8,15.95,1.0,401808.0
2017-02-09,16.0,16.2,15.45,15.75,528027.0,16.0,0.0,16.2,15.45,15.75,1.0,528027.0
2017-02-08,15.8,15.9,15.25,15.4,403544.0,15.8,0.0,15.9,15.25,15.4,1.0,403544.0
2017-02-07,15.4,15.65,15.2,15.4,317680.0,15.4,0.0,15.65,15.2,15.4,1.0,317680.0
2017-02-06,15.45,15.6,15.35,15.4,314227.0,15.45,0.0,15.6,15.35,15.4,1.0,314227.0
2017-02-03,15.4,15.4,15.05,15.1,267353.0,15.4,0.0,15.4,15.05,15.1,1.0,267353.0
2017-02-02,15.15,15.425,15.1,15.2,195976.0,15.15,0.0,15.425,15.1,15.2,1.0,195976.0
2017-02-01,15.25,15.55,15.15,15.35,312136.0,15.25,0.0,15.55,15.15,15.35,1.0,312136.0
2017-01-31,15.4,15.45,14.95,15.4,369146.0,15.4,0.0,15.45,14.95,15.4,1.0,369146.0
2017-01-30,15.55,15.675,15.3,15.6,379605.0,15.55,0.0,15.675,15.3,15.6,1.0,379605.0
2017-01-27,15.55,15.6,15.3,15.6,375270.0,15.55,0.0,15.6,15.3,15.6,1.0,375270.0
2017-01-26,15.55,15.7,15.4,15.7,383564.0,15.55,0.0,15.7,15.4,15.7,1.0,383564.0
2017-01-25,15.6,15.95,15.6,15.8,360189.0,15.6,0.0,15.95,15.6,15.8,1.0,360189.0
2017-01-24,15.7,15.75,15.4,15.4,315626.0,15.7,0.0,15.75,15.4,15.4,1.0,315626.0
2017-01-23,15.35,15.7,15.05,15.65,643316.0,15.35,0.0,15.7,15.05,15.65,1.0,643316.0
2017-01-20,15.65,15.8,15.45,15.65,391390.0,15.65,0.0,15.8,15.45,15.65,1.0,391390.0
2017-01-19,15.55,15.675,15.35,15.55,505975.0,15.55,0.0,15.675,15.35,15.55,1.0,505975.0
2017-01-18,15.5,16.0,14.75,16.0,1288375.0,15.5,0.0,16.0,14.75,16.0,1.0,1288375.0
2017-01-17,16.2,16.6,16.05,16.2,541152.0,16.2,0.0,16.6,16.05,16.2,1.0,541152.0
2017-01-13,16.15,16.4,16.05,16.3,288110.0,16.15,0.0,16.4,16.05,16.3,1.0,288110.0
2017-01-12,16.15,16.4,15.75,16.35,449162.0,16.15,0.0,16.4,15.75,16.35,1.0,449162.0
2017-01-11,16.45,16.5,16.0,16.4,496360.0,16.45,0.0,16.5,16.0,16.4,1.0,496360.0
2017-01-10,16.35,16.45,15.65,15.65,471341.0,16.35,0.0,16.45,15.65,15.65,1.0,471341.0
2017-01-09,15.6,15.8,15.15,15.65,929991.0,15.6,0.0,15.8,15.15,15.65,1.0,929991.0
2017-01-06,15.75,16.405,15.55,16.35,1127135.0,15.75,0.0,16.405,15.55,16.35,1.0,1127135.0
2017-01-05,16.4,17.25,16.4,17.1,911983.0,16.4,0.0,17.25,16.4,17.1,1.0,911983.0
2017-01-04,17.4,17.5,16.55,16.95,727751.0,17.4,0.0,17.5,16.55,16.95,1.0,727751.0
2017-01-03,16.85,17.3,16.6,17.3,767124.0,16.85,0.0,17.3,16.6,17.3,1.0,767124.0
2016-12-30,17.35,17.75,17.3,17.55,312558.0,17.35,0.0,17.75,17.3,17.55,1.0,312558.0
2016-12-29,17.6,17.9,17.4,17.5,299591.0,17.6,0.0,17.9,17.4,17.5,1.0,299591.0
2016-12-28,17.55,17.65,17.15,17.6,344493.0,17.55,0.0,17.65,17.15,17.6,1.0,344493.0
2016-12-27,17.55,17.9,16.9,17.05,342117.0,17.55,0.0,17.9,16.9,17.05,1.0,342117.0
2016-12-23,17.5,17.5,16.85,17.1,337249.0,17.5,0.0,17.5,16.85,17.1,1.0,337249.0
2016-12-22,17.2,18.0,17.05,17.95,505987.0,17.2,0.0,18.0,17.05,17.95,1.0,505987.0
2016-12-21,17.9,18.4,17.7,18.3,502482.0,17.9,0.0,18.4,17.7,18.3,1.0,502482.0
2016-12-20,18.45,18.8,18.35,18.35,324840.0,18.45,0.0,18.8,18.35,18.35,1.0,324840.0
2016-12-19,18.35,18.5,18.05,18.2,569063.0,18.35,0.0,18.5,18.05,18.2,1.0,569063.0
2016-12-16,18.05,18.6,18.05,18.15,1103344.0,18.05,0.0,18.6,18.05,18.15,1.0,1103344.0
2016-12-15,18.1,18.25,17.8,18.0,505618.0,18.1,0.0,18.25,17.8,18.0,1.0,505618.0
2016-12-14,17.9,18.15,17.65,18.15,364641.0,17.9,0.0,18.15,17.65,18.15,1.0,364641.0
2016-12-13,18.25,18.525,18.0,18.0,830153.0,18.25,0.0,18.525,18.0,18.0,1.0,830153.0
2016-12-12,18.1,18.49,17.8,18.4,820955.0,18.1,0.0,18.49,17.8,18.4,1.0,820955.0
2016-12-09,18.55,18.95,18.2774,18.4,639744.0,18.55,0.0,18.95,18.2774,18.4,1.0,639744.0
2016-12-08,18.4,18.6,18.2,18.55,637618.0,18.4,0.0,18.6,18.2,18.55,1.0,637618.0
2016-12-07,18.65,18.85,18.3248,18.35,611776.0,18.65,0.0,18.85,18.3248,18.35,1.0,611776.0
2016-12-06,18.3,18.8,17.9,18.8,598082.0,18.3,0.0,18.8,17.9,18.8,1.0,598082.0
2016-12-05,18.65,19.0,18.25,18.3,851043.0,18.65,0.0,19.0,18.25,18.3,1.0,851043.0
2016-12-02,18.05,18.25,17.7,18.2,984409.0,18.05,0.0,18.25,17.7,18.2,1.0,984409.0
2016-12-01,18.35,19.5,18.25,19.15,823287.0,18.35,0.0,19.5,18.25,19.15,1.0,823287.0
2016-11-30,19.35,19.725,18.95,19.15,1066368.0,19.35,0.0,19.725,18.95,19.15,1.0,1066368.0
2016-11-29,19.1,19.4,18.855,19.2,746752.0,19.1,0.15,19.4,18.855,19.2,1.0,746752.0
2016-11-28,19.2984415584416,19.6953246753247,19.2488311688312,19.6457142857143,847114.0,19.45,0.0,19.85,19.4,19.8,1.0,847114.0
2016-11-25,19.5464935064935,19.6457142857143,19.1992207792208,19.4472727272727,287164.0,19.7,0.0,19.8,19.35,19.6,1.0,287164.0
2016-11-23,19.5464935064935,19.6953246753247,19.3976623376623,19.4472727272727,791458.0,19.7,0.0,19.85,19.55,19.6,1.0,791458.0
2016-11-22,19.5464935064935,19.8441558441558,19.3976623376623,19.3976623376623,833534.0,19.7,0.0,20.0,19.55,19.55,1.0,833534.0
2016-11-21,19.4472727272727,20.1914285714286,19.3976623376623,19.6457142857143,852192.0,19.6,0.0,20.35,19.55,19.8,1.0,852192.0
2016-11-18,19.3976623376623,20.0922077922078,19.1992207792208,19.5961038961039,854695.0,19.55,0.0,20.25,19.35,19.75,1.0,854695.0
2016-11-17,19.8441558441558,19.8491168831169,19.2199579220779,19.8441558441558,847886.0,20.0,0.0,20.005,19.3709,20.0,1.0,847886.0
2016-11-16,19.6953246753247,19.868961038961,19.1496103896104,19.1496103896104,604837.0,19.85,0.0,20.025,19.3,19.3,1.0,604837.0
2016-11-15,19.0503896103896,19.3976623376623,18.3558441558442,19.2488311688312,746297.0,19.2,0.0,19.55,18.5,19.4,1.0,746297.0
2016-11-14,19.3976623376623,19.9433766233766,19.2488311688312,19.2488311688312,820789.0,19.55,0.0,20.1,19.4,19.4,1.0,820789.0
2016-11-11,19.1992207792208,19.2488311688312,18.6038961038961,19.0007792207792,543391.0,19.35,0.0,19.4,18.75,19.15,1.0,543391.0
2016-11-10,18.8519480519481,19.0007792207792,18.1574025974026,18.207012987013,813560.0,19.0,0.0,19.15,18.3,18.35,1.0,813560.0
2016-11-09,18.1574025974026,18.4054545454545,17.3636363636364,17.3636363636364,748340.0,18.3,0.0,18.55,17.5,17.5,1.0,748340.0
2016-11-08,17.9093506493507,18.2566233766234,17.6612987012987,18.2566233766234,952478.0,18.05,0.0,18.4,17.8,18.4,1.0,952478.0
2016-11-07,18.3558441558442,18.5542857142857,17.6712207792208,17.8101298701299,958579.0,18.5,0.0,18.7,17.81,17.95,1.0,958579.0
2016-11-04,17.4132467532468,17.6116883116883,17.1412825974026,17.5620779220779,594294.0,17.55,0.0,17.75,17.2759,17.7,1.0,594294.0
2016-11-03,17.3636363636364,17.4628571428571,16.4706493506494,16.7683116883117,975045.0,17.5,0.0,17.6,16.6,16.9,1.0,975045.0
2016-11-02,16.6690909090909,17.065974025974,16.0241558441558,16.4706493506494,1609930.0,16.8,0.0,17.2,16.15,16.6,1.0,1609930.0
2016-11-01,15.9249350649351,16.3714285714286,15.0319480519481,15.4288311688312,882786.0,16.05,0.0,16.5,15.15,15.55,1.0,882786.0
2016-10-31,15.3792207792208,15.4288311688312,14.9526706493507,15.3296103896104,525844.0,15.5,0.0,15.55,15.0701,15.45,1.0,525844.0
2016-10-28,15.2303896103896,15.5664503896104,15.0815584415584,15.3792207792208,417286.0,15.35,0.0,15.6887,15.2,15.5,1.0,417286.0
2016-10-27,15.3792207792208,15.9249350649351,15.2303896103896,15.9249350649351,201548.0,15.5,0.0,16.05,15.35,16.05,1.0,201548.0
2016-10-26,15.8753246753247,16.4245116883117,15.8257142857143,16.172987012987,131182.0,16.0,0.0,16.5535,15.95,16.3,1.0,131182.0
2016-10-25,16.2225974025974,17.1651948051948,15.9745454545455,16.7187012987013,182824.0,16.35,0.0,17.3,16.1,16.85,1.0,182824.0
2016-10-24,16.5202597402597,17.1651948051948,16.2131714285714,16.2722077922078,290624.0,16.65,0.0,17.3,16.3405,16.4,1.0,290624.0
2016-10-21,16.3714285714286,16.6690909090909,16.3218181818182,16.4706493506494,144391.0,16.5,0.0,16.8,16.45,16.6,1.0,144391.0
2016-10-20,16.6194805194805,16.7187012987013,15.9249350649351,16.172987012987,209794.0,16.75,0.0,16.85,16.05,16.3,1.0,209794.0
2016-10-19,16.3218181818182,16.5202597402597,16.2722077922078,16.5202597402597,211303.0,16.45,0.0,16.65,16.4,16.65,1.0,211303.0
2016-10-18,16.421038961039,16.6690909090909,16.3714285714286,16.5698701298701,182189.0,16.55,0.0,16.8,16.5,16.7,1.0,182189.0
2016-10-17,16.421038961039,16.9171428571429,16.421038961039,16.7187012987013,235615.0,16.55,0.0,17.05,16.55,16.85,1.0,235615.0
2016-10-14,16.8576103896104,16.8873766233766,16.5797922077922,16.8179220779221,200324.0,16.99,0.0,17.02,16.71,16.95,1.0,200324.0
2016-10-13,16.7087792207792,16.9469090909091,16.044,16.5004155844156,399761.0,16.84,0.0,17.08,16.17,16.63,1.0,399761.0
2016-10-12,16.5996363636364,16.6194805194805,15.6868051948052,15.8455584415584,360038.0,16.73,0.0,16.75,15.81,15.97,1.0,360038.0
2016-10-11,15.7761038961039,16.0043116883117,15.6768831168831,15.7959480519481,253862.0,15.9,0.0,16.13,15.8,15.92,1.0,253862.0
2016-10-10,15.8852467532468,16.0340779220779,15.5478961038961,15.5975064935065,302587.0,16.01,0.0,16.16,15.67,15.72,1.0,302587.0
2016-10-07,15.6173506493507,15.7761038961039,15.1807792207792,15.1807792207792,461484.0,15.74,0.0,15.9,15.3,15.3,1.0,461484.0
2016-10-06,15.1311688311688,15.6173506493507,14.2381818181818,14.4663896103896,1495819.0,15.25,0.0,15.74,14.35,14.58,1.0,1495819.0
2016-10-05,13.7619220779221,14.009974025974,13.6527792207792,13.7718441558442,173775.0,13.87,0.0,14.12,13.76,13.88,1.0,173775.0
2016-10-04,13.7916883116883,13.8412987012987,13.623012987013,13.6924675324675,112938.0,13.9,0.0,13.95,13.73,13.8,1.0,112938.0
2016-10-03,13.7420779220779,13.9802077922078,13.5237922077922,13.5237922077922,167956.0,13.85,0.0,14.09,13.63,13.63,1.0,167956.0
2016-09-30,13.5138701298701,13.5932467532468,13.2955844155844,13.5237922077922,332113.0,13.62,0.0,13.7,13.4,13.63,1.0,332113.0
2016-09-29,13.4245714285714,13.7321558441558,13.4146493506494,13.5833246753247,181897.0,13.53,0.0,13.84,13.52,13.69,1.0,181897.0
2016-09-28,13.6627012987013,14.0298181818182,13.623012987013,13.9901298701299,222948.0,13.77,0.0,14.14,13.73,14.1,1.0,222948.0
2016-09-27,14.0397402597403,14.138961038961,13.9206753246753,13.9702857142857,139548.0,14.15,0.0,14.25,14.03,14.08,1.0,139548.0
2016-09-26,14.0298181818182,14.2481038961039,13.9702857142857,14.2481038961039,115597.0,14.14,0.0,14.36,14.08,14.36,1.0,115597.0
2016-09-23,14.2481038961039,14.4167792207792,14.1786493506494,14.2481038961039,166332.0,14.36,0.0,14.53,14.29,14.36,1.0,166332.0
2016-09-22,14.3374025974026,14.4366233766234,14.2084155844156,14.4167792207792,265872.0,14.45,0.0,14.55,14.32,14.53,1.0,265872.0
2016-09-21,14.3770909090909,14.5295932467532,14.0893506493507,14.4366233766234,178785.0,14.49,0.0,14.6437,14.2,14.55,1.0,178785.0
2016-09-20,14.3969350649351,14.516,14.1786493506494,14.2877922077922,180394.0,14.51,0.0,14.63,14.29,14.4,1.0,180394.0
2016-09-19,14.2977142857143,14.3969350649351,14.1687272727273,14.1687272727273,165287.0,14.41,0.0,14.51,14.28,14.28,1.0,165287.0
2016-09-16,14.0992727272727,14.2778701298701,14.0794285714286,14.0794285714286,290982.0,14.21,0.0,14.39,14.19,14.19,1.0,290982.0
2016-09-15,14.0496623376623,14.2381818181818,14.0030285714286,14.0695064935065,132535.0,14.16,0.0,14.35,14.113,14.18,1.0,132535.0
2016-09-14,14.009974025974,14.129038961039,13.9504415584416,13.9504415584416,203021.0,14.12,0.0,14.24,14.06,14.06,1.0,203021.0
2016-09-13,13.9702857142857,14.1091948051948,13.8115324675325,13.9405194805195,184707.0,14.08,0.0,14.22,13.92,14.05,1.0,184707.0
2016-09-12,13.9901298701299,14.0893506493507,13.8611428571429,13.8611428571429,269972.0,14.1,0.0,14.2,13.97,13.97,1.0,269972.0
2016-09-09,13.9901298701299,14.0000519480519,13.6726233766234,13.8412987012987,372240.0,14.1,0.0,14.11,13.78,13.95,1.0,372240.0
2016-09-08,13.8909090909091,13.8909090909091,13.3551168831169,13.4146493506494,362143.0,14.0,0.0,14.0,13.46,13.52,1.0,362143.0
2016-09-07,13.3848831168831,13.3948051948052,12.9383896103896,12.9979220779221,308023.0,13.49,0.0,13.5,13.04,13.1,1.0,308023.0
2016-09-06,12.9582337662338,12.9780779220779,12.6903376623377,12.8094025974026,192866.0,13.06,0.0,13.08,12.79,12.91,1.0,192866.0
2016-09-02,12.8490909090909,12.9483116883117,12.6704935064935,12.7002597402597,130186.0,12.95,0.0,13.05,12.77,12.8,1.0,130186.0
2016-09-01,12.7002597402597,12.8391688311688,12.3728311688312,12.3728311688312,188182.0,12.8,0.0,12.94,12.47,12.47,1.0,188182.0
2016-08-31,12.4125194805195,12.6804155844156,12.2339220779221,12.6804155844156,238602.0,12.51,0.0,12.78,12.33,12.78,1.0,238602.0
2016-08-30,12.6903376623377,12.7647532467532,12.481974025974,12.481974025974,127765.0,12.79,0.125,12.865,12.58,12.58,1.0,127765.0
2016-08-29,12.4692516403457,12.5380339582988,12.3513390952833,12.4299474586583,86144.0,12.69,0.0,12.76,12.57,12.65,1.0,86144.0
2016-08-26,12.449599549502,12.5773381399862,12.3709911861271,12.5576860491425,105972.0,12.67,0.0,12.8,12.59,12.78,1.0,105972.0
2016-08-25,12.5282079128769,12.665772548783,12.449599549502,12.5871641854081,115545.0,12.75,0.0,12.89,12.67,12.81,1.0,115545.0
2016-08-24,12.665772548783,12.8328153209547,12.5871641854081,12.5871641854081,186056.0,12.89,0.0,13.06,12.81,12.81,1.0,186056.0
2016-08-23,12.6461204579393,12.7443809121579,12.6068162762518,12.7443809121579,203274.0,12.87,0.0,12.97,12.83,12.97,1.0,203274.0
2016-08-22,12.7149027758923,12.9998580931264,12.6854246396267,12.8229892755328,165466.0,12.94,0.0,13.23,12.91,13.05,1.0,165466.0
2016-08-19,12.8917715934859,12.9900320477045,12.552085203252,12.5576860491425,227673.0,13.12,0.0,13.22,12.7743,12.78,1.0,227673.0
2016-08-18,12.6362944125174,12.7738590484235,12.5380339582988,12.6068162762518,219432.0,12.86,0.0,13.0,12.76,12.83,1.0,219432.0
2016-08-17,12.6264683670955,12.8328153209547,12.4889037311894,12.8328153209547,212783.0,12.85,0.0,13.06,12.71,13.06,1.0,212783.0
2016-08-16,12.8328153209547,12.9875755363491,12.7836850938454,12.8622934572203,124017.0,13.06,0.0,13.2175,13.01,13.09,1.0,124017.0
2016-08-15,12.8426413663766,12.9507278660171,12.813163230111,12.8328153209547,160679.0,13.07,0.0,13.18,13.04,13.06,1.0,160679.0
2016-08-12,12.8229892755328,12.9212497297515,12.7149027758923,12.8622934572203,210335.0,13.05,0.0,13.15,12.94,13.09,1.0,210335.0
2016-08-11,12.8328153209547,13.0195101839701,12.6068162762518,12.8917715934859,237561.0,13.06,0.0,13.25,12.83,13.12,1.0,237561.0
2016-08-10,12.8033371846891,12.9802060022827,12.3611651407052,12.4004693223927,336161.0,13.03,0.0,13.21,12.58,12.62,1.0,336161.0
2016-08-09,12.3906432769708,12.6166423216737,12.3513390952833,12.5380339582988,258899.0,12.61,0.0,12.84,12.57,12.76,1.0,258899.0
2016-08-08,12.59699023083,12.7542069575798,12.4889037311894,12.4889037311894,242264.0,12.82,0.0,12.98,12.71,12.71,1.0,242264.0
2016-08-05,12.449599549502,12.7247288213142,12.0074275055181,12.3611651407052,428289.0,12.67,0.0,12.95,12.22,12.58,1.0,428289.0
2016-08-04,12.2629046864866,12.3120349135959,11.9976014600962,12.2137744593772,354124.0,12.48,0.0,12.53,12.21,12.43,1.0,354124.0
2016-08-03,12.1449921414242,12.59699023083,11.3392564168313,11.5849075523779,1024855.0,12.36,0.0,12.82,11.54,11.79,1.0,1024855.0
2016-08-02,10.2878695566919,10.4352602380198,9.8358714672861,10.1110007390983,342276.0,10.47,0.0,10.62,10.01,10.29,1.0,342276.0
2016-08-01,10.1208267845202,10.4352602380198,9.91447983066102,10.3664779200668,373344.0,10.3,0.0,10.62,10.09,10.55,1.0,373344.0
2016-07-29,10.3763039654886,10.4450862834417,10.1011746936764,10.27804351127,155749.0,10.56,0.0,10.63,10.28,10.46,1.0,155749.0
2016-07-28,10.2682174658481,10.6121290556134,10.1896091024732,10.5335206922385,86329.0,10.45,0.0,10.8,10.37,10.72,1.0,86329.0
2016-07-27,10.5531727830822,10.6710853281446,10.0225663303015,10.6710853281446,84568.0,10.74,0.0,10.86,10.2,10.86,1.0,84568.0
2016-07-26,10.6710853281446,10.9363885545349,10.5433467376603,10.6710853281446,163419.0,10.86,0.0,11.13,10.73,10.86,1.0,163419.0
2016-07-25,10.6023030101915,10.7300416006757,10.5335206922385,10.6219551010352,99961.0,10.79,0.0,10.92,10.72,10.81,1.0,99961.0
2016-07-22,10.6121290556134,10.6219551010352,10.2387393295825,10.3173476929575,127765.0,10.8,0.0,10.81,10.42,10.5,1.0,127765.0
2016-07-21,10.346825829223,10.4352602380198,10.130652829942,10.130652829942,117057.0,10.53,0.0,10.62,10.31,10.31,1.0,117057.0
2016-07-20,10.1699570116295,10.2092611933169,9.84569751270797,9.91447983066102,122140.0,10.35,0.0,10.39,10.02,10.09,1.0,122140.0
2016-07-19,9.90465378523915,10.061870511989,9.8358714672861,9.93413192150475,90328.0,10.08,0.0,10.24,10.01,10.11,1.0,90328.0
2016-07-18,9.93413192150475,10.0422184211453,9.52153627424067,9.64917660427068,159085.0,10.11,0.0,10.22,9.6901,9.82,1.0,159085.0
2016-07-15,9.64917660427068,9.8653496035517,9.58039428631763,9.76708914933305,82693.0,9.82,0.0,10.04,9.75,9.94,1.0,82693.0
2016-07-14,9.71795892222373,10.0716965574108,9.68848078595814,9.92430587608288,119790.0,9.89,0.0,10.25,9.86,10.1,1.0,119790.0
2016-07-13,9.82604542186424,9.9734361031922,9.67865474053628,9.92430587608288,167349.0,10.0,0.0,10.15,9.85,10.1,1.0,167349.0
2016-07-12,9.8653496035517,10.1994351478951,9.81621937644237,10.0422184211453,165120.0,10.04,0.0,10.38,9.99,10.22,1.0,165120.0
2016-07-11,10.0323923757234,10.0422184211453,9.64917660427068,9.7277849676456,164124.0,10.21,0.0,10.22,9.82,9.9,1.0,164124.0
2016-07-08,9.67865474053628,9.71795892222373,9.4231775595678,9.4231775595678,159192.0,9.85,0.0,9.89,9.59,9.59,1.0,159192.0
2016-07-07,9.33474315077103,9.54109010463018,9.21683060570866,9.41335151414594,107633.0,9.5,0.0,9.71,9.38,9.58,1.0,107633.0
2016-07-06,9.40352546872408,9.41335151414594,9.00065760642764,9.05961387895883,144078.0,9.57,0.0,9.58,9.16,9.22,1.0,144078.0
2016-07-05,9.05961387895883,9.13822224233374,8.92204924305273,9.09891806064629,85381.0,9.22,0.0,9.3,9.08,9.26,1.0,85381.0
2016-07-01,9.15787433317747,9.46248174125526,9.04978783353696,9.11857015149001,133813.0,9.32,0.0,9.63,9.21,9.28,1.0,133813.0
2016-06-30,9.10874410606815,9.11857015149001,8.74518042545917,8.84344087967781,151238.0,9.27,0.0,9.28,8.9,9.0,1.0,151238.0
2016-06-29,8.87291901594341,8.93187528847459,8.70587624377172,8.71570228919358,94351.0,9.03,0.0,9.09,8.86,8.87,1.0,94351.0
2016-06-28,8.61744183497494,9.06943992438069,8.53883347160002,8.70587624377172,135086.0,8.77,0.0,9.23,8.69,8.86,1.0,135086.0
2016-06-27,8.65674601666239,9.11857015149001,8.60761578955307,9.11857015149001,213042.0,8.81,0.0,9.28,8.76,9.28,1.0,213042.0
2016-06-24,9.16770037859933,9.16770037859933,8.46022510822511,8.77465856172476,329478.0,9.33,0.0,9.33,8.61,8.93,1.0,329478.0
2016-06-23,8.902397152209,9.04978783353696,8.83852785696688,8.93187528847459,150910.0,9.06,0.0,9.21,8.995,9.09,1.0,150910.0
2016-06-22,8.72552833461545,8.86309297052154,8.64691997124053,8.67639810750612,122901.0,8.88,0.0,9.02,8.8,8.83,1.0,122901.0
2016-06-21,8.69605019834985,8.88274506136527,8.56831160786562,8.78448460714663,126649.0,8.85,0.0,9.04,8.72,8.94,1.0,126649.0
2016-06-20,8.69605019834985,9.02030969727137,8.65674601666239,8.93187528847459,147535.0,8.85,0.0,9.18,8.81,9.09,1.0,147535.0
2016-06-17,8.82378878883409,8.93187528847459,8.50935533533443,8.50935533533443,227105.0,8.98,0.0,9.09,8.66,8.66,1.0,227105.0
2016-06-16,8.53883347160002,8.74518042545917,8.44057301738138,8.6272678803968,119982.0,8.69,0.0,8.9,8.59,8.78,1.0,119982.0
2016-06-15,8.70587624377172,8.813864482958,8.3816167448502,8.3816167448502,149803.0,8.86,0.0,8.9699,8.53,8.53,1.0,149803.0
2016-06-14,8.3816167448502,8.47987719906884,8.28335629063155,8.45039906280324,109630.0,8.53,0.0,8.63,8.43,8.6,1.0,109630.0
2016-06-13,8.41109488111579,8.69605019834985,8.40126883569392,8.69605019834985,124126.0,8.56,0.0,8.85,8.55,8.85,1.0,124126.0
2016-06-10,8.71570228919358,8.78448460714663,8.37179069942833,8.57813765328748,186674.0,8.87,0.0,8.94,8.52,8.73,1.0,186674.0
2016-06-09,8.58796369870934,8.93187528847459,8.50935533533443,8.93187528847459,184189.0,8.74,0.0,9.09,8.66,9.09,1.0,184189.0
2016-06-08,8.97117947016205,9.13822224233374,8.86309297052154,9.00065760642764,245963.0,9.13,0.0,9.3,9.02,9.16,1.0,245963.0
2016-06-07,9.03013574269323,9.33474315077103,8.34231256316274,8.40126883569392,760650.0,9.19,0.0,9.5,8.49,8.55,1.0,760650.0
2016-06-06,8.44057301738138,8.53883347160002,8.19492188183477,8.36196465400647,179131.0,8.59,0.0,8.69,8.34,8.51,1.0,179131.0
2016-06-03,8.3816167448502,8.50935533533443,8.20828530360851,8.34231256316274,214296.0,8.53,0.0,8.66,8.3536,8.49,1.0,214296.0
2016-06-02,8.32266047231901,8.3521386085846,8.01314004153029,8.17526979099105,320378.0,8.47,0.0,8.5,8.155,8.32,1.0,320378.0
2016-06-01,8.20474792725664,8.33405868500837,8.02787910966308,8.25387815436596,303695.0,8.35,0.0,8.4816,8.17,8.4,1.0,303695.0
2016-05-31,8.23422606352223,8.45039906280324,8.16544374556918,8.43074697195952,271437.0,8.38,0.0,8.6,8.31,8.58,1.0,271437.0
2016-05-27,8.43074697195952,8.57813765328748,8.3521386085846,8.3521386085846,246616.0,8.58,0.125,8.73,8.5,8.5,1.0,246616.0
2016-05-26,8.28063028262537,8.35810986421719,8.16925338408714,8.32905502112026,241017.0,8.55,0.0,8.63,8.435,8.6,1.0,241017.0
2016-05-25,8.32905502112026,8.37747975961514,8.15472596253867,8.24189049182946,162548.0,8.6,0.0,8.65,8.42,8.51,1.0,162548.0
2016-05-24,8.25157543952844,8.30000017802333,8.06271895939839,8.12567111944174,197150.0,8.52,0.0,8.57,8.325,8.39,1.0,197150.0
2016-05-23,8.11598617174276,8.43558944580901,8.10630122404378,8.31937007342128,186096.0,8.38,0.0,8.71,8.37,8.59,1.0,186096.0
2016-05-20,8.33873996881923,8.41621955041105,8.09661627634481,8.22252059643151,267853.0,8.61,0.0,8.69,8.36,8.49,1.0,267853.0
2016-05-19,8.15472596253867,8.50328723022485,8.14504101483969,8.20315070103356,184692.0,8.42,0.0,8.7799,8.41,8.47,1.0,184692.0
2016-05-18,8.25157543952844,8.40653460271207,8.07724638094685,8.22252059643151,292048.0,8.52,0.0,8.68,8.34,8.49,1.0,292048.0
2016-05-17,8.26126038722742,8.34842491651821,8.15472596253867,8.29031523032435,269215.0,8.53,0.0,8.62,8.42,8.56,1.0,269215.0
2016-05-16,8.31937007342128,8.51306902740082,8.28063028262537,8.51306902740082,191356.0,8.59,0.0,8.79,8.55,8.79,1.0,191356.0
2016-05-13,8.42590449811003,8.62928839978855,8.36779481191617,8.58086366129366,190593.0,8.7,0.0,8.91,8.64,8.86,1.0,190593.0
2016-05-12,8.62928839978855,8.74550777217627,8.50628956401154,8.69708303368139,278497.0,8.91,0.0,9.03,8.783,8.98,1.0,278497.0
2016-05-11,8.65834324288548,9.00215888619916,8.63897334748752,8.94889167385479,251849.0,8.94,0.0,9.295,8.92,9.24,1.0,251849.0
2016-05-10,8.93920672615581,9.52998853579341,8.82298735376809,9.46219390190057,320692.0,9.23,0.0,9.84,9.11,9.77,1.0,320692.0
2016-05-09,9.48156379729853,9.75274233286988,8.43558944580901,8.56149376589571,621117.0,9.79,0.0,10.07,8.71,8.84,1.0,621117.0
2016-05-06,8.5227539750998,8.85204219686502,8.3968496550131,8.58086366129366,381855.0,8.8,0.0,9.14,8.67,8.86,1.0,381855.0
2016-05-05,8.74550777217627,9.43313905880364,8.74550777217627,9.16196052323228,406277.0,9.03,0.0,9.74,9.03,9.46,1.0,406277.0
2016-05-04,9.20070031402819,10.546908044186,9.14259062783433,9.86896170525761,1160007.0,9.5,0.0,10.89,9.44,10.19,1.0,1160007.0
2016-05-03,11.7429990850097,12.1739792576141,11.5541426048796,12.0093351467315,204467.0,12.125,0.0,12.57,11.93,12.4,1.0,204467.0
2016-05-02,12.0287050421295,12.2998835777008,11.7284716634612,11.7865813496551,271039.0,12.42,0.0,12.7,12.11,12.17,1.0,271039.0
2016-04-29,11.7091017680632,11.8737458789459,11.5928823956755,11.7768964019561,192578.0,12.09,0.0,12.26,11.97,12.16,1.0,192578.0
2016-04-28,11.8640609312469,12.0771297806244,11.796266297354,12.0190200944305,221867.0,12.25,0.0,12.47,12.18,12.41,1.0,221867.0
2016-04-27,12.0287050421295,12.0383899898285,11.6413071341704,11.7768964019561,201814.0,12.42,0.0,12.43,12.02,12.16,1.0,201814.0
2016-04-26,11.7768964019561,11.8834308266448,11.3168613862547,11.5057178663847,186756.0,12.16,0.0,12.27,11.685,11.88,1.0,186756.0
2016-04-25,11.6025673433745,11.6219372387725,11.2926490170072,11.408868389395,184391.0,11.98,0.0,12.0,11.66,11.78,1.0,184391.0
2016-04-22,11.379813546298,11.4960329186857,11.2732791216093,11.2732791216093,117643.0,11.75,0.0,11.87,11.64,11.64,1.0,117643.0
2016-04-21,11.2926490170072,11.5638275525786,11.2539092262113,11.3120189124052,137147.0,11.66,0.0,11.94,11.62,11.68,1.0,137147.0
2016-04-20,11.3217038601042,11.4476081801909,10.8955661613492,10.953675847543,140046.0,11.69,0.0,11.82,11.25,11.31,1.0,140046.0
2016-04-19,10.8955661613492,11.2345393308134,10.8761962659512,11.2345393308134,277133.0,11.25,0.0,11.6,11.23,11.6,1.0,277133.0
2016-04-18,11.2054844877164,11.2974914908567,11.0698952199308,11.0698952199308,107792.0,11.57,0.0,11.665,11.43,11.43,1.0,107792.0
2016-04-15,11.0602102722318,11.0698952199308,10.9149360567471,10.9246210044461,108318.0,11.42,0.0,11.43,11.27,11.28,1.0,108318.0
2016-04-14,10.98273069064,11.1086350107267,10.8665113182522,10.9149360567471,108975.0,11.34,0.0,11.47,11.22,11.27,1.0,108975.0
2016-04-13,10.8858812136502,11.0989500630277,10.7115521550686,10.7115521550686,136919.0,11.24,0.0,11.46,11.06,11.06,1.0,136919.0
2016-04-12,10.6340725734768,10.8858812136502,10.5081682533901,10.5081682533901,161032.0,10.98,0.0,11.24,10.85,10.85,1.0,161032.0
2016-04-11,10.4887983579921,10.6921822596707,10.3628940379054,10.4694284625942,156177.0,10.83,0.0,11.04,10.7,10.81,1.0,156177.0
2016-04-08,10.4597435148952,10.9052511090481,10.2950994040126,10.6728123642727,168048.0,10.8,0.0,11.26,10.63,11.02,1.0,168048.0
2016-04-07,10.556592991885,10.98273069064,10.4597435148952,10.953675847543,645485.0,10.9,0.0,11.34,10.8,11.31,1.0,645485.0
2016-04-06,10.953675847543,11.0166280075864,10.3338391948085,10.4016338287013,271679.0,11.31,0.0,11.375,10.67,10.74,1.0,271679.0
2016-04-05,10.4306886717983,10.8665113182522,10.3338391948085,10.6050177303799,256947.0,10.77,0.0,11.22,10.67,10.95,1.0,256947.0
2016-04-04,10.6824973119717,10.8471414228543,10.4306886717983,10.8471414228543,161022.0,11.03,0.0,11.2,10.77,11.2,1.0,161022.0
2016-04-01,10.9052511090481,10.9972581121884,10.6728123642727,10.7212371027676,195364.0,11.26,0.0,11.355,11.02,11.07,1.0,195364.0
2016-03-31,10.7599768935635,10.9246210044461,10.5759628872829,10.9246210044461,187708.0,11.11,0.0,11.28,10.92,11.28,1.0,187708.0
2016-03-30,10.963360795242,11.1376898538236,10.7599768935635,11.0021005860379,151510.0,11.32,0.0,11.5,11.11,11.36,1.0,151510.0
2016-03-29,10.953675847543,11.0214704814359,10.4791134102932,10.6147026780788,236301.0,11.31,0.0,11.38,10.82,10.96,1.0,236301.0
2016-03-28,10.6340725734768,10.7406069981655,10.4887983579921,10.6050177303799,120936.0,10.98,0.0,11.09,10.83,10.95,1.0,120936.0
2016-03-24,10.537223096487,10.6776548381222,10.2369897178187,10.6534424688747,164107.0,10.88,0.0,11.025,10.57,11.0,1.0,164107.0
2016-03-23,10.7309220504666,10.8761962659512,10.6534424688747,10.8761962659512,210400.0,11.08,0.0,11.23,11.0,11.23,1.0,210400.0
2016-03-22,10.9149360567471,11.3410737555021,10.8858812136502,11.1183199584256,177957.0,11.27,0.0,11.71,11.24,11.48,1.0,177957.0
2016-03-21,11.1280049061246,11.4282382847929,10.98273069064,11.3313888078031,130744.0,11.49,0.0,11.8,11.34,11.7,1.0,130744.0
2016-03-18,11.4379232324919,11.5831974479765,11.0311554291349,11.1376898538236,325194.0,11.81,0.0,11.96,11.39,11.5,1.0,325194.0
2016-03-17,11.1376898538236,11.3507587032011,10.9439908998441,10.953675847543,174809.0,11.5,0.0,11.72,11.3,11.31,1.0,174809.0
2016-03-16,10.963360795242,11.2248543831144,10.8374564751553,11.0021005860379,129537.0,11.32,0.0,11.59,11.19,11.36,1.0,129537.0
2016-03-15,11.0989500630277,11.3410737555021,10.953675847543,10.953675847543,129480.0,11.46,0.0,11.71,11.31,11.31,1.0,129480.0
2016-03-14,11.0505253245328,11.379813546298,10.98273069064,11.379813546298,236656.0,11.41,0.0,11.75,11.34,11.75,1.0,236656.0
2016-03-11,11.379813546298,11.6703619772673,11.1957995400175,11.5250877617827,201689.0,11.75,0.0,12.05,11.56,11.9,1.0,201689.0
2016-03-10,11.5057178663847,11.7575265065581,11.408868389395,11.6413071341704,154537.0,11.88,0.0,12.14,11.78,12.02,1.0,154537.0
2016-03-09,11.5154028140837,12.0771297806244,11.4766630232878,11.6219372387725,163047.0,11.89,0.0,12.47,11.85,12.0,1.0,163047.0
2016-03-08,11.5735125002776,11.6219372387725,11.2732791216093,11.4863479709868,249568.0,11.95,0.0,12.0,11.64,11.86,1.0,249568.0
2016-03-07,11.6316221864714,11.8543759835479,11.5638275525786,11.7672114542571,303825.0,12.01,0.0,12.24,11.94,12.15,1.0,303825.0
2016-03-04,11.7865813496551,12.1933491530121,11.5928823956755,11.6413071341704,379643.0,12.17,0.125,12.59,11.97,12.02,1.0,379643.0
2016-03-03,11.5517125061686,11.5996449232067,11.1682531698643,11.4079152550545,476080.0,12.05,0.0,12.1,11.65,11.9,1.0,476080.0
2016-03-02,11.4127084967583,11.5996449232067,10.3821615304404,10.7847938335599,1761106.0,11.905,0.0,12.1,10.83,11.25,1.0,1761106.0
2016-03-01,12.7404364487121,13.2868660029458,12.2898717285545,13.2676930361306,422705.0,13.29,0.0,13.86,12.82,13.84,1.0,422705.0
2016-02-29,13.1334822684241,13.1910011688698,12.5007743635219,12.6349851312284,214922.0,13.7,0.0,13.76,13.04,13.18,1.0,214922.0
2016-02-26,12.7596094155274,13.1526552352393,12.6733310648589,13.1143093016089,247888.0,13.31,0.0,13.72,13.22,13.68,1.0,247888.0
2016-02-25,13.0184444675328,13.1382755101279,12.5582932639676,12.6541580980437,405353.0,13.58,0.0,13.705,13.1,13.2,1.0,405353.0
2016-02-24,12.6062256810056,12.6637445814513,12.4077854744681,12.54870678056,271378.0,13.15,0.0,13.21,12.943,13.09,1.0,271378.0
2016-02-23,12.596639197598,12.8219215576768,12.4144960128534,12.6541580980437,265428.0,13.14,0.0,13.375,12.95,13.2,1.0,265428.0
2016-02-22,12.6158121644132,12.7596094155274,12.5392161619864,12.6637445814513,155208.0,13.16,0.0,13.31,13.0801,13.21,1.0,155208.0
2016-02-19,12.6158121644132,12.7500229321197,12.1844204110708,12.424082496261,237874.0,13.16,0.0,13.3,12.71,12.96,1.0,237874.0
2016-02-18,12.4624284298915,12.7097597018078,12.3090446953697,12.3473906290002,224812.0,13.0,0.0,13.258,12.84,12.88,1.0,224812.0
2016-02-17,12.2994582119621,12.6158121644132,12.2706987617393,12.4720149132991,107964.0,12.83,0.0,13.16,12.8,13.01,1.0,107964.0
2016-02-16,12.4432554630763,12.4624284298915,11.9069875812546,12.0502096433643,181453.0,12.98,0.0,13.0,12.4206,12.57,1.0,181453.0
2016-02-12,11.983104259511,12.1088789218189,11.0244559187502,11.8201340415817,149710.0,12.5,0.0,12.6312,11.5,12.33,1.0,149710.0
2016-02-11,11.7338556909132,12.2323528281089,11.6427840985409,12.0789690935871,258908.0,12.24,0.0,12.76,12.145,12.6,1.0,258908.0
2016-02-10,12.2419393115165,12.5007743635219,11.935171842473,12.1173150272176,288044.0,12.77,0.0,13.04,12.45,12.64,1.0,288044.0
2016-02-09,12.1269015106252,12.5199473303371,11.2641180039404,11.2641180039404,557740.0,12.65,0.0,13.06,11.75,11.75,1.0,557740.0
2016-02-08,11.3312233877936,11.7941546715471,10.9956964685273,11.3312233877936,362956.0,11.82,0.0,12.3029,11.47,11.82,1.0,362956.0
2016-02-05,10.8710721842284,11.1394937196415,10.7081019662991,11.101147786011,146758.0,11.34,0.0,11.62,11.17,11.58,1.0,146758.0
2016-02-04,11.101147786011,11.2353585537176,10.8710721842284,11.0340424021578,192576.0,11.58,0.0,11.72,11.34,11.51,1.0,192576.0
2016-02-03,11.1107342694186,11.6379908568371,11.0819748191958,11.6379908568371,76891.0,11.59,0.0,12.14,11.56,12.14,1.0,76891.0
2016-02-02,11.6092314066143,11.6955097572828,11.1970126200871,11.4175017384621,225948.0,12.11,0.0,12.2,11.68,11.91,1.0,225948.0
2016-02-01,11.5037800891306,11.6763367904676,11.3408098712012,11.542126022761,147613.0,12.0,0.0,12.18,11.83,12.04,1.0,147613.0
2016-01-29,11.6667503070599,11.762615141136,11.2257720703099,11.2257720703099,179750.0,12.17,0.0,12.27,11.71,11.71,1.0,179750.0
2016-01-28,11.1874261366795,11.4558476720926,10.9669370183045,11.3120504209784,140044.0,11.67,0.0,11.95,11.44,11.8,1.0,140044.0
2016-01-27,11.1778396532719,11.3887422882393,10.636203340742,10.9477640514893,272884.0,11.66,0.0,11.88,11.095,11.42,1.0,272884.0
2016-01-26,11.0052829519349,11.0244559187502,10.1568791703616,10.439680430886,221896.0,11.48,0.0,11.5,10.595,10.89,1.0,221896.0
2016-01-25,10.3629885636251,10.6697560326686,10.1520859286578,10.4588533977012,272928.0,10.81,0.0,11.13,10.59,10.91,1.0,272928.0
2016-01-22,10.4588533977012,10.7655250019106,10.391748013848,10.5930641654078,318845.0,10.91,0.0,11.2299,10.84,11.05,1.0,318845.0
2016-01-21,10.4492669142936,10.7464478999295,10.3629885636251,10.4876128479241,320045.0,10.9,0.0,11.21,10.81,10.94,1.0,320045.0
2016-01-20,10.4684398811088,10.7464478999295,10.0753940613969,10.7368614165219,472318.0,10.92,0.0,11.21,10.51,11.2,1.0,472318.0
2016-01-19,10.7272749331143,11.3312233877936,10.5930641654078,11.3312233877936,205150.0,11.19,0.0,11.82,11.05,11.82,1.0,205150.0
2016-01-15,11.1394937196415,11.2161855869023,10.4492669142936,10.4492669142936,313451.0,11.62,0.0,11.7,10.9,10.9,1.0,313451.0
2016-01-14,10.6889289994838,11.5900584397991,10.3246426299947,10.8423127340056,766452.0,11.15,0.0,12.09,10.77,11.31,1.0,766452.0
2016-01-13,10.2958831797719,10.5163722981469,9.99870219413601,10.4971993313317,402552.0,10.74,0.0,10.97,10.43,10.95,1.0,402552.0
2016-01-12,10.4588533977012,10.4876128479241,9.99870219413601,10.1041535116197,351227.0,10.91,0.0,10.94,10.43,10.54,1.0,351227.0
2016-01-11,10.0562210945817,10.1041535116197,9.10715923722839,9.20302407130448,357354.0,10.49,0.0,10.54,9.5,9.6,1.0,357354.0
2016-01-08,9.14550517085883,9.29888890538057,9.02088088655991,9.12633220404361,211567.0,9.54,0.0,9.7,9.41,9.52,1.0,211567.0
2016-01-07,9.09757275382078,9.38516725604905,9.0112944031523,9.04964033678274,189244.0,9.49,0.0,9.79,9.4,9.44,1.0,189244.0
2016-01-06,9.24137000493492,9.58648340760883,9.18385110448926,9.41392670627187,214248.0,9.64,0.0,10.0,9.58,9.82,1.0,214248.0
2016-01-05,9.59606989101644,9.85490494302188,9.36120104753003,9.77821307576101,210008.0,10.01,0.0,10.28,9.765,10.2,1.0,210008.0
2016-01-04,9.69193472509253,9.7686265923534,9.20302407130448,9.27012945515774,237888.0,10.11,0.0,10.19,9.6,9.67,1.0,237888.0
