,adj_close,adj_high,adj_low,adj_open,adj_volume,close,ex_dividend,high,low,open,split_ratio,volume
2017-02-10,20.85,21.3,20.85,21.1,4357.0,20.85,0.0,21.3,20.85,21.1,1.0,4357.0
2017-02-09,20.8,21.251,20.8,21.1,8630.0,20.8,0.0,21.251,20.8,21.1,1.0,8630.0
2017-02-08,21.0,21.25,20.8,21.0,9622.0,21.0,0.0,21.25,20.8,21.0,1.0,9622.0
2017-02-07,21.0,21.4,20.95,21.4,8027.0,21.0,0.0,21.4,20.95,21.4,1.0,8027.0
2017-02-06,20.85,21.1,20.8,20.95,11624.0,20.85,0.0,21.1,20.8,20.95,1.0,11624.0
2017-02-03,21.2,21.7588,21.05,21.7588,14090.0,21.2,0.0,21.7588,21.05,21.7588,1.0,14090.0
2017-02-02,21.4172,21.8168,21.3228,21.8168,3650.0,21.4172,0.0,21.8168,21.3228,21.8168,1.0,3650.0
2017-02-01,21.7321,21.8278,21.395,21.395,3665.0,21.7321,0.0,21.8278,21.395,21.395,1.0,3665.0
2017-01-31,21.8,21.85,21.4,21.8,3475.0,21.8,0.0,21.85,21.4,21.8,1.0,3475.0
2017-01-30,21.7668,21.85,21.6,21.85,2034.0,21.7668,0.0,21.85,21.6,21.85,1.0,2034.0
2017-01-27,21.6,21.85,21.55,21.85,16433.0,21.6,0.0,21.85,21.55,21.85,1.0,16433.0
2017-01-26,21.8,21.85,21.55,21.85,9953.0,21.8,0.0,21.85,21.55,21.85,1.0,9953.0
2017-01-25,21.7307,21.8,21.7,21.8,2842.0,21.7307,0.0,21.8,21.7,21.8,1.0,2842.0
2017-01-24,21.7999,21.85,21.55,21.55,3385.0,21.7999,0.0,21.85,21.55,21.55,1.0,3385.0
2017-01-20,21.65,21.65,21.55,21.6,5608.0,21.65,0.0,21.65,21.55,21.6,1.0,5608.0
2017-01-19,21.6174,21.8176,21.6174,21.8176,910.0,21.6174,0.0,21.8176,21.6174,21.8176,1.0,910.0
2017-01-18,21.5902,21.5902,21.5725,21.575,1760.0,21.5902,0.0,21.5902,21.5725,21.575,1.0,1760.0
2017-01-17,21.65,21.65,21.25,21.25,2240.0,21.65,0.0,21.65,21.25,21.25,1.0,2240.0
2017-01-13,21.5,21.85,21.3575,21.75,6929.0,21.5,0.0,21.85,21.3575,21.75,1.0,6929.0
2017-01-12,21.5,21.85,21.2501,21.8,2232.0,21.5,0.0,21.85,21.2501,21.8,1.0,2232.0
2017-01-11,21.845,21.85,21.577,21.765,1398.0,21.845,0.0,21.85,21.577,21.765,1.0,1398.0
2017-01-10,21.7,21.7001,21.05,21.55,2346.0,21.7,0.0,21.7001,21.05,21.55,1.0,2346.0
2017-01-09,21.85,21.85,21.85,21.85,100.0,21.85,0.0,21.85,21.85,21.85,1.0,100.0
2017-01-06,21.85,21.95,21.504,21.9,2597.0,21.85,0.0,21.95,21.504,21.9,1.0,2597.0
2017-01-05,21.65,21.65,21.5,21.55,1761.0,21.65,0.0,21.65,21.5,21.55,1.0,1761.0
2017-01-04,21.6166,21.9681,21.6166,21.9681,2242.0,21.6166,0.0,21.9681,21.6166,21.9681,1.0,2242.0
2017-01-03,21.5027,21.9358,21.45,21.8152,4260.0,21.5027,0.0,21.9358,21.45,21.8152,1.0,4260.0
2016-12-30,20.9,21.9354,20.35,21.9354,4750.0,20.9,0.0,21.9354,20.35,21.9354,1.0,4750.0
2016-12-29,21.25,22.4497,21.1,22.1,8302.0,21.25,0.0,22.4497,21.1,22.1,1.0,8302.0
2016-12-28,22.6662,22.6662,21.8838,22.05,956.0,22.6662,0.14,22.6662,21.8838,22.05,1.0,956.0
2016-12-27,22.6103449939052,22.7097311257465,22.2870419070253,22.2870419070253,1628.0,22.75,0.0,22.85,22.4247,22.4247,1.0,1628.0
2016-12-23,22.1293161157931,23.0496316966439,21.9146420710158,22.7006869877489,3342.0,22.266,0.0,23.192,22.05,22.8409,1.0,3342.0
2016-12-22,21.9146420710158,22.7643934982592,21.9146420710158,22.7481935587691,3577.0,22.05,0.0,22.905,22.05,22.8887,1.0,3577.0
2016-12-21,21.8649490050951,22.8091172575878,21.8649490050951,22.1134143346985,2472.0,22.0,0.0,22.95,22.0,22.25,1.0,2472.0
2016-12-20,22.4115727302225,22.933648080785,21.1324732134244,22.3618796643018,10229.0,22.55,0.0,23.0753,21.263,22.5,1.0,10229.0
2016-12-19,22.4115727302225,23.0078895212705,22.0140282028571,22.0140282028571,1155.0,22.55,0.0,23.15,22.15,22.15,1.0,1155.0
2016-12-16,22.9810552656734,23.2660946917943,21.5667906095711,21.5667906095711,3578.0,23.123,0.0,23.4098,21.7,21.7,1.0,3578.0
2016-12-15,22.6567583174751,22.6567583174751,21.4177114118091,21.5188864940236,973.0,22.7967,0.0,22.7967,21.55,21.6518,1.0,973.0
2016-12-14,22.6103449939052,23.7035924441599,22.3618796643018,23.4551271145566,9102.0,22.75,0.0,23.85,22.5,23.6,1.0,9102.0
2016-12-13,23.3219496978892,23.8188803570959,22.2128004665398,22.2128004665398,2434.0,23.466,0.0,23.966,22.35,22.35,1.0,2434.0
2016-12-12,22.1934201708307,22.6600380598258,21.6165830616236,21.8649490050951,6684.0,22.3305,0.0,22.8,21.7501,22.0,1.0,6684.0
2016-12-09,21.6164836754918,21.6164836754918,21.4674044777297,21.4674044777297,902.0,21.75,0.0,21.75,21.6,21.6,1.0,902.0
2016-12-08,21.1692460822057,21.6164836754918,19.9269194341889,19.9269194341889,3780.0,21.3,0.0,21.75,20.05,20.05,1.0,3780.0
2016-12-07,21.1692460822057,21.6661767414124,19.679447965904,21.4674044777297,6970.0,21.3,0.0,21.8,19.801,21.6,1.0,6970.0
2016-12-06,21.6661767414124,21.6661767414124,21.5419440766107,21.665182880094,1375.0,21.8,0.0,21.8,21.675,21.799,1.0,1375.0
2016-12-05,21.5170975436504,21.5667906095711,20.3742564136068,20.3742564136068,4580.0,21.65,0.0,21.7,20.5001,20.5001,1.0,4580.0
2016-12-02,20.6226223570783,20.6226223570783,20.6226223570783,20.6226223570783,81.0,20.75,0.0,20.75,20.75,20.75,1.0,81.0
2016-12-01,20.6226223570783,20.6226223570783,20.4507837351247,20.6226223570783,1510.0,20.75,0.0,20.75,20.5771,20.75,1.0,1510.0
2016-11-30,20.6619792652875,20.6619792652875,19.8772263682683,19.8772263682683,2973.0,20.7896,0.0,20.7896,20.0,20.0,1.0,2973.0
2016-11-29,19.6784541045856,19.8275333023476,19.530368768142,19.6784541045856,2683.0,19.8,0.0,19.95,19.651,19.8,1.0,2683.0
2016-11-28,19.8772263682683,20.7220084889197,18.9827511816962,20.7220084889197,4703.0,20.0,0.0,20.85,19.1,20.85,1.0,4703.0
2016-11-25,20.7220084889197,20.7220084889197,20.7220084889197,20.7220084889197,476.0,20.85,0.0,20.85,20.85,20.85,1.0,476.0
2016-11-23,20.374157027475,20.5262178091922,20.2251772158448,20.2747708956336,2596.0,20.5,0.0,20.653,20.3501,20.4,1.0,2596.0
2016-11-22,20.2747708956336,21.119553016285,20.075998631951,21.119553016285,2420.0,20.4,0.0,21.25,20.2,21.25,1.0,2420.0
2016-11-21,21.1692460822057,21.1692460822057,19.4796818409029,19.7778402364269,10375.0,21.3,0.0,21.3,19.6,19.9,1.0,10375.0
2016-11-18,19.5672410230551,19.6834234111777,19.5672410230551,19.6784541045856,1376.0,19.6881,0.0,19.805,19.6881,19.8,1.0,1376.0
2016-11-17,19.4796818409029,19.4796818409029,19.3529645228052,19.4796818409029,2549.0,19.6,0.0,19.6,19.4725,19.6,1.0,2549.0
2016-11-16,19.2016988301427,19.2016988301427,19.2016988301427,19.2016988301427,194.0,19.3203,0.0,19.3203,19.3203,19.3203,1.0,194.0
2016-11-15,19.4502635458779,19.4796818409029,19.2809095772202,19.2809095772202,1442.0,19.5704,0.0,19.6,19.4,19.4,1.0,1442.0
2016-11-14,19.5789685866124,19.5789685866124,19.0821373135375,19.1318303794582,5057.0,19.6999,0.0,19.6999,19.2,19.25,1.0,5057.0
2016-11-11,18.9827511816962,19.1815234453789,18.3367413247275,18.9827511816962,3957.0,19.1,0.0,19.3,18.45,19.1,1.0,3957.0
2016-11-10,18.8833650498549,18.9827511816962,18.8833650498549,18.9231195025914,2346.0,19.0,0.0,19.1,19.0,19.04,1.0,2346.0
2016-11-09,18.5852066543308,19.1815234453789,18.5852066543308,18.8568289526532,2653.0,18.7,0.0,19.3,18.7,18.9733,1.0,2653.0
2016-11-08,19.079354501846,19.079354501846,19.079354501846,19.079354501846,0.0,19.1972,0.0,19.1972,19.1972,19.1972,1.0,0.0
2016-11-07,19.079354501846,19.079354501846,19.079354501846,19.079354501846,315.0,19.1972,0.0,19.1972,19.1972,19.1972,1.0,315.0
2016-11-04,19.0324442476169,19.181424059247,18.6348997202515,18.6348997202515,2302.0,19.15,0.0,19.2999,18.75,18.75,1.0,2302.0
2016-11-03,19.2361858178916,19.2361858178916,19.2361858178916,19.2361858178916,47.0,19.355,0.0,19.355,19.355,19.355,1.0,47.0
2016-11-02,19.2361858178916,19.2809095772202,19.2361858178916,19.2809095772202,1377.0,19.355,0.0,19.4,19.355,19.4,1.0,1377.0
2016-11-01,19.044867514097,19.2809095772202,18.0967238163306,19.2809095772202,3726.0,19.1625,0.0,19.4,18.2085,19.4,1.0,3726.0
2016-10-31,19.2809095772202,19.2809095772202,18.8833650498549,19.2809095772202,2262.0,19.4,0.0,19.4,19.0,19.4,1.0,2262.0
2016-10-28,18.8833650498549,19.0721987003534,18.8833650498549,19.0721987003534,1167.0,19.0,0.0,19.19,19.0,19.19,1.0,1167.0
2016-10-27,18.8825699608001,18.8825699608001,18.7700648595557,18.7700648595557,1461.0,18.9992,0.0,18.9992,18.886,18.886,1.0,1461.0
2016-10-26,18.7342858520929,18.7839789180135,18.7342858520929,18.7839789180135,456.0,18.85,0.0,18.9,18.85,18.9,1.0,456.0
2016-10-25,18.8833650498549,18.8833650498549,18.8833650498549,18.8833650498549,88.0,19.0,0.0,19.0,19.0,19.0,1.0,88.0
2016-10-24,18.8833650498549,19.0821373135375,18.8336719839342,19.0821373135375,676.0,19.0,0.0,19.2,18.95,19.2,1.0,676.0
2016-10-21,18.8336719839342,18.8336719839342,18.7839789180135,18.7839789180135,707.0,18.95,0.0,18.95,18.9,18.9,1.0,707.0
2016-10-20,18.7839789180135,18.9579046487359,18.4858205224895,18.4858205224895,658.0,18.9,0.0,19.075,18.6,18.6,1.0,658.0
2016-10-19,18.8833650498549,19.054309196622,17.9213072936307,18.9749990634126,1636.0,19.0,0.0,19.172,18.032,19.0922,1.0,1636.0
2016-10-18,19.2809095772202,19.4512574071963,18.9827511816962,19.4512574071963,1892.0,19.4,0.0,19.5714,19.1,19.5714,1.0,1892.0
2016-10-17,19.3907312529049,19.3907312529049,19.3907312529049,19.3907312529049,9.0,19.5105,0.0,19.5105,19.5105,19.5105,1.0,9.0
2016-10-14,19.3907312529049,19.5729060325701,19.0945605800177,19.5729060325701,804.0,19.5105,0.0,19.6938,19.2125,19.6938,1.0,804.0
2016-10-13,19.5293749068236,19.5293749068236,19.5293749068236,19.5293749068236,330.0,19.65,0.0,19.65,19.65,19.65,1.0,330.0
2016-10-12,18.3367413247275,18.3367413247275,18.3367413247275,18.3367413247275,552.0,18.45,0.0,18.45,18.45,18.45,1.0,552.0
2016-10-11,18.5852066543308,18.5852066543308,18.5852066543308,18.5852066543308,0.0,18.7,0.0,18.7,18.7,18.7,1.0,0.0
2016-10-10,18.5852066543308,18.5852066543308,18.5852066543308,18.5852066543308,181.0,18.7,0.0,18.7,18.7,18.7,1.0,181.0
2016-10-07,18.5852066543308,18.5852066543308,18.5852066543308,18.5852066543308,4.0,18.7,0.0,18.7,18.7,18.7,1.0,4.0
2016-10-06,18.5852066543308,18.5852066543308,18.5852066543308,18.5852066543308,0.0,18.7,0.0,18.7,18.7,18.7,1.0,0.0
2016-10-05,18.5852066543308,18.7144086257246,18.5852066543308,18.7144086257246,1427.0,18.7,0.0,18.83,18.7,18.83,1.0,1427.0
2016-10-04,18.6295328691321,18.8734264366707,18.4957591356736,18.7044700125404,2322.0,18.7446,0.0,18.99,18.61,18.82,1.0,2322.0
2016-10-03,18.2771096456227,18.7044700125404,18.2671710324385,18.7044700125404,826.0,18.39,0.0,18.82,18.38,18.82,1.0,826.0
2016-09-30,18.4306612193176,18.4306612193176,18.4306612193176,18.4306612193176,1.0,18.5445,0.0,18.5445,18.5445,18.5445,1.0,1.0
2016-09-29,18.4306612193176,18.446066069753,18.1479076742289,18.446066069753,420.0,18.5445,0.14,18.56,18.26,18.56,1.0,420.0
2016-09-28,18.0711131439374,18.6333693935031,18.0217924202912,18.0612489992081,2929.0,18.32,0.0,18.89,18.27,18.31,1.0,2929.0
2016-09-27,18.2979884727095,18.2979884727095,18.1253659399481,18.2299258740779,7991.0,18.55,0.0,18.55,18.375,18.481,1.0,7991.0
2016-09-26,18.3769016305433,18.7418749855246,18.1993470254173,18.7418749855246,1325.0,18.63,0.0,19.0,18.45,19.0,1.0,1325.0
2016-09-23,18.2782601832511,18.7418749855246,18.2683960385218,18.7418749855246,4650.0,18.53,0.0,19.0,18.52,19.0,1.0,4650.0
2016-09-22,18.1993470254173,18.4163582094602,17.9714852821722,17.9714852821722,1525.0,18.45,0.0,18.67,18.219,18.219,1.0,1525.0
2016-09-21,17.745596367873,17.9527434071867,17.5088568943716,17.7554605126022,23526.0,17.99,0.0,18.2,17.75,18.0,1.0,23526.0
2016-09-20,17.6436997528201,17.6436997528201,17.262253276141,17.262253276141,950.0,17.8867,0.0,17.8867,17.5,17.5,1.0,950.0
2016-09-19,17.2326608419534,17.2326608419534,17.2129325524949,17.2129325524949,1305.0,17.47,0.0,17.47,17.45,17.45,1.0,1305.0
2016-09-16,17.262253276141,17.3608947234333,17.262253276141,17.3608947234333,1787.0,17.5,0.0,17.6,17.5,17.6,1.0,1787.0
2016-09-15,17.2671853485056,17.7554605126022,17.262253276141,17.7554605126022,730.0,17.505,0.0,18.0,17.5,18.0,1.0,730.0
2016-09-14,17.2227966972241,17.3017098550579,17.1242538913792,17.3017098550579,1568.0,17.46,0.0,17.54,17.3601,17.54,1.0,1568.0
2016-09-13,17.262253276141,17.5877700522054,17.0649703815566,17.5877700522054,4221.0,17.5,0.0,17.83,17.3,17.83,1.0,4221.0
2016-09-12,17.7061397889561,17.7061397889561,17.1044269604735,17.262253276141,1999.0,17.95,0.0,17.95,17.34,17.5,1.0,1999.0
2016-09-09,17.0748345262858,17.2621546346937,17.0748345262858,17.0945628157442,9995.0,17.31,0.0,17.4999,17.31,17.33,1.0,9995.0
2016-09-08,17.3002302333485,17.3002302333485,17.3002302333485,17.3002302333485,131.0,17.5385,0.0,17.5385,17.5385,17.5385,1.0,131.0
2016-09-07,17.0649703815566,17.7061397889561,16.8874157764305,17.6864114994976,2789.0,17.3,0.0,17.95,17.12,17.93,1.0,2789.0
2016-09-06,17.7357322231438,17.7554605126022,17.262253276141,17.4003513023502,2154.0,17.98,0.0,18.0,17.5,17.64,1.0,2154.0
2016-09-02,17.262253276141,17.4595361707255,17.0156496579104,17.1784080459426,1686.0,17.5,0.0,17.7,17.25,17.415,1.0,1686.0
2016-09-01,17.7357322231438,17.7554605126022,16.6471252108267,17.3904871576209,12545.0,17.98,0.0,18.0,16.8764,17.63,1.0,12545.0
2016-08-31,17.2448923814176,17.3805243714444,17.2448923814176,17.365530871456,1180.0,17.4824,0.0,17.6199,17.4824,17.6047,1.0,1180.0
2016-08-30,17.2107624406545,17.2107624406545,17.2107624406545,17.2107624406545,120.0,17.4478,0.0,17.4478,17.4478,17.4478,1.0,120.0
2016-08-29,17.2107624406545,17.2130311939422,16.7887743291383,17.2130311939422,2964.0,17.4478,0.0,17.4501,17.02,17.4501,1.0,2964.0
2016-08-26,17.1833401183072,17.1833401183072,17.1833401183072,17.1833401183072,1.0,17.42,0.0,17.42,17.42,17.42,1.0,1.0
2016-08-25,17.1833401183072,17.4595361707255,17.0135781875173,17.0156496579104,1711.0,17.42,0.0,17.7,17.2479,17.25,1.0,1711.0
2016-08-24,16.9901015230618,16.9901015230618,16.9901015230618,16.9901015230618,19.0,17.2241,0.0,17.2241,17.2241,17.2241,1.0,19.0
2016-08-23,16.9901015230618,17.3214381445164,16.9901015230618,17.3214381445164,1248.0,17.2241,0.0,17.56,17.2241,17.56,1.0,1248.0
2016-08-22,17.262253276141,17.2751753057363,16.8676874869721,16.8676874869721,1148.0,17.5,0.0,17.5131,17.1,17.1,1.0,1148.0
2016-08-19,17.0728616973399,17.0728616973399,17.0728616973399,17.0728616973399,0.0,17.308,0.0,17.308,17.308,17.308,1.0,0.0
2016-08-18,17.0728616973399,17.1636118288488,16.9268723553474,16.9268723553474,5033.0,17.308,0.0,17.4,17.16,17.16,1.0,5033.0
2016-08-17,17.0649703815566,17.1273117762453,17.0157482993577,17.1044269604735,3389.0,17.3,0.0,17.3632,17.2501,17.34,1.0,3389.0
2016-08-16,17.1290873222965,17.1290873222965,17.1290873222965,17.1290873222965,251.0,17.365,0.0,17.365,17.365,17.365,1.0,251.0
2016-08-15,16.8282309080552,17.1636118288488,16.7789101844091,16.8085026185968,3415.0,17.06,0.0,17.4,17.01,17.04,1.0,3415.0
2016-08-12,17.2227966972241,17.2227966972241,17.2227966972241,17.2227966972241,274.0,17.46,0.0,17.46,17.46,17.46,1.0,274.0
2016-08-11,17.262253276141,17.2982574044027,17.2227966972241,17.2982574044027,541.0,17.5,0.0,17.5365,17.46,17.5365,1.0,541.0
2016-08-10,17.326370216881,17.5088568943716,17.326370216881,17.5088568943716,1032.0,17.565,0.0,17.75,17.565,17.75,1.0,1032.0
2016-08-09,17.262253276141,17.7554605126022,17.262253276141,17.4496720259963,2659.0,17.5,0.0,18.0,17.5,17.69,1.0,2659.0
2016-08-08,17.9823358413743,17.9823358413743,17.1636118288488,17.1636118288488,2903.0,18.23,0.0,18.23,17.4,17.4,1.0,2903.0
2016-08-05,17.262253276141,17.5088568943716,17.2543619603577,17.5078704798987,5757.0,17.5,0.0,17.75,17.492,17.749,1.0,5757.0
2016-08-04,17.4989927496424,17.4989927496424,17.262253276141,17.4891286049132,1201.0,17.74,0.0,17.74,17.5,17.73,1.0,1201.0
2016-08-03,17.7337593941979,17.7337593941979,17.3301185918781,17.3301185918781,769.0,17.978,0.0,17.978,17.5688,17.5688,1.0,769.0
2016-08-02,17.11438974665,17.11438974665,17.11438974665,17.11438974665,258.0,17.3501,0.0,17.3501,17.3501,17.3501,1.0,258.0
2016-08-01,17.11438974665,17.7553618711549,16.7789101844091,16.7789101844091,11826.0,17.3501,0.0,17.9999,17.01,17.01,1.0,11826.0
2016-07-29,16.9170082106182,16.9170082106182,16.3448878163233,16.3448878163233,6974.0,17.15,0.0,17.15,16.57,16.57,1.0,6974.0
2016-07-28,16.0939439744118,16.5125782767201,16.0939439744118,16.1599351026503,1901.0,16.3156,0.0,16.74,16.3156,16.3825,1.0,1901.0
2016-07-27,16.0292351849881,16.3200301716056,15.9404578824251,15.9404578824251,13261.0,16.25,0.0,16.5448,16.16,16.16,1.0,13261.0
2016-07-26,16.0489634744466,16.0489634744466,15.9108654482374,15.9108654482374,4665.0,16.27,0.0,16.27,16.13,16.13,1.0,4665.0
2016-07-25,16.0292351849881,16.1278766322803,15.802359856216,15.9010013035082,2568.0,16.25,0.0,16.35,16.02,16.12,1.0,2568.0
2016-07-22,15.7727674220283,16.5039964708056,15.7431749878406,16.5039964708056,3986.0,15.99,0.0,16.7313,15.96,16.7313,1.0,3986.0
2016-07-21,15.9305937376959,16.2501920269227,15.9305937376959,16.2501920269227,1054.0,16.15,0.0,16.474,16.15,16.474,1.0,1054.0
2016-07-20,15.9601861718835,16.2758388032187,15.9601861718835,16.2758388032187,231.0,16.18,0.0,16.5,16.18,16.5,1.0,231.0
2016-07-19,16.2758388032187,16.2758388032187,16.2758388032187,16.2758388032187,0.0,16.5,0.0,16.5,16.5,16.5,1.0,0.0
2016-07-18,16.2758388032187,16.2758388032187,15.9601861718835,15.9601861718835,413.0,16.5,0.0,16.5,16.18,16.18,1.0,413.0
2016-07-15,15.7727674220283,15.9700503166128,15.7727674220283,15.9700503166128,433.0,15.99,0.0,16.19,15.99,16.19,1.0,433.0
2016-07-14,15.7333108431114,15.9730095600315,15.7333108431114,15.8812730140498,3096.0,15.95,0.0,16.193,15.95,16.1,1.0,3096.0
2016-07-13,15.8812730140498,15.9503220271543,15.7333108431114,15.9503220271543,1450.0,16.1,0.0,16.17,15.95,16.17,1.0,1450.0
2016-07-12,15.7333108431114,15.7333108431114,15.7333108431114,15.7333108431114,158.0,15.95,0.0,15.95,15.95,15.95,1.0,158.0
2016-07-11,15.8464525831556,15.9321720008525,15.8464525831556,15.9321720008525,895.0,16.0647,0.0,16.1516,16.0647,16.1516,1.0,895.0
2016-07-08,15.7333108431114,15.8810757311552,15.7333108431114,15.7629032772991,2730.0,15.95,0.0,16.0998,15.95,15.98,1.0,2730.0
2016-07-07,15.7333108431114,15.802359856216,15.7333108431114,15.802359856216,1073.0,15.95,0.0,16.02,15.95,16.02,1.0,1073.0
2016-07-06,15.7431749878406,15.7827302082048,15.5952128169023,15.7826315667575,5131.0,15.96,0.0,16.0001,15.81,16.0,1.0,5131.0
2016-07-05,16.0489634744466,16.2758388032187,16.0123674975011,16.2758388032187,883.0,16.27,0.0,16.5,16.2329,16.5,1.0,883.0
2016-07-01,16.2136946914246,16.2136946914246,16.2136946914246,16.2136946914246,802.0,16.437,0.0,16.437,16.437,16.437,1.0,802.0
2016-06-30,15.6248052510899,16.0095068955297,15.6248052510899,16.0065476521109,1972.0,15.84,0.13,16.23,15.84,16.227,1.0,1972.0
2016-06-29,15.8889691470069,15.8889691470069,15.8498337550192,15.8498337550192,3332.0,16.24,0.0,16.24,16.2,16.2,1.0,3332.0
2016-06-28,15.5563183151115,15.5563183151115,15.5563183151115,15.5563183151115,636.0,15.9,0.0,15.9,15.9,15.9,1.0,636.0
2016-06-27,15.7030760350653,15.7030760350653,15.4682636831391,15.4682636831391,1806.0,16.05,0.0,16.05,15.81,15.81,1.0,1806.0
2016-06-24,15.6052375550961,15.6815515694721,15.5563183151115,15.5563183151115,1849.0,15.95,0.0,16.028,15.9,15.9,1.0,1849.0
2016-06-23,15.6052375550961,15.6052375550961,15.5680589327078,15.5954537070992,4030.0,15.95,0.0,15.95,15.912,15.94,1.0,4030.0
2016-06-22,15.75199527505,15.75199527505,15.5074969136068,15.5074969136068,1458.0,16.1,0.0,16.1,15.8501,15.8501,1.0,1458.0
2016-06-21,15.5624821393495,15.8459202158205,15.5624821393495,15.8459202158205,455.0,15.9063,0.0,16.196,15.9063,16.196,1.0,455.0
2016-06-20,15.4780475311361,15.75199527505,15.4780475311361,15.5073990751268,1668.0,15.82,0.0,16.1,15.82,15.85,1.0,1668.0
2016-06-17,15.6614946810784,15.6614946810784,15.487831379133,15.6573854649197,658.0,16.0075,0.0,16.0075,15.83,16.0033,1.0,658.0
2016-06-16,15.75199527505,15.75199527505,15.75199527505,15.75199527505,59.0,16.1,0.0,16.1,16.1,16.1,1.0,59.0
2016-06-15,15.75199527505,15.75199527505,15.4584798351422,15.4682636831391,1502.0,16.1,0.0,16.1,15.8,15.81,1.0,1502.0
2016-06-14,15.4780475311361,15.6169781726924,15.4584798351422,15.6169781726924,846.0,15.82,0.0,15.962,15.8,15.962,1.0,846.0
2016-06-13,15.4883205715328,15.4883205715328,15.4883205715328,15.4883205715328,8.0,15.8305,0.0,15.8305,15.8305,15.8305,1.0,8.0
2016-06-10,15.4883205715328,15.4883205715328,15.4883205715328,15.4883205715328,23.0,15.8305,0.0,15.8305,15.8305,15.8305,1.0,23.0
2016-06-09,15.4883205715328,15.4883205715328,15.4883205715328,15.4883205715328,75.0,15.8305,0.0,15.8305,15.8305,15.8305,1.0,75.0
2016-06-08,15.4883205715328,15.7627575078466,15.4883205715328,15.5073990751268,1932.0,15.8305,0.0,16.111,15.8305,15.85,1.0,1932.0
2016-06-07,15.5073990751268,15.5073990751268,15.4683615216191,15.5073990751268,2659.0,15.85,0.0,15.85,15.8101,15.85,1.0,2659.0
2016-06-06,15.4389121391484,15.4995719967293,15.4193444431545,15.4193444431545,6959.0,15.78,0.0,15.842,15.76,15.76,1.0,6959.0
2016-06-03,15.6639406430776,15.6737244910746,15.5367506191176,15.6736266525946,595.0,16.01,0.0,16.02,15.88,16.0199,1.0,595.0
2016-06-02,15.4389121391484,15.4389121391484,15.4194422816345,15.4194422816345,1394.0,15.78,0.0,15.78,15.7601,15.7601,1.0,1394.0
2016-06-01,15.4682636831391,15.4682636831391,15.4682636831391,15.4682636831391,75.0,15.81,0.0,15.81,15.81,15.81,1.0,75.0
2016-05-31,15.4682636831391,15.6541567950807,15.4193444431545,15.5173786000837,1940.0,15.81,0.0,16.0,15.76,15.8602,1.0,1940.0
2016-05-27,15.5465344671145,15.5465344671145,15.360641355173,15.360641355173,1599.0,15.89,0.0,15.89,15.7,15.7,1.0,1599.0
2016-05-26,15.3117221151883,15.6541567950807,15.1796401672298,15.6052375550961,1243.0,15.65,0.0,16.0,15.515,15.95,1.0,1243.0
2016-05-25,15.4682636831391,15.7469076740916,15.360641355173,15.360641355173,8695.0,15.81,0.0,16.0948,15.7,15.7,1.0,8695.0
2016-05-24,15.360641355173,15.5562204766315,15.3410736591791,15.4682636831391,1342.0,15.7,0.0,15.8999,15.68,15.81,1.0,1342.0
2016-05-23,15.360641355173,15.360641355173,15.3312898111822,15.3312898111822,543.0,15.7,0.0,15.7,15.67,15.67,1.0,543.0
2016-05-20,15.360641355173,15.6640384815576,15.360641355173,15.3802090511668,8673.0,15.7,0.0,16.0101,15.7,15.72,1.0,8673.0
2016-05-19,15.3704252031699,15.7890760589583,15.350857507176,15.4486959871453,4079.0,15.71,0.0,16.1379,15.69,15.79,1.0,4079.0
2016-05-18,15.386079359965,15.7940658214368,15.3195491935859,15.7940658214368,901.0,15.726,0.0,16.143,15.658,16.143,1.0,901.0
2016-05-17,15.2921544191945,15.6443729470838,15.2921544191945,15.6443729470838,13361.0,15.63,0.0,15.99,15.63,15.99,1.0,13361.0
2016-05-16,15.4389121391484,15.7862387430392,15.4389121391484,15.7226437310592,2903.0,15.78,0.0,16.135,15.78,16.07,1.0,2903.0
2016-05-13,15.4389121391484,15.4389121391484,15.4389121391484,15.4389121391484,79.0,15.78,0.0,15.78,15.78,15.78,1.0,79.0
2016-05-12,15.4389121391484,15.4389121391484,15.4389121391484,15.4389121391484,112.0,15.78,0.0,15.78,15.78,15.78,1.0,112.0
2016-05-11,15.742211427053,15.742211427053,15.742211427053,15.742211427053,323.0,16.09,0.0,16.09,16.09,16.09,1.0,323.0
2016-05-10,15.8596176030162,15.8596176030162,15.8106983630315,15.8400499070223,1001.0,16.21,0.0,16.21,16.16,16.19,1.0,1001.0
2016-05-09,15.5564161535914,15.6541567950807,15.5564161535914,15.6052375550961,501.0,15.9001,0.0,16.0,15.9001,15.95,1.0,501.0
2016-05-06,15.5563183151115,15.5758860111053,15.1747482432314,15.360641355173,2306.0,15.9,0.0,15.92,15.51,15.7,1.0,2306.0
2016-05-05,15.4095605951576,15.4095605951576,15.4095605951576,15.4095605951576,27.0,15.75,0.0,15.75,15.75,15.75,1.0,27.0
2016-05-04,15.4095605951576,15.5563183151115,15.1846299297083,15.5563183151115,361.0,15.75,0.0,15.9,15.5201,15.9,1.0,361.0
2016-05-03,15.5563183151115,15.87918529901,15.1688779344332,15.1688779344332,4930.0,15.9,0.0,16.23,15.504,15.504,1.0,4930.0
2016-05-02,15.360641355173,15.5563183151115,15.1649643952344,15.5563183151115,3032.0,15.7,0.0,15.9,15.5,15.9,1.0,3032.0
2016-04-29,15.5269667711207,15.8889691470069,15.5269667711207,15.8889691470069,3939.0,15.87,0.0,16.24,15.87,16.24,1.0,3939.0
2016-04-28,15.8889691470069,15.8889691470069,15.5563183151115,15.5563183151115,1934.0,16.24,0.0,16.24,15.9,15.9,1.0,1934.0
2016-04-27,15.5269667711207,15.5563183151115,15.5269667711207,15.5563183151115,1452.0,15.87,0.0,15.9,15.87,15.9,1.0,1452.0
2016-04-26,15.4699269372986,15.6541567950807,15.4699269372986,15.6541567950807,5245.0,15.8117,0.0,16.0,15.8117,16.0,1.0,5245.0
2016-04-25,15.5711897640668,15.5711897640668,15.5269667711207,15.5269667711207,516.0,15.9152,0.0,15.9152,15.87,15.87,1.0,516.0
2016-04-22,15.6394810230853,15.6394810230853,15.5367506191176,15.5367506191176,421.0,15.985,0.0,15.985,15.88,15.88,1.0,421.0
2016-04-21,15.5308803103195,15.5308803103195,15.5308803103195,15.5308803103195,38.0,15.874,0.0,15.874,15.874,15.874,1.0,38.0
2016-04-20,15.5308803103195,15.6541567950807,15.5171829231238,15.6541567950807,1932.0,15.874,0.0,16.0,15.86,16.0,1.0,1932.0
2016-04-19,15.8302660590254,15.8302660590254,15.8302660590254,15.8302660590254,237.0,16.18,0.0,16.18,16.18,16.18,1.0,237.0
2016-04-18,15.5073990751268,16.0357268669608,15.5073990751268,15.6541567950807,2933.0,15.85,0.0,16.39,15.85,16.0,1.0,2933.0
2016-04-15,15.487831379133,16.0347484821611,15.4389121391484,15.6541567950807,1259.0,15.83,0.0,16.389,15.78,16.0,1.0,1259.0
2016-04-14,15.7666710470454,15.7666710470454,15.7666710470454,15.7666710470454,170.0,16.115,0.0,16.115,16.115,16.115,1.0,170.0
2016-04-13,15.8106983630315,15.8498337550192,15.2726845616806,15.75199527505,4337.0,16.16,0.0,16.2,15.6101,16.1,1.0,4337.0
2016-04-12,15.7030760350653,15.7030760350653,15.7030760350653,15.7030760350653,49.0,16.05,0.0,16.05,16.05,16.05,1.0,49.0
2016-04-11,15.7030760350653,15.7030760350653,15.4584798351422,15.4585776736222,4256.0,16.05,0.0,16.05,15.8,15.8001,1.0,4256.0
2016-04-08,15.1747482432314,15.6541567950807,15.1747482432314,15.6541567950807,497.0,15.51,0.0,16.0,15.51,16.0,1.0,497.0
2016-04-07,15.7030760350653,15.7030760350653,15.7030760350653,15.7030760350653,0.0,16.05,0.0,16.05,16.05,16.05,1.0,0.0
2016-04-06,15.7030760350653,15.7030760350653,15.4193444431545,15.4193444431545,1676.0,16.05,0.13,16.05,15.76,15.76,1.0,1676.0
2016-04-05,15.6040826014698,15.6040826014698,15.6040826014698,15.6040826014698,1438.0,16.078,0.0,16.078,16.078,16.078,1.0,1438.0
2016-04-04,15.77101270518,15.77101270518,14.9984757135908,15.3342769687288,1312.0,16.25,0.0,16.25,15.454,15.8,1.0,1312.0
2016-04-01,15.3536874459044,15.5936009437949,15.1692879127362,15.1692879127362,5848.0,15.82,0.0,16.0672,15.63,15.63,1.0,5848.0
2016-03-31,15.3051612529654,15.5283817404849,15.3051612529654,15.5283817404849,586.0,15.77,0.0,16.0,15.77,16.0,1.0,586.0
2016-03-30,15.5283817404849,15.5283817404849,15.5283817404849,15.5283817404849,1347.0,16.0,0.0,16.0,16.0,16.0,1.0,1347.0
2016-03-29,15.5283817404849,15.6254341263629,15.5283817404849,15.6254341263629,1023.0,16.0,0.0,16.1,16.0,16.1,1.0,1023.0
2016-03-28,15.5477922176605,15.5477922176605,15.5283817404849,15.540998550649,4131.0,16.02,0.0,16.02,16.0,16.013,1.0,4131.0
2016-03-24,15.5244996450498,15.5244996450498,15.5244996450498,15.5244996450498,132.0,15.996,0.0,15.996,15.996,15.996,1.0,132.0
2016-03-23,15.6739603193019,15.6739603193019,15.4233710589649,15.4233710589649,2859.0,16.15,0.0,16.15,15.8918,15.8918,1.0,2859.0
2016-03-22,15.5380869790727,15.5380869790727,15.1071743857742,15.1071743857742,616.0,16.01,0.0,16.01,15.566,15.566,1.0,616.0
2016-03-21,15.4992660247215,15.5963184105995,14.8490150393387,15.5963184105995,11909.0,15.97,0.0,16.07,15.3,16.07,1.0,11909.0
2016-03-18,15.5477922176605,15.6931766917058,15.5477922176605,15.6519294277076,2357.0,16.02,0.0,16.1698,16.02,16.1273,1.0,2357.0
2016-03-17,15.6079646969049,15.6079646969049,15.6079646969049,15.6079646969049,226.0,16.082,0.0,16.082,16.082,16.082,1.0,226.0
2016-03-16,15.5380869790727,15.5380869790727,15.5380869790727,15.5380869790727,81.0,16.01,0.0,16.01,16.01,16.01,1.0,81.0
2016-03-15,15.5380869790727,15.5380869790727,15.5380869790727,15.5380869790727,377.0,16.01,0.0,16.01,16.01,16.01,1.0,377.0
2016-03-14,15.6448446035385,15.6545498421263,15.5584679801071,15.5584679801071,1589.0,16.12,0.0,16.13,16.031,16.031,1.0,1589.0
2016-03-11,15.739179522612,15.916591283997,15.722486512241,15.916591283997,2132.0,16.2172,0.0,16.4,16.2,16.4,1.0,2132.0
2016-03-10,15.9845279541116,15.9845279541116,15.965117476936,15.965117476936,889.0,16.47,0.0,16.47,16.45,16.45,1.0,889.0
2016-03-09,15.683471453118,15.683471453118,15.683471453118,15.683471453118,48.0,16.1598,0.0,16.1598,16.1598,16.1598,1.0,48.0
2016-03-08,15.683471453118,15.683471453118,15.683471453118,15.683471453118,538.0,16.1598,0.0,16.1598,16.1598,16.1598,1.0,538.0
2016-03-07,15.5284787928708,15.5963184105995,15.5283817404849,15.5283817404849,1457.0,16.0001,0.0,16.07,16.0,16.0,1.0,1457.0
2016-03-04,15.5477922176605,15.6060236491873,15.4798555475459,15.4798555475459,866.0,16.02,0.0,16.08,15.95,15.95,1.0,866.0
2016-03-03,15.5574974562483,16.013643669875,15.5574974562483,16.013643669875,934.0,16.03,0.0,16.5,16.03,16.5,1.0,934.0
2016-03-02,15.5380869790727,15.5574974562483,15.5380869790727,15.5574974562483,564.0,16.01,0.0,16.03,16.01,16.03,1.0,564.0
2016-03-01,15.5089712633093,15.5089712633093,15.4798555475459,15.4885902622749,2067.0,15.98,0.0,15.98,15.95,15.959,1.0,2067.0
2016-02-29,15.5672026948361,15.8001284209434,15.5672026948361,15.8001284209434,717.0,16.04,0.0,16.28,16.04,16.28,1.0,717.0
2016-02-26,15.8098336595312,15.8098336595312,15.8098336595312,15.8098336595312,72.0,16.29,0.0,16.29,16.29,16.29,1.0,72.0
2016-02-25,15.8098336595312,16.013643669875,15.4798555475459,16.013643669875,1366.0,16.29,0.0,16.5,15.95,16.5,1.0,1366.0
2016-02-24,15.9256171558837,16.013643669875,15.6596936185779,15.965117476936,3014.0,16.4093,0.0,16.5,16.1353,16.45,1.0,3014.0
2016-02-23,16.0563467196614,16.0563467196614,16.0563467196614,16.0563467196614,102.0,16.544,0.0,16.544,16.544,16.544,1.0,102.0
2016-02-22,15.9457069997604,16.2271589188067,15.6448446035385,15.6448446035385,1020.0,16.43,0.0,16.72,16.12,16.12,1.0,1020.0
2016-02-19,15.4798555475459,16.2077484416311,15.3342769687288,15.3342769687288,534.0,15.95,0.0,16.7,15.8,15.8,1.0,534.0
2016-02-18,15.4798555475459,15.819538898119,15.2469298214386,15.2469298214386,13066.0,15.95,0.0,16.3,15.71,15.71,1.0,13066.0
2016-02-17,15.4458872124886,15.4458872124886,15.2681842939459,15.2681842939459,437.0,15.915,0.0,15.915,15.7319,15.7319,1.0,437.0
2016-02-16,14.8490150393387,15.3604811129159,14.4511002572388,15.3604811129159,1317.0,15.3,0.0,15.827,14.89,15.827,1.0,1317.0
2016-02-12,15.0431198110947,15.0431198110947,15.0430227587089,15.0431198110947,1940.0,15.5,0.0,15.5,15.4999,15.5,1.0,1940.0
2016-02-11,15.1401721969728,15.2372245828508,15.1401721969728,15.2372245828508,1609.0,15.6,0.0,15.7,15.6,15.7,1.0,1609.0
2016-02-10,14.9945936181557,15.2857507757898,14.9945936181557,15.2857507757898,1117.0,15.45,0.0,15.75,15.45,15.75,1.0,1117.0
2016-02-09,15.4546219272176,16.1008937647794,14.9680012644251,15.5574974562483,783.0,15.924,0.0,16.5899,15.4226,16.03,1.0,783.0
2016-02-08,15.4253121066824,15.4253121066824,15.4253121066824,15.4253121066824,0.0,15.8938,0.0,15.8938,15.8938,15.8938,1.0,0.0
2016-02-05,15.4253121066824,15.4253121066824,15.4253121066824,15.4253121066824,315.0,15.8938,0.0,15.8938,15.8938,15.8938,1.0,315.0
2016-02-04,16.2562746345701,16.2562746345701,16.2562746345701,16.2562746345701,96.0,16.75,0.0,16.75,16.75,16.75,1.0,96.0
2016-02-03,16.2562746345701,16.2562746345701,15.5477922176605,15.8001284209434,3065.0,16.75,0.0,16.75,16.02,16.28,1.0,3065.0
2016-02-02,15.73122122697,16.0450886428995,15.6352364173366,16.0450886428995,675.0,16.209,0.0,16.5324,16.1101,16.5324,1.0,675.0
2016-02-01,15.6836655578897,16.0815803399897,15.6061207015732,15.8738882342107,3572.0,16.16,0.0,16.57,16.0801,16.356,1.0,3572.0
2016-01-29,15.5477922176605,16.2562746345701,15.1498774355606,16.0621698628141,3149.0,16.02,0.0,16.75,15.61,16.55,1.0,3149.0
2016-01-28,15.8583598524702,16.2368641573945,15.5284787928708,16.2368641573945,1287.0,16.34,0.0,16.73,16.0001,16.73,1.0,1287.0
2016-01-27,15.5283817404849,15.8154626979121,15.5283817404849,15.7843088820453,832.0,16.0,0.0,16.2958,16.0,16.2637,1.0,832.0
2016-01-26,15.5283817404849,15.5866131720117,15.276045537202,15.276045537202,2673.0,16.0,0.0,16.06,15.74,15.74,1.0,2673.0
2016-01-25,15.132796215646,15.132796215646,14.7035335129075,14.7035335129075,1038.0,15.5924,0.0,15.5924,15.1501,15.1501,1.0,1038.0
2016-01-22,14.7396370004541,14.8891947270922,14.2472902468949,14.2565102235533,7544.0,15.1873,0.0,15.3414,14.68,14.6895,1.0,7544.0
2016-01-21,14.5578578817046,14.6548132151967,13.8299649876194,14.5131167318148,5226.0,15.0,0.0,15.0999,14.25,14.9539,1.0,5226.0
2016-01-20,14.4705107344144,14.9460674252167,13.6358602158633,14.9460674252167,6410.0,14.91,0.0,15.4,14.05,15.4,1.0,6410.0
2016-01-19,14.9848883795679,15.2517824407325,14.9557726638045,15.1595826741484,1095.0,15.44,0.0,15.715,15.41,15.62,1.0,1095.0
2016-01-15,15.1595826741484,15.3439822073166,15.1595826741484,15.3439822073166,1061.0,15.62,0.0,15.81,15.62,15.81,1.0,1061.0
2016-01-14,15.6545498421263,15.6545498421263,15.2857507757898,15.2857507757898,284.0,16.13,0.0,16.13,15.75,15.75,1.0,284.0
2016-01-13,15.3439822073166,15.9408543804665,15.2372245828508,15.77101270518,4901.0,15.81,0.0,16.425,15.7,16.25,1.0,4901.0
2016-01-12,16.0039384312872,16.0039384312872,16.0039384312872,16.0039384312872,1.0,16.49,0.0,16.49,16.49,16.49,1.0,1.0
2016-01-11,16.0039384312872,16.0039384312872,15.5283817404849,15.5283817404849,1000.0,16.49,0.0,16.49,16.0,16.0,1.0,1000.0
2016-01-08,15.5477922176605,15.5477922176605,15.5477922176605,15.5477922176605,143.0,16.02,0.0,16.02,16.02,16.02,1.0,143.0
2016-01-07,15.5477922176605,15.5963184105995,15.5477922176605,15.5769079334239,2200.0,16.02,0.0,16.07,16.02,16.05,1.0,2200.0
2016-01-06,15.722486512241,16.1204012943409,15.5380869790727,15.6739603193019,22743.0,16.2,0.0,16.61,16.01,16.15,1.0,22743.0
2016-01-05,15.5866131720117,15.5866131720117,15.5866131720117,15.5866131720117,172.0,16.06,0.0,16.06,16.06,16.06,1.0,172.0
2016-01-04,15.5866131720117,15.7516022280044,15.5283817404849,15.7516022280044,1270.0,16.06,0.0,16.23,16.0,16.23,1.0,1270.0
