,adj_close,adj_high,adj_low,adj_open,adj_volume,close,ex_dividend,high,low,open,split_ratio,volume
2017-02-10,30.17,30.2,29.78,30.0,36164.0,30.17,0.0,30.2,29.78,30.0,1.0,36164.0
2017-02-09,30.02,30.21,29.09,29.82,26318.0,30.02,0.0,30.21,29.09,29.82,1.0,26318.0
2017-02-08,29.84,30.17,29.2849,30.01,55530.0,29.84,0.0,30.17,29.2849,30.01,1.0,55530.0
2017-02-07,30.17,30.96,29.98,30.77,40168.0,30.17,0.0,30.96,29.98,30.77,1.0,40168.0
2017-02-06,30.71,31.17,30.24,30.87,68452.0,30.71,0.0,31.17,30.24,30.87,1.0,68452.0
2017-02-03,30.84,31.1,30.2801,30.4,98461.0,30.84,0.0,31.1,30.2801,30.4,1.0,98461.0
2017-02-02,30.24,30.28,29.675,30.0,218164.0,30.24,0.0,30.28,29.675,30.0,1.0,218164.0
2017-02-01,30.21,30.4,29.97,30.2,57740.0,30.21,0.0,30.4,29.97,30.2,1.0,57740.0
2017-01-31,29.95,30.3011,29.75,29.75,53078.0,29.95,0.0,30.3011,29.75,29.75,1.0,53078.0
2017-01-30,29.91,30.31,29.6,29.98,86032.0,29.91,0.0,30.31,29.6,29.98,1.0,86032.0
2017-01-27,30.07,30.76,29.98,30.24,30534.0,30.07,0.0,30.76,29.98,30.24,1.0,30534.0
2017-01-26,30.24,31.18,30.01,30.5,36018.0,30.24,0.0,31.18,30.01,30.5,1.0,36018.0
2017-01-25,30.5,31.025,29.87,30.6,66487.0,30.5,0.0,31.025,29.87,30.6,1.0,66487.0
2017-01-24,30.63,30.7,29.36,29.51,61874.0,30.63,0.0,30.7,29.36,29.51,1.0,61874.0
2017-01-23,29.51,29.76,28.955,29.08,61686.0,29.51,0.0,29.76,28.955,29.08,1.0,61686.0
2017-01-20,29.25,29.64,28.36,28.52,369549.0,29.25,0.0,29.64,28.36,28.52,1.0,369549.0
2017-01-19,28.36,28.91,27.3,28.91,37349.0,28.36,0.0,28.91,27.3,28.91,1.0,37349.0
2017-01-18,28.97,29.9601,28.48,28.9,34226.0,28.97,0.0,29.9601,28.48,28.9,1.0,34226.0
2017-01-17,28.83,29.4753,28.59,29.4,32999.0,28.83,0.0,29.4753,28.59,29.4,1.0,32999.0
2017-01-13,29.5,29.91,29.26,29.32,18837.0,29.5,0.0,29.91,29.26,29.32,1.0,18837.0
2017-01-12,29.26,29.95,29.1647,29.95,17514.0,29.26,0.0,29.95,29.1647,29.95,1.0,17514.0
2017-01-11,30.04,30.3,29.6999,30.3,27163.0,30.04,0.0,30.3,29.6999,30.3,1.0,27163.0
2017-01-10,30.33,30.37,29.25,29.73,36352.0,30.33,0.0,30.37,29.25,29.73,1.0,36352.0
2017-01-09,29.51,30.51,29.28,30.32,56566.0,29.51,0.0,30.51,29.28,30.32,1.0,56566.0
2017-01-06,30.22,30.8544,30.12,30.36,37720.0,30.22,0.0,30.8544,30.12,30.36,1.0,37720.0
2017-01-05,30.16,31.439,30.15,30.86,33066.0,30.16,0.0,31.439,30.15,30.86,1.0,33066.0
2017-01-04,31.0,31.4,30.65,30.65,41095.0,31.0,0.0,31.4,30.65,30.65,1.0,41095.0
2017-01-03,30.46,31.22,30.17,31.1,45466.0,30.46,0.0,31.22,30.17,31.1,1.0,45466.0
2016-12-30,30.79,30.86,30.29,30.46,98349.0,30.79,0.0,30.86,30.29,30.46,1.0,98349.0
2016-12-29,30.48,30.975,29.71,30.69,56664.0,30.48,0.0,30.975,29.71,30.69,1.0,56664.0
2016-12-28,30.63,31.3,30.1311,31.2,41240.0,30.63,0.0,31.3,30.1311,31.2,1.0,41240.0
2016-12-27,31.11,31.19,30.38,30.76,46761.0,31.11,0.0,31.19,30.38,30.76,1.0,46761.0
2016-12-23,30.61,30.8641,30.26,30.71,18180.0,30.61,0.04,30.8641,30.26,30.71,1.0,18180.0
2016-12-22,30.6399608482871,30.8097389885808,30.1006655791191,30.7248499184339,35048.0,30.68,0.0,30.85,30.14,30.765,1.0,35048.0
2016-12-21,30.2205089722675,30.7487187275693,29.9808221859706,30.350339314845,39615.0,30.26,0.0,30.7889,30.02,30.39,1.0,39615.0
2016-12-20,30.2904176182708,30.9295823817292,29.9608482871126,29.9608482871126,54909.0,30.33,0.0,30.97,30.0,30.0,1.0,54909.0
2016-12-19,29.9308874388254,29.9508613376835,28.3203919738989,28.7224665579119,42540.0,29.97,0.0,29.99,28.3574,28.76,1.0,42540.0
2016-12-16,28.7624143556281,28.830824959217,28.1731843393148,28.4428319738989,145081.0,28.8,0.0,28.8685,28.21,28.48,1.0,145081.0
2016-12-15,28.3329755301794,28.8621839804241,28.2830407830343,28.74244045677,67313.0,28.37,0.0,28.8999,28.32,28.78,1.0,67313.0
2016-12-14,28.6425709624796,29.1019706362153,28.3429624796085,29.0520358890701,48887.0,28.68,0.0,29.14,28.38,29.09,1.0,48887.0
2016-12-13,29.1219445350734,29.4315399673736,28.5526884176183,28.5526884176183,31211.0,29.16,0.0,29.47,28.59,28.59,1.0,31211.0
2016-12-12,28.6126101141925,30.61,28.2830407830343,30.5600652528548,85139.0,28.65,0.0,30.65,28.32,30.6,1.0,85139.0
2016-12-09,30.5500783034258,30.7398303425775,29.2770418597064,29.281735725938,113040.0,30.59,0.0,30.78,29.3153,29.32,1.0,113040.0
2016-12-08,29.291722675367,29.291722675367,28.06832137031,28.1631973898858,72911.0,29.33,0.0,29.33,28.105,28.2,1.0,72911.0
2016-12-07,28.0433539967374,28.1631973898858,27.7437455138662,27.953471451876,39064.0,28.08,0.0,28.2,27.78,27.99,1.0,39064.0
2016-12-06,28.0233800978793,28.0610308972268,27.3242936378467,27.3242936378467,56152.0,28.06,0.0,28.0977,27.36,27.36,1.0,56152.0
2016-12-05,27.3342805872757,27.3842153344209,26.8349331158238,26.9647634584013,61183.0,27.37,0.0,27.42,26.87,27.0,1.0,61183.0
2016-12-02,26.8648939641109,26.9148287112561,26.4204747145188,26.7150897226754,31366.0,26.9,0.0,26.95,26.455,26.75,1.0,31366.0
2016-12-01,26.7650244698206,26.9098352365416,26.345572593801,26.6551680261011,45100.0,26.8,0.0,26.945,26.38,26.69,1.0,45100.0
2016-11-30,26.4953768352365,26.9647634584013,26.3755334420881,26.3755334420881,56519.0,26.53,0.0,27.0,26.41,26.41,1.0,56519.0
2016-11-29,26.3855203915171,26.7150897226754,26.2956378466558,26.5153507340946,41974.0,26.42,0.0,26.75,26.33,26.55,1.0,41974.0
2016-11-28,26.4354551386623,26.6351941272431,25.9261207177814,26.5153507340946,43997.0,26.47,0.0,26.67,25.96,26.55,1.0,43997.0
2016-11-25,26.6751419249592,26.7150897226754,26.1658075040783,26.4654159869494,52177.0,26.71,0.0,26.75,26.2,26.5,1.0,52177.0
2016-11-23,26.4354551386623,26.4754029363785,25.5366296900489,25.6165252854812,114125.0,26.47,0.0,26.51,25.57,25.65,1.0,114125.0
2016-11-22,25.5665905383361,25.6165252854812,25.5166557911909,25.6165252854812,68076.0,25.6,0.0,25.65,25.55,25.65,1.0,68076.0
2016-11-21,25.6065383360522,25.7064078303426,25.4067993474715,25.4567340946166,129304.0,25.64,0.0,25.74,25.44,25.49,1.0,129304.0
2016-11-18,25.4367601957586,25.5815709624796,25.2433129853181,25.5266427406199,115667.0,25.47,0.0,25.615,25.2763,25.56,1.0,115667.0
2016-11-17,25.4167862969005,25.6964208809135,25.3996087438825,25.5066688417618,64822.0,25.45,0.0,25.73,25.4328,25.54,1.0,64822.0
2016-11-16,25.5066688417618,25.6464861337684,25.4167862969005,25.4167862969005,65505.0,25.54,0.0,25.68,25.45,25.45,1.0,65505.0
2016-11-15,25.3768384991843,25.691427406199,25.2070603588907,25.2070603588907,60234.0,25.41,0.0,25.725,25.24,25.24,1.0,60234.0
2016-11-14,25.3368907014682,25.3568646003263,24.9074518760196,24.9673735725938,131426.0,25.37,0.0,25.39,24.94,25.0,1.0,131426.0
2016-11-11,24.9673735725938,25.4667210440457,24.7777214029364,25.4667210440457,76471.0,25.0,0.0,25.5,24.8101,25.5,1.0,76471.0
2016-11-10,25.4067993474715,25.7901983360522,23.7389787928222,23.9187438825449,185011.0,25.44,0.0,25.8239,23.77,23.95,1.0,185011.0
2016-11-09,23.6191353996737,23.6590831973899,22.1410668841762,22.1410668841762,86744.0,23.65,0.0,23.69,22.17,22.17,1.0,86744.0
2016-11-08,22.5005970636215,23.0748466557912,22.2209624796085,22.4506623164763,19923.0,22.53,0.0,23.105,22.25,22.48,1.0,19923.0
2016-11-07,22.7702446982055,22.8701141924959,22.5904796084829,22.8401533442088,35983.0,22.8,0.0,22.9,22.62,22.87,1.0,35983.0
2016-11-04,22.5904796084829,22.9699836867863,22.5005970636215,22.6309267536705,17483.0,22.62,0.0,23.0,22.53,22.6605,1.0,17483.0
2016-11-03,22.8201794453507,23.1996835236542,22.5904796084829,22.6464065252855,33350.0,22.85,0.0,23.23,22.62,22.676,1.0,33350.0
2016-11-02,22.6803621533442,22.880101141925,22.5605187601958,22.7103230016313,23397.0,22.71,0.0,22.91,22.59,22.74,1.0,23397.0
2016-11-01,22.630427406199,22.9400228384992,22.6104535073409,22.8501402936378,27918.0,22.66,0.0,22.97,22.64,22.88,1.0,27918.0
2016-10-31,22.7702446982055,23.0697533115824,22.5670102773246,22.9699836867863,29627.0,22.8,0.0,23.0999,22.5965,23.0,1.0,29627.0
2016-10-28,23.0199184339315,23.2895660685155,23.0099314845024,23.1247814029364,51682.0,23.05,0.0,23.32,23.04,23.155,1.0,51682.0
2016-10-27,23.0598662316476,23.3794486133768,22.9699836867863,23.3794486133768,100720.0,23.09,0.0,23.41,23.0,23.41,1.0,100720.0
2016-10-26,23.3494877650897,23.4693311582382,23.32551908646,23.4393703099511,46293.0,23.38,0.0,23.5,23.356,23.47,1.0,46293.0
2016-10-25,23.4094094616639,23.4693311582382,23.4094094616639,23.4094094616639,13227.0,23.44,0.0,23.5,23.44,23.44,1.0,13227.0
2016-10-24,23.4593442088091,23.5192659053834,23.3820452202284,23.4693311582382,23716.0,23.49,0.0,23.55,23.4126,23.5,1.0,23716.0
2016-10-21,23.4493572593801,23.948704730832,23.0199184339315,23.4693311582382,27292.0,23.48,0.0,23.98,23.05,23.5,1.0,27292.0
2016-10-20,23.7090179445351,23.948704730832,22.7402838499184,22.7402838499184,9747.0,23.74,0.0,23.98,22.77,22.77,1.0,9747.0
2016-10-19,22.9100619902121,22.9699836867863,22.7103230016313,22.9699836867863,14606.0,22.94,0.0,23.0,22.74,23.0,1.0,14606.0
2016-10-18,23.0698531810767,23.0998140293638,22.7902185970636,22.9699836867863,10558.0,23.1,0.0,23.13,22.82,23.0,1.0,10558.0
2016-10-17,22.9599967373573,23.0199184339315,22.3807536704731,22.4007275693312,42226.0,22.99,0.0,23.05,22.41,22.43,1.0,42226.0
2016-10-14,22.4406753670473,22.7302969004894,22.3708665905383,22.62044045677,5058.0,22.47,0.0,22.76,22.4001,22.65,1.0,5058.0
2016-10-13,22.6404143556281,23.0698531810767,22.5305579119086,22.7802316476346,9008.0,22.67,0.0,23.1,22.56,22.81,1.0,9008.0
2016-10-12,22.8701141924959,22.9200489396411,22.1710277324633,22.1710277324633,10499.0,22.9,0.0,22.95,22.2,22.2,1.0,10499.0
2016-10-11,22.1710277324633,22.2808841761827,21.9712887438825,22.1610407830343,20120.0,22.2,0.0,22.31,22.0,22.19,1.0,20120.0
2016-10-10,22.2509233278956,22.3907406199021,22.1610407830343,22.2808841761827,17594.0,22.28,0.0,22.42,22.19,22.31,1.0,17594.0
2016-10-07,22.3108450244698,22.8601272430669,22.2509233278956,22.8601272430669,15244.0,22.34,0.0,22.89,22.28,22.89,1.0,15244.0
2016-10-06,22.7103230016313,22.7702446982055,22.5105840130506,22.62044045677,16020.0,22.74,0.0,22.8,22.54,22.65,1.0,16020.0
2016-10-05,22.6803621533442,22.7203099510604,22.0661647634584,22.3008580750408,12914.0,22.71,0.0,22.75,22.095,22.33,1.0,12914.0
2016-10-04,22.1910016313214,22.5205709624796,21.966295269168,22.2309494290375,10667.0,22.22,0.0,22.55,21.995,22.26,1.0,10667.0
2016-10-03,22.3308189233279,22.3807536704731,21.7915236541599,22.3807536704731,15294.0,22.36,0.0,22.41,21.82,22.41,1.0,15294.0
2016-09-30,22.3108450244698,22.4107145187602,21.8814061990212,22.0711582381729,10794.0,22.34,0.0,22.44,21.91,22.1,1.0,10794.0
2016-09-29,22.0012495921697,22.0312104404568,21.7715497553018,22.0212234910277,25547.0,22.03,0.0,22.06,21.8,22.05,1.0,25547.0
2016-09-28,22.0012495921697,22.2808841761827,21.9013800978793,22.2808841761827,21503.0,22.03,0.0,22.31,21.93,22.31,1.0,21503.0
2016-09-27,22.2708972267537,22.5605187601958,21.8614323001631,21.9712887438825,31096.0,22.3,0.03,22.59,21.89,22.0,1.0,31096.0
2016-09-26,21.9417706667524,22.2409766303899,21.8569956437217,22.0016118594799,17398.0,22.0,0.0,22.3,21.915,22.06,1.0,17398.0
2016-09-23,22.0614530522074,22.2510498978324,21.9617177309949,22.0016118594799,8645.0,22.12,0.0,22.3101,22.02,22.06,1.0,8645.0
2016-09-22,22.1013471806924,22.4303740053725,21.8919030061461,22.1212942449349,26354.0,22.16,0.0,22.4899,21.95,22.18,1.0,26354.0
2016-09-21,22.0714265843286,22.3207648873599,21.827075047358,22.3207648873599,16522.0,22.13,0.0,22.38,21.885,22.38,1.0,16522.0
2016-09-20,22.1212942449349,22.5202355297849,21.9317971346311,22.3107913552387,26351.0,22.18,0.0,22.58,21.99,22.37,1.0,26351.0
2016-09-19,22.1611883734199,22.5302090619062,22.0016118594799,22.2976262928386,11840.0,22.22,0.0,22.59,22.06,22.3568,1.0,11840.0
2016-09-16,22.2210295661474,22.3506854837237,22.1113207128137,22.3407119516024,66581.0,22.28,0.0,22.41,22.17,22.4,1.0,66581.0
2016-09-15,22.2110560340262,22.3905796122087,22.0115853916011,22.2708972267537,17651.0,22.27,0.0,22.45,22.07,22.33,1.0,17651.0
2016-09-14,22.1013471806924,22.4903149334212,22.1013471806924,22.4703678691787,15931.0,22.16,0.0,22.55,22.16,22.53,1.0,15931.0
2016-09-13,22.3407119516024,22.4404472728149,21.5129087855386,22.4304737406937,27170.0,22.4,0.0,22.5,21.57,22.49,1.0,27170.0
2016-09-12,22.0415059879649,22.1412413091774,21.8021412170549,21.8021412170549,27566.0,22.1,0.0,22.2,21.86,21.86,1.0,27566.0
2016-09-09,21.9018765382674,22.0315324558436,21.8320618134186,21.9018765382674,38497.0,21.96,0.0,22.09,21.89,21.96,1.0,38497.0
2016-09-08,21.9816647952374,22.0065986255405,21.6126441067511,21.6126441067511,36367.0,22.04,0.0,22.065,21.67,21.67,1.0,36367.0
2016-09-07,21.7423000243274,21.7423000243274,21.6525382352361,21.6924323637211,84428.0,21.8,0.0,21.8,21.71,21.75,1.0,84428.0
2016-09-06,21.7223529600849,21.8819294740249,21.6079565466541,21.6079565466541,34156.0,21.78,0.0,21.94,21.6653,21.6653,1.0,34156.0
2016-09-02,21.7722206206911,21.8819294740249,21.4809934827506,21.6724852994786,11426.0,21.83,0.0,21.94,21.538,21.73,1.0,11426.0
2016-09-01,21.5528029140236,21.9988192704859,21.2236763540223,21.3533322715986,38627.0,21.61,0.0,22.0572,21.28,21.41,1.0,38627.0
2016-08-31,21.3932264000836,22.2908442909962,21.2635704825073,22.2708972267537,41719.0,21.45,0.0,22.35,21.32,22.33,1.0,41719.0
2016-08-30,22.2609236946324,22.3506854837237,21.4829881891748,21.4829881891748,19962.0,22.32,0.0,22.41,21.54,21.54,1.0,19962.0
2016-08-29,21.5129087855386,21.5827235103873,21.3433587394773,21.4331205285686,26848.0,21.57,0.0,21.64,21.4,21.49,1.0,26848.0
2016-08-26,21.3932264000836,21.4331205285686,21.0372710386761,21.3134381431136,33622.0,21.45,0.0,21.49,21.0931,21.37,1.0,33622.0
2016-08-25,21.3832528679623,21.4430940606898,21.1039939685673,21.2435236829436,17804.0,21.44,0.0,21.5,21.16,21.2999,1.0,17804.0
2016-08-24,21.0441527758398,21.1538616291736,20.7948144728085,20.8845762618998,14265.0,21.1,0.0,21.21,20.85,20.94,1.0,14265.0
2016-08-23,21.014232179476,21.2535969503861,20.7948144728085,20.854655665536,12531.0,21.07,0.0,21.31,20.85,20.91,1.0,12531.0
2016-08-22,20.854655665536,20.8646291976573,20.0567730958359,20.3858996558372,9698.0,20.91,0.0,20.92,20.11,20.44,1.0,9698.0
2016-08-19,20.336031995231,20.375926123716,20.0667466279572,20.3260584631097,27904.0,20.39,0.0,20.43,20.12,20.38,1.0,27904.0
2016-08-18,20.296137866746,20.3160849309885,20.0069054352297,20.2562437382609,18251.0,20.35,0.0,20.37,20.06,20.31,1.0,18251.0
2016-08-17,20.3061113988672,20.7150262158385,20.2462702061397,20.4457408485647,13420.0,20.36,0.0,20.77,20.3,20.5,1.0,13420.0
2016-08-16,20.4457408485647,20.8646291976573,20.415820252201,20.695079151596,18552.0,20.5,0.0,20.92,20.47,20.75,1.0,18552.0
2016-08-15,20.854655665536,20.9942851152335,19.9960342852175,20.9942851152335,30131.0,20.91,0.0,21.05,20.0491,21.05,1.0,30131.0
2016-08-12,20.9045233261423,21.0242057115973,20.5055820412922,20.5055820412922,28044.0,20.96,0.0,21.08,20.56,20.56,1.0,28044.0
2016-08-11,20.575396766141,20.6252644267472,20.4058467200797,20.452921791692,12213.0,20.63,0.0,20.68,20.46,20.5072,1.0,12213.0
2016-08-10,20.2861643346247,20.296137866746,20.0069054352297,20.1265878206847,28210.0,20.34,0.0,20.35,20.06,20.18,1.0,28210.0
2016-08-09,20.296137866746,20.3858996558372,20.1764554812909,20.1764554812909,15734.0,20.35,0.0,20.44,20.23,20.23,1.0,15734.0
2016-08-08,20.3559790594735,20.4457408485647,19.8473289212897,19.8672759855322,15774.0,20.41,0.0,20.5,19.9,19.92,1.0,15774.0
2016-08-05,20.4257937843222,20.5055820412922,19.8373553891684,19.8473289212897,21849.0,20.48,0.0,20.56,19.89,19.9,1.0,21849.0
2016-08-04,19.8373553891684,19.9470642425022,19.6319006274706,19.8971965818959,18568.0,19.89,0.0,20.0,19.684,19.95,1.0,18568.0
2016-08-03,19.7575671321984,19.9370907103809,18.9497110303771,19.8772495176534,26281.0,19.81,0.0,19.99,19.0,19.93,1.0,26281.0
2016-08-02,19.7675406643197,19.9370907103809,19.4384141043184,19.4483876364396,44095.0,19.82,0.0,19.99,19.49,19.5,1.0,44095.0
2016-08-01,19.4483876364396,19.6378847467434,18.9421311459649,19.2289699297721,64606.0,19.5,0.0,19.69,18.9924,19.28,1.0,64606.0
2016-07-29,19.0793669479533,19.9670113067447,18.6205844703758,19.9670113067447,60220.0,19.13,0.0,20.02,18.67,20.02,1.0,60220.0
2016-07-28,20.0069054352297,20.2462702061397,19.8772495176534,19.9969319031084,37414.0,20.06,0.0,20.3,19.93,20.05,1.0,37414.0
2016-07-27,19.9071701140172,20.0567730958359,19.2299672829842,19.9071701140172,40200.0,19.96,0.0,20.11,19.281,19.96,1.0,40200.0
2016-07-26,19.9470642425022,20.0467995637147,19.1491816728021,19.1491816728021,35258.0,20.0,0.0,20.1,19.2,19.2,1.0,35258.0
2016-07-25,19.1990493334083,19.3985199758334,18.9497110303771,18.9497110303771,66906.0,19.25,0.0,19.45,19.0,19.0,1.0,66906.0
2016-07-22,19.0494463515896,19.1890758012871,18.4767661371873,18.830028644922,33100.0,19.1,0.0,19.24,18.5258,18.88,1.0,33100.0
2016-07-21,18.8499757091645,18.9497110303771,18.6205844703758,18.630558002497,27333.0,18.9,0.0,19.0,18.67,18.68,1.0,27333.0
2016-07-20,18.8200551128008,18.9497110303771,18.7003727273458,18.9497110303771,17478.0,18.87,0.0,19.0,18.75,19.0,1.0,17478.0
2016-07-19,18.9796316267408,19.1192610764383,18.9197904340133,19.1192610764383,20561.0,19.03,0.0,19.17,18.97,19.17,1.0,20561.0
2016-07-18,19.0294992873471,19.1384102581111,18.7302933237095,18.7302933237095,20305.0,19.08,0.0,19.1892,18.78,18.78,1.0,20305.0
2016-07-15,18.8898698376496,18.9497110303771,18.830028644922,18.9497110303771,26934.0,18.94,0.0,19.0,18.88,19.0,1.0,26934.0
2016-07-14,18.9098169018921,18.9796316267408,18.4610079564358,18.750240387952,20918.0,18.96,0.0,19.03,18.51,18.8,1.0,20918.0
2016-07-13,18.750240387952,18.8400021770433,18.6106109382545,18.8400021770433,23479.0,18.8,0.0,18.89,18.66,18.89,1.0,23479.0
2016-07-12,18.8499757091645,18.9297639661346,18.7003727273458,18.7003727273458,49062.0,18.9,0.0,18.98,18.75,18.75,1.0,49062.0
2016-07-11,18.750240387952,19.0294992873471,18.5407962134058,18.550769745527,33948.0,18.8,0.0,19.08,18.59,18.6,1.0,33948.0
2016-07-08,18.550769745527,18.8100815806795,18.4011667637083,18.4510344243145,54952.0,18.6,0.0,18.86,18.45,18.5,1.0,54952.0
2016-07-07,18.4510344243145,18.4610079564358,18.2016961212832,18.4510344243145,20708.0,18.5,0.0,18.51,18.25,18.5,1.0,20708.0
2016-07-06,18.4510344243145,18.5009020849208,18.1235036294526,18.4510344243145,26585.0,18.5,0.0,18.55,18.1716,18.5,1.0,26585.0
2016-07-05,18.4859417867389,18.7203197915883,18.4809550206783,18.7203197915883,31215.0,18.535,0.0,18.77,18.53,18.77,1.0,31215.0
2016-07-01,18.7203197915883,18.8499757091645,18.630558002497,18.6505050667395,41860.0,18.77,0.0,18.9,18.68,18.7,1.0,41860.0
2016-06-30,18.630558002497,18.630558002497,18.5009020849208,18.550769745527,34000.0,18.68,0.0,18.68,18.55,18.6,1.0,34000.0
2016-06-29,18.6006374061333,18.6804256631033,18.2516635172107,18.3014314424957,53804.0,18.65,0.0,18.73,18.3001,18.35,1.0,53804.0
2016-06-28,18.3213785067382,18.5706170744483,17.952357818252,18.0221725431007,55787.0,18.37,0.0,18.6199,18.0,18.07,1.0,55787.0
2016-06-27,17.992251946737,18.191722589162,17.952357818252,17.9822784146157,70162.0,18.04,0.0,18.24,18.0,18.03,1.0,70162.0
2016-06-24,17.952357818252,18.2016961212832,16.97993843643,17.4536812121894,1066284.0,18.0,0.0,18.25,17.025,17.5,1.0,1066284.0
2016-06-23,17.8127283685544,18.5607432776483,17.6431783224932,17.952357818252,70455.0,17.86,0.0,18.61,17.69,18.0,1.0,70455.0
2016-06-22,17.9822784146157,17.9822784146157,16.8452957527931,17.2043429091581,41121.0,18.03,0.0,18.03,16.89,17.25,1.0,41121.0
2016-06-21,17.2242899734006,17.3439723588556,16.9550046061268,17.0946340558244,39297.0,17.27,0.0,17.39,17.0,17.14,1.0,39297.0
2016-06-20,17.2043429091581,17.5633900655232,16.9550046061268,17.0647134594606,27218.0,17.25,0.03,17.61,17.0,17.11,1.0,27218.0
2016-06-17,17.1047807395449,17.5727229367269,16.8459190985507,17.4930732010364,66240.0,17.18,0.0,17.65,16.92,17.57,1.0,66240.0
2016-06-16,17.3735985975005,17.732022408108,17.2242553430808,17.5826791536882,18529.0,17.45,0.0,17.81,17.3,17.66,1.0,18529.0
2016-06-15,17.6722851063401,17.8116721437985,16.9753499190478,17.0350872208157,42886.0,17.75,0.0,17.89,17.05,17.11,1.0,42886.0
2016-06-14,16.9653937020865,17.1744742582742,16.8060942307054,17.045043437777,39760.0,17.04,0.0,17.25,16.88,17.12,1.0,39760.0
2016-06-13,16.9255688342412,17.4134234653458,16.5771012405951,16.8160504476667,51764.0,17.0,0.0,17.49,16.65,16.89,1.0,51764.0
2016-06-10,16.7662693628601,17.1545618243515,16.4612108751653,16.8857439663959,22767.0,16.84,0.0,17.23,16.5336,16.96,1.0,22767.0
2016-06-09,16.6965758441309,17.3437299466166,16.6667071932469,17.1147369565063,21888.0,16.77,0.0,17.42,16.74,17.19,1.0,21888.0
2016-06-08,17.2342115600421,17.5528105028043,16.4377142031366,17.0848683056223,29852.0,17.31,0.0,17.63,16.51,17.16,1.0,29852.0
2016-06-07,16.9056564003186,17.3735985975005,16.8757877494346,17.1147369565063,35667.0,16.98,0.0,17.45,16.95,17.19,1.0,35667.0
2016-06-06,17.1246931734676,17.2242553430808,16.4281562348537,17.2242553430808,25480.0,17.2,0.0,17.3,16.5004,17.3,1.0,25480.0
2016-06-03,16.9653937020865,17.5229418519203,16.6945846007386,17.4233796823071,30784.0,17.04,0.0,17.6,16.768,17.5,1.0,30784.0
2016-06-02,17.512985634959,17.6921975402627,17.5030294179977,17.6225040215335,7625.0,17.59,0.0,17.77,17.58,17.7,1.0,7625.0
2016-06-01,17.5826791536882,17.921190530373,17.5727229367269,17.8913218794891,11575.0,17.66,0.0,18.0,17.65,17.97,1.0,11575.0
2016-05-31,17.7419786250693,18.3194392088258,17.5263269656872,18.2696581240192,18518.0,17.82,0.0,18.4,17.6034,18.35,1.0,18518.0
2016-05-27,18.389132727555,18.419001378439,18.2099208222513,18.3094829918645,5096.0,18.47,0.0,18.5,18.29,18.39,1.0,5096.0
2016-05-26,18.4090451614776,18.5982132837427,18.2497456900965,18.419001378439,11590.0,18.49,0.0,18.68,18.33,18.5,1.0,11590.0
2016-05-25,18.419001378439,18.8072938399304,18.19996460529,18.4787386802069,24363.0,18.5,0.0,18.89,18.28,18.56,1.0,24363.0
2016-05-24,18.4289575954003,18.7276441042398,18.3653373690175,18.7176878872785,14501.0,18.51,0.0,18.81,18.4461,18.8,1.0,14501.0
2016-05-23,18.7176878872785,18.857074924737,18.2995267749031,18.7276441042398,26073.0,18.8,0.0,18.94,18.38,18.81,1.0,26073.0
2016-05-20,18.827206273853,18.8670311416983,17.4464781056574,18.419001378439,12420.0,18.91,0.0,18.95,17.5232,18.5,1.0,12420.0
2016-05-19,18.7077316703172,18.8670311416983,18.2796143409805,18.359264076671,21619.0,18.79,0.0,18.95,18.36,18.44,1.0,21619.0
2016-05-18,18.4986511141295,18.5185635480521,17.8614532286051,18.0406651339089,18377.0,18.58,0.0,18.6,17.94,18.12,1.0,18377.0
2016-05-17,18.2099208222513,18.7674689720851,18.0008402660636,18.7077316703172,25218.0,18.29,0.0,18.85,18.08,18.79,1.0,25218.0
2016-05-16,18.7575127551238,18.857074924737,18.19996460529,18.6181257176653,15072.0,18.84,0.0,18.94,18.28,18.7,1.0,15072.0
2016-05-13,18.4090451614776,18.9068560095436,18.2995267749031,18.7176878872785,10371.0,18.49,0.0,18.99,18.38,18.8,1.0,10371.0
2016-05-12,19.0163743961181,19.076111697886,18.857074924737,19.0163743961181,14711.0,19.1,0.0,19.16,18.94,19.1,1.0,14711.0
2016-05-11,19.0661554809246,19.1657176505378,19.0263306130794,19.1059803487699,8939.0,19.15,0.0,19.25,19.11,19.19,1.0,8939.0
2016-05-10,19.076111697886,19.2553236031897,19.0163743961181,19.0163743961181,15500.0,19.16,0.0,19.34,19.1,19.1,1.0,15500.0
2016-05-09,19.1159365657312,19.1458052166152,18.9865057452341,19.1458052166152,16636.0,19.2,0.0,19.23,19.07,19.23,1.0,16636.0
2016-05-06,19.1159365657312,19.2055425183831,18.9566370943501,18.9566370943501,15182.0,19.2,0.0,19.29,19.04,19.04,1.0,15182.0
2016-05-05,19.046243047002,19.265279820151,18.9286601246888,18.9665933113115,18228.0,19.13,0.0,19.35,19.0119,19.05,1.0,18228.0
2016-05-04,19.1159365657312,19.4644041593774,19.0561992639633,19.1258927826926,27472.0,19.2,0.0,19.55,19.14,19.21,1.0,27472.0
2016-05-03,19.3150609049576,19.3150609049576,18.8769873586596,18.8769873586596,17303.0,19.4,0.0,19.4,18.96,18.96,1.0,17303.0
2016-05-02,18.8769873586596,19.3150609049576,18.419001378439,18.5285197650135,44011.0,18.96,0.0,19.4,18.5,18.61,1.0,44011.0
2016-04-29,18.7176878872785,18.7475565381625,17.9411029642957,18.2696581240192,18071.0,18.8,0.0,18.83,18.02,18.35,1.0,18071.0
2016-04-28,18.3194392088258,18.7176878872785,18.3094829918645,18.5185635480521,14832.0,18.4,0.0,18.8,18.39,18.6,1.0,14832.0
2016-04-27,18.6977754533559,18.8172500568917,18.4687824632455,18.7674689720851,17814.0,18.78,0.0,18.9,18.55,18.85,1.0,17814.0
2016-04-26,18.8769873586596,18.9665933113115,17.8315845777212,18.170095954406,33626.0,18.96,0.0,19.05,17.91,18.25,1.0,33626.0
2016-04-25,18.0207526999862,18.1601397374447,17.4334354614381,17.9012780964504,36699.0,18.1,0.0,18.24,17.5101,17.98,1.0,36699.0
2016-04-22,17.8614532286051,18.1103586526381,17.6822413233014,17.8514970116438,12266.0,17.94,0.0,18.19,17.76,17.93,1.0,12266.0
2016-04-21,17.8714094455664,18.2616931504501,17.3936105935928,18.0705337847928,16797.0,17.95,0.0,18.342,17.4701,18.15,1.0,16797.0
2016-04-20,18.0207526999862,18.2696581240192,15.9399033550707,17.5328980688816,21199.0,18.1,0.0,18.35,16.01,17.61,1.0,21199.0
2016-04-19,17.5727229367269,18.2397894731352,17.4432921162298,18.0904462187155,18478.0,17.65,0.0,18.32,17.52,18.17,1.0,18478.0
2016-04-18,17.9411029642957,18.5285197650135,17.6623288893788,17.9610153982183,20657.0,18.02,0.0,18.61,17.74,18.04,1.0,20657.0
2016-04-15,18.1501835204834,18.2696581240192,17.3597594559243,17.8315845777212,22246.0,18.23,0.0,18.35,17.4361,17.91,1.0,22246.0
2016-04-14,17.7121099741854,18.2397894731352,17.6025915876109,17.9411029642957,66828.0,17.79,0.0,18.32,17.68,18.02,1.0,66828.0
2016-04-13,18.0605775678315,18.3990889445163,17.6254908866219,18.1900083883286,21433.0,18.14,0.0,18.48,17.703,18.27,1.0,21433.0
2016-04-12,18.0307089169475,18.5086073310908,17.8763875540471,18.3493078597097,22007.0,18.11,0.0,18.59,17.955,18.43,1.0,22007.0
2016-04-11,18.3094829918645,18.5285197650135,18.1203148695994,18.2298332561739,30680.0,18.39,0.0,18.61,18.2,18.31,1.0,30680.0
2016-04-08,18.2895705579418,18.3990889445163,17.6455028827141,18.3990889445163,33396.0,18.37,0.0,18.48,17.7231,18.48,1.0,33396.0
2016-04-07,18.389132727555,18.4090451614776,18.0207526999862,18.2298332561739,31789.0,18.47,0.0,18.49,18.1,18.31,1.0,31789.0
2016-04-06,18.5982132837427,18.7077316703172,18.2397894731352,18.3990889445163,65603.0,18.68,0.0,18.79,18.32,18.48,1.0,65603.0
2016-04-05,18.4090451614776,18.6878192363946,18.2099208222513,18.2099208222513,25255.0,18.49,0.0,18.77,18.29,18.29,1.0,25255.0
2016-04-04,18.4090451614776,18.419001378439,17.9012780964504,18.2397894731352,38960.0,18.49,0.0,18.5,17.98,18.32,1.0,38960.0
2016-04-01,18.4090451614776,18.4886948971682,17.9908840491023,18.359264076671,29347.0,18.49,0.0,18.57,18.07,18.44,1.0,29347.0
2016-03-31,18.4787386802069,18.5185635480521,18.2298332561739,18.4588262462842,46014.0,18.56,0.0,18.6,18.31,18.54,1.0,46014.0
2016-03-30,18.4886948971682,18.608169500704,18.0207526999862,18.2696581240192,21412.0,18.57,0.0,18.69,18.1,18.35,1.0,21412.0
2016-03-29,18.2198770392126,18.6181257176653,17.8017159268372,18.6181257176653,42736.0,18.3,0.0,18.7,17.88,18.7,1.0,42736.0
2016-03-28,18.6181257176653,18.7674689720851,17.9311467473344,17.9311467473344,95070.0,18.7,0.0,18.85,18.01,18.01,1.0,95070.0
2016-03-24,18.0904462187155,18.1103586526381,17.6225040215335,17.9012780964504,58328.0,18.17,0.0,18.19,17.7,17.98,1.0,58328.0
2016-03-23,17.951059181257,18.1103586526381,17.1545618243515,17.5627667197656,54597.0,18.03,0.0,18.19,17.23,17.64,1.0,54597.0
2016-03-22,17.6623288893788,17.7519348420306,17.1047807395449,17.2740364278873,44193.0,17.74,0.0,17.83,17.18,17.35,1.0,44193.0
2016-03-21,17.3437299466166,17.4233796823071,16.7662693628601,16.9853061360091,45048.0,17.42,0.0,17.5,16.84,17.06,1.0,45048.0
2016-03-18,16.7861817967827,16.7961380137441,15.7557133412863,16.2087212130263,264803.0,16.86,0.0,16.87,15.825,16.28,1.0,264803.0
2016-03-17,16.2385898639102,16.6766634102082,15.9000784872254,15.949859572032,49802.0,16.31,0.0,16.75,15.97,16.02,1.0,49802.0
2016-03-16,16.0593779586065,17.3636423805392,16.0593779586065,16.6567509762856,49478.0,16.13,0.03,17.44,16.13,16.73,1.0,49478.0
2016-03-15,16.72520612892,17.8779832596121,16.546326918985,17.4109097670041,40737.0,16.83,0.0,17.99,16.65,17.52,1.0,40737.0
2016-03-14,17.5897889769391,18.1860530100556,17.4208475008894,17.6991040496771,66909.0,17.7,0.0,18.3,17.53,17.81,1.0,66909.0
2016-03-11,17.7885436546446,18.0071738001207,17.224676633994,17.3910342992335,49406.0,17.9,0.0,18.12,17.3326,17.5,1.0,49406.0
2016-03-10,17.480473904201,17.480473904201,16.5960155884114,17.2022173554133,32864.0,17.59,0.0,17.59,16.7,17.31,1.0,32864.0
2016-03-09,17.2419682909544,17.3910342992335,16.7152683950347,16.904085338855,67817.0,17.35,0.0,17.5,16.82,17.01,1.0,67817.0
2016-03-08,16.8444589355433,16.904085338855,16.5562646528703,16.6953929272642,44143.0,16.95,0.0,17.01,16.66,16.8,1.0,44143.0
2016-03-07,16.794770266117,16.8146457338875,15.6519308693102,15.7811214098188,67244.0,16.9,0.0,16.92,15.75,15.88,1.0,67244.0
2016-03-04,15.8109346114746,16.7848325322317,15.4829893932605,16.4867005156734,64900.0,15.91,0.0,16.89,15.58,16.59,1.0,64900.0
2016-03-03,16.4867005156734,17.3910342992335,16.3475722412795,16.8047080000022,25690.0,16.59,0.0,17.5,16.45,16.91,1.0,25690.0
2016-03-02,16.7848325322317,17.0531513471341,16.6059533222967,16.7848325322317,19280.0,16.89,0.0,17.16,16.71,16.89,1.0,19280.0
2016-03-01,16.72520612892,16.8543966694286,16.4171363784765,16.7053306611495,30930.0,16.83,0.0,16.96,16.52,16.81,1.0,30930.0
2016-02-29,16.6953929272642,16.7450815966906,16.2084439668856,16.615891056182,25720.0,16.8,0.0,16.85,16.31,16.72,1.0,25720.0
2016-02-26,16.4966382495587,16.8444589355433,16.3773854429353,16.8444589355433,28456.0,16.6,0.0,16.95,16.48,16.95,1.0,28456.0
2016-02-25,16.7848325322317,16.8643344033139,16.2104315136627,16.4071986445912,31729.0,16.89,0.0,16.97,16.312,16.51,1.0,31729.0
2016-02-24,16.5264514512145,16.5761401206409,15.9202496842126,16.0792534263771,29854.0,16.63,0.0,16.68,16.02,16.18,1.0,29854.0
2016-02-23,16.3873231768206,16.3873231768206,15.8308100792452,15.860623280901,26017.0,16.49,0.0,16.49,15.93,15.96,1.0,26017.0
2016-02-22,15.8904364825568,16.0494402247212,15.6022421998838,15.6221176676544,28357.0,15.99,0.0,16.15,15.7,15.72,1.0,28357.0
2016-02-19,15.9003742164421,15.9003742164421,15.8413440771635,15.8413440771635,5018.0,16.0,0.0,16.0,15.9406,15.9406,1.0,5018.0
2016-02-18,15.8308100792452,16.2084439668856,15.7812207871576,15.9202496842126,8159.0,15.93,0.0,16.31,15.8801,16.02,1.0,8159.0
2016-02-17,16.0494402247212,16.3972609107059,15.7062902736626,16.2780081040826,36364.0,16.15,0.0,16.5,15.8047,16.38,1.0,36364.0
2016-02-16,16.2780081040826,16.3773854429353,15.2182481625567,15.8705610147863,148614.0,16.38,0.0,16.48,15.3136,15.97,1.0,148614.0
2016-02-12,15.6022421998838,15.8904364825568,15.2643592477844,15.7016195387366,11572.0,15.7,0.0,15.99,15.36,15.8,1.0,11572.0
2016-02-11,15.4432384577194,15.5923044659985,15.1676650970807,15.5923044659985,22726.0,15.54,0.0,15.69,15.2627,15.69,1.0,22726.0
2016-02-10,15.9103119503274,16.3873231768206,15.6618686031955,16.1090666280329,18691.0,16.01,0.0,16.49,15.76,16.21,1.0,18691.0
2016-02-09,15.8705610147863,16.6755174594936,15.6745889025686,15.9600006197537,24764.0,15.97,0.0,16.78,15.7728,16.06,1.0,24764.0
2016-02-08,16.0991288941476,16.7351438628053,15.6618686031955,16.6755174594936,23775.0,16.2,0.0,16.84,15.76,16.78,1.0,23775.0
2016-02-05,16.8842098710844,16.9736494760519,16.7067219438934,16.7848325322317,5292.0,16.99,0.0,17.08,16.8114,16.89,1.0,5292.0
2016-02-04,16.6755174594936,17.2320305570691,16.5304265447686,16.7649570644611,19896.0,16.78,0.0,17.34,16.634,16.87,1.0,19896.0
2016-02-03,16.615891056182,16.615891056182,15.967950806862,16.4668250479028,14463.0,16.72,0.0,16.72,16.068,16.57,1.0,14463.0
2016-02-02,16.546326918985,16.794770266117,16.0295647569507,16.5363891850998,11693.0,16.65,0.0,16.9,16.13,16.64,1.0,11693.0
2016-02-01,16.5562646528703,16.8345212016581,16.4966382495587,16.8345212016581,9447.0,16.66,0.0,16.94,16.6,16.94,1.0,9447.0
2016-01-29,16.9438362743961,17.1425909521016,16.0792534263771,16.4966382495587,37770.0,17.05,0.0,17.25,16.18,16.6,1.0,37770.0
2016-01-28,16.327696773509,16.7649570644611,16.0991288941476,16.5860778545262,26214.0,16.43,0.0,16.87,16.2,16.69,1.0,26214.0
2016-01-27,16.3674477090501,16.8941476049697,15.9202496842126,16.2382571685415,17130.0,16.47,0.0,17.0,16.02,16.34,1.0,17130.0
2016-01-26,16.2879458379679,16.7351438628053,15.9859381051943,16.039502490836,25445.0,16.39,0.0,16.84,16.0861,16.14,1.0,25445.0
2016-01-25,16.0096892891801,16.8444589355433,15.7753575241653,16.5761401206409,29856.0,16.11,0.0,16.95,15.8742,16.68,1.0,29856.0
2016-01-22,16.6556419917231,16.8047080000022,15.9600006197537,16.3773854429353,20177.0,16.76,0.0,16.91,16.06,16.48,1.0,20177.0
2016-01-21,16.1090666280329,16.6755174594936,15.8009968775893,16.0494402247212,15214.0,16.21,0.0,16.78,15.9,16.15,1.0,15214.0
2016-01-20,16.2084439668856,16.4568873140176,15.8904364825568,16.2481949024268,19392.0,16.31,0.0,16.56,15.99,16.35,1.0,19392.0
2016-01-19,16.4568873140176,17.1127777504458,16.0563966384409,16.4767627817881,17667.0,16.56,0.0,17.22,16.157,16.58,1.0,17667.0
2016-01-15,16.5165137173292,17.1028400165605,15.9500628858685,16.2780081040826,18928.0,16.62,0.0,17.21,16.05,16.38,1.0,18928.0
2016-01-14,16.4270741123617,17.1028400165605,16.3575099751648,16.7152683950347,39882.0,16.53,0.0,17.21,16.46,16.82,1.0,39882.0
2016-01-13,16.8146457338875,17.838232324071,16.5761401206409,17.5401003075127,44234.0,16.92,0.0,17.95,16.68,17.65,1.0,44234.0
2016-01-12,17.5301625736274,17.8879209934973,16.977624569606,17.6295399124802,30274.0,17.64,0.0,18.0,17.084,17.74,1.0,30274.0
2016-01-11,17.5003493719716,17.6891663157918,16.8444589355433,17.0630890810194,22607.0,17.61,0.0,17.8,16.95,17.17,1.0,22607.0
2016-01-08,17.2717814926102,17.8084191224151,17.192279621528,17.7587304529888,12151.0,17.38,0.0,17.92,17.3,17.87,1.0,12151.0
2016-01-07,17.480473904201,18.0668002034323,17.480473904201,18.0668002034323,17304.0,17.59,0.0,18.18,17.59,18.18,1.0,17304.0
2016-01-06,17.9177341951532,18.1363643406293,16.9537740082814,17.9276719290385,15369.0,18.03,0.0,18.25,17.06,18.04,1.0,15369.0
2016-01-05,18.1065511389734,18.1363643406293,17.1823418876427,17.1823418876427,28623.0,18.22,0.0,18.25,17.29,17.29,1.0,28623.0
2016-01-04,17.9674228645796,17.9773605984648,16.148817563574,17.371158831463,47779.0,18.08,0.0,18.09,16.25,17.48,1.0,47779.0
