,adj_close,adj_high,adj_low,adj_open,adj_volume,close,ex_dividend,high,low,open,split_ratio,volume
2017-02-10,87.8,90.3,87.45,89.5,113584.0,87.8,0.0,90.3,87.45,89.5,1.0,113584.0
2017-02-09,89.2,92.45,89.1,90.8,75381.0,89.2,0.0,92.45,89.1,90.8,1.0,75381.0
2017-02-08,90.8,95.0,90.75,94.95,103583.0,90.8,0.0,95.0,90.75,94.95,1.0,103583.0
2017-02-07,95.05,96.7999,94.9575,95.8,67764.0,95.05,0.0,96.7999,94.9575,95.8,1.0,67764.0
2017-02-06,95.35,97.45,95.0,96.85,82977.0,95.35,0.0,97.45,95.0,96.85,1.0,82977.0
2017-02-03,97.15,97.6,91.55,91.55,108655.0,97.15,0.0,97.6,91.55,91.55,1.0,108655.0
2017-02-02,90.9,91.05,87.1,87.9,95068.0,90.9,0.0,91.05,87.1,87.9,1.0,95068.0
2017-02-01,88.4,90.0,85.2,88.95,150676.0,88.4,0.0,90.0,85.2,88.95,1.0,150676.0
2017-01-31,87.85,99.95,85.9,99.95,380143.0,87.85,0.0,99.95,85.9,99.95,1.0,380143.0
2017-01-30,100.4,103.1,99.95,103.1,42268.0,100.4,0.0,103.1,99.95,103.1,1.0,42268.0
2017-01-27,103.65,104.65,102.85,104.2,32650.0,103.65,0.0,104.65,102.85,104.2,1.0,32650.0
2017-01-26,104.5,105.33,103.03,103.75,35915.0,104.5,0.0,105.33,103.03,103.75,1.0,35915.0
2017-01-25,103.1,104.3,101.1355,103.2,43732.0,103.1,0.0,104.3,101.1355,103.2,1.0,43732.0
2017-01-24,103.7,104.05,101.45,102.55,44974.0,103.7,0.0,104.05,101.45,102.55,1.0,44974.0
2017-01-23,102.4,103.35,101.25,102.75,34545.0,102.4,0.0,103.35,101.25,102.75,1.0,34545.0
2017-01-20,103.1,103.4,101.6,101.6,43743.0,103.1,0.0,103.4,101.6,101.6,1.0,43743.0
2017-01-19,101.5,102.45,99.9,102.05,52669.0,101.5,0.0,102.45,99.9,102.05,1.0,52669.0
2017-01-18,101.95,103.8,98.7585,102.8,67896.0,101.95,0.0,103.8,98.7585,102.8,1.0,67896.0
2017-01-17,102.05,105.1,101.751,104.8,67309.0,102.05,0.0,105.1,101.751,104.8,1.0,67309.0
2017-01-13,105.3,106.7429,102.535,104.65,65339.0,105.3,0.0,106.7429,102.535,104.65,1.0,65339.0
2017-01-12,104.4,106.85,103.1,106.85,61590.0,104.4,0.0,106.85,103.1,106.85,1.0,61590.0
2017-01-11,106.9,106.9,105.4,106.55,59308.0,106.9,0.0,106.9,105.4,106.55,1.0,59308.0
2017-01-10,106.55,106.9,103.675,104.55,81787.0,106.55,0.0,106.9,103.675,104.55,1.0,81787.0
2017-01-09,103.05,103.5,99.75,102.4,52313.0,103.05,0.0,103.5,99.75,102.4,1.0,52313.0
2017-01-06,102.35,103.7196,102.0,103.45,34724.0,102.35,0.0,103.7196,102.0,103.45,1.0,34724.0
2017-01-05,102.9,105.95,102.7,105.95,49445.0,102.9,0.0,105.95,102.7,105.95,1.0,49445.0
2017-01-04,105.75,106.45,103.45,103.45,55458.0,105.75,0.0,106.45,103.45,103.45,1.0,55458.0
2017-01-03,103.1,103.2,101.05,101.05,81316.0,103.1,0.0,103.2,101.05,101.05,1.0,81316.0
2016-12-30,102.9,103.35,101.45,102.65,61491.0,102.9,0.0,103.35,101.45,102.65,1.0,61491.0
2016-12-29,102.65,105.5,102.15,103.9,43957.0,102.65,0.0,105.5,102.15,103.9,1.0,43957.0
2016-12-28,103.9,106.494,103.2,105.0,61180.0,103.9,0.0,106.494,103.2,105.0,1.0,61180.0
2016-12-27,105.2,106.85,103.7,103.7,49300.0,105.2,0.0,106.85,103.7,103.7,1.0,49300.0
2016-12-23,103.25,103.45,101.95,103.1,53637.0,103.25,0.0,103.45,101.95,103.1,1.0,53637.0
2016-12-22,102.9,103.9,101.45,103.05,84916.0,102.9,0.0,103.9,101.45,103.05,1.0,84916.0
2016-12-21,103.05,105.25,102.9,104.5,73299.0,103.05,0.0,105.25,102.9,104.5,1.0,73299.0
2016-12-20,103.9,105.85,102.85,104.5,92688.0,103.9,0.0,105.85,102.85,104.5,1.0,92688.0
2016-12-19,103.75,105.1,100.9,102.6,82407.0,103.75,0.0,105.1,100.9,102.6,1.0,82407.0
2016-12-16,102.3,102.75,100.25,101.45,187594.0,102.3,0.0,102.75,100.25,101.45,1.0,187594.0
2016-12-15,101.85,102.3,95.9,95.9,207756.0,101.85,0.0,102.3,95.9,95.9,1.0,207756.0
2016-12-14,95.2,96.0,93.45,93.7,56486.0,95.2,0.0,96.0,93.45,93.7,1.0,56486.0
2016-12-13,93.6,93.8,92.2,92.3,57816.0,93.6,0.0,93.8,92.2,92.3,1.0,57816.0
2016-12-12,92.2,96.659,92.15,95.45,95712.0,92.2,0.0,96.659,92.15,95.45,1.0,95712.0
2016-12-09,95.65,95.7,92.3,93.0,98564.0,95.65,0.0,95.7,92.3,93.0,1.0,98564.0
2016-12-08,93.0,93.6,91.25,92.15,87253.0,93.0,0.0,93.6,91.25,92.15,1.0,87253.0
2016-12-07,91.8,93.0,91.15,92.65,57788.0,91.8,0.0,93.0,91.15,92.65,1.0,57788.0
2016-12-06,92.45,92.85,90.7,91.0,85962.0,92.45,0.13,92.85,90.7,91.0,1.0,85962.0
2016-12-05,90.6225696694751,92.1683959818535,89.823693022251,90.2730611363145,116430.0,90.75,0.0,92.298,89.95,90.4,1.0,116430.0
2016-12-02,89.823693022251,90.4083708684381,88.825097213221,90.1732015554115,122396.0,89.95,0.0,90.5355,88.95,90.3,1.0,122396.0
2016-12-01,90.322990926766,92.6324434543098,90.223131345863,91.1218675739901,96928.0,90.45,0.0,92.7627,90.35,91.25,1.0,96928.0
2016-11-30,90.8222888312811,95.0163912292072,90.223131345863,94.6169529055952,155290.0,90.95,0.0,95.15,90.35,94.75,1.0,155290.0
2016-11-29,94.0677252106287,95.6654785050767,92.8194804493411,93.3687081443076,124333.0,94.2,0.0,95.8,92.95,93.5,1.0,124333.0
2016-11-28,93.3187783538561,95.1661806005617,92.7196208684381,94.8166720674012,67751.0,93.45,0.0,95.3,92.85,94.95,1.0,67751.0
2016-11-25,94.4172337437892,94.9165316483042,93.8955672931519,94.9165316483042,22554.0,94.55,0.0,95.05,94.0276,95.05,1.0,22554.0
2016-11-23,94.4671635342407,94.9664614387557,92.6696910779866,93.7182166774681,52874.0,94.6,0.0,95.1,92.8,93.85,1.0,52874.0
2016-11-22,93.7182166774681,94.7158138906891,91.1218675739901,91.3215867357961,114517.0,93.85,0.0,94.849,91.25,91.45,1.0,114517.0
2016-11-21,91.2716569453446,91.2716569453446,89.9734823936055,90.7723590408296,55678.0,91.4,0.0,91.4,90.1,90.9,1.0,55678.0
2016-11-18,90.7723590408296,90.8222888312811,88.4631062324476,88.6753078418665,70567.0,90.9,0.0,90.95,88.5875,88.8,1.0,70567.0
2016-11-17,88.425658889609,90.2730611363145,87.8514662994167,90.2730611363145,81072.0,88.55,0.0,90.4,87.975,90.4,1.0,81072.0
2016-11-16,89.524114279542,90.023412184057,88.525518470512,88.525518470512,85641.0,89.65,0.0,90.15,88.65,88.65,1.0,85641.0
2016-11-15,88.4755886800605,89.12467595593,84.9805033484554,85.3799416720674,82578.0,88.6,0.0,89.25,85.1,85.5,1.0,82578.0
2016-11-14,85.7793799956794,87.8764311946425,82.5339436163318,84.4812054439404,97515.0,85.9,0.0,88.0,82.65,84.6,1.0,97515.0
2016-11-11,83.9319777489739,83.9819075394254,78.6893497515662,81.0360499027868,98653.0,84.05,0.0,84.1,78.8,81.15,1.0,98653.0
2016-11-10,80.9361903218838,81.0360499027868,77.5908943616332,77.7406837329877,66229.0,81.05,0.0,81.15,77.7,77.85,1.0,66229.0
2016-11-09,76.2927198098942,76.4924389717002,72.2883506156837,73.5465813350616,75509.0,76.4,0.0,76.6,72.39,73.65,1.0,75509.0
2016-11-08,73.6464409159646,74.8197909915748,72.5884286562973,74.1956686109311,49074.0,73.75,0.0,74.925,72.6905,74.3,1.0,49074.0
2016-11-07,74.2455984013826,74.6949665154461,71.4495301360985,71.5493897170015,125690.0,74.35,0.0,74.8,71.55,71.65,1.0,125690.0
2016-11-04,71.4495301360985,72.8974940591921,71.4495301360985,72.1485472024195,57855.0,71.55,0.0,73.0,71.55,72.25,1.0,57855.0
2016-11-03,71.898898250162,72.3482663642255,71.2498109742925,71.2498109742925,56756.0,72.0,0.0,72.45,71.35,71.35,1.0,56756.0
2016-11-02,71.2498109742925,72.098617411968,71.2498109742925,71.4495301360985,67251.0,71.35,0.0,72.2,71.35,71.55,1.0,67251.0
2016-11-01,71.699179088356,73.9354345430979,71.49945992655,73.4966515446101,38472.0,71.8,0.0,74.0394,71.6,73.6,1.0,38472.0
2016-10-31,73.1471430114496,75.0944048390581,72.7976344782891,75.0944048390581,72328.0,73.25,0.0,75.2,72.9,75.2,1.0,72328.0
2016-10-28,73.1471430114496,73.7463004968676,72.7976344782891,73.2969323828041,47470.0,73.25,0.0,73.85,72.9,73.4,1.0,47470.0
2016-10-27,73.2969323828041,74.1956686109311,73.0972132209981,74.0958090300281,83547.0,73.4,0.0,74.3,73.2,74.2,1.0,83547.0
2016-10-26,73.6464409159646,75.1443346295096,71.5493897170015,71.5493897170015,145899.0,73.75,0.0,75.25,71.65,71.65,1.0,145899.0
2016-10-25,71.5493897170015,71.799038669259,69.2526193562324,69.5022683084899,73400.0,71.65,0.0,71.9,69.35,69.6,1.0,73400.0
2016-10-24,69.5521980989415,69.901706632102,67.4851047742493,69.602127889393,39325.0,69.65,0.0,70.0,67.58,69.7,1.0,39325.0
2016-10-21,69.3524789371355,69.5022683084899,68.9530406135234,68.9530406135234,28747.0,69.45,0.0,69.6,69.05,69.05,1.0,28747.0
2016-10-20,69.4523385180384,69.5521980989415,69.0029704039749,69.1527597753294,27722.0,69.55,0.0,69.65,69.1,69.25,1.0,27722.0
2016-10-19,69.2526193562324,69.5022683084899,68.8032512421689,68.8032512421689,28016.0,69.35,0.0,69.6,68.9,68.9,1.0,28016.0
2016-10-18,68.7533214517174,69.1527597753294,68.5036724994599,68.9031108230719,32271.0,68.85,0.0,69.25,68.6,69.0,1.0,32271.0
2016-10-17,68.4537427090084,68.8032512421689,65.7076042341758,68.6035320803629,23399.0,68.55,0.0,68.9,65.8,68.7,1.0,23399.0
2016-10-14,68.4237848347375,69.2226614819615,64.0287649600346,67.5050766904299,54651.0,68.52,0.0,69.32,64.1188,67.6,1.0,54651.0
2016-10-13,67.2554277381724,67.5250486066105,63.6076571073666,66.3267336357745,142600.0,67.35,0.0,67.62,63.6971,66.42,1.0,142600.0
2016-10-12,66.8460034564701,67.1056383668179,66.2578305249514,66.3666774681357,58552.0,66.94,0.0,67.2,66.351,66.46,1.0,58552.0
2016-10-11,66.2967757615036,67.774697558868,66.1770441240009,67.4052171095269,53194.0,66.39,0.0,67.87,66.2701,67.5,1.0,53194.0
2016-10-10,67.4251890257075,67.7347537265068,66.9059192050119,67.1156243249082,78710.0,67.52,0.0,67.83,67.0,67.21,1.0,78710.0
2016-10-07,66.6662562108447,66.8410104774249,66.2069021386909,66.6362983365738,101362.0,66.76,0.0,66.935,66.3,66.73,1.0,101362.0
2016-10-06,66.4665370490387,66.9059192050119,66.3666774681357,66.8060596241089,67795.0,66.56,0.0,67.0,66.46,66.9,1.0,67795.0
2016-10-05,66.7361579174768,66.8959332469216,66.2628235039965,66.3067617195939,63778.0,66.83,0.0,66.99,66.356,66.4,1.0,63778.0
2016-10-04,66.3467055519551,66.7561298336574,63.251058543962,63.3708900410456,96541.0,66.44,0.0,66.85,63.34,63.46,1.0,96541.0
2016-10-03,63.0812972564269,63.3808759991359,60.1154677036077,60.1853694102398,70509.0,63.17,0.0,63.47,60.2,60.27,1.0,70509.0
2016-09-30,60.52489198531,61.0841056383668,60.3491391229207,60.724611147116,58109.0,60.61,0.0,61.17,60.434,60.81,1.0,58109.0
2016-09-29,60.7345971052063,61.1939511773601,60.3850885720458,60.9043583927414,34081.0,60.82,0.0,61.28,60.47,60.99,1.0,34081.0
2016-09-28,60.7745409375675,61.4336141715273,60.0655379131562,61.423628213437,38504.0,60.86,0.0,61.52,60.15,61.51,1.0,38504.0
2016-09-27,61.2938107582631,62.0377646359905,59.4364225534673,59.8558327932599,44651.0,61.38,0.0,62.125,59.52,59.94,1.0,44651.0
2016-09-26,60.025594080795,61.2438809678116,59.8459466947505,61.2438809678116,40116.0,60.11,0.0,61.33,59.9301,61.33,1.0,40116.0
2016-09-23,61.5035158781594,62.5280751782242,60.8644145603802,61.1140635126377,36055.0,61.59,0.0,62.616,60.95,61.2,1.0,36055.0
2016-09-22,61.4136422553467,61.52348779434,60.6347375243033,60.7645549794772,50190.0,61.5,0.0,61.61,60.72,60.85,1.0,50190.0
2016-09-21,60.7146251890257,60.7845268956578,60.0156081227047,60.5049200691294,35010.0,60.8,0.0,60.87,60.1,60.59,1.0,35010.0
2016-09-20,60.4050604882264,60.9942320155541,59.5877098185353,60.1154677036077,77627.0,60.49,0.0,61.08,59.6715,60.2,1.0,77627.0
2016-09-19,60.0954957874271,61.4326155757183,59.9656783322532,61.0042179736444,94250.0,60.18,0.0,61.519,60.05,61.09,1.0,94250.0
2016-09-16,61.124049470728,61.3936703391661,60.8344566861093,61.323768632534,135059.0,61.21,0.0,61.48,60.92,61.41,1.0,135059.0
2016-09-15,61.2139230935407,61.423628213437,60.9143443508317,61.1739792611795,57536.0,61.3,0.0,61.51,61.0,61.26,1.0,57536.0
2016-09-14,61.2838248001728,61.5135018362497,60.924330308922,61.2438809678116,55512.0,61.37,0.0,61.6,61.01,61.33,1.0,55512.0
2016-09-13,61.0042179736444,61.4336141715273,60.225313242601,61.4136422553467,97378.0,61.09,0.0,61.52,60.31,61.5,1.0,97378.0
2016-09-12,61.623347375243,61.6982420609203,60.5149060272197,61.2738388420825,70616.0,61.71,0.0,61.785,60.6,61.36,1.0,70616.0
2016-09-09,61.1340354288183,62.2424767768416,61.0940915964571,62.1026733635774,64439.0,61.22,0.0,62.33,61.18,62.19,1.0,64439.0
2016-09-08,62.1625891121192,62.5320695614604,61.8929682436811,62.252462734932,60158.0,62.25,0.0,62.62,61.98,62.34,1.0,60158.0
2016-09-07,62.2424767768416,62.352322315835,61.4535860877079,62.0427576150356,45876.0,62.33,0.0,62.44,61.54,62.13,1.0,45876.0
2016-09-06,61.9179331389069,62.4222240224671,61.6632912076042,61.753064970836,38522.0,62.005,0.0,62.51,61.75,61.8399,1.0,38522.0
2016-09-02,61.5135018362497,61.5135018362497,60.9443022251026,61.4436001296176,39035.0,61.6,0.0,61.6,61.03,61.53,1.0,39035.0
2016-09-01,61.4336141715273,61.623347375243,60.8344566861093,61.623347375243,50392.0,61.52,0.13,61.71,60.92,61.71,1.0,50392.0
2016-08-31,61.3339651623278,61.508350928427,60.6962115034506,61.3837896669275,51915.0,61.55,0.0,61.725,60.91,61.6,1.0,51915.0
2016-08-30,61.0848426393289,61.412986826623,60.4969134850515,60.6663168006907,28211.0,61.3,0.0,61.6293,60.71,60.88,1.0,28211.0
2016-08-29,60.3972644758519,60.9254042246096,59.9488439344539,60.0185982408936,72512.0,60.61,0.0,61.14,60.16,60.23,1.0,72512.0
2016-08-26,59.9488439344539,60.0783876464133,59.2114412663772,59.4605637893761,63496.0,60.16,0.0,60.29,59.42,59.67,1.0,63496.0
2016-08-25,59.3808445820164,59.4306690866162,58.5138982019803,58.6733366166996,31829.0,59.59,0.0,59.64,58.72,58.88,1.0,31829.0
2016-08-24,58.6434419139397,58.8427399323388,57.5373379118246,57.7964253357435,74182.0,58.85,0.0,59.05,57.74,58.0,1.0,74182.0
2016-08-23,57.5473028127446,57.8263200385033,56.9693385593871,56.9693385593871,17184.0,57.75,0.0,58.03,57.17,57.17,1.0,17184.0
2016-08-22,56.6006372253488,57.1885663796262,56.3116550986701,57.1287769741064,38606.0,56.8,0.0,57.39,56.51,57.33,1.0,38606.0
2016-08-19,56.9195140547874,57.3828819475653,56.6903213336284,57.2483557851459,19646.0,57.12,0.0,57.585,56.89,57.45,1.0,19646.0
2016-08-18,57.1586716768663,57.3878643980253,56.6953037840884,57.1686365777863,26311.0,57.36,0.0,57.59,56.895,57.37,1.0,26311.0
2016-08-17,57.0191630639869,57.2084961814661,56.6604266308685,56.9593736584672,33338.0,57.22,0.0,57.41,56.86,57.16,1.0,33338.0
2016-08-16,56.9593736584672,57.2483557851459,56.9195140547874,57.1985312805461,41950.0,57.16,0.0,57.45,57.12,57.4,1.0,41950.0
2016-08-15,57.4077941998652,58.6035823102599,57.009198163067,58.6035823102599,46181.0,57.61,0.0,58.81,57.21,58.81,1.0,46181.0
2016-08-12,58.2548107780614,58.7430909231393,55.3849193131142,58.0256180569024,34377.0,58.46,0.0,58.95,55.58,58.23,1.0,34377.0
2016-08-11,58.2249160753016,59.938879033534,57.3280749925055,57.3280749925055,44653.0,58.43,0.0,60.15,57.53,57.53,1.0,44653.0
2016-08-10,57.3778994971053,58.4042842918608,56.6404968290286,57.5273730109047,57785.0,57.58,0.0,58.61,56.84,57.73,1.0,57785.0
2016-08-09,57.5971273173444,58.1451968679419,56.2618305940703,56.5209180179891,92267.0,57.8,0.0,58.35,56.46,56.72,1.0,92267.0
2016-08-08,56.2020411885505,56.550812720749,55.6041471333532,56.3415498014299,31712.0,56.4,0.0,56.75,55.8,56.54,1.0,31712.0
2016-08-05,56.0625325756712,56.33158490051,54.6375517441175,54.7770603569969,64030.0,56.26,0.0,56.53,54.83,54.97,1.0,64030.0
2016-08-04,54.6176219422776,54.9564285735561,54.5478676358379,54.7870252579168,28931.0,54.81,0.0,55.15,54.74,54.98,1.0,28931.0
2016-08-03,54.5578325367578,54.8069550597567,53.9400086797206,54.6973411496372,42575.0,54.75,0.0,55.0,54.13,54.89,1.0,42575.0
2016-08-02,54.4781133293982,55.0560775827556,54.2789149600083,54.8169199606767,49198.0,54.67,0.0,55.25,54.4701,55.01,1.0,49198.0
2016-08-01,54.6574815459574,55.1059020873554,54.0497222388493,54.3585345183587,48613.0,54.85,0.0,55.3,54.2401,54.55,1.0,48613.0
2016-07-29,54.4980431312381,56.2010446984586,54.288780211919,55.1457616910352,58087.0,54.69,0.0,56.399,54.48,55.34,1.0,58087.0
2016-07-28,55.4048491149541,56.0525676747512,54.0296927880002,54.1791663017995,43633.0,55.6,0.0,56.25,54.22,54.37,1.0,43633.0
2016-07-27,54.4781133293982,54.9066040689563,54.0197278870802,54.8069550597567,84438.0,54.67,0.0,55.1,54.21,55.0,1.0,84438.0
2016-07-26,54.7172709514771,55.8532696563521,54.6574815459574,54.9464636726361,52597.0,54.91,0.0,56.05,54.85,55.14,1.0,52597.0
2016-07-25,54.6475166450374,54.8258883715047,52.8936940831252,52.8936940831252,88395.0,54.84,0.0,55.019,53.08,53.08,1.0,88395.0
2016-07-22,52.5947470555266,52.8339046776055,52.2559404242481,52.2559404242481,33638.0,52.78,0.0,53.02,52.44,52.44,1.0,33638.0
2016-07-21,52.2260457214882,53.3122199217634,52.1861861178084,52.8239397766855,45704.0,52.41,0.0,53.5,52.37,53.01,1.0,45704.0
2016-07-20,53.0332026960046,53.5613424447623,52.8637993803654,53.3122199217634,53475.0,53.22,0.0,53.75,53.05,53.5,1.0,53475.0
2016-07-19,53.2325007144037,54.4302818049824,50.8309595926944,50.8309595926944,30619.0,53.42,0.0,54.622,51.01,51.01,1.0,30619.0
2016-07-18,53.0630973987645,53.6908861567217,52.5748172536866,53.0332026960046,26837.0,53.25,0.0,53.88,52.76,53.22,1.0,26837.0
2016-07-15,52.724290767486,52.9036589840452,52.1662563159685,52.6146768573665,24674.0,52.91,0.0,53.09,52.35,52.8,1.0,24674.0
2016-07-14,52.2459755233281,52.943518587725,52.2360106224082,52.4652033435671,35786.0,52.43,0.0,53.13,52.42,52.65,1.0,35786.0
2016-07-13,51.9370635948095,52.265905325168,51.1299066202931,51.139871521213,44363.0,52.12,0.0,52.45,51.31,51.32,1.0,44363.0
2016-07-12,51.1598013230529,51.4886430534115,50.7412754844148,50.7412754844148,50751.0,51.34,0.0,51.67,50.92,50.92,1.0,50751.0
2016-07-11,50.5519423669356,50.5619072678556,50.1633112310573,50.1633112310573,29599.0,50.73,0.0,50.74,50.34,50.34,1.0,29599.0
2016-07-08,50.1832410328973,50.5220476641758,49.2744420689973,49.5454873740201,59346.0,50.36,0.0,50.7,49.448,49.72,1.0,59346.0
2016-07-07,49.2963648510212,49.6949608878194,48.8080847059434,49.3661191574609,19753.0,49.47,0.0,49.87,48.98,49.54,1.0,19753.0
2016-07-06,49.2664701482613,49.7746800951791,48.8060917257594,48.9874529225026,34935.0,49.44,0.0,49.95,48.978,49.16,1.0,34935.0
2016-07-05,49.2266105445815,49.5255575721802,48.7981198050234,49.107031733542,28542.0,49.4,0.0,49.7,48.97,49.28,1.0,28542.0
2016-07-01,49.8842940052986,50.8209946917744,49.5355224731001,50.7313105834948,32224.0,50.06,0.0,51.0,49.71,50.91,1.0,32224.0
2016-06-30,50.7811350880946,50.7811350880946,49.8444344016188,49.9640132126582,39559.0,50.96,0.0,50.96,50.02,50.14,1.0,39559.0
2016-06-29,49.7547502933392,50.1433814292174,48.9676227696718,50.1433814292174,57150.0,49.93,0.0,50.32,49.1401,50.32,1.0,57150.0
2016-06-28,49.4657681666604,50.1234516273775,48.9475933188227,50.1234516273775,46715.0,49.64,0.0,50.3,49.12,50.3,1.0,46715.0
2016-06-27,49.8643642034587,50.9903980074137,49.6551012841396,50.9903980074137,54169.0,50.04,0.0,51.17,49.83,51.17,1.0,54169.0
2016-06-24,51.5285026570913,51.9369639458003,50.8209946917744,51.5285026570913,163643.0,51.71,0.0,52.1199,51.0,51.71,1.0,163643.0
2016-06-23,53.5513775438423,53.5713073456822,52.6545364610463,52.6545364610463,43478.0,53.74,0.0,53.76,52.84,52.84,1.0,43478.0
2016-06-22,52.2061159196483,52.6047119564465,51.8573443874498,51.9270986938895,25324.0,52.39,0.0,52.79,52.04,52.11,1.0,25324.0
2016-06-21,51.9968530003292,52.1064669104487,51.598256963531,52.1064669104487,73697.0,52.18,0.0,52.29,51.78,52.29,1.0,73697.0
2016-06-20,52.0865371086088,52.2958000279279,51.6580463690507,51.9769231984893,45953.0,52.27,0.0,52.48,51.84,52.16,1.0,45953.0
2016-06-17,51.7078708736505,51.7178357745704,50.9704682055738,50.9704682055738,53605.0,51.89,0.0,51.9,51.15,51.15,1.0,53605.0
2016-06-16,51.0501874129334,51.1598013230529,50.3626092494565,50.8010648899345,32544.0,51.23,0.0,51.34,50.54,50.98,1.0,32544.0
2016-06-15,51.1996609267327,51.9270986938895,51.0402225120135,51.81748478377,18897.0,51.38,0.0,52.11,51.22,52.0,1.0,18897.0
2016-06-14,51.4886430534115,51.9071688920496,51.1099768184531,51.1099768184531,46579.0,51.67,0.0,52.09,51.29,51.29,1.0,46579.0
2016-06-13,51.2096258276527,52.0666073067689,50.8807840972942,51.7377655764104,33416.0,51.39,0.0,52.25,51.06,51.92,1.0,33416.0
2016-06-10,51.7377655764104,51.9470284957294,51.1996609267327,51.588292062611,21390.0,51.92,0.0,52.13,51.38,51.77,1.0,21390.0
2016-06-09,51.8772741892897,52.3655543343676,51.5285026570913,52.2459755233281,25341.0,52.06,0.0,52.55,51.71,52.43,1.0,25341.0
2016-06-08,52.3954490371274,52.495098046327,51.7178357745704,51.82744968469,40366.0,52.58,0.0,52.68,51.9,52.01,1.0,40366.0
2016-06-07,51.8872390902097,52.943518587725,51.7576953782503,52.943518587725,28864.0,52.07,0.0,53.13,51.94,53.13,1.0,28864.0
2016-06-06,52.5449225509268,52.8239397766855,50.9704682055738,51.0302576110935,56151.0,52.73,0.0,53.01,51.15,51.21,1.0,56151.0
2016-06-03,50.7213456825749,51.1598013230529,50.1732761319773,51.1598013230529,33771.0,50.9,0.13,51.34,50.35,51.34,1.0,33771.0
2016-06-02,51.0791682270727,51.0791682270727,49.9460635028295,50.0852167145786,55106.0,51.39,0.0,51.39,50.25,50.39,1.0,55106.0
2016-06-01,49.9957610784542,50.1050957448285,49.180720838209,49.180720838209,52043.0,50.3,0.0,50.41,49.48,49.48,1.0,52043.0
2016-05-31,49.5484828978318,50.0553981692038,49.0415676264598,50.0553981692038,89040.0,49.85,0.0,50.36,49.34,50.36,1.0,89040.0
2016-05-27,49.7969707759553,49.7969707759553,49.2602369592085,49.6279990188313,18201.0,50.1,0.0,50.1,49.56,49.93,1.0,18201.0
2016-05-26,49.4192692012076,49.677696594456,49.2850857470209,49.6677570793311,34407.0,49.72,0.0,49.98,49.585,49.97,1.0,34407.0
2016-05-25,49.6677570793311,50.194551380953,49.2950252621458,49.6975756247059,60903.0,49.97,0.0,50.5,49.595,50.0,1.0,60903.0
2016-05-24,49.6677570793311,50.4629182893264,49.2874712306509,49.6578175642062,72675.0,49.97,0.0,50.77,49.5874,49.96,1.0,72675.0
2016-05-23,49.2105393835838,49.5385433827069,48.5744104155876,48.5744104155876,66967.0,49.51,0.0,49.84,48.87,48.87,1.0,66967.0
2016-05-20,48.5445918702127,49.0614466567097,47.9581604778412,48.6439870214622,38615.0,48.84,0.0,49.36,48.25,48.94,1.0,38615.0
2016-05-19,48.4253176887135,48.7831402332113,47.7991282358422,48.7831402332113,62338.0,48.72,0.0,49.08,48.09,49.08,1.0,62338.0
2016-05-18,49.0713861718346,49.1310232625843,47.1033621770963,47.1033621770963,77463.0,49.37,0.0,49.43,47.39,47.39,1.0,77463.0
2016-05-17,47.2325758737205,48.2961039920892,47.0735436317214,48.1967088408398,37723.0,47.52,0.0,48.59,47.36,48.49,1.0,37723.0
2016-05-16,48.2762249618393,48.5545313853377,47.31209199472,47.31209199472,33808.0,48.57,0.0,48.85,47.6,47.6,1.0,33808.0
2016-05-13,47.4313661762193,48.420347931151,47.1729387829709,48.420347931151,23352.0,47.72,0.0,48.715,47.46,48.715,1.0,23352.0
2016-05-12,48.2563459315895,48.3656805979638,47.1629992678459,47.6798540543429,47136.0,48.55,0.0,48.66,47.45,47.97,1.0,47136.0
2016-05-11,47.7593701753424,48.6539265365871,47.6997330845928,47.8786443568417,49675.0,48.05,0.0,48.95,47.99,48.17,1.0,49675.0
2016-05-10,48.3159830223391,48.8030192634612,47.9283419324664,48.504833809713,26463.0,48.61,0.0,49.1,48.22,48.8,1.0,26463.0
2016-05-09,48.4153781735885,48.7036241122118,47.7991282358422,48.1768298105899,42722.0,48.71,0.0,49.0,48.09,48.47,1.0,42722.0
2016-05-06,47.9780395080911,48.2961039920892,47.5605798728436,47.9184024173415,49801.0,48.27,0.0,48.59,47.85,48.21,1.0,49801.0
2016-05-05,48.1768298105899,49.0216885962099,48.1768298105899,48.8924748995857,47627.0,48.47,0.0,49.32,48.47,49.19,1.0,47627.0
2016-05-04,48.7135636273367,48.9421724752104,47.9581604778412,48.3756201130888,72014.0,49.01,0.0,49.24,48.25,48.67,1.0,72014.0
2016-05-03,48.6439870214622,49.3298135650831,48.1072532047153,49.3298135650831,44624.0,48.94,0.0,49.63,48.4,49.63,1.0,44624.0
2016-05-02,49.5286038675819,49.9162449574546,49.2701764743335,49.5584224129568,36022.0,49.83,0.0,50.22,49.57,49.86,1.0,36022.0
2016-04-29,49.3198740499582,50.8903174396989,48.4054386584636,49.0397785137373,68728.0,49.62,0.0,51.2,48.7,49.3382,1.0,68728.0
2016-04-28,49.4292087163325,49.6279990188313,46.5169307847247,46.5169307847247,107521.0,49.73,0.0,49.93,46.8,46.8,1.0,107521.0
2016-04-27,46.0199550284777,47.1033621770963,45.7217695747294,45.7565578776667,78388.0,46.3,0.0,47.39,46.0,46.035,1.0,78388.0
2016-04-26,45.8808018167285,46.5069912695998,45.3738865453565,45.801285695729,300833.0,46.16,0.0,46.79,45.65,46.08,1.0,300833.0
2016-04-25,45.5428583024805,45.6422534537299,45.1750962428577,45.62237442348,26792.0,45.82,0.0,45.92,45.45,45.9,1.0,26792.0
2016-04-22,45.7118300596045,46.4274751486003,45.5229792722306,45.5229792722306,27201.0,45.99,0.0,46.71,45.8,45.8,1.0,27201.0
2016-04-21,46.0000759982278,46.4672332091,45.8311042411038,46.1094106646022,18385.0,46.28,0.0,46.75,46.11,46.39,1.0,18385.0
2016-04-20,46.2684429066012,47.2622950239441,46.2088058158516,47.2622950239441,17041.0,46.55,0.0,47.5499,46.49,47.5499,1.0,17041.0
2016-04-19,46.3976566032254,46.7157210872236,46.0000759982278,46.4572936939751,29419.0,46.68,0.0,47.0,46.28,46.74,1.0,29419.0
2016-04-18,46.3280799973509,46.6660235115989,46.129289694852,46.2187453309765,27810.0,46.61,0.0,46.95,46.41,46.5,1.0,27810.0
2016-04-15,46.4970517544749,46.8943341740188,44.9912152130463,46.6759630267238,30695.0,46.78,0.0,47.1797,45.265,46.96,1.0,30695.0
2016-04-14,46.7753581779732,47.0636041165965,46.5169307847247,47.0039670258469,39187.0,47.06,0.0,47.35,46.8,47.29,1.0,39187.0
2016-04-13,47.0636041165965,47.7991282358422,46.5069912695998,46.8648138140977,100961.0,47.35,0.0,48.09,46.79,47.15,1.0,100961.0
2016-04-12,46.2088058158516,47.2822734493452,44.9912152130463,46.1690477553518,32303.0,46.49,0.0,47.57,45.265,46.45,1.0,32303.0
2016-04-11,46.7455396325984,46.7654186628483,44.8321829710472,45.0260035159836,22962.0,47.03,0.0,47.05,45.105,45.3,1.0,22962.0
2016-04-08,44.8769107891095,44.956426910109,44.3699955177375,44.956426910109,30098.0,45.15,0.0,45.23,44.64,45.23,1.0,30098.0
2016-04-07,44.7377575773603,44.956426910109,44.5389672748615,44.7278180622353,61164.0,45.01,0.0,45.23,44.81,45.0,1.0,61164.0
2016-04-06,44.3600560026125,45.115459152108,43.2867871594214,44.1413866698638,44043.0,44.63,0.0,45.39,43.5502,44.41,1.0,44043.0
2016-04-05,44.2507213362382,44.6483019412358,44.0519310337393,44.0519310337393,13336.0,44.52,0.0,44.92,44.32,44.32,1.0,13336.0
2016-04-04,44.4793301841118,44.8569323637083,43.8829592766153,44.4792307889605,86426.0,44.75,0.0,45.1299,44.15,44.7499,1.0,86426.0
2016-04-01,44.5886648504862,47.0934226619713,44.0419915186144,45.0359430311085,18411.0,44.86,0.0,47.38,44.31,45.31,1.0,18411.0
2016-03-31,45.3241889697318,45.960317937728,44.6979995168605,45.1353381823579,21958.0,45.6,0.0,46.24,44.97,45.41,1.0,21958.0
2016-03-30,45.3838260604814,45.7217695747294,44.608543880736,45.0160640008586,22374.0,45.66,0.0,46.0,44.88,45.29,1.0,22374.0
2016-03-29,44.9961849706087,45.0160640008586,43.6841689741165,44.3600560026125,19721.0,45.27,0.0,45.29,43.95,44.63,1.0,19721.0
2016-03-28,44.439572123612,44.5986043656111,43.1871932178694,43.93265685224,38350.0,44.71,0.0,44.87,43.45,44.2,1.0,38350.0
2016-03-24,43.5648947926172,44.1215076396139,43.3362859447436,43.9922939429897,18059.0,43.83,0.0,44.39,43.6,44.26,1.0,18059.0
2016-03-23,44.2904793967379,44.8172736983598,43.5251367321174,43.8730197614904,36934.0,44.56,0.0,45.09,43.79,44.14,1.0,36934.0
2016-03-22,43.6344713984918,43.8133826707407,42.9884029153706,43.604652853117,16932.0,43.9,0.0,44.08,43.25,43.87,1.0,16932.0
2016-03-21,43.7040480043664,44.1215076396139,43.5648947926172,44.1215076396139,28104.0,43.97,0.0,44.39,43.83,44.39,1.0,28104.0
2016-03-18,43.9525358824899,46.2485638763513,43.942596367365,44.77751563786,99412.0,44.22,0.0,46.53,44.21,45.05,1.0,99412.0
2016-03-17,44.439572123612,45.0061244857337,43.3859835203683,43.6444109136167,27206.0,44.71,0.0,45.28,43.65,43.91,1.0,27206.0
2016-03-16,43.5450157623673,44.0618705488643,43.3462254598685,43.4456206111179,52028.0,43.81,0.0,44.33,43.61,43.71,1.0,52028.0
2016-03-15,43.6344713984918,43.848170973678,43.425741580868,43.425741580868,41386.0,43.9,0.0,44.115,43.69,43.69,1.0,41386.0
2016-03-14,43.3661044901184,43.5748343077422,42.8790682489963,43.266709338869,15739.0,43.63,0.0,43.84,43.14,43.53,1.0,15739.0
2016-03-11,43.5549552774923,43.5748343077422,42.0143304331264,42.3522739473744,22687.0,43.82,0.0,43.84,42.27,42.61,1.0,22687.0
2016-03-10,42.242939281,43.005300091083,42.0441489785012,42.3622134624993,19611.0,42.5,0.0,43.267,42.3,42.62,1.0,19611.0
2016-03-09,42.3125158868746,42.5013666742485,41.904995766752,42.1435441297506,16762.0,42.57,0.0,42.76,42.16,42.4,1.0,16762.0
2016-03-08,42.0242699482513,42.759794067497,41.6167498281287,41.745963524753,56132.0,42.28,0.0,43.02,41.87,42.0,1.0,56132.0
2016-03-07,41.8950562516271,41.8950562516271,41.2589272836309,41.8950562516271,27386.0,42.15,0.0,42.15,41.51,42.15,1.0,27386.0
2016-03-04,41.7857215852527,41.7857215852527,41.144622859694,41.7117715927232,65029.0,42.04,0.13,42.04,41.395,41.9656,1.0,65029.0
2016-03-03,41.5280908617013,42.1275777376576,41.0596983885367,41.1713713983223,26956.0,41.91,0.0,42.515,41.4373,41.55,1.0,26956.0
2016-03-02,41.5479086096668,41.7163594673735,41.0425560365466,41.617270727546,42245.0,41.93,0.0,42.1,41.42,42.0,1.0,42245.0
2016-03-01,41.617270727546,41.9046280730457,41.220915768236,41.220915768236,41900.0,42.0,0.0,42.29,41.6,41.6,1.0,41900.0
2016-02-29,41.0128294145983,41.656906223477,39.0261001810571,40.4579324715644,34637.0,41.39,0.0,42.04,39.385,40.83,1.0,34637.0
2016-02-26,40.7056543211331,41.9908352766956,40.4381147235989,40.9335584227363,49999.0,41.08,0.0,42.377,40.81,41.31,1.0,49999.0
2016-02-25,41.0029205406156,41.3100956340808,39.8336734106512,40.5471123374091,21972.0,41.38,0.0,41.69,40.2,40.92,1.0,21972.0
2016-02-24,40.3489348577541,40.5867478333401,38.9418747522038,40.4876590935126,25891.0,40.72,0.0,40.96,39.3,40.86,1.0,25891.0
2016-02-23,40.4083881016506,40.5966567073229,39.8526984486981,39.8931266545477,15657.0,40.78,0.0,40.97,40.2192,40.26,1.0,15657.0
2016-02-22,39.7544024187892,39.8039467887029,39.4274095773585,39.4274095773585,46453.0,40.12,0.0,40.17,39.79,39.79,1.0,46453.0
2016-02-19,39.486862821255,39.7444935448064,39.1400522318587,39.1400522318587,43446.0,39.85,0.0,40.11,39.5,39.5,1.0,43446.0
2016-02-18,39.1103256099105,39.6354959309962,38.7833327684798,38.8031505164453,39513.0,39.47,0.0,40.0,39.14,39.16,1.0,39513.0
2016-02-17,39.1499611058415,40.0417597642889,38.6743351546695,39.4373184513412,44947.0,39.51,0.0,40.41,39.03,39.8,1.0,44947.0
2016-02-16,39.5562249391342,39.7742201667547,38.7436972725488,39.5066805692205,34923.0,39.92,0.0,40.14,39.1,39.87,1.0,34923.0
2016-02-12,39.0607812399968,39.7741210780149,38.8576493233504,39.1796877277897,28056.0,39.42,0.0,40.1399,39.215,39.54,1.0,28056.0
2016-02-11,38.931965878221,39.3877740814275,36.722286980068,36.722286980068,43919.0,39.29,0.0,39.75,37.06,37.06,1.0,43919.0
2016-02-10,38.614881910773,39.605769309048,38.2383446994286,38.6743351546695,34996.0,38.97,0.0,39.97,38.59,39.03,1.0,34996.0
2016-02-09,38.3869778091698,39.5907078205942,37.0591886954814,37.1979129312399,37477.0,38.74,0.0,39.9548,37.4,37.54,1.0,37477.0
2016-02-08,39.2787764676172,40.0813952602199,38.7932416424625,40.0813952602199,64026.0,39.64,0.0,40.45,39.15,40.45,1.0,64026.0
2016-02-05,40.2993904878404,41.1119181544258,38.813059390428,39.7345846708237,47647.0,40.67,0.0,41.49,39.17,40.1,1.0,47647.0
2016-02-04,39.8634000325994,40.3786614797024,39.4670450732895,39.7940379147202,41522.0,40.23,0.0,40.75,39.83,40.16,1.0,41522.0
2016-02-03,40.0714863862372,41.7559949633045,39.6949491748927,41.7559949633045,51765.0,40.44,0.0,42.14,40.06,42.14,1.0,51765.0
2016-02-02,41.2407335162015,42.0235345608387,40.9632850446846,41.8451748291492,57621.0,41.62,0.0,42.41,41.34,42.23,1.0,57621.0
2016-02-01,42.2514386624419,42.5387960079417,40.1606662520819,42.5387960079417,33467.0,42.64,0.0,42.93,40.53,42.93,1.0,33467.0
2016-01-29,42.9648775891999,43.2720526826651,41.1247996906034,41.9541724429595,43034.0,43.36,0.0,43.67,41.503,42.34,1.0,43034.0
2016-01-28,41.9541724429595,42.1999125177317,37.7627187482566,39.1995054757552,68966.0,42.34,0.0,42.588,38.11,39.56,1.0,68966.0
2016-01-27,37.1384596873434,37.4456347808087,36.4646562565165,36.6628337361715,33009.0,37.48,0.0,37.79,36.8,37.0,1.0,33009.0
2016-01-26,36.8312845938782,37.8023542441876,35.8899415655171,37.7329921263084,70880.0,37.17,0.0,38.15,36.22,38.08,1.0,70880.0
2016-01-25,37.4059992848777,38.0500760937563,37.1582774353089,38.0104405978254,30190.0,37.75,0.0,38.4,37.5,38.36,1.0,30190.0
2016-01-22,37.8816252360496,38.0500760937563,36.880828963792,36.9303733337057,35028.0,38.23,0.0,38.4,37.22,37.27,1.0,35028.0
2016-01-21,36.682651484137,37.6933566303774,36.2169344069478,36.7123781060852,37658.0,37.02,0.0,38.04,36.55,37.05,1.0,37658.0
2016-01-20,36.9402822076885,37.6339033864809,36.3061142727925,37.5546323946189,65360.0,37.28,0.0,37.98,36.64,37.9,1.0,65360.0
2016-01-19,37.6438122604636,38.3374334392561,36.5142006264302,37.6834477563946,49027.0,37.99,0.0,38.69,36.85,38.03,1.0,49027.0
2016-01-15,37.6339033864809,38.2680713213768,36.3853852646545,38.2680713213768,52534.0,37.98,0.0,38.62,36.72,38.62,1.0,52534.0
2016-01-14,38.6049730367903,39.2688675936345,38.2977979433251,39.0211457440658,41117.0,38.96,0.0,39.63,38.65,39.38,1.0,41117.0
2016-01-13,38.575246414842,40.0318508903062,38.2680713213768,39.7048580488754,26706.0,38.93,0.0,40.4,38.62,40.07,1.0,26706.0
2016-01-12,39.3976829554102,40.4282058496161,38.3671600612043,39.3877740814275,73987.0,39.76,0.0,40.8,38.72,39.75,1.0,73987.0
2016-01-11,40.0516686382717,40.4678413455471,38.9914191221175,40.1309396301336,35633.0,40.42,0.0,40.84,39.35,40.5,1.0,35633.0
2016-01-08,39.9129444025132,41.419093247891,39.8534911586167,41.2010980202705,33902.0,40.28,0.0,41.8,40.22,41.58,1.0,33902.0
2016-01-07,41.2803690121325,43.5891366501131,41.1911891462878,41.894719199063,24026.0,41.66,0.0,43.99,41.57,42.28,1.0,24026.0
2016-01-06,43.8764939956128,44.3323021988192,43.0342397070791,43.0342397070791,35496.0,44.28,0.0,44.74,43.43,43.43,1.0,35496.0
2016-01-05,43.2621438086823,44.0350359793368,43.1135106989411,43.985491609423,45767.0,43.66,0.0,44.44,43.51,44.39,1.0,45767.0
2016-01-04,44.2332134589918,45.2340097312494,43.3414148005443,45.2340097312494,49569.0,44.64,0.0,45.65,43.74,45.65,1.0,49569.0
