,adj_close,adj_high,adj_low,adj_open,adj_volume,close,ex_dividend,high,low,open,split_ratio,volume
2017-02-10,39.45,40.2,39.15,39.15,16575.0,39.45,0.0,40.2,39.15,39.15,1.0,16575.0
2017-02-09,38.45,38.7,38.2,38.35,18436.0,38.45,0.0,38.7,38.2,38.35,1.0,18436.0
2017-02-08,37.65,37.7,36.25,36.35,40950.0,37.65,0.0,37.7,36.25,36.35,1.0,40950.0
2017-02-07,36.35,36.35,35.85,36.15,38497.0,36.35,0.0,36.35,35.85,36.15,1.0,38497.0
2017-02-06,36.25,36.625,36.25,36.55,17569.0,36.25,0.0,36.625,36.25,36.55,1.0,17569.0
2017-02-03,36.7,37.3,36.5,36.95,21947.0,36.7,0.0,37.3,36.5,36.95,1.0,21947.0
2017-02-02,36.9,37.65,36.75,37.45,17329.0,36.9,0.0,37.65,36.75,37.45,1.0,17329.0
2017-02-01,37.35,37.4,36.55,36.9,29334.0,37.35,0.0,37.4,36.55,36.9,1.0,29334.0
2017-01-31,36.65,36.9,36.1,36.7,21794.0,36.65,0.0,36.9,36.1,36.7,1.0,21794.0
2017-01-30,36.65,36.95,36.25,36.5,17324.0,36.65,0.0,36.95,36.25,36.5,1.0,17324.0
2017-01-27,36.95,37.05,36.45,37.0,22024.0,36.95,0.0,37.05,36.45,37.0,1.0,22024.0
2017-01-26,36.95,37.15,36.9,37.1,9562.0,36.95,0.0,37.15,36.9,37.1,1.0,9562.0
2017-01-25,37.35,37.35,36.75,36.75,14452.0,37.35,0.0,37.35,36.75,36.75,1.0,14452.0
2017-01-24,37.0,37.195,36.55,36.55,22160.0,37.0,0.0,37.195,36.55,36.55,1.0,22160.0
2017-01-23,36.7,36.7,35.95,35.95,40620.0,36.7,0.0,36.7,35.95,35.95,1.0,40620.0
2017-01-20,36.25,36.55,35.0,35.0,43135.0,36.25,0.0,36.55,35.0,35.0,1.0,43135.0
2017-01-19,35.1,35.45,34.7,35.45,114229.0,35.1,0.0,35.45,34.7,35.45,1.0,114229.0
2017-01-18,35.55,36.9,35.55,36.85,20744.0,35.55,0.0,36.9,35.55,36.85,1.0,20744.0
2017-01-17,37.0,37.15,36.6,37.0,25166.0,37.0,0.0,37.15,36.6,37.0,1.0,25166.0
2017-01-13,37.0,37.45,37.0,37.45,11745.0,37.0,0.0,37.45,37.0,37.45,1.0,11745.0
2017-01-12,37.3,37.55,36.9,36.9,32897.0,37.3,0.0,37.55,36.9,36.9,1.0,32897.0
2017-01-11,36.8,36.85,36.2,36.75,37375.0,36.8,0.0,36.85,36.2,36.75,1.0,37375.0
2017-01-10,36.8,37.1,36.7,37.05,15436.0,36.8,0.0,37.1,36.7,37.05,1.0,15436.0
2017-01-09,36.95,37.1,36.35,36.8,17359.0,36.95,0.0,37.1,36.35,36.8,1.0,17359.0
2017-01-06,36.8,37.7,36.5,37.7,73071.0,36.8,0.0,37.7,36.5,37.7,1.0,73071.0
2017-01-05,37.3,37.4,36.8,36.85,44450.0,37.3,0.0,37.4,36.8,36.85,1.0,44450.0
2017-01-04,37.0,37.65,36.6,36.6,33862.0,37.0,0.0,37.65,36.6,36.6,1.0,33862.0
2017-01-03,36.55,36.9,36.15,36.725,32474.0,36.55,0.0,36.9,36.15,36.725,1.0,32474.0
2016-12-30,36.75,36.95,36.05,36.9,23425.0,36.75,0.0,36.95,36.05,36.9,1.0,23425.0
2016-12-29,36.2,36.225,35.85,36.15,25154.0,36.2,0.0,36.225,35.85,36.15,1.0,25154.0
2016-12-28,35.95,36.05,35.65,35.95,59594.0,35.95,0.05,36.05,35.65,35.95,1.0,59594.0
2016-12-27,36.1996527777778,36.8986805555556,35.9999305555556,36.5491666666667,20575.0,36.25,0.0,36.95,36.05,36.6,1.0,20575.0
2016-12-23,36.2995138888889,36.6989583333333,36.0199027777778,36.6989583333333,19441.0,36.35,0.0,36.75,36.07,36.75,1.0,19441.0
2016-12-22,36.5990972222222,37.298125,36.399375,37.0984027777778,24656.0,36.65,0.0,37.35,36.45,37.15,1.0,24656.0
2016-12-21,37.3979861111111,37.8473611111111,37.3480555555556,37.6975694444444,15159.0,37.45,0.0,37.9,37.4,37.75,1.0,15159.0
2016-12-20,37.5977083333333,37.9971527777778,37.298125,37.298125,25220.0,37.65,0.0,38.05,37.35,37.35,1.0,25220.0
2016-12-19,37.3979861111111,37.6476388888889,36.9985416666667,36.9985416666667,34787.0,37.45,0.0,37.7,37.05,37.05,1.0,34787.0
2016-12-16,37.4479166666667,37.4479166666667,36.7488888888889,37.3979861111111,25818.0,37.5,0.0,37.5,36.8,37.45,1.0,25818.0
2016-12-15,37.298125,37.9472222222222,37.0484722222222,37.3979861111111,15154.0,37.35,0.0,38.0,37.1,37.45,1.0,15154.0
2016-12-14,37.298125,38.2967361111111,37.298125,37.9472222222222,20933.0,37.35,0.0,38.35,37.35,38.0,1.0,20933.0
2016-12-13,37.9472222222222,38.6961805555556,37.8473611111111,38.6961805555556,36844.0,38.0,0.0,38.75,37.9,38.75,1.0,36844.0
2016-12-12,38.196875,38.3965972222222,37.6476388888889,37.9472222222222,35119.0,38.25,0.0,38.45,37.7,38.0,1.0,35119.0
2016-12-09,37.5977083333333,37.7475,36.399375,36.399375,22885.0,37.65,0.0,37.8,36.45,36.45,1.0,22885.0
2016-12-08,36.7488888888889,36.84875,35.6504166666667,35.6504166666667,24919.0,36.8,0.0,36.9,35.7,35.7,1.0,24919.0
2016-12-07,35.8501388888889,35.95,35.5805138888889,35.7003472222222,80627.0,35.9,0.0,36.0,35.63,35.75,1.0,80627.0
2016-12-06,35.6004861111111,35.8002083333333,35.3058958333333,35.500625,23653.0,35.65,0.0,35.85,35.355,35.55,1.0,23653.0
2016-12-05,35.4007638888889,35.9999305555556,35.0013194444444,35.7003472222222,35939.0,35.45,0.0,36.05,35.05,35.75,1.0,35939.0
2016-12-02,36.0498611111111,36.5491666666667,35.8002083333333,35.95,19070.0,36.1,0.0,36.6,35.85,36.0,1.0,19070.0
2016-12-01,36.2995138888889,36.2995138888889,34.9513888888889,35.2509722222222,26777.0,36.35,0.0,36.35,35.0,35.3,1.0,26777.0
2016-11-30,35.2509722222222,36.1497222222222,35.1511111111111,35.7003472222222,29839.0,35.3,0.0,36.2,35.2,35.75,1.0,29839.0
2016-11-29,35.2010416666667,36.1497222222222,35.1511111111111,36.1497222222222,34702.0,35.25,0.0,36.2,35.2,36.2,1.0,34702.0
2016-11-28,36.2495833333333,36.2995138888889,35.7003472222222,35.7003472222222,41737.0,36.3,0.0,36.35,35.75,35.75,1.0,41737.0
2016-11-25,35.8002083333333,35.8002083333333,35.0013194444444,35.0013194444444,6813.0,35.85,0.0,35.85,35.05,35.05,1.0,6813.0
2016-11-23,35.7003472222222,36.2495833333333,34.8515277777778,34.8515277777778,15422.0,35.75,0.0,36.3,34.9,34.9,1.0,15422.0
2016-11-22,35.3009027777778,35.4506944444445,34.3522222222222,34.3522222222222,17391.0,35.35,0.0,35.5,34.4,34.4,1.0,17391.0
2016-11-21,34.601875,34.8015972222222,34.1525,34.601875,19260.0,34.65,0.0,34.85,34.2,34.65,1.0,19260.0
2016-11-18,34.3522222222222,34.9513888888889,34.3522222222222,34.4520833333333,21269.0,34.4,0.0,35.0,34.4,34.5,1.0,21269.0
2016-11-17,34.8015972222222,35.05125,34.2024305555556,34.2024305555556,45852.0,34.85,0.0,35.1,34.25,34.25,1.0,45852.0
2016-11-16,34.2024305555556,35.1611970833333,34.2024305555556,35.05125,20618.0,34.25,0.0,35.2101,34.25,35.1,1.0,20618.0
2016-11-15,35.4007638888889,35.8002083333333,35.1511111111111,35.500625,22219.0,35.45,0.0,35.85,35.2,35.55,1.0,22219.0
2016-11-14,35.4007638888889,35.5505555555556,34.9014583333333,35.1511111111111,23155.0,35.45,0.0,35.6,34.95,35.2,1.0,23155.0
2016-11-11,35.3508333333333,35.5505555555556,35.1511111111111,35.3508333333333,20752.0,35.4,0.0,35.6,35.2,35.4,1.0,20752.0
2016-11-10,35.4007638888889,35.9000694444445,35.4007638888889,35.9000694444445,26324.0,35.45,0.0,35.95,35.45,35.95,1.0,26324.0
2016-11-09,35.8501388888889,35.9098558333333,35.3508333333333,35.7502777777778,18133.0,35.9,0.0,35.9598,35.4,35.8,1.0,18133.0
2016-11-08,35.9999305555556,36.2495833333333,35.8501388888889,35.8501388888889,17930.0,36.05,0.0,36.3,35.9,35.9,1.0,17930.0
2016-11-07,35.8501388888889,36.84875,35.7502777777778,35.95,19315.0,35.9,0.0,36.9,35.8,36.0,1.0,19315.0
2016-11-04,35.9999305555556,36.2495833333333,35.4506944444445,35.4506944444445,26937.0,36.05,0.0,36.3,35.5,35.5,1.0,26937.0
2016-11-03,35.8501388888889,35.9093565277778,35.6504166666667,35.6504166666667,33124.0,35.9,0.0,35.9593,35.7,35.7,1.0,33124.0
2016-11-02,35.7502777777778,35.9000694444445,35.6004861111111,35.8501388888889,97014.0,35.8,0.0,35.95,35.65,35.9,1.0,97014.0
2016-11-01,35.7003472222222,36.1996527777778,34.5020138888889,35.0013194444444,47070.0,35.75,0.0,36.25,34.55,35.05,1.0,47070.0
2016-10-31,34.7516666666667,36.399375,34.3022916666667,35.5505555555556,39418.0,34.8,0.0,36.45,34.35,35.6,1.0,39418.0
2016-10-28,35.6504166666667,37.5477777777778,34.4520833333333,36.0997916666667,105780.0,35.7,0.0,37.6,34.5,36.15,1.0,105780.0
2016-10-27,39.6448611111111,40.5935416666667,39.3952083333333,40.5935416666667,18676.0,39.7,0.0,40.65,39.45,40.65,1.0,18676.0
2016-10-26,40.2440277777778,40.4936805555556,39.8445833333333,40.3938194444445,14088.0,40.3,0.0,40.55,39.9,40.45,1.0,14088.0
2016-10-25,40.6434722222222,41.3425,40.5935416666667,41.3425,15647.0,40.7,0.0,41.4,40.65,41.4,1.0,15647.0
2016-10-24,41.2426388888889,41.4423611111111,40.6934027777778,41.3425,12547.0,41.3,0.0,41.5,40.75,41.4,1.0,12547.0
2016-10-21,41.3924305555556,41.5921527777778,40.6434722222222,40.7932638888889,33365.0,41.45,0.0,41.65,40.7,40.85,1.0,33365.0
2016-10-20,40.9430555555556,41.6420833333333,40.5436111111111,41.2925694444445,18829.0,41.0,0.0,41.7,40.6,41.35,1.0,18829.0
2016-10-19,41.4922916666667,41.9915972222222,41.2925694444445,41.3425,12152.0,41.55,0.0,42.05,41.35,41.4,1.0,12152.0
2016-10-18,41.6920138888889,42.0415277777778,41.4423611111111,41.9416666666667,22952.0,41.75,0.0,42.1,41.5,42.0,1.0,22952.0
2016-10-17,41.4423611111111,41.5422222222222,40.5935416666667,40.6434722222222,19703.0,41.5,0.0,41.6,40.65,40.7,1.0,19703.0
2016-10-14,40.8132361111111,41.5122638888889,40.7732916666667,40.9720152777778,27910.0,40.87,0.0,41.57,40.83,41.029,1.0,27910.0
2016-10-13,41.1228055555556,41.3624722222222,40.3638611111111,40.7533194444445,39154.0,41.18,0.0,41.42,40.42,40.81,1.0,39154.0
2016-10-12,41.0429166666667,43.3497083333333,40.6534583333333,43.3497083333333,39085.0,41.1,0.0,43.41,40.71,43.41,1.0,39085.0
2016-10-11,41.8018611111111,42.0415277777778,41.1128194444444,41.3225277777778,35525.0,41.86,0.0,42.1,41.17,41.38,1.0,35525.0
2016-10-10,41.252625,42.0814722222222,41.2226666666667,41.2775902777778,33799.0,41.31,0.0,42.14,41.28,41.335,1.0,33799.0
2016-10-07,41.8018611111111,42.3211388888889,41.5921527777778,41.9616388888889,64512.0,41.86,0.0,42.38,41.65,42.02,1.0,64512.0
2016-10-06,42.0115694444444,42.0814722222222,41.4223888888889,41.9915972222222,33198.0,42.07,0.0,42.14,41.48,42.05,1.0,33198.0
2016-10-05,42.1014444444444,42.870375,42.0465208333333,42.690625,55240.0,42.16,0.0,42.93,42.105,42.75,1.0,55240.0
2016-10-04,42.3011666666667,42.421,41.5272430555556,41.9117083333333,33650.0,42.36,0.0,42.48,41.585,41.97,1.0,33650.0
2016-10-03,42.0115694444444,42.510875,41.8018611111111,41.8018611111111,61831.0,42.07,0.0,42.57,41.86,41.86,1.0,61831.0
2016-09-30,42.0115694444444,42.151375,41.432375,42.151375,38787.0,42.07,0.0,42.21,41.49,42.21,1.0,38787.0
2016-09-29,41.8118472222222,42.24125,41.2925694444445,41.9516527777778,27175.0,41.87,0.0,42.3,41.35,42.01,1.0,27175.0
2016-09-28,41.8517916666667,41.8517916666667,41.0429166666667,41.1727361111111,23943.0,41.91,0.0,41.91,41.1,41.23,1.0,23943.0
2016-09-27,40.9929861111111,41.3325138888889,40.1541527777778,41.3325138888889,19608.0,41.05,0.0,41.39,40.21,41.39,1.0,19608.0
2016-09-26,41.6320972222222,41.9616388888889,41.3025555555556,41.7419444444444,11666.0,41.69,0.0,42.02,41.36,41.8,1.0,11666.0
2016-09-23,41.5621944444444,42.3810555555556,41.1527638888889,41.1527638888889,9863.0,41.62,0.0,42.44,41.21,41.21,1.0,9863.0
2016-09-22,42.510875,42.510875,41.5921527777778,41.5921527777778,13864.0,42.57,0.0,42.57,41.65,41.65,1.0,13864.0
2016-09-21,41.2326527777778,41.7119861111111,41.0628888888889,41.7119861111111,25823.0,41.29,0.0,41.77,41.12,41.77,1.0,25823.0
2016-09-20,41.6620555555556,42.3810555555556,41.5322361111111,42.3810555555556,11006.0,41.72,0.0,42.44,41.59,42.44,1.0,11006.0
2016-09-19,42.0814722222222,42.1613611111111,41.7419444444444,41.9416666666667,19820.0,42.14,0.0,42.22,41.8,42.0,1.0,19820.0
2016-09-16,41.971625,42.1813333333333,41.0628888888889,41.9216944444444,14291.0,42.03,0.0,42.24,41.12,41.98,1.0,14291.0
2016-09-15,42.0315416666667,42.2712083333333,40.9530416666667,40.9530416666667,18538.0,42.09,0.0,42.33,41.01,41.01,1.0,18538.0
2016-09-14,41.1327916666667,41.3624722222222,40.9330694444444,40.983,10250.0,41.19,0.0,41.42,40.99,41.04,1.0,10250.0
2016-09-13,40.9929861111111,41.2426388888889,40.3938194444445,40.4537361111111,22068.0,41.05,0.0,41.3,40.45,40.51,1.0,22068.0
2016-09-12,40.983,41.2326527777778,40.1441666666667,40.7233611111111,18974.0,41.04,0.0,41.29,40.2,40.78,1.0,18974.0
2016-09-09,41.0928472222222,42.1114305555556,40.9929861111111,42.1114305555556,122121.0,41.15,0.0,42.17,41.05,42.17,1.0,122121.0
2016-09-08,42.2911805555556,42.7805,41.9216944444444,42.1613611111111,20969.0,42.35,0.0,42.84,41.98,42.22,1.0,20969.0
2016-09-07,42.4409722222222,42.8903472222222,42.2013055555556,42.8903472222222,26844.0,42.5,0.0,42.95,42.26,42.95,1.0,26844.0
2016-09-06,42.8004722222222,43.5694027777778,42.4309861111111,43.5694027777778,25903.0,42.86,0.0,43.63,42.49,43.63,1.0,25903.0
2016-09-02,43.2398611111111,43.4895138888889,43.0101805555556,43.3097638888889,9397.0,43.3,0.0,43.55,43.07,43.37,1.0,9397.0
2016-09-01,42.7904861111111,43.2286766666667,41.16275,41.16275,203569.0,42.85,0.0,43.2888,41.22,41.22,1.0,203569.0
2016-08-31,41.0928472222222,42.2911805555556,40.9330694444444,42.2312638888889,44659.0,41.15,0.0,42.35,40.99,42.29,1.0,44659.0
2016-08-30,42.3710694444445,42.5208611111111,41.4124027777778,42.1314027777778,18829.0,42.43,0.0,42.58,41.47,42.19,1.0,18829.0
2016-08-29,42.2312638888889,43.0792844444445,42.1614609722222,42.6606666666667,24176.0,42.29,0.0,43.1392,42.2201,42.72,1.0,24176.0
2016-08-26,42.8004722222222,43.0651041666667,42.3411111111111,42.9003333333333,13039.0,42.86,0.0,43.125,42.4,42.96,1.0,13039.0
2016-08-25,42.6806388888889,43.2598333333333,41.9616388888889,43.2598333333333,24596.0,42.74,0.0,43.32,42.02,43.32,1.0,24596.0
2016-08-24,43.2099027777778,43.7591388888889,43.0601111111111,43.3397222222222,19031.0,43.27,0.0,43.82,43.12,43.4,1.0,19031.0
2016-08-23,43.4695416666667,43.7092083333333,42.6706527777778,43.1200277777778,16775.0,43.53,0.0,43.77,42.73,43.18,1.0,16775.0
2016-08-22,43.0201666666667,43.229875,42.2712083333333,42.7705138888889,22005.0,43.08,0.0,43.29,42.33,42.83,1.0,22005.0
2016-08-19,43.0201666666667,43.1499861111111,42.4509583333333,43.1499861111111,24300.0,43.08,0.0,43.21,42.51,43.21,1.0,24300.0
2016-08-18,43.4995,44.2584444444445,43.1599722222222,44.0587222222222,25855.0,43.56,0.0,44.32,43.22,44.12,1.0,25855.0
2016-08-17,43.9688472222222,44.49801125,43.2798055555556,43.7191944444444,30799.0,44.03,0.0,44.5599,43.34,43.78,1.0,30799.0
2016-08-16,43.8989444444445,44.1885416666667,43.8390277777778,43.9688472222222,21506.0,43.96,0.0,44.25,43.9,44.03,1.0,21506.0
2016-08-15,44.0187777777778,44.4082361111111,43.1699583333333,43.229875,21342.0,44.08,0.0,44.47,43.23,43.29,1.0,21342.0
2016-08-12,43.0301527777778,43.4695416666667,43.0101805555556,43.4695416666667,23136.0,43.09,0.0,43.53,43.07,43.53,1.0,23136.0
2016-08-11,43.5993611111111,43.8490138888889,43.1899305555556,43.8490138888889,17079.0,43.66,0.0,43.91,43.25,43.91,1.0,17079.0
2016-08-10,43.6992222222222,44.3583055555556,43.4995,43.4995,22578.0,43.76,0.0,44.42,43.56,43.56,1.0,22578.0
2016-08-09,43.6393055555556,43.9888194444444,43.2598333333333,43.3497083333333,47911.0,43.7,0.0,44.05,43.32,43.41,1.0,47911.0
2016-08-08,43.2598333333333,43.4495694444444,42.9802222222222,43.1899305555556,28210.0,43.32,0.0,43.51,43.04,43.25,1.0,28210.0
2016-08-05,42.9302916666667,43.1100416666667,42.5907638888889,43.0001944444445,18325.0,42.99,0.0,43.17,42.65,43.06,1.0,18325.0
2016-08-04,43.0301527777778,43.2698194444445,42.1613611111111,42.2013055555556,42499.0,43.09,0.0,43.33,42.22,42.26,1.0,42499.0
2016-08-03,42.2811944444445,42.3411111111111,41.2725972222222,41.612125,20474.0,42.34,0.0,42.4,41.33,41.67,1.0,20474.0
2016-08-02,41.5422222222222,42.1613611111111,41.0628888888889,41.8917361111111,56677.0,41.6,0.0,42.22,41.12,41.95,1.0,56677.0
2016-08-01,42.0714861111111,42.1014444444444,40.6205041666667,41.2226666666667,40426.0,42.13,0.0,42.16,40.677,41.28,1.0,40426.0
2016-07-29,41.2226666666667,41.432375,40.1341805555556,40.1341805555556,31314.0,41.28,0.0,41.49,40.19,40.19,1.0,31314.0
2016-07-28,40.2440277777778,40.4337638888889,40.0043611111111,40.2340416666667,26900.0,40.3,0.0,40.49,40.06,40.29,1.0,26900.0
2016-07-27,40.0542916666667,40.5136527777778,39.5150416666667,39.5150416666667,43630.0,40.11,0.0,40.57,39.57,39.57,1.0,43630.0
2016-07-26,39.4750972222222,39.6049166666667,38.1469444444445,38.1469444444445,102775.0,39.53,0.0,39.66,38.2,38.2,1.0,102775.0
2016-07-25,37.1483333333333,37.2182361111111,36.7089444444444,36.7089444444444,45131.0,37.2,0.0,37.27,36.76,36.76,1.0,45131.0
2016-07-22,36.9885555555556,37.1882777777778,36.8387638888889,37.1882777777778,11977.0,37.04,0.0,37.24,36.89,37.24,1.0,11977.0
2016-07-21,37.3580416666667,38.107,37.2182361111111,37.2282222222222,11743.0,37.41,0.0,38.16,37.27,37.28,1.0,11743.0
2016-07-20,37.3580416666667,37.7874444444445,36.8986805555556,37.1483333333333,20152.0,37.41,0.0,37.84,36.95,37.2,1.0,20152.0
2016-07-19,36.9286388888889,37.1083888888889,36.5591527777778,36.5591527777778,18743.0,36.98,0.0,37.16,36.61,36.61,1.0,18743.0
2016-07-18,36.8787083333333,37.3380694444445,36.4992361111111,37.3380694444445,41579.0,36.93,0.0,37.39,36.55,37.39,1.0,41579.0
2016-07-15,37.1782916666667,37.477875,36.9486111111111,37.477875,33269.0,37.23,0.0,37.53,37.0,37.53,1.0,33269.0
2016-07-14,37.477875,37.5877222222222,36.5691388888889,37.0984027777778,18720.0,37.53,0.0,37.64,36.62,37.15,1.0,18720.0
2016-07-13,36.6590138888889,36.9286388888889,36.2296111111111,36.6390416666667,21965.0,36.71,0.0,36.98,36.28,36.69,1.0,21965.0
2016-07-12,36.6290555555556,36.6590138888889,34.8914722222222,35.0013194444444,38130.0,36.68,0.0,36.71,34.94,35.05,1.0,38130.0
2016-07-11,34.69175,34.8814861111111,34.5719166666667,34.8814861111111,34870.0,34.74,0.0,34.93,34.62,34.93,1.0,34870.0
2016-07-08,34.7316944444445,35.1011805555556,34.5020138888889,34.6318333333333,19674.0,34.78,0.0,35.15,34.55,34.68,1.0,19674.0
2016-07-07,34.2124166666667,34.5619305555556,33.7730277777778,34.3622083333333,33841.0,34.26,0.0,34.61,33.82,34.41,1.0,33841.0
2016-07-06,34.2523611111111,34.4021527777778,32.8842638888889,33.4634583333333,69987.0,34.3,0.0,34.45,32.93,33.51,1.0,69987.0
2016-07-05,33.6332222222222,34.2523611111111,33.5133888888889,34.2523611111111,33100.0,33.68,0.0,34.3,33.56,34.3,1.0,33100.0
2016-07-01,34.2723333333333,34.4820416666667,33.9827361111111,34.0925833333333,30016.0,34.32,0.0,34.53,34.03,34.14,1.0,30016.0
2016-06-30,34.0925833333333,34.6118611111111,33.5633194444444,34.6118611111111,107696.0,34.14,0.0,34.66,33.61,34.66,1.0,107696.0
2016-06-29,34.7516666666667,34.8415416666667,33.4934166666667,33.9128333333333,37346.0,34.8,0.0,34.89,33.54,33.96,1.0,37346.0
2016-06-28,33.3835694444444,33.9527777777778,32.984125,33.9527777777778,70434.0,33.43,0.05,34.0,33.03,34.0,1.0,70434.0
2016-06-27,33.2439726785477,35.3379241669985,33.0046639370105,35.1484714132816,59328.0,33.34,0.0,35.44,33.1,35.25,1.0,59328.0
2016-06-24,35.4476073402031,36.8136614064782,35.2780969816142,36.2951591331475,31166.0,35.55,0.0,36.92,35.38,36.4,1.0,31166.0
2016-06-23,37.740982779935,38.1896866703173,36.6840358381455,36.6840358381455,22175.0,37.85,0.0,38.3,36.79,36.79,1.0,22175.0
2016-06-22,36.6242086527612,37.7310115823709,36.4646694917364,36.6441510478893,22448.0,36.73,0.0,37.84,36.57,36.75,1.0,22448.0
2016-06-21,36.4447270966083,36.6840358381455,36.1655335648148,36.6840358381455,20261.0,36.55,0.0,36.79,36.27,36.79,1.0,20261.0
2016-06-20,36.5244966771207,37.0928549382716,36.2752167380194,36.4945830844285,18512.0,36.63,0.0,37.2,36.38,36.6,1.0,18512.0
2016-06-17,36.0957351818665,36.1455911696867,35.2182697962299,35.2182697962299,14179.0,36.2,0.0,36.25,35.32,35.32,1.0,14179.0
2016-06-16,35.816541650073,36.195447157507,35.2631401852682,36.195447157507,25799.0,35.92,0.0,36.3,35.365,36.3,1.0,25799.0
2016-06-15,36.2951591331475,36.6840358381455,35.5273769207155,35.6669736866122,55392.0,36.4,0.0,36.79,35.63,35.77,1.0,55392.0
2016-06-14,35.4575785377672,36.00599440379,32.9548079491902,32.9548079491902,19018.0,35.56,0.0,36.11,33.05,33.05,1.0,19018.0
2016-06-13,36.0259367989181,37.3321636798088,35.9461672184057,37.172624518784,24011.0,36.13,0.0,37.44,36.05,37.28,1.0,24011.0
2016-06-10,37.5864292176922,38.3691682264702,37.2823076919886,38.0500899044206,11591.0,37.695,0.0,38.48,37.39,38.16,1.0,11591.0
2016-06-09,38.4987937948029,38.6683041533918,37.4617892481415,38.1697442751892,23764.0,38.61,0.0,38.78,37.57,38.28,1.0,23764.0
2016-06-08,38.5486497826231,38.7779873265963,38.4987937948029,38.4987937948029,10308.0,38.66,0.0,38.89,38.61,38.61,1.0,10308.0
2016-06-07,38.6583329558277,39.5756831317204,38.2794274483937,39.5756831317204,39695.0,38.77,0.0,39.69,38.39,39.69,1.0,39695.0
2016-06-06,39.3962015755675,39.5856543292845,39.1419360376842,39.4261151682597,14008.0,39.51,0.0,39.7,39.255,39.54,1.0,14008.0
2016-06-03,39.3962015755675,39.5956255268485,38.71317454243,38.71317454243,13531.0,39.51,0.0,39.71,38.825,38.825,1.0,13531.0
2016-06-02,39.2266912169786,39.4061727731316,39.0771232535179,39.0771232535179,11753.0,39.34,0.0,39.52,39.19,39.19,1.0,11753.0
2016-06-01,39.4061727731316,39.5557407365923,36.8236326040422,39.1668640315943,18744.0,39.52,0.0,39.67,36.93,39.28,1.0,18744.0
2016-05-31,39.1170080437741,39.4659999585159,39.0272672656976,39.3264031926191,16613.0,39.23,0.0,39.58,39.14,39.44,1.0,16613.0
2016-05-27,39.7651358854374,40.0443294172309,39.3463455877473,39.3662879828753,18183.0,39.88,0.0,40.16,39.46,39.48,1.0,18183.0
2016-05-26,39.3862303780035,39.7850782805655,39.3164319950551,39.5058847487721,22581.0,39.5,0.0,39.9,39.43,39.62,1.0,22581.0
2016-05-25,39.4759711560799,39.7651358854374,39.1269792413381,39.2566048096708,25587.0,39.59,0.0,39.88,39.24,39.37,1.0,25587.0
2016-05-24,38.9973536730054,39.2665760072348,38.6284193631355,38.6284193631355,46323.0,39.11,0.0,39.38,38.74,38.74,1.0,46323.0
2016-05-23,38.1996578678813,38.6583329558277,38.1198882873689,38.6583329558277,13780.0,38.31,0.0,38.77,38.23,38.77,1.0,13780.0
2016-05-20,38.528707387495,38.9574688827492,37.7708963726271,38.2395426581375,21831.0,38.64,0.0,39.07,37.88,38.35,1.0,21831.0
2016-05-19,37.8606371507036,38.0500899044206,36.973200567503,37.8606371507036,21669.0,37.97,0.0,38.16,37.08,37.97,1.0,21669.0
2016-05-18,38.0899746946768,38.4688802021107,37.7708963726271,38.2295714605735,24882.0,38.2,0.0,38.58,37.88,38.34,1.0,24882.0
2016-05-17,38.5386785850591,38.9474976851852,37.9603491263441,38.9474976851852,29352.0,38.65,0.0,39.06,38.07,39.06,1.0,29352.0
2016-05-16,39.1469216364662,39.5158559463361,36.9432869748108,38.6284193631355,34703.0,39.26,0.0,39.63,37.05,38.74,1.0,34703.0
2016-05-13,38.6284193631355,39.0372384632617,38.2993698435218,39.0372384632617,42942.0,38.74,0.0,39.15,38.41,39.15,1.0,42942.0
2016-05-12,39.4360863658237,39.8050206756936,38.708188943648,39.5329066941707,55911.0,39.55,0.0,39.92,38.82,39.6471,1.0,55911.0
2016-05-11,39.2266912169786,39.5557407365923,38.8378145119806,39.4161439706956,38499.0,39.34,0.0,39.67,38.95,39.53,1.0,38499.0
2016-05-10,39.5158559463361,39.7850782805655,39.1469216364662,39.5258271439002,19806.0,39.63,0.0,39.9,39.26,39.64,1.0,19806.0
2016-05-09,39.3662879828753,39.9147038488982,39.2665760072348,39.9147038488982,36408.0,39.48,0.0,40.03,39.38,40.03,1.0,36408.0
2016-05-06,39.7252510951812,40.1540125904354,38.9674400803133,39.3164319950551,44725.0,39.84,0.0,40.27,39.08,39.43,1.0,44725.0
2016-05-05,39.5158559463361,39.7102942988351,39.0671520559538,39.7102942988351,92804.0,39.63,0.0,39.825,39.18,39.825,1.0,92804.0
2016-05-04,39.2466336121067,40.074243009923,38.8329286251742,40.074243009923,67413.0,39.36,0.0,40.19,38.9451,40.19,1.0,67413.0
2016-05-03,40.2038685782557,40.9915931858158,39.6355103171047,40.9915931858158,42862.0,40.32,0.0,41.11,39.75,41.11,1.0,42862.0
2016-05-02,41.1810459395327,42.8661783278574,40.6426012710739,41.2209307297889,58266.0,41.3,0.0,42.99,40.76,41.34,1.0,58266.0
2016-04-29,41.3007003103014,41.7793177933758,41.230901927353,41.5400090518386,78183.0,41.42,0.0,41.9,41.35,41.66,1.0,78183.0
2016-04-28,41.4602394713262,42.3676184496549,41.230901927353,41.230901927353,128566.0,41.58,0.0,42.49,41.35,41.35,1.0,128566.0
2016-04-27,41.3405851005576,41.7793177933758,39.2566048096708,39.7352222927453,98305.0,41.46,0.0,41.9,39.37,39.85,1.0,98305.0
2016-04-26,39.5856543292845,40.5129757027413,36.1256487745586,36.1256487745586,67215.0,39.7,0.0,40.63,36.23,36.23,1.0,67215.0
2016-04-25,37.1227685309638,38.0301475092925,36.7139494308377,37.8506659531395,71738.0,37.23,0.0,38.14,36.82,37.96,1.0,71738.0
2016-04-22,37.7908387677552,38.2295714605735,37.6013860140382,37.6213284091663,256563.0,37.9,0.0,38.34,37.71,37.73,1.0,256563.0
2016-04-21,37.8008099653193,38.329283436214,37.4119332603213,38.2694562508297,79413.0,37.91,0.0,38.44,37.52,38.38,1.0,79413.0
2016-04-20,38.4289954118545,38.5985057704434,38.1198882873689,38.4688802021107,101916.0,38.54,0.0,38.71,38.23,38.58,1.0,101916.0
2016-04-19,38.5985057704434,39.10703684621,38.4888225972388,38.8976416973649,81066.0,38.71,0.0,39.22,38.6,39.01,1.0,81066.0
2016-04-18,38.7879585241604,39.3264031926191,38.6483617582636,38.8477857095447,76847.0,38.9,0.0,39.44,38.76,38.96,1.0,76847.0
2016-04-15,38.8976416973649,39.0671520559538,38.2694562508297,38.2694562508297,130585.0,39.01,0.0,39.18,38.38,38.38,1.0,130585.0
2016-04-14,38.3990818191624,39.5657119341564,37.8955363421778,38.7480737339042,89121.0,38.51,0.0,39.68,38.005,38.86,1.0,89121.0
2016-04-13,38.7381025363401,38.9674400803133,36.7638054186579,37.9204643360879,122204.0,38.85,0.0,39.08,36.87,38.03,1.0,122204.0
2016-04-12,37.7708963726271,38.0102051141643,37.5914148164742,37.7110691872428,47314.0,37.88,0.0,38.12,37.7,37.82,1.0,47314.0
2016-04-11,37.6711843969866,38.1099170898049,37.3172068834628,37.4318756554494,84561.0,37.78,0.0,38.22,37.425,37.54,1.0,84561.0
2016-04-08,37.3221924822448,37.5789508195191,36.7139494308377,37.2523940992964,119139.0,37.43,0.0,37.6875,36.82,37.36,1.0,119139.0
2016-04-07,36.9931429626311,37.0828837407076,36.5444390722488,36.8336038016063,51304.0,37.1,0.0,37.19,36.65,36.94,1.0,51304.0
2016-04-06,36.9632293699389,37.16265332122,36.3649575160958,36.8336038016063,178767.0,37.07,0.0,37.27,36.47,36.94,1.0,178767.0
2016-04-05,36.8934309869906,37.2424229017324,35.9262248232776,36.3450151209678,97646.0,37.0,0.0,37.35,36.03,36.45,1.0,97646.0
2016-04-04,36.584323862505,37.0928549382716,36.205418355071,37.0928549382716,35550.0,36.69,0.0,37.2,36.31,37.2,1.0,35550.0
2016-04-01,36.9333157772468,37.6512420018585,36.8934309869906,37.6213284091663,109331.0,37.04,0.0,37.76,37.0,37.73,1.0,109331.0
2016-03-31,37.750953977499,38.0301475092925,36.5643814673769,36.6541222454533,64384.0,37.86,0.0,38.14,36.67,36.76,1.0,64384.0
2016-03-30,36.6042662576331,37.1028261358357,35.8464552427652,36.0873593759127,57156.0,36.71,0.0,37.21,35.95,36.1916,1.0,57156.0
2016-03-29,35.8564264403292,36.0658215891743,35.0786730303332,35.0786730303332,96594.0,35.96,0.0,36.17,35.18,35.18,1.0,96594.0
2016-03-28,35.1484714132816,35.3379241669985,34.7795371034117,35.3279529694345,60982.0,35.25,0.0,35.44,34.88,35.43,1.0,60982.0
2016-03-24,35.1584426108456,35.5473193158436,34.3607468057215,34.9390762644365,46029.0,35.26,0.0,35.65,34.46,35.04,1.0,46029.0
2016-03-23,35.1185578205894,35.3977513523829,34.6100267448228,34.7396523131555,47072.0,35.22,0.0,35.5,34.71,34.84,1.0,47072.0
2016-03-22,34.9191338693084,35.4376361426391,34.2410924349529,34.4804011764901,65280.0,35.02,0.0,35.54,34.34,34.58,1.0,65280.0
2016-03-21,34.7895083009757,34.8792490790522,34.3408044105934,34.3806892008496,12833.0,34.89,0.0,34.98,34.44,34.48,1.0,12833.0
2016-03-18,34.5801131521306,35.0088746473848,34.3806892008496,34.4704299789261,22024.0,34.68,0.0,35.11,34.48,34.57,1.0,22024.0
2016-03-17,34.5402283618744,34.839364288796,33.9519277055954,34.271006027645,22614.0,34.64,0.0,34.94,34.05,34.37,1.0,22614.0
2016-03-16,34.071582076364,34.5003435716182,33.5032238152131,34.4106027935418,29199.0,34.17,0.0,34.6,33.6,34.51,1.0,29199.0
2016-03-15,34.1413804593124,36.0259367989181,33.9918124958516,35.9661096135338,50747.0,34.24,0.0,36.13,34.09,36.07,1.0,50747.0
2016-03-14,36.1555623672508,36.2453031453272,35.8963112305854,36.1356199721227,35565.0,36.26,0.0,36.35,36.0,36.24,1.0,35565.0
2016-03-11,36.0458791940462,36.2951591331475,35.5971753036639,35.806570452509,46078.0,36.15,0.0,36.4,35.7,35.91,1.0,46078.0
2016-03-10,35.5772329085358,35.6869160817403,35.0088746473848,35.3877801548188,43168.0,35.68,0.0,35.79,35.11,35.49,1.0,43168.0
2016-03-09,35.4575785377672,36.0957351818665,34.9191338693084,35.9960232062259,32894.0,35.56,0.0,36.2,35.02,36.1,1.0,32894.0
2016-03-08,36.1555623672508,36.584323862505,36.0757927867384,36.384899911224,60256.0,36.26,0.0,36.69,36.18,36.49,1.0,60256.0
2016-03-07,36.4746406893004,36.5045542819926,35.7068584768685,35.7068584768685,55652.0,36.58,0.0,36.61,35.81,35.81,1.0,55652.0
2016-03-04,35.9062824281495,36.6341798503252,35.5971753036639,36.195447157507,45430.0,36.01,0.0,36.74,35.7,36.3,1.0,45430.0
2016-03-03,36.2552743428913,36.3250727258396,35.4575785377672,35.4575785377672,54450.0,36.36,0.0,36.43,35.56,35.56,1.0,54450.0
2016-03-02,35.6071465012279,35.6071465012279,34.1214380641843,34.3408044105934,49382.0,35.71,0.0,35.71,34.22,34.44,1.0,49382.0
2016-03-01,34.5701419545666,34.6399403375149,34.1613228544405,34.2510636325169,37876.0,34.67,0.0,34.74,34.26,34.35,1.0,37876.0
2016-02-29,34.271006027645,34.5701419545666,33.9718701007235,34.1912364471326,37816.0,34.37,0.0,34.67,34.07,34.29,1.0,37816.0
2016-02-26,34.3806892008496,34.4903723740542,33.3935406420085,33.5231662103412,64505.0,34.48,0.0,34.59,33.49,33.62,1.0,64505.0
2016-02-25,33.5431086054693,33.7225901616222,33.2040878882915,33.2539438761118,24224.0,33.64,0.0,33.82,33.3,33.35,1.0,24224.0
2016-02-24,33.1841454931634,33.2439726785477,32.5958448368844,32.5958448368844,34146.0,33.28,0.0,33.34,32.69,32.69,1.0,34146.0
2016-02-23,33.104375912651,33.1741742955994,32.6058160344484,33.0146351345745,68417.0,33.2,0.0,33.27,32.7,33.11,1.0,68417.0
2016-02-22,33.1342895053432,33.4733102225209,32.9348655540621,33.0545199248307,58920.0,33.23,0.0,33.57,33.03,33.15,1.0,58920.0
2016-02-19,32.9647791467543,33.1442607029072,32.0474289708615,32.2667953172707,46352.0,33.06,0.0,33.24,32.14,32.36,1.0,46352.0
2016-02-18,32.3465648977831,32.8451247759857,32.1172273538099,32.2468529221426,79319.0,32.44,0.0,32.94,32.21,32.34,1.0,79319.0
2016-02-17,32.4063920831674,33.3137710614961,31.9676593903491,33.3137710614961,47812.0,32.5,0.0,33.41,32.06,33.41,1.0,47812.0
2016-02-16,32.9847215418824,33.4334254322647,32.4063920831674,33.4334254322647,51688.0,33.08,0.0,33.53,32.5,33.53,1.0,51688.0
2016-02-12,32.7055280100889,33.0046639370105,32.0474289708615,32.9747503443183,59954.0,32.8,0.0,33.1,32.14,33.07,1.0,59954.0
2016-02-11,32.8052399857295,32.9737532245619,32.0773425635537,32.6157872320125,101834.0,32.9,0.0,33.069,32.17,32.71,1.0,101834.0
2016-02-10,32.90495196137,33.0445487272667,32.1969969343223,32.1969969343223,77380.0,33.0,0.0,33.14,32.29,32.29,1.0,77380.0
2016-02-09,31.8480050195805,32.3864496880393,30.6714037070224,30.6714037070224,307079.0,31.94,0.0,32.48,30.76,30.76,1.0,307079.0
2016-02-08,31.5289266975309,32.0374577732975,30.9306548436878,32.0374577732975,381869.0,31.62,0.0,32.13,31.02,32.13,1.0,381869.0
2016-02-05,32.2867377123988,35.1783850059737,31.9078322049648,34.8892202766162,159364.0,32.38,0.0,35.28,32.0,34.99,1.0,159364.0
2016-02-04,34.4205739911058,34.9540330607826,34.1513516568764,34.3607468057215,73757.0,34.52,0.0,35.055,34.25,34.46,1.0,73757.0
2016-02-03,34.4903723740542,37.2324517041683,34.1214380641843,36.4746406893004,116675.0,34.59,0.0,37.34,34.22,36.58,1.0,116675.0
2016-02-02,36.1455911696867,38.2594850532656,36.1256487745586,38.129859484933,68850.0,36.25,0.0,38.37,36.23,38.24,1.0,68850.0
2016-02-01,38.8079009192885,46.4059534630957,37.4617892481415,42.1183385105536,125184.0,38.92,0.0,46.54,37.57,42.24,1.0,125184.0
2016-01-29,43.1453718596509,43.3747094036241,42.1183385105536,42.8163223400372,17248.0,43.27,0.0,43.5,42.24,42.94,1.0,17248.0
2016-01-28,42.586984796064,43.3049110206757,42.3177624618346,42.4473880301673,20122.0,42.71,0.0,43.43,42.44,42.57,1.0,20122.0
2016-01-27,41.9587993495287,42.8362647351653,41.6696346201713,42.8362647351653,12848.0,42.08,0.0,42.96,41.79,42.96,1.0,12848.0
2016-01-26,42.8063511424731,43.2151702425992,40.3634077392805,40.3634077392805,41422.0,42.93,0.0,43.34,40.48,40.48,1.0,41422.0
2016-01-25,40.6226588759458,42.3277336593987,40.4730909124851,41.6098074347869,34258.0,40.74,0.0,42.45,40.59,41.73,1.0,34258.0
2016-01-22,41.5998362372229,41.7294618055556,40.6126876783818,41.3904410883778,13323.0,41.72,0.0,41.85,40.73,41.51,1.0,13323.0
2016-01-21,40.3135517514602,41.4502682737621,40.0044446269746,41.4502682737621,19330.0,40.43,0.0,41.57,40.12,41.57,1.0,19330.0
2016-01-20,40.2038685782557,40.4730909124851,37.7808675701912,39.5756831317204,60390.0,40.32,0.0,40.59,37.89,39.69,1.0,60390.0
2016-01-19,39.4759711560799,40.1938973806916,37.9703203239081,40.1938973806916,43850.0,39.59,0.0,40.31,38.08,40.31,1.0,43850.0
2016-01-15,39.5357983414642,40.1839261831276,38.2495138557016,38.7580449314682,57124.0,39.65,0.0,40.3,38.36,38.87,1.0,57124.0
2016-01-14,39.685366304925,39.685366304925,37.4617892481415,39.10703684621,45688.0,39.8,0.0,39.8,37.57,39.22,1.0,45688.0
2016-01-13,38.9774112778774,41.4751962676722,38.6284193631355,41.3904410883778,72719.0,39.09,0.0,41.595,38.74,41.51,1.0,72719.0
2016-01-12,41.3804698908138,41.6696346201713,40.8819100126112,41.0913051614563,126862.0,41.5,0.0,41.79,41.0,41.21,1.0,126862.0
2016-01-11,40.6126876783818,41.8989721641444,40.453148517357,41.8989721641444,18369.0,40.73,0.0,42.02,40.57,42.02,1.0,18369.0
2016-01-08,41.5400090518386,42.8562071302934,41.4502682737621,42.1781656959379,219799.0,41.66,0.0,42.98,41.57,42.3,1.0,219799.0
2016-01-07,42.3077912642705,43.5940757500332,41.3555418969036,41.8391449787601,129515.0,42.43,0.0,43.72,41.475,41.96,1.0,129515.0
2016-01-06,42.3476760545268,43.4145941938803,41.9986841397849,43.3747094036241,13386.0,42.47,0.0,43.54,42.12,43.5,1.0,13386.0
2016-01-05,43.6638741329816,43.8632980842626,43.3846806011881,43.7785429049681,39678.0,43.79,0.0,43.99,43.51,43.905,1.0,39678.0
2016-01-04,43.6140181451613,44.8205330504115,43.4046229963162,43.8832404793907,18581.0,43.74,0.0,44.95,43.53,44.01,1.0,18581.0
