,adj_close,adj_high,adj_low,adj_open,adj_volume,close,ex_dividend,high,low,open,split_ratio,volume
2017-02-10,23.16,23.35,23.0,23.0,17815.0,23.16,0.0,23.35,23.0,23.0,1.0,17815.0
2017-02-09,23.0,23.25,22.81,23.13,18670.0,23.0,0.0,23.25,22.81,23.13,1.0,18670.0
2017-02-08,23.13,23.25,22.9,22.91,14263.0,23.13,0.0,23.25,22.9,22.91,1.0,14263.0
2017-02-07,22.99,23.16,22.58,22.67,18934.0,22.99,0.0,23.16,22.58,22.67,1.0,18934.0
2017-02-06,22.66,23.21,22.19,22.99,50242.0,22.66,0.0,23.21,22.19,22.99,1.0,50242.0
2017-02-03,22.97,23.22,21.17,21.17,42645.0,22.97,0.0,23.22,21.17,21.17,1.0,42645.0
2017-02-02,21.14,21.32,20.25,20.54,56783.0,21.14,0.0,21.32,20.25,20.54,1.0,56783.0
2017-02-01,20.5,20.8899,20.2759,20.74,55222.0,20.5,0.0,20.8899,20.2759,20.74,1.0,55222.0
2017-01-31,20.49,20.86,19.9,20.66,15481.0,20.49,0.0,20.86,19.9,20.66,1.0,15481.0
2017-01-30,20.7,20.98,20.35,20.35,20415.0,20.7,0.0,20.98,20.35,20.35,1.0,20415.0
2017-01-27,20.48,20.71,20.13,20.25,20858.0,20.48,0.0,20.71,20.13,20.25,1.0,20858.0
2017-01-26,20.11,20.34,19.6,19.92,10045.0,20.11,0.0,20.34,19.6,19.92,1.0,10045.0
2017-01-25,19.87,20.24,19.84,20.24,8095.0,19.87,0.0,20.24,19.84,20.24,1.0,8095.0
2017-01-24,20.21,20.35,19.77,20.22,10795.0,20.21,0.0,20.35,19.77,20.22,1.0,10795.0
2017-01-23,20.3,20.35,19.7768,20.25,12229.0,20.3,0.0,20.35,19.7768,20.25,1.0,12229.0
2017-01-20,20.12,20.4,19.475,19.475,7405.0,20.12,0.0,20.4,19.475,19.475,1.0,7405.0
2017-01-19,20.53,20.97,20.09,20.84,19633.0,20.53,0.0,20.97,20.09,20.84,1.0,19633.0
2017-01-18,20.79,20.81,18.5942,19.93,27837.0,20.79,0.0,20.81,18.5942,19.93,1.0,27837.0
2017-01-17,19.95,20.4093,19.58,20.4,19313.0,19.95,0.0,20.4093,19.58,20.4,1.0,19313.0
2017-01-13,20.41,20.73,19.69,20.32,14173.0,20.41,0.0,20.73,19.69,20.32,1.0,14173.0
2017-01-12,20.09,20.26,19.8622,20.16,12373.0,20.09,0.0,20.26,19.8622,20.16,1.0,12373.0
2017-01-11,20.17,20.45,20.015,20.2,17365.0,20.17,0.0,20.45,20.015,20.2,1.0,17365.0
2017-01-10,20.21,20.42,19.53,20.21,16709.0,20.21,0.0,20.42,19.53,20.21,1.0,16709.0
2017-01-09,20.3,20.58,19.5997,20.49,23529.0,20.3,0.0,20.58,19.5997,20.49,1.0,23529.0
2017-01-06,20.36,20.74,19.6348,20.61,16825.0,20.36,0.0,20.74,19.6348,20.61,1.0,16825.0
2017-01-05,20.53,20.79,19.75,19.7895,26642.0,20.53,0.0,20.79,19.75,19.7895,1.0,26642.0
2017-01-04,20.05,20.22,19.33,19.33,20699.0,20.05,0.0,20.22,19.33,19.33,1.0,20699.0
2017-01-03,19.33,19.48,19.0,19.39,26329.0,19.33,0.0,19.48,19.0,19.39,1.0,26329.0
2016-12-30,19.43,19.43,18.621,18.92,20414.0,19.43,0.0,19.43,18.621,18.92,1.0,20414.0
2016-12-29,18.86,19.82,18.82,19.82,16787.0,18.86,0.0,19.82,18.82,19.82,1.0,16787.0
2016-12-28,19.83,19.95,19.545,19.76,19232.0,19.83,0.0,19.95,19.545,19.76,1.0,19232.0
2016-12-27,19.75,19.99,19.5101,19.86,14432.0,19.75,0.0,19.99,19.5101,19.86,1.0,14432.0
2016-12-23,19.71,19.75,18.8652,19.28,16584.0,19.71,0.0,19.75,18.8652,19.28,1.0,16584.0
2016-12-22,19.28,19.4,18.73,18.92,24025.0,19.28,0.0,19.4,18.73,18.92,1.0,24025.0
2016-12-21,18.79,19.18,18.79,19.0,18128.0,18.79,0.0,19.18,18.79,19.0,1.0,18128.0
2016-12-20,18.97,19.2604,18.4667,18.59,28881.0,18.97,0.0,19.2604,18.4667,18.59,1.0,28881.0
2016-12-19,18.39,18.74,17.76,17.76,34607.0,18.39,0.0,18.74,17.76,17.76,1.0,34607.0
2016-12-16,18.1,18.11,17.56,17.72,169955.0,18.1,0.0,18.11,17.56,17.72,1.0,169955.0
2016-12-15,18.46,18.63,18.43,18.43,17050.0,18.46,0.0,18.63,18.43,18.43,1.0,17050.0
2016-12-14,18.59,19.4,18.1,19.4,27714.0,18.59,0.0,19.4,18.1,19.4,1.0,27714.0
2016-12-13,18.44,19.56,18.26,19.17,42394.0,18.44,0.0,19.56,18.26,19.17,1.0,42394.0
2016-12-12,19.04,19.75,18.5,19.65,26970.0,19.04,0.0,19.75,18.5,19.65,1.0,26970.0
2016-12-09,19.7,19.85,19.3441,19.6,11988.0,19.7,0.0,19.85,19.3441,19.6,1.0,11988.0
2016-12-08,19.69,19.87,19.15,19.39,27082.0,19.69,0.0,19.87,19.15,19.39,1.0,27082.0
2016-12-07,19.35,19.66,18.87,19.0,50593.0,19.35,0.0,19.66,18.87,19.0,1.0,50593.0
2016-12-06,18.87,18.95,18.18,18.83,38492.0,18.87,0.0,18.95,18.18,18.83,1.0,38492.0
2016-12-05,18.9,19.0,17.45,17.45,63542.0,18.9,0.0,19.0,17.45,17.45,1.0,63542.0
2016-12-02,17.15,18.22,16.7845,18.22,65661.0,17.15,0.0,18.22,16.7845,18.22,1.0,65661.0
2016-12-01,18.5,19.38,18.07,18.78,43761.0,18.5,0.0,19.38,18.07,18.78,1.0,43761.0
2016-11-30,19.0,19.0,17.0696,17.31,134773.0,19.0,0.0,19.0,17.0696,17.31,1.0,134773.0
2016-11-29,16.94,16.94,15.66,15.75,71814.0,16.94,0.0,16.94,15.66,15.75,1.0,71814.0
2016-11-28,15.66,15.72,15.28,15.28,21946.0,15.66,0.0,15.72,15.28,15.28,1.0,21946.0
2016-11-25,15.41,15.41,15.28,15.31,4444.0,15.41,0.0,15.41,15.28,15.31,1.0,4444.0
2016-11-23,15.35,15.35,15.1,15.1624,11695.0,15.35,0.0,15.35,15.1,15.1624,1.0,11695.0
2016-11-22,15.13,15.23,15.1,15.23,28102.0,15.13,0.0,15.23,15.1,15.23,1.0,28102.0
2016-11-21,15.15,15.35,15.06,15.17,26487.0,15.15,0.0,15.35,15.06,15.17,1.0,26487.0
2016-11-18,15.15,15.34,15.06,15.23,30517.0,15.15,0.0,15.34,15.06,15.23,1.0,30517.0
2016-11-17,15.23,15.28,15.15,15.15,51104.0,15.23,0.0,15.28,15.15,15.15,1.0,51104.0
2016-11-16,15.15,15.185,15.06,15.06,16081.0,15.15,0.0,15.185,15.06,15.06,1.0,16081.0
2016-11-15,15.095,15.3766,14.92,15.03,24132.0,15.095,0.0,15.3766,14.92,15.03,1.0,24132.0
2016-11-14,14.99,15.4,14.61,15.26,39028.0,14.99,0.0,15.4,14.61,15.26,1.0,39028.0
2016-11-11,15.17,15.17,14.98,14.98,13847.0,15.17,0.0,15.17,14.98,14.98,1.0,13847.0
2016-11-10,15.16,15.27,14.85,14.85,36267.0,15.16,0.0,15.27,14.85,14.85,1.0,36267.0
2016-11-09,14.79,14.79,14.59,14.59,8506.0,14.79,0.0,14.79,14.59,14.59,1.0,8506.0
2016-11-08,14.59,14.8,14.56,14.71,9292.0,14.59,0.0,14.8,14.56,14.71,1.0,9292.0
2016-11-07,14.83,14.85,14.67,14.71,7912.0,14.83,0.0,14.85,14.67,14.71,1.0,7912.0
2016-11-04,14.72,14.83,14.72,14.83,3054.0,14.72,0.0,14.83,14.72,14.83,1.0,3054.0
2016-11-03,14.79,14.81,14.72,14.72,5231.0,14.79,0.0,14.81,14.72,14.72,1.0,5231.0
2016-11-02,14.84,14.854,14.592,14.854,7234.0,14.84,0.0,14.854,14.592,14.854,1.0,7234.0
2016-11-01,14.84,14.8799,14.64,14.78,8747.0,14.84,0.0,14.8799,14.64,14.78,1.0,8747.0
2016-10-31,14.74,14.75,14.2575,14.446,6493.0,14.74,0.0,14.75,14.2575,14.446,1.0,6493.0
2016-10-28,14.79,14.8,14.61,14.713,7002.0,14.79,0.0,14.8,14.61,14.713,1.0,7002.0
2016-10-27,14.83,15.0,14.7878,14.86,4536.0,14.83,0.0,15.0,14.7878,14.86,1.0,4536.0
2016-10-26,14.8,14.9,14.76,14.88,8112.0,14.8,0.0,14.9,14.76,14.88,1.0,8112.0
2016-10-25,14.84,14.9,14.8,14.88,6231.0,14.84,0.0,14.9,14.8,14.88,1.0,6231.0
2016-10-24,14.87,14.928,14.47,14.78,28096.0,14.87,0.0,14.928,14.47,14.78,1.0,28096.0
2016-10-21,14.76,14.8754,14.69,14.75,23921.0,14.76,0.0,14.8754,14.69,14.75,1.0,23921.0
2016-10-20,14.93,14.9599,14.6948,14.6948,6891.0,14.93,0.0,14.9599,14.6948,14.6948,1.0,6891.0
2016-10-19,14.83,14.99,14.2501,14.45,48504.0,14.83,0.0,14.99,14.2501,14.45,1.0,48504.0
2016-10-18,14.27,14.6,14.151,14.44,18807.0,14.27,0.0,14.6,14.151,14.44,1.0,18807.0
2016-10-17,14.32,14.47,14.23,14.47,7305.0,14.32,0.0,14.47,14.23,14.47,1.0,7305.0
2016-10-14,14.3,14.63,14.29,14.63,2206.0,14.3,0.06,14.63,14.29,14.63,1.0,2206.0
2016-10-13,14.5489554317549,14.6485376044568,14.5489554317549,14.6485376044568,4699.0,14.61,0.0,14.71,14.61,14.71,1.0,4699.0
2016-10-12,14.7182451253482,14.758077994429,14.5190807799443,14.6479401114206,12576.0,14.78,0.0,14.82,14.58,14.7094,1.0,12576.0
2016-10-11,14.5987465181058,14.758077994429,14.5987465181058,14.6883704735376,7668.0,14.66,0.0,14.82,14.66,14.75,1.0,7668.0
2016-10-10,14.708286908078,14.7481197771588,14.6186629526462,14.6186629526462,2324.0,14.77,0.0,14.81,14.68,14.68,1.0,2324.0
2016-10-07,14.6684540389972,14.758077994429,14.6028293871866,14.758077994429,3386.0,14.73,0.0,14.82,14.6641,14.82,1.0,3386.0
2016-10-06,14.7481197771588,14.8277855153203,14.0311281337047,14.7979108635097,10967.0,14.81,0.0,14.89,14.09,14.86,1.0,10967.0
2016-10-05,14.8377437325905,14.8377437325905,14.6522221448468,14.8277855153203,8334.0,14.9,0.0,14.9,14.7137,14.89,1.0,8334.0
2016-10-04,14.7979108635097,14.8477019498607,14.7182451253482,14.8178272980501,16100.0,14.86,0.0,14.91,14.78,14.88,1.0,16100.0
2016-10-03,14.8377437325905,14.9273676880223,14.2302924791086,14.2402506963788,79939.0,14.9,0.0,14.99,14.29,14.3,1.0,79939.0
2016-09-30,14.1207520891365,14.1705431754875,13.9713788300836,14.1307103064067,56820.0,14.18,0.0,14.23,14.03,14.19,1.0,56820.0
2016-09-29,14.0610027855153,14.1207520891365,13.9514623955432,14.1207520891365,12393.0,14.12,0.0,14.18,14.01,14.18,1.0,12393.0
2016-09-28,14.1008356545961,14.4991643454039,13.8518802228412,14.0809192200557,13973.0,14.16,0.0,14.56,13.91,14.14,1.0,13973.0
2016-09-27,14.1406685236769,14.1406685236769,14.0410863509749,14.0410863509749,2160.0,14.2,0.0,14.2,14.1,14.1,1.0,2160.0
2016-09-26,14.1107938718663,14.4095403899721,14.0610027855153,14.2800835654596,18617.0,14.17,0.0,14.47,14.12,14.34,1.0,18617.0
2016-09-23,14.3896239554318,14.6186629526462,14.250208913649,14.5190807799443,9616.0,14.45,0.0,14.68,14.31,14.58,1.0,9616.0
2016-09-22,14.4991643454039,14.708286908078,14.4991643454039,14.6385793871866,4458.0,14.56,0.0,14.77,14.56,14.7,1.0,4458.0
2016-09-21,14.5887883008357,14.7779944289694,14.4991643454039,14.658495821727,5549.0,14.65,0.0,14.84,14.56,14.72,1.0,5549.0
2016-09-20,14.658495821727,14.8178272980501,14.6485376044568,14.7779944289694,4622.0,14.72,0.0,14.88,14.71,14.84,1.0,4622.0
2016-09-19,14.7182451253482,15.0966573816156,14.6286211699164,14.8377437325905,16951.0,14.78,0.0,15.16,14.69,14.9,1.0,16951.0
2016-09-16,14.8576601671309,15.0866991643454,14.658495821727,14.9970752089136,46416.0,14.92,0.0,15.15,14.72,15.06,1.0,46416.0
2016-09-15,14.9672005571031,15.0966573816156,14.4692896935933,14.4792479108635,26146.0,15.03,0.0,15.16,14.53,14.54,1.0,26146.0
2016-09-14,14.4692896935933,14.4892061281337,14.2900417827298,14.4394150417827,26599.0,14.53,0.0,14.55,14.35,14.5,1.0,26599.0
2016-09-13,14.4294568245125,14.4892061281337,14.3398328690808,14.4692896935933,10779.0,14.49,0.0,14.55,14.4,14.53,1.0,10779.0
2016-09-12,14.4792479108635,14.4892061281337,14.3697075208914,14.4294568245125,9632.0,14.54,0.0,14.55,14.43,14.49,1.0,9632.0
2016-09-09,14.4095403899721,14.4294568245125,14.3398328690808,14.3697075208914,6071.0,14.47,0.0,14.49,14.4,14.43,1.0,6071.0
2016-09-08,14.3398328690808,14.4194986072423,14.0410863509749,14.2800835654596,17633.0,14.4,0.0,14.48,14.1,14.34,1.0,17633.0
2016-09-07,14.3199164345404,14.4493732590529,14.3199164345404,14.4493732590529,16353.0,14.38,0.0,14.51,14.38,14.51,1.0,16353.0
2016-09-06,14.3995821727019,14.4493732590529,14.3199164345404,14.4394150417827,12334.0,14.46,0.0,14.51,14.38,14.5,1.0,12334.0
2016-09-02,14.4095403899721,14.4294568245125,14.3199164345404,14.3995821727019,3474.0,14.47,0.0,14.49,14.38,14.46,1.0,3474.0
2016-09-01,14.3398328690808,14.4294568245125,14.3099582172702,14.4194986072423,8443.0,14.4,0.0,14.49,14.37,14.48,1.0,8443.0
2016-08-31,14.3398328690808,14.4095403899721,14.3199164345404,14.3896239554318,13229.0,14.4,0.0,14.47,14.38,14.45,1.0,13229.0
2016-08-30,14.3896239554318,14.4194986072423,14.3199164345404,14.3746866295265,3932.0,14.45,0.0,14.48,14.38,14.435,1.0,3932.0
2016-08-29,14.3896239554318,14.3995821727019,14.250208913649,14.2701253481894,21026.0,14.45,0.0,14.46,14.31,14.33,1.0,21026.0
2016-08-26,14.3796657381616,14.3896239554318,14.1705431754875,14.250208913649,38016.0,14.44,0.0,14.45,14.23,14.31,1.0,38016.0
2016-08-25,14.250208913649,14.250208913649,14.1307103064067,14.1605849582173,23451.0,14.31,0.0,14.31,14.19,14.22,1.0,23451.0
2016-08-24,14.1307103064067,14.1605849582173,14.0908774373259,14.1307103064067,13502.0,14.19,0.0,14.22,14.15,14.19,1.0,13502.0
2016-08-23,14.1107938718663,14.1207520891365,14.0607040389972,14.1008356545961,10879.0,14.17,0.0,14.18,14.1197,14.16,1.0,10879.0
2016-08-22,14.0510445682451,14.0908774373259,14.0311281337047,14.0908774373259,13158.0,14.11,0.0,14.15,14.09,14.15,1.0,13158.0
2016-08-19,14.0610027855153,14.1307103064067,14.0311281337047,14.0709610027855,9743.0,14.12,0.0,14.19,14.09,14.13,1.0,9743.0
2016-08-18,14.0410863509749,14.1008356545961,13.991295264624,14.1008356545961,18825.0,14.1,0.0,14.16,14.05,14.16,1.0,18825.0
2016-08-17,14.0410863509749,14.0410863509749,13.941504178273,13.9813370473538,10520.0,14.1,0.0,14.1,14.0,14.04,1.0,10520.0
2016-08-16,13.9514623955432,13.991295264624,13.8220055710306,13.8672158774373,9863.0,14.01,0.0,14.05,13.88,13.9254,1.0,9863.0
2016-08-15,13.8120473537604,13.8817548746518,13.6527158774373,13.7224233983287,13679.0,13.87,0.0,13.94,13.71,13.78,1.0,13679.0
2016-08-12,13.7522980501393,14.1307103064067,13.4535515320334,13.6626740947075,17693.0,13.81,0.0,14.19,13.51,13.72,1.0,17693.0
2016-08-11,13.941504178273,13.941504178273,13.8316650417827,13.9116295264624,25855.0,14.0,0.0,14.0,13.8897,13.97,1.0,25855.0
2016-08-10,13.9315459610028,13.941504178273,13.9116295264624,13.9315459610028,9778.0,13.99,0.0,14.0,13.97,13.99,1.0,9778.0
2016-08-09,13.9315459610028,13.941504178273,13.9016713091922,13.941504178273,5156.0,13.99,0.0,14.0,13.96,14.0,1.0,5156.0
2016-08-08,13.9016713091922,13.9713788300836,13.9016713091922,13.9713788300836,12585.0,13.96,0.0,14.03,13.96,14.03,1.0,12585.0
2016-08-05,13.941504178273,14.021667827298,13.9076462395543,13.9076462395543,3307.0,14.0,0.0,14.0805,13.966,13.966,1.0,3307.0
2016-08-04,13.9713788300836,14.0112116991643,13.9514623955432,13.9813370473538,14160.0,14.03,0.0,14.07,14.01,14.04,1.0,14160.0
2016-08-03,14.0410863509749,14.1107938718663,13.941504178273,14.1107938718663,3675.0,14.1,0.0,14.17,14.0,14.17,1.0,3675.0
2016-08-02,14.0908774373259,14.1207520891365,13.9514623955432,13.9514623955432,9948.0,14.15,0.0,14.18,14.01,14.01,1.0,9948.0
2016-08-01,13.9923906685237,14.1207520891365,13.7522980501393,13.7522980501393,21753.0,14.0511,0.0,14.18,13.81,13.81,1.0,21753.0
2016-07-29,13.7025069637883,13.9713788300836,12.9357242339833,13.8817548746518,13469.0,13.76,0.0,14.03,12.99,13.94,1.0,13469.0
2016-07-28,13.9315459610028,14.1904596100279,13.8817548746518,14.1904596100279,11252.0,13.99,0.0,14.25,13.94,14.25,1.0,11252.0
2016-07-27,14.1755222841226,14.2701253481894,14.1107938718663,14.1107938718663,6170.0,14.235,0.0,14.33,14.17,14.17,1.0,6170.0
2016-07-26,14.0510445682451,14.250208913649,13.9037625348189,14.250208913649,22832.0,14.11,0.0,14.31,13.9621,14.31,1.0,22832.0
2016-07-25,14.2402506963788,14.5389972144847,14.1904596100279,14.5389972144847,12055.0,14.3,0.0,14.6,14.25,14.6,1.0,12055.0
2016-07-22,14.2103760445682,14.6230445682451,14.1904596100279,14.3298746518106,18130.0,14.27,0.0,14.6844,14.25,14.39,1.0,18130.0
2016-07-21,14.349791086351,14.5091225626741,14.2034052924791,14.2034052924791,12332.0,14.41,0.0,14.57,14.263,14.263,1.0,12332.0
2016-07-20,14.2402506963788,14.5389972144847,14.0112116991643,14.4394150417827,70123.0,14.3,0.0,14.6,14.07,14.5,1.0,70123.0
2016-07-19,14.3398328690808,14.3796657381616,14.1008356545961,14.1705431754875,16971.0,14.4,0.0,14.44,14.16,14.23,1.0,16971.0
2016-07-18,14.1008356545961,14.2302924791086,13.8518802228412,13.8518802228412,7198.0,14.16,0.0,14.29,13.91,13.91,1.0,7198.0
2016-07-15,13.8518802228412,14.1207520891365,13.7722144846797,13.9614206128134,16812.0,13.91,0.06,14.18,13.83,14.02,1.0,16812.0
2016-07-14,13.9014574605751,14.0303582786831,13.6951169971267,13.73289485228,3385.0,14.02,0.0,14.15,13.8119,13.85,1.0,3385.0
2016-07-13,13.643655824359,14.1245550303775,13.6337403768122,14.1245550303775,54061.0,13.76,0.0,14.245,13.75,14.245,1.0,54061.0
2016-07-12,13.9609501458557,14.2217264163358,13.9014574605751,14.2217264163358,8472.0,14.08,0.0,14.343,14.02,14.343,1.0,8472.0
2016-07-11,14.1493436492444,14.4666379707411,13.5990363103985,13.6337403768122,28916.0,14.27,0.0,14.59,13.715,13.75,1.0,28916.0
2016-07-08,13.5643322439848,13.5942768955761,13.4354314258768,13.5942768955761,6454.0,13.68,0.0,13.7102,13.55,13.7102,1.0,6454.0
2016-07-07,13.3065306077687,13.3858541881429,13.207376132301,13.207376132301,4147.0,13.42,0.0,13.5,13.32,13.32,1.0,4147.0
2016-07-06,13.2470379224881,13.2866997126752,13.0883907617397,13.0883907617397,12238.0,13.36,0.0,13.4,13.2,13.2,1.0,12238.0
2016-07-05,13.1181371043801,13.2866997126752,13.0883907617397,13.2866997126752,13445.0,13.23,0.0,13.4,13.2,13.4,1.0,13445.0
2016-07-01,13.2668688175816,13.2866997126752,12.9991517338188,13.2568542155594,9788.0,13.38,0.0,13.4,13.11,13.3699,1.0,9788.0
2016-06-30,12.989236286272,13.0586444190994,12.9495744960849,12.9694053911785,5233.0,13.1,0.0,13.17,13.06,13.08,1.0,5233.0
2016-06-29,12.9594899436317,12.989236286272,12.7711955947185,12.8305891255237,7659.0,13.07,0.0,13.1,12.8801,12.94,1.0,7659.0
2016-06-28,12.829399271818,12.8801663632575,12.5349104796789,12.6223647270414,9985.0,12.9388,0.0,12.99,12.6418,12.73,1.0,9985.0
2016-06-27,12.4835484613866,12.5132948040269,12.334816748185,12.3943094334657,9281.0,12.59,0.0,12.62,12.44,12.5,1.0,9281.0
2016-06-24,12.5232102515737,12.6917728598688,12.0382457120611,12.4934639089334,6747.0,12.63,0.0,12.8,12.1409,12.6,1.0,6747.0
2016-06-23,12.5926183844011,12.8458589147457,11.9580297414077,11.9976915315948,15467.0,12.7,0.0,12.9554,12.06,12.1,1.0,15467.0
2016-06-22,11.9778606365012,12.1464232447963,11.9580297414077,12.1365077972496,2918.0,12.08,0.0,12.25,12.06,12.24,1.0,2918.0
2016-06-21,12.1464232447963,12.1464232447963,12.0462772245739,12.1265923497028,3542.0,12.25,0.0,12.25,12.149,12.23,1.0,3542.0
2016-06-20,12.0125647029149,12.1464232447963,11.9183679512206,11.9183679512206,8094.0,12.115,0.0,12.25,12.02,12.02,1.0,8094.0
2016-06-17,11.9976915315948,12.1464232447963,11.9481142938609,12.116676902156,3630.0,12.1,0.0,12.25,12.05,12.22,1.0,3630.0
2016-06-16,12.1265923497028,12.2158313776238,11.9976915315948,12.2158313776238,4935.0,12.23,0.0,12.32,12.1,12.32,1.0,4935.0
2016-06-15,12.2257468251705,12.3149858530915,11.8092980282061,11.8092980282061,18499.0,12.33,0.0,12.42,11.91,11.91,1.0,18499.0
2016-06-14,11.9481142938609,11.987776084048,11.8489598183932,11.9679451889544,8272.0,12.05,0.0,12.09,11.95,12.07,1.0,8272.0
2016-06-13,11.9481142938609,11.9934278891497,11.9481142938609,11.9610043756717,2075.0,12.05,0.0,12.0957,12.05,12.063,1.0,2075.0
2016-06-10,11.9481142938609,11.9976915315948,11.898537056127,11.9976915315948,4079.0,12.05,0.0,12.1,12.0,12.1,1.0,4079.0
2016-06-09,11.9976915315948,12.0175224266883,11.9481142938609,11.9481142938609,1997.0,12.1,0.0,12.12,12.05,12.05,1.0,1997.0
2016-06-08,11.9381988463141,11.9481142938609,11.898537056127,11.9179713333187,5144.0,12.04,0.0,12.05,12.0,12.0196,1.0,5144.0
2016-06-07,11.9183679512206,11.9381988463141,11.8092980282061,11.8092980282061,4406.0,12.02,0.0,12.04,11.91,11.91,1.0,4406.0
2016-06-06,11.8092980282061,11.8886216085803,11.7597207904722,11.7597207904722,3349.0,11.91,0.0,11.99,11.86,11.86,1.0,3349.0
2016-06-03,11.7498053429254,11.8886216085803,11.6109890772706,11.8886216085803,11647.0,11.85,0.0,11.99,11.71,11.99,1.0,11647.0
2016-06-02,11.9282833987674,11.987776084048,11.8092980282061,11.8092980282061,7383.0,12.03,0.0,12.09,11.91,11.91,1.0,7383.0
2016-06-01,11.8197092481302,11.8787061610335,11.6010736297239,11.6010736297239,11953.0,11.9205,0.0,11.98,11.7,11.7,1.0,11953.0
2016-05-31,11.5217500493497,11.6109890772706,11.4027646787884,11.4027646787884,3990.0,11.62,0.0,11.71,11.5,11.5,1.0,3990.0
2016-05-27,11.5217500493497,11.8886216085803,11.5217500493497,11.8886216085803,2383.0,11.62,0.0,11.99,11.62,11.99,1.0,2383.0
2016-05-26,11.7993825806593,11.8192134757529,11.7993825806593,11.8192134757529,566.0,11.9,0.0,11.92,11.9,11.92,1.0,566.0
2016-05-25,11.7894671331125,11.7993825806593,11.7002281051916,11.7002281051916,1529.0,11.89,0.0,11.9,11.8,11.8,1.0,1529.0
2016-05-24,11.6209045248174,11.6506508674577,11.3531874410545,11.4265617529007,6387.0,11.72,0.0,11.75,11.45,11.524,1.0,6387.0
2016-05-23,11.4523419165223,11.6308199723642,11.4424264689755,11.6308199723642,1893.0,11.55,0.0,11.73,11.54,11.73,1.0,1893.0
2016-05-20,11.5019191542561,11.8687907134867,11.5019191542561,11.5019191542561,1361.0,11.6,0.0,11.97,11.6,11.6,1.0,1361.0
2016-05-19,11.451647835194,11.451647835194,11.451647835194,11.451647835194,223.0,11.5493,0.0,11.5493,11.5493,11.5493,1.0,223.0
2016-05-18,11.4820882591626,11.4920037067094,11.24411751804,11.24411751804,5109.0,11.58,0.0,11.59,11.34,11.34,1.0,5109.0
2016-05-17,11.2738638606804,11.4920037067094,11.2738638606804,11.4920037067094,7079.0,11.37,0.0,11.59,11.37,11.59,1.0,7079.0
2016-05-16,11.4424264689755,11.4424264689755,11.2837793082271,11.2837793082271,3811.0,11.54,0.0,11.54,11.38,11.38,1.0,3811.0
2016-05-13,11.3432719935078,11.4126801263352,11.3036102033207,11.3136248053429,3393.0,11.44,0.0,11.51,11.4,11.4101,1.0,3393.0
2016-05-12,11.3036102033207,11.4424264689755,11.3036102033207,11.4424264689755,832.0,11.4,0.0,11.54,11.4,11.54,1.0,832.0
2016-05-11,11.4920037067094,11.4920037067094,11.4325110214287,11.4325110214287,544.0,11.59,0.0,11.59,11.53,11.53,1.0,544.0
2016-05-10,11.5812427346303,11.5911581821771,11.24411751804,11.2540329655868,8610.0,11.68,0.0,11.69,11.34,11.35,1.0,8610.0
2016-05-09,11.2540329655868,11.7199598458097,11.2445141359419,11.3432719935078,13009.0,11.35,0.0,11.8199,11.3404,11.44,1.0,13009.0
2016-05-06,11.2540329655868,11.462257364069,11.0061467769175,11.462257364069,14114.0,11.35,0.0,11.56,11.1,11.56,1.0,14114.0
2016-05-05,11.4523419165223,11.7894671331125,11.4275532976553,11.7894671331125,12666.0,11.55,0.0,11.89,11.525,11.89,1.0,12666.0
2016-05-04,12.0670996644222,12.0670996644222,11.4939867962187,11.6010736297239,11315.0,12.17,0.0,12.17,11.592,11.7,1.0,11315.0
2016-05-03,11.5911581821771,11.5911581821771,11.4126801263352,11.4325110214287,2352.0,11.69,0.0,11.69,11.51,11.53,1.0,2352.0
2016-05-02,11.3829337836949,11.6209045248174,11.3829337836949,11.5118346018029,8767.0,11.48,0.0,11.72,11.48,11.61,1.0,8767.0
2016-04-29,11.4424264689755,11.5118346018029,11.4424264689755,11.5118346018029,353.0,11.54,0.0,11.61,11.54,11.61,1.0,353.0
2016-04-28,11.3631028886013,11.55149639199,11.204455727853,11.55149639199,1992.0,11.46,0.0,11.65,11.3,11.65,1.0,1992.0
2016-04-27,11.55149639199,11.5614118395368,11.204455727853,11.3928492312416,19897.0,11.65,0.0,11.66,11.3,11.49,1.0,19897.0
2016-04-26,11.397806955015,11.4027646787884,11.0136825170531,11.0854703572917,30414.0,11.495,0.0,11.5,11.1076,11.18,1.0,30414.0
2016-04-25,11.0854703572917,11.0854703572917,10.9069923014498,11.0850737393898,11016.0,11.18,0.0,11.18,11.0,11.1796,1.0,11016.0
2016-04-22,10.8078378259821,11.0854703572917,10.5103743995789,10.7880069308885,45540.0,10.9,0.0,11.18,10.6,10.88,1.0,45540.0
2016-04-21,10.748245986226,10.7880069308885,10.4112199241112,10.4112199241112,3474.0,10.8399,0.0,10.88,10.5,10.5,1.0,3474.0
2016-04-20,10.4916342037155,10.4916342037155,10.4916342037155,10.4916342037155,107.0,10.5811,0.0,10.5811,10.5811,10.5811,1.0,107.0
2016-04-19,10.4916342037155,10.5401207422192,10.4916342037155,10.5000623341302,1978.0,10.5811,0.0,10.63,10.5811,10.5896,1.0,1978.0
2016-04-18,10.4310508192047,10.678937007874,10.4211353716579,10.4409662667515,4036.0,10.52,0.0,10.77,10.51,10.53,1.0,4036.0
2016-04-15,10.7086833505143,10.7880069308885,10.4112199241112,10.4112199241112,4667.0,10.8,0.05,10.88,10.5,10.5,1.0,4667.0
2016-04-14,10.7185531047544,10.7185531047544,10.6099858081133,10.6099858081133,2133.0,10.86,0.0,10.86,10.75,10.75,1.0,2133.0
2016-04-13,10.4997406532513,10.4997406532513,10.4997406532513,10.4997406532513,554.0,10.6383,0.0,10.6383,10.6383,10.6383,1.0,554.0
2016-04-12,10.5606370369128,10.5606370369128,10.3632419521106,10.3829814605909,1270.0,10.7,0.0,10.7,10.5,10.52,1.0,1270.0
2016-04-11,10.5605383393703,10.679074087794,10.3632419521106,10.5212567174947,7418.0,10.6999,0.0,10.82,10.5,10.6601,1.0,7418.0
2016-04-08,10.5211580199523,10.5211580199523,10.5211580199523,10.5211580199523,32.0,10.66,0.0,10.66,10.66,10.66,1.0,32.0
2016-04-07,10.5211580199523,10.6593345793138,10.4619394945117,10.5606370369128,2398.0,10.66,0.0,10.8,10.6,10.7,1.0,2398.0
2016-04-06,10.5606370369128,10.6050509309932,10.491548757232,10.491548757232,3427.0,10.7,0.0,10.745,10.63,10.63,1.0,3427.0
2016-04-05,10.4619394945117,10.5802778478506,10.3632419521106,10.3786387687252,3672.0,10.6,0.0,10.7199,10.5,10.5156,1.0,3672.0
2016-04-04,10.1954561300289,10.6692043335539,10.1954561300289,10.5507672826726,3612.0,10.33,0.0,10.81,10.33,10.69,1.0,3612.0
2016-04-01,10.1855863757887,10.3632419521106,10.0671493249075,10.116498096108,4448.0,10.32,0.0,10.5,10.2,10.25,1.0,4448.0
2016-03-31,10.1757166215486,10.5310277741924,10.1757166215486,10.307477840654,2473.0,10.31,0.0,10.67,10.31,10.4435,1.0,2473.0
2016-03-30,10.3681768292307,10.3681768292307,10.1855863757887,10.1954561300289,4376.0,10.505,0.0,10.505,10.32,10.33,1.0,4376.0
2016-03-29,10.1954561300289,10.6001160538732,10.1559771130684,10.4125907233112,32795.0,10.33,0.0,10.74,10.29,10.55,1.0,32795.0
2016-03-28,10.5507672826726,10.5705067911529,10.3632419521106,10.3829814605909,7750.0,10.69,0.0,10.71,10.5,10.52,1.0,7750.0
2016-03-24,10.5606370369128,10.6435429725296,10.4316393489946,10.6297253165935,26890.0,10.7,0.0,10.784,10.5693,10.77,1.0,26890.0
2016-03-23,10.6252839271854,10.6252839271854,10.6252839271854,10.6252839271854,96.0,10.7655,0.0,10.7655,10.7655,10.7655,1.0,96.0
2016-03-22,10.6252839271854,10.7777716301951,10.4126894208536,10.4126894208536,1233.0,10.7655,0.0,10.92,10.5501,10.5501,1.0,1233.0
2016-03-21,10.6203490500654,10.6203490500654,10.6203490500654,10.6203490500654,389.0,10.7605,0.0,10.7605,10.7605,10.7605,1.0,389.0
2016-03-18,10.7382926132346,10.7382926132346,10.5902462996331,10.7382926132346,1900.0,10.88,0.0,10.88,10.73,10.88,1.0,1900.0
2016-03-17,10.7382926132346,10.7580321217149,10.4225591750937,10.4225591750937,5310.0,10.88,0.0,10.9,10.5601,10.5601,1.0,5310.0
2016-03-16,10.767901875955,10.767901875955,10.4126894208536,10.4126894208536,773.0,10.91,0.0,10.91,10.5501,10.5501,1.0,773.0
2016-03-15,10.6593345793138,10.6593345793138,10.6593345793138,10.6593345793138,356.0,10.8,0.0,10.8,10.8,10.8,1.0,356.0
2016-03-14,10.7481623674748,10.7875426868928,10.392851214831,10.392851214831,3958.0,10.89,0.0,10.9299,10.53,10.53,1.0,3958.0
2016-03-11,10.491548757232,10.7086833505143,10.3964043263574,10.5507672826726,2438.0,10.63,0.0,10.85,10.5336,10.69,1.0,2438.0
2016-03-10,10.4619394945117,10.6198555623534,10.1856850733311,10.1856850733311,7993.0,10.6,0.0,10.76,10.3201,10.3201,1.0,7993.0
2016-03-09,10.4520697402716,10.7777716301951,10.4520697402716,10.7777716301951,4976.0,10.59,0.0,10.92,10.59,10.92,1.0,4976.0
2016-03-08,10.4718092487518,10.7086833505143,10.3849554114389,10.3849554114389,2168.0,10.61,0.0,10.85,10.522,10.522,1.0,2168.0
2016-03-07,10.5211580199523,10.8172506471555,10.3533721978705,10.3533721978705,10605.0,10.66,0.0,10.96,10.49,10.49,1.0,10605.0
2016-03-04,10.5507672826726,10.6889438420341,10.4718092487518,10.5562943450471,13086.0,10.69,0.0,10.83,10.61,10.6956,1.0,13086.0
2016-03-03,10.5408975284325,10.7284228589945,10.4520697402716,10.6001160538732,1561.0,10.68,0.0,10.87,10.59,10.74,1.0,1561.0
2016-03-02,10.3435024436304,10.4619394945117,10.116498096108,10.1263678503481,14101.0,10.48,0.0,10.6,10.25,10.26,1.0,14101.0
2016-03-01,10.1362376045882,10.3137944833677,9.98819129098664,10.3137944833677,31665.0,10.27,0.0,10.4499,10.12,10.4499,1.0,31665.0
2016-02-29,9.67235915530327,10.3731117063507,9.62301038410274,10.1658468673085,16914.0,9.8,0.0,10.51,9.75,10.3,1.0,16914.0
2016-02-26,10.1954561300289,10.6099858081133,10.1659455648509,10.1659455648509,891.0,10.33,0.0,10.75,10.3001,10.3001,1.0,891.0
2016-02-25,10.1855863757887,10.3632419521106,10.1658468673085,10.3632419521106,7402.0,10.32,0.0,10.5,10.3,10.5,1.0,7402.0
2016-02-24,10.3533721978705,10.5902462996331,10.2151956385091,10.2151956385091,8024.0,10.49,0.0,10.73,10.35,10.35,1.0,8024.0
2016-02-23,10.3731117063507,10.4618407969693,10.3632419521106,10.4618407969693,1477.0,10.51,0.0,10.5999,10.5,10.5999,1.0,1477.0
2016-02-22,10.6395950708336,10.6494648250737,10.5902462996331,10.6389041880368,4343.0,10.78,0.0,10.79,10.73,10.7793,1.0,4343.0
2016-02-19,10.4224604775513,10.6593345793138,10.205325884269,10.6593345793138,5970.0,10.56,0.0,10.8,10.34,10.8,1.0,5970.0
2016-02-18,10.5695198157288,10.6732509327924,10.5211580199523,10.6099858081133,15239.0,10.709,0.0,10.8141,10.66,10.75,1.0,15239.0
2016-02-17,10.716973944076,10.7392795886587,10.6099858081133,10.6840089649141,4237.0,10.8584,0.0,10.881,10.75,10.825,1.0,4237.0
2016-02-16,10.7481623674748,10.7580321217149,10.6593345793138,10.6593345793138,2034.0,10.89,0.0,10.9,10.8,10.8,1.0,2034.0
2016-02-12,10.7777716301951,10.8271204013956,10.7086833505143,10.7481623674748,17102.0,10.92,0.0,10.97,10.85,10.89,1.0,17102.0
2016-02-11,10.6593345793138,10.7126312522104,10.6099858081133,10.6099858081133,11063.0,10.8,0.0,10.854,10.75,10.75,1.0,11063.0
2016-02-10,10.7481623674748,10.7481623674748,10.6099858081133,10.7254619327225,7240.0,10.89,0.0,10.89,10.75,10.867,1.0,7240.0
2016-02-09,10.6593345793138,10.7590190971389,10.6099858081133,10.7590190971389,10293.0,10.8,0.0,10.901,10.75,10.901,1.0,10293.0
2016-02-08,10.7580321217149,11.0343852404378,10.6593345793138,10.7777716301951,15194.0,10.9,0.0,11.18,10.8,10.92,1.0,15194.0
2016-02-05,10.9356876980368,10.9850364692373,10.8027421084225,10.8027421084225,10685.0,11.08,0.0,11.13,10.9453,10.9453,1.0,10685.0
2016-02-04,10.8764691725961,10.8764691725961,10.7580321217149,10.8577166395399,3437.0,11.02,0.0,11.02,10.9,11.001,1.0,3437.0
2016-02-03,10.8764691725961,10.9060784353164,10.8764691725961,10.8863389268362,1091.0,11.02,0.0,11.05,11.02,11.03,1.0,1091.0
2016-02-02,10.955427206517,11.0245154861977,10.7580321217149,10.7580321217149,9182.0,11.1,0.0,11.17,10.9,10.9,1.0,9182.0
2016-02-01,10.8221855242755,11.3699568846014,10.7580321217149,11.2021710625196,13029.0,10.965,0.0,11.52,10.9,11.35,1.0,13029.0
2016-01-29,11.1330827828389,11.1330827828389,10.7778703277375,10.7778703277375,6735.0,11.28,0.0,11.28,10.9201,10.9201,1.0,6735.0
2016-01-28,10.9652969607571,11.142952537079,10.7584269118845,11.142952537079,3383.0,11.11,0.0,11.29,10.9004,11.29,1.0,3383.0
2016-01-27,11.3206081134009,11.3600871303613,11.2219105709998,11.2219105709998,1097.0,11.47,0.0,11.51,11.37,11.37,1.0,1097.0
2016-01-26,11.1330827828389,11.3699568846014,11.0639945031581,11.0639945031581,1947.0,11.28,0.0,11.52,11.21,11.21,1.0,1947.0
2016-01-25,11.0738642573982,11.3699568846014,11.0738642573982,11.3699568846014,2532.0,11.22,0.0,11.52,11.22,11.52,1.0,2532.0
2016-01-22,11.3166602117048,11.3206081134009,11.2120408167597,11.3206081134009,1377.0,11.466,0.0,11.47,11.36,11.47,1.0,1377.0
2016-01-21,11.2219105709998,11.429175410042,10.7580321217149,10.7580321217149,17657.0,11.37,0.0,11.58,10.9,10.9,1.0,17657.0
2016-01-20,10.7580321217149,10.9060784353164,10.7580321217149,10.7580321217149,5331.0,10.9,0.0,11.05,10.9,10.9,1.0,5331.0
2016-01-19,10.7777716301951,11.3008686049207,10.7580321217149,11.2909988506805,5604.0,10.92,0.0,11.45,10.9,11.44,1.0,5604.0
2016-01-15,10.767901875955,10.9060784353164,10.6593345793138,10.7580321217149,15472.0,10.91,0.0,11.05,10.8,10.9,1.0,15472.0
2016-01-14,10.7580321217149,10.9810885675412,10.7580321217149,10.9356876980368,9419.0,10.9,0.05,11.126,10.9,11.08,1.0,9419.0
2016-01-13,10.7089086873691,10.7187333742383,10.7089086873691,10.7187333742383,2110.0,10.9,0.0,10.91,10.9,10.91,1.0,2110.0
2016-01-12,10.7677585617153,11.2885652126487,10.7482074348457,10.9465678627338,5418.0,10.9599,0.0,11.49,10.94,11.1419,1.0,5418.0
2016-01-11,10.7089086873691,11.0331233540509,10.7089086873691,10.8944970223273,12593.0,10.9,0.0,11.23,10.9,11.0889,1.0,12593.0
2016-01-08,11.1903183439573,11.7503254954986,10.905402424752,11.7503254954986,15694.0,11.39,0.0,11.96,11.1,11.96,1.0,15694.0
2016-01-07,11.3278639601253,11.7306761217603,11.2787405257796,11.6717280005454,6645.0,11.53,0.0,11.94,11.48,11.88,1.0,6645.0
2016-01-06,11.6815526874146,11.7994489298443,11.6717280005454,11.7896242429752,8891.0,11.89,0.0,12.01,11.88,12.0,1.0,8891.0
2016-01-05,11.6815526874146,11.9075204854049,11.6815526874146,11.7896242429752,5965.0,11.89,0.0,12.12,11.89,12.0,1.0,5965.0
2016-01-04,11.6717280005454,13.057008849095,11.6619033136763,13.057008849095,20902.0,11.88,0.0,13.29,11.87,13.29,1.0,20902.0
