,adj_close,adj_high,adj_low,adj_open,adj_volume,close,ex_dividend,high,low,open,split_ratio,volume
2017-02-10,3.8,3.8,3.8,3.8,80.0,3.8,0.0,3.8,3.8,3.8,1.0,80.0
2017-02-09,3.8,3.8,3.8,3.8,20.0,3.8,0.0,3.8,3.8,3.8,1.0,20.0
2017-02-08,3.8,3.9,3.5,3.75,48997.0,3.8,0.0,3.9,3.5,3.75,1.0,48997.0
2017-02-07,3.8,3.8,3.65,3.65,1961.0,3.8,0.0,3.8,3.65,3.65,1.0,1961.0
2017-02-06,3.8,3.85,3.65,3.75,1229.0,3.8,0.0,3.85,3.65,3.75,1.0,1229.0
2017-02-03,3.65,3.7,3.555,3.6,10788.0,3.65,0.0,3.7,3.555,3.6,1.0,10788.0
2017-02-02,3.7,3.7,3.45,3.6,7804.0,3.7,0.0,3.7,3.45,3.6,1.0,7804.0
2017-02-01,3.55,3.65,3.5,3.55,6814.0,3.55,0.0,3.65,3.5,3.55,1.0,6814.0
2017-01-31,3.5,3.55,3.3976,3.55,6704.0,3.5,0.0,3.55,3.3976,3.55,1.0,6704.0
2017-01-30,3.625,3.625,3.625,3.625,121.0,3.625,0.0,3.625,3.625,3.625,1.0,121.0
2017-01-27,3.75,3.75,3.65,3.65,600.0,3.75,0.0,3.75,3.65,3.65,1.0,600.0
2017-01-26,3.75,3.75,3.75,3.75,63.0,3.75,0.0,3.75,3.75,3.75,1.0,63.0
2017-01-25,3.75,3.75,3.74,3.75,1000.0,3.75,0.0,3.75,3.74,3.75,1.0,1000.0
2017-01-24,3.75,3.75,3.65,3.6524,1480.0,3.75,0.0,3.75,3.65,3.6524,1.0,1480.0
2017-01-23,3.7,3.75,3.6,3.75,1902.0,3.7,0.0,3.75,3.6,3.75,1.0,1902.0
2017-01-20,3.5,3.75,3.45,3.7,5400.0,3.5,0.0,3.75,3.45,3.7,1.0,5400.0
2017-01-19,3.75,3.8,3.5,3.6,19875.0,3.75,0.0,3.8,3.5,3.6,1.0,19875.0
2017-01-18,3.7,3.7,3.5,3.6,4268.0,3.7,0.0,3.7,3.5,3.6,1.0,4268.0
2017-01-17,3.75,3.8,3.5,3.75,11449.0,3.75,0.0,3.8,3.5,3.75,1.0,11449.0
2017-01-13,3.8,3.8,3.55,3.6224,5399.0,3.8,0.0,3.8,3.55,3.6224,1.0,5399.0
2017-01-12,3.6,3.9,3.405,3.69,17791.0,3.6,0.0,3.9,3.405,3.69,1.0,17791.0
2017-01-11,3.8,3.9,3.4602,3.5054,24768.0,3.8,0.0,3.9,3.4602,3.5054,1.0,24768.0
2017-01-10,3.85,4.15,3.65,3.65,69894.0,3.85,0.0,4.15,3.65,3.65,1.0,69894.0
2017-01-09,3.65,3.75,3.5,3.695,1300.0,3.65,0.0,3.75,3.5,3.695,1.0,1300.0
2017-01-06,3.7,3.7,3.45,3.5,4800.0,3.7,0.0,3.7,3.45,3.5,1.0,4800.0
2017-01-05,3.45,3.5,3.45,3.5,924.0,3.45,0.0,3.5,3.45,3.5,1.0,924.0
2017-01-04,3.5,3.5,3.35,3.5,4052.0,3.5,0.0,3.5,3.35,3.5,1.0,4052.0
2016-12-30,3.55,3.7,3.45,3.55,1512.0,3.55,0.0,3.7,3.45,3.55,1.0,1512.0
2016-12-29,3.7,3.7,3.4,3.55,1804.0,3.7,0.0,3.7,3.4,3.55,1.0,1804.0
2016-12-28,3.6,3.65,3.216,3.25,9593.0,3.6,0.0,3.65,3.216,3.25,1.0,9593.0
2016-12-27,3.25,3.45,3.15,3.45,4245.0,3.25,0.0,3.45,3.15,3.45,1.0,4245.0
2016-12-23,3.3,3.5,3.2,3.5,4350.0,3.3,0.0,3.5,3.2,3.5,1.0,4350.0
2016-12-22,3.505,3.775,3.45,3.65,3700.0,3.505,0.0,3.775,3.45,3.65,1.0,3700.0
2016-12-21,3.46,3.55,3.46,3.55,2236.0,3.46,0.0,3.55,3.46,3.55,1.0,2236.0
2016-12-20,3.7,3.9,3.55,3.7,12676.0,3.7,0.0,3.9,3.55,3.7,1.0,12676.0
2016-12-19,3.875,4.0,3.75,3.75,27820.0,3.875,0.0,4.0,3.75,3.75,1.0,27820.0
2016-12-16,3.6,3.85,3.55,3.75,2875.0,3.6,0.0,3.85,3.55,3.75,1.0,2875.0
2016-12-15,3.85,3.85,3.45,3.55,20789.0,3.85,0.0,3.85,3.45,3.55,1.0,20789.0
2016-12-14,3.8,3.85,3.5153,3.8,5359.0,3.8,0.0,3.85,3.5153,3.8,1.0,5359.0
2016-12-13,3.8,3.9,3.65,3.9,2812.0,3.8,0.0,3.9,3.65,3.9,1.0,2812.0
2016-12-12,3.9,3.9,3.6,3.7,4560.0,3.9,0.0,3.9,3.6,3.7,1.0,4560.0
2016-12-09,3.8,3.85,3.65,3.85,1363.0,3.8,0.0,3.85,3.65,3.85,1.0,1363.0
2016-12-08,3.75,3.9,3.6,3.7,2515.0,3.75,0.0,3.9,3.6,3.7,1.0,2515.0
2016-12-07,3.8,3.85,3.63,3.7,7822.0,3.8,0.0,3.85,3.63,3.7,1.0,7822.0
2016-12-06,3.8,3.85,3.6,3.65,9067.0,3.8,0.0,3.85,3.6,3.65,1.0,9067.0
2016-12-05,3.65,3.65,3.6,3.65,2400.0,3.65,0.0,3.65,3.6,3.65,1.0,2400.0
2016-12-02,3.65,3.65,3.5,3.5,2650.0,3.65,0.0,3.65,3.5,3.5,1.0,2650.0
2016-12-01,3.49,3.49,3.49,3.49,100.0,3.49,0.0,3.49,3.49,3.49,1.0,100.0
2016-11-30,3.6,3.6,3.25,3.25,9800.0,3.6,0.0,3.6,3.25,3.25,1.0,9800.0
2016-11-29,3.4,3.45,3.1,3.4,3696.0,3.4,0.0,3.45,3.1,3.4,1.0,3696.0
2016-11-28,3.5,3.5,3.4,3.5,302.0,3.5,0.0,3.5,3.4,3.5,1.0,302.0
2016-11-25,3.4,3.55,3.4,3.55,300.0,3.4,0.0,3.55,3.4,3.55,1.0,300.0
2016-11-23,3.5,3.6,3.2649,3.5,5899.0,3.5,0.0,3.6,3.2649,3.5,1.0,5899.0
2016-11-22,3.5,3.6284,3.4,3.4,10647.0,3.5,0.0,3.6284,3.4,3.4,1.0,10647.0
2016-11-21,3.3,3.65,3.3,3.65,9588.0,3.3,0.0,3.65,3.3,3.65,1.0,9588.0
2016-11-18,3.65,4.0861,3.4,3.55,57937.0,3.65,0.0,4.0861,3.4,3.55,1.0,57937.0
2016-11-17,3.55,3.75,3.05,3.5,65151.0,3.55,0.0,3.75,3.05,3.5,1.0,65151.0
2016-11-16,3.45,3.55,2.85,2.9,66793.0,3.45,0.0,3.55,2.85,2.9,1.0,66793.0
2016-11-15,3.0,3.05,2.705,3.05,11084.0,3.0,0.0,3.05,2.705,3.05,1.0,11084.0
2016-11-14,2.75,3.05,2.6,2.85,19853.0,2.75,0.0,3.05,2.6,2.85,1.0,19853.0
2016-11-11,3.0,3.0,2.85,3.0,1034.0,3.0,0.0,3.0,2.85,3.0,1.0,1034.0
2016-11-10,3.0,3.05,2.65,2.7,5148.0,3.0,0.0,3.05,2.65,2.7,1.0,5148.0
2016-11-09,2.8,2.8,2.65,2.65,1414.0,2.8,0.0,2.8,2.65,2.65,1.0,1414.0
2016-11-08,2.8,2.8,2.6,2.75,1318.0,2.8,0.0,2.8,2.6,2.75,1.0,1318.0
2016-11-07,2.8,2.8,2.45,2.5146,4015.0,2.8,0.0,2.8,2.45,2.5146,1.0,4015.0
2016-11-04,2.65,2.65,2.3582,2.5,5112.0,2.65,0.0,2.65,2.3582,2.5,1.0,5112.0
2016-11-03,2.65,2.65,2.5,2.5,5150.0,2.65,0.0,2.65,2.5,2.5,1.0,5150.0
2016-11-02,2.65,2.65,2.65,2.65,122.0,2.65,0.0,2.65,2.65,2.65,1.0,122.0
2016-11-01,2.6,2.6,2.55,2.55,1000.0,2.6,0.0,2.6,2.55,2.55,1.0,1000.0
2016-10-31,2.5899,2.5899,2.5899,2.5899,35.0,2.5899,0.0,2.5899,2.5899,2.5899,1.0,35.0
2016-10-28,2.5899,2.5989,2.4701,2.5989,2227.0,2.5899,0.0,2.5989,2.4701,2.5989,1.0,2227.0
2016-10-27,2.62,2.635,2.531,2.6189,1475.0,2.62,0.0,2.635,2.531,2.6189,1.0,1475.0
2016-10-26,2.69,2.73,2.28,2.65,38087.0,2.69,0.0,2.73,2.28,2.65,1.0,38087.0
2016-10-25,2.74,2.7793,2.534,2.73,28929.0,2.74,0.0,2.7793,2.534,2.73,1.0,28929.0
2016-10-24,2.73,3.1118,2.55,2.55,167043.0,2.73,0.0,3.1118,2.55,2.55,1.0,167043.0
2016-10-21,2.55,2.62,2.43,2.5627,22604.0,2.55,0.0,2.62,2.43,2.5627,1.0,22604.0
2016-10-20,2.64,2.66,2.45,2.5701,12548.0,2.64,0.0,2.66,2.45,2.5701,1.0,12548.0
2016-10-19,2.57,2.78,2.41,2.63,18083.0,2.57,0.0,2.78,2.41,2.63,1.0,18083.0
2016-10-18,2.6999,2.76,2.55,2.68,15117.0,2.6999,0.0,2.76,2.55,2.68,1.0,15117.0
2016-10-17,2.7999,2.8799,2.52,2.6692,12349.0,2.7999,0.0,2.8799,2.52,2.6692,1.0,12349.0
2016-10-14,2.85,2.86,2.7,2.83,673.0,2.85,0.0,2.86,2.7,2.83,1.0,673.0
2016-10-13,2.87,2.8799,2.75,2.82,3703.0,2.87,0.0,2.8799,2.75,2.82,1.0,3703.0
2016-10-12,2.88,2.88,2.71,2.8758,8736.0,2.88,0.0,2.88,2.71,2.8758,1.0,8736.0
2016-10-11,2.8734,2.9,2.8,2.8496,8310.0,2.8734,0.0,2.9,2.8,2.8496,1.0,8310.0
2016-10-10,2.85,2.85,2.85,2.85,2400.0,2.85,0.0,2.85,2.85,2.85,1.0,2400.0
2016-10-07,2.87,2.87,2.87,2.87,0.0,2.87,0.0,2.87,2.87,2.87,1.0,0.0
2016-10-06,2.87,2.93,2.84,2.9,1653.0,2.87,0.0,2.93,2.84,2.9,1.0,1653.0
2016-10-05,2.88,2.88,2.88,2.88,0.0,2.88,0.0,2.88,2.88,2.88,1.0,0.0
2016-10-04,2.88,2.9,2.84,2.84,5856.0,2.88,0.0,2.9,2.84,2.84,1.0,5856.0
2016-10-03,2.86,2.9,2.84,2.9,2618.0,2.86,0.0,2.9,2.84,2.9,1.0,2618.0
2016-09-30,2.95,2.97,2.9,2.9,7500.0,2.95,0.0,2.97,2.9,2.9,1.0,7500.0
2016-09-29,2.99,3.02,2.95,3.02,15288.0,2.99,0.0,3.02,2.95,3.02,1.0,15288.0
2016-09-28,2.92,2.99,2.84,2.94,25122.0,2.92,0.0,2.99,2.84,2.94,1.0,25122.0
2016-09-27,2.93,3.13,2.91,2.96,31614.0,2.93,0.0,3.13,2.91,2.96,1.0,31614.0
2016-09-26,2.96,3.09,2.9,3.05,21800.0,2.96,0.0,3.09,2.9,3.05,1.0,21800.0
2016-09-23,2.97,3.02,2.912,3.02,3221.0,2.97,0.0,3.02,2.912,3.02,1.0,3221.0
2016-09-22,2.99,3.16,2.89,3.1,31794.0,2.99,0.0,3.16,2.89,3.1,1.0,31794.0
2016-09-21,3.0,3.04,2.85,2.98,46522.0,3.0,0.0,3.04,2.85,2.98,1.0,46522.0
2016-09-20,2.92,3.09,2.911,2.97,13406.0,2.92,0.0,3.09,2.911,2.97,1.0,13406.0
2016-09-19,3.0,3.06,2.91,3.06,21304.0,3.0,0.0,3.06,2.91,3.06,1.0,21304.0
2016-09-16,2.9,3.21,2.84,2.91,86682.0,2.9,0.0,3.21,2.84,2.91,1.0,86682.0
2016-09-15,2.99,3.04,2.92,3.02,12122.0,2.99,0.0,3.04,2.92,3.02,1.0,12122.0
2016-09-14,2.98,3.086,2.96,2.98,11788.0,2.98,0.0,3.086,2.96,2.98,1.0,11788.0
2016-09-13,3.02,3.25,2.93,2.93,18034.0,3.02,0.0,3.25,2.93,2.93,1.0,18034.0
2016-09-12,3.09,3.1,2.9101,2.96,3865.0,3.09,0.0,3.1,2.9101,2.96,1.0,3865.0
2016-09-09,3.0,3.152,2.9001,3.15,4302.0,3.0,0.0,3.152,2.9001,3.15,1.0,4302.0
2016-09-08,3.2,3.42,2.9599,2.96,43421.0,3.2,0.0,3.42,2.9599,2.96,1.0,43421.0
2016-09-07,3.021,3.05,2.83,3.01,10322.0,3.021,0.0,3.05,2.83,3.01,1.0,10322.0
2016-09-06,2.9101,3.14,2.9101,3.08,14675.0,2.9101,0.0,3.14,2.9101,3.08,1.0,14675.0
2016-09-02,3.06,3.1,2.96,3.07,9558.0,3.06,0.0,3.1,2.96,3.07,1.0,9558.0
2016-09-01,3.0,3.1738,2.95,3.1738,12550.0,3.0,0.0,3.1738,2.95,3.1738,1.0,12550.0
2016-08-31,3.1999,3.1999,3.072,3.072,7311.0,3.1999,0.0,3.1999,3.072,3.072,1.0,7311.0
2016-08-30,3.19,3.19,3.1,3.16,2526.0,3.19,0.0,3.19,3.1,3.16,1.0,2526.0
2016-08-29,3.16,3.25,3.08,3.25,17904.0,3.16,0.0,3.25,3.08,3.25,1.0,17904.0
2016-08-26,3.19,3.285,3.091,3.091,2891.0,3.19,0.0,3.285,3.091,3.091,1.0,2891.0
2016-08-25,3.18,3.39,3.12,3.12,7057.0,3.18,0.0,3.39,3.12,3.12,1.0,7057.0
2016-08-24,3.19,3.3699,3.0701,3.2838,31411.0,3.19,0.0,3.3699,3.0701,3.2838,1.0,31411.0
2016-08-23,3.29,3.58,3.18,3.58,47224.0,3.29,0.0,3.58,3.18,3.58,1.0,47224.0
2016-08-22,3.6872,4.43,3.32,3.32,644497.0,3.6872,0.0,4.43,3.32,3.32,1.0,644497.0
2016-08-19,3.2001,3.6,3.16,3.16,86576.0,3.2001,0.0,3.6,3.16,3.16,1.0,86576.0
2016-08-18,3.17,3.18,2.9695,3.17,5470.0,3.17,0.0,3.18,2.9695,3.17,1.0,5470.0
2016-08-17,3.04,3.2078,2.92,3.2,24734.0,3.04,0.0,3.2078,2.92,3.2,1.0,24734.0
2016-08-16,3.15,3.5899,3.12,3.46,20717.0,3.15,0.0,3.5899,3.12,3.46,1.0,20717.0
2016-08-15,3.39,3.522,3.22,3.46,10579.0,3.39,0.0,3.522,3.22,3.46,1.0,10579.0
2016-08-12,3.43,3.52,3.35,3.39,9559.0,3.43,0.0,3.52,3.35,3.39,1.0,9559.0
2016-08-11,3.45,3.73,3.36,3.73,12085.0,3.45,0.0,3.73,3.36,3.73,1.0,12085.0
2016-08-10,3.53,3.7399,3.34,3.6,58932.0,3.53,0.0,3.7399,3.34,3.6,1.0,58932.0
2016-08-09,3.39,3.516,3.38,3.4628,9156.0,3.39,0.0,3.516,3.38,3.4628,1.0,9156.0
2016-08-08,3.5588,3.79,3.5201,3.79,8368.0,3.5588,0.0,3.79,3.5201,3.79,1.0,8368.0
2016-08-05,3.65,3.8,3.6,3.67,5959.0,3.65,0.0,3.8,3.6,3.67,1.0,5959.0
2016-08-04,3.72,3.76,3.373,3.3999,48362.0,3.72,0.0,3.76,3.373,3.3999,1.0,48362.0
2016-08-03,3.33,3.46,3.0701,3.1108,8520.0,3.33,0.0,3.46,3.0701,3.1108,1.0,8520.0
2016-08-02,3.21,3.21,3.0801,3.12,4344.0,3.21,0.0,3.21,3.0801,3.12,1.0,4344.0
2016-08-01,3.32,3.33,3.071,3.17,5900.0,3.32,0.0,3.33,3.071,3.17,1.0,5900.0
2016-07-29,3.33,3.33,3.1001,3.1418,7499.0,3.33,0.0,3.33,3.1001,3.1418,1.0,7499.0
2016-07-28,3.35,3.36,3.07,3.08,33416.0,3.35,0.0,3.36,3.07,3.08,1.0,33416.0
2016-07-27,3.174,3.33,3.1372,3.32,16711.0,3.174,0.0,3.33,3.1372,3.32,1.0,16711.0
2016-07-26,3.46,3.78,3.29,3.39,108514.0,3.46,0.0,3.78,3.29,3.39,1.0,108514.0
2016-07-25,3.26,3.5,3.2594,3.44,28698.0,3.26,0.0,3.5,3.2594,3.44,1.0,28698.0
2016-07-22,3.2,3.6479,3.003,3.04,248541.0,3.2,0.0,3.6479,3.003,3.04,1.0,248541.0
2016-07-21,2.84,3.0953,2.51,2.54,98930.0,2.84,0.0,3.0953,2.51,2.54,1.0,98930.0
2016-07-20,2.46,2.62,2.46,2.62,4556.0,2.46,0.0,2.62,2.46,2.62,1.0,4556.0
2016-07-19,2.55,2.6898,2.55,2.6121,5686.0,2.55,0.0,2.6898,2.55,2.6121,1.0,5686.0
2016-07-18,2.8187,2.916,2.53,2.53,27759.0,2.8187,0.0,2.916,2.53,2.53,1.0,27759.0
2016-07-15,2.52,2.63,2.51,2.63,11614.0,2.52,0.0,2.63,2.51,2.63,1.0,11614.0
2016-07-14,2.63,2.74,2.55,2.7,7670.0,2.63,0.0,2.74,2.55,2.7,1.0,7670.0
2016-07-13,2.6905,2.734,2.5811,2.6501,14629.0,2.6905,0.0,2.734,2.5811,2.6501,1.0,14629.0
2016-07-12,2.88,2.88,2.47,2.725,45946.0,2.88,0.0,2.88,2.47,2.725,1.0,45946.0
2016-07-11,2.88,3.09,2.81,2.96,93270.0,2.88,0.0,3.09,2.81,2.96,1.0,93270.0
2016-07-08,3.29,4.19,2.65,2.65,1339733.0,3.29,0.0,4.19,2.65,2.65,1.0,1339733.0
2016-07-07,2.21,2.25,2.14,2.25,1406.0,2.21,0.0,2.25,2.14,2.25,1.0,1406.0
2016-07-06,2.1,2.2,2.07,2.0701,12075.0,2.1,0.0,2.2,2.07,2.0701,1.0,12075.0
2016-07-05,2.17,2.35,2.1163,2.35,11393.0,2.17,0.0,2.35,2.1163,2.35,1.0,11393.0
2016-07-01,2.407,2.449,2.3399,2.3399,2289.0,2.407,0.0,2.449,2.3399,2.3399,1.0,2289.0
2016-06-30,2.46,2.8001,2.45,2.8001,23724.0,2.46,0.0,2.8001,2.45,2.8001,1.0,23724.0
2016-06-29,2.8501,3.33,2.55,2.8,151850.0,2.8501,0.0,3.33,2.55,2.8,1.0,151850.0
2016-06-28,2.95,3.0,2.22,2.4,67785.0,2.95,0.0,3.0,2.22,2.4,1.0,67785.0
2016-06-27,2.395,2.44,2.31,2.44,1554.0,2.395,0.0,2.44,2.31,2.44,1.0,1554.0
2016-06-24,2.4449,2.4449,2.32,2.43,1775.0,2.4449,0.0,2.4449,2.32,2.43,1.0,1775.0
2016-06-23,2.485,2.485,2.485,2.485,200.0,2.485,0.0,2.485,2.485,2.485,1.0,200.0
2016-06-22,2.49,2.49,2.49,2.49,18.0,2.49,0.0,2.49,2.49,2.49,1.0,18.0
2016-06-21,2.49,2.49,2.49,2.49,0.0,2.49,0.0,2.49,2.49,2.49,1.0,0.0
2016-06-20,2.49,2.49,2.49,2.49,226.0,2.49,0.0,2.49,2.49,2.49,1.0,226.0
2016-06-17,2.5,2.6,2.3728,2.6,5226.0,2.5,0.0,2.6,2.3728,2.6,1.0,5226.0
2016-06-16,2.6,2.6,2.6,2.6,501.0,2.6,0.0,2.6,2.6,2.6,1.0,501.0
2016-06-15,2.62,2.62,2.62,2.62,520.0,2.62,0.0,2.62,2.62,2.62,1.0,520.0
2016-06-14,2.64,2.64,2.26,2.3892,848.0,2.64,0.0,2.64,2.26,2.3892,1.0,848.0
2016-06-13,2.58,2.71,2.28,2.54,5369.0,2.58,0.0,2.71,2.28,2.54,1.0,5369.0
2016-06-10,2.33,2.54,2.25,2.41,3541.0,2.33,0.0,2.54,2.25,2.41,1.0,3541.0
2016-06-09,2.41,2.688,2.22,2.68,4126.0,2.41,0.0,2.688,2.22,2.68,1.0,4126.0
2016-06-08,2.5,2.68,2.1,2.68,13840.0,2.5,0.0,2.68,2.1,2.68,1.0,13840.0
2016-06-07,2.55,3.998,1.824,1.8499,357557.0,2.55,0.0,3.998,1.824,1.8499,1.0,357557.0
2016-06-06,1.8435,1.8435,1.8435,1.8435,0.0,1.8435,0.0,1.8435,1.8435,1.8435,1.0,0.0
2016-06-03,1.8435,1.85,1.77,1.77,1179.0,1.8435,0.0,1.85,1.77,1.77,1.0,1179.0
2016-06-02,1.8288,1.8288,1.7701,1.7701,2536.0,1.8288,0.0,1.8288,1.7701,1.7701,1.0,2536.0
2016-06-01,1.85,2.03,1.72,2.03,5640.0,1.85,0.0,2.03,1.72,2.03,1.0,5640.0
2016-05-31,1.93,1.93,1.93,1.93,28.0,1.93,0.0,1.93,1.93,1.93,1.0,28.0
2016-05-27,1.93,2.05,1.93,1.93,633.0,1.93,0.0,2.05,1.93,1.93,1.0,633.0
2016-05-26,2.0,2.0228,1.905,1.905,4233.0,2.0,0.0,2.0228,1.905,1.905,1.0,4233.0
2016-05-25,1.8021,1.82,1.7,1.82,8261.0,1.8021,0.0,1.82,1.7,1.82,1.0,8261.0
2016-05-24,2.1,2.1,2.1,2.1,5.0,2.1,0.0,2.1,2.1,2.1,1.0,5.0
2016-05-23,2.1,2.1,2.1,2.1,11.0,2.1,0.0,2.1,2.1,2.1,1.0,11.0
2016-05-20,2.1,2.1,2.1,2.1,142.0,2.1,0.0,2.1,2.1,2.1,1.0,142.0
2016-05-19,2.1,2.1,1.7501,1.94,682.0,2.1,0.0,2.1,1.7501,1.94,1.0,682.0
2016-05-18,1.94,1.94,1.4568,1.92,19237.0,1.94,0.0,1.94,1.4568,1.92,1.0,19237.0
2016-05-17,1.95,2.4841,1.95,2.4841,9619.0,1.95,0.0,2.4841,1.95,2.4841,1.0,9619.0
2016-05-16,1.99,2.45,1.9068,2.45,10898.0,1.99,0.0,2.45,1.9068,2.45,1.0,10898.0
2016-05-13,2.4,2.58,2.07,2.57,7839.0,2.4,0.0,2.58,2.07,2.57,1.0,7839.0
2016-05-12,2.6,2.6,2.6,2.6,0.0,2.6,0.0,2.6,2.6,2.6,1.0,0.0
2016-05-11,2.6,2.76,2.6,2.76,4920.0,2.6,0.0,2.76,2.6,2.76,1.0,4920.0
2016-05-10,2.84,3.01,2.83,3.01,1437.0,2.84,0.0,3.01,2.83,3.01,1.0,1437.0
2016-05-09,2.8,2.9,2.8,2.88,12249.0,2.8,0.0,2.9,2.8,2.88,1.0,12249.0
2016-05-06,3.04,3.04,3.04,3.04,0.0,3.04,0.0,3.04,3.04,3.04,1.0,0.0
2016-05-05,3.04,3.04,3.04,3.04,100.0,3.04,0.0,3.04,3.04,3.04,1.0,100.0
2016-05-04,3.1241,3.185,3.1241,3.185,600.0,3.1241,0.0,3.185,3.1241,3.185,1.0,600.0
2016-05-03,3.226,3.226,3.226,3.226,10.0,3.226,0.0,3.226,3.226,3.226,1.0,10.0
2016-05-02,3.226,3.226,3.226,3.226,0.0,3.226,0.0,3.226,3.226,3.226,1.0,0.0
2016-04-29,3.226,3.226,3.01,3.02,1094.0,3.226,0.0,3.226,3.01,3.02,1.0,1094.0
2016-04-28,3.242,3.299,3.01,3.01,1701.0,3.242,0.0,3.299,3.01,3.01,1.0,1701.0
2016-04-27,3.3,3.3,3.3,3.3,0.0,3.3,0.0,3.3,3.3,3.3,1.0,0.0
2016-04-26,3.3,3.3,3.3,3.3,2.0,3.3,0.0,3.3,3.3,3.3,1.0,2.0
2016-04-25,3.3,3.3,3.3,3.3,0.0,3.3,0.0,3.3,3.3,3.3,1.0,0.0
2016-04-22,3.3,3.3,3.3,3.3,0.0,3.3,0.0,3.3,3.3,3.3,1.0,0.0
2016-04-21,3.3,3.3,3.3,3.3,0.0,3.3,0.0,3.3,3.3,3.3,1.0,0.0
2016-04-20,3.3,3.3,3.3,3.3,2.0,3.3,0.0,3.3,3.3,3.3,1.0,2.0
2016-04-19,3.3,3.3,3.3,3.3,1.0,3.3,0.0,3.3,3.3,3.3,1.0,1.0
2016-04-18,3.3,3.34,3.04,3.04,3963.0,3.3,0.0,3.34,3.04,3.04,1.0,3963.0
2016-04-15,3.25,3.3,3.25,3.3,308.0,3.25,0.0,3.3,3.25,3.3,1.0,308.0
2016-04-14,3.37,3.37,3.37,3.37,0.0,3.37,0.0,3.37,3.37,3.37,1.0,0.0
2016-04-13,3.37,3.4,3.37,3.4,1642.0,3.37,0.0,3.4,3.37,3.4,1.0,1642.0
2016-04-12,3.3999,3.4,3.02,3.02,526.0,3.3999,0.0,3.4,3.02,3.02,1.0,526.0
2016-04-11,3.39,3.39,3.39,3.39,3.0,3.39,0.0,3.39,3.39,3.39,1.0,3.0
2016-04-08,3.39,3.3905,3.13,3.39,1360.0,3.39,0.0,3.3905,3.13,3.39,1.0,1360.0
2016-04-07,3.2328,3.2328,3.13,3.13,341.0,3.2328,0.0,3.2328,3.13,3.13,1.0,341.0
2016-04-06,3.43,3.43,3.1185,3.1185,2745.0,3.43,0.0,3.43,3.1185,3.1185,1.0,2745.0
2016-04-05,3.13,3.13,3.13,3.13,0.0,3.13,0.0,3.13,3.13,3.13,1.0,0.0
2016-04-04,3.13,3.13,3.13,3.13,2.0,3.13,0.0,3.13,3.13,3.13,1.0,2.0
2016-04-01,3.13,3.13,3.1085,3.11,4055.0,3.13,0.0,3.13,3.1085,3.11,1.0,4055.0
2016-03-31,3.15,3.17,3.01,3.01,2421.0,3.15,0.0,3.17,3.01,3.01,1.0,2421.0
2016-03-30,3.36,3.499,3.36,3.499,232.0,3.36,0.0,3.499,3.36,3.499,1.0,232.0
2016-03-29,3.15,3.3585,3.11,3.1185,3598.0,3.15,0.0,3.3585,3.11,3.1185,1.0,3598.0
2016-03-28,3.1,3.11,3.08,3.08,402.0,3.1,0.0,3.11,3.08,3.08,1.0,402.0
2016-03-24,2.9201,2.96,2.82,2.9,1180.0,2.9201,0.0,2.96,2.82,2.9,1.0,1180.0
2016-03-23,2.9219,3.15,2.85,3.01,1032.0,2.9219,0.0,3.15,2.85,3.01,1.0,1032.0
2016-03-22,3.13,3.13,3.13,3.13,0.0,3.13,0.0,3.13,3.13,3.13,1.0,0.0
2016-03-21,3.13,3.32,2.89,3.32,4301.0,3.13,0.0,3.32,2.89,3.32,1.0,4301.0
2016-03-18,3.04,3.31,2.94,3.18,5373.0,3.04,0.0,3.31,2.94,3.18,1.0,5373.0
2016-03-17,3.0,3.0,3.0,3.0,0.0,3.0,0.0,3.0,3.0,3.0,1.0,0.0
2016-03-16,3.0,3.0,3.0,3.0,0.0,3.0,0.0,3.0,3.0,3.0,1.0,0.0
2016-03-15,3.0,3.0,2.82,2.82,385.0,3.0,0.0,3.0,2.82,2.82,1.0,385.0
2016-03-14,2.82,2.88,2.82,2.87,432.0,2.82,0.0,2.88,2.82,2.87,1.0,432.0
2016-03-11,2.96,2.96,2.96,2.96,0.0,2.96,0.0,2.96,2.96,2.96,1.0,0.0
2016-03-10,2.96,2.96,2.96,2.96,1.0,2.96,0.0,2.96,2.96,2.96,1.0,1.0
2016-03-09,2.96,2.96,2.96,2.96,3.0,2.96,0.0,2.96,2.96,2.96,1.0,3.0
2016-03-08,2.96,3.08,2.92,2.92,636.0,2.96,0.0,3.08,2.92,2.92,1.0,636.0
2016-03-07,3.077,3.17,3.0,3.0,3202.0,3.077,0.0,3.17,3.0,3.0,1.0,3202.0
2016-03-04,3.16,3.16,3.16,3.16,190.0,3.16,0.0,3.16,3.16,3.16,1.0,190.0
2016-03-03,3.15,3.15,3.15,3.15,0.0,3.15,0.0,3.15,3.15,3.15,1.0,0.0
2016-03-02,3.15,3.15,3.15,3.15,0.0,3.15,0.0,3.15,3.15,3.15,1.0,0.0
2016-03-01,3.15,3.15,3.15,3.15,0.0,3.15,0.0,3.15,3.15,3.15,1.0,0.0
2016-02-29,3.15,3.15,3.15,3.15,93.0,3.15,0.0,3.15,3.15,3.15,1.0,93.0
2016-02-26,3.15,3.21,3.15,3.21,506.0,3.15,0.0,3.21,3.15,3.21,1.0,506.0
2016-02-25,3.12,3.415,3.12,3.415,699.0,3.12,0.0,3.415,3.12,3.415,1.0,699.0
2016-02-24,3.5,3.5,3.5,3.5,217.0,3.5,0.0,3.5,3.5,3.5,1.0,217.0
2016-02-23,3.4885,3.4885,3.4885,3.4885,12.0,3.4885,0.0,3.4885,3.4885,3.4885,1.0,12.0
2016-02-22,3.4885,3.4885,3.46,3.46,510.0,3.4885,0.0,3.4885,3.46,3.46,1.0,510.0
2016-02-19,3.4,3.4,3.4,3.4,10.0,3.4,0.0,3.4,3.4,3.4,1.0,10.0
2016-02-18,3.4,3.4,3.4,3.4,0.0,3.4,0.0,3.4,3.4,3.4,1.0,0.0
2016-02-17,3.4,3.4,3.4,3.4,18.0,3.4,0.0,3.4,3.4,3.4,1.0,18.0
2016-02-16,3.4,3.4,3.4,3.4,17.0,3.4,0.0,3.4,3.4,3.4,1.0,17.0
2016-02-12,3.4,3.5,3.33,3.5,1725.0,3.4,0.0,3.5,3.33,3.5,1.0,1725.0
2016-02-11,3.33,3.33,3.33,3.33,583.0,3.33,0.0,3.33,3.33,3.33,1.0,583.0
2016-02-10,3.4689,3.4689,3.33,3.4015,1381.0,3.4689,0.0,3.4689,3.33,3.4015,1.0,1381.0
2016-02-09,3.4,3.74,3.33,3.33,2311.0,3.4,0.0,3.74,3.33,3.33,1.0,2311.0
2016-02-08,3.3301,3.3301,3.3301,3.3301,4.0,3.3301,0.0,3.3301,3.3301,3.3301,1.0,4.0
2016-02-05,3.3301,3.3301,3.33,3.33,1300.0,3.3301,0.0,3.3301,3.33,3.33,1.0,1300.0
2016-02-04,3.2,3.2,3.2,3.2,0.0,3.2,0.0,3.2,3.2,3.2,1.0,0.0
2016-02-03,3.2,3.43,3.1,3.32,10607.0,3.2,0.0,3.43,3.1,3.32,1.0,10607.0
2016-02-02,3.35,3.62,3.18,3.62,4871.0,3.35,0.0,3.62,3.18,3.62,1.0,4871.0
2016-02-01,3.69,3.69,3.69,3.69,105.0,3.69,0.0,3.69,3.69,3.69,1.0,105.0
2016-01-29,3.6014,3.8,3.6,3.665,5527.0,3.6014,0.0,3.8,3.6,3.665,1.0,5527.0
2016-01-28,3.59,3.71,3.3901,3.71,3598.0,3.59,0.0,3.71,3.3901,3.71,1.0,3598.0
2016-01-27,3.4595,3.869,3.32,3.32,7515.0,3.4595,0.0,3.869,3.32,3.32,1.0,7515.0
2016-01-26,3.23,3.32,3.23,3.26,1110.0,3.23,0.0,3.32,3.23,3.26,1.0,1110.0
2016-01-25,3.28,3.3289,3.28,3.29,1110.0,3.28,0.0,3.3289,3.28,3.29,1.0,1110.0
2016-01-22,3.29,3.45,3.29,3.3689,2986.0,3.29,0.0,3.45,3.29,3.3689,1.0,2986.0
2016-01-21,3.2,3.3699,3.15,3.1668,6393.0,3.2,0.0,3.3699,3.15,3.1668,1.0,6393.0
2016-01-20,3.19,3.33,2.65,2.76,44054.0,3.19,0.0,3.33,2.65,2.76,1.0,44054.0
2016-01-19,2.87,2.87,2.87,2.87,64.0,2.87,0.0,2.87,2.87,2.87,1.0,64.0
2016-01-15,2.87,2.87,2.87,2.87,22.0,2.87,0.0,2.87,2.87,2.87,1.0,22.0
2016-01-14,2.87,2.999,2.85,2.87,1101.0,2.87,0.0,2.999,2.85,2.87,1.0,1101.0
2016-01-13,2.85,2.87,2.85,2.87,900.0,2.85,0.0,2.87,2.85,2.87,1.0,900.0
2016-01-12,2.85,2.85,2.85,2.85,1124.0,2.85,0.0,2.85,2.85,2.85,1.0,1124.0
2016-01-11,2.85,2.9089,2.8,2.8,553.0,2.85,0.0,2.9089,2.8,2.8,1.0,553.0
2016-01-08,2.7805,2.93,2.75,2.88,7553.0,2.7805,0.0,2.93,2.75,2.88,1.0,7553.0
2016-01-07,2.76,2.7601,2.65,2.7601,3612.0,2.76,0.0,2.7601,2.65,2.7601,1.0,3612.0
2016-01-06,2.72,3.08,2.72,2.76,41788.0,2.72,0.0,3.08,2.72,2.76,1.0,41788.0
2016-01-05,2.801,2.98,2.65,2.8099,17273.0,2.801,0.0,2.98,2.65,2.8099,1.0,17273.0
2016-01-04,2.9,3.05,2.82,2.93,704.0,2.9,0.0,3.05,2.82,2.93,1.0,704.0
