,adj_close,adj_high,adj_low,adj_open,adj_volume,close,ex_dividend,high,low,open,split_ratio,volume
2017-02-10,2.05,2.15,2.0,2.06,178505.0,2.05,0.0,2.15,2.0,2.06,1.0,178505.0
2017-02-09,2.15,2.275,2.025,2.1,267760.0,2.15,0.0,2.275,2.025,2.1,1.0,267760.0
2017-02-08,2.1,2.125,2.0,2.0,61030.0,2.1,0.0,2.125,2.0,2.0,1.0,61030.0
2017-02-07,2.0,2.1,1.987,2.05,29805.0,2.0,0.0,2.1,1.987,2.05,1.0,29805.0
2017-02-06,2.0,2.05,1.95,2.05,17685.0,2.0,0.0,2.05,1.95,2.05,1.0,17685.0
2017-02-03,2.0,2.05,2.0,2.0,19000.0,2.0,0.0,2.05,2.0,2.0,1.0,19000.0
2017-02-02,1.95,2.05,1.95,1.95,49133.0,1.95,0.0,2.05,1.95,1.95,1.0,49133.0
2017-02-01,2.0,2.1,1.95,1.99,17246.0,2.0,0.0,2.1,1.95,1.99,1.0,17246.0
2017-01-31,1.95,2.05,1.95,2.0,32743.0,1.95,0.0,2.05,1.95,2.0,1.0,32743.0
2017-01-30,2.0,2.05,2.0,2.0,9827.0,2.0,0.0,2.05,2.0,2.0,1.0,9827.0
2017-01-27,2.0,2.05,2.0,2.0,7544.0,2.0,0.0,2.05,2.0,2.0,1.0,7544.0
2017-01-26,2.05,2.1,2.005,2.05,14445.0,2.05,0.0,2.1,2.005,2.05,1.0,14445.0
2017-01-25,2.05,2.15,2.0,2.15,36269.0,2.05,0.0,2.15,2.0,2.15,1.0,36269.0
2017-01-24,2.05,2.2,2.0,2.01,37607.0,2.05,0.0,2.2,2.0,2.01,1.0,37607.0
2017-01-23,2.05,2.1,2.0,2.05,34054.0,2.05,0.0,2.1,2.0,2.05,1.0,34054.0
2017-01-20,2.1,2.1,2.05,2.05,8250.0,2.1,0.0,2.1,2.05,2.05,1.0,8250.0
2017-01-19,2.1,2.15,2.05,2.055,11805.0,2.1,0.0,2.15,2.05,2.055,1.0,11805.0
2017-01-18,2.125,2.15,2.1,2.145,19012.0,2.125,0.0,2.15,2.1,2.145,1.0,19012.0
2017-01-17,2.1,2.15,2.0,2.1,29811.0,2.1,0.0,2.15,2.0,2.1,1.0,29811.0
2017-01-13,2.05,2.15,2.05,2.137,18284.0,2.05,0.0,2.15,2.05,2.137,1.0,18284.0
2017-01-12,2.15,2.2,2.0,2.05,58091.0,2.15,0.0,2.2,2.0,2.05,1.0,58091.0
2017-01-11,2.0,2.05,1.95,1.95,20711.0,2.0,0.0,2.05,1.95,1.95,1.0,20711.0
2017-01-10,1.95,2.05,1.95,2.01,21176.0,1.95,0.0,2.05,1.95,2.01,1.0,21176.0
2017-01-09,1.95,2.0,1.95,1.95,13890.0,1.95,0.0,2.0,1.95,1.95,1.0,13890.0
2017-01-06,1.95,2.05,1.95,2.05,25108.0,1.95,0.0,2.05,1.95,2.05,1.0,25108.0
2017-01-05,1.95,2.15,1.95,2.05,40025.0,1.95,0.0,2.15,1.95,2.05,1.0,40025.0
2017-01-04,2.1,2.15,1.95,2.05,70225.0,2.1,0.0,2.15,1.95,2.05,1.0,70225.0
2017-01-03,1.95,2.15,1.905,1.95,54523.0,1.95,0.0,2.15,1.905,1.95,1.0,54523.0
2016-12-30,1.9,2.15,1.9,1.95,693928.0,1.9,0.0,2.15,1.9,1.95,1.0,693928.0
2016-12-29,1.95,2.0,1.9,1.9,63563.0,1.95,0.0,2.0,1.9,1.9,1.0,63563.0
2016-12-28,1.95,2.05,1.95,2.034,93103.0,1.95,0.0,2.05,1.95,2.034,1.0,93103.0
2016-12-27,2.05,2.15,2.0,2.0,40649.0,2.05,0.0,2.15,2.0,2.0,1.0,40649.0
2016-12-23,2.025,2.1,1.9,2.05,41666.0,2.025,0.0,2.1,1.9,2.05,1.0,41666.0
2016-12-22,2.05,2.15,2.05,2.06,11876.0,2.05,0.0,2.15,2.05,2.06,1.0,11876.0
2016-12-21,2.1,2.1,2.05,2.05,16869.0,2.1,0.0,2.1,2.05,2.05,1.0,16869.0
2016-12-20,2.1,2.1088,2.05,2.1,28013.0,2.1,0.0,2.1088,2.05,2.1,1.0,28013.0
2016-12-19,2.1,2.2,2.05,2.15,33437.0,2.1,0.0,2.2,2.05,2.15,1.0,33437.0
2016-12-16,2.1,2.2,2.1,2.15,10455.0,2.1,0.0,2.2,2.1,2.15,1.0,10455.0
2016-12-15,2.1,2.35,2.05,2.35,50022.0,2.1,0.0,2.35,2.05,2.35,1.0,50022.0
2016-12-14,2.25,2.3,2.25,2.25,6809.0,2.25,0.0,2.3,2.25,2.25,1.0,6809.0
2016-12-13,2.3,2.395,2.25,2.35,71549.0,2.3,0.0,2.395,2.25,2.35,1.0,71549.0
2016-12-12,2.35,2.4,2.25,2.3,46689.0,2.35,0.0,2.4,2.25,2.3,1.0,46689.0
2016-12-09,2.3,2.35,2.2,2.2,41487.0,2.3,0.0,2.35,2.2,2.2,1.0,41487.0
2016-12-08,2.25,2.35,2.21,2.25,36718.0,2.25,0.0,2.35,2.21,2.25,1.0,36718.0
2016-12-07,2.3,2.35,2.2,2.2,32803.0,2.3,0.0,2.35,2.2,2.2,1.0,32803.0
2016-12-06,2.2,2.3,2.15,2.2,19328.0,2.2,0.0,2.3,2.15,2.2,1.0,19328.0
2016-12-05,2.25,2.35,2.25,2.35,13678.0,2.25,0.0,2.35,2.25,2.35,1.0,13678.0
2016-12-02,2.35,2.35,2.3,2.3,12163.0,2.35,0.0,2.35,2.3,2.3,1.0,12163.0
2016-12-01,2.3,2.35,2.25,2.3,19599.0,2.3,0.0,2.35,2.25,2.3,1.0,19599.0
2016-11-30,2.25,2.35,2.15,2.25,17046.0,2.25,0.0,2.35,2.15,2.25,1.0,17046.0
2016-11-29,2.2,2.35,2.18,2.25,10645.0,2.2,0.0,2.35,2.18,2.25,1.0,10645.0
2016-11-28,2.25,2.4,2.2,2.3,16648.0,2.25,0.0,2.4,2.2,2.3,1.0,16648.0
2016-11-25,2.35,2.35,2.25,2.255,6427.0,2.35,0.0,2.35,2.25,2.255,1.0,6427.0
2016-11-23,2.35,2.4,2.25,2.3,46662.0,2.35,0.0,2.4,2.25,2.3,1.0,46662.0
2016-11-22,2.25,2.25,2.2,2.25,12662.0,2.25,0.0,2.25,2.2,2.25,1.0,12662.0
2016-11-21,2.2,2.4,2.15,2.4,43331.0,2.2,0.0,2.4,2.15,2.4,1.0,43331.0
2016-11-18,2.4,2.45,2.15,2.15,108383.0,2.4,0.0,2.45,2.15,2.15,1.0,108383.0
2016-11-17,2.15,2.2,1.905,2.15,52004.0,2.15,0.0,2.2,1.905,2.15,1.0,52004.0
2016-11-16,2.2,2.2,2.05,2.18,35823.0,2.2,0.0,2.2,2.05,2.18,1.0,35823.0
2016-11-15,2.2,2.2,1.975,2.005,48551.0,2.2,0.0,2.2,1.975,2.005,1.0,48551.0
2016-11-14,2.05,2.15,2.0,2.1,54852.0,2.05,0.0,2.15,2.0,2.1,1.0,54852.0
2016-11-11,2.05,2.05,2.0,2.05,11480.0,2.05,0.0,2.05,2.0,2.05,1.0,11480.0
2016-11-10,2.1,2.1,1.95,2.1,30640.0,2.1,0.0,2.1,1.95,2.1,1.0,30640.0
2016-11-09,2.1,2.1,1.9,1.95,57216.0,2.1,0.0,2.1,1.9,1.95,1.0,57216.0
2016-11-08,2.0,2.05,1.91,2.0,34339.0,2.0,0.0,2.05,1.91,2.0,1.0,34339.0
2016-11-07,2.05,2.15,1.9,2.0,90678.0,2.05,0.0,2.15,1.9,2.0,1.0,90678.0
2016-11-04,2.0,2.15,2.0,2.1,304363.0,2.0,0.0,2.15,2.0,2.1,1.0,304363.0
2016-11-03,2.2,2.25,1.85,1.85,43486.0,2.2,0.0,2.25,1.85,1.85,1.0,43486.0
2016-11-02,2.25,2.25,2.15,2.2,43445.0,2.25,0.0,2.25,2.15,2.2,1.0,43445.0
2016-11-01,2.25,2.35,2.2,2.35,43545.0,2.25,0.0,2.35,2.2,2.35,1.0,43545.0
2016-10-31,2.25,2.25,2.2,2.25,19624.0,2.25,0.0,2.25,2.2,2.25,1.0,19624.0
2016-10-28,2.205,2.27,2.11,2.11,47580.0,2.205,0.0,2.27,2.11,2.11,1.0,47580.0
2016-10-27,2.17,2.2,2.09,2.09,14476.0,2.17,0.0,2.2,2.09,2.09,1.0,14476.0
2016-10-26,2.16,2.31,1.95,2.0,67212.0,2.16,0.0,2.31,1.95,2.0,1.0,67212.0
2016-10-25,2.05,2.1258,2.05,2.1,6950.0,2.05,0.0,2.1258,2.05,2.1,1.0,6950.0
2016-10-24,2.07,2.15,1.9931,2.0,40272.0,2.07,0.0,2.15,1.9931,2.0,1.0,40272.0
2016-10-21,2.06,2.12,1.98,2.06,77046.0,2.06,0.0,2.12,1.98,2.06,1.0,77046.0
2016-10-20,2.07,2.09,2.06,2.06,9077.0,2.07,0.0,2.09,2.06,2.06,1.0,9077.0
2016-10-19,2.09,2.15,2.03,2.1,28127.0,2.09,0.0,2.15,2.03,2.1,1.0,28127.0
2016-10-18,2.1,2.14,2.07,2.1,6911.0,2.1,0.0,2.14,2.07,2.1,1.0,6911.0
2016-10-17,2.09,2.13,2.0111,2.13,33065.0,2.09,0.0,2.13,2.0111,2.13,1.0,33065.0
2016-10-14,2.1,2.14,2.06,2.1,14629.0,2.1,0.0,2.14,2.06,2.1,1.0,14629.0
2016-10-13,2.11,2.14,2.08,2.0896,8732.0,2.11,0.0,2.14,2.08,2.0896,1.0,8732.0
2016-10-12,2.15,2.19,2.13,2.151,18301.0,2.15,0.0,2.19,2.13,2.151,1.0,18301.0
2016-10-11,2.18,2.19,2.15,2.19,2876.0,2.18,0.0,2.19,2.15,2.19,1.0,2876.0
2016-10-10,2.19,2.2,2.14,2.14,17358.0,2.19,0.0,2.2,2.14,2.14,1.0,17358.0
2016-10-07,2.2,2.2,2.1,2.14,39449.0,2.2,0.0,2.2,2.1,2.14,1.0,39449.0
2016-10-06,2.14,2.14,2.09,2.1014,15853.0,2.14,0.0,2.14,2.09,2.1014,1.0,15853.0
2016-10-05,2.14,2.14,2.06,2.07,27350.0,2.14,0.0,2.14,2.06,2.07,1.0,27350.0
2016-10-04,2.07,2.14,2.06,2.14,29705.0,2.07,0.0,2.14,2.06,2.14,1.0,29705.0
2016-10-03,2.15,2.2,2.06,2.18,40728.0,2.15,0.0,2.2,2.06,2.18,1.0,40728.0
2016-09-30,2.18,2.19,2.1,2.12,53822.0,2.18,0.0,2.19,2.1,2.12,1.0,53822.0
2016-09-29,2.14,2.17,2.1,2.1,20267.0,2.14,0.0,2.17,2.1,2.1,1.0,20267.0
2016-09-28,2.1,2.25,2.07,2.0701,23751.0,2.1,0.0,2.25,2.07,2.0701,1.0,23751.0
2016-09-27,2.08,2.15,2.06,2.111,46811.0,2.08,0.0,2.15,2.06,2.111,1.0,46811.0
2016-09-26,2.16,2.22,2.11,2.1601,15665.0,2.16,0.0,2.22,2.11,2.1601,1.0,15665.0
2016-09-23,2.2,2.24,2.1201,2.15,36304.0,2.2,0.0,2.24,2.1201,2.15,1.0,36304.0
2016-09-22,2.17,2.305,2.17,2.25,23912.0,2.17,0.0,2.305,2.17,2.25,1.0,23912.0
2016-09-21,2.26,2.35,2.25,2.29,25692.0,2.26,0.0,2.35,2.25,2.29,1.0,25692.0
2016-09-20,2.33,2.33,2.22,2.26,23072.0,2.33,0.0,2.33,2.22,2.26,1.0,23072.0
2016-09-19,2.27,2.336,2.2,2.28,30186.0,2.27,0.0,2.336,2.2,2.28,1.0,30186.0
2016-09-16,2.3,2.31,2.23,2.27,15759.0,2.3,0.0,2.31,2.23,2.27,1.0,15759.0
2016-09-15,2.29,2.3,2.22,2.28,8314.0,2.29,0.0,2.3,2.22,2.28,1.0,8314.0
2016-09-14,2.3,2.3,2.23,2.25,27425.0,2.3,0.0,2.3,2.23,2.25,1.0,27425.0
2016-09-13,2.26,2.38,2.21,2.22,46944.0,2.26,0.0,2.38,2.21,2.22,1.0,46944.0
2016-09-12,2.28,2.35,2.21,2.27,11313.0,2.28,0.0,2.35,2.21,2.27,1.0,11313.0
2016-09-09,2.28,2.38,2.25,2.3382,8015.0,2.28,0.0,2.38,2.25,2.3382,1.0,8015.0
2016-09-08,2.39,2.46,2.31,2.31,100135.0,2.39,0.0,2.46,2.31,2.31,1.0,100135.0
2016-09-07,2.29,2.4,2.242,2.28,95469.0,2.29,0.0,2.4,2.242,2.28,1.0,95469.0
2016-09-06,2.28,2.34,2.23,2.23,36122.0,2.28,0.0,2.34,2.23,2.23,1.0,36122.0
2016-09-02,2.25,2.27,2.17,2.19,17504.0,2.25,0.0,2.27,2.17,2.19,1.0,17504.0
2016-09-01,2.16,2.2,2.11,2.15,22462.0,2.16,0.0,2.2,2.11,2.15,1.0,22462.0
2016-08-31,2.22,2.28,2.1474,2.16,24549.0,2.22,0.0,2.28,2.1474,2.16,1.0,24549.0
2016-08-30,2.18,2.34,2.06,2.32,107194.0,2.18,0.0,2.34,2.06,2.32,1.0,107194.0
2016-08-29,2.29,2.33,2.1311,2.17,31870.0,2.29,0.0,2.33,2.1311,2.17,1.0,31870.0
2016-08-26,2.185,2.2,2.09,2.11,48945.0,2.185,0.0,2.2,2.09,2.11,1.0,48945.0
2016-08-25,2.09,2.14,2.06,2.12,19682.0,2.09,0.0,2.14,2.06,2.12,1.0,19682.0
2016-08-24,2.14,2.14,2.07,2.1093,10285.0,2.14,0.0,2.14,2.07,2.1093,1.0,10285.0
2016-08-23,2.12,2.14,2.07,2.14,3304.0,2.12,0.0,2.14,2.07,2.14,1.0,3304.0
2016-08-22,2.14,2.19,2.096,2.14,17799.0,2.14,0.0,2.19,2.096,2.14,1.0,17799.0
2016-08-19,2.12,2.18,2.02,2.08,30203.0,2.12,0.0,2.18,2.02,2.08,1.0,30203.0
2016-08-18,2.1,2.1799,2.04,2.06,17045.0,2.1,0.0,2.1799,2.04,2.06,1.0,17045.0
2016-08-17,2.15,2.18,2.1,2.11,38039.0,2.15,0.0,2.18,2.1,2.11,1.0,38039.0
2016-08-16,2.1,2.14,2.05,2.14,26897.0,2.1,0.0,2.14,2.05,2.14,1.0,26897.0
2016-08-15,2.08,2.11,1.95,2.04,27986.0,2.08,0.0,2.11,1.95,2.04,1.0,27986.0
2016-08-12,2.02,2.08,1.99,2.04,7905.0,2.02,0.0,2.08,1.99,2.04,1.0,7905.0
2016-08-11,1.97,2.04,1.92,1.92,20886.0,1.97,0.0,2.04,1.92,1.92,1.0,20886.0
2016-08-10,1.94,2.02,1.9,1.91,33178.0,1.94,0.0,2.02,1.9,1.91,1.0,33178.0
2016-08-09,1.9,1.99,1.9,1.93,375017.0,1.9,0.0,1.99,1.9,1.93,1.0,375017.0
2016-08-08,1.9,2.18,1.9,2.05,158236.0,1.9,0.0,2.18,1.9,2.05,1.0,158236.0
2016-08-05,2.11,2.2267,2.1,2.16,35322.0,2.11,0.0,2.2267,2.1,2.16,1.0,35322.0
2016-08-04,2.2,2.25,2.16,2.205,66149.0,2.2,0.0,2.25,2.16,2.205,1.0,66149.0
2016-08-03,2.22,2.27,2.19,2.24,25310.0,2.22,0.0,2.27,2.19,2.24,1.0,25310.0
2016-08-02,2.25,2.26,2.2,2.2024,10060.0,2.25,0.0,2.26,2.2,2.2024,1.0,10060.0
2016-08-01,2.24,2.27,2.18,2.23,22500.0,2.24,0.0,2.27,2.18,2.23,1.0,22500.0
2016-07-29,2.19,2.24,2.17,2.21,11810.0,2.19,0.0,2.24,2.17,2.21,1.0,11810.0
2016-07-28,2.24,2.29,2.2,2.21,22104.0,2.24,0.0,2.29,2.2,2.21,1.0,22104.0
2016-07-27,2.23,2.25,2.16,2.19,23958.0,2.23,0.0,2.25,2.16,2.19,1.0,23958.0
2016-07-26,2.1899,2.21,2.15,2.15,8048.0,2.1899,0.0,2.21,2.15,2.15,1.0,8048.0
2016-07-25,2.12,2.18,2.08,2.1,86795.0,2.12,0.0,2.18,2.08,2.1,1.0,86795.0
2016-07-22,2.16,2.19,2.12,2.17,18951.0,2.16,0.0,2.19,2.12,2.17,1.0,18951.0
2016-07-21,2.16,2.29,2.11,2.29,9563.0,2.16,0.0,2.29,2.11,2.29,1.0,9563.0
2016-07-20,2.27,2.32,2.1,2.1,36621.0,2.27,0.0,2.32,2.1,2.1,1.0,36621.0
2016-07-19,2.11,2.22,2.09,2.17,45770.0,2.11,0.0,2.22,2.09,2.17,1.0,45770.0
2016-07-18,2.14,2.18,2.09,2.09,15137.0,2.14,0.0,2.18,2.09,2.09,1.0,15137.0
2016-07-15,2.11,2.32,2.08,2.32,66034.0,2.11,0.0,2.32,2.08,2.32,1.0,66034.0
2016-07-14,2.29,2.37,2.23,2.2599,17110.0,2.29,0.0,2.37,2.23,2.2599,1.0,17110.0
2016-07-13,2.31,2.3699,2.23,2.33,26101.0,2.31,0.0,2.3699,2.23,2.33,1.0,26101.0
2016-07-12,2.3,2.32,2.22,2.25,32718.0,2.3,0.0,2.32,2.22,2.25,1.0,32718.0
2016-07-11,2.25,2.27,2.17,2.2488,16421.0,2.25,0.0,2.27,2.17,2.2488,1.0,16421.0
2016-07-08,2.27,2.2912,2.1,2.2,78443.0,2.27,0.0,2.2912,2.1,2.2,1.0,78443.0
2016-07-07,2.21,2.2401,2.19,2.24,12082.0,2.21,0.0,2.2401,2.19,2.24,1.0,12082.0
2016-07-06,2.2,2.25,2.08,2.14,48249.0,2.2,0.0,2.25,2.08,2.14,1.0,48249.0
2016-07-05,2.16,2.27,2.1545,2.2301,3871.0,2.16,0.0,2.27,2.1545,2.2301,1.0,3871.0
2016-07-01,2.24,2.27,2.14,2.2,17446.0,2.24,0.0,2.27,2.14,2.2,1.0,17446.0
2016-06-30,2.18,2.375,2.18,2.29,35726.0,2.18,0.0,2.375,2.18,2.29,1.0,35726.0
2016-06-29,2.27,2.3,2.13,2.29,22224.0,2.27,0.0,2.3,2.13,2.29,1.0,22224.0
2016-06-28,2.3,2.31,2.12,2.14,28028.0,2.3,0.0,2.31,2.12,2.14,1.0,28028.0
2016-06-27,2.11,2.17,2.01,2.11,81866.0,2.11,0.0,2.17,2.01,2.11,1.0,81866.0
2016-06-24,2.22,2.25,2.04,2.15,55556.0,2.22,0.0,2.25,2.04,2.15,1.0,55556.0
2016-06-23,2.23,2.36,2.21,2.25,16729.0,2.23,0.0,2.36,2.21,2.25,1.0,16729.0
2016-06-22,2.22,2.35,2.2,2.29,20787.0,2.22,0.0,2.35,2.2,2.29,1.0,20787.0
2016-06-21,2.27,2.3899,2.2201,2.3899,18606.0,2.27,0.0,2.3899,2.2201,2.3899,1.0,18606.0
2016-06-20,2.26,2.4,2.24,2.4,55081.0,2.26,0.0,2.4,2.24,2.4,1.0,55081.0
2016-06-17,2.34,2.48,2.2,2.29,49920.0,2.34,0.0,2.48,2.2,2.29,1.0,49920.0
2016-06-16,2.35,2.444,2.05,2.09,432460.0,2.35,0.0,2.444,2.05,2.09,1.0,432460.0
2016-06-15,2.1,2.19,2.0612,2.075,154177.0,2.1,0.0,2.19,2.0612,2.075,1.0,154177.0
2016-06-14,2.135,2.2,2.08,2.1,111292.0,2.135,0.0,2.2,2.08,2.1,1.0,111292.0
2016-06-13,2.12,2.23,2.02,2.16,151592.0,2.12,0.0,2.23,2.02,2.16,1.0,151592.0
2016-06-10,2.19,2.23,2.16,2.2128,51806.0,2.19,0.0,2.23,2.16,2.2128,1.0,51806.0
2016-06-09,2.23,2.27,2.2,2.26,28877.0,2.23,0.0,2.27,2.2,2.26,1.0,28877.0
2016-06-08,2.26,2.3,2.18,2.18,73760.0,2.26,0.0,2.3,2.18,2.18,1.0,73760.0
2016-06-07,2.16,2.28,2.0463,2.15,326319.0,2.16,0.0,2.28,2.0463,2.15,1.0,326319.0
2016-06-06,2.15,2.31,2.11,2.2,221772.0,2.15,0.0,2.31,2.11,2.2,1.0,221772.0
2016-06-03,2.27,2.43,2.14,2.16,146753.0,2.27,0.0,2.43,2.14,2.16,1.0,146753.0
2016-06-02,2.13,2.18,2.05,2.05,171452.0,2.13,0.0,2.18,2.05,2.05,1.0,171452.0
2016-06-01,2.05,2.07,2.0112,2.02,91738.0,2.05,0.0,2.07,2.0112,2.02,1.0,91738.0
2016-05-31,2.01,2.07,2.01,2.07,31605.0,2.01,0.0,2.07,2.01,2.07,1.0,31605.0
2016-05-27,2.03,2.05,2.0,2.0,35094.0,2.03,0.0,2.05,2.0,2.0,1.0,35094.0
2016-05-26,2.02,2.04,2.0,2.0,48627.0,2.02,0.0,2.04,2.0,2.0,1.0,48627.0
2016-05-25,1.98,2.09,1.9,1.9,207170.0,1.98,0.0,2.09,1.9,1.9,1.0,207170.0
2016-05-24,1.88,2.05,1.86,1.99,116721.0,1.88,0.0,2.05,1.86,1.99,1.0,116721.0
2016-05-23,1.97,2.02,1.72,1.72,541380.0,1.97,0.0,2.02,1.72,1.72,1.0,541380.0
2016-05-20,1.53,1.6,1.5,1.55,164217.0,1.53,0.0,1.6,1.5,1.55,1.0,164217.0
2016-05-19,1.53,1.6,1.52,1.6,89393.0,1.53,0.0,1.6,1.52,1.6,1.0,89393.0
2016-05-18,1.6,1.6,1.5701,1.6,11027.0,1.6,0.0,1.6,1.5701,1.6,1.0,11027.0
2016-05-17,1.6,1.61,1.57,1.58,74726.0,1.6,0.0,1.61,1.57,1.58,1.0,74726.0
2016-05-16,1.59,1.72,1.56,1.72,94602.0,1.59,0.0,1.72,1.56,1.72,1.0,94602.0
2016-05-13,1.68,1.73,1.67,1.71,46155.0,1.68,0.0,1.73,1.67,1.71,1.0,46155.0
2016-05-12,1.71,1.73,1.68,1.71,13444.0,1.71,0.0,1.73,1.68,1.71,1.0,13444.0
2016-05-11,1.71,1.7625,1.67,1.75,85974.0,1.71,0.0,1.7625,1.67,1.75,1.0,85974.0
2016-05-10,1.77,1.77,1.6988,1.72,11432.0,1.77,0.0,1.77,1.6988,1.72,1.0,11432.0
2016-05-09,1.74,1.78,1.7,1.78,19364.0,1.74,0.0,1.78,1.7,1.78,1.0,19364.0
2016-05-06,1.76,2.03,1.73,2.03,36085.0,1.76,0.0,2.03,1.73,2.03,1.0,36085.0
2016-05-05,1.77,1.84,1.76,1.78,21224.0,1.77,0.0,1.84,1.76,1.78,1.0,21224.0
2016-05-04,1.8,1.83,1.78,1.78,38289.0,1.8,0.0,1.83,1.78,1.78,1.0,38289.0
2016-05-03,1.82,1.85,1.76,1.81,35426.0,1.82,0.0,1.85,1.76,1.81,1.0,35426.0
2016-05-02,1.82,1.88,1.8,1.84,16333.0,1.82,0.0,1.88,1.8,1.84,1.0,16333.0
2016-04-29,1.85,1.9,1.7311,1.77,63419.0,1.85,0.0,1.9,1.7311,1.77,1.0,63419.0
2016-04-28,1.77,1.85,1.75,1.84,66532.0,1.77,0.0,1.85,1.75,1.84,1.0,66532.0
2016-04-27,1.83,1.84,1.79,1.79,35432.0,1.83,0.0,1.84,1.79,1.79,1.0,35432.0
2016-04-26,1.81,1.81,1.8,1.8,28229.0,1.81,0.0,1.81,1.8,1.8,1.0,28229.0
2016-04-25,1.81,1.82,1.79,1.8,28946.0,1.81,0.0,1.82,1.79,1.8,1.0,28946.0
2016-04-22,1.8,1.82,1.78,1.8,239488.0,1.8,0.0,1.82,1.78,1.8,1.0,239488.0
2016-04-21,1.78,1.83,1.78,1.83,15381.0,1.78,0.0,1.83,1.78,1.83,1.0,15381.0
2016-04-20,1.825,1.84,1.78,1.79,81616.0,1.825,0.0,1.84,1.78,1.79,1.0,81616.0
2016-04-19,1.8,1.83,1.76,1.8,340191.0,1.8,0.0,1.83,1.76,1.8,1.0,340191.0
2016-04-18,1.8,1.83,1.77,1.77,24056.0,1.8,0.0,1.83,1.77,1.77,1.0,24056.0
2016-04-15,1.8,1.8299,1.8,1.82,35825.0,1.8,0.0,1.8299,1.8,1.82,1.0,35825.0
2016-04-14,1.8,1.88,1.78,1.85,10911.0,1.8,0.0,1.88,1.78,1.85,1.0,10911.0
2016-04-13,1.79,1.89,1.79,1.79,78547.0,1.79,0.0,1.89,1.79,1.79,1.0,78547.0
2016-04-12,1.78,1.91,1.78,1.83,45785.0,1.78,0.0,1.91,1.78,1.83,1.0,45785.0
2016-04-11,1.83,1.8999,1.79,1.82,47782.0,1.83,0.0,1.8999,1.79,1.82,1.0,47782.0
2016-04-08,1.82,1.8347,1.76,1.8,18352.0,1.82,0.0,1.8347,1.76,1.8,1.0,18352.0
2016-04-07,1.79,1.85,1.77,1.81,89881.0,1.79,0.0,1.85,1.77,1.81,1.0,89881.0
2016-04-06,1.81,1.89,1.8,1.89,50826.0,1.81,0.0,1.89,1.8,1.89,1.0,50826.0
2016-04-05,1.89,1.99,1.85,1.94,34254.0,1.89,0.0,1.99,1.85,1.94,1.0,34254.0
2016-04-04,1.91,2.0,1.76,2.0,34803.0,1.91,0.0,2.0,1.76,2.0,1.0,34803.0
2016-04-01,1.93,2.08,1.88,2.02,148817.0,1.93,0.0,2.08,1.88,2.02,1.0,148817.0
2016-03-31,2.0,2.12,1.95,2.08,211428.0,2.0,0.0,2.12,1.95,2.08,1.0,211428.0
2016-03-30,2.1,2.13,2.09,2.11,9204.0,2.1,0.0,2.13,2.09,2.11,1.0,9204.0
2016-03-29,2.1,2.15,2.066,2.08,80994.0,2.1,0.0,2.15,2.066,2.08,1.0,80994.0
2016-03-28,2.08,2.12,2.08,2.11,11429.0,2.08,0.0,2.12,2.08,2.11,1.0,11429.0
2016-03-24,2.12,2.12,1.96,2.08,42157.0,2.12,0.0,2.12,1.96,2.08,1.0,42157.0
2016-03-23,2.09,2.13,2.06,2.092,11450.0,2.09,0.0,2.13,2.06,2.092,1.0,11450.0
2016-03-22,2.1,2.13,2.024,2.024,15988.0,2.1,0.0,2.13,2.024,2.024,1.0,15988.0
2016-03-21,2.04,2.12,2.02,2.12,29091.0,2.04,0.0,2.12,2.02,2.12,1.0,29091.0
2016-03-18,2.12,2.12,2.05,2.12,80882.0,2.12,0.0,2.12,2.05,2.12,1.0,80882.0
2016-03-17,2.1,2.15,2.084,2.13,22714.0,2.1,0.0,2.15,2.084,2.13,1.0,22714.0
2016-03-16,2.12,2.14,2.041,2.08,35740.0,2.12,0.0,2.14,2.041,2.08,1.0,35740.0
2016-03-15,2.09,2.11,2.024,2.024,15418.0,2.09,0.0,2.11,2.024,2.024,1.0,15418.0
2016-03-14,2.09,2.14,2.0,2.03,23372.0,2.09,0.0,2.14,2.0,2.03,1.0,23372.0
2016-03-11,2.06,2.1,2.011,2.06,29124.0,2.06,0.0,2.1,2.011,2.06,1.0,29124.0
2016-03-10,2.0,2.05,2.0,2.05,47437.0,2.0,0.0,2.05,2.0,2.05,1.0,47437.0
2016-03-09,2.06,2.07,2.01,2.07,26313.0,2.06,0.0,2.07,2.01,2.07,1.0,26313.0
2016-03-08,2.04,2.13,2.0,2.04,39892.0,2.04,0.0,2.13,2.0,2.04,1.0,39892.0
2016-03-07,2.04,2.07,2.02,2.04,36826.0,2.04,0.0,2.07,2.02,2.04,1.0,36826.0
2016-03-04,2.07,2.08,1.926,1.926,56202.0,2.07,0.0,2.08,1.926,1.926,1.0,56202.0
2016-03-03,1.97,2.01,1.95,1.98,24647.0,1.97,0.0,2.01,1.95,1.98,1.0,24647.0
2016-03-02,2.01,2.03,1.89,1.93,33082.0,2.01,0.0,2.03,1.89,1.93,1.0,33082.0
2016-03-01,1.92,2.03,1.91,1.98,10916.0,1.92,0.0,2.03,1.91,1.98,1.0,10916.0
2016-02-29,1.95,2.04,1.95,2.01,16920.0,1.95,0.0,2.04,1.95,2.01,1.0,16920.0
2016-02-26,2.04,2.04,1.86,1.89,155038.0,2.04,0.0,2.04,1.86,1.89,1.0,155038.0
2016-02-25,1.84,1.91,1.81,1.9,22421.0,1.84,0.0,1.91,1.81,1.9,1.0,22421.0
2016-02-24,1.88,2.0059,1.835,1.93,70629.0,1.88,0.0,2.0059,1.835,1.93,1.0,70629.0
2016-02-23,1.98,2.03,1.85,1.87,53374.0,1.98,0.0,2.03,1.85,1.87,1.0,53374.0
2016-02-22,1.865,2.03,1.8301,2.02,49325.0,1.865,0.0,2.03,1.8301,2.02,1.0,49325.0
2016-02-19,2.0,2.05,1.85,1.99,54656.0,2.0,0.0,2.05,1.85,1.99,1.0,54656.0
2016-02-18,2.01,2.01,1.87,1.99,314359.0,2.01,0.0,2.01,1.87,1.99,1.0,314359.0
2016-02-17,2.0,2.06,1.75,1.82,201872.0,2.0,0.0,2.06,1.75,1.82,1.0,201872.0
2016-02-16,1.77,1.93,1.72,1.83,95970.0,1.77,0.0,1.93,1.72,1.83,1.0,95970.0
2016-02-12,1.82,1.8499,1.7,1.8,85709.0,1.82,0.0,1.8499,1.7,1.8,1.0,85709.0
2016-02-11,1.79,1.96,1.78,1.93,45139.0,1.79,0.0,1.96,1.78,1.93,1.0,45139.0
2016-02-10,1.95,1.97,1.66,1.81,255157.0,1.95,0.0,1.97,1.66,1.81,1.0,255157.0
2016-02-09,1.81,1.88,1.75,1.79,320408.0,1.81,0.0,1.88,1.75,1.79,1.0,320408.0
2016-02-08,1.82,1.894,1.51,1.7,596360.0,1.82,0.0,1.894,1.51,1.7,1.0,596360.0
2016-02-05,1.75,1.8392,1.62,1.65,2018594.0,1.75,0.0,1.8392,1.62,1.65,1.0,2018594.0
2016-02-04,2.04,2.2,2.02,2.145,76900.0,2.04,0.0,2.2,2.02,2.145,1.0,76900.0
2016-02-03,2.15,2.15,2.0,2.0,215258.0,2.15,0.0,2.15,2.0,2.0,1.0,215258.0
2016-02-02,2.0,2.07,1.96,2.07,44213.0,2.0,0.0,2.07,1.96,2.07,1.0,44213.0
2016-02-01,2.09,2.09,2.0,2.08,23650.0,2.09,0.0,2.09,2.0,2.08,1.0,23650.0
2016-01-29,2.11,2.22,2.02,2.02,92168.0,2.11,0.0,2.22,2.02,2.02,1.0,92168.0
2016-01-28,2.0,2.04,1.99,2.0,15475.0,2.0,0.0,2.04,1.99,2.0,1.0,15475.0
2016-01-27,2.0,2.11,1.98,2.02,29480.0,2.0,0.0,2.11,1.98,2.02,1.0,29480.0
2016-01-26,2.04,2.14,1.9788,2.03,75742.0,2.04,0.0,2.14,1.9788,2.03,1.0,75742.0
2016-01-25,2.0,2.17,2.0,2.17,20206.0,2.0,0.0,2.17,2.0,2.17,1.0,20206.0
2016-01-22,2.11,2.15,2.04,2.1,25375.0,2.11,0.0,2.15,2.04,2.1,1.0,25375.0
2016-01-21,2.01,2.1,1.95,2.05,14627.0,2.01,0.0,2.1,1.95,2.05,1.0,14627.0
2016-01-20,2.06,2.1,1.78,1.95,121320.0,2.06,0.0,2.1,1.78,1.95,1.0,121320.0
2016-01-19,1.98,2.0,1.79,1.96,54062.0,1.98,0.0,2.0,1.79,1.96,1.0,54062.0
2016-01-15,1.96,1.98,1.9,1.95,42635.0,1.96,0.0,1.98,1.9,1.95,1.0,42635.0
2016-01-14,1.98,1.99,1.81,1.94,39767.0,1.98,0.0,1.99,1.81,1.94,1.0,39767.0
2016-01-13,1.95,2.03,1.95,2.03,51653.0,1.95,0.0,2.03,1.95,2.03,1.0,51653.0
2016-01-12,1.99,2.1,1.99,2.05,78253.0,1.99,0.0,2.1,1.99,2.05,1.0,78253.0
2016-01-11,2.03,2.19,2.01,2.18,84302.0,2.03,0.0,2.19,2.01,2.18,1.0,84302.0
2016-01-08,2.16,2.32,2.12,2.28,80115.0,2.16,0.0,2.32,2.12,2.28,1.0,80115.0
2016-01-07,2.28,2.33,2.25,2.3,47137.0,2.28,0.0,2.33,2.25,2.3,1.0,47137.0
2016-01-06,2.34,2.38,2.31,2.3412,46833.0,2.34,0.0,2.38,2.31,2.3412,1.0,46833.0
2016-01-05,2.36,2.52,2.32,2.52,83911.0,2.36,0.0,2.52,2.32,2.52,1.0,83911.0
2016-01-04,2.5,2.59,2.41,2.51,84189.0,2.5,0.0,2.59,2.41,2.51,1.0,84189.0
