,adj_close,adj_high,adj_low,adj_open,adj_volume,close,ex_dividend,high,low,open,split_ratio,volume
2017-02-10,10.2,10.3,10.1766,10.1766,1593.0,10.2,0.0,10.3,10.1766,10.1766,1.0,1593.0
2017-02-09,10.2,10.2,10.1,10.1,581.0,10.2,0.0,10.2,10.1,10.1,1.0,581.0
2017-02-08,10.26,10.26,10.26,10.26,438.0,10.26,0.0,10.26,10.26,10.26,1.0,438.0
2017-02-07,10.05,10.05,10.05,10.05,15.0,10.05,0.0,10.05,10.05,10.05,1.0,15.0
2017-02-06,10.05,10.05,10.05,10.05,349.0,10.05,0.0,10.05,10.05,10.05,1.0,349.0
2017-02-03,10.3,10.4,10.2,10.4,709.0,10.3,0.0,10.4,10.2,10.4,1.0,709.0
2017-02-02,10.5,10.5,10.5,10.5,194.0,10.5,0.0,10.5,10.5,10.5,1.0,194.0
2017-02-01,10.5,10.5,10.1,10.1,554.0,10.5,0.0,10.5,10.1,10.1,1.0,554.0
2017-01-31,10.258,10.258,10.258,10.258,33.0,10.258,0.0,10.258,10.258,10.258,1.0,33.0
2017-01-30,10.258,10.258,10.25,10.25,2688.0,10.258,0.0,10.258,10.25,10.25,1.0,2688.0
2017-01-27,10.15,10.15,10.15,10.15,84.0,10.15,0.0,10.15,10.15,10.15,1.0,84.0
2017-01-26,10.15,10.15,10.15,10.15,854.0,10.15,0.0,10.15,10.15,10.15,1.0,854.0
2017-01-25,10.1362,10.1362,10.1362,10.1362,104.0,10.1362,0.0,10.1362,10.1362,10.1362,1.0,104.0
2017-01-24,10.15,10.15,10.055,10.15,752.0,10.15,0.0,10.15,10.055,10.15,1.0,752.0
2017-01-23,10.055,10.2645,10.055,10.15,1458.0,10.055,0.0,10.2645,10.055,10.15,1.0,1458.0
2017-01-20,10.15,10.15,10.15,10.15,528.0,10.15,0.0,10.15,10.15,10.15,1.0,528.0
2017-01-19,9.95,9.95,9.95,9.95,100.0,9.95,0.0,9.95,9.95,9.95,1.0,100.0
2017-01-18,9.9,10.5,9.9,10.5,10029.0,9.9,0.0,10.5,9.9,10.5,1.0,10029.0
2017-01-17,10.1,10.1,10.1,10.1,214.0,10.1,0.0,10.1,10.1,10.1,1.0,214.0
2017-01-13,10.15,10.15,10.1,10.1,424.0,10.15,0.0,10.15,10.1,10.1,1.0,424.0
2017-01-12,10.15,10.15,10.15,10.15,253.0,10.15,0.0,10.15,10.15,10.15,1.0,253.0
2017-01-11,10.15,10.15,10.1,10.15,2331.0,10.15,0.0,10.15,10.1,10.15,1.0,2331.0
2017-01-10,10.45,10.45,10.25,10.25,417.0,10.45,0.0,10.45,10.25,10.25,1.0,417.0
2017-01-09,10.1211,10.1211,10.1,10.1,1017.0,10.1211,0.0,10.1211,10.1,10.1,1.0,1017.0
2017-01-06,10.1,10.3115,10.1,10.3115,1023.0,10.1,0.0,10.3115,10.1,10.3115,1.0,1023.0
2017-01-04,10.4,10.405,9.855,10.0,7795.0,10.4,0.0,10.405,9.855,10.0,1.0,7795.0
2017-01-03,10.2866,10.2866,9.8,10.05,1326.0,10.2866,0.0,10.2866,9.8,10.05,1.0,1326.0
2016-12-30,10.05,10.05,9.8,9.8,516.0,10.05,0.0,10.05,9.8,9.8,1.0,516.0
2016-12-29,10.15,10.15,10.15,10.15,343.0,10.15,0.0,10.15,10.15,10.15,1.0,343.0
2016-12-28,10.15,10.18,10.15,10.15,1258.0,10.15,0.05,10.18,10.15,10.15,1.0,1258.0
2016-12-27,10.3056333333333,10.3056333333333,10.0007352941176,10.0007352941176,1664.0,10.3564,0.0,10.3564,10.05,10.05,1.0,1664.0
2016-12-23,10.1052205882353,10.1997549019608,10.1002450980392,10.1997549019608,1585.0,10.155,0.0,10.25,10.15,10.25,1.0,1585.0
2016-12-22,10.1997549019608,10.2495098039216,10.15,10.1997549019608,1516.0,10.25,0.0,10.3,10.2,10.25,1.0,1516.0
2016-12-21,10.15,10.9958333333333,10.1002450980392,10.2992647058824,84950.0,10.2,0.0,11.05,10.15,10.35,1.0,84950.0
2016-12-20,10.3490196078431,10.3490196078431,10.3490196078431,10.3490196078431,81.0,10.4,0.0,10.4,10.4,10.4,1.0,81.0
2016-12-19,10.3490196078431,10.3490196078431,10.3490196078431,10.3490196078431,382.0,10.4,0.0,10.4,10.4,10.4,1.0,382.0
2016-12-16,10.2802583333333,10.2802583333333,10.2802583333333,10.2802583333333,201.0,10.3309,0.0,10.3309,10.3309,10.3309,1.0,201.0
2016-12-15,10.5977941176471,10.5977941176471,10.2992647058824,10.2992647058824,441.0,10.65,0.0,10.65,10.35,10.35,1.0,441.0
2016-12-14,10.5977941176471,10.5977941176471,10.5977941176471,10.5977941176471,9.0,10.65,0.0,10.65,10.65,10.65,1.0,9.0
2016-12-13,10.5977941176471,10.5977941176471,10.1798529411765,10.1798529411765,678.0,10.65,0.0,10.65,10.23,10.23,1.0,678.0
2016-12-12,10.6475490196078,10.6475490196078,10.1997549019608,10.5032598039216,2953.0,10.7,0.0,10.7,10.25,10.555,1.0,2953.0
2016-12-09,10.5480392156863,10.5480392156863,10.4485294117647,10.4982843137255,7440.0,10.6,0.0,10.6,10.5,10.55,1.0,7440.0
2016-12-08,10.4982843137255,10.5480392156863,10.4982843137255,10.4982843137255,1580.0,10.55,0.0,10.6,10.55,10.55,1.0,1580.0
2016-12-07,10.4982843137255,10.4982843137255,10.2992647058824,10.2992647058824,3881.0,10.55,0.0,10.55,10.35,10.35,1.0,3881.0
2016-12-06,10.2495098039216,10.2495098039216,10.2495098039216,10.2495098039216,300.0,10.3,0.0,10.3,10.3,10.3,1.0,300.0
2016-12-05,10.2495098039216,10.2495098039216,10.2495098039216,10.2495098039216,208.0,10.3,0.0,10.3,10.3,10.3,1.0,208.0
2016-12-02,10.3147882352941,10.3147882352941,10.2495098039216,10.2495098039216,922.0,10.3656,0.0,10.3656,10.3,10.3,1.0,922.0
2016-12-01,10.1052205882353,10.1052205882353,10.1052205882353,10.1052205882353,132.0,10.155,0.0,10.155,10.155,10.155,1.0,132.0
2016-11-30,10.1052205882353,10.1052205882353,10.1052205882353,10.1052205882353,226.0,10.155,0.0,10.155,10.155,10.155,1.0,226.0
2016-11-29,10.15,10.15,10.15,10.15,94.0,10.2,0.0,10.2,10.2,10.2,1.0,94.0
2016-11-28,10.15,10.3559852941176,10.15,10.3559852941176,934.0,10.2,0.0,10.407,10.2,10.407,1.0,934.0
2016-11-25,10.6475490196078,10.6579975490196,10.6475490196078,10.6475490196078,2340.0,10.7,0.0,10.7105,10.7,10.7,1.0,2340.0
2016-11-23,10.6475490196078,10.6475490196078,10.6475490196078,10.6475490196078,1247.0,10.7,0.0,10.7,10.7,10.7,1.0,1247.0
2016-11-22,10.6973039215686,10.6973039215686,10.4982843137255,10.4982843137255,1116.0,10.75,0.0,10.75,10.55,10.55,1.0,1116.0
2016-11-21,10.5480392156863,10.731137254902,10.5480392156863,10.5480392156863,717.0,10.6,0.0,10.784,10.6,10.6,1.0,717.0
2016-11-18,10.6475490196078,10.6973039215686,10.5480392156863,10.6973039215686,806.0,10.7,0.0,10.75,10.6,10.75,1.0,806.0
2016-11-17,10.5480392156863,10.5480392156863,10.5480392156863,10.5480392156863,563.0,10.6,0.0,10.6,10.6,10.6,1.0,563.0
2016-11-16,10.5480392156863,10.5480392156863,10.5480392156863,10.5480392156863,325.0,10.6,0.0,10.6,10.6,10.6,1.0,325.0
2016-11-15,10.5638612745098,10.5638612745098,10.5480392156863,10.5480392156863,415.0,10.6159,0.0,10.6159,10.6,10.6,1.0,415.0
2016-11-14,10.5480392156863,10.5480392156863,10.5480392156863,10.5480392156863,216.0,10.6,0.0,10.6,10.6,10.6,1.0,216.0
2016-11-11,10.5032598039216,10.5480392156863,10.4982843137255,10.4982843137255,845.0,10.555,0.0,10.6,10.55,10.55,1.0,845.0
2016-11-10,10.5190818627451,10.5190818627451,10.5190818627451,10.5190818627451,200.0,10.5709,0.0,10.5709,10.5709,10.5709,1.0,200.0
2016-11-09,10.6939205882353,10.6939205882353,10.6939205882353,10.6939205882353,252.0,10.7466,0.0,10.7466,10.7466,10.7466,1.0,252.0
2016-11-08,10.6659583333333,10.6659583333333,10.6659583333333,10.6659583333333,187.0,10.7185,0.0,10.7185,10.7185,10.7185,1.0,187.0
2016-11-07,10.7470588235294,10.7470588235294,10.5480392156863,10.5480392156863,679.0,10.8,0.0,10.8,10.6,10.6,1.0,679.0
2016-11-04,10.5480392156863,10.5480392156863,10.5480392156863,10.5480392156863,48.0,10.6,0.0,10.6,10.6,10.6,1.0,48.0
2016-11-03,10.5480392156863,10.5480392156863,10.5480392156863,10.5480392156863,347.0,10.6,0.0,10.6,10.6,10.6,1.0,347.0
2016-11-02,10.5638612745098,10.5638612745098,10.5480392156863,10.5480392156863,493.0,10.6159,0.0,10.6159,10.6,10.6,1.0,493.0
2016-11-01,10.4982843137255,10.5480392156863,10.4982843137255,10.5480392156863,671.0,10.55,0.0,10.6,10.55,10.6,1.0,671.0
2016-10-31,10.4982843137255,10.4982843137255,10.4982843137255,10.4982843137255,310.0,10.55,0.0,10.55,10.55,10.55,1.0,310.0
2016-10-28,10.4982843137255,10.5480392156863,10.4485294117647,10.4485294117647,3496.0,10.55,0.0,10.6,10.5,10.5,1.0,3496.0
2016-10-27,10.4982843137255,10.4982843137255,10.4982843137255,10.4982843137255,49.0,10.55,0.0,10.55,10.55,10.55,1.0,49.0
2016-10-26,10.4982843137255,10.4982843137255,10.4485294117647,10.4485294117647,7061.0,10.55,0.0,10.55,10.5,10.5,1.0,7061.0
2016-10-25,10.4485294117647,10.5480392156863,10.0761637254902,10.0761637254902,4462.0,10.5,0.0,10.6,10.1258,10.1258,1.0,4462.0
2016-10-24,10.5480392156863,10.5480392156863,10.3490196078431,10.5480392156863,718.0,10.6,0.0,10.6,10.4,10.6,1.0,718.0
2016-10-21,10.5480392156863,10.5480392156863,10.0504901960784,10.4485294117647,28873.0,10.6,0.0,10.6,10.1,10.5,1.0,28873.0
2016-10-20,10.4485294117647,10.4485294117647,10.4485294117647,10.4485294117647,321.0,10.5,0.0,10.5,10.5,10.5,1.0,321.0
2016-10-19,10.4485294117647,10.4485294117647,10.4485294117647,10.4485294117647,17.0,10.5,0.0,10.5,10.5,10.5,1.0,17.0
2016-10-18,10.4485294117647,10.4485294117647,10.4485294117647,10.4485294117647,54.0,10.5,0.0,10.5,10.5,10.5,1.0,54.0
2016-10-17,10.4485294117647,10.4485294117647,10.4485294117647,10.4485294117647,39.0,10.5,0.0,10.5,10.5,10.5,1.0,39.0
2016-10-14,10.4485294117647,10.4485294117647,10.4485294117647,10.4485294117647,270.0,10.5,0.0,10.5,10.5,10.5,1.0,270.0
2016-10-13,10.4485294117647,10.4485294117647,10.4485294117647,10.4485294117647,166.0,10.5,0.0,10.5,10.5,10.5,1.0,166.0
2016-10-12,10.4485294117647,10.6541166666667,10.4485294117647,10.4642519607843,737.0,10.5,0.0,10.7066,10.5,10.5158,1.0,737.0
2016-10-11,10.468431372549,10.468431372549,10.468431372549,10.468431372549,38.0,10.52,0.0,10.52,10.52,10.52,1.0,38.0
2016-10-10,10.468431372549,10.468431372549,10.468431372549,10.468431372549,1.0,10.52,0.0,10.52,10.52,10.52,1.0,1.0
2016-10-07,10.468431372549,10.6375980392157,10.4287269607843,10.6375980392157,657.0,10.52,0.0,10.69,10.4801,10.69,1.0,657.0
2016-10-06,10.4286274509804,10.4286274509804,10.4286274509804,10.4286274509804,462.0,10.48,0.0,10.48,10.48,10.48,1.0,462.0
2016-10-05,10.5480392156863,10.5481387254902,10.4286274509804,10.4286274509804,4096.0,10.6,0.0,10.6001,10.48,10.48,1.0,4096.0
2016-10-04,10.4286274509804,10.4485294117647,10.2395588235294,10.2405539215686,1735.0,10.48,0.0,10.5,10.29,10.291,1.0,1735.0
2016-10-03,10.4485294117647,10.4982843137255,10.3291176470588,10.3291176470588,4931.0,10.5,0.0,10.55,10.38,10.38,1.0,4931.0
2016-09-30,10.2296078431373,10.2694117647059,10.2296078431373,10.2694117647059,513.0,10.28,0.0,10.32,10.28,10.32,1.0,513.0
2016-09-29,10.4982843137255,10.5405759803922,10.4120093137255,10.5405759803922,1057.0,10.55,0.0,10.5925,10.4633,10.5925,1.0,1057.0
2016-09-28,10.2594607843137,10.4485294117647,10.0902941176471,10.0902941176471,8188.0,10.31,0.05,10.5,10.14,10.14,1.0,8188.0
2016-09-27,10.3881991918389,10.4080051006889,10.1010135135135,10.4080051006889,3963.0,10.49,0.0,10.51,10.2,10.51,1.0,3963.0
2016-09-26,10.3981021462639,10.3981021462639,10.2099460121887,10.3832477146264,4414.0,10.5,0.0,10.5,10.31,10.485,1.0,4414.0
2016-09-23,10.5664523714891,10.5664523714891,10.5664523714891,10.5664523714891,37.0,10.67,0.0,10.67,10.67,10.67,1.0,37.0
2016-09-22,10.5664523714891,10.5664523714891,10.5053511426868,10.5053511426868,1072.0,10.67,0.0,10.67,10.6083,10.6083,1.0,1072.0
2016-09-21,10.497131690514,10.497131690514,10.497131690514,10.497131690514,185.0,10.6,0.0,10.6,10.6,10.6,1.0,185.0
2016-09-20,10.3981021462639,10.3981021462639,10.2000430577636,10.2792666931638,3766.0,10.5,0.0,10.5,10.3,10.38,1.0,3766.0
2016-09-19,10.2495578298887,10.4278110095389,10.0019839692634,10.4278110095389,3483.0,10.35,0.0,10.53,10.1,10.53,1.0,3483.0
2016-09-16,10.2099460121887,10.4179080551139,10.2099460121887,10.3881991918389,4221.0,10.31,0.0,10.52,10.31,10.49,1.0,4221.0
2016-09-15,10.6159671436142,10.8140262321145,10.497131690514,10.8140262321145,1218.0,10.72,0.0,10.92,10.6,10.92,1.0,1218.0
2016-09-14,10.7546085055644,10.7546085055644,10.3485873741388,10.3485873741388,400.0,10.86,0.0,10.86,10.45,10.45,1.0,400.0
2016-09-13,10.5961612347642,10.5961612347642,10.3486864036831,10.3486864036831,828.0,10.7,0.0,10.7,10.4501,10.4501,1.0,828.0
2016-09-12,10.8338321409645,10.8338321409645,10.8338321409645,10.8338321409645,158.0,10.94,0.0,10.94,10.94,10.94,1.0,158.0
2016-09-09,10.6753848701643,10.6753848701643,10.6753848701643,10.6753848701643,6.0,10.78,0.0,10.78,10.78,10.78,1.0,6.0
2016-09-08,10.6753848701643,10.6753848701643,10.6753848701643,10.6753848701643,5.0,10.78,0.0,10.78,10.78,10.78,1.0,5.0
2016-09-07,10.6753848701643,10.8932498675146,10.447616918389,10.447616918389,1728.0,10.78,0.0,11.0,10.55,10.55,1.0,1728.0
2016-09-06,10.5486270535241,10.8635410042395,10.3287814652888,10.8635410042395,622.0,10.652,0.0,10.97,10.43,10.97,1.0,622.0
2016-09-02,10.3386844197138,10.3485873741388,10.2990726020138,10.3073910837308,553.0,10.44,0.0,10.45,10.4,10.4084,1.0,553.0
2016-09-01,10.3584903285639,10.3584903285639,10.3584903285639,10.3584903285639,1.0,10.46,0.0,10.46,10.46,10.46,1.0,1.0
2016-08-31,10.3584903285639,10.3782962374139,10.3584903285639,10.3782962374139,725.0,10.46,0.0,10.48,10.46,10.48,1.0,725.0
2016-08-30,10.2029149145469,10.2029149145469,10.2029149145469,10.2029149145469,50.0,10.3029,0.0,10.3029,10.3029,10.3029,1.0,50.0
2016-08-29,10.2029149145469,10.2029149145469,10.2029149145469,10.2029149145469,511.0,10.3029,0.0,10.3029,10.3029,10.3029,1.0,511.0
2016-08-26,10.3758204988076,10.3758204988076,10.3758204988076,10.3758204988076,367.0,10.4775,0.0,10.4775,10.4775,10.4775,1.0,367.0
2016-08-25,10.2495578298887,10.3881991918389,10.1604312400636,10.2000430577636,1015.0,10.35,0.0,10.49,10.26,10.3,1.0,1015.0
2016-08-24,10.2000430577636,10.2000430577636,10.2000430577636,10.2000430577636,0.0,10.3,0.0,10.3,10.3,10.3,1.0,0.0
2016-08-23,10.2000430577636,10.2000430577636,10.2000430577636,10.2000430577636,0.0,10.3,0.0,10.3,10.3,10.3,1.0,0.0
2016-08-22,10.2000430577636,10.2000430577636,10.2000430577636,10.2000430577636,76.0,10.3,0.0,10.3,10.3,10.3,1.0,76.0
2016-08-19,10.2000430577636,10.2000430577636,10.2000430577636,10.2000430577636,211.0,10.3,0.0,10.3,10.3,10.3,1.0,211.0
2016-08-18,10.3881991918389,10.3881991918389,10.3881991918389,10.3881991918389,9.0,10.49,0.0,10.49,10.49,10.49,1.0,9.0
2016-08-17,10.3881991918389,10.3881991918389,10.1307223767886,10.2990726020138,380.0,10.49,0.0,10.49,10.23,10.4,1.0,380.0
2016-08-16,10.5030734631691,10.5030734631691,10.5030734631691,10.5030734631691,107.0,10.606,0.0,10.606,10.606,10.606,1.0,107.0
2016-08-15,10.5030734631691,10.5030734631691,10.497131690514,10.497131690514,902.0,10.606,0.0,10.606,10.6,10.6,1.0,902.0
2016-08-12,10.4477159479332,10.4477159479332,10.4477159479332,10.4477159479332,82.0,10.5501,0.0,10.5501,10.5501,10.5501,1.0,82.0
2016-08-11,10.4477159479332,10.4477159479332,10.4477159479332,10.4477159479332,100.0,10.5501,0.0,10.5501,10.5501,10.5501,1.0,100.0
2016-08-10,10.497131690514,10.5169375993641,10.3981021462639,10.3981021462639,497.0,10.6,0.0,10.62,10.5,10.5,1.0,497.0
2016-08-09,10.7149966878643,10.8436360658453,10.7140063924218,10.7942203232644,1706.0,10.82,0.0,10.9499,10.819,10.9,1.0,1706.0
2016-08-08,10.7427249602544,10.7427249602544,10.7427249602544,10.7427249602544,74.0,10.848,0.0,10.848,10.848,10.848,1.0,74.0
2016-08-05,10.7427249602544,10.7427249602544,10.7427249602544,10.7427249602544,150.0,10.848,0.0,10.848,10.848,10.848,1.0,150.0
2016-08-04,10.868492481452,10.868492481452,10.868492481452,10.868492481452,1.0,10.975,0.0,10.975,10.975,10.975,1.0,1.0
2016-08-03,10.868492481452,10.868492481452,10.868492481452,10.868492481452,0.0,10.975,0.0,10.975,10.975,10.975,1.0,0.0
2016-08-02,10.868492481452,10.868492481452,10.7942203232644,10.8334360227875,837.0,10.975,0.0,10.975,10.9,10.9396,1.0,837.0
2016-08-01,10.8239291865395,10.8239291865395,10.7942203232644,10.7942203232644,649.0,10.93,0.0,10.93,10.9,10.9,1.0,649.0
2016-07-29,10.7942203232644,10.7942203232644,10.5961612347642,10.5961612347642,1002.0,10.9,0.0,10.9,10.7,10.7,1.0,1002.0
2016-07-28,10.6651848271065,10.6651848271065,10.6651848271065,10.6651848271065,58.0,10.7697,0.0,10.7697,10.7697,10.7697,1.0,58.0
2016-07-27,10.6651848271065,10.7942203232644,10.5961612347642,10.6060641891892,672.0,10.7697,0.0,10.9,10.7,10.71,1.0,672.0
2016-07-26,10.5961612347642,10.5961612347642,10.5077278517488,10.5077278517488,647.0,10.7,0.0,10.7,10.6107,10.6107,1.0,647.0
2016-07-25,10.5999243574457,10.5999243574457,10.5999243574457,10.5999243574457,0.0,10.7038,0.0,10.7038,10.7038,10.7038,1.0,0.0
2016-07-22,10.5999243574457,10.5999243574457,10.5999243574457,10.5999243574457,0.0,10.7038,0.0,10.7038,10.7038,10.7038,1.0,0.0
2016-07-21,10.5999243574457,10.6125011095654,10.5962602643084,10.5962602643084,1708.0,10.7038,0.0,10.7165,10.7001,10.7001,1.0,1708.0
2016-07-20,10.3981021462639,10.3981021462639,10.3981021462639,10.3981021462639,4.0,10.5,0.0,10.5,10.5,10.5,1.0,4.0
2016-07-19,10.3981021462639,10.3981021462639,10.3981021462639,10.3981021462639,201.0,10.5,0.0,10.5,10.5,10.5,1.0,201.0
2016-07-18,10.6714236883943,10.8115504935082,10.6714236883943,10.8115504935082,1075.0,10.776,0.0,10.9175,10.776,10.9175,1.0,1075.0
2016-07-15,10.7456958465819,10.7456958465819,10.7447055511394,10.7447055511394,398.0,10.851,0.0,10.851,10.85,10.85,1.0,398.0
2016-07-14,10.7447055511394,10.7447055511394,10.7447055511394,10.7447055511394,7.0,10.85,0.0,10.85,10.85,10.85,1.0,7.0
2016-07-13,10.7447055511394,10.9922794117647,10.7447055511394,10.9922794117647,802.0,10.85,0.0,11.1,10.85,11.1,1.0,802.0
2016-07-12,10.8932498675146,10.8932498675146,10.8932498675146,10.8932498675146,301.0,11.0,0.0,11.0,11.0,11.0,1.0,301.0
2016-07-11,10.9930716481187,10.9930716481187,10.8933488970588,10.9895065845257,694.0,11.1008,0.0,11.1008,11.0001,11.0972,1.0,694.0
2016-07-08,10.8932498675146,10.8932498675146,10.8932498675146,10.8932498675146,2.0,11.0,0.0,11.0,11.0,11.0,1.0,2.0
2016-07-07,10.8932498675146,11.0239688659247,10.8932498675146,10.8932498675146,912.0,11.0,0.0,11.132,11.0,11.0,1.0,912.0
2016-07-06,10.8943391925013,10.8943391925013,10.8943391925013,10.8943391925013,8.0,11.0011,0.0,11.0011,11.0011,11.0011,1.0,8.0
2016-07-05,10.8943391925013,10.9130557763646,10.8932498675146,10.9130557763646,1141.0,11.0011,0.0,11.02,11.0,11.02,1.0,1141.0
2016-07-01,10.9024596151298,10.9199878444621,10.8932498675146,10.9199878444621,1981.0,11.0093,0.0,11.027,11.0,11.027,1.0,1981.0
2016-06-30,10.9031528219396,10.9526675940647,10.828880663752,10.9526675940647,2042.0,11.01,0.0,11.06,10.935,11.06,1.0,2042.0
2016-06-29,10.8734439586645,10.8932498675146,10.7348025967144,10.7546085055644,3408.0,10.98,0.0,11.0,10.84,10.86,1.0,3408.0
2016-06-28,10.309866822337,10.8536380498145,10.309866822337,10.8536380498145,1053.0,10.4109,0.0,10.96,10.4109,10.96,1.0,1053.0
2016-06-27,10.8606691474563,10.8606691474563,10.477325781664,10.5168385698198,4979.0,10.9671,0.0,10.9671,10.58,10.6199,1.0,4979.0
2016-06-24,10.4278110095389,11.0972507286698,10.2891696475888,10.9823764573397,1124.0,10.53,0.0,11.206,10.39,11.09,1.0,1124.0
2016-06-23,10.8932498675146,10.8932498675146,10.8338321409645,10.8338321409645,1164.0,11.0,0.0,11.0,10.94,10.94,1.0,1164.0
2016-06-22,10.8635410042395,10.8635410042395,10.7942203232644,10.8239291865395,4529.0,10.97,0.0,10.97,10.9,10.93,1.0,4529.0
2016-06-21,10.7942203232644,10.7942203232644,10.7942203232644,10.7942203232644,103.0,10.9,0.0,10.9,10.9,10.9,1.0,103.0
2016-06-20,10.7942203232644,10.7942203232644,10.7843173688394,10.7843173688394,470.0,10.9,0.0,10.9,10.89,10.89,1.0,470.0
2016-06-17,10.8932498675146,10.8932498675146,10.3584903285639,10.3584903285639,1313.0,11.0,0.0,11.0,10.46,10.46,1.0,1313.0
2016-06-16,10.4477159479332,10.4477159479332,10.4477159479332,10.4477159479332,18.0,10.5501,0.25,10.5501,10.5501,10.5501,1.0,18.0
2016-06-15,10.4477159479332,10.6377078380244,10.4477159479332,10.4718035144468,1234.0,10.8001,0.0,10.9965,10.8001,10.825,1.0,1234.0
2016-06-14,10.2918722947067,10.2918722947067,10.273492223873,10.273492223873,1329.0,10.639,0.0,10.639,10.62,10.62,1.0,1329.0
2016-06-13,10.4959878181753,10.6023987545808,10.3507852585893,10.3507852585893,1349.0,10.85,0.0,10.96,10.6999,10.6999,1.0,1349.0
2016-06-10,10.3025133883472,10.4379454892269,10.3025133883472,10.4281750305206,5627.0,10.65,0.0,10.79,10.65,10.7799,1.0,5627.0
2016-06-09,10.2638185023816,10.2638185023816,10.2444710593988,10.2540480436753,1026.0,10.61,0.0,10.61,10.59,10.5999,1.0,1026.0
2016-06-08,10.2057761734332,10.2057761734332,10.2057761734332,10.2057761734332,0.0,10.55,0.0,10.55,10.55,10.55,1.0,0.0
2016-06-07,10.2057761734332,10.2057761734332,10.2057761734332,10.2057761734332,76.0,10.55,0.0,10.55,10.55,10.55,1.0,76.0
2016-06-06,10.2057761734332,10.2057761734332,10.2057761734332,10.2057761734332,215.0,10.55,0.0,10.55,10.55,10.55,1.0,215.0
2016-06-03,10.2347973379074,10.2347973379074,10.2347973379074,10.2347973379074,0.0,10.58,0.0,10.58,10.58,10.58,1.0,0.0
2016-06-02,10.2347973379074,10.2347973379074,10.2347973379074,10.2347973379074,95.0,10.58,0.0,10.58,10.58,10.58,1.0,95.0
2016-06-01,10.2347973379074,10.2347973379074,10.2347973379074,10.2347973379074,34.0,10.58,0.0,10.58,10.58,10.58,1.0,34.0
2016-05-31,10.2347973379074,10.2347973379074,10.1961024519418,10.1961024519418,500.0,10.58,0.0,10.58,10.54,10.54,1.0,500.0
2016-05-27,10.0921099459091,10.0921099459091,10.0921099459091,10.0921099459091,248.0,10.4325,0.0,10.4325,10.4325,10.4325,1.0,248.0
2016-05-26,10.0317459238028,10.4185980462441,10.0317459238028,10.4185980462441,1175.0,10.3701,0.0,10.77,10.3701,10.77,1.0,1175.0
2016-05-25,10.2444710593988,10.2444710593988,10.2444710593988,10.2444710593988,5.0,10.59,0.0,10.59,10.59,10.59,1.0,5.0
2016-05-24,10.2444710593988,10.2444710593988,10.2057761734332,10.2154498949246,1365.0,10.59,0.0,10.59,10.55,10.56,1.0,1365.0
2016-05-23,10.1575043031911,10.1575043031911,10.1575043031911,10.1575043031911,211.0,10.5001,0.0,10.5001,10.5001,10.5001,1.0,211.0
2016-05-20,10.0606703510621,10.225123616416,10.0606703510621,10.225123616416,2898.0,10.4,0.0,10.57,10.4,10.57,1.0,2898.0
2016-05-19,10.225123616416,10.225123616416,10.0316491865879,10.0509966295707,1271.0,10.57,0.0,10.57,10.37,10.39,1.0,1271.0
2016-05-18,10.0509966295707,10.0509966295707,10.0509966295707,10.0509966295707,94.0,10.39,0.0,10.39,10.39,10.39,1.0,94.0
2016-05-17,10.0509966295707,10.0509966295707,10.0509966295707,10.0509966295707,239.0,10.39,0.0,10.39,10.39,10.39,1.0,239.0
2016-05-16,10.0316491865879,10.0316491865879,10.0316491865879,10.0316491865879,363.0,10.37,0.0,10.37,10.37,10.37,1.0,363.0
2016-05-13,10.0785667358212,10.0785667358212,10.0316491865879,10.0316491865879,1877.0,10.4185,0.0,10.4185,10.37,10.37,1.0,1877.0
2016-05-12,10.0848546547906,10.0848546547906,10.0848546547906,10.0848546547906,93.0,10.425,0.0,10.425,10.425,10.425,1.0,93.0
2016-05-11,10.0848546547906,10.1126182354709,10.0316491865879,10.0316491865879,2518.0,10.425,0.0,10.4537,10.37,10.37,1.0,2518.0
2016-05-10,10.0316491865879,10.0800177940449,10.0316491865879,10.0800177940449,544.0,10.37,0.0,10.42,10.37,10.42,1.0,544.0
2016-05-09,10.0316491865879,10.0432576523775,10.0316491865879,10.0432576523775,303.0,10.37,0.0,10.382,10.37,10.382,1.0,303.0
2016-05-06,10.0413229080793,10.1187126800105,10.0316491865879,10.1187126800105,3146.0,10.38,0.0,10.46,10.37,10.46,1.0,3146.0
2016-05-05,10.1187126800105,10.1188094172254,10.1187126800105,10.1188094172254,1015.0,10.46,0.0,10.4601,10.46,10.4601,1.0,1015.0
2016-05-04,10.2541447808902,10.2541447808902,10.2541447808902,10.2541447808902,59.0,10.6,0.0,10.6,10.6,10.6,1.0,59.0
2016-05-03,10.2541447808902,10.3412082743128,10.2541447808902,10.3315345528214,1977.0,10.6,0.0,10.69,10.6,10.68,1.0,1977.0
2016-05-02,10.3025133883472,10.3508819958043,10.1767550089589,10.3508819958043,6742.0,10.65,0.0,10.7,10.52,10.7,1.0,6742.0
2016-04-29,10.348947251506,10.348947251506,10.348947251506,10.348947251506,266.0,10.698,0.0,10.698,10.698,10.698,1.0,266.0
2016-04-28,10.273492223873,10.273492223873,10.273492223873,10.273492223873,72.0,10.62,0.0,10.62,10.62,10.62,1.0,72.0
2016-04-27,10.273492223873,10.273492223873,10.273492223873,10.273492223873,28.0,10.62,0.0,10.62,10.62,10.62,1.0,28.0
2016-04-26,10.273492223873,10.273492223873,10.273492223873,10.273492223873,497.0,10.62,0.0,10.62,10.62,10.62,1.0,497.0
2016-04-25,10.3895768817699,10.3992506032613,10.1767550089589,10.1961024519418,1360.0,10.74,0.0,10.75,10.52,10.54,1.0,1360.0
2016-04-22,10.2638185023816,10.2638185023816,10.2541447808902,10.2541447808902,301.0,10.61,0.0,10.61,10.6,10.6,1.0,301.0
2016-04-21,10.3991538660464,10.3991538660464,10.1767550089589,10.1863319932354,2231.0,10.7499,0.0,10.7499,10.52,10.5299,1.0,2231.0
2016-04-20,10.1574075659761,10.1574075659761,10.1574075659761,10.1574075659761,509.0,10.5,0.0,10.5,10.5,10.5,1.0,509.0
2016-04-19,10.0993652370277,10.1380601229933,10.0316491865879,10.0993652370277,5607.0,10.44,0.0,10.48,10.37,10.44,1.0,5607.0
2016-04-18,10.0316491865879,10.0993652370277,9.95909627540232,9.98328057913083,4255.0,10.37,0.0,10.44,10.295,10.32,1.0,4255.0
2016-04-15,9.99295430062224,10.225123616416,9.99295430062224,10.0219754650965,803.0,10.33,0.0,10.57,10.33,10.36,1.0,803.0
2016-04-14,9.98328057913083,10.0993652370277,9.98328057913083,10.0993652370277,3388.0,10.32,0.0,10.44,10.32,10.44,1.0,3388.0
2016-04-13,9.98328057913083,10.1090389585191,9.98328057913083,9.98328057913083,3896.0,10.32,0.0,10.45,10.32,10.32,1.0,3896.0
2016-04-12,9.98328057913083,9.98328057913083,9.9156612659059,9.98328057913083,7514.0,10.32,0.0,10.32,10.2501,10.32,1.0,7514.0
2016-04-11,9.98328057913083,10.0606703510621,9.94458569316521,9.94458569316521,2450.0,10.32,0.0,10.4,10.28,10.28,1.0,2450.0
2016-04-08,9.68339521289725,10.2347973379074,9.5963317194746,10.1380601229933,18073.0,10.01,0.0,10.58,9.92,10.48,1.0,18073.0
2016-04-07,10.1574075659761,10.1574075659761,10.1574075659761,10.1574075659761,101.0,10.5,0.0,10.5,10.5,10.5,1.0,101.0
2016-04-06,10.3121871098386,10.3121871098386,10.3121871098386,10.3121871098386,22.0,10.66,0.0,10.66,10.66,10.66,1.0,22.0
2016-04-05,10.3121871098386,10.3121871098386,10.0219754650965,10.0413229080793,781.0,10.66,0.0,10.66,10.36,10.38,1.0,781.0
2016-04-04,10.012301743605,10.3992506032613,10.012301743605,10.1090389585191,2665.0,10.35,0.0,10.75,10.35,10.45,1.0,2665.0
2016-04-01,10.1380601229933,10.1380601229933,9.99305103783715,9.99305103783715,1233.0,10.48,0.0,10.48,10.3301,10.3301,1.0,1233.0
2016-03-31,10.0219754650965,10.1366090647696,10.0219754650965,10.1017836674006,427.0,10.36,0.0,10.4785,10.36,10.4425,1.0,427.0
2016-03-30,10.0074648828593,10.1379633857784,10.0074648828593,10.1379633857784,715.0,10.345,0.0,10.4799,10.345,10.4799,1.0,715.0
2016-03-29,10.0219754650965,10.4476192107183,10.0219754650965,10.0316491865879,727.0,10.36,0.0,10.8,10.36,10.37,1.0,727.0
2016-03-28,10.3702294387871,10.3702294387871,9.60300658730367,9.60300658730367,666.0,10.72,0.0,10.72,9.9269,9.9269,1.0,666.0
2016-03-24,10.1379633857784,10.1379633857784,10.1379633857784,10.1379633857784,163.0,10.4799,0.0,10.4799,10.4799,10.4799,1.0,163.0
2016-03-23,10.1380601229933,10.1380601229933,10.1380601229933,10.1380601229933,202.0,10.48,0.0,10.48,10.48,10.48,1.0,202.0
2016-03-22,10.1719181482132,10.2541447808902,9.59642845668951,9.59642845668951,766.0,10.515,0.0,10.6,9.9201,9.9201,1.0,766.0
2016-03-21,10.1670812874675,10.4475224735034,10.1477338444847,10.4475224735034,2075.0,10.51,0.0,10.7999,10.49,10.7999,1.0,2075.0
2016-03-18,10.2638185023816,10.2638185023816,9.4318784541207,9.87686964272537,29231.0,10.61,0.0,10.61,9.75,10.21,1.0,29231.0
2016-03-17,10.1380601229933,10.1380601229933,9.4318784541207,9.47057334008632,7247.0,10.48,0.0,10.48,9.75,9.79,1.0,7247.0
2016-03-16,9.50926822605195,9.81882731377693,9.38350984666367,9.79947987079412,5603.0,9.83,0.0,10.15,9.7,10.13,1.0,5603.0
2016-03-15,9.38350984666367,9.78980614930271,9.38350984666367,9.68339521289725,3738.0,9.7,0.0,10.12,9.7,10.01,1.0,3738.0
2016-03-14,9.70274265588006,9.73176382035428,9.68339521289725,9.72209009886287,5430.0,10.03,0.0,10.06,10.01,10.05,1.0,5430.0
2016-03-11,9.68339521289725,9.81882731377693,9.68339521289725,9.68339521289725,1570.0,10.01,0.0,10.15,10.01,10.01,1.0,1570.0
2016-03-10,9.68339521289725,9.7607849848285,9.68339521289725,9.68339521289725,3906.0,10.01,0.0,10.09,10.01,10.01,1.0,3906.0
2016-03-09,9.68339521289725,9.81882731377693,9.68339521289725,9.72209009886287,2205.0,10.01,0.0,10.15,10.01,10.05,1.0,2205.0
2016-03-08,9.72209009886287,9.75111126333709,9.72209009886287,9.72209009886287,5067.0,10.05,0.0,10.08,10.05,10.05,1.0,5067.0
2016-03-07,9.74143754184569,9.91556452869099,9.74143754184569,9.91556452869099,1279.0,10.07,0.0,10.25,10.07,10.25,1.0,1279.0
2016-03-04,9.91556452869099,9.91556452869099,9.72209009886287,9.7704587063199,4490.0,10.25,0.0,10.25,10.05,10.1,1.0,4490.0
2016-03-03,9.65843701144942,9.65843701144942,9.65843701144942,9.65843701144942,272.0,9.9842,0.0,9.9842,9.9842,9.9842,1.0,272.0
2016-03-02,9.74027669526672,9.7704587063199,9.74027669526672,9.7704587063199,792.0,10.0688,0.0,10.1,10.0688,10.1,1.0,792.0
2016-03-01,9.78700077007021,9.78700077007021,9.78700077007021,9.78700077007021,0.0,10.1171,0.0,10.1171,10.1171,10.1171,1.0,0.0
2016-02-29,9.78700077007021,9.78700077007021,9.78700077007021,9.78700077007021,195.0,10.1171,0.0,10.1171,10.1171,10.1171,1.0,195.0
2016-02-26,9.57698427649179,9.57698427649179,9.48024706157773,9.57698427649179,2744.0,9.9,0.0,9.9,9.8,9.9,1.0,2744.0
2016-02-25,9.65437404842303,9.66404776991444,9.49959450456054,9.49959450456054,2400.0,9.98,0.0,9.99,9.82,9.82,1.0,2400.0
2016-02-24,9.64470032693163,9.64470032693163,9.64470032693163,9.64470032693163,1014.0,9.97,0.0,9.97,9.97,9.97,1.0,1014.0
2016-02-23,9.64470032693163,9.68339521289725,9.63502660544022,9.67372149140584,6664.0,9.97,0.0,10.01,9.96,10.0,1.0,6664.0
2016-02-22,9.67372149140584,9.67372149140584,9.63502660544022,9.63502660544022,2648.0,10.0,0.0,10.0,9.96,9.96,1.0,2648.0
2016-02-19,9.67372149140584,9.67372149140584,9.67372149140584,9.67372149140584,246.0,10.0,0.0,10.0,10.0,10.0,1.0,246.0
2016-02-18,9.67372149140584,9.67372149140584,9.67372149140584,9.67372149140584,0.0,10.0,0.0,10.0,10.0,10.0,1.0,0.0
2016-02-17,9.67372149140584,9.67372149140584,9.67372149140584,9.67372149140584,122.0,10.0,0.0,10.0,10.0,10.0,1.0,122.0
2016-02-16,9.18036169534415,9.18036169534415,9.18036169534415,9.18036169534415,113.0,9.49,0.0,9.49,9.49,9.49,1.0,113.0
2016-02-12,9.18036169534415,9.19003541683555,9.12231936639571,9.12231936639571,1065.0,9.49,0.0,9.5,9.43,9.43,1.0,1065.0
2016-02-11,9.28677263174961,9.28677263174961,9.19003541683555,9.19003541683555,1724.0,9.6,0.0,9.6,9.5,9.5,1.0,1724.0
2016-02-10,9.42220473262929,9.47047660287141,9.39898780104992,9.47047660287141,1228.0,9.74,0.0,9.7899,9.716,9.7899,1.0,1228.0
2016-02-09,9.48034379879264,9.48034379879264,9.48034379879264,9.48034379879264,8.0,9.8001,0.0,9.8001,9.8001,9.8001,1.0,8.0
2016-02-08,9.48034379879264,9.48034379879264,9.48034379879264,9.48034379879264,114.0,9.8001,0.0,9.8001,9.8001,9.8001,1.0,114.0
2016-02-05,9.58182113723749,9.63309186114194,9.5344199019296,9.5344199019296,1159.0,9.905,0.0,9.958,9.856,9.856,1.0,1159.0
2016-02-04,9.38360658387858,9.38360658387858,9.38360658387858,9.38360658387858,316.0,9.7001,0.0,9.7001,9.7001,9.7001,1.0,316.0
2016-02-03,9.61567916245741,9.61567916245741,9.61567916245741,9.61567916245741,353.0,9.94,0.0,9.94,9.94,9.94,1.0,353.0
2016-02-02,9.86864697945767,9.86864697945767,9.86864697945767,9.86864697945767,73.0,10.2015,0.0,10.2015,10.2015,10.2015,1.0,73.0
2016-02-01,9.86864697945767,9.86864697945767,9.62535288394881,9.67323780533127,2831.0,10.2015,0.0,10.2015,9.95,9.9995,1.0,2831.0
2016-01-29,9.69306893438866,9.69306893438866,9.69306893438866,9.69306893438866,201.0,10.02,0.0,10.02,10.02,10.02,1.0,201.0
2016-01-28,9.86719592123396,10.1379633857784,9.64470032693163,9.64470032693163,1249.0,10.2,0.0,10.4799,9.97,9.97,1.0,1249.0
2016-01-27,9.65437404842303,9.65437404842303,9.52861566903476,9.52861566903476,2255.0,9.98,0.0,9.98,9.85,9.85,1.0,2255.0
2016-01-26,9.67372149140584,9.67372149140584,9.67372149140584,9.67372149140584,473.0,10.0,0.0,10.0,10.0,10.0,1.0,473.0
2016-01-25,9.61567916245741,9.61567916245741,9.61567916245741,9.61567916245741,69.0,9.94,0.0,9.94,9.94,9.94,1.0,69.0
2016-01-22,9.61567916245741,9.81882731377693,9.61567916245741,9.67381822862076,5307.0,9.94,0.0,10.15,9.94,10.0001,1.0,5307.0
2016-01-21,9.67372149140584,9.67372149140584,9.67372149140584,9.67372149140584,1.0,10.0,0.0,10.0,10.0,10.0,1.0,1.0
2016-01-20,9.67372149140584,9.80915359228553,9.33514123920664,9.37383612517226,3266.0,10.0,0.0,10.14,9.65,9.69,1.0,3266.0
2016-01-19,9.48585782004274,9.48585782004274,9.48585782004274,9.48585782004274,67.0,9.8058,0.0,9.8058,9.8058,9.8058,1.0,67.0
2016-01-15,9.48585782004274,9.48585782004274,9.48585782004274,9.48585782004274,355.0,9.8058,0.0,9.8058,9.8058,9.8058,1.0,355.0
2016-01-14,9.5963317194746,9.5963317194746,9.47057334008632,9.58665799798319,2484.0,9.92,0.0,9.92,9.79,9.91,1.0,2484.0
2016-01-13,9.29257686464445,9.29257686464445,9.29257686464445,9.29257686464445,254.0,9.606,0.0,9.606,9.606,9.606,1.0,254.0
2016-01-12,9.67372149140584,9.67372149140584,9.63502660544022,9.67372149140584,1783.0,10.0,0.0,10.0,9.96,10.0,1.0,1783.0
2016-01-11,9.67372149140584,9.67381822862076,9.66888463066014,9.67372149140584,3035.0,10.0,0.0,10.0001,9.995,10.0,1.0,3035.0
2016-01-08,9.67372149140584,9.90405280011622,9.52861566903476,9.68339521289725,3176.0,10.0,0.0,10.2381,9.85,10.01,1.0,3176.0
2016-01-07,9.66404776991444,9.66404776991444,9.66404776991444,9.66404776991444,201.0,9.99,0.0,9.99,9.99,9.99,1.0,201.0
2016-01-06,9.7607849848285,9.7607849848285,9.7607849848285,9.7607849848285,6.0,10.09,0.0,10.09,10.09,10.09,1.0,6.0
2016-01-05,9.7607849848285,10.0751809332992,9.75111126333709,9.9658678804463,5100.0,10.09,0.0,10.415,10.08,10.302,1.0,5100.0
2016-01-04,9.96393313614802,10.2434069500347,9.89621708570818,10.2434069500347,7723.0,10.3,0.0,10.5889,10.23,10.5889,1.0,7723.0
