,adj_close,adj_high,adj_low,adj_open,adj_volume,close,ex_dividend,high,low,open,split_ratio,volume
2017-02-10,13.85,13.85,13.66,13.66,9585.0,13.85,0.0,13.85,13.66,13.66,1.0,9585.0
2017-02-09,13.85,14.01,13.5684,14.01,46870.0,13.85,0.0,14.01,13.5684,14.01,1.0,46870.0
2017-02-08,14.03,14.15,13.74,14.15,8837.0,14.03,0.0,14.15,13.74,14.15,1.0,8837.0
2017-02-07,14.04,14.17,13.8527,13.92,5665.0,14.04,0.0,14.17,13.8527,13.92,1.0,5665.0
2017-02-06,13.83,14.25,13.77,14.25,3475.0,13.83,0.0,14.25,13.77,14.25,1.0,3475.0
2017-02-03,14.0,14.3299,13.91,14.15,13091.0,14.0,0.0,14.3299,13.91,14.15,1.0,13091.0
2017-02-02,13.97,14.03,13.703,14.03,16236.0,13.97,0.0,14.03,13.703,14.03,1.0,16236.0
2017-02-01,14.02,14.224,13.76,13.88,15864.0,14.02,0.0,14.224,13.76,13.88,1.0,15864.0
2017-01-31,14.12,14.32,14.0,14.1,9085.0,14.12,0.0,14.32,14.0,14.1,1.0,9085.0
2017-01-30,13.88,14.34,13.7,13.86,22470.0,13.88,0.0,14.34,13.7,13.86,1.0,22470.0
2017-01-27,13.69,13.69,13.51,13.65,6351.0,13.69,0.0,13.69,13.51,13.65,1.0,6351.0
2017-01-26,13.62,14.0872,13.62,13.86,8938.0,13.62,0.0,14.0872,13.62,13.86,1.0,8938.0
2017-01-25,13.83,14.4341,13.5516,13.92,5816.0,13.83,0.0,14.4341,13.5516,13.92,1.0,5816.0
2017-01-24,13.86,14.49,13.71,14.14,24530.0,13.86,0.0,14.49,13.71,14.14,1.0,24530.0
2017-01-23,13.98,14.4,13.72,14.3,9117.0,13.98,0.0,14.4,13.72,14.3,1.0,9117.0
2017-01-20,14.14,14.31,13.76,13.88,7967.0,14.14,0.0,14.31,13.76,13.88,1.0,7967.0
2017-01-19,13.96,14.2,13.85,14.2,25928.0,13.96,0.0,14.2,13.85,14.2,1.0,25928.0
2017-01-18,14.03,14.55,14.0,14.3296,28522.0,14.03,0.0,14.55,14.0,14.3296,1.0,28522.0
2017-01-17,14.11,14.4,14.11,14.2601,10523.0,14.11,0.0,14.4,14.11,14.2601,1.0,10523.0
2017-01-13,14.17,14.97,14.15,14.28,17106.0,14.17,0.0,14.97,14.15,14.28,1.0,17106.0
2017-01-12,14.2,14.89,14.0,14.17,31594.0,14.2,0.0,14.89,14.0,14.17,1.0,31594.0
2017-01-11,14.09,14.38,14.01,14.16,7031.0,14.09,0.0,14.38,14.01,14.16,1.0,7031.0
2017-01-10,14.05,14.49,14.0,14.45,23794.0,14.05,0.0,14.49,14.0,14.45,1.0,23794.0
2017-01-09,14.19,15.07,14.11,14.62,18165.0,14.19,0.0,15.07,14.11,14.62,1.0,18165.0
2017-01-06,14.75,14.99,14.3025,14.99,5463.0,14.75,0.0,14.99,14.3025,14.99,1.0,5463.0
2017-01-05,14.8,15.3,14.51,14.995,17356.0,14.8,0.0,15.3,14.51,14.995,1.0,17356.0
2017-01-04,14.98,16.5,14.7,15.35,41281.0,14.98,0.0,16.5,14.7,15.35,1.0,41281.0
2017-01-03,14.43,15.09,14.01,14.65,27822.0,14.43,0.0,15.09,14.01,14.65,1.0,27822.0
2016-12-30,14.3,14.99,14.1,14.8,34652.0,14.3,0.0,14.99,14.1,14.8,1.0,34652.0
2016-12-29,15.2,15.62,14.91,15.05,13020.0,15.2,0.0,15.62,14.91,15.05,1.0,13020.0
2016-12-28,15.11,15.315,14.52,14.65,8706.0,15.11,0.0,15.315,14.52,14.65,1.0,8706.0
2016-12-27,14.65,15.7475,14.36,14.87,27431.0,14.65,0.0,15.7475,14.36,14.87,1.0,27431.0
2016-12-23,14.87,15.19,14.52,15.0,11374.0,14.87,0.0,15.19,14.52,15.0,1.0,11374.0
2016-12-22,15.06,15.51,14.46,15.0,27339.0,15.06,0.0,15.51,14.46,15.0,1.0,27339.0
2016-12-21,15.01,15.35,15.0,15.22,7174.0,15.01,0.0,15.35,15.0,15.22,1.0,7174.0
2016-12-20,15.19,15.58,15.03,15.15,15583.0,15.19,0.0,15.58,15.03,15.15,1.0,15583.0
2016-12-19,15.13,15.9899,15.09,15.45,20880.0,15.13,0.0,15.9899,15.09,15.45,1.0,20880.0
2016-12-16,15.31,16.25,15.27,16.25,61335.0,15.31,0.0,16.25,15.27,16.25,1.0,61335.0
2016-12-15,16.15,16.8556,16.01,16.73,16629.0,16.15,0.0,16.8556,16.01,16.73,1.0,16629.0
2016-12-14,16.7,16.97,16.17,16.605,11711.0,16.7,0.0,16.97,16.17,16.605,1.0,11711.0
2016-12-13,16.16,16.34,15.7246,15.7246,6796.0,16.16,0.0,16.34,15.7246,15.7246,1.0,6796.0
2016-12-12,15.93,16.53,15.77,16.53,15187.0,15.93,0.0,16.53,15.77,16.53,1.0,15187.0
2016-12-09,16.68,17.0,15.6166,15.6166,17137.0,16.68,0.0,17.0,15.6166,15.6166,1.0,17137.0
2016-12-08,16.61,17.0,16.06,16.361,22319.0,16.61,0.0,17.0,16.06,16.361,1.0,22319.0
2016-12-07,16.37,16.9,16.04,16.85,11347.0,16.37,0.0,16.9,16.04,16.85,1.0,11347.0
2016-12-06,16.42,16.93,15.95,16.0,19721.0,16.42,0.0,16.93,15.95,16.0,1.0,19721.0
2016-12-05,15.89,16.0,15.12,15.12,15508.0,15.89,0.0,16.0,15.12,15.12,1.0,15508.0
2016-12-02,15.36,15.78,14.78,15.6,23858.0,15.36,0.0,15.78,14.78,15.6,1.0,23858.0
2016-12-01,15.59,15.87,15.0,15.46,11492.0,15.59,0.0,15.87,15.0,15.46,1.0,11492.0
2016-11-30,15.43,15.985,15.0,15.985,33481.0,15.43,0.0,15.985,15.0,15.985,1.0,33481.0
2016-11-29,14.99,15.0,14.74,14.92,8245.0,14.99,0.0,15.0,14.74,14.92,1.0,8245.0
2016-11-28,14.84,15.5,14.72,15.5,37600.0,14.84,0.0,15.5,14.72,15.5,1.0,37600.0
2016-11-25,15.5,16.0,15.13,15.79,14196.0,15.5,0.0,16.0,15.13,15.79,1.0,14196.0
2016-11-23,15.79,16.0,14.0584,14.0584,14094.0,15.79,0.0,16.0,14.0584,14.0584,1.0,14094.0
2016-11-22,14.95,15.29,14.65,14.88,7899.0,14.95,0.0,15.29,14.65,14.88,1.0,7899.0
2016-11-21,14.85,15.05,14.3,14.3048,8321.0,14.85,0.0,15.05,14.3,14.3048,1.0,8321.0
2016-11-18,15.2,15.45,15.13,15.13,12648.0,15.2,0.0,15.45,15.13,15.13,1.0,12648.0
2016-11-17,15.03,15.29,14.73,15.14,11094.0,15.03,0.0,15.29,14.73,15.14,1.0,11094.0
2016-11-16,15.08,15.2952,14.3501,14.3501,5473.0,15.08,0.0,15.2952,14.3501,14.3501,1.0,5473.0
2016-11-15,15.49,15.59,15.4577,15.51,8083.0,15.49,0.0,15.59,15.4577,15.51,1.0,8083.0
2016-11-14,15.61,16.0,14.9635,16.0,21753.0,15.61,0.0,16.0,14.9635,16.0,1.0,21753.0
2016-11-11,15.96,17.15,15.78,16.45,49638.0,15.96,0.0,17.15,15.78,16.45,1.0,49638.0
2016-11-10,16.35,16.36,15.64,15.88,21531.0,16.35,0.0,16.36,15.64,15.88,1.0,21531.0
2016-11-09,15.64,15.71,13.27,14.36,31587.0,15.64,0.0,15.71,13.27,14.36,1.0,31587.0
2016-11-08,14.26,14.5,13.6304,13.6304,190256.0,14.26,0.0,14.5,13.6304,13.6304,1.0,190256.0
2016-11-07,13.74,13.87,13.02,13.87,17592.0,13.74,0.0,13.87,13.02,13.87,1.0,17592.0
2016-11-04,13.6,13.965,13.3401,13.76,282935.0,13.6,0.0,13.965,13.3401,13.76,1.0,282935.0
2016-11-03,13.63,13.81,13.27,13.27,21784.0,13.63,0.0,13.81,13.27,13.27,1.0,21784.0
2016-11-02,13.12,13.55,13.0058,13.55,12984.0,13.12,0.0,13.55,13.0058,13.55,1.0,12984.0
2016-11-01,13.58,13.69,13.2973,13.3589,17980.0,13.58,0.0,13.69,13.2973,13.3589,1.0,17980.0
2016-10-31,13.35,13.6,13.35,13.5143,23096.0,13.35,0.0,13.6,13.35,13.5143,1.0,23096.0
2016-10-28,13.63,13.96,13.47,13.762,9895.0,13.63,0.0,13.96,13.47,13.762,1.0,9895.0
2016-10-27,13.78,14.08,13.6,14.08,16486.0,13.78,0.0,14.08,13.6,14.08,1.0,16486.0
2016-10-26,14.08,14.31,13.98,14.14,12409.0,14.08,0.0,14.31,13.98,14.14,1.0,12409.0
2016-10-25,14.14,14.56,14.1,14.4,8810.0,14.14,0.0,14.56,14.1,14.4,1.0,8810.0
2016-10-24,14.29,14.62,14.28,14.62,12014.0,14.29,0.0,14.62,14.28,14.62,1.0,12014.0
2016-10-21,14.45,14.75,14.3,14.72,13796.0,14.45,0.0,14.75,14.3,14.72,1.0,13796.0
2016-10-20,14.74,16.39,14.72,14.9,18302.0,14.74,0.0,16.39,14.72,14.9,1.0,18302.0
2016-10-19,14.81,14.9,14.76,14.77,4114.0,14.81,0.0,14.9,14.76,14.77,1.0,4114.0
2016-10-18,14.86,15.208,14.76,15.0,6245.0,14.86,0.0,15.208,14.76,15.0,1.0,6245.0
2016-10-17,15.02,15.2,15.0,15.2,7522.0,15.02,0.0,15.2,15.0,15.2,1.0,7522.0
2016-10-14,15.18,15.59,15.0,15.35,10959.0,15.18,0.0,15.59,15.0,15.35,1.0,10959.0
2016-10-13,15.32,16.078,15.3,16.078,13893.0,15.32,0.0,16.078,15.3,16.078,1.0,13893.0
2016-10-12,15.82,16.3199,15.67,16.22,4148.0,15.82,0.0,16.3199,15.67,16.22,1.0,4148.0
2016-10-11,16.14,16.19,16.1,16.12,10581.0,16.14,0.0,16.19,16.1,16.12,1.0,10581.0
2016-10-10,16.29,16.39,16.05,16.1999,27419.0,16.29,0.0,16.39,16.05,16.1999,1.0,27419.0
2016-10-07,16.24,16.4,15.8219,16.3,16679.0,16.24,0.0,16.4,15.8219,16.3,1.0,16679.0
2016-10-06,16.31,16.78,16.3,16.78,14765.0,16.31,0.0,16.78,16.3,16.78,1.0,14765.0
2016-10-05,16.59,17.33,16.49,16.69,26969.0,16.59,0.0,17.33,16.49,16.69,1.0,26969.0
2016-10-04,16.39,16.67,16.1425,16.1425,11811.0,16.39,0.0,16.67,16.1425,16.1425,1.0,11811.0
2016-10-03,16.37,16.5,15.54,15.54,19106.0,16.37,0.0,16.5,15.54,15.54,1.0,19106.0
2016-09-30,16.45,16.735,16.2383,16.5,62492.0,16.45,0.0,16.735,16.2383,16.5,1.0,62492.0
2016-09-29,16.2,17.7693,16.07,16.65,27625.0,16.2,0.0,17.7693,16.07,16.65,1.0,27625.0
2016-09-28,16.49,16.81,16.25,16.75,37677.0,16.49,0.0,16.81,16.25,16.75,1.0,37677.0
2016-09-27,16.47,16.5,16.02,16.14,40981.0,16.47,0.0,16.5,16.02,16.14,1.0,40981.0
2016-09-26,15.92,16.32,15.83,16.29,24737.0,15.92,0.0,16.32,15.83,16.29,1.0,24737.0
2016-09-23,15.84,16.0743,15.45,15.45,16335.0,15.84,0.0,16.0743,15.45,15.45,1.0,16335.0
2016-09-22,15.57,15.58,14.99,15.235,15177.0,15.57,0.0,15.58,14.99,15.235,1.0,15177.0
2016-09-21,14.98,15.475,14.7,15.05,24389.0,14.98,0.0,15.475,14.7,15.05,1.0,24389.0
2016-09-20,15.0,15.9439,14.79,14.89,29725.0,15.0,0.0,15.9439,14.79,14.89,1.0,29725.0
2016-09-19,14.75,15.4,14.61,15.4,24157.0,14.75,0.0,15.4,14.61,15.4,1.0,24157.0
2016-09-16,15.13,15.8999,15.0,15.61,105429.0,15.13,0.0,15.8999,15.0,15.61,1.0,105429.0
2016-09-15,15.61,16.0,15.56,15.96,15318.0,15.61,0.0,16.0,15.56,15.96,1.0,15318.0
2016-09-14,15.84,16.24,15.63,16.11,47684.0,15.84,0.0,16.24,15.63,16.11,1.0,47684.0
2016-09-13,16.12,16.62,15.7,16.23,74609.0,16.12,0.0,16.62,15.7,16.23,1.0,74609.0
2016-09-12,16.22,16.45,15.04,15.68,110958.0,16.22,0.0,16.45,15.04,15.68,1.0,110958.0
2016-09-09,15.61,15.87,14.76,14.76,39886.0,15.61,0.0,15.87,14.76,14.76,1.0,39886.0
2016-09-08,14.94,14.97,14.25,14.48,15730.0,14.94,0.0,14.97,14.25,14.48,1.0,15730.0
2016-09-07,14.45,14.5,14.2,14.5,9288.0,14.45,0.0,14.5,14.2,14.5,1.0,9288.0
2016-09-06,14.42,14.48,13.565,13.61,19968.0,14.42,0.0,14.48,13.565,13.61,1.0,19968.0
2016-09-02,13.59,13.775,13.0,13.25,14751.0,13.59,0.0,13.775,13.0,13.25,1.0,14751.0
2016-09-01,13.62,13.69,13.22,13.405,12058.0,13.62,0.0,13.69,13.22,13.405,1.0,12058.0
2016-08-31,13.65,14.12,13.56,14.05,11926.0,13.65,0.0,14.12,13.56,14.05,1.0,11926.0
2016-08-30,13.99,14.23,13.94,14.13,23911.0,13.99,0.0,14.23,13.94,14.13,1.0,23911.0
2016-08-29,14.08,14.15,14.0,14.0,3999.0,14.08,0.0,14.15,14.0,14.0,1.0,3999.0
2016-08-26,14.11,14.2,13.9,14.15,4089.0,14.11,0.0,14.2,13.9,14.15,1.0,4089.0
2016-08-25,13.88,14.25,13.445,13.76,12130.0,13.88,0.0,14.25,13.445,13.76,1.0,12130.0
2016-08-24,13.69,13.98,13.365,13.98,6686.0,13.69,0.0,13.98,13.365,13.98,1.0,6686.0
2016-08-23,13.98,14.05,13.72,13.9,10000.0,13.98,0.0,14.05,13.72,13.9,1.0,10000.0
2016-08-22,13.81,14.3699,13.07,13.83,22064.0,13.81,0.0,14.3699,13.07,13.83,1.0,22064.0
2016-08-19,13.85,14.23,13.671,14.08,13834.0,13.85,0.0,14.23,13.671,14.08,1.0,13834.0
2016-08-18,14.15,14.35,14.08,14.2,9197.0,14.15,0.0,14.35,14.08,14.2,1.0,9197.0
2016-08-17,13.89,14.07,13.7,13.77,16095.0,13.89,0.0,14.07,13.7,13.77,1.0,16095.0
2016-08-16,14.0,14.35,14.0,14.15,3708.0,14.0,0.0,14.35,14.0,14.15,1.0,3708.0
2016-08-15,14.1,14.37,13.99,13.99,25589.0,14.1,0.0,14.37,13.99,13.99,1.0,25589.0
2016-08-12,13.87,14.27,13.87,14.27,5372.0,13.87,0.0,14.27,13.87,14.27,1.0,5372.0
2016-08-11,14.28,14.365,14.02,14.05,10875.0,14.28,0.0,14.365,14.02,14.05,1.0,10875.0
2016-08-10,14.13,14.3,13.9875,14.25,9140.0,14.13,0.0,14.3,13.9875,14.25,1.0,9140.0
2016-08-09,14.01,14.35,13.99,14.2,30472.0,14.01,0.0,14.35,13.99,14.2,1.0,30472.0
2016-08-08,13.79,14.199,13.49,13.52,11923.0,13.79,0.0,14.199,13.49,13.52,1.0,11923.0
2016-08-05,13.59,13.6,13.36,13.36,4555.0,13.59,0.0,13.6,13.36,13.36,1.0,4555.0
2016-08-04,13.16,13.24,13.09,13.09,3767.0,13.16,0.0,13.24,13.09,13.09,1.0,3767.0
2016-08-03,13.05,13.14,12.89,12.89,6120.0,13.05,0.0,13.14,12.89,12.89,1.0,6120.0
2016-08-02,12.85,13.29,12.85,13.26,5577.0,12.85,0.0,13.29,12.85,13.26,1.0,5577.0
2016-08-01,13.3,13.76,13.21,13.43,12752.0,13.3,0.0,13.76,13.21,13.43,1.0,12752.0
2016-07-29,13.15,13.569,13.13,13.569,8104.0,13.15,0.0,13.569,13.13,13.569,1.0,8104.0
2016-07-28,12.89,13.25,12.8,13.11,12604.0,12.89,0.0,13.25,12.8,13.11,1.0,12604.0
2016-07-27,13.1,13.3779,12.91,13.25,13573.0,13.1,0.0,13.3779,12.91,13.25,1.0,13573.0
2016-07-26,13.37,13.5372,13.03,13.5372,10569.0,13.37,0.0,13.5372,13.03,13.5372,1.0,10569.0
2016-07-25,13.59,14.0,13.42,13.47,10396.0,13.59,0.0,14.0,13.42,13.47,1.0,10396.0
2016-07-22,14.19,14.32,14.06,14.16,11172.0,14.19,0.0,14.32,14.06,14.16,1.0,11172.0
2016-07-21,14.12,14.28,14.08,14.27,4308.0,14.12,0.0,14.28,14.08,14.27,1.0,4308.0
2016-07-20,14.08,14.25,14.02,14.17,5364.0,14.08,0.0,14.25,14.02,14.17,1.0,5364.0
2016-07-19,14.2,14.35,14.15,14.15,7820.0,14.2,0.0,14.35,14.15,14.15,1.0,7820.0
2016-07-18,14.37,14.5,14.17,14.46,19703.0,14.37,0.0,14.5,14.17,14.46,1.0,19703.0
2016-07-15,14.04,14.73,14.0,14.56,32905.0,14.04,0.0,14.73,14.0,14.56,1.0,32905.0
2016-07-14,14.31,14.98,14.11,14.41,33430.0,14.31,0.0,14.98,14.11,14.41,1.0,33430.0
2016-07-13,14.41,15.07,14.34,15.0,23432.0,14.41,0.0,15.07,14.34,15.0,1.0,23432.0
2016-07-12,15.03,15.06,14.63,14.63,43756.0,15.03,0.0,15.06,14.63,14.63,1.0,43756.0
2016-07-11,14.73,14.93,12.04,12.04,56627.0,14.73,0.0,14.93,12.04,12.04,1.0,56627.0
2016-07-08,14.65,14.97,13.57,14.91,51059.0,14.65,0.0,14.97,13.57,14.91,1.0,51059.0
2016-07-07,14.97,14.99,14.24,14.24,52107.0,14.97,0.0,14.99,14.24,14.24,1.0,52107.0
2016-07-06,14.14,14.45,13.87,14.21,15548.0,14.14,0.0,14.45,13.87,14.21,1.0,15548.0
2016-07-05,14.35,14.4,13.34,13.4065,25363.0,14.35,0.0,14.4,13.34,13.4065,1.0,25363.0
2016-07-01,14.42,14.46,13.7,14.46,33142.0,14.42,0.0,14.46,13.7,14.46,1.0,33142.0
2016-06-30,14.26,14.42,14.12,14.4029,18305.0,14.26,0.0,14.42,14.12,14.4029,1.0,18305.0
2016-06-29,14.44,14.72,13.22,13.89,23520.0,14.44,0.0,14.72,13.22,13.89,1.0,23520.0
2016-06-28,13.96,14.09,13.07,13.5,34935.0,13.96,0.0,14.09,13.07,13.5,1.0,34935.0
2016-06-27,13.35,14.14,13.09,13.23,45222.0,13.35,0.0,14.14,13.09,13.23,1.0,45222.0
2016-06-24,13.29,13.62,12.545,12.94,386521.0,13.29,0.0,13.62,12.545,12.94,1.0,386521.0
2016-06-23,13.46,13.6,12.55,13.51,30599.0,13.46,0.0,13.6,12.55,13.51,1.0,30599.0
2016-06-22,13.41,13.7995,13.09,13.19,41035.0,13.41,0.0,13.7995,13.09,13.19,1.0,41035.0
2016-06-21,13.16,13.28,12.7,13.28,44587.0,13.16,0.0,13.28,12.7,13.28,1.0,44587.0
2016-06-20,12.87,13.05,12.24,12.35,43500.0,12.87,0.0,13.05,12.24,12.35,1.0,43500.0
2016-06-17,12.39,12.9,11.84,12.42,243572.0,12.39,0.0,12.9,11.84,12.42,1.0,243572.0
2016-06-16,12.08,12.27,11.82,12.18,39051.0,12.08,0.0,12.27,11.82,12.18,1.0,39051.0
2016-06-15,11.85,12.31,11.66,12.31,33048.0,11.85,0.0,12.31,11.66,12.31,1.0,33048.0
2016-06-14,11.86,13.01,11.65,12.81,46149.0,11.86,0.0,13.01,11.65,12.81,1.0,46149.0
2016-06-13,12.7,13.27,12.05,12.6,26973.0,12.7,0.0,13.27,12.05,12.6,1.0,26973.0
2016-06-10,12.83,13.1,12.01,12.86,62080.0,12.83,0.0,13.1,12.01,12.86,1.0,62080.0
2016-06-09,12.99,13.55,12.24,13.05,87693.0,12.99,0.0,13.55,12.24,13.05,1.0,87693.0
2016-06-08,13.34,14.465,13.0,13.57,15404.0,13.34,0.0,14.465,13.0,13.57,1.0,15404.0
2016-06-07,13.54,14.47,13.4201,14.25,18392.0,13.54,0.0,14.47,13.4201,14.25,1.0,18392.0
2016-06-06,14.24,14.69,14.08,14.5,15067.0,14.24,0.0,14.69,14.08,14.5,1.0,15067.0
2016-06-03,14.49,14.7,14.16,14.21,38295.0,14.49,0.0,14.7,14.16,14.21,1.0,38295.0
2016-06-02,14.33,14.5,13.9,14.35,17988.0,14.33,0.0,14.5,13.9,14.35,1.0,17988.0
2016-06-01,14.32,14.485,13.52,14.08,12619.0,14.32,0.0,14.485,13.52,14.08,1.0,12619.0
2016-05-31,14.05,14.5,13.85,14.5,10447.0,14.05,0.0,14.5,13.85,14.5,1.0,10447.0
2016-05-27,14.41,14.49,13.535,14.39,16976.0,14.41,0.0,14.49,13.535,14.39,1.0,16976.0
2016-05-26,14.31,14.59,13.5,14.4,12254.0,14.31,0.0,14.59,13.5,14.4,1.0,12254.0
2016-05-25,14.21,14.6,14.03,14.33,10824.0,14.21,0.0,14.6,14.03,14.33,1.0,10824.0
2016-05-24,14.19,14.9,13.61,14.53,41586.0,14.19,0.0,14.9,13.61,14.53,1.0,41586.0
2016-05-23,14.36,14.5,13.805,14.36,29350.0,14.36,0.0,14.5,13.805,14.36,1.0,29350.0
2016-05-20,14.03,14.78,12.4101,12.66,50410.0,14.03,0.0,14.78,12.4101,12.66,1.0,50410.0
2016-05-19,12.66,12.73,11.5,11.65,34529.0,12.66,0.0,12.73,11.5,11.65,1.0,34529.0
2016-05-18,11.62,12.0,11.025,11.25,47998.0,11.62,0.0,12.0,11.025,11.25,1.0,47998.0
2016-05-17,11.3,12.575,11.04,11.8,82739.0,11.3,0.0,12.575,11.04,11.8,1.0,82739.0
2016-05-16,11.65,12.05,10.88,10.94,89156.0,11.65,0.0,12.05,10.88,10.94,1.0,89156.0
2016-05-13,10.66,10.87,9.8,9.84,22094.0,10.66,0.0,10.87,9.8,9.84,1.0,22094.0
2016-05-12,10.11,10.86,9.63,10.64,193724.0,10.11,0.0,10.86,9.63,10.64,1.0,193724.0
2016-05-11,10.76,12.38,10.6,12.3,79461.0,10.76,0.0,12.38,10.6,12.3,1.0,79461.0
2016-05-10,12.39,12.55,12.3,12.55,23495.0,12.39,0.0,12.55,12.3,12.55,1.0,23495.0
2016-05-09,12.46,12.99,12.06,12.09,76892.0,12.46,0.0,12.99,12.06,12.09,1.0,76892.0
2016-05-06,12.09,12.98,12.05,12.39,71626.0,12.09,0.0,12.98,12.05,12.39,1.0,71626.0
2016-05-05,12.42,12.9431,12.4,12.7599,26750.0,12.42,0.0,12.9431,12.4,12.7599,1.0,26750.0
2016-05-04,12.78,13.2699,12.05,12.5,73134.0,12.78,0.0,13.2699,12.05,12.5,1.0,73134.0
2016-05-03,12.31,12.64,12.05,12.05,42860.0,12.31,0.0,12.64,12.05,12.05,1.0,42860.0
2016-05-02,12.06,12.48,12.05,12.33,29195.0,12.06,0.0,12.48,12.05,12.33,1.0,29195.0
2016-04-29,12.24,12.96,12.05,12.58,52774.0,12.24,0.0,12.96,12.05,12.58,1.0,52774.0
2016-04-28,12.78,14.665,12.5,13.8,88427.0,12.78,0.0,14.665,12.5,13.8,1.0,88427.0
2016-04-27,13.82,14.24,13.81,14.12,25000.0,13.82,0.0,14.24,13.81,14.12,1.0,25000.0
2016-04-26,14.39,14.86,13.8501,14.86,95682.0,14.39,0.0,14.86,13.8501,14.86,1.0,95682.0
2016-04-25,14.86,15.2,14.525,15.18,41474.0,14.86,0.0,15.2,14.525,15.18,1.0,41474.0
2016-04-22,15.13,15.2,14.95,14.97,25015.0,15.13,0.0,15.2,14.95,14.97,1.0,25015.0
2016-04-21,15.01,15.35,14.9,14.95,66659.0,15.01,0.0,15.35,14.9,14.95,1.0,66659.0
2016-04-20,15.0,15.4,14.89,15.27,106618.0,15.0,0.0,15.4,14.89,15.27,1.0,106618.0
2016-04-19,15.19,15.23,14.595,14.87,78047.0,15.19,0.0,15.23,14.595,14.87,1.0,78047.0
2016-04-18,15.03,15.88,15.0,15.88,121547.0,15.03,0.0,15.88,15.0,15.88,1.0,121547.0
2016-04-15,15.61,15.9,15.26,15.7,84238.0,15.61,0.0,15.9,15.26,15.7,1.0,84238.0
2016-04-14,15.32,15.71,15.11,15.13,73568.0,15.32,0.0,15.71,15.11,15.13,1.0,73568.0
2016-04-13,15.01,15.6,14.82,14.9,145351.0,15.01,0.0,15.6,14.82,14.9,1.0,145351.0
2016-04-12,14.76,15.0,14.5001,14.83,57290.0,14.76,0.0,15.0,14.5001,14.83,1.0,57290.0
2016-04-11,14.52,15.05,14.5,14.8,122774.0,14.52,0.0,15.05,14.5,14.8,1.0,122774.0
2016-04-08,14.75,15.1999,14.74,14.8,152158.0,14.75,0.0,15.1999,14.74,14.8,1.0,152158.0
2016-04-07,14.75,15.015,14.75,14.9,147536.0,14.75,0.0,15.015,14.75,14.9,1.0,147536.0
2016-04-06,14.91,15.2999,14.79,15.18,248944.0,14.91,0.0,15.2999,14.79,15.18,1.0,248944.0
2016-04-05,14.75,15.63,14.35,14.35,238156.0,14.75,0.0,15.63,14.35,14.35,1.0,238156.0
2016-04-04,14.4,14.75,14.25,14.29,102038.0,14.4,0.0,14.75,14.25,14.29,1.0,102038.0
2016-04-01,14.25,14.85,14.25,14.5,123619.0,14.25,0.0,14.85,14.25,14.5,1.0,123619.0
2016-03-31,14.5,14.97,14.398,14.97,107598.0,14.5,0.0,14.97,14.398,14.97,1.0,107598.0
2016-03-30,14.76,14.95,14.5,14.71,87748.0,14.76,0.0,14.95,14.5,14.71,1.0,87748.0
2016-03-29,14.53,14.94,13.75,13.75,106388.0,14.53,0.0,14.94,13.75,13.75,1.0,106388.0
2016-03-28,13.8,14.42,13.75,14.39,110975.0,13.8,0.0,14.42,13.75,14.39,1.0,110975.0
2016-03-24,14.25,14.47,14.0,14.15,246413.0,14.25,0.0,14.47,14.0,14.15,1.0,246413.0
2016-03-23,14.25,15.39,14.25,15.0,1643589.0,14.25,0.0,15.39,14.25,15.0,1.0,1643589.0
