,Unnamed: 0,adj_close,adj_high,adj_low,adj_open,adj_volume,close,ex_dividend,high,low,open,split_ratio,volume,Day of Week
0,2017-02-10,61.99,62.98,61.48,62.27,260798.0,61.99,0.0,62.98,61.48,62.27,1.0,260798.0,4
1,2017-02-09,62.0,62.5351,61.57,61.57,319964.0,62.0,0.0,62.5351,61.57,61.57,1.0,319964.0,3
2,2017-02-08,61.5,62.03,60.8921,62.0,411708.0,61.5,0.0,62.03,60.8921,62.0,1.0,411708.0,2
3,2017-02-07,61.62,62.29,61.1884,61.23,453840.0,61.62,0.0,62.29,61.1884,61.23,1.0,453840.0,1
4,2017-02-06,61.19,62.5,60.59,61.97,632000.0,61.19,0.0,62.5,60.59,61.97,1.0,632000.0,0
5,2017-02-03,61.7,62.75,61.36,61.37,446635.0,61.7,0.0,62.75,61.36,61.37,1.0,446635.0,4
6,2017-02-02,61.28,61.949,58.87,59.58,597626.0,61.28,0.0,61.949,58.87,59.58,1.0,597626.0,3
7,2017-02-01,59.8,61.0,58.87,59.57,640647.0,59.8,0.0,61.0,58.87,59.57,1.0,640647.0,2
8,2017-01-31,58.84,63.7508,56.07,63.5,1549725.0,58.84,0.0,63.7508,56.07,63.5,1.0,1549725.0,1
9,2017-01-30,59.61,59.8199,58.02,59.4,785968.0,59.61,0.0,59.8199,58.02,59.4,1.0,785968.0,0
10,2017-01-27,59.37,59.54,58.64,59.03,332951.0,59.37,0.0,59.54,58.64,59.03,1.0,332951.0,4
11,2017-01-26,58.76,59.1399,58.53,58.87,200132.0,58.76,0.0,59.1399,58.53,58.87,1.0,200132.0,3
12,2017-01-25,58.79,59.0,58.4001,58.58,338591.0,58.79,0.0,59.0,58.4001,58.58,1.0,338591.0,2
13,2017-01-24,57.91,58.19,56.69,56.85,301346.0,57.91,0.0,58.19,56.69,56.85,1.0,301346.0,1
14,2017-01-23,56.62,57.51,56.54,56.77,235998.0,56.62,0.0,57.51,56.54,56.77,1.0,235998.0,0
15,2017-01-20,56.7,57.21,56.55,56.84,165287.0,56.7,0.0,57.21,56.55,56.84,1.0,165287.0,4
16,2017-01-19,56.84,57.77,56.5,57.27,297125.0,56.84,0.0,57.77,56.5,57.27,1.0,297125.0,3
17,2017-01-18,56.9,57.66,56.31,56.5,312580.0,56.9,0.0,57.66,56.31,56.5,1.0,312580.0,2
18,2017-01-17,56.11,57.49,55.76,57.32,359002.0,56.11,0.0,57.49,55.76,57.32,1.0,359002.0,1
19,2017-01-13,57.94,58.31399999999999,57.47,57.56,393794.0,57.94,0.0,58.31399999999999,57.47,57.56,1.0,393794.0,4
20,2017-01-12,57.39,57.88,56.38,57.88,279716.0,57.39,0.0,57.88,56.38,57.88,1.0,279716.0,3
21,2017-01-11,57.41,57.46,56.08,56.54,262473.0,57.41,0.0,57.46,56.08,56.54,1.0,262473.0,2
22,2017-01-10,56.31,56.599,55.505,55.92,233143.0,56.31,0.0,56.599,55.505,55.92,1.0,233143.0,1
23,2017-01-09,56.03,56.31,55.46,55.89,216289.0,56.03,0.0,56.31,55.46,55.89,1.0,216289.0,0
24,2017-01-06,55.62,56.05,54.95,55.78,240270.0,55.62,0.0,56.05,54.95,55.78,1.0,240270.0,4
25,2017-01-05,55.94,57.98,55.68,57.68,259837.0,55.94,0.0,57.98,55.68,57.68,1.0,259837.0,3
26,2017-01-04,56.03,56.21,54.5011,54.68,421205.0,56.03,0.0,56.21,54.5011,54.68,1.0,421205.0,2
27,2017-01-03,54.8,55.6499,53.79,55.04,280848.0,54.8,0.0,55.6499,53.79,55.04,1.0,280848.0,1
28,2016-12-30,54.75,55.8384,54.49,55.65,308183.0,54.75,0.0,55.8384,54.49,55.65,1.0,308183.0,4
29,2016-12-29,55.47,55.77,54.68,55.34,193229.0,55.47,0.0,55.77,54.68,55.34,1.0,193229.0,3
30,2016-12-28,55.43,57.29,55.28,57.01,253709.0,55.43,0.0,57.29,55.28,57.01,1.0,253709.0,2
31,2016-12-27,56.91,56.989,56.04,56.2,211846.0,56.91,0.0,56.989,56.04,56.2,1.0,211846.0,1
32,2016-12-23,55.97,56.14,55.31,55.84,135562.0,55.97,0.0,56.14,55.31,55.84,1.0,135562.0,4
33,2016-12-22,56.0,56.9838,55.785,56.35,362769.0,56.0,0.0,56.9838,55.785,56.35,1.0,362769.0,3
34,2016-12-21,56.16,56.72,55.335,55.48,339948.0,56.16,0.0,56.72,55.335,55.48,1.0,339948.0,2
35,2016-12-20,55.74,55.81,54.26,54.86,446815.0,55.74,0.0,55.81,54.26,54.86,1.0,446815.0,1
36,2016-12-19,54.46,54.84,53.7201,53.88,273841.0,54.46,0.0,54.84,53.7201,53.88,1.0,273841.0,0
37,2016-12-16,53.37,54.4,53.19,54.35,797152.0,53.37,0.0,54.4,53.19,54.35,1.0,797152.0,4
38,2016-12-15,54.1,54.54,52.69,52.73,386155.0,54.1,0.0,54.54,52.69,52.73,1.0,386155.0,3
39,2016-12-14,52.7,53.69,52.12,52.12,276401.0,52.7,0.0,53.69,52.12,52.12,1.0,276401.0,2
40,2016-12-13,52.42,53.9119,52.12,52.7,304364.0,52.42,0.0,53.9119,52.12,52.7,1.0,304364.0,1
41,2016-12-12,52.72,53.665,52.4998,53.52,233458.0,52.72,0.0,53.665,52.4998,53.52,1.0,233458.0,0
42,2016-12-09,53.5,55.74,53.32,55.5,367937.0,53.5,0.0,55.74,53.32,55.5,1.0,367937.0,4
43,2016-12-08,55.27,55.36,53.89,54.13,355357.0,55.27,0.0,55.36,53.89,54.13,1.0,355357.0,3
44,2016-12-07,54.05,54.22,52.7345,52.84,636653.0,54.05,0.0,54.22,52.7345,52.84,1.0,636653.0,2
45,2016-12-06,53.03,54.66,52.42,54.15,393591.0,53.03,0.0,54.66,52.42,54.15,1.0,393591.0,1
46,2016-12-05,53.81,54.19,53.345,53.79,348932.0,53.81,0.0,54.19,53.345,53.79,1.0,348932.0,0
47,2016-12-02,53.49,53.65,51.56100000000001,52.11,272703.0,53.49,0.0,53.65,51.56100000000001,52.11,1.0,272703.0,4
48,2016-12-01,52.1,55.78,51.66,55.01,737361.0,52.1,0.0,55.78,51.66,55.01,1.0,737361.0,3
49,2016-11-30,55.21,56.685,55.07,56.57,248222.0,55.21,0.0,56.685,55.07,56.57,1.0,248222.0,2
50,2016-11-29,56.28,56.473,55.555,55.8,243752.0,56.28,0.0,56.473,55.555,55.8,1.0,243752.0,1
51,2016-11-28,55.8,56.05,55.46,55.72,315296.0,55.8,0.0,56.05,55.46,55.72,1.0,315296.0,0
52,2016-11-25,55.55,55.746,55.3,55.43,102555.0,55.55,0.0,55.746,55.3,55.43,1.0,102555.0,4
53,2016-11-23,55.3,55.66,54.81100000000001,55.17,192280.0,55.3,0.0,55.66,54.81100000000001,55.17,1.0,192280.0,2
54,2016-11-22,55.3,55.4,54.2,54.48,274338.0,55.3,0.0,55.4,54.2,54.48,1.0,274338.0,1
55,2016-11-21,54.43,55.0,53.49,55.0,313161.0,54.43,0.0,55.0,53.49,55.0,1.0,313161.0,0
56,2016-11-18,54.34,54.39,53.62,54.32,351838.0,54.34,0.0,54.39,53.62,54.32,1.0,351838.0,4
57,2016-11-17,54.08,54.23,53.0,53.48,262809.0,54.08,0.0,54.23,53.0,53.48,1.0,262809.0,3
58,2016-11-16,53.17,53.18,52.2,52.4,286929.0,53.17,0.0,53.18,52.2,52.4,1.0,286929.0,2
59,2016-11-15,52.4,52.5,51.29,51.49,254098.0,52.4,0.0,52.5,51.29,51.49,1.0,254098.0,1
60,2016-11-14,51.52,52.2,50.8712,51.86,465020.0,51.52,0.0,52.2,50.8712,51.86,1.0,465020.0,0
61,2016-11-11,51.29,51.3259,49.2,49.75,381963.0,51.29,0.0,51.3259,49.2,49.75,1.0,381963.0,4
62,2016-11-10,49.6,50.934,49.25,50.51,417898.0,49.6,0.0,50.934,49.25,50.51,1.0,417898.0,3
63,2016-11-09,49.76,49.85,47.9,48.82,360911.0,49.76,0.0,49.85,47.9,48.82,1.0,360911.0,2
64,2016-11-08,49.56,49.85,48.8686,49.44,242773.0,49.56,0.0,49.85,48.8686,49.44,1.0,242773.0,1
65,2016-11-07,49.42,49.6,47.6863,47.83,428041.0,49.42,0.0,49.6,47.6863,47.83,1.0,428041.0,0
66,2016-11-04,47.13,47.9599,46.43,46.43,473504.0,47.13,0.0,47.9599,46.43,46.43,1.0,473504.0,4
67,2016-11-03,46.54,49.0,46.39,48.92,535245.0,46.54,0.0,49.0,46.39,48.92,1.0,535245.0,3
68,2016-11-02,49.07,49.23,48.14,48.18,455647.0,49.07,0.0,49.23,48.14,48.18,1.0,455647.0,2
69,2016-11-01,48.02,50.79,47.46,48.62,757700.0,48.02,0.0,50.79,47.46,48.62,1.0,757700.0,1
70,2016-10-31,47.7,47.89,46.88,47.28,317393.0,47.7,0.0,47.89,46.88,47.28,1.0,317393.0,0
71,2016-10-28,47.35,48.19,47.165,47.33,247350.0,47.35,0.0,48.19,47.165,47.33,1.0,247350.0,4
72,2016-10-27,47.33,48.2,47.27,48.06,346849.0,47.33,0.0,48.2,47.27,48.06,1.0,346849.0,3
73,2016-10-26,47.59,48.16,47.331,47.58,357703.0,47.59,0.0,48.16,47.331,47.58,1.0,357703.0,2
74,2016-10-25,47.6,47.92,47.34,47.67,192281.0,47.6,0.0,47.92,47.34,47.67,1.0,192281.0,1
75,2016-10-24,47.5,47.72,46.82,46.82,240079.0,47.5,0.0,47.72,46.82,46.82,1.0,240079.0,0
76,2016-10-21,46.68,46.78,46.18,46.41,150940.0,46.68,0.0,46.78,46.18,46.41,1.0,150940.0,4
77,2016-10-20,46.83,47.02,46.4401,46.8,188057.0,46.83,0.0,47.02,46.4401,46.8,1.0,188057.0,3
78,2016-10-19,46.9,47.0833,46.51,46.7,303091.0,46.9,0.0,47.0833,46.51,46.7,1.0,303091.0,2
79,2016-10-18,46.83,47.73,46.8,47.29,329391.0,46.83,0.0,47.73,46.8,47.29,1.0,329391.0,1
80,2016-10-17,46.82,47.32,46.01,46.01,404825.0,46.82,0.0,47.32,46.01,46.01,1.0,404825.0,0
81,2016-10-14,46.14,46.97,45.47,45.47,202550.0,46.14,0.0,46.97,45.47,45.47,1.0,202550.0,4
82,2016-10-13,45.73,47.8605,45.5,47.2,438831.0,45.73,0.0,47.8605,45.5,47.2,1.0,438831.0,3
83,2016-10-12,47.8,47.85,46.93,47.13,173244.0,47.8,0.0,47.85,46.93,47.13,1.0,173244.0,2
84,2016-10-11,47.45,48.03,46.88,48.03,272712.0,47.45,0.0,48.03,46.88,48.03,1.0,272712.0,1
85,2016-10-10,48.0,48.24,47.89,48.0,106411.0,48.0,0.0,48.24,47.89,48.0,1.0,106411.0,0
86,2016-10-07,47.8,48.33,47.45,48.33,192739.0,47.8,0.0,48.33,47.45,48.33,1.0,192739.0,4
87,2016-10-06,48.55,48.59,47.1,47.18,464145.0,48.55,0.0,48.59,47.1,47.18,1.0,464145.0,3
88,2016-10-05,47.25,47.4,46.77,46.89,194207.0,47.25,0.0,47.4,46.77,46.89,1.0,194207.0,2
89,2016-10-04,46.86,47.41,46.32,47.41,228708.0,46.86,0.0,47.41,46.32,47.41,1.0,228708.0,1
90,2016-10-03,47.31,47.8919,46.94,47.04,324091.0,47.31,0.0,47.8919,46.94,47.04,1.0,324091.0,0
91,2016-09-30,47.32,47.53,47.03,47.05,266061.0,47.32,0.0,47.53,47.03,47.05,1.0,266061.0,4
92,2016-09-29,47.02,47.6,46.2011,46.51,432144.0,47.02,0.0,47.6,46.2011,46.51,1.0,432144.0,3
93,2016-09-28,46.77,48.28,46.59,48.28,247460.0,46.77,0.0,48.28,46.59,48.28,1.0,247460.0,2
94,2016-09-27,47.23,47.26,45.73,46.07,556855.0,47.23,0.0,47.26,45.73,46.07,1.0,556855.0,1
95,2016-09-26,46.0,46.65,45.57,46.27,432898.0,46.0,0.0,46.65,45.57,46.27,1.0,432898.0,0
96,2016-09-23,46.18,47.04,45.93,46.68,254984.0,46.18,0.0,47.04,45.93,46.68,1.0,254984.0,4
97,2016-09-22,46.96,47.17,46.26,46.48,494515.0,46.96,0.0,47.17,46.26,46.48,1.0,494515.0,3
98,2016-09-21,46.26,46.34,45.6435,45.91,493049.0,46.26,0.0,46.34,45.6435,45.91,1.0,493049.0,2
99,2016-09-20,45.915,46.3937,45.6,45.86,432729.0,45.915,0.0,46.3937,45.6,45.86,1.0,432729.0,1
100,2016-09-19,45.47,45.54,45.08,45.08,221108.0,45.47,0.0,45.54,45.08,45.08,1.0,221108.0,0
101,2016-09-16,44.76,45.3599,44.09,44.89,418403.0,44.76,0.0,45.3599,44.09,44.89,1.0,418403.0,4
102,2016-09-15,44.71,44.95,43.3334,43.78,368477.0,44.71,0.0,44.95,43.3334,43.78,1.0,368477.0,3
103,2016-09-14,43.56,44.71,43.51,44.36,300283.0,43.56,0.0,44.71,43.51,44.36,1.0,300283.0,2
104,2016-09-13,44.17,45.44,44.05,45.15,337005.0,44.17,0.0,45.44,44.05,45.15,1.0,337005.0,1
105,2016-09-12,44.99,45.0,44.01,44.27,199961.0,44.99,0.0,45.0,44.01,44.27,1.0,199961.0,0
106,2016-09-09,44.51,45.29,44.35,45.14,314959.0,44.51,0.0,45.29,44.35,45.14,1.0,314959.0,4
107,2016-09-08,45.53,45.59,44.83,45.59,234037.0,45.53,0.0,45.59,44.83,45.59,1.0,234037.0,3
108,2016-09-07,45.61,46.0,45.05,45.99,443392.0,45.61,0.0,46.0,45.05,45.99,1.0,443392.0,2
109,2016-09-06,45.8,45.835,44.92,45.6,382436.0,45.8,0.0,45.835,44.92,45.6,1.0,382436.0,1
110,2016-09-02,45.39,45.42,44.49,45.34,313878.0,45.39,0.0,45.42,44.49,45.34,1.0,313878.0,4
111,2016-09-01,45.0,45.22,43.78,43.79,510426.0,45.0,0.0,45.22,43.78,43.79,1.0,510426.0,3
112,2016-08-31,43.95,44.16,43.29,44.05,234130.0,43.95,0.0,44.16,43.29,44.05,1.0,234130.0,2
113,2016-08-30,44.09,44.4,43.74,44.28,121402.0,44.09,0.0,44.4,43.74,44.28,1.0,121402.0,1
114,2016-08-29,44.09,44.22,43.66,43.75,192853.0,44.09,0.0,44.22,43.66,43.75,1.0,192853.0,0
115,2016-08-26,43.61,44.07,43.3,43.88,173063.0,43.61,0.0,44.07,43.3,43.88,1.0,173063.0,4
116,2016-08-25,43.99,44.105,43.51,43.79,203224.0,43.99,0.0,44.105,43.51,43.79,1.0,203224.0,3
117,2016-08-24,43.78,43.92,43.51,43.73,240239.0,43.78,0.0,43.92,43.51,43.73,1.0,240239.0,2
118,2016-08-23,43.62,44.29,43.47,44.1,187954.0,43.62,0.0,44.29,43.47,44.1,1.0,187954.0,1
119,2016-08-22,43.8,47.47,43.2,47.47,443404.0,43.8,0.0,47.47,43.2,47.47,1.0,443404.0,0
120,2016-08-19,43.64,44.0,42.28,42.38,342569.0,43.64,0.0,44.0,42.28,42.38,1.0,342569.0,4
121,2016-08-18,42.28,42.32,41.6451,41.8,232943.0,42.28,0.0,42.32,41.6451,41.8,1.0,232943.0,3
122,2016-08-17,41.93,42.22,41.153,41.6,184641.0,41.93,0.0,42.22,41.153,41.6,1.0,184641.0,2
123,2016-08-16,41.56,41.95,41.2342,41.76,178674.0,41.56,0.0,41.95,41.2342,41.76,1.0,178674.0,1
124,2016-08-15,41.87,41.97,41.48,41.62,108893.0,41.87,0.0,41.97,41.48,41.62,1.0,108893.0,0
125,2016-08-12,41.69,41.7,41.011,41.32,238756.0,41.69,0.0,41.7,41.011,41.32,1.0,238756.0,4
126,2016-08-11,41.37,41.79,41.36,41.55,181738.0,41.37,0.0,41.79,41.36,41.55,1.0,181738.0,3
127,2016-08-10,41.66,42.27,41.33,42.25,238937.0,41.66,0.0,42.27,41.33,42.25,1.0,238937.0,2
128,2016-08-09,42.25,42.56,42.1,42.17,155617.0,42.25,0.0,42.56,42.1,42.17,1.0,155617.0,1
129,2016-08-08,42.09,42.2,41.44,41.75,257607.0,42.09,0.0,42.2,41.44,41.75,1.0,257607.0,0
130,2016-08-05,41.64,41.64,40.76,41.0,283620.0,41.64,0.0,41.64,40.76,41.0,1.0,283620.0,4
131,2016-08-04,40.94,41.2,40.6168,40.69,195764.0,40.94,0.0,41.2,40.6168,40.69,1.0,195764.0,3
132,2016-08-03,40.57,40.745,39.81,40.03,342112.0,40.57,0.0,40.745,39.81,40.03,1.0,342112.0,2
133,2016-08-02,39.91,43.54,39.25,43.54,406180.0,39.91,0.0,43.54,39.25,43.54,1.0,406180.0,1
134,2016-08-01,40.99,41.1,40.35,40.91,364591.0,40.99,0.0,41.1,40.35,40.91,1.0,364591.0,0
135,2016-07-29,40.72,41.4,40.5,41.13,232357.0,40.72,0.0,41.4,40.5,41.13,1.0,232357.0,4
136,2016-07-28,41.01,41.9,39.76,40.89,302181.0,41.01,0.0,41.9,39.76,40.89,1.0,302181.0,3
137,2016-07-27,40.74,40.97,40.3403,40.86,177624.0,40.74,0.0,40.97,40.3403,40.86,1.0,177624.0,2
138,2016-07-26,40.51,40.53,40.03,40.16,191340.0,40.51,0.0,40.53,40.03,40.16,1.0,191340.0,1
139,2016-07-25,39.95,40.1,39.59,39.92,187312.0,39.95,0.0,40.1,39.59,39.92,1.0,187312.0,0
140,2016-07-22,39.79,40.02,39.17,39.51,151884.0,39.79,0.0,40.02,39.17,39.51,1.0,151884.0,4
141,2016-07-21,39.69,40.24,39.4,40.04,195326.0,39.69,0.0,40.24,39.4,40.04,1.0,195326.0,3
142,2016-07-20,40.0,40.14,39.66,39.8,149785.0,40.0,0.0,40.14,39.66,39.8,1.0,149785.0,2
143,2016-07-19,39.53,39.965,39.301,39.63,98507.0,39.53,0.0,39.965,39.301,39.63,1.0,98507.0,1
144,2016-07-18,39.51,40.05,39.16,39.56,134741.0,39.51,0.0,40.05,39.16,39.56,1.0,134741.0,0
145,2016-07-15,39.17,39.36,38.51,39.32,212744.0,39.17,0.0,39.36,38.51,39.32,1.0,212744.0,4
146,2016-07-14,39.03,39.4216,38.0,39.1,257323.0,39.03,0.0,39.4216,38.0,39.1,1.0,257323.0,3
147,2016-07-13,39.9,40.15,39.26,39.53,214508.0,39.9,0.0,40.15,39.26,39.53,1.0,214508.0,2
148,2016-07-12,39.26,39.32,38.68,38.68,267644.0,39.26,0.0,39.32,38.68,38.68,1.0,267644.0,1
149,2016-07-11,38.81,39.04,38.34,38.53,273143.0,38.81,0.0,39.04,38.34,38.53,1.0,273143.0,0
150,2016-07-08,38.44,38.59,37.73,38.51,314491.0,38.44,0.0,38.59,37.73,38.51,1.0,314491.0,4
151,2016-07-07,37.72,37.875,37.22,37.48,131446.0,37.72,0.0,37.875,37.22,37.48,1.0,131446.0,3
152,2016-07-06,37.33,37.52,36.7,37.04,149557.0,37.33,0.0,37.52,36.7,37.04,1.0,149557.0,2
153,2016-07-05,37.24,37.48,36.85,37.48,125838.0,37.24,0.0,37.48,36.85,37.48,1.0,125838.0,1
154,2016-07-01,37.54,37.95,37.3,37.79,123459.0,37.54,0.0,37.95,37.3,37.79,1.0,123459.0,4
155,2016-06-30,37.96,37.96,36.55,36.58,260473.0,37.96,0.0,37.96,36.55,36.58,1.0,260473.0,3
156,2016-06-29,36.38,36.49,36.04,36.05,179673.0,36.38,0.0,36.49,36.04,36.05,1.0,179673.0,2
157,2016-06-28,35.79,36.22,35.46,36.22,260600.0,35.79,0.0,36.22,35.46,36.22,1.0,260600.0,1
158,2016-06-27,35.58,36.8509,35.42,36.55,255565.0,35.58,0.0,36.8509,35.42,36.55,1.0,255565.0,0
159,2016-06-24,36.78,37.79,36.42,37.32,768564.0,36.78,0.0,37.79,36.42,37.32,1.0,768564.0,4
160,2016-06-23,38.74,38.76,38.24,38.24,294538.0,38.74,0.0,38.76,38.24,38.24,1.0,294538.0,3
161,2016-06-22,37.99,38.4,37.85,38.0,166256.0,37.99,0.0,38.4,37.85,38.0,1.0,166256.0,2
162,2016-06-21,37.95,38.3,37.74,38.16,124389.0,37.95,0.0,38.3,37.74,38.16,1.0,124389.0,1
163,2016-06-20,38.22,38.66,37.865,37.91,155782.0,38.22,0.0,38.66,37.865,37.91,1.0,155782.0,0
164,2016-06-17,37.47,38.04,37.26,38.0,637108.0,37.47,0.0,38.04,37.26,38.0,1.0,637108.0,4
165,2016-06-16,37.91,38.19,37.5001,38.1,189546.0,37.91,0.0,38.19,37.5001,38.1,1.0,189546.0,3
166,2016-06-15,38.38,38.85,38.15,38.16,278347.0,38.38,0.0,38.85,38.15,38.16,1.0,278347.0,2
167,2016-06-14,38.0,38.37,37.65,37.95,267987.0,38.0,0.0,38.37,37.65,37.95,1.0,267987.0,1
168,2016-06-13,37.87,38.38,37.77,37.88,155409.0,37.87,0.0,38.38,37.77,37.88,1.0,155409.0,0
169,2016-06-10,38.22,38.8,38.0,38.34,233760.0,38.22,0.0,38.8,38.0,38.34,1.0,233760.0,4
170,2016-06-09,38.85,39.03,38.39,38.56,275250.0,38.85,0.0,39.03,38.39,38.56,1.0,275250.0,3
171,2016-06-08,38.63,38.84,38.13,38.34,186815.0,38.63,0.0,38.84,38.13,38.34,1.0,186815.0,2
172,2016-06-07,38.27,38.42,37.6168,38.25,215867.0,38.27,0.0,38.42,37.6168,38.25,1.0,215867.0,1
173,2016-06-06,38.28,38.42,37.95,38.37,182298.0,38.28,0.0,38.42,37.95,38.37,1.0,182298.0,0
174,2016-06-03,38.18,38.5,37.54,38.31,197758.0,38.18,0.0,38.5,37.54,38.31,1.0,197758.0,4
175,2016-06-02,38.24,38.37,37.83,37.88,207050.0,38.24,0.0,38.37,37.83,37.88,1.0,207050.0,3
176,2016-06-01,38.11,39.03,37.88,38.06,406088.0,38.11,0.0,39.03,37.88,38.06,1.0,406088.0,2
177,2016-05-31,38.17,38.22,37.69,38.0,318153.0,38.17,0.0,38.22,37.69,38.0,1.0,318153.0,1
178,2016-05-27,37.86,38.03,37.03,37.03,203434.0,37.86,0.0,38.03,37.03,37.03,1.0,203434.0,4
179,2016-05-26,37.12,37.4,36.62,37.4,183689.0,37.12,0.0,37.4,36.62,37.4,1.0,183689.0,3
180,2016-05-25,36.82,37.27,36.4701,37.05,268404.0,36.82,0.0,37.27,36.4701,37.05,1.0,268404.0,2
181,2016-05-24,37.14,37.17,35.95,35.99,336142.0,37.14,0.0,37.17,35.95,35.99,1.0,336142.0,1
182,2016-05-23,35.93,36.31,35.52,35.52,270669.0,35.93,0.0,36.31,35.52,35.52,1.0,270669.0,0
183,2016-05-20,35.54,35.559,34.03,34.03,449475.0,35.54,0.0,35.559,34.03,34.03,1.0,449475.0,4
184,2016-05-19,33.74,34.75,33.33,34.07,206813.0,33.74,0.0,34.75,33.33,34.07,1.0,206813.0,3
185,2016-05-18,34.21,34.745,33.161,33.42,346364.0,34.21,0.0,34.745,33.161,33.42,1.0,346364.0,2
186,2016-05-17,33.53,35.39,33.24,34.8,360582.0,33.53,0.0,35.39,33.24,34.8,1.0,360582.0,1
187,2016-05-16,34.88,35.22,34.5,34.78,372067.0,34.88,0.0,35.22,34.5,34.78,1.0,372067.0,0
188,2016-05-13,34.7,35.05,34.36,34.36,311255.0,34.7,0.0,35.05,34.36,34.36,1.0,311255.0,4
189,2016-05-12,34.43,35.475,33.96,35.34,273349.0,34.43,0.0,35.475,33.96,35.34,1.0,273349.0,3
190,2016-05-11,35.2,35.27,34.75,34.76,371024.0,35.2,0.0,35.27,34.75,34.76,1.0,371024.0,2
191,2016-05-10,34.78,34.99,34.2,34.5,366397.0,34.78,0.0,34.99,34.2,34.5,1.0,366397.0,1
192,2016-05-09,34.41,34.8,33.67,33.67,461677.0,34.41,0.0,34.8,33.67,33.67,1.0,461677.0,0
193,2016-05-06,33.92,34.705,33.755,34.36,452597.0,33.92,0.0,34.705,33.755,34.36,1.0,452597.0,4
194,2016-05-05,34.55,34.945,34.26,34.58,355764.0,34.55,0.0,34.945,34.26,34.58,1.0,355764.0,3
195,2016-05-04,34.55,34.97,34.32,34.37,569033.0,34.55,0.0,34.97,34.32,34.37,1.0,569033.0,2
196,2016-05-03,34.42,34.99,33.33,34.28,500899.0,34.42,0.0,34.99,33.33,34.28,1.0,500899.0,1
197,2016-05-02,33.3,33.3,32.2424,32.44,460955.0,33.3,0.0,33.3,32.2424,32.44,1.0,460955.0,0
198,2016-04-29,32.35,33.17,31.98,32.89,216842.0,32.35,0.0,33.17,31.98,32.89,1.0,216842.0,4
199,2016-04-28,32.85,33.94,32.76,33.9,204230.0,32.85,0.0,33.94,32.76,33.9,1.0,204230.0,3
200,2016-04-27,34.16,34.25,33.4288,33.54,252262.0,34.16,0.0,34.25,33.4288,33.54,1.0,252262.0,2
201,2016-04-26,33.66,33.9,33.35,33.35,248766.0,33.66,0.0,33.9,33.35,33.35,1.0,248766.0,1
202,2016-04-25,33.15,33.38,32.98,33.3,242986.0,33.15,0.0,33.38,32.98,33.3,1.0,242986.0,0
203,2016-04-22,33.28,33.37,32.84,32.85,376483.0,33.28,0.0,33.37,32.84,32.85,1.0,376483.0,4
204,2016-04-21,32.85,33.1,32.2216,32.4,619703.0,32.85,0.0,33.1,32.2216,32.4,1.0,619703.0,3
205,2016-04-20,32.5,34.2,32.41,33.83,630959.0,32.5,0.0,34.2,32.41,33.83,1.0,630959.0,2
206,2016-04-19,34.52,34.84,34.27,34.45,255137.0,34.52,0.0,34.84,34.27,34.45,1.0,255137.0,1
207,2016-04-18,34.92,35.06,34.25,34.33,245688.0,34.92,0.0,35.06,34.25,34.33,1.0,245688.0,0
208,2016-04-15,35.26,35.79,34.604,35.05,261088.0,35.26,0.0,35.79,34.604,35.05,1.0,261088.0,4
209,2016-04-14,35.2,35.39,34.89,35.12,284739.0,35.2,0.0,35.39,34.89,35.12,1.0,284739.0,3
210,2016-04-13,35.29,35.39,34.55,35.0,266064.0,35.29,0.0,35.39,34.55,35.0,1.0,266064.0,2
211,2016-04-12,34.97,35.25,34.69,35.25,389289.0,34.97,0.0,35.25,34.69,35.25,1.0,389289.0,1
212,2016-04-11,35.17,35.19,34.68,34.68,424809.0,35.17,0.0,35.19,34.68,34.68,1.0,424809.0,0
213,2016-04-08,34.49,35.04,34.33,34.57,283449.0,34.49,0.0,35.04,34.33,34.57,1.0,283449.0,4
214,2016-04-07,34.35,34.7,33.98,34.51,348137.0,34.35,0.0,34.7,33.98,34.51,1.0,348137.0,3
215,2016-04-06,34.64,35.03,33.9,34.69,405636.0,34.64,0.0,35.03,33.9,34.69,1.0,405636.0,2
216,2016-04-05,34.75,35.09,34.27,34.38,321052.0,34.75,0.0,35.09,34.27,34.38,1.0,321052.0,1
217,2016-04-04,34.72,35.25,34.68,35.25,325996.0,34.72,0.0,35.25,34.68,35.25,1.0,325996.0,0
218,2016-04-01,35.01,35.13,34.34,34.34,437129.0,35.01,0.0,35.13,34.34,34.34,1.0,437129.0,4
219,2016-03-31,34.79,35.23,34.68,34.9,282541.0,34.79,0.0,35.23,34.68,34.9,1.0,282541.0,3
220,2016-03-30,34.99,35.49,34.8,34.87,299726.0,34.99,0.0,35.49,34.8,34.87,1.0,299726.0,2
221,2016-03-29,34.81,34.92,33.455,33.51,644888.0,34.81,0.0,34.92,33.455,33.51,1.0,644888.0,1
222,2016-03-28,33.31,33.87,33.25,33.5,267568.0,33.31,0.0,33.87,33.25,33.5,1.0,267568.0,0
223,2016-03-24,33.5,33.56,32.66,33.0,317560.0,33.5,0.0,33.56,32.66,33.0,1.0,317560.0,3
224,2016-03-23,33.26,33.75,33.25,33.62,250804.0,33.26,0.0,33.75,33.25,33.62,1.0,250804.0,2
225,2016-03-22,33.79,33.89,31.76,32.54,563537.0,33.79,0.0,33.89,31.76,32.54,1.0,563537.0,1
226,2016-03-21,32.64,32.88,31.78,32.62,197178.0,32.64,0.0,32.88,31.78,32.62,1.0,197178.0,0
227,2016-03-18,32.8,32.98,32.0077,32.9,771915.0,32.8,0.0,32.98,32.0077,32.9,1.0,771915.0,4
228,2016-03-17,32.7,32.8,31.96,32.13,274375.0,32.7,0.0,32.8,31.96,32.13,1.0,274375.0,3
229,2016-03-16,32.21,32.33,31.26,31.4,433524.0,32.21,0.0,32.33,31.26,31.4,1.0,433524.0,2
230,2016-03-15,31.5,31.64,31.09,31.31,232377.0,31.5,0.0,31.64,31.09,31.31,1.0,232377.0,1
231,2016-03-14,31.55,31.8,31.03,31.26,314205.0,31.55,0.0,31.8,31.03,31.26,1.0,314205.0,0
232,2016-03-11,31.25,31.69,30.71,30.99,323084.0,31.25,0.0,31.69,30.71,30.99,1.0,323084.0,4
233,2016-03-10,30.79,31.87,30.62,31.52,297032.0,30.79,0.0,31.87,30.62,31.52,1.0,297032.0,3
234,2016-03-09,31.46,31.71,30.69,30.7,395657.0,31.46,0.0,31.71,30.69,30.7,1.0,395657.0,2
235,2016-03-08,30.53,30.7,30.19,30.4,418136.0,30.53,0.0,30.7,30.19,30.4,1.0,418136.0,1
236,2016-03-07,30.68,31.14,30.35,30.96,361617.0,30.68,0.0,31.14,30.35,30.96,1.0,361617.0,0
237,2016-03-04,31.21,31.35,30.79,30.89,221163.0,31.21,0.0,31.35,30.79,30.89,1.0,221163.0,4
238,2016-03-03,31.09,31.2079,30.83,31.08,201099.0,31.09,0.0,31.2079,30.83,31.08,1.0,201099.0,3
239,2016-03-02,30.97,31.64,30.85,31.48,337910.0,30.97,0.0,31.64,30.85,31.48,1.0,337910.0,2
240,2016-03-01,31.57,31.57,29.77,29.77,708862.0,31.57,0.0,31.57,29.77,29.77,1.0,708862.0,1
241,2016-02-29,29.83,29.98,29.71,29.8,374515.0,29.83,0.0,29.98,29.71,29.8,1.0,374515.0,0
242,2016-02-26,29.87,30.04,29.61,29.79,252452.0,29.87,0.0,30.04,29.61,29.79,1.0,252452.0,4
243,2016-02-25,29.59,29.96,29.43,29.56,127245.0,29.59,0.0,29.96,29.43,29.56,1.0,127245.0,3
244,2016-02-24,29.47,29.49,28.84,28.9,295212.0,29.47,0.0,29.49,28.84,28.9,1.0,295212.0,2
245,2016-02-23,29.14,29.63,29.11,29.43,271710.0,29.14,0.0,29.63,29.11,29.43,1.0,271710.0,1
246,2016-02-22,29.64,30.09,29.43,29.88,314145.0,29.64,0.0,30.09,29.43,29.88,1.0,314145.0,0
247,2016-02-19,29.88,30.02,28.88,28.88,506788.0,29.88,0.0,30.02,28.88,28.88,1.0,506788.0,4
248,2016-02-18,28.82,29.28,28.79,28.99,337166.0,28.82,0.0,29.28,28.79,28.99,1.0,337166.0,3
249,2016-02-17,28.93,29.45,28.5,28.95,597171.0,28.93,0.0,29.45,28.5,28.95,1.0,597171.0,2
250,2016-02-16,28.8,28.89,27.6,27.88,392637.0,28.8,0.0,28.89,27.6,27.88,1.0,392637.0,1
251,2016-02-12,27.59,27.84,26.87,27.53,203921.0,27.59,0.0,27.84,26.87,27.53,1.0,203921.0,4
252,2016-02-11,27.37,27.52,26.41,26.97,242248.0,27.37,0.0,27.52,26.41,26.97,1.0,242248.0,3
253,2016-02-10,27.53,28.06,27.42,27.95,246832.0,27.53,0.0,28.06,27.42,27.95,1.0,246832.0,2
254,2016-02-09,27.71,28.23,27.285,27.37,193190.0,27.71,0.0,28.23,27.285,27.37,1.0,193190.0,1
255,2016-02-08,27.84,27.97,27.03,27.35,352935.0,27.84,0.0,27.97,27.03,27.35,1.0,352935.0,0
256,2016-02-05,27.76,28.3,27.63,28.3,264286.0,27.76,0.0,28.3,27.63,28.3,1.0,264286.0,4
257,2016-02-04,28.43,28.64,28.18,28.25,233779.0,28.43,0.0,28.64,28.18,28.25,1.0,233779.0,3
258,2016-02-03,28.3,28.68,27.9301,28.25,339502.0,28.3,0.0,28.68,27.9301,28.25,1.0,339502.0,2
259,2016-02-02,27.89,28.5,27.52,27.58,652165.0,27.89,0.0,28.5,27.52,27.58,1.0,652165.0,1
260,2016-02-01,27.58,27.87,27.07,27.87,272375.0,27.58,0.0,27.87,27.07,27.87,1.0,272375.0,0
261,2016-01-29,28.08,28.17,26.87,26.87,664461.0,28.08,0.0,28.17,26.87,26.87,1.0,664461.0,4
262,2016-01-28,26.87,27.23,26.41,26.64,279987.0,26.87,0.0,27.23,26.41,26.64,1.0,279987.0,3
263,2016-01-27,26.35,26.83,24.25,26.52,209750.0,26.35,0.0,26.83,24.25,26.52,1.0,209750.0,2
264,2016-01-26,26.69,26.84,26.24,26.24,171926.0,26.69,0.0,26.84,26.24,26.24,1.0,171926.0,1
265,2016-01-25,26.04,26.5,25.95,26.31,240259.0,26.04,0.0,26.5,25.95,26.31,1.0,240259.0,0
266,2016-01-22,26.52,26.91,26.44,26.55,257376.0,26.52,0.0,26.91,26.44,26.55,1.0,257376.0,4
267,2016-01-21,26.09,26.43,25.73,25.98,391104.0,26.09,0.0,26.43,25.73,25.98,1.0,391104.0,3
268,2016-01-20,25.94,26.29,25.04,25.26,412383.0,25.94,0.0,26.29,25.04,25.26,1.0,412383.0,2
269,2016-01-19,25.67,26.45,25.3998,26.26,295622.0,25.67,0.0,26.45,25.3998,26.26,1.0,295622.0,1
270,2016-01-15,25.99,26.15,25.15,26.13,506639.0,25.99,0.0,26.15,25.15,26.13,1.0,506639.0,4
271,2016-01-14,26.93,27.05,25.0495,26.28,626467.0,26.93,0.0,27.05,25.0495,26.28,1.0,626467.0,3
272,2016-01-13,26.01,26.85,25.78,26.7,502543.0,26.01,0.0,26.85,25.78,26.7,1.0,502543.0,2
273,2016-01-12,26.5,26.59,25.81,25.84,529666.0,26.5,0.0,26.59,25.81,25.84,1.0,529666.0,1
274,2016-01-11,25.46,25.66,24.8661,25.55,432505.0,25.46,0.0,25.66,24.8661,25.55,1.0,432505.0,0
275,2016-01-08,25.45,26.67,25.37,26.61,435055.0,25.45,0.0,26.67,25.37,26.61,1.0,435055.0,4
276,2016-01-07,26.44,26.67,25.651,26.17,443214.0,26.44,0.0,26.67,25.651,26.17,1.0,443214.0,3
277,2016-01-06,26.71,26.78,25.54,25.93,389358.0,26.71,0.0,26.78,25.54,25.93,1.0,389358.0,2
278,2016-01-05,26.33,27.1,26.02,26.63,664387.0,26.33,0.0,27.1,26.02,26.63,1.0,664387.0,1
279,2016-01-04,27.07,27.8507,26.72,27.53,481064.0,27.07,0.0,27.8507,26.72,27.53,1.0,481064.0,0
