,Unnamed: 0,adj_close,adj_high,adj_low,adj_open,adj_volume,close,ex_dividend,high,low,open,split_ratio,volume,Day of Week
0,2017-02-10,79.8,79.9,78.85,79.1,38856.0,79.8,0.0,79.9,78.85,79.1,1.0,38856.0,4
1,2017-02-09,78.8,78.995,77.85,78.4,75076.0,78.8,0.0,78.995,77.85,78.4,1.0,75076.0,3
2,2017-02-08,78.65,78.95,77.05,78.05,68723.0,78.65,0.0,78.95,77.05,78.05,1.0,68723.0,2
3,2017-02-07,78.25,78.65,77.55,77.85,71078.0,78.25,0.0,78.65,77.55,77.85,1.0,71078.0,1
4,2017-02-06,77.75,78.0,75.65,76.3,85034.0,77.75,0.0,78.0,75.65,76.3,1.0,85034.0,0
5,2017-02-03,76.55,76.75,75.15,76.1,220191.0,76.55,0.0,76.75,75.15,76.1,1.0,220191.0,4
6,2017-02-02,75.85,77.0,75.1,76.8,105012.0,75.85,0.0,77.0,75.1,76.8,1.0,105012.0,3
7,2017-02-01,76.75,78.2,76.3,77.8,62576.0,76.75,0.0,78.2,76.3,77.8,1.0,62576.0,2
8,2017-01-31,77.65,77.85,76.15,76.5,85362.0,77.65,0.0,77.85,76.15,76.5,1.0,85362.0,1
9,2017-01-30,76.6,77.15,76.2,77.1,60839.0,76.6,0.0,77.15,76.2,77.1,1.0,60839.0,0
10,2017-01-27,77.35,77.55,75.35,75.5,61177.0,77.35,0.0,77.55,75.35,75.5,1.0,61177.0,4
11,2017-01-26,75.25,77.2656,75.05,77.0,71804.0,75.25,0.0,77.2656,75.05,77.0,1.0,71804.0,3
12,2017-01-25,77.0,77.95,76.15,76.65,112320.0,77.0,0.0,77.95,76.15,76.65,1.0,112320.0,2
13,2017-01-24,76.45,76.55,75.15,75.8,168081.0,76.45,0.0,76.55,75.15,75.8,1.0,168081.0,1
14,2017-01-23,76.0,77.6,75.95,77.15,79003.0,76.0,0.0,77.6,75.95,77.15,1.0,79003.0,0
15,2017-01-20,77.1,78.9,76.55,77.6,83305.0,77.1,0.0,78.9,76.55,77.6,1.0,83305.0,4
16,2017-01-19,77.65,81.15,75.9,79.7,220485.0,77.65,0.0,81.15,75.9,79.7,1.0,220485.0,3
17,2017-01-18,79.7,80.95,79.2,80.95,97580.0,79.7,0.0,80.95,79.2,80.95,1.0,97580.0,2
18,2017-01-17,80.7,82.3,78.75,81.5,144515.0,80.7,0.0,82.3,78.75,81.5,1.0,144515.0,1
19,2017-01-13,81.65,82.3,81.5,81.5,39099.0,81.65,0.0,82.3,81.5,81.5,1.0,39099.0,4
20,2017-01-12,81.45,83.2,81.15,81.7,68844.0,81.45,0.0,83.2,81.15,81.7,1.0,68844.0,3
21,2017-01-11,82.0,87.6,79.85,82.7,124652.0,82.0,0.0,87.6,79.85,82.7,1.0,124652.0,2
22,2017-01-10,82.45,82.75,81.8,81.8,81532.0,82.45,0.0,82.75,81.8,81.8,1.0,81532.0,1
23,2017-01-09,81.75,82.75,81.6,82.7,75016.0,81.75,0.0,82.75,81.6,82.7,1.0,75016.0,0
24,2017-01-06,82.55,83.8,82.025,82.7,109907.0,82.55,0.0,83.8,82.025,82.7,1.0,109907.0,4
25,2017-01-05,82.7,83.5,81.85,82.85,122183.0,82.7,0.0,83.5,81.85,82.85,1.0,122183.0,3
26,2017-01-04,82.85,83.8,81.7,82.25,122009.0,82.85,0.0,83.8,81.7,82.25,1.0,122009.0,2
27,2017-01-03,82.55,84.1,82.2,83.7,73616.0,82.55,0.0,84.1,82.2,83.7,1.0,73616.0,1
28,2016-12-30,82.95,83.75,82.35,82.85,79038.0,82.95,0.0,83.75,82.35,82.85,1.0,79038.0,4
29,2016-12-29,82.95,83.45,82.5,83.25,38618.0,82.95,0.0,83.45,82.5,83.25,1.0,38618.0,3
30,2016-12-28,81.95,83.45,81.95,83.0,60568.0,81.95,0.0,83.45,81.95,83.0,1.0,60568.0,2
31,2016-12-27,83.05,84.5,82.95,83.15,62294.0,83.05,0.0,84.5,82.95,83.15,1.0,62294.0,1
32,2016-12-23,83.1,83.75,82.95,83.1,39955.0,83.1,0.0,83.75,82.95,83.1,1.0,39955.0,4
33,2016-12-22,83.15,85.35,83.15,84.2,52564.0,83.15,0.0,85.35,83.15,84.2,1.0,52564.0,3
34,2016-12-21,83.9,84.5,83.2,84.5,57506.0,83.9,0.0,84.5,83.2,84.5,1.0,57506.0,2
35,2016-12-20,84.3,85.65,83.55,84.45,74045.0,84.3,0.0,85.65,83.55,84.45,1.0,74045.0,1
36,2016-12-19,84.0,85.35,83.4,83.95,83797.0,84.0,0.0,85.35,83.4,83.95,1.0,83797.0,0
37,2016-12-16,84.05,86.2,83.9,85.75,135390.0,84.05,0.0,86.2,83.9,85.75,1.0,135390.0,4
38,2016-12-15,85.75,86.3,83.75,83.75,124391.0,85.75,0.0,86.3,83.75,83.75,1.0,124391.0,3
39,2016-12-14,83.65,84.7,81.75,84.7,161215.0,83.65,0.0,84.7,81.75,84.7,1.0,161215.0,2
40,2016-12-13,85.15,85.9,83.5,85.25,90642.0,85.15,0.0,85.9,83.5,85.25,1.0,90642.0,1
41,2016-12-12,85.05,85.1,82.25,82.25,123969.0,85.05,0.0,85.1,82.25,82.25,1.0,123969.0,0
42,2016-12-09,82.35,84.25,81.4,83.75,160462.0,82.35,0.0,84.25,81.4,83.75,1.0,160462.0,4
43,2016-12-08,83.5,84.1,82.25,82.9,173802.0,83.5,0.0,84.1,82.25,82.9,1.0,173802.0,3
44,2016-12-07,82.85,85.0,81.0,83.0,401866.0,82.85,0.0,85.0,81.0,83.0,1.0,401866.0,2
45,2016-12-06,90.35,91.4,89.85,91.4,105408.0,90.35,0.0,91.4,89.85,91.4,1.0,105408.0,1
46,2016-12-05,90.95,93.55,90.55,93.15,112502.0,90.95,0.0,93.55,90.55,93.15,1.0,112502.0,0
47,2016-12-02,92.7,93.15,92.25,92.25,53598.0,92.7,0.0,93.15,92.25,92.25,1.0,53598.0,4
48,2016-12-01,92.3,92.5,90.7,92.4,89790.0,92.3,0.0,92.5,90.7,92.4,1.0,89790.0,3
49,2016-11-30,92.15,94.5,91.45,94.5,58412.0,92.15,0.0,94.5,91.45,94.5,1.0,58412.0,2
50,2016-11-29,93.8,95.85,93.6,94.9,65800.0,93.8,0.0,95.85,93.6,94.9,1.0,65800.0,1
51,2016-11-28,94.5,95.3,93.8,95.3,52427.0,94.5,0.0,95.3,93.8,95.3,1.0,52427.0,0
52,2016-11-25,95.3,95.575,94.45,94.45,27242.0,95.3,0.0,95.575,94.45,94.45,1.0,27242.0,4
53,2016-11-23,94.25,94.35,91.55,93.4,50986.0,94.25,0.0,94.35,91.55,93.4,1.0,50986.0,2
54,2016-11-22,93.35,93.5,91.95,92.75,49290.0,93.35,0.0,93.5,91.95,92.75,1.0,49290.0,1
55,2016-11-21,92.45,92.75,91.6,92.7,35698.0,92.45,0.0,92.75,91.6,92.7,1.0,35698.0,0
56,2016-11-18,92.15,92.45,91.025,91.75,64797.0,92.15,0.0,92.45,91.025,91.75,1.0,64797.0,4
57,2016-11-17,91.9,92.6,90.55,91.5,64016.0,91.9,0.0,92.6,90.55,91.5,1.0,64016.0,3
58,2016-11-16,91.6,91.7,89.15,90.75,62450.0,91.6,0.0,91.7,89.15,90.75,1.0,62450.0,2
59,2016-11-15,90.75,91.25,89.2,89.2,64289.0,90.75,0.0,91.25,89.2,89.2,1.0,64289.0,1
60,2016-11-14,89.65,90.2,88.05,89.55,83356.0,89.65,0.0,90.2,88.05,89.55,1.0,83356.0,0
61,2016-11-11,88.75,89.05,85.65,85.65,107400.0,88.75,0.0,89.05,85.65,85.65,1.0,107400.0,4
62,2016-11-10,85.7,86.5,84.7,85.2,73134.0,85.7,0.0,86.5,84.7,85.2,1.0,73134.0,3
63,2016-11-09,84.5,84.75,81.0,84.5,101248.0,84.5,0.0,84.75,81.0,84.5,1.0,101248.0,2
64,2016-11-08,84.65,85.4,83.9,83.9,41148.0,84.65,0.0,85.4,83.9,83.9,1.0,41148.0,1
65,2016-11-07,84.2,84.45,82.1,82.85,61884.0,84.2,0.0,84.45,82.1,82.85,1.0,61884.0,0
66,2016-11-04,81.85,82.3,80.355,81.8,63675.0,81.85,0.0,82.3,80.355,81.8,1.0,63675.0,4
67,2016-11-03,81.4,82.9,81.05,81.7,43947.0,81.4,0.0,82.9,81.05,81.7,1.0,43947.0,3
68,2016-11-02,81.75,83.1,80.9,81.0,64604.0,81.75,0.0,83.1,80.9,81.0,1.0,64604.0,2
69,2016-11-01,81.1,83.325,80.675,82.05,47994.0,81.1,0.0,83.325,80.675,82.05,1.0,47994.0,1
70,2016-10-31,81.85,82.05,80.3,81.45,80863.0,81.85,0.0,82.05,80.3,81.45,1.0,80863.0,0
71,2016-10-28,81.1,81.55,80.05,80.35,49304.0,81.1,0.0,81.55,80.05,80.35,1.0,49304.0,4
72,2016-10-27,80.6,82.75,80.15,82.15,49318.0,80.6,0.0,82.75,80.15,82.15,1.0,49318.0,3
73,2016-10-26,81.55,82.95,81.0,82.95,65030.0,81.55,0.0,82.95,81.0,82.95,1.0,65030.0,2
74,2016-10-25,83.05,85.65,82.95,84.55,37390.0,83.05,0.0,85.65,82.95,84.55,1.0,37390.0,1
75,2016-10-24,84.25,84.5,82.8,82.9,86443.0,84.25,0.0,84.5,82.8,82.9,1.0,86443.0,0
76,2016-10-21,83.2,83.35,82.25,82.5,70635.0,83.2,0.0,83.35,82.25,82.5,1.0,70635.0,4
77,2016-10-20,83.0,83.45,82.3,82.85,71852.0,83.0,0.0,83.45,82.3,82.85,1.0,71852.0,3
78,2016-10-19,82.75,85.2,82.5,82.85,67302.0,82.75,0.0,85.2,82.5,82.85,1.0,67302.0,2
79,2016-10-18,83.05,83.5,82.1,83.1,72465.0,83.05,0.0,83.5,82.1,83.1,1.0,72465.0,1
80,2016-10-17,82.1,83.5,82.0,82.8,89117.0,82.1,0.0,83.5,82.0,82.8,1.0,89117.0,0
81,2016-10-14,83.09,85.0,82.7,84.53,146449.0,83.09,0.0,85.0,82.7,84.53,1.0,146449.0,4
82,2016-10-13,83.93,86.2,83.78,84.8,113083.0,83.93,0.0,86.2,83.78,84.8,1.0,113083.0,3
83,2016-10-12,85.59,86.69,85.456,86.25,88311.0,85.59,0.0,86.69,85.456,86.25,1.0,88311.0,2
84,2016-10-11,86.38,87.66,86.19,87.66,156040.0,86.38,0.0,87.66,86.19,87.66,1.0,156040.0,1
85,2016-10-10,87.68,88.9,87.6,88.0,71411.0,87.68,0.0,88.9,87.6,88.0,1.0,71411.0,0
86,2016-10-07,87.71,89.06,84.9,88.18,115036.0,87.71,0.0,89.06,84.9,88.18,1.0,115036.0,4
87,2016-10-06,88.01,88.62,86.9,87.92,154822.0,88.01,0.0,88.62,86.9,87.92,1.0,154822.0,3
88,2016-10-05,87.77,88.39,86.66,86.83,126557.0,87.77,0.0,88.39,86.66,86.83,1.0,126557.0,2
89,2016-10-04,86.43,87.63,85.95,87.38,99061.0,86.43,0.0,87.63,85.95,87.38,1.0,99061.0,1
90,2016-10-03,86.81,88.56,86.565,88.56,174132.0,86.81,0.0,88.56,86.565,88.56,1.0,174132.0,0
91,2016-09-30,88.6,89.59200000000001,87.65,88.39,97409.0,88.6,0.0,89.59200000000001,87.65,88.39,1.0,97409.0,4
92,2016-09-29,88.07,89.5,87.71,89.5,82672.0,88.07,0.0,89.5,87.71,89.5,1.0,82672.0,3
93,2016-09-28,89.93,91.74,89.44,91.65,128100.0,89.93,0.1,91.74,89.44,91.65,1.0,128100.0,2
94,2016-09-27,91.26851160724199,91.60813395534821,90.3695112740198,90.3695112740198,125854.0,91.37,0.0,91.71,90.47,90.47,1.0,125854.0,1
95,2016-09-26,90.78904476285679,92.24342752415859,90.27961124069749,91.16862268132842,145816.0,90.89,0.0,92.346,90.38,91.27,1.0,145816.0,0
96,2016-09-23,92.09758969232479,92.67694546262359,88.71135510385429,90.8689559035877,342941.0,92.2,0.0,92.78,88.81,90.97,1.0,342941.0,4
97,2016-09-22,91.8478673775408,94.28965217149842,85.22523158947021,88.23188825946909,305464.0,91.95,0.0,94.3945,85.32,88.33,1.0,305464.0,3
98,2016-09-21,89.2207886260136,92.88671220704211,88.75131067421971,91.8978118404976,109374.0,89.32,0.0,92.99,88.85,92.0,1.0,109374.0,2
99,2016-09-20,91.518233922026,92.2074675108297,90.97883372209259,92.2074675108297,92722.0,91.62,0.0,92.31,91.08,92.31,1.0,92722.0,1
100,2016-09-19,92.2074675108297,93.62589025880258,91.8678451627235,92.84675663667672,56263.0,92.31,0.0,93.73,91.97,92.95,1.0,56263.0,0
101,2016-09-16,92.3373231145174,93.0365455959125,89.944983338887,90.3994779517939,225131.0,92.44,0.0,93.14,90.045,90.5,1.0,225131.0,4
102,2016-09-15,90.1297778518272,90.41945573697659,88.09204376319,88.09204376319,52183.0,90.23,0.0,90.52,88.19,88.19,1.0,52183.0,3
103,2016-09-14,88.42167721870491,89.7302221481728,87.77239920026659,87.77239920026659,37269.0,88.52,0.0,89.83,87.87,87.87,1.0,37269.0,2
104,2016-09-13,88.17195490392089,89.78516105742528,87.2329990003332,88.77128845940241,101749.0,88.27,0.0,89.885,87.33,88.87,1.0,101749.0,1
105,2016-09-12,89.3806109074753,90.07983338887041,86.4039209152505,86.4039209152505,65491.0,89.48,0.0,90.18,86.5,86.5,1.0,65491.0,0
106,2016-09-09,87.68249916694441,89.650311007442,87.5426546706653,89.23077751860491,53579.0,87.78,0.0,89.75,87.64,89.33,1.0,53579.0,4
107,2016-09-08,89.8400999666778,90.85896701099631,89.6902665778074,90.79903365544821,45173.0,89.94,0.0,90.96,89.79,90.9,1.0,45173.0,3
108,2016-09-07,90.89892258136179,91.27850049983341,90.5792780184383,90.7690669776741,100297.0,91.0,0.0,91.38,90.68,90.87,1.0,100297.0,2
109,2016-09-06,90.97883372209259,91.4982561368433,90.6492002665778,90.6492002665778,53800.0,91.08,0.0,91.6,90.75,90.75,1.0,53800.0,1
110,2016-09-02,90.89892258136179,91.8778340553149,89.2557497500833,89.400588692658,90564.0,91.0,0.0,91.98,89.355,89.5,1.0,90564.0,4
111,2016-09-01,88.8012551371765,89.1408774852827,88.1020326557814,89.1408774852827,63246.0,88.9,0.0,89.24,88.2,89.24,1.0,63246.0,3
112,2016-08-31,88.9011440630901,90.3495334888371,88.3717327557481,90.1297778518272,71364.0,89.0,0.0,90.45,88.47,90.23,1.0,71364.0,2
113,2016-08-30,90.0898222814617,90.19970009996669,89.4605220482062,89.6902665778074,42489.0,90.19,0.0,90.3,89.56,89.79,1.0,42489.0,1
114,2016-08-29,89.7701777185383,90.30957791847159,88.94109963345551,89.2008108408308,47739.0,89.87,0.0,90.41,89.04,89.3,1.0,47739.0,0
115,2016-08-26,89.1408774852827,89.4605220482062,87.9921548372765,88.5715106075753,45146.0,89.24,0.0,89.56,88.09,88.67,1.0,45146.0,4
116,2016-08-25,88.871177385316,88.98105520382099,86.93333222259251,87.57262134843941,44773.0,88.97,0.0,89.08,87.03,87.67,1.0,44773.0,3
117,2016-08-24,87.952199266911,89.5703998667111,87.6525324891703,88.5315550372098,54250.0,88.05,0.0,89.67,87.75,88.63,1.0,54250.0,2
118,2016-08-23,88.9111329556815,89.79015550372101,88.5615217149839,89.1109108075086,53908.0,89.01,0.0,89.89,88.66,89.21,1.0,53908.0,1
119,2016-08-22,88.75131067421971,89.90003332222591,88.24187715206041,89.02101077418641,69107.0,88.85,0.0,90.0,88.34,89.12,1.0,69107.0,0
120,2016-08-19,89.3006997667444,89.4105775852494,87.86229923358879,88.13199933355551,169810.0,89.4,0.0,89.51,87.96,88.23,1.0,169810.0,4
121,2016-08-18,88.50158835943571,88.6514217483061,86.6536432300344,87.47273242252578,94508.0,88.6,0.0,88.75,86.75,87.57,1.0,94508.0,3
122,2016-08-17,87.04321004109741,87.4527546373431,86.0043652115961,86.1342208152838,94370.0,87.14,0.0,87.55,86.1,86.23,1.0,94370.0,2
123,2016-08-16,86.46385427079859,87.90225480395421,86.37395423747641,86.7435432633567,78462.0,86.56,0.0,88.0,86.47,86.84,1.0,78462.0,1
124,2016-08-15,87.1930434299678,87.30292124847271,86.20414306342329,86.41390980784179,54039.0,87.29,0.0,87.4,86.3,86.51,1.0,54039.0,0
125,2016-08-12,86.5937098744863,86.9832766855493,86.20414306342329,86.49382094857272,25085.0,86.69,0.0,87.08,86.3,86.59,1.0,25085.0,4
126,2016-08-11,86.2540875263801,86.9033655448184,85.7246762190381,86.84343218927022,34939.0,86.35,0.0,87.0,85.82,86.94,1.0,34939.0,3
127,2016-08-10,86.47384316339,86.89327676330109,85.42500944129729,86.47384316339,49907.0,86.57,0.0,86.9899,85.52,86.57,1.0,49907.0,2
128,2016-08-09,86.6536432300344,86.86340997445299,85.9943763190048,85.9943763190048,48726.0,86.75,0.0,86.96,86.09,86.09,1.0,48726.0,1
129,2016-08-08,85.8245651449517,86.69359880039991,85.0372406309008,86.69359880039991,50079.0,85.92,0.0,86.79,85.1318,86.79,1.0,50079.0,0
130,2016-08-05,86.9033655448184,86.9033655448184,85.3850538709319,85.554865044985,61082.0,87.0,0.0,87.0,85.48,85.65,1.0,61082.0,4
131,2016-08-04,85.4549761190714,85.95442074863941,84.6858313895368,84.70580917471949,56221.0,85.55,0.0,86.05,84.78,84.8,1.0,56221.0,3
132,2016-08-03,84.7157980673109,85.1852760191047,83.1485408197268,84.076508941464,59430.0,84.81,0.0,85.28,83.241,84.17,1.0,59430.0,2
133,2016-08-02,84.53599800066651,85.8844985004998,83.7868310563146,84.6658536043541,99801.0,84.63,0.0,85.98,83.88,84.76,1.0,99801.0,1
134,2016-08-01,84.75575363767629,85.12034821726091,83.4072531378429,83.4571976007997,69517.0,84.85,0.0,85.215,83.5,83.55,1.0,69517.0,0
135,2016-07-29,83.9266755525936,85.4849427968455,82.6081417305343,83.30736421192941,96247.0,84.02,0.0,85.58,82.7,83.4,1.0,96247.0,4
136,2016-07-28,83.7368865933578,84.5759535710319,82.46829723425529,82.907808508275,97382.0,83.83,0.0,84.67,82.56,83.0,1.0,97382.0,3
137,2016-07-27,83.0876085749195,83.1775086082417,81.4993746528935,82.06874153060092,109908.0,83.18,0.0,83.27,81.59,82.16,1.0,109908.0,2
138,2016-07-26,81.5493191158503,82.9977085415973,80.64032989003671,80.64032989003671,57149.0,81.64,0.0,83.09,80.73,80.73,1.0,57149.0,1
139,2016-07-25,81.2396634455182,83.2074752860158,80.3906075752527,82.7180195490392,89670.0,81.33,0.0,83.3,80.48,82.81,1.0,89670.0,0
140,2016-07-22,82.9577529712318,83.8567533044541,81.569296901033,81.569296901033,131556.0,83.05,0.0,83.95,81.66,81.66,1.0,131556.0,4
141,2016-07-21,81.67917471953791,83.2873864267467,81.4993746528935,82.7879417971787,114813.0,81.77,0.0,83.38,81.59,82.88,1.0,114813.0,3
142,2016-07-20,82.877841830501,83.84676441186271,81.4194635121626,81.9089192491392,98100.0,82.97,0.0,83.94,81.51,82.0,1.0,98100.0,2
143,2016-07-19,81.3994857269799,83.36729756747751,81.039885593691,82.1786193491059,82699.0,81.49,0.0,83.46,81.13,82.27,1.0,82699.0,1
144,2016-07-18,82.54820837498609,84.85564256358991,81.2696301232922,81.72911918249471,134193.0,82.64,0.0,84.95,81.36,81.82,1.0,134193.0,0
145,2016-07-15,82.12867488614908,83.12756414528491,81.8118272131512,82.86785293790959,61716.0,82.22,0.0,83.22,81.9028,82.96,1.0,61716.0,4
146,2016-07-14,82.2685193824281,83.0576418971454,82.0487637454182,82.488275019438,49555.0,82.36,0.0,83.15,82.14,82.58,1.0,49555.0,3
147,2016-07-13,82.0787304231923,82.907808508275,81.5393302232589,82.488275019438,82913.0,82.17,0.0,83.0,81.63,82.58,1.0,82913.0,2
148,2016-07-12,82.0587526380096,82.86785293790959,81.78905253804291,82.3983749861157,75051.0,82.15,0.0,82.96,81.88,82.49,1.0,75051.0,1
149,2016-07-11,81.7191302899034,82.9277862934577,81.2196856603355,82.2085860268799,73785.0,81.81,0.0,83.02,81.31,82.3,1.0,73785.0,0
150,2016-07-08,81.4793968677108,82.7379973342219,80.790163278907,81.1697411973787,99544.0,81.57,0.0,82.83,80.88,81.26,1.0,99544.0,4
151,2016-07-07,80.52046317894042,81.1697411973787,80.0609741197379,80.650318782628,44921.0,80.61,0.0,81.26,80.15,80.74,1.0,44921.0,3
152,2016-07-06,80.3106964345218,80.9100299900033,79.9111407308675,80.01102965678109,28053.0,80.4,0.0,81.0,80.0,80.1,1.0,28053.0,2
153,2016-07-05,80.120907475286,80.9699633455515,79.7113628790403,80.04099633455509,89846.0,80.21,0.0,81.06,79.8,80.13,1.0,89846.0,1
154,2016-07-01,80.48050760857491,80.7102521381762,79.2418849272465,79.6314517383095,69437.0,80.57,0.0,80.8,79.33,79.72,1.0,69437.0,4
155,2016-06-30,79.35176274575142,79.5665239364656,77.37895645895809,79.0021515050539,78760.0,79.44,0.0,79.655,77.465,79.09,1.0,78760.0,3
156,2016-06-29,78.8323403310008,80.0609741197379,78.3728512717983,78.3728512717983,68332.0,78.92,0.0,80.15,78.46,78.46,1.0,68332.0,2
157,2016-06-28,77.5138065089415,79.5165794735088,77.1741841608353,78.4727401977119,69750.0,77.6,0.0,79.605,77.26,78.56,1.0,69750.0,1
158,2016-06-27,77.6836176829946,80.6902743529935,77.2341175163834,79.92112962345891,74875.0,77.77,0.0,80.78,77.32,80.01,1.0,74875.0,0
159,2016-06-24,80.53045207153171,82.47828612684658,80.27074086415641,80.7502077085416,82374.0,80.62,0.0,82.57,80.36,80.84,1.0,82374.0,4
160,2016-06-23,83.8367755192714,84.2563090081084,82.50825280462071,82.5382194823948,42332.0,83.93,0.0,84.35,82.6,82.63,1.0,42332.0,3
161,2016-06-22,81.7790636454515,83.8967088748195,81.46940797511941,83.2574197489726,77029.0,81.87,0.0,83.99,81.56,83.35,1.0,77029.0,2
162,2016-06-21,82.85786404531821,83.67695323780958,81.8889414639565,82.98771964900591,42404.0,82.95,0.0,83.77,81.98,83.08,1.0,42404.0,1
163,2016-06-20,82.7379973342219,83.7768421637232,82.1786193491059,82.3084749527935,33564.0,82.83,0.0,83.87,82.27,82.4,1.0,33564.0,0
164,2016-06-17,81.66918582694659,83.9166866600022,81.29460235477059,83.9166866600022,127333.0,81.76,0.0,84.01,81.385,84.01,1.0,127333.0,4
165,2016-06-16,83.6369976674442,83.9066977674109,81.7990414306342,82.5382194823948,57845.0,83.73,0.0,84.0,81.89,82.63,1.0,57845.0,3
166,2016-06-15,83.1675197156504,83.72689770076641,82.2285638120626,83.4971531711652,46801.0,83.26,0.0,83.82,82.32,83.59,1.0,46801.0,2
167,2016-06-14,83.9066977674109,84.50603132289241,82.1486526713318,83.4971531711652,40386.0,84.0,0.0,84.6,82.24,83.59,1.0,40386.0,1
168,2016-06-13,83.65697545262691,86.4538653782073,83.32734199711209,83.97662001555041,42058.0,83.75,0.0,86.55,83.42,84.07,1.0,42058.0,0
169,2016-06-10,84.1564200821948,85.3550871931578,84.1164645118294,84.67584249694549,56519.0,84.25,0.0,85.45,84.21,84.77,1.0,56519.0,4
170,2016-06-09,85.6048095079418,86.9033655448184,83.9166866600022,85.694709541264,103417.0,85.7,0.0,87.0,84.01,85.79,1.0,103417.0,3
171,2016-06-08,85.9843874264134,86.5038098411641,83.19748639342441,85.1553093413307,57279.0,86.08,0.1,86.6,83.29,85.25,1.0,57279.0,2
172,2016-06-07,85.2759989943787,86.10411504872921,84.26829150655459,84.78711120325609,70937.0,85.47,0.0,86.3,84.46,84.98,1.0,70937.0,1
173,2016-06-06,84.7671565995368,84.8070658069754,81.52463326817109,82.5721501904151,90770.0,84.96,0.0,85.0,81.7101,82.76,1.0,90770.0,0
174,2016-06-03,82.80162813318691,83.1907429057131,81.0955095151878,82.1630808141697,78526.0,82.99,0.0,83.38,81.28,82.35,1.0,78526.0,4
175,2016-06-02,82.4125133606608,83.2705613205902,79.1599129544168,81.3100215051701,159101.0,82.6,0.0,83.46,79.34,81.495,1.0,159101.0,3
176,2016-06-01,81.3150101561,82.55219558669579,80.8161450631177,81.41478317469641,166136.0,81.5,0.0,82.74,81.0,81.6,1.0,166136.0,2
177,2016-05-31,81.8138752490822,83.7893810172917,80.2374615552584,83.7893810172917,76473.0,82.0,0.0,83.98,80.42,83.98,1.0,76473.0,1
178,2016-05-27,82.36262685136259,83.81931292287071,81.5444880988718,83.81931292287071,89625.0,82.55,0.0,84.01,81.73,84.01,1.0,89625.0,4
179,2016-05-26,81.65423841932791,82.4224906625205,81.41478317469641,82.352649549503,48950.0,81.84,0.0,82.61,81.6,82.54,1.0,48950.0,3
180,2016-05-25,81.9934666825558,83.7694264135724,81.2950555523807,83.74947180985309,85578.0,82.18,0.0,83.96,81.48,83.94,1.0,85578.0,2
181,2016-05-24,83.5698803763795,83.7594491117128,81.5444880988718,81.5444880988718,99346.0,83.76,0.0,83.95,81.73,81.73,1.0,99346.0,1
182,2016-05-23,81.0755549114685,82.3726041532222,80.556735214767,80.556735214767,39362.0,81.26,0.0,82.56,80.74,80.74,1.0,39362.0,0
183,2016-05-20,80.7562812519599,80.8161450631177,78.78077548375029,78.78077548375029,75638.0,80.94,0.0,81.0,78.96,78.96,1.0,75638.0,4
184,2016-05-19,78.0524324479963,80.6864401389424,77.36399861968091,78.18213737217171,32961.0,78.23,0.0,80.87,77.54,78.36,1.0,32961.0,3
185,2016-05-18,78.8406392949082,79.658778047399,77.8728410145227,77.8728410145227,37085.0,79.02,0.0,79.84,78.05,78.05,1.0,37085.0,2
186,2016-05-17,78.0125232405577,80.9059407798545,77.41388512897909,80.89596347799491,69681.0,78.19,0.0,81.09,77.59,81.08,1.0,69681.0,1
187,2016-05-16,80.7562812519599,82.0283872390645,79.29959518045179,79.29959518045179,50906.0,80.94,0.0,82.215,79.48,79.48,1.0,50906.0,0
188,2016-05-13,79.658778047399,79.968074405048,78.8306619930486,79.968074405048,125338.0,79.84,0.0,80.15,79.01,80.15,1.0,125338.0,4
189,2016-05-12,80.0079836124866,80.4868941017495,78.9703442190836,80.08780202736371,62852.0,80.19,0.0,80.67,79.15,80.27,1.0,62852.0,3
190,2016-05-11,79.8184148771533,80.836099666837,79.4193228027676,80.04789281992521,30007.0,80.0,0.0,81.02,79.6,80.23,1.0,30007.0,2
191,2016-05-10,80.12771123480229,80.5667125166266,79.239731369294,80.5667125166266,24188.0,80.31,0.0,80.75,79.42,80.75,1.0,24188.0,1
192,2016-05-09,80.06784742364441,80.47691679988979,78.75084357817141,78.75084357817141,36427.0,80.25,0.0,80.66,78.93,78.93,1.0,36427.0,0
193,2016-05-06,78.8007300874696,79.8184148771533,78.0723870517156,79.1399583506975,87857.0,78.98,0.0,80.0,78.25,79.32,1.0,87857.0,4
194,2016-05-05,79.36943629346929,80.16263179131109,78.85560524769771,80.107756631083,90244.0,79.55,0.0,80.345,79.035,80.29,1.0,90244.0,3
195,2016-05-04,79.80843757529371,80.1975523478198,78.7341814840658,79.21977676557471,58984.0,79.99,0.0,80.38,78.9133,79.4,1.0,58984.0,2
196,2016-05-03,79.80843757529371,80.49687140360909,78.5712521446978,79.4093455009079,66210.0,79.99,0.0,80.68,78.75,79.59,1.0,66210.0,1
197,2016-05-02,79.84834678273229,80.4569621961706,78.5912067484171,79.100049143259,61262.0,80.03,0.0,80.64,78.77,79.28,1.0,61262.0,0
198,2016-04-29,78.8107073893293,79.71864185855691,78.3816834093646,79.53905042508329,45439.0,78.99,0.0,79.9,78.56,79.72,1.0,45439.0,4
199,2016-04-28,78.99029882280291,81.10049816611759,78.68100246515391,79.688709952978,50730.0,79.17,0.0,81.285,78.86,79.87,1.0,50730.0,3
200,2016-04-27,80.08780202736371,80.52680330918808,78.3218195982067,78.9803215209432,55192.0,80.27,0.0,80.71,78.5,79.16,1.0,55192.0,2
201,2016-04-26,78.95038961536429,79.3644476425395,77.4238624308387,78.3717061075049,43440.0,79.13,0.0,79.545,77.6,78.55,1.0,43440.0,1
202,2016-04-25,77.9825913349788,79.3295270860308,77.5336127512948,79.18984485999579,58560.0,78.16,0.0,79.51,77.71,79.37,1.0,58560.0,0
203,2016-04-22,79.5490277269429,79.8184148771533,77.42486016102471,77.64336307175091,58297.0,79.73,0.0,80.0,77.601,77.82,1.0,58297.0,4
204,2016-04-21,77.8728410145227,79.35945899160971,77.59347656245271,79.01025342652221,87351.0,78.05,0.0,79.54,77.77,79.19,1.0,87351.0,3
205,2016-04-20,78.94041231350471,79.62884614182009,78.24200118332949,78.26195578704879,66441.0,79.12,0.0,79.81,78.42,78.44,1.0,66441.0,2
206,2016-04-19,77.9626367312595,79.36943629346929,77.6732949773298,79.35945899160971,53651.0,78.14,0.0,79.55,77.85,79.54,1.0,53651.0,1
207,2016-04-18,79.0601399358204,79.56898233066221,78.14721681566292,78.40163801308391,78351.0,79.24,0.0,79.75,78.325,78.58,1.0,78351.0,0
208,2016-04-15,78.6410932577153,79.80843757529371,77.6034538643123,78.4215926168031,72708.0,78.82,0.0,79.99,77.78,78.6,1.0,72708.0,4
209,2016-04-14,78.5512975409785,79.4991412176447,78.3617288056453,78.6311159558557,60277.0,78.73,0.0,79.68,78.54,78.81,1.0,60277.0,3
210,2016-04-13,78.94041231350471,79.6986872548376,78.621138653996,78.8905258042064,161449.0,79.12,0.0,79.88,78.8,79.07,1.0,161449.0,2
211,2016-04-12,78.26195578704879,78.72091167259249,77.1943844880669,78.40163801308391,66785.0,78.44,0.0,78.9,77.37,78.58,1.0,66785.0,1
212,2016-04-11,78.172160070312,80.0279382162059,77.8429091089438,79.658778047399,62062.0,78.35,0.0,80.21,78.02,79.84,1.0,62062.0,0
213,2016-04-08,79.4093455009079,80.14766583852159,78.6410932577153,79.84834678273229,74622.0,79.59,0.0,80.33,78.82,80.03,1.0,74622.0,4
214,2016-04-07,79.3295270860308,80.556735214767,78.70095706887321,79.7385964622762,92224.0,79.51,0.0,80.74,78.88,79.92,1.0,92224.0,3
215,2016-04-06,79.84834678273229,80.1576431403812,78.44154722052241,79.11002644511859,82354.0,80.03,0.0,80.34,78.62,79.29,1.0,82354.0,2
216,2016-04-05,78.8905258042064,79.7884829715744,77.9726140331192,79.100049143259,107712.0,79.07,0.0,79.97,78.15,79.28,1.0,107712.0,1
217,2016-04-04,79.34948168975009,79.7884829715744,78.53134293725921,79.4692093120658,77045.0,79.53,0.0,79.97,78.71,79.65,1.0,77045.0,0
218,2016-04-01,79.56898233066221,79.968074405048,78.23202388146991,78.4116153149435,72143.0,79.75,0.0,80.15,78.41,78.59,1.0,72143.0,4
219,2016-03-31,78.8306619930486,79.2796405767325,77.853983914008,78.2519784851892,70982.0,79.01,0.0,79.46,78.0311,78.43,1.0,70982.0,3
220,2016-03-30,78.4315699186628,79.798460273434,78.2719330889085,79.7485737641358,58472.0,78.61,0.0,79.98,78.45,79.93,1.0,58472.0,2
221,2016-03-29,79.3095724823115,79.8683013864515,74.500512985963,74.500512985963,121196.0,79.49,0.0,80.05,74.67,74.67,1.0,121196.0,1
222,2016-03-28,74.64019521199799,75.3785155496117,73.9318067799633,75.1191057012609,107430.0,74.81,0.0,75.55,74.1,75.29,1.0,107430.0,0
223,2016-03-24,75.2188787198574,76.0370174723482,73.7322607427704,76.0170628686289,79075.0,75.39,0.0,76.21,73.9,76.19,1.0,79075.0,3
224,2016-03-23,76.28645001883929,77.4238624308387,75.96717635933071,77.0347476583126,90229.0,76.46,0.0,77.6,76.14,77.21,1.0,90229.0,2
225,2016-03-22,77.36399861968091,78.0225005424174,75.6479026998221,76.63565558392679,43016.0,77.54,0.0,78.2,75.82,76.81,1.0,43016.0,1
226,2016-03-21,77.12454337504941,78.0125232405577,75.54822945424421,75.68781190726071,122952.0,77.3,0.0,78.19,75.7201,75.86,1.0,122952.0,0
227,2016-03-18,76.0569720760675,77.164452582488,74.5305446645605,75.228856021717,98901.0,76.23,0.0,77.34,74.7001,75.4,1.0,98901.0,4
228,2016-03-17,74.8497185510505,75.3186517384538,73.18350914049,73.46287359256,85010.0,75.02,0.0,75.49,73.35,73.63,1.0,85010.0,3
229,2016-03-16,73.64246502603359,74.7200136268752,72.4451888028763,74.2111712320333,55133.0,73.81,0.0,74.89,72.61,74.38,1.0,55133.0,2
230,2016-03-15,74.2810123450508,75.99710826490958,73.86206543996441,75.368538247752,98899.0,74.45,0.0,76.17,74.0301,75.54,1.0,98899.0,1
231,2016-03-14,75.5780615868046,77.304134808523,75.4982431719274,77.304134808523,71584.0,75.75,0.0,77.48,75.67,77.48,1.0,71584.0,0
232,2016-03-11,77.3141121103826,77.473748940137,75.44835666262921,75.4683112663485,55025.0,77.49,0.0,77.65,75.62,75.64,1.0,55025.0,4
233,2016-03-10,75.20890141799771,77.2742029029441,74.500512985963,76.22658620768141,91082.0,75.38,0.0,77.45,74.67,76.4,1.0,91082.0,3
234,2016-03-09,76.0769266797868,77.93270482568059,75.4284020589099,77.3540213178212,95253.0,76.25,0.1,78.11,75.6,77.53,1.0,95253.0,2
235,2016-03-08,77.2925632292215,77.7210252917272,76.41571063618659,76.63492378444529,122007.0,77.57,0.0,78.0,76.69,76.91,1.0,122007.0,1
236,2016-03-07,76.5053887422925,76.63492378444529,74.40293536581109,74.40293536581109,76478.0,76.78,0.0,76.91,74.67,74.67,1.0,76478.0,0
237,2016-03-04,74.69189815215209,75.030682108552,73.2769769224823,73.4662973687057,87541.0,74.96,0.0,75.3,73.54,73.73,1.0,87541.0,4
238,2016-03-03,73.7951170910938,74.1239368134818,70.5866337393071,72.39016009543559,151406.0,74.06,0.0,74.39,70.84,72.65,1.0,151406.0,3
239,2016-03-02,76.2662471260102,76.6947091885159,74.074115643423,75.7182142553634,118749.0,76.54,0.0,76.97,74.34,75.99,1.0,118749.0,2
240,2016-03-01,75.4790726390812,75.7082500213517,73.4613152516998,74.8114689602933,71649.0,75.75,0.0,75.98,73.725,75.08,1.0,71649.0,1
241,2016-02-29,74.7118266201757,75.39935876698709,73.62074299588801,75.3694660649518,67493.0,74.98,0.0,75.67,73.885,75.64,1.0,67493.0,0
242,2016-02-26,75.489036873093,75.8975704675751,74.02927659037009,74.69189815215209,43317.0,75.76,0.0,76.17,74.295,74.96,1.0,43317.0,4
243,2016-02-25,74.41289959982291,74.8513258963403,72.9581214341059,73.7652243890585,32484.0,74.68,0.0,75.12,73.22,74.03,1.0,32484.0,3
244,2016-02-24,73.64565358091741,74.21361491958771,72.001554968977,73.286941156494,73852.0,73.91,0.0,74.48,72.26,73.55,1.0,73852.0,2
245,2016-02-23,73.78515285708201,74.5919568850142,73.247084220447,73.247084220447,58269.0,74.05,0.0,74.8597,73.51,73.51,1.0,58269.0,1
246,2016-02-22,73.4862258367292,74.2235791535994,71.9616980329299,72.65919441375308,105644.0,73.75,0.0,74.49,72.22,72.92,1.0,105644.0,0
247,2016-02-19,72.15101847915341,73.18729881637641,71.76241335269471,71.76241335269471,105287.0,72.41,0.0,73.45,72.02,72.02,1.0,105287.0,4
248,2016-02-18,71.8620556928123,73.3367623265528,71.64284254455359,72.4300170314827,52633.0,72.12,0.0,73.6,71.9,72.69,1.0,52633.0,3
249,2016-02-17,72.290517755318,72.9780499021294,71.79230605473,71.9816265009535,47741.0,72.55,0.0,73.24,72.05,72.24,1.0,47741.0,2
250,2016-02-16,71.5133075024007,72.88837179602359,70.60656220733058,71.044988503848,77214.0,71.77,0.0,73.15,70.86,71.3,1.0,77214.0,1
251,2016-02-12,70.39731329308358,71.54320020443599,69.4307825939429,70.42720599511891,61019.0,70.65,0.0,71.8,69.68,70.68,1.0,61019.0,4
252,2016-02-11,69.8692088904604,71.0250600358245,69.31121178580179,70.0784578047073,66845.0,70.12,0.0,71.28,69.56,70.33,1.0,66845.0,3
253,2016-02-10,71.0250600358245,73.1075849442823,70.6763118454129,71.1545950779774,60541.0,71.28,0.0,73.37,70.93,71.41,1.0,60541.0,2
254,2016-02-09,70.6962403134364,72.4499454995062,70.467062931166,70.6563833773894,68352.0,70.95,0.0,72.71,70.72,70.91,1.0,68352.0,1
255,2016-02-08,71.1844877800127,71.7225564166477,68.4642518948022,70.1083505067426,61680.0,71.44,0.0,71.98,68.71,70.36,1.0,61680.0,0
256,2016-02-05,70.2478497829072,72.1609827131651,69.7894950183663,71.8022702887418,67404.0,70.5,0.0,72.42,70.04,72.06,1.0,67404.0,4
257,2016-02-04,72.11116154310629,72.87840756201192,71.4933790343772,72.2606250532827,61644.0,72.37,0.0,73.14,71.75,72.52,1.0,61644.0,3
258,2016-02-03,72.20083964921221,74.20365068557591,71.0649169718716,72.5495878396238,55550.0,72.46,0.0,74.47,71.32,72.81,1.0,55550.0,2
259,2016-02-02,72.2705892872945,73.47626160271741,72.1609827131651,72.9880141361412,43721.0,72.53,0.0,73.74,72.42,73.25,1.0,43721.0,1
260,2016-02-01,73.7253674530114,75.64846461728109,72.63926594572959,73.59583241085859,62468.0,73.99,0.0,75.92,72.9,73.86,1.0,62468.0,0
261,2016-01-29,73.80508132510549,74.1438652815054,71.9716622669417,71.9716622669417,104188.0,74.07,0.0,74.41,72.23,72.23,1.0,104188.0,4
262,2016-01-28,71.8221987567653,75.40932300099891,71.4834148003655,75.3694660649518,86024.0,72.08,0.0,75.68,71.74,75.64,1.0,86024.0,3
263,2016-01-27,74.781576258258,76.7644588265982,74.5623631099993,75.50896534111651,72928.0,75.05,0.0,77.04,74.83,75.78,1.0,72928.0,2
264,2016-01-26,75.817856595481,75.9473916376339,73.4662973687057,73.6257251128938,77650.0,76.09,0.0,76.22,73.73,73.89,1.0,77650.0,1
265,2016-01-25,73.6655820489409,74.93103976843442,73.17733458236471,73.17733458236471,83159.0,73.93,0.0,75.2,73.44,73.44,1.0,83159.0,0
266,2016-01-22,73.37661926259979,74.67196968412858,72.9780499021294,73.78515285708201,127725.0,73.64,0.0,74.94,73.24,74.05,1.0,127725.0,4
267,2016-01-21,73.2371199864352,75.96732010565741,73.17733458236471,75.91749893559859,64091.0,73.5,0.0,76.24,73.44,76.19,1.0,64091.0,3
268,2016-01-20,75.7879638934457,76.4256748701984,73.5509933578057,74.8114689602933,139504.0,76.06,0.0,76.7,73.815,75.08,1.0,139504.0,2
269,2016-01-19,75.6683930853046,76.99353656652859,74.7516835562227,76.3957821681631,92369.0,75.94,0.0,77.2699,75.02,76.67,1.0,92369.0,1
270,2016-01-15,75.85771353152809,76.4854602742689,73.9346163672584,75.030682108552,109860.0,76.13,0.0,76.76,74.2,75.3,1.0,109860.0,4
271,2016-01-14,76.92388657078641,77.4918479094567,73.1175491782941,73.8947594312114,100437.0,77.2,0.0,77.77,73.38,74.16,1.0,100437.0,3
272,2016-01-13,73.39654773062341,75.568750745187,72.8684433280001,74.8413616623286,81442.0,73.66,0.0,75.84,73.13,75.11,1.0,81442.0,2
273,2016-01-12,74.67196968412858,74.8015047262815,72.8584790939883,74.20365068557591,91298.0,74.94,0.0,75.07,73.12,74.47,1.0,91298.0,1
274,2016-01-11,73.7751886230702,76.2861755940337,73.31683385852931,75.7082500213517,123964.0,74.04,0.0,76.56,73.58,75.98,1.0,123964.0,0
275,2016-01-08,75.60860768123409,77.4519909734097,75.2100383207637,76.7544945925865,87857.0,75.88,0.0,77.73,75.48,77.03,1.0,87857.0,4
276,2016-01-07,76.5153529763042,78.1096304181858,73.7793736013552,77.0932785489863,81562.0,76.79,0.0,78.39,74.0442,77.37,1.0,81562.0,3
277,2016-01-06,78.22920122632691,79.1619531721678,77.7210252917272,78.71744869290309,90110.0,78.51,0.0,79.4461,78.0,79.0,1.0,90110.0,2
278,2016-01-05,79.7039078600674,80.44126117693759,78.8270552670325,79.86333560425551,55300.0,79.99,0.0,80.73,79.11,80.15,1.0,55300.0,1
279,2016-01-04,79.88326407227909,81.7067188964311,78.9615724261913,81.1088648557255,124288.0,80.17,0.0,82.0,79.245,81.4,1.0,124288.0,0
