,Unnamed: 0,adj_close,adj_high,adj_low,adj_open,adj_volume,close,ex_dividend,high,low,open,split_ratio,volume,Day of Week
0,2017-02-10,827.46,828.0,822.85,823.82,2429609.0,827.46,0.0,828.0,822.85,823.82,1.0,2429609.0,4
1,2017-02-09,821.36,825.0,819.71,821.6,2484948.0,821.36,0.0,825.0,819.71,821.6,1.0,2484948.0,3
2,2017-02-08,819.71,821.4789999999999,812.5,812.69,2857985.0,819.71,0.0,821.4789999999999,812.5,812.69,1.0,2857985.0,2
3,2017-02-07,812.5,816.16,807.5,809.31,3466091.0,812.5,0.0,816.16,807.5,809.31,1.0,3466091.0,1
4,2017-02-06,807.64,810.72,803.0,809.8,3897301.0,807.64,0.0,810.72,803.0,809.8,1.0,3897301.0,0
5,2017-02-03,810.2,818.3,804.0,806.72,10868773.0,810.2,0.0,818.3,804.0,806.72,1.0,10868773.0,4
6,2017-02-02,839.95,842.49,828.26,836.59,7350492.0,839.95,0.0,842.49,828.26,836.59,1.0,7350492.0,3
7,2017-02-01,832.35,833.78,824.94,829.21,3850181.0,832.35,0.0,833.78,824.94,829.21,1.0,3850181.0,2
8,2017-01-31,823.48,826.99,819.56,823.75,3137196.0,823.48,0.0,826.99,819.56,823.75,1.0,3137196.0,1
9,2017-01-30,830.38,833.5,816.38,833.0,3747336.0,830.38,0.0,833.5,816.38,833.0,1.0,3747336.0,0
10,2017-01-27,835.77,839.7,829.44,839.0,2998700.0,835.77,0.0,839.7,829.44,839.0,1.0,2998700.0,4
11,2017-01-26,839.15,843.84,833.0,835.53,3586323.0,839.15,0.0,843.84,833.0,835.53,1.0,3586323.0,3
12,2017-01-25,836.52,837.4183,825.288,825.79,4023078.0,836.52,0.0,837.4183,825.288,825.79,1.0,4023078.0,2
13,2017-01-24,822.44,823.99,814.5,822.0,2971740.0,822.44,0.0,823.99,814.5,822.0,1.0,2971740.0,1
14,2017-01-23,817.88,818.5,805.08,806.8,2797474.0,817.88,0.0,818.5,805.08,806.8,1.0,2797474.0,0
15,2017-01-20,808.33,816.02,806.26,815.28,3376196.0,808.33,0.0,816.02,806.26,815.28,1.0,3376196.0,4
16,2017-01-19,809.04,813.51,807.32,810.0,2540784.0,809.04,0.0,813.51,807.32,810.0,1.0,2540784.0,3
17,2017-01-18,807.48,811.73,804.27,809.5,2354201.0,807.48,0.0,811.73,804.27,809.5,1.0,2354201.0,2
18,2017-01-17,809.72,816.0,803.44,815.7,3670529.0,809.72,0.0,816.0,803.44,815.7,1.0,3670529.0,1
19,2017-01-13,817.14,821.65,811.4,814.32,3791945.0,817.14,0.0,821.65,811.4,814.32,1.0,3791945.0,4
20,2017-01-12,813.64,814.13,799.5,800.31,4873922.0,813.64,0.0,814.13,799.5,800.31,1.0,4873922.0,3
21,2017-01-11,799.02,799.5,789.51,793.66,2992791.0,799.02,0.0,799.5,789.51,793.66,1.0,2992791.0,2
22,2017-01-10,795.9,798.0,789.5434,796.6,2558369.0,795.9,0.0,798.0,789.5434,796.6,1.0,2558369.0,1
23,2017-01-09,796.92,801.7742,791.77,798.0,3446109.0,796.92,0.0,801.7742,791.77,798.0,1.0,3446109.0,0
24,2017-01-06,795.99,799.44,778.48,782.36,5986234.0,795.99,0.0,799.44,778.48,782.36,1.0,5986234.0,4
25,2017-01-05,780.45,782.3999,760.2557,761.55,5830068.0,780.45,0.0,782.3999,760.2557,761.55,1.0,5830068.0,3
26,2017-01-04,757.18,759.68,754.2,758.39,2510526.0,757.18,0.0,759.68,754.2,758.39,1.0,2510526.0,2
27,2017-01-03,753.67,758.7595,747.7,757.92,3521066.0,753.67,0.0,758.7595,747.7,757.92,1.0,3521066.0,1
28,2016-12-30,749.87,767.3999,748.28,766.47,4139449.0,749.87,0.0,767.3999,748.28,766.47,1.0,4139449.0,4
29,2016-12-29,765.15,773.4,760.85,772.4,3158299.0,765.15,0.0,773.4,760.85,772.4,1.0,3158299.0,3
30,2016-12-28,772.13,780.0,770.5,776.25,3301025.0,772.13,0.0,780.0,770.5,776.25,1.0,3301025.0,2
31,2016-12-27,771.4,774.65,761.2,763.4,2638725.0,771.4,0.0,774.65,761.2,763.4,1.0,2638725.0,1
32,2016-12-23,760.59,766.5,757.99,764.55,1981616.0,760.59,0.0,766.5,757.99,764.55,1.0,1981616.0,4
33,2016-12-22,766.34,771.21,763.02,768.12,2543551.0,766.34,0.0,771.21,763.02,768.12,1.0,2543551.0,3
34,2016-12-21,770.6,771.22,765.7,770.0,2044629.0,770.6,0.0,771.22,765.7,770.0,1.0,2044629.0,2
35,2016-12-20,771.22,774.39,767.71,768.65,2703629.0,771.22,0.0,774.39,767.71,768.65,1.0,2703629.0,1
36,2016-12-19,766.0,770.5,756.16,758.89,3113240.0,766.0,0.0,770.5,756.16,758.89,1.0,3113240.0,0
37,2016-12-16,757.77,765.13,754.0,765.0,4848219.0,757.77,0.0,765.13,754.0,765.0,1.0,4848219.0,4
38,2016-12-15,761.0,769.1,760.31,766.28,3801927.0,761.0,0.0,769.1,760.31,766.28,1.0,3801927.0,3
39,2016-12-14,768.82,780.86,762.81,778.25,5454836.0,768.82,0.0,780.86,762.81,778.25,1.0,5454836.0,2
40,2016-12-13,774.34,782.46,762.0,764.96,5285288.0,774.34,0.0,782.46,762.0,764.96,1.0,5285288.0,1
41,2016-12-12,760.12,766.89,757.2,766.4,2963945.0,760.12,0.0,766.89,757.2,766.4,1.0,2963945.0,0
42,2016-12-09,768.66,770.25,765.34,770.0,2470923.0,768.66,0.0,770.25,765.34,770.0,1.0,2470923.0,4
43,2016-12-08,767.33,773.79,765.19,771.87,3189608.0,767.33,0.0,773.79,765.19,771.87,1.0,3189608.0,3
44,2016-12-07,770.42,770.42,755.82,764.55,3684906.0,770.42,0.0,770.42,755.82,764.55,1.0,3684906.0,2
45,2016-12-06,764.72,768.24,757.25,763.99,3794746.0,764.72,0.0,768.24,757.25,763.99,1.0,3794746.0,1
46,2016-12-05,759.36,761.49,742.0,745.0,4314723.0,759.36,0.0,761.49,742.0,745.0,1.0,4314723.0,0
47,2016-12-02,740.34,748.4903,736.7,743.4,3561307.0,740.34,0.0,748.4903,736.7,743.4,1.0,3561307.0,4
48,2016-12-01,743.65,753.37,738.03,752.41,4665993.0,743.65,0.0,753.37,738.03,752.41,1.0,4665993.0,3
49,2016-11-30,750.57,768.09,750.25,762.0,4625946.0,750.57,0.0,768.09,750.25,762.0,1.0,4625946.0,2
50,2016-11-29,762.52,769.89,761.32,768.0,3272344.0,762.52,0.0,769.89,761.32,768.0,1.0,3272344.0,1
51,2016-11-28,766.77,777.0,764.24,776.99,4438828.0,766.77,0.0,777.0,764.24,776.99,1.0,4438828.0,0
52,2016-11-25,780.37,786.75,777.9,786.5,1837068.0,780.37,0.0,786.75,777.9,786.5,1.0,1837068.0,4
53,2016-11-23,780.12,781.75,773.12,781.73,3540263.0,780.12,0.0,781.75,773.12,781.73,1.0,3540263.0,2
54,2016-11-22,785.33,792.4,781.0,788.17,5311320.0,785.33,0.0,792.4,781.0,788.17,1.0,5311320.0,1
55,2016-11-21,780.0,780.35,765.11,766.0,4614574.0,780.0,0.0,780.35,765.11,766.0,1.0,4614574.0,0
56,2016-11-18,760.16,767.74,757.6435,761.0,4373408.0,760.16,0.0,767.74,757.6435,761.0,1.0,4373408.0,4
57,2016-11-17,756.4,757.5,748.0,749.32,3690112.0,756.4,0.0,757.5,748.0,749.32,1.0,3690112.0,3
58,2016-11-16,746.49,749.87,735.61,718.0,3648791.0,746.49,0.0,749.87,735.61,718.0,1.0,3648791.0,2
59,2016-11-15,743.24,746.78,725.99,730.0,6755785.0,743.24,0.0,746.78,725.99,730.0,1.0,6755785.0,1
60,2016-11-14,719.07,746.0,710.1,745.51,7321344.0,719.07,0.0,746.0,710.1,745.51,1.0,7321344.0,0
61,2016-11-11,739.01,743.26,728.9,735.73,6622784.0,739.01,0.0,743.26,728.9,735.73,1.0,6622784.0,4
62,2016-11-10,742.38,778.83,717.7,778.81,12746994.0,742.38,0.0,778.83,717.7,778.81,1.0,12746994.0,3
63,2016-11-09,771.88,777.5,760.09,764.0,8562892.0,771.88,0.0,777.5,760.09,764.0,1.0,8562892.0,2
64,2016-11-08,787.75,791.7399,779.1,784.97,3412629.0,787.75,0.0,791.7399,779.1,784.97,1.0,3412629.0,1
65,2016-11-07,784.93,787.732,770.94,771.64,5984354.0,784.93,0.0,787.732,770.94,771.64,1.0,5984354.0,0
66,2016-11-04,755.05,766.0,753.2301,762.79,5122103.0,755.05,0.0,766.0,753.2301,762.79,1.0,5122103.0,4
67,2016-11-03,767.03,777.0,764.0,765.05,3872496.0,767.03,0.0,777.0,764.0,765.05,1.0,3872496.0,3
68,2016-11-02,765.56,784.75,763.55,783.93,5026504.0,765.56,0.0,784.75,763.55,783.93,1.0,5026504.0,2
69,2016-11-01,785.41,800.84,776.7130000000001,799.0,5305428.0,785.41,0.0,800.84,776.7130000000001,799.0,1.0,5305428.0,1
70,2016-10-31,789.82,793.7,780.11,781.03,5413326.0,789.82,0.0,793.7,780.11,781.03,1.0,5413326.0,0
71,2016-10-28,776.32,789.49,774.61,782.0,10841073.0,776.32,0.0,789.49,774.61,782.0,1.0,10841073.0,4
72,2016-10-27,818.36,831.72,815.43,831.24,7406385.0,818.36,0.0,831.72,815.43,831.24,1.0,7406385.0,3
73,2016-10-26,822.59,833.44,820.0,832.76,3998102.0,822.59,0.0,833.44,820.0,832.76,1.0,3998102.0,2
74,2016-10-25,835.18,843.09,833.22,839.3,3248358.0,835.18,0.0,843.09,833.22,839.3,1.0,3248358.0,1
75,2016-10-24,838.09,838.3,822.21,824.95,4060899.0,838.09,0.0,838.3,822.21,824.95,1.0,4060899.0,0
76,2016-10-21,818.99,819.42,809.0,809.36,2793015.0,818.99,0.0,819.42,809.0,809.36,1.0,2793015.0,4
77,2016-10-20,810.32,815.71,803.1,813.99,3151954.0,810.32,0.0,815.71,803.1,813.99,1.0,3151954.0,3
78,2016-10-19,817.69,820.67,815.17,820.4,2090706.0,817.69,0.0,820.67,815.17,820.4,1.0,2090706.0,2
79,2016-10-18,817.65,823.26,815.02,822.11,2512504.0,817.65,0.0,823.26,815.02,822.11,1.0,2512504.0,1
80,2016-10-17,812.95,822.0,811.68,821.5,3361492.0,812.95,0.0,822.0,811.68,821.5,1.0,3361492.0,0
81,2016-10-14,822.96,835.74,822.96,835.08,2999814.0,822.96,0.0,835.74,822.96,835.08,1.0,2999814.0,4
82,2016-10-13,829.28,831.8,821.21,829.0,3091387.0,829.28,0.0,831.8,821.21,829.0,1.0,3091387.0,3
83,2016-10-12,834.09,837.666,830.1,834.0,2380416.0,834.09,0.0,837.666,830.1,834.0,1.0,2380416.0,2
84,2016-10-11,831.0,841.29,828.35,841.02,3588180.0,831.0,0.0,841.29,828.35,841.02,1.0,3588180.0,1
85,2016-10-10,841.71,845.2,840.27,843.25,1827143.0,841.71,0.0,845.2,840.27,843.25,1.0,1827143.0,0
86,2016-10-07,839.43,845.95,837.45,845.79,2426228.0,839.43,0.0,845.95,837.45,845.79,1.0,2426228.0,4
87,2016-10-06,841.66,847.21,840.6,843.7,2684013.0,841.66,0.0,847.21,840.6,843.7,1.0,2684013.0,3
88,2016-10-05,844.36,845.67,836.12,838.0,3469055.0,844.36,0.0,845.67,836.12,838.0,1.0,3469055.0,2
89,2016-10-04,834.03,842.365,830.26,840.91,2950314.0,834.03,0.0,842.365,830.26,840.91,1.0,2950314.0,1
90,2016-10-03,836.74,839.86,831.25,836.0,2769448.0,836.74,0.0,839.86,831.25,836.0,1.0,2769448.0,0
91,2016-09-30,837.31,839.95,832.4,832.61,4430566.0,837.31,0.0,839.95,832.4,832.61,1.0,4430566.0,4
92,2016-09-29,829.05,837.5,824.63,828.26,4922248.0,829.05,0.0,837.5,824.63,828.26,1.0,4922248.0,3
93,2016-09-28,828.72,830.14,817.0337,818.0,4422078.0,828.72,0.0,830.14,817.0337,818.0,1.0,4422078.0,2
94,2016-09-27,816.11,816.64,801.11,801.85,3819600.0,816.11,0.0,816.64,801.11,801.85,1.0,3819600.0,1
95,2016-09-26,799.16,805.93,797.145,801.8,2651397.0,799.16,0.0,805.93,797.145,801.8,1.0,2651397.0,0
96,2016-09-23,805.75,807.75,802.12,803.13,2353511.0,805.75,0.0,807.75,802.12,803.13,1.0,2353511.0,4
97,2016-09-22,804.7,805.8889999999999,794.27,794.27,4078910.0,804.7,0.0,805.8889999999999,794.27,794.27,1.0,4078910.0,3
98,2016-09-21,789.74,790.69,779.01,783.25,2718644.0,789.74,0.0,790.69,779.01,783.25,1.0,2718644.0,2
99,2016-09-20,780.22,781.37,776.0,776.0,1937164.0,780.22,0.0,781.37,776.0,776.0,1.0,1937164.0,1
100,2016-09-19,775.1,781.94,771.0,779.97,2297221.0,775.1,0.0,781.94,771.0,779.97,1.0,2297221.0,0
101,2016-09-16,778.52,780.46,771.66,773.28,5499182.0,778.52,0.0,780.46,771.66,773.28,1.0,5499182.0,4
102,2016-09-15,769.69,770.87,757.58,762.0,3043534.0,769.69,0.0,770.87,757.58,762.0,1.0,3043534.0,3
103,2016-09-14,761.09,767.5,758.85,762.2,2531822.0,761.09,0.0,767.5,758.85,762.2,1.0,2531822.0,2
104,2016-09-13,761.01,769.89,759.05,768.77,3117224.0,761.01,0.0,769.89,759.05,768.77,1.0,3117224.0,1
105,2016-09-12,771.49,772.66,756.0,757.35,3124704.0,771.49,0.0,772.66,756.0,757.35,1.0,3124704.0,0
106,2016-09-09,760.14,781.0,760.11,779.36,4257344.0,760.14,0.0,781.0,760.11,779.36,1.0,4257344.0,4
107,2016-09-08,784.06,786.5,781.44,783.89,2030511.0,784.06,0.0,786.5,781.44,783.89,1.0,2030511.0,3
108,2016-09-07,784.48,790.79,784.33,789.53,2424622.0,784.48,0.0,790.79,784.33,789.53,1.0,2424622.0,2
109,2016-09-06,788.87,789.48,770.22,774.04,3719788.0,788.87,0.0,789.48,770.22,774.04,1.0,3719788.0,1
110,2016-09-02,772.44,776.0,771.7,774.11,2181792.0,772.44,0.0,776.0,771.7,774.11,1.0,2181792.0,4
111,2016-09-01,770.62,772.04,766.75,770.9,1792271.0,770.62,0.0,772.04,766.75,770.9,1.0,1792271.0,3
112,2016-08-31,769.16,769.64,764.0,766.6,1633789.0,769.16,0.0,769.64,764.0,766.6,1.0,1633789.0,2
113,2016-08-30,767.58,771.8358,765.56,771.05,1709158.0,767.58,0.0,771.8358,765.56,771.05,1.0,1709158.0,1
114,2016-08-29,771.29,774.98,768.6,768.72,2198560.0,771.29,0.0,774.98,768.6,768.72,1.0,2198560.0,0
115,2016-08-26,769.0,770.0,759.795,760.05,2776830.0,769.0,0.0,770.0,759.795,760.05,1.0,2776830.0,4
116,2016-08-25,759.22,760.56,754.7410000000001,756.0,1622992.0,759.22,0.0,760.56,754.7410000000001,756.0,1.0,1622992.0,3
117,2016-08-24,757.25,763.41,755.36,763.0,1744107.0,757.25,0.0,763.41,755.36,763.0,1.0,1744107.0,2
118,2016-08-23,762.45,764.7,761.0,763.31,1524131.0,762.45,0.0,764.7,761.0,763.31,1.0,1524131.0,1
119,2016-08-22,759.48,759.85,752.1,757.5,1679251.0,759.48,0.0,759.85,752.1,757.5,1.0,1679251.0,0
120,2016-08-19,757.31,762.49,756.89,761.9,2343237.0,757.31,0.0,762.49,756.89,761.9,1.0,2343237.0,4
121,2016-08-18,764.46,765.17,760.6,764.0,1458834.0,764.46,0.0,765.17,760.6,764.0,1.0,1458834.0,3
122,2016-08-17,764.63,765.22,759.199,764.41,1891116.0,764.63,0.0,765.22,759.199,764.41,1.0,1891116.0,2
123,2016-08-16,764.04,768.7317,763.82,768.62,1604561.0,764.04,0.0,768.7317,763.82,768.62,1.0,1604561.0,1
124,2016-08-15,768.49,772.04,767.71,771.9,2118521.0,768.49,0.0,772.04,767.71,771.9,1.0,2118521.0,0
125,2016-08-12,772.56,773.15,768.4225,768.46,1563318.0,772.56,0.0,773.15,768.4225,768.46,1.0,1563318.0,4
126,2016-08-11,771.24,773.75,769.12,769.94,2019740.0,771.24,0.0,773.75,769.12,769.94,1.0,2019740.0,3
127,2016-08-10,768.56,772.1,766.19,769.8,1604280.0,768.56,0.0,772.1,766.19,769.8,1.0,1604280.0,2
128,2016-08-09,768.31,772.6,766.9,767.39,1876091.0,768.31,0.0,772.6,766.9,767.39,1.0,1876091.0,1
129,2016-08-08,766.56,767.0,761.015,766.81,1986272.0,766.56,0.0,767.0,761.015,766.81,1.0,1986272.0,0
130,2016-08-05,765.98,768.47,763.09,764.81,2704391.0,765.98,0.0,768.47,763.09,764.81,1.0,2704391.0,4
131,2016-08-04,760.77,765.0,750.35,753.7,3178208.0,760.77,0.0,765.0,750.35,753.7,1.0,3178208.0,3
132,2016-08-03,754.64,758.89,752.25,757.06,3581525.0,754.64,0.0,758.89,752.25,757.06,1.0,3581525.0,2
133,2016-08-02,760.58,765.01,757.02,763.81,3603280.0,760.58,0.0,765.01,757.02,763.81,1.0,3603280.0,1
134,2016-08-01,767.74,770.5,757.06,759.87,3578205.0,767.74,0.0,770.5,757.06,759.87,1.0,3578205.0,0
135,2016-07-29,758.81,766.0,755.0,765.0,6777050.0,758.81,0.0,766.0,755.0,765.0,1.0,6777050.0,4
136,2016-07-28,752.61,753.36,739.7,745.98,7617580.0,752.61,0.0,753.36,739.7,745.98,1.0,7617580.0,3
137,2016-07-27,736.67,740.94,733.86,737.97,2913134.0,736.67,0.0,740.94,733.86,737.97,1.0,2913134.0,2
138,2016-07-26,735.59,743.13,732.7525,742.71,2529692.0,735.59,0.0,743.13,732.7525,742.71,1.0,2529692.0,1
139,2016-07-25,739.61,748.5,735.35,746.55,2679290.0,739.61,0.0,748.5,735.35,746.55,1.0,2679290.0,0
140,2016-07-22,744.86,751.28,743.53,747.79,2277711.0,744.86,0.0,751.28,743.53,747.79,1.0,2277711.0,4
141,2016-07-21,744.43,749.36,742.7918,747.5,2317072.0,744.43,0.0,749.36,742.7918,747.5,1.0,2317072.0,3
142,2016-07-20,745.72,746.25,740.7,744.0,2214023.0,745.72,0.0,746.25,740.7,744.0,1.0,2214023.0,2
143,2016-07-19,739.95,743.33,732.31,732.5,2216820.0,739.95,0.0,743.33,732.31,732.5,1.0,2216820.0,1
144,2016-07-18,736.07,741.5954,728.72,735.49,2954914.0,736.07,0.0,741.5954,728.72,735.49,1.0,2954914.0,0
145,2016-07-15,735.44,746.55,734.05,746.55,3121385.0,735.44,0.0,746.55,734.05,746.55,1.0,3121385.0,4
146,2016-07-14,741.2,749.04,739.02,748.86,2390472.0,741.2,0.0,749.04,739.02,748.86,1.0,2390472.0,3
147,2016-07-13,742.63,756.87,741.25,746.76,4142265.0,742.63,0.0,756.87,741.25,746.76,1.0,4142265.0,2
148,2016-07-12,748.21,757.34,740.33,756.86,5623657.0,748.21,0.0,757.34,740.33,756.86,1.0,5623657.0,1
149,2016-07-11,753.78,755.9,747.0,750.0,3195272.0,753.78,0.0,755.9,747.0,750.0,1.0,3195272.0,0
150,2016-07-08,745.81,746.1,738.0,740.14,3429217.0,745.81,0.0,746.1,738.0,740.14,1.0,3429217.0,4
151,2016-07-07,736.57,739.55,731.63,739.33,2945783.0,736.57,0.0,739.55,731.63,739.33,1.0,2945783.0,3
152,2016-07-06,737.61,737.77,722.58,725.71,3938249.0,737.61,0.0,737.77,722.58,725.71,1.0,3938249.0,2
153,2016-07-05,728.1,728.11,719.61,722.8,2431431.0,728.1,0.0,728.11,719.61,722.8,1.0,2431431.0,1
154,2016-07-01,725.68,728.0,716.54,717.32,2920423.0,725.68,0.0,728.0,716.54,717.32,1.0,2920423.0,4
155,2016-06-30,715.62,719.37,712.54,717.2,2855142.0,715.62,0.0,719.37,712.54,717.2,1.0,2855142.0,3
156,2016-06-29,715.6,719.5,713.54,715.75,3070052.0,715.6,0.0,719.5,713.54,715.75,1.0,3070052.0,2
157,2016-06-28,707.95,708.0,698.1714,700.0,4036957.0,707.95,0.0,708.0,698.1714,700.0,1.0,4036957.0,1
158,2016-06-27,691.36,696.8189,682.115,692.01,5584037.0,691.36,0.0,696.8189,682.115,692.01,1.0,5584037.0,0
159,2016-06-24,698.96,712.5292,692.2,693.0,7632511.0,698.96,0.0,712.5292,692.2,693.0,1.0,7632511.0,4
160,2016-06-23,722.08,722.12,712.5,715.5,2824974.0,722.08,0.0,722.12,712.5,715.5,1.0,2824974.0,3
161,2016-06-22,710.6,717.0,707.565,716.58,2260454.0,710.6,0.0,717.0,707.565,716.58,1.0,2260454.0,2
162,2016-06-21,715.82,718.4,712.721,715.72,2137534.0,715.82,0.0,718.4,712.721,715.72,1.0,2137534.0,1
163,2016-06-20,714.01,721.31,710.81,713.5,3677162.0,714.01,0.0,721.31,710.81,713.5,1.0,3677162.0,0
164,2016-06-17,706.39,718.2,699.18,718.19,5897788.0,706.39,0.0,718.2,699.18,718.19,1.0,5897788.0,4
165,2016-06-16,717.51,718.0,705.3,712.05,3097961.0,717.51,0.0,718.0,705.3,712.05,1.0,3097961.0,3
166,2016-06-15,714.26,722.56,713.3522,722.0,2709447.0,714.26,0.0,722.56,713.3522,722.0,1.0,2709447.0,2
167,2016-06-14,719.3,720.805,712.27,712.33,2506922.0,719.3,0.0,720.805,712.27,712.33,1.0,2506922.0,1
168,2016-06-13,715.24,721.99,711.16,714.01,3352201.0,715.24,0.0,721.99,711.16,714.01,1.0,3352201.0,0
169,2016-06-10,717.91,724.98,714.21,722.35,3425718.0,717.91,0.0,724.98,714.21,722.35,1.0,3425718.0,4
170,2016-06-09,727.65,728.91,722.3,723.1,2170318.0,727.65,0.0,728.91,722.3,723.1,1.0,2170318.0,3
171,2016-06-08,726.64,729.42,721.6,726.4,2223366.0,726.64,0.0,729.42,721.6,726.4,1.0,2223366.0,2
172,2016-06-07,723.74,730.0,720.55,729.89,2732463.0,723.74,0.0,730.0,720.55,729.89,1.0,2732463.0,1
173,2016-06-06,726.73,731.5,724.42,726.5,2704806.0,726.73,0.0,731.5,724.42,726.5,1.0,2704806.0,0
174,2016-06-03,725.54,727.0,718.43,726.74,3367306.0,725.54,0.0,727.0,718.43,726.74,1.0,3367306.0,4
175,2016-06-02,728.24,728.28,715.5001,720.97,3026583.0,728.24,0.0,728.28,715.5001,720.97,1.0,3026583.0,3
176,2016-06-01,719.44,726.43,718.22,720.9,3263107.0,719.44,0.0,726.43,718.22,720.9,1.0,3263107.0,2
177,2016-05-31,722.79,724.23,711.32,712.33,3618323.0,722.79,0.0,724.23,711.32,712.33,1.0,3618323.0,1
178,2016-05-27,712.24,716.6,711.1,715.0,2249164.0,712.24,0.0,716.6,711.1,715.0,1.0,2249164.0,4
179,2016-05-26,714.91,715.0,707.293,708.33,2446681.0,714.91,0.0,715.0,707.293,708.33,1.0,2446681.0,3
180,2016-05-25,708.35,710.86,705.5159,708.0,3276631.0,708.35,0.0,710.86,705.5159,708.0,1.0,3276631.0,2
181,2016-05-24,704.2,707.5,698.0,698.01,3033782.0,704.2,0.0,707.5,698.0,698.01,1.0,3033782.0,1
182,2016-05-23,696.75,706.0,696.42,704.25,2595082.0,696.75,0.0,706.0,696.42,704.25,1.0,2595082.0,0
183,2016-05-20,702.8,707.24,700.0,701.05,2916165.0,702.8,0.0,707.24,700.0,701.05,1.0,2916165.0,4
184,2016-05-19,698.52,699.4,689.56,691.88,3025566.0,698.52,0.0,699.4,689.56,691.88,1.0,3025566.0,3
185,2016-05-18,697.45,702.5399,688.76,689.56,4283189.0,697.45,0.0,702.5399,688.76,689.56,1.0,4283189.0,2
186,2016-05-17,695.27,714.47,693.91,709.9,5121357.0,695.27,0.0,714.47,693.91,709.9,1.0,5121357.0,1
187,2016-05-16,710.66,713.25,700.28,710.13,5432920.0,710.66,0.0,713.25,700.28,710.13,1.0,5432920.0,0
188,2016-05-13,709.92,719.25,706.51,714.64,4763419.0,709.92,0.0,719.25,706.51,714.64,1.0,4763419.0,4
189,2016-05-12,717.93,722.45,711.51,717.38,5048150.0,717.93,0.0,722.45,711.51,717.38,1.0,5048150.0,3
190,2016-05-11,713.23,719.0,701.65,705.79,7338196.0,713.23,0.0,719.0,701.65,705.79,1.0,7338196.0,2
191,2016-05-10,703.07,704.55,693.5,694.0,6105570.0,703.07,0.0,704.55,693.5,694.0,1.0,6105570.0,1
192,2016-05-09,679.75,686.98,671.41,673.95,3982161.0,679.75,0.0,686.98,671.41,673.95,1.0,3982161.0,0
193,2016-05-06,673.95,676.95,656.01,656.05,4365345.0,673.95,0.0,676.95,656.01,656.05,1.0,4365345.0,4
194,2016-05-05,659.09,676.49,656.0,673.31,4884114.0,659.09,0.0,676.49,656.0,673.31,1.0,4884114.0,3
195,2016-05-04,670.9,674.0,662.14,662.59,4635462.0,670.9,0.0,674.0,662.14,662.59,1.0,4635462.0,2
196,2016-05-03,671.32,680.3,670.43,677.36,4923351.0,671.32,0.0,680.3,670.43,677.36,1.0,4923351.0,1
197,2016-05-02,683.85,685.5,662.0251,663.92,6578517.0,683.85,0.0,685.5,662.0251,663.92,1.0,6578517.0,0
198,2016-04-29,659.59,669.98,654.0,666.0,10310739.0,659.59,0.0,669.98,654.0,666.0,1.0,10310739.0,4
199,2016-04-28,602.0,626.8,599.2,615.54,7872605.0,602.0,0.0,626.8,599.2,615.54,1.0,7872605.0,3
200,2016-04-27,606.57,615.95,601.28,611.8,4068767.0,606.57,0.0,615.95,601.28,611.8,1.0,4068767.0,2
201,2016-04-26,616.88,626.7549,614.88,626.17,2521433.0,616.88,0.0,626.7549,614.88,626.17,1.0,2521433.0,1
202,2016-04-25,626.2,626.98,616.2511,616.61,2682924.0,626.2,0.0,626.98,616.2511,616.61,1.0,2682924.0,0
203,2016-04-22,620.5,628.25,611.56,624.47,5083904.0,620.5,0.0,628.25,611.56,624.47,1.0,5083904.0,4
204,2016-04-21,631.0,637.82,628.5,631.0,2596298.0,631.0,0.0,637.82,628.5,631.0,1.0,2596298.0,3
205,2016-04-20,632.99,636.55,623.0,630.0,2609425.0,632.99,0.0,636.55,623.0,630.0,1.0,2609425.0,2
206,2016-04-19,627.9,638.01,620.8,637.14,4055870.0,627.9,0.0,638.01,620.8,637.14,1.0,4055870.0,1
207,2016-04-18,635.35,637.64,624.9603,625.35,4360883.0,635.35,0.0,637.64,624.9603,625.35,1.0,4360883.0,0
208,2016-04-15,625.89,626.77,618.11,621.92,2887681.0,625.89,0.0,626.77,618.11,621.92,1.0,2887681.0,4
209,2016-04-14,620.75,624.38,615.07,615.07,3512136.0,620.75,0.0,624.38,615.07,615.07,1.0,3512136.0,3
210,2016-04-13,614.82,616.81,605.29,607.68,4228349.0,614.82,0.0,616.81,605.29,607.68,1.0,4228349.0,2
211,2016-04-12,603.17,604.06,592.31,598.4,2641062.0,603.17,0.0,604.06,592.31,598.4,1.0,2641062.0,1
212,2016-04-11,595.93,604.0,594.91,596.14,2704267.0,595.93,0.0,604.0,594.91,596.14,1.0,2704267.0,0
213,2016-04-08,594.6,597.86,589.0,594.32,2591936.0,594.6,0.0,597.86,589.0,594.32,1.0,2591936.0,4
214,2016-04-07,591.43,599.6,589.08,598.76,3189037.0,591.43,0.0,599.6,589.08,598.76,1.0,3189037.0,3
215,2016-04-06,602.08,602.39,587.5,587.52,2849909.0,602.08,0.0,602.39,587.5,587.52,1.0,2849909.0,2
216,2016-04-05,586.14,593.47,585.25,590.77,2308884.0,586.14,0.0,593.47,585.25,590.77,1.0,2308884.0,1
217,2016-04-04,593.19,599.5,590.55,599.0,2470825.0,593.19,0.0,599.5,590.55,599.0,1.0,2470825.0,0
218,2016-04-01,598.5,599.03,588.3,590.49,2917386.0,598.5,0.0,599.03,588.3,590.49,1.0,2917386.0,4
219,2016-03-31,593.64,600.75,592.21,599.28,2681811.0,593.64,0.0,600.75,592.21,599.28,1.0,2681811.0,3
220,2016-03-30,598.69,603.24,595.0,596.71,3890461.0,598.69,0.0,603.24,595.0,596.71,1.0,3890461.0,2
221,2016-03-29,593.86,595.85,576.5,580.15,4392567.0,593.86,0.0,595.85,576.5,580.15,1.0,4392567.0,1
222,2016-03-28,579.87,584.75,575.56,584.4,3121522.0,579.87,0.0,584.75,575.56,584.4,1.0,3121522.0,0
223,2016-03-24,582.95,583.55,567.08,567.11,5185539.0,582.95,0.0,583.55,567.08,567.11,1.0,5185539.0,3
224,2016-03-23,569.63,572.48,558.1,561.0,3983720.0,569.63,0.0,572.48,558.1,561.0,1.0,3983720.0,2
225,2016-03-22,560.48,562.76,545.05,545.11,4000564.0,560.48,0.0,562.76,545.05,545.11,1.0,4000564.0,1
226,2016-03-21,553.98,555.24,538.58,548.91,5155732.0,553.98,0.0,555.24,538.58,548.91,1.0,5155732.0,0
227,2016-03-18,552.08,562.33,546.09,560.94,7296885.0,552.08,0.0,562.33,546.09,560.94,1.0,7296885.0,4
228,2016-03-17,559.44,571.4,555.01,569.51,5928105.0,559.44,0.0,571.4,555.01,569.51,1.0,5928105.0,3
229,2016-03-16,574.27,581.32,571.14,576.64,3537669.0,574.27,0.0,581.32,571.14,576.64,1.0,3537669.0,2
230,2016-03-15,577.02,581.52,567.0,571.0,3876821.0,577.02,0.0,581.52,567.0,571.0,1.0,3876821.0,1
231,2016-03-14,573.37,576.89,563.05,567.0,3454152.0,573.37,0.0,576.89,563.05,567.0,1.0,3454152.0,0
232,2016-03-11,569.61,570.06,562.73,566.95,3771310.0,569.61,0.0,570.06,562.73,566.95,1.0,3771310.0,4
233,2016-03-10,558.93,567.0,547.9,566.74,3919892.0,558.93,0.0,567.0,547.9,566.74,1.0,3919892.0,3
234,2016-03-09,559.47,560.35,550.125,559.56,4377283.0,559.47,0.0,560.35,550.125,559.56,1.0,4377283.0,2
235,2016-03-08,560.26,571.35,554.74,557.87,4679663.0,560.26,0.0,571.35,554.74,557.87,1.0,4679663.0,1
236,2016-03-07,562.8,573.63,555.55,573.54,4932527.0,562.8,0.0,573.63,555.55,573.54,1.0,4932527.0,0
237,2016-03-04,575.14,581.4,571.065,581.07,3416545.0,575.14,0.0,581.4,571.065,581.07,1.0,3416545.0,4
238,2016-03-03,577.49,579.866,573.11,577.96,2741292.0,577.49,0.0,579.866,573.11,577.96,1.0,2741292.0,3
239,2016-03-02,580.21,585.0,573.7,581.75,4582170.0,580.21,0.0,585.0,573.7,581.75,1.0,4582170.0,2
240,2016-03-01,579.04,579.25,556.0,556.29,5038452.0,579.04,0.0,579.25,556.0,556.29,1.0,5038452.0,1
241,2016-02-29,552.52,564.81,552.51,554.0,4145396.0,552.52,0.0,564.81,552.51,554.0,1.0,4145396.0,0
242,2016-02-26,555.23,562.5,553.17,560.12,4877039.0,555.23,0.0,562.5,553.17,560.12,1.0,4877039.0,4
243,2016-02-25,555.15,559.39,545.2946,555.52,4525463.0,555.15,0.0,559.39,545.2946,555.52,1.0,4525463.0,3
244,2016-02-24,554.04,554.27,533.1501,545.75,6231668.0,554.04,0.0,554.27,533.1501,545.75,1.0,6231668.0,2
245,2016-02-23,552.94,556.91,545.33,555.55,4050790.0,552.94,0.0,556.91,545.33,555.55,1.0,4050790.0,1
246,2016-02-22,559.5,560.65,541.08,542.2,5566553.0,559.5,0.0,560.65,541.08,542.2,1.0,5566553.0,0
247,2016-02-19,534.9,535.95,515.35,520.71,4974717.0,534.9,0.0,535.95,515.35,520.71,1.0,4974717.0,4
248,2016-02-18,525.0,541.2,523.73,541.19,4735008.0,525.0,0.0,541.2,523.73,541.19,1.0,4735008.0,3
249,2016-02-17,534.1,537.48,519.39,528.74,4824002.0,534.1,0.0,537.48,519.39,528.74,1.0,4824002.0,2
250,2016-02-16,521.1,524.45,511.66,519.48,5118500.0,521.1,0.0,524.45,511.66,519.48,1.0,5118500.0,1
251,2016-02-12,507.08,516.75,501.4932,510.7,5384787.0,507.08,0.0,516.75,501.4932,510.7,1.0,5384787.0,4
252,2016-02-11,503.82,509.3,484.0,491.17,7397393.0,503.82,0.0,509.3,484.0,491.17,1.0,7397393.0,3
253,2016-02-10,490.48,504.66,486.0,491.76,6786181.0,490.48,0.0,504.66,486.0,491.76,1.0,6786181.0,2
254,2016-02-09,482.07,498.38,474.0,478.01,7077915.0,482.07,0.0,498.38,474.0,478.01,1.0,7077915.0,1
255,2016-02-08,488.1,493.5,475.21,486.47,9825509.0,488.1,0.0,493.5,475.21,486.47,1.0,9825509.0,0
256,2016-02-05,502.13,529.45,499.19,529.28,9708929.0,502.13,0.0,529.45,499.19,529.28,1.0,9708929.0,4
257,2016-02-04,536.26,538.99,519.2201,525.0,6199070.0,536.26,0.0,538.99,519.2201,525.0,1.0,6199070.0,3
258,2016-02-03,531.07,556.0,521.9,553.5,10048709.0,531.07,0.0,556.0,521.9,553.5,1.0,10048709.0,2
259,2016-02-02,552.1,571.56,550.09,570.0,6312045.0,552.1,0.0,571.56,550.09,570.0,1.0,6312045.0,1
260,2016-02-01,574.81,581.8,570.31,578.15,6355123.0,574.81,0.0,581.8,570.31,578.15,1.0,6355123.0,0
261,2016-01-29,587.0,593.0,570.0,571.98,14677550.0,587.0,0.0,593.0,570.0,571.98,1.0,14677550.0,4
262,2016-01-28,635.35,638.06,597.55,608.37,14015171.0,635.35,0.0,638.06,597.55,608.37,1.0,14015171.0,3
263,2016-01-27,583.35,603.39,578.78,601.99,5152853.0,583.35,0.0,603.39,578.78,601.99,1.0,5152853.0,2
264,2016-01-26,601.25,604.5,590.38,603.45,3765655.0,601.25,0.0,604.5,590.38,603.45,1.0,3765655.0,1
265,2016-01-25,596.53,608.5,594.56,597.99,4396079.0,596.53,0.0,608.5,594.56,597.99,1.0,4396079.0,0
266,2016-01-22,596.38,600.1,584.1079,588.73,5120144.0,596.38,0.0,600.1,584.1079,588.73,1.0,5120144.0,4
267,2016-01-21,575.02,588.81,568.22,573.58,4952217.0,575.02,0.0,588.81,568.22,573.58,1.0,4952217.0,3
268,2016-01-20,571.77,578.45,547.18,564.36,7966406.0,571.77,0.0,578.45,547.18,564.36,1.0,7966406.0,2
269,2016-01-19,574.48,584.0,566.45,577.09,4807165.0,574.48,0.0,584.0,566.45,577.09,1.0,4807165.0,1
270,2016-01-15,570.18,584.62,565.3,572.24,7784523.0,570.18,0.0,584.62,565.3,572.24,1.0,7784523.0,4
271,2016-01-14,593.0,602.25,569.88,580.25,7237978.0,593.0,0.0,602.25,569.88,580.25,1.0,7237978.0,3
272,2016-01-13,581.81,620.88,579.16,620.88,7655239.0,581.81,0.0,620.88,579.16,620.88,1.0,7655239.0,2
273,2016-01-12,617.89,625.99,612.2415,625.25,4724100.0,617.89,0.0,625.99,612.2415,625.25,1.0,4724100.0,1
274,2016-01-11,617.74,619.85,598.57,612.48,4891551.0,617.74,0.0,619.85,598.57,612.48,1.0,4891551.0,0
275,2016-01-08,607.05,624.14,606.0,619.66,5512915.0,607.05,0.0,624.14,606.0,619.66,1.0,5512915.0,4
276,2016-01-07,607.94,630.0,605.21,621.8,7074915.0,607.94,0.0,630.0,605.21,621.8,1.0,7074915.0,3
277,2016-01-06,632.65,639.79,620.31,622.0,5329197.0,632.65,0.0,639.79,620.31,622.0,1.0,5329197.0,2
278,2016-01-05,633.79,646.91,627.65,646.86,5822603.0,633.79,0.0,646.91,627.65,646.86,1.0,5822603.0,1
279,2016-01-04,636.99,657.715,627.51,656.29,9314519.0,636.99,0.0,657.715,627.51,656.29,1.0,9314519.0,0
