,Unnamed: 0,adj_close,adj_high,adj_low,adj_open,adj_volume,close,ex_dividend,high,low,open,split_ratio,volume,Day of Week
0,2017-02-10,51.39,51.815,50.96,51.44,53573.0,51.39,0.0,51.815,50.96,51.44,1.0,53573.0,4
1,2017-02-09,51.12,51.34,50.08,50.08,92421.0,51.12,0.0,51.34,50.08,50.08,1.0,92421.0,3
2,2017-02-08,50.27,50.52,49.96,50.2,37575.0,50.27,0.0,50.52,49.96,50.2,1.0,37575.0,2
3,2017-02-07,50.3,50.51,49.97,50.47,49664.0,50.3,0.0,50.51,49.97,50.47,1.0,49664.0,1
4,2017-02-06,50.31,50.35,49.8166,50.1,64382.0,50.31,0.0,50.35,49.8166,50.1,1.0,64382.0,0
5,2017-02-03,50.35,50.61,50.12,50.61,60190.0,50.35,0.0,50.61,50.12,50.61,1.0,60190.0,4
6,2017-02-02,50.17,50.4,49.06,49.94,74990.0,50.17,0.0,50.4,49.06,49.94,1.0,74990.0,3
7,2017-02-01,50.02,51.0,49.84,50.93,82036.0,50.02,0.0,51.0,49.84,50.93,1.0,82036.0,2
8,2017-01-31,50.54,50.75,49.4939,49.63,73241.0,50.54,0.0,50.75,49.4939,49.63,1.0,73241.0,1
9,2017-01-30,49.74,49.94,49.08,49.94,65314.0,49.74,0.0,49.94,49.08,49.94,1.0,65314.0,0
10,2017-01-27,50.13,50.4,49.96,50.17,43049.0,50.13,0.0,50.4,49.96,50.17,1.0,43049.0,4
11,2017-01-26,50.27,50.86,50.131,50.39,49796.0,50.27,0.0,50.86,50.131,50.39,1.0,49796.0,3
12,2017-01-25,50.68,51.3,50.44,50.97,92771.0,50.68,0.0,51.3,50.44,50.97,1.0,92771.0,2
13,2017-01-24,50.68,50.74,49.56,49.73,80830.0,50.68,0.0,50.74,49.56,49.73,1.0,80830.0,1
14,2017-01-23,49.84,50.4455,49.76,50.09,66491.0,49.84,0.0,50.4455,49.76,50.09,1.0,66491.0,0
15,2017-01-20,50.055,50.28,49.83,50.13,84486.0,50.055,0.0,50.28,49.83,50.13,1.0,84486.0,4
16,2017-01-19,50.0,50.27,49.855,50.27,99650.0,50.0,0.0,50.27,49.855,50.27,1.0,99650.0,3
17,2017-01-18,50.14,50.45,49.91,50.38,87117.0,50.14,0.0,50.45,49.91,50.38,1.0,87117.0,2
18,2017-01-17,50.06,50.7,49.63,50.0,110126.0,50.06,0.0,50.7,49.63,50.0,1.0,110126.0,1
19,2017-01-13,50.03,50.45,49.75,50.32,64172.0,50.03,0.0,50.45,49.75,50.32,1.0,64172.0,4
20,2017-01-12,50.12,50.56,48.96,49.74,112108.0,50.12,0.0,50.56,48.96,49.74,1.0,112108.0,3
21,2017-01-11,50.0,50.94,49.62,50.93,366933.0,50.0,0.0,50.94,49.62,50.93,1.0,366933.0,2
22,2017-01-10,50.78,51.148999999999994,50.54,50.75,75570.0,50.78,0.0,51.148999999999994,50.54,50.75,1.0,75570.0,1
23,2017-01-09,50.75,50.963,50.535,50.77,95734.0,50.75,0.0,50.963,50.535,50.77,1.0,95734.0,0
24,2017-01-06,50.81,51.1,49.86,50.59,174232.0,50.81,0.0,51.1,49.86,50.59,1.0,174232.0,4
25,2017-01-05,50.33,50.975,50.19,50.67,185088.0,50.33,0.0,50.975,50.19,50.67,1.0,185088.0,3
26,2017-01-04,50.74,50.995,49.29,50.0,137543.0,50.74,0.0,50.995,49.29,50.0,1.0,137543.0,2
27,2017-01-03,50.11,50.32,48.9,49.3,138117.0,50.11,0.0,50.32,48.9,49.3,1.0,138117.0,1
28,2016-12-30,48.96,49.3,48.6467,49.3,54044.0,48.96,0.0,49.3,48.6467,49.3,1.0,54044.0,4
29,2016-12-29,49.19,49.635,48.91,48.91,39339.0,49.19,0.0,49.635,48.91,48.91,1.0,39339.0,3
30,2016-12-28,48.99,49.86,48.445,49.69,79371.0,48.99,0.0,49.86,48.445,49.69,1.0,79371.0,2
31,2016-12-27,49.75,49.92,48.7898,49.37,60294.0,49.75,0.0,49.92,48.7898,49.37,1.0,60294.0,1
32,2016-12-23,49.53,49.56,48.55,48.56,53776.0,49.53,0.0,49.56,48.55,48.56,1.0,53776.0,4
33,2016-12-22,48.63,49.09,47.96,48.71,73894.0,48.63,0.0,49.09,47.96,48.71,1.0,73894.0,3
34,2016-12-21,48.61,49.09,48.42,48.9,57360.0,48.61,0.0,49.09,48.42,48.9,1.0,57360.0,2
35,2016-12-20,48.87,48.98,48.11,48.4,93234.0,48.87,0.0,48.98,48.11,48.4,1.0,93234.0,1
36,2016-12-19,48.23,49.17,47.73,48.87,156545.0,48.23,0.0,49.17,47.73,48.87,1.0,156545.0,0
37,2016-12-16,49.05,49.4,48.74,49.3,225472.0,49.05,0.0,49.4,48.74,49.3,1.0,225472.0,4
38,2016-12-15,49.16,49.24,48.83,49.13,97295.0,49.16,0.0,49.24,48.83,49.13,1.0,97295.0,3
39,2016-12-14,48.97,50.19,48.755,49.77,168411.0,48.97,0.0,50.19,48.755,49.77,1.0,168411.0,2
40,2016-12-13,50.02,50.15,49.845,49.95,118534.0,50.02,0.0,50.15,49.845,49.95,1.0,118534.0,1
41,2016-12-12,49.76,50.16,49.31,49.6,105560.0,49.76,0.0,50.16,49.31,49.6,1.0,105560.0,0
42,2016-12-09,49.64,49.7,47.361999999999995,48.25,129317.0,49.64,0.0,49.7,47.361999999999995,48.25,1.0,129317.0,4
43,2016-12-08,48.14,48.23,47.27,47.83,130610.0,48.14,0.0,48.23,47.27,47.83,1.0,130610.0,3
44,2016-12-07,47.71,47.84,46.52,47.45,91674.0,47.71,0.0,47.84,46.52,47.45,1.0,91674.0,2
45,2016-12-06,47.5,47.86,46.61,47.23,78012.0,47.5,0.0,47.86,46.61,47.23,1.0,78012.0,1
46,2016-12-05,47.28,47.29,46.57,46.81,107689.0,47.28,0.0,47.29,46.57,46.81,1.0,107689.0,0
47,2016-12-02,46.51,47.1,46.37,46.81,100071.0,46.51,0.0,47.1,46.37,46.81,1.0,100071.0,4
48,2016-12-01,46.935,47.18,46.4122,46.53,147901.0,46.935,0.0,47.18,46.4122,46.53,1.0,147901.0,3
49,2016-11-30,46.66,46.835,45.93,46.59,108284.0,46.66,0.0,46.835,45.93,46.59,1.0,108284.0,2
50,2016-11-29,46.34,46.54,45.7,46.05,97019.0,46.34,0.0,46.54,45.7,46.05,1.0,97019.0,1
51,2016-11-28,46.1,46.67,45.64,46.67,119998.0,46.1,0.0,46.67,45.64,46.67,1.0,119998.0,0
52,2016-11-25,46.63,46.79,46.174,46.66,39349.0,46.63,0.0,46.79,46.174,46.66,1.0,39349.0,4
53,2016-11-23,46.73,46.75,45.77,46.3,77125.0,46.73,0.0,46.75,45.77,46.3,1.0,77125.0,2
54,2016-11-22,46.13,46.24,45.515,46.19,90371.0,46.13,0.0,46.24,45.515,46.19,1.0,90371.0,1
55,2016-11-21,46.01,46.01,45.22,45.22,61458.0,46.01,0.0,46.01,45.22,45.22,1.0,61458.0,0
56,2016-11-18,45.27,45.3,44.76,45.05,83840.0,45.27,0.0,45.3,44.76,45.05,1.0,83840.0,4
57,2016-11-17,45.09,45.49,44.56,44.56,72697.0,45.09,0.0,45.49,44.56,44.56,1.0,72697.0,3
58,2016-11-16,44.68,44.86,43.71,43.94,144081.0,44.68,0.0,44.86,43.71,43.94,1.0,144081.0,2
59,2016-11-15,43.94,44.9,43.75,44.51,156191.0,43.94,0.0,44.9,43.75,44.51,1.0,156191.0,1
60,2016-11-14,44.56,46.18,44.3,45.92,169502.0,44.56,0.0,46.18,44.3,45.92,1.0,169502.0,0
61,2016-11-11,45.56,45.95,44.63,45.32,176737.0,45.56,0.0,45.95,44.63,45.32,1.0,176737.0,4
62,2016-11-10,45.34,45.48,43.5705,44.24,214201.0,45.34,0.0,45.48,43.5705,44.24,1.0,214201.0,3
63,2016-11-09,43.56,44.03,42.74,42.79,173278.0,43.56,0.0,44.03,42.74,42.79,1.0,173278.0,2
64,2016-11-08,43.15,44.16,43.04,43.93,85143.0,43.15,0.0,44.16,43.04,43.93,1.0,85143.0,1
65,2016-11-07,44.26,44.32,41.98,42.53,183300.0,44.26,0.0,44.32,41.98,42.53,1.0,183300.0,0
66,2016-11-04,41.74,42.6678,41.4,41.4,136947.0,41.74,0.0,42.6678,41.4,41.4,1.0,136947.0,4
67,2016-11-03,41.44,43.138000000000005,41.375,42.23,73665.0,41.44,0.0,43.138000000000005,41.375,42.23,1.0,73665.0,3
68,2016-11-02,42.31,43.78,42.29,43.67,89453.0,42.31,0.0,43.78,42.29,43.67,1.0,89453.0,2
69,2016-11-01,43.85,44.65,43.545,44.27,83403.0,43.85,0.0,44.65,43.545,44.27,1.0,83403.0,1
70,2016-10-31,44.36,44.5,42.39,43.02,120553.0,44.36,0.0,44.5,42.39,43.02,1.0,120553.0,0
71,2016-10-28,43.0,43.87,42.09,43.82,109915.0,43.0,0.0,43.87,42.09,43.82,1.0,109915.0,4
72,2016-10-27,44.06,45.48,43.0,44.15,259469.0,44.06,0.0,45.48,43.0,44.15,1.0,259469.0,3
73,2016-10-26,42.73,43.22,42.4,42.88,108745.0,42.73,0.0,43.22,42.4,42.88,1.0,108745.0,2
74,2016-10-25,43.18,44.07,43.1,43.97,62603.0,43.18,0.0,44.07,43.1,43.97,1.0,62603.0,1
75,2016-10-24,43.99,44.37,43.52,43.79,57407.0,43.99,0.0,44.37,43.52,43.79,1.0,57407.0,0
76,2016-10-21,43.65,44.0,43.32,43.9,72140.0,43.65,0.0,44.0,43.32,43.9,1.0,72140.0,4
77,2016-10-20,44.43,44.49,43.27,43.99,118703.0,44.43,0.0,44.49,43.27,43.99,1.0,118703.0,3
78,2016-10-19,44.04,45.04,44.02,45.04,61907.0,44.04,0.0,45.04,44.02,45.04,1.0,61907.0,2
79,2016-10-18,44.97,45.62,44.7132,45.24,70213.0,44.97,0.0,45.62,44.7132,45.24,1.0,70213.0,1
80,2016-10-17,44.73,44.915,44.1,44.29,90698.0,44.73,0.0,44.915,44.1,44.29,1.0,90698.0,0
81,2016-10-14,44.5,45.95,44.49,45.42,241463.0,44.5,0.0,45.95,44.49,45.42,1.0,241463.0,4
82,2016-10-13,45.3,46.51,45.26,46.25,140524.0,45.3,0.0,46.51,45.26,46.25,1.0,140524.0,3
83,2016-10-12,46.58,47.1,46.25,46.8,52712.0,46.58,0.0,47.1,46.25,46.8,1.0,52712.0,2
84,2016-10-11,46.75,47.85,46.25,47.85,59102.0,46.75,0.0,47.85,46.25,47.85,1.0,59102.0,1
85,2016-10-10,47.82,48.4,47.77,48.14,45654.0,47.82,0.0,48.4,47.77,48.14,1.0,45654.0,0
86,2016-10-07,47.65,48.07,47.13,48.07,47746.0,47.65,0.0,48.07,47.13,48.07,1.0,47746.0,4
87,2016-10-06,47.91,48.36,47.41,47.82,68525.0,47.91,0.0,48.36,47.41,47.82,1.0,68525.0,3
88,2016-10-05,48.02,48.1599,46.78,46.93,121400.0,48.02,0.0,48.1599,46.78,46.93,1.0,121400.0,2
89,2016-10-04,46.75,47.92,46.6,47.5,54091.0,46.75,0.0,47.92,46.6,47.5,1.0,54091.0,1
90,2016-10-03,47.56,47.6,46.85,47.45,95078.0,47.56,0.0,47.6,46.85,47.45,1.0,95078.0,0
91,2016-09-30,47.85,47.98,45.89,46.37,236947.0,47.85,0.0,47.98,45.89,46.37,1.0,236947.0,4
92,2016-09-29,46.1,46.85,45.89,46.76,69702.0,46.1,0.0,46.85,45.89,46.76,1.0,69702.0,3
93,2016-09-28,46.75,46.78,45.89,46.7,53532.0,46.75,0.0,46.78,45.89,46.7,1.0,53532.0,2
94,2016-09-27,46.48,46.61,45.47,45.85,88049.0,46.48,0.0,46.61,45.47,45.85,1.0,88049.0,1
95,2016-09-26,45.82,46.765,45.78,46.55,101289.0,45.82,0.0,46.765,45.78,46.55,1.0,101289.0,0
96,2016-09-23,46.92,47.91,46.62,47.69,113605.0,46.92,0.0,47.91,46.62,47.69,1.0,113605.0,4
97,2016-09-22,47.99,48.1999,47.52,48.14,128681.0,47.99,0.0,48.1999,47.52,48.14,1.0,128681.0,3
98,2016-09-21,47.93,48.07,46.84,47.54,142791.0,47.93,0.0,48.07,46.84,47.54,1.0,142791.0,2
99,2016-09-20,47.59,47.94,47.52,47.76,42096.0,47.59,0.0,47.94,47.52,47.76,1.0,42096.0,1
100,2016-09-19,47.49,47.8032,47.0856,47.15,65397.0,47.49,0.0,47.8032,47.0856,47.15,1.0,65397.0,0
101,2016-09-16,47.37,47.57,47.01,47.34,133627.0,47.37,0.0,47.57,47.01,47.34,1.0,133627.0,4
102,2016-09-15,47.28,47.786,46.22,46.79,62311.0,47.28,0.0,47.786,46.22,46.79,1.0,62311.0,3
103,2016-09-14,46.98,47.65,46.69,47.07,73550.0,46.98,0.0,47.65,46.69,47.07,1.0,73550.0,2
104,2016-09-13,46.89,47.22,46.26,46.65,102136.0,46.89,0.0,47.22,46.26,46.65,1.0,102136.0,1
105,2016-09-12,47.23,47.24,45.25,45.46,118639.0,47.23,0.0,47.24,45.25,45.46,1.0,118639.0,0
106,2016-09-09,45.91,47.05,45.86,46.99,121383.0,45.91,0.0,47.05,45.86,46.99,1.0,121383.0,4
107,2016-09-08,47.49,48.49,47.25,48.31,85259.0,47.49,0.0,48.49,47.25,48.31,1.0,85259.0,3
108,2016-09-07,48.31,48.66,47.9,48.34,121684.0,48.31,0.0,48.66,47.9,48.34,1.0,121684.0,2
109,2016-09-06,48.34,49.0,47.96,47.96,106210.0,48.34,0.0,49.0,47.96,47.96,1.0,106210.0,1
110,2016-09-02,47.89,48.26,47.555,48.0,90650.0,47.89,0.0,48.26,47.555,48.0,1.0,90650.0,4
111,2016-09-01,47.94,47.98,46.64,47.4,105090.0,47.94,0.0,47.98,46.64,47.4,1.0,105090.0,3
112,2016-08-31,47.24,47.83,46.99,47.4,94189.0,47.24,0.0,47.83,46.99,47.4,1.0,94189.0,2
113,2016-08-30,47.45,48.105,47.3,47.88,74105.0,47.45,0.0,48.105,47.3,47.88,1.0,74105.0,1
114,2016-08-29,47.99,48.41,47.88,48.08,91567.0,47.99,0.0,48.41,47.88,48.08,1.0,91567.0,0
115,2016-08-26,48.36,49.25,48.16,48.65,90594.0,48.36,0.0,49.25,48.16,48.65,1.0,90594.0,4
116,2016-08-25,48.72,49.26,48.5,49.01,64737.0,48.72,0.0,49.26,48.5,49.01,1.0,64737.0,3
117,2016-08-24,49.06,49.92,48.9,49.6,97947.0,49.06,0.0,49.92,48.9,49.6,1.0,97947.0,2
118,2016-08-23,49.75,50.08,49.65,49.89,82733.0,49.75,0.0,50.08,49.65,49.89,1.0,82733.0,1
119,2016-08-22,49.5,50.49,49.11,49.53,137717.0,49.5,0.0,50.49,49.11,49.53,1.0,137717.0,0
120,2016-08-19,49.82,50.3499,49.28,49.56,161198.0,49.82,0.0,50.3499,49.28,49.56,1.0,161198.0,4
121,2016-08-18,49.78,49.84,48.56,48.65,138152.0,49.78,0.0,49.84,48.56,48.65,1.0,138152.0,3
122,2016-08-17,48.65,49.91,48.1514,49.55,106475.0,48.65,0.0,49.91,48.1514,49.55,1.0,106475.0,2
123,2016-08-16,49.33,49.77,49.26,49.32,112657.0,49.33,0.0,49.77,49.26,49.32,1.0,112657.0,1
124,2016-08-15,49.6,49.94,49.23,49.23,109310.0,49.6,0.0,49.94,49.23,49.23,1.0,109310.0,0
125,2016-08-12,48.79,48.98,48.44,48.6,138129.0,48.79,0.0,48.98,48.44,48.6,1.0,138129.0,4
126,2016-08-11,48.94,49.05,48.31,48.31,103336.0,48.94,0.0,49.05,48.31,48.31,1.0,103336.0,3
127,2016-08-10,48.04,48.21,47.65,48.15,83814.0,48.04,0.0,48.21,47.65,48.15,1.0,83814.0,2
128,2016-08-09,48.06,48.5299,47.31,47.33,149356.0,48.06,0.0,48.5299,47.31,47.33,1.0,149356.0,1
129,2016-08-08,47.51,49.12,47.3,48.83,163381.0,47.51,0.0,49.12,47.3,48.83,1.0,163381.0,0
130,2016-08-05,48.91,49.05,48.15,48.15,125403.0,48.91,0.0,49.05,48.15,48.15,1.0,125403.0,4
131,2016-08-04,48.11,48.94,47.92,47.96,118846.0,48.11,0.0,48.94,47.92,47.96,1.0,118846.0,3
132,2016-08-03,48.1,49.2,47.82,49.2,175574.0,48.1,0.0,49.2,47.82,49.2,1.0,175574.0,2
133,2016-08-02,49.0,50.8728,48.52,50.6,233922.0,49.0,0.0,50.8728,48.52,50.6,1.0,233922.0,1
134,2016-08-01,50.64,53.5,50.3,50.3,433749.0,50.64,0.0,53.5,50.3,50.3,1.0,433749.0,0
135,2016-07-29,49.92,50.1,49.09,49.11,240229.0,49.92,0.0,50.1,49.09,49.11,1.0,240229.0,4
136,2016-07-28,49.22,53.4889,48.74,53.3,380470.0,49.22,0.0,53.4889,48.74,53.3,1.0,380470.0,3
137,2016-07-27,52.58,52.76,51.69,51.88,117864.0,52.58,0.0,52.76,51.69,51.88,1.0,117864.0,2
138,2016-07-26,51.83,52.3668,51.65,51.92,107501.0,51.83,0.0,52.3668,51.65,51.92,1.0,107501.0,1
139,2016-07-25,51.81,52.79,51.62,52.3,92728.0,51.81,0.0,52.79,51.62,52.3,1.0,92728.0,0
140,2016-07-22,52.38,52.57,51.88,52.33,66470.0,52.38,0.0,52.57,51.88,52.33,1.0,66470.0,4
141,2016-07-21,52.24,52.675,52.04,52.24,86521.0,52.24,0.0,52.675,52.04,52.24,1.0,86521.0,3
142,2016-07-20,52.07,52.4,52.02,52.32,83007.0,52.07,0.0,52.4,52.02,52.32,1.0,83007.0,2
143,2016-07-19,52.12,52.65,52.02,52.05,94380.0,52.12,0.0,52.65,52.02,52.05,1.0,94380.0,1
144,2016-07-18,52.31,53.13,52.1,52.66,111118.0,52.31,0.0,53.13,52.1,52.66,1.0,111118.0,0
145,2016-07-15,52.49,53.17,52.4,52.98,62329.0,52.49,0.0,53.17,52.4,52.98,1.0,62329.0,4
146,2016-07-14,52.64,53.27,52.5,53.09,102174.0,52.64,0.0,53.27,52.5,53.09,1.0,102174.0,3
147,2016-07-13,52.84,53.7358,52.67,53.06,66849.0,52.84,0.0,53.7358,52.67,53.06,1.0,66849.0,2
148,2016-07-12,53.19,53.74,52.81,53.25,73210.0,53.19,0.0,53.74,52.81,53.25,1.0,73210.0,1
149,2016-07-11,52.79,53.65,52.68,53.65,96263.0,52.79,0.0,53.65,52.68,53.65,1.0,96263.0,0
150,2016-07-08,53.3,53.85,52.465,52.7,78218.0,53.3,0.0,53.85,52.465,52.7,1.0,78218.0,4
151,2016-07-07,52.36,53.63,52.0701,53.22,151237.0,52.36,0.0,53.63,52.0701,53.22,1.0,151237.0,3
152,2016-07-06,53.25,54.0,52.9185,53.61,202013.0,53.25,0.0,54.0,52.9185,53.61,1.0,202013.0,2
153,2016-07-05,53.83,54.96,53.37,54.28,202543.0,53.83,0.0,54.96,53.37,54.28,1.0,202543.0,1
154,2016-07-01,54.26,54.48,53.3,53.56,122827.0,54.26,0.0,54.48,53.3,53.56,1.0,122827.0,4
155,2016-06-30,53.65,53.68,52.06,52.44,148451.0,53.65,0.0,53.68,52.06,52.44,1.0,148451.0,3
156,2016-06-29,52.3,52.6999,51.36,51.44,150930.0,52.3,0.0,52.6999,51.36,51.44,1.0,150930.0,2
157,2016-06-28,50.93,51.48,50.52,50.74,177593.0,50.93,0.0,51.48,50.52,50.74,1.0,177593.0,1
158,2016-06-27,50.17,51.37,50.14,50.37,260030.0,50.17,0.0,51.37,50.14,50.37,1.0,260030.0,0
159,2016-06-24,51.09,51.35,48.37,48.98,235862.0,51.09,0.0,51.35,48.37,48.98,1.0,235862.0,4
160,2016-06-23,51.1,51.44,50.5,50.5,91445.0,51.1,0.0,51.44,50.5,50.5,1.0,91445.0,3
161,2016-06-22,50.27,50.48,49.85,50.1,155736.0,50.27,0.0,50.48,49.85,50.1,1.0,155736.0,2
162,2016-06-21,50.17,50.47,49.54,49.7,83232.0,50.17,0.0,50.47,49.54,49.7,1.0,83232.0,1
163,2016-06-20,49.79,49.83,49.2901,49.79,95424.0,49.79,0.0,49.83,49.2901,49.79,1.0,95424.0,0
164,2016-06-17,49.1,50.29,49.0,50.07,236774.0,49.1,0.0,50.29,49.0,50.07,1.0,236774.0,4
165,2016-06-16,50.11,50.24,49.086999999999996,49.49,93075.0,50.11,0.0,50.24,49.086999999999996,49.49,1.0,93075.0,3
166,2016-06-15,49.79,50.43,49.64,49.85,133421.0,49.79,0.0,50.43,49.64,49.85,1.0,133421.0,2
167,2016-06-14,49.84,50.0,49.0457,49.37,117096.0,49.84,0.0,50.0,49.0457,49.37,1.0,117096.0,1
168,2016-06-13,49.29,49.49,48.94,49.15,119536.0,49.29,0.0,49.49,48.94,49.15,1.0,119536.0,0
169,2016-06-10,49.16,49.465,48.46,48.46,97680.0,49.16,0.0,49.465,48.46,48.46,1.0,97680.0,4
170,2016-06-09,48.92,49.3,48.303999999999995,48.39,105774.0,48.92,0.0,49.3,48.303999999999995,48.39,1.0,105774.0,3
171,2016-06-08,48.72,48.82,47.53,47.8,124603.0,48.72,0.0,48.82,47.53,47.8,1.0,124603.0,2
172,2016-06-07,47.71,48.09,47.155,47.79,86268.0,47.71,0.0,48.09,47.155,47.79,1.0,86268.0,1
173,2016-06-06,47.94,48.155,47.15,47.72,101034.0,47.94,0.0,48.155,47.15,47.72,1.0,101034.0,0
174,2016-06-03,47.49,48.21,47.09,47.54,108161.0,47.49,0.0,48.21,47.09,47.54,1.0,108161.0,4
175,2016-06-02,47.71,47.785,47.05,47.23,95816.0,47.71,0.0,47.785,47.05,47.23,1.0,95816.0,3
176,2016-06-01,47.37,47.745,46.51,47.08,138020.0,47.37,0.0,47.745,46.51,47.08,1.0,138020.0,2
177,2016-05-31,47.32,47.92,46.79,47.62,131044.0,47.32,0.0,47.92,46.79,47.62,1.0,131044.0,1
178,2016-05-27,47.38,47.525,46.545,46.74,84443.0,47.38,0.0,47.525,46.545,46.74,1.0,84443.0,4
179,2016-05-26,46.53,47.17,46.52,47.0,61692.0,46.53,0.0,47.17,46.52,47.0,1.0,61692.0,3
180,2016-05-25,47.08,47.72,46.79,47.0,104321.0,47.08,0.0,47.72,46.79,47.0,1.0,104321.0,2
181,2016-05-24,47.0,47.24,45.86,46.08,140015.0,47.0,0.0,47.24,45.86,46.08,1.0,140015.0,1
182,2016-05-23,46.01,46.67,45.551,46.0,139955.0,46.01,0.0,46.67,45.551,46.0,1.0,139955.0,0
183,2016-05-20,45.96,46.5,45.21,45.24,156215.0,45.96,0.0,46.5,45.21,45.24,1.0,156215.0,4
184,2016-05-19,44.99,45.74,44.76,45.35,124443.0,44.99,0.0,45.74,44.76,45.35,1.0,124443.0,3
185,2016-05-18,45.17,45.67,44.81,44.81,108517.0,45.17,0.0,45.67,44.81,44.81,1.0,108517.0,2
186,2016-05-17,44.82,45.37,44.5,44.87,202619.0,44.82,0.0,45.37,44.5,44.87,1.0,202619.0,1
187,2016-05-16,45.07,45.34,43.5201,43.93,189918.0,45.07,0.0,45.34,43.5201,43.93,1.0,189918.0,0
188,2016-05-13,43.71,44.91,43.48,43.66,195186.0,43.71,0.0,44.91,43.48,43.66,1.0,195186.0,4
189,2016-05-12,43.62,45.435,42.91,44.93,266821.0,43.62,0.0,45.435,42.91,44.93,1.0,266821.0,3
190,2016-05-11,44.78,45.46,44.76,44.87,182424.0,44.78,0.0,45.46,44.76,44.87,1.0,182424.0,2
191,2016-05-10,44.97,45.5,44.39,44.39,178185.0,44.97,0.0,45.5,44.39,44.39,1.0,178185.0,1
192,2016-05-09,44.39,45.165,43.6,44.17,174692.0,44.39,0.0,45.165,43.6,44.17,1.0,174692.0,0
193,2016-05-06,44.03,44.44,43.4022,43.98,202285.0,44.03,0.0,44.44,43.4022,43.98,1.0,202285.0,4
194,2016-05-05,44.02,44.39,43.46,43.75,218053.0,44.02,0.0,44.39,43.46,43.75,1.0,218053.0,3
195,2016-05-04,43.47,44.43,42.36,44.27,216653.0,43.47,0.0,44.43,42.36,44.27,1.0,216653.0,2
196,2016-05-03,44.7,45.92,44.52,45.11,116530.0,44.7,0.0,45.92,44.52,45.11,1.0,116530.0,1
197,2016-05-02,45.57,46.68,44.85,45.68,208573.0,45.57,0.0,46.68,44.85,45.68,1.0,208573.0,0
198,2016-04-29,45.66,47.0,44.09,47.0,200851.0,45.66,0.0,47.0,44.09,47.0,1.0,200851.0,4
199,2016-04-28,46.93,48.66,46.1,46.5,484350.0,46.93,0.0,48.66,46.1,46.5,1.0,484350.0,3
200,2016-04-27,44.64,46.25,43.75,45.91,513975.0,44.64,0.0,46.25,43.75,45.91,1.0,513975.0,2
201,2016-04-26,46.71,48.11,46.55,47.73,165134.0,46.71,0.0,48.11,46.55,47.73,1.0,165134.0,1
202,2016-04-25,47.37,48.295,46.8901,47.52,117868.0,47.37,0.0,48.295,46.8901,47.52,1.0,117868.0,0
203,2016-04-22,47.88,48.75,47.44,48.66,155137.0,47.88,0.0,48.75,47.44,48.66,1.0,155137.0,4
204,2016-04-21,48.63,49.06,47.44,48.2,152981.0,48.63,0.0,49.06,47.44,48.2,1.0,152981.0,3
205,2016-04-20,48.23,49.25,48.14,48.56,144085.0,48.23,0.0,49.25,48.14,48.56,1.0,144085.0,2
206,2016-04-19,48.38,48.84,48.0,48.22,125299.0,48.38,0.0,48.84,48.0,48.22,1.0,125299.0,1
207,2016-04-18,47.9,48.47,47.74,48.39,125983.0,47.9,0.0,48.47,47.74,48.39,1.0,125983.0,0
208,2016-04-15,48.38,48.86,47.3,47.77,261123.0,48.38,0.0,48.86,47.3,47.77,1.0,261123.0,4
209,2016-04-14,47.68,48.48,45.4552,45.56,500355.0,47.68,0.0,48.48,45.4552,45.56,1.0,500355.0,3
210,2016-04-13,45.41,45.48,44.58,45.32,201082.0,45.41,0.0,45.48,44.58,45.32,1.0,201082.0,2
211,2016-04-12,45.22,45.69,44.29,44.31,137786.0,45.22,0.0,45.69,44.29,44.31,1.0,137786.0,1
212,2016-04-11,44.38,45.231,44.03,44.89,108923.0,44.38,0.0,45.231,44.03,44.89,1.0,108923.0,0
213,2016-04-08,45.03,45.25,44.52,44.79,92124.0,45.03,0.0,45.25,44.52,44.79,1.0,92124.0,4
214,2016-04-07,44.53,44.89,44.126999999999995,44.84,113257.0,44.53,0.0,44.89,44.126999999999995,44.84,1.0,113257.0,3
215,2016-04-06,45.06,45.12,44.13,44.34,89492.0,45.06,0.0,45.12,44.13,44.34,1.0,89492.0,2
216,2016-04-05,44.17,44.99,43.8101,44.21,103415.0,44.17,0.0,44.99,43.8101,44.21,1.0,103415.0,1
217,2016-04-04,44.54,45.928999999999995,44.46,45.66,118052.0,44.54,0.0,45.928999999999995,44.46,45.66,1.0,118052.0,0
218,2016-04-01,45.5,46.15,44.33,44.33,129191.0,45.5,0.0,46.15,44.33,44.33,1.0,129191.0,4
219,2016-03-31,44.72,45.52,44.42,44.85,174199.0,44.72,0.0,45.52,44.42,44.85,1.0,174199.0,3
220,2016-03-30,44.98,45.93,44.8,45.57,124524.0,44.98,0.0,45.93,44.8,45.57,1.0,124524.0,2
221,2016-03-29,45.44,45.55,44.17,44.17,106040.0,45.44,0.0,45.55,44.17,44.17,1.0,106040.0,1
222,2016-03-28,44.63,44.97,44.0,44.0,86947.0,44.63,0.0,44.97,44.0,44.0,1.0,86947.0,0
223,2016-03-24,44.0,44.76,43.56,44.43,96992.0,44.0,0.0,44.76,43.56,44.43,1.0,96992.0,3
224,2016-03-23,44.74,46.36,44.69,45.83,178396.0,44.74,0.0,46.36,44.69,45.83,1.0,178396.0,2
225,2016-03-22,45.83,45.88,44.16,44.16,183908.0,45.83,0.0,45.88,44.16,44.16,1.0,183908.0,1
226,2016-03-21,44.43,44.71,43.58,43.68,186196.0,44.43,0.0,44.71,43.58,43.68,1.0,186196.0,0
227,2016-03-18,43.75,44.7297,43.599,44.15,187558.0,43.75,0.0,44.7297,43.599,44.15,1.0,187558.0,4
228,2016-03-17,43.92,44.12,43.08,43.5,128997.0,43.92,0.0,44.12,43.08,43.5,1.0,128997.0,3
229,2016-03-16,43.78,44.75,43.71,44.19,93976.0,43.78,0.0,44.75,43.71,44.19,1.0,93976.0,2
230,2016-03-15,44.3,44.7499,43.11600000000001,43.92,149134.0,44.3,0.0,44.7499,43.11600000000001,43.92,1.0,149134.0,1
231,2016-03-14,44.23,44.75,43.81,44.31,72292.0,44.23,0.0,44.75,43.81,44.31,1.0,72292.0,0
232,2016-03-11,44.62,45.24,44.1,44.27,150302.0,44.62,0.0,45.24,44.1,44.27,1.0,150302.0,4
233,2016-03-10,43.89,45.02,43.74,44.45,181866.0,43.89,0.0,45.02,43.74,44.45,1.0,181866.0,3
234,2016-03-09,44.42,44.89,44.22,44.8,147941.0,44.42,0.0,44.89,44.22,44.8,1.0,147941.0,2
235,2016-03-08,44.48,45.4354,44.42,45.2,172666.0,44.48,0.0,45.4354,44.42,45.2,1.0,172666.0,1
236,2016-03-07,45.21,45.3,44.12,44.99,302365.0,45.21,0.0,45.3,44.12,44.99,1.0,302365.0,0
237,2016-03-04,45.07,45.82,44.815,45.65,165264.0,45.07,0.0,45.82,44.815,45.65,1.0,165264.0,4
238,2016-03-03,45.5,46.69,45.48,45.49,251370.0,45.5,0.0,46.69,45.48,45.49,1.0,251370.0,3
239,2016-03-02,44.82,46.71,44.55,45.5,327137.0,44.82,0.0,46.71,44.55,45.5,1.0,327137.0,2
240,2016-03-01,44.96,47.24,44.26,45.0,383062.0,44.96,0.0,47.24,44.26,45.0,1.0,383062.0,1
241,2016-02-29,45.13,47.19,44.85,46.85,347042.0,45.13,0.0,47.19,44.85,46.85,1.0,347042.0,0
242,2016-02-26,46.4,47.23,42.8954,43.47,699827.0,46.4,0.0,47.23,42.8954,43.47,1.0,699827.0,4
243,2016-02-25,43.37,46.0,42.16,43.6,787636.0,43.37,0.0,46.0,42.16,43.6,1.0,787636.0,3
244,2016-02-24,40.15,40.2,38.54,38.81,117895.0,40.15,0.0,40.2,38.54,38.81,1.0,117895.0,2
245,2016-02-23,39.0,39.6,38.3401,38.64,130997.0,39.0,0.0,39.6,38.3401,38.64,1.0,130997.0,1
246,2016-02-22,38.91,39.77,38.5701,39.67,117552.0,38.91,0.0,39.77,38.5701,39.67,1.0,117552.0,0
247,2016-02-19,39.12,39.574,38.53,38.53,81066.0,39.12,0.0,39.574,38.53,38.53,1.0,81066.0,4
248,2016-02-18,38.6,39.41,38.22,38.72,95821.0,38.6,0.0,39.41,38.22,38.72,1.0,95821.0,3
249,2016-02-17,38.71,39.1565,37.93,38.2,88256.0,38.71,0.0,39.1565,37.93,38.2,1.0,88256.0,2
250,2016-02-16,37.94,38.85,37.71,37.96,114225.0,37.94,0.0,38.85,37.71,37.96,1.0,114225.0,1
251,2016-02-12,37.78,38.08,36.48,37.53,111662.0,37.78,0.0,38.08,36.48,37.53,1.0,111662.0,4
252,2016-02-11,37.09,38.9497,37.04,38.11,183961.0,37.09,0.0,38.9497,37.04,38.11,1.0,183961.0,3
253,2016-02-10,38.76,39.8214,38.59,38.81,153171.0,38.76,0.0,39.8214,38.59,38.81,1.0,153171.0,2
254,2016-02-09,38.7,39.5,36.73,36.85,236144.0,38.7,0.0,39.5,36.73,36.85,1.0,236144.0,1
255,2016-02-08,36.94,37.38,36.6,37.38,151004.0,36.94,0.0,37.38,36.6,37.38,1.0,151004.0,0
256,2016-02-05,37.63,38.26,37.2924,37.97,142900.0,37.63,0.0,38.26,37.2924,37.97,1.0,142900.0,4
257,2016-02-04,38.11,39.385,38.03,38.83,107668.0,38.11,0.0,39.385,38.03,38.83,1.0,107668.0,3
258,2016-02-03,38.99,39.3,37.15,37.8,152651.0,38.99,0.0,39.3,37.15,37.8,1.0,152651.0,2
259,2016-02-02,37.67,38.06,37.02,37.18,99161.0,37.67,0.0,38.06,37.02,37.18,1.0,99161.0,1
260,2016-02-01,37.47,38.28,37.05,37.28,206889.0,37.47,0.0,38.28,37.05,37.28,1.0,206889.0,0
261,2016-01-29,37.62,37.775,35.36,35.36,174771.0,37.62,0.0,37.775,35.36,35.36,1.0,174771.0,4
262,2016-01-28,35.3,37.3,35.07,37.19,172126.0,35.3,0.0,37.3,35.07,37.19,1.0,172126.0,3
263,2016-01-27,36.72,38.57,36.59,38.18,111296.0,36.72,0.0,38.57,36.59,38.18,1.0,111296.0,2
264,2016-01-26,38.33,38.57,36.056999999999995,36.61,158241.0,38.33,0.0,38.57,36.056999999999995,36.61,1.0,158241.0,1
265,2016-01-25,36.32,37.21,36.23,36.64,102247.0,36.32,0.0,37.21,36.23,36.64,1.0,102247.0,0
266,2016-01-22,36.72,37.33,36.52,36.87,99578.0,36.72,0.0,37.33,36.52,36.87,1.0,99578.0,4
267,2016-01-21,36.48,37.0,35.94,36.85,164043.0,36.48,0.0,37.0,35.94,36.85,1.0,164043.0,3
268,2016-01-20,36.78,37.235,35.8601,36.37,240565.0,36.78,0.0,37.235,35.8601,36.37,1.0,240565.0,2
269,2016-01-19,37.0,38.66,36.545,38.32,156378.0,37.0,0.0,38.66,36.545,38.32,1.0,156378.0,1
270,2016-01-15,38.1,38.475,36.29,36.57,152367.0,38.1,0.0,38.475,36.29,36.57,1.0,152367.0,4
271,2016-01-14,37.68,38.19,36.34,36.91,160831.0,37.68,0.0,38.19,36.34,36.91,1.0,160831.0,3
272,2016-01-13,36.75,38.93,36.59,37.91,107702.0,36.75,0.0,38.93,36.59,37.91,1.0,107702.0,2
273,2016-01-12,37.89,38.0,36.71,37.19,113035.0,37.89,0.0,38.0,36.71,37.19,1.0,113035.0,1
274,2016-01-11,36.82,37.36,36.51,36.97,130410.0,36.82,0.0,37.36,36.51,36.97,1.0,130410.0,0
275,2016-01-08,36.83,38.0343,36.75,37.47,186536.0,36.83,0.0,38.0343,36.75,37.47,1.0,186536.0,4
276,2016-01-07,36.78,37.34,36.25,36.71,112558.0,36.78,0.0,37.34,36.25,36.71,1.0,112558.0,3
277,2016-01-06,37.38,38.2,37.05,37.79,132796.0,37.38,0.0,38.2,37.05,37.79,1.0,132796.0,2
278,2016-01-05,38.58,39.8,37.09,38.27,186318.0,38.58,0.0,39.8,37.09,38.27,1.0,186318.0,1
279,2016-01-04,38.08,38.16,36.705,37.5,152272.0,38.08,0.0,38.16,36.705,37.5,1.0,152272.0,0
