,Unnamed: 0,adj_close,adj_high,adj_low,adj_open,adj_volume,close,ex_dividend,high,low,open,split_ratio,volume,Day of Week
0,2017-02-10,0.6209,0.63,0.5902,0.6,1395828.0,0.6209,0.0,0.63,0.5902,0.6,1.0,1395828.0,4
1,2017-02-09,0.5791,0.5975,0.5415,0.5778,694827.0,0.5791,0.0,0.5975,0.5415,0.5778,1.0,694827.0,3
2,2017-02-08,0.5682,0.5876,0.5303,0.58,949968.0,0.5682,0.0,0.5876,0.5303,0.58,1.0,949968.0,2
3,2017-02-07,0.5887,0.6298,0.5877,0.62,637785.0,0.5887,0.0,0.6298,0.5877,0.62,1.0,637785.0,1
4,2017-02-06,0.6149,0.639,0.5803,0.639,1211841.0,0.6149,0.0,0.639,0.5803,0.639,1.0,1211841.0,0
5,2017-02-03,0.6189,0.65,0.5821,0.5988,2031605.0,0.6189,0.0,0.65,0.5821,0.5988,1.0,2031605.0,4
6,2017-02-02,0.5820000000000001,0.5875,0.54,0.5539999999999999,780756.0,0.5820000000000001,0.0,0.5875,0.54,0.5539999999999999,1.0,780756.0,3
7,2017-02-01,0.5511,0.575,0.53,0.544,739896.0,0.5511,0.0,0.575,0.53,0.544,1.0,739896.0,2
8,2017-01-31,0.5421,0.544,0.51,0.5346,658488.0,0.5421,0.0,0.544,0.51,0.5346,1.0,658488.0,1
9,2017-01-30,0.5214,0.5444,0.511,0.5444,933559.0,0.5214,0.0,0.5444,0.511,0.5444,1.0,933559.0,0
10,2017-01-27,0.5344,0.5985,0.523,0.5489999999999999,2254515.0,0.5344,0.0,0.5985,0.523,0.5489999999999999,1.0,2254515.0,4
11,2017-01-26,0.5601,0.5998,0.5152,0.52,3355396.0,0.5601,0.0,0.5998,0.5152,0.52,1.0,3355396.0,3
12,2017-01-25,0.5147,0.528,0.511,0.528,1368508.0,0.5147,0.0,0.528,0.511,0.528,1.0,1368508.0,2
13,2017-01-24,0.5288,0.5716,0.51,0.57,1747702.0,0.5288,0.0,0.5716,0.51,0.57,1.0,1747702.0,1
14,2017-01-23,0.5605,0.602,0.5502,0.6015,1438108.0,0.5605,0.0,0.602,0.5502,0.6015,1.0,1438108.0,0
15,2017-01-20,0.6023,0.6509999999999999,0.59,0.6135,699641.0,0.6023,0.0,0.6509999999999999,0.59,0.6135,1.0,699641.0,4
16,2017-01-19,0.6129,0.65,0.61,0.6423,1103946.0,0.6129,0.0,0.65,0.61,0.6423,1.0,1103946.0,3
17,2017-01-18,0.6499,0.6798,0.63,0.6698,1199885.0,0.6499,0.0,0.6798,0.63,0.6698,1.0,1199885.0,2
18,2017-01-17,0.6601,0.6856,0.65,0.67,1357176.0,0.6601,0.0,0.6856,0.65,0.67,1.0,1357176.0,1
19,2017-01-13,0.6714,0.69,0.6703,0.6717,1031764.0,0.6714,0.0,0.69,0.6703,0.6717,1.0,1031764.0,4
20,2017-01-12,0.672,0.6965,0.6659999999999999,0.69,951211.0,0.672,0.0,0.6965,0.6659999999999999,0.69,1.0,951211.0,3
21,2017-01-11,0.677,0.75,0.6741,0.715,1608882.0,0.677,0.0,0.75,0.6741,0.715,1.0,1608882.0,2
22,2017-01-10,0.7139,0.72,0.674,0.6759,1689226.0,0.7139,0.0,0.72,0.674,0.6759,1.0,1689226.0,1
23,2017-01-09,0.6775,0.6947,0.67,0.6947,762284.0,0.6775,0.0,0.6947,0.67,0.6947,1.0,762284.0,0
24,2017-01-06,0.6814,0.705,0.68,0.6899,884836.0,0.6814,0.0,0.705,0.68,0.6899,1.0,884836.0,4
25,2017-01-05,0.6928,0.7012,0.6726,0.6995,1426001.0,0.6928,0.0,0.7012,0.6726,0.6995,1.0,1426001.0,3
26,2017-01-04,0.6999,0.7316,0.6801,0.71,2162549.0,0.6999,0.0,0.7316,0.6801,0.71,1.0,2162549.0,2
27,2017-01-03,0.71,0.7394,0.66,0.662,3313088.0,0.71,0.0,0.7394,0.66,0.662,1.0,3313088.0,1
28,2016-12-30,0.6491,0.76,0.64,0.74,6756856.0,0.6491,0.0,0.76,0.64,0.74,1.0,6756856.0,4
29,2016-12-29,0.7062,0.84,0.7062,0.76,7933718.0,0.7062,0.0,0.84,0.7062,0.76,1.0,7933718.0,3
30,2016-12-28,0.742,0.7769,0.67,0.75,18013006.0,0.742,0.0,0.7769,0.67,0.75,1.0,18013006.0,2
31,2016-12-27,2.01,2.03,1.93,1.98,2396562.0,2.01,0.0,2.03,1.93,1.98,1.0,2396562.0,1
32,2016-12-23,1.97,1.985,1.91,1.92,521679.0,1.97,0.0,1.985,1.91,1.92,1.0,521679.0,4
33,2016-12-22,1.91,2.04,1.9,2.0,884601.0,1.91,0.0,2.04,1.9,2.0,1.0,884601.0,3
34,2016-12-21,1.97,2.13,1.97,2.1,696864.0,1.97,0.0,2.13,1.97,2.1,1.0,696864.0,2
35,2016-12-20,2.03,2.13,1.96,1.99,1064063.0,2.03,0.0,2.13,1.96,1.99,1.0,1064063.0,1
36,2016-12-19,1.96,2.02,1.9,1.9,1152205.0,1.96,0.0,2.02,1.9,1.9,1.0,1152205.0,0
37,2016-12-16,1.9,1.97,1.82,1.88,2472750.0,1.9,0.0,1.97,1.82,1.88,1.0,2472750.0,4
38,2016-12-15,1.89,1.9,1.724,1.75,1067562.0,1.89,0.0,1.9,1.724,1.75,1.0,1067562.0,3
39,2016-12-14,1.73,1.83,1.68,1.79,871516.0,1.73,0.0,1.83,1.68,1.79,1.0,871516.0,2
40,2016-12-13,1.77,1.86,1.65,1.83,1160065.0,1.77,0.0,1.86,1.65,1.83,1.0,1160065.0,1
41,2016-12-12,1.79,1.9,1.71,1.9,1090334.0,1.79,0.0,1.9,1.71,1.9,1.0,1090334.0,0
42,2016-12-09,1.91,2.05,1.89,1.99,1449416.0,1.91,0.0,2.05,1.89,1.99,1.0,1449416.0,4
43,2016-12-08,2.0,2.08,1.84,1.91,3093522.0,2.0,0.0,2.08,1.84,1.91,1.0,3093522.0,3
44,2016-12-07,2.03,2.53,1.6327,1.71,25409539.0,2.03,0.0,2.53,1.6327,1.71,1.0,25409539.0,2
45,2016-12-06,1.47,1.52,1.46,1.5,325425.0,1.47,0.0,1.52,1.46,1.5,1.0,325425.0,1
46,2016-12-05,1.5,1.55,1.4,1.4,613290.0,1.5,0.0,1.55,1.4,1.4,1.0,613290.0,0
47,2016-12-02,1.5,1.5,1.33,1.39,573792.0,1.5,0.0,1.5,1.33,1.39,1.0,573792.0,4
48,2016-12-01,1.36,1.5,1.34,1.5,763470.0,1.36,0.0,1.5,1.34,1.5,1.0,763470.0,3
49,2016-11-30,1.5,1.79,1.47,1.78,1293516.0,1.5,0.0,1.79,1.47,1.78,1.0,1293516.0,2
50,2016-11-29,1.76,1.8,1.73,1.77,416259.0,1.76,0.0,1.8,1.73,1.77,1.0,416259.0,1
51,2016-11-28,1.77,1.81,1.75,1.8,269760.0,1.77,0.0,1.81,1.75,1.8,1.0,269760.0,0
52,2016-11-25,1.78,1.8,1.75,1.8,291724.0,1.78,0.0,1.8,1.75,1.8,1.0,291724.0,4
53,2016-11-23,1.81,1.83,1.75,1.77,315817.0,1.81,0.0,1.83,1.75,1.77,1.0,315817.0,2
54,2016-11-22,1.81,1.85,1.76,1.8,421721.0,1.81,0.0,1.85,1.76,1.8,1.0,421721.0,1
55,2016-11-21,1.81,1.8569,1.75,1.83,486629.0,1.81,0.0,1.8569,1.75,1.83,1.0,486629.0,0
56,2016-11-18,1.83,1.9062,1.805,1.89,552627.0,1.83,0.0,1.9062,1.805,1.89,1.0,552627.0,4
57,2016-11-17,1.89,1.95,1.84,1.88,613318.0,1.89,0.0,1.95,1.84,1.88,1.0,613318.0,3
58,2016-11-16,1.89,1.97,1.87,1.92,369324.0,1.89,0.0,1.97,1.87,1.92,1.0,369324.0,2
59,2016-11-15,1.94,1.99,1.84,1.93,550703.0,1.94,0.0,1.99,1.84,1.93,1.0,550703.0,1
60,2016-11-14,1.95,1.99,1.91,1.94,590014.0,1.95,0.0,1.99,1.91,1.94,1.0,590014.0,0
61,2016-11-11,1.95,1.99,1.81,1.82,1386065.0,1.95,0.0,1.99,1.81,1.82,1.0,1386065.0,4
62,2016-11-10,1.9,2.34,1.72,2.19,5820621.0,1.9,0.0,2.34,1.72,2.19,1.0,5820621.0,3
63,2016-11-09,2.78,2.81,2.5134,2.54,902580.0,2.78,0.0,2.81,2.5134,2.54,1.0,902580.0,2
64,2016-11-08,2.46,2.61,2.39,2.4,343894.0,2.46,0.0,2.61,2.39,2.4,1.0,343894.0,1
65,2016-11-07,2.43,2.49,2.31,2.4,374777.0,2.43,0.0,2.49,2.31,2.4,1.0,374777.0,0
66,2016-11-04,2.35,2.4,2.07,2.09,516085.0,2.35,0.0,2.4,2.07,2.09,1.0,516085.0,4
67,2016-11-03,2.11,2.29,2.11,2.29,399845.0,2.11,0.0,2.29,2.11,2.29,1.0,399845.0,3
68,2016-11-02,2.27,2.4,2.21,2.37,485312.0,2.27,0.0,2.4,2.21,2.37,1.0,485312.0,2
69,2016-11-01,2.37,2.415,2.2,2.21,628142.0,2.37,0.0,2.415,2.2,2.21,1.0,628142.0,1
70,2016-10-31,2.2,2.252,2.13,2.16,488340.0,2.2,0.0,2.252,2.13,2.16,1.0,488340.0,0
71,2016-10-28,2.17,2.339,2.16,2.31,590632.0,2.17,0.0,2.339,2.16,2.31,1.0,590632.0,4
72,2016-10-27,2.3,2.49,2.25,2.45,615300.0,2.3,0.0,2.49,2.25,2.45,1.0,615300.0,3
73,2016-10-26,2.44,2.53,2.4,2.5,323925.0,2.44,0.0,2.53,2.4,2.5,1.0,323925.0,2
74,2016-10-25,2.51,2.69,2.47,2.69,282614.0,2.51,0.0,2.69,2.47,2.69,1.0,282614.0,1
75,2016-10-24,2.71,2.83,2.66,2.76,777926.0,2.71,0.0,2.83,2.66,2.76,1.0,777926.0,0
76,2016-10-21,2.71,2.78,2.43,2.53,769597.0,2.71,0.0,2.78,2.43,2.53,1.0,769597.0,4
77,2016-10-20,2.56,2.59,2.13,2.5,1371004.0,2.56,0.0,2.59,2.13,2.5,1.0,1371004.0,3
78,2016-10-19,2.55,2.8848,2.48,2.75,792905.0,2.55,0.0,2.8848,2.48,2.75,1.0,792905.0,2
79,2016-10-18,2.76,2.94,2.755,2.9,360632.0,2.76,0.0,2.94,2.755,2.9,1.0,360632.0,1
80,2016-10-17,2.87,2.95,2.78,2.94,520964.0,2.87,0.0,2.95,2.78,2.94,1.0,520964.0,0
81,2016-10-14,2.93,3.05,2.93,3.04,484767.0,2.93,0.0,3.05,2.93,3.04,1.0,484767.0,4
82,2016-10-13,3.01,3.11,2.97,3.0,271357.0,3.01,0.0,3.11,2.97,3.0,1.0,271357.0,3
83,2016-10-12,3.01,3.22,3.0,3.15,495064.0,3.01,0.0,3.22,3.0,3.15,1.0,495064.0,2
84,2016-10-11,3.13,3.185,3.06,3.18,280793.0,3.13,0.0,3.185,3.06,3.18,1.0,280793.0,1
85,2016-10-10,3.21,3.27,3.13,3.16,350010.0,3.21,0.0,3.27,3.13,3.16,1.0,350010.0,0
86,2016-10-07,3.14,3.21,3.1,3.2,315238.0,3.14,0.0,3.21,3.1,3.2,1.0,315238.0,4
87,2016-10-06,3.2,3.42,3.17,3.42,513279.0,3.2,0.0,3.42,3.17,3.42,1.0,513279.0,3
88,2016-10-05,3.32,3.39,3.19,3.26,697501.0,3.32,0.0,3.39,3.19,3.26,1.0,697501.0,2
89,2016-10-04,3.21,3.38,3.12,3.22,487423.0,3.21,0.0,3.38,3.12,3.22,1.0,487423.0,1
90,2016-10-03,3.2,3.42,3.09,3.12,1061930.0,3.2,0.0,3.42,3.09,3.12,1.0,1061930.0,0
91,2016-09-30,3.15,3.24,3.05,3.09,461531.0,3.15,0.0,3.24,3.05,3.09,1.0,461531.0,4
92,2016-09-29,3.1,3.13,3.0,3.1,542284.0,3.1,0.0,3.13,3.0,3.1,1.0,542284.0,3
93,2016-09-28,3.12,3.28,3.07,3.25,367890.0,3.12,0.0,3.28,3.07,3.25,1.0,367890.0,2
94,2016-09-27,3.25,3.29,3.13,3.17,517030.0,3.25,0.0,3.29,3.13,3.17,1.0,517030.0,1
95,2016-09-26,3.16,3.2,3.12,3.18,225182.0,3.16,0.0,3.2,3.12,3.18,1.0,225182.0,0
96,2016-09-23,3.19,3.23,3.0639999999999996,3.11,428586.0,3.19,0.0,3.23,3.0639999999999996,3.11,1.0,428586.0,4
97,2016-09-22,3.14,3.18,3.0501,3.13,423443.0,3.14,0.0,3.18,3.0501,3.13,1.0,423443.0,3
98,2016-09-21,3.08,3.11,2.92,2.96,504678.0,3.08,0.0,3.11,2.92,2.96,1.0,504678.0,2
99,2016-09-20,2.95,3.05,2.905,3.0,436387.0,2.95,0.0,3.05,2.905,3.0,1.0,436387.0,1
100,2016-09-19,2.96,3.15,2.94,3.11,614891.0,2.96,0.0,3.15,2.94,3.11,1.0,614891.0,0
101,2016-09-16,3.06,3.29,3.05,3.29,650272.0,3.06,0.0,3.29,3.05,3.29,1.0,650272.0,4
102,2016-09-15,3.29,3.3,3.18,3.21,445185.0,3.29,0.0,3.3,3.18,3.21,1.0,445185.0,3
103,2016-09-14,3.2,3.22,3.11,3.11,462454.0,3.2,0.0,3.22,3.11,3.11,1.0,462454.0,2
104,2016-09-13,3.12,3.2,3.04,3.15,318880.0,3.12,0.0,3.2,3.04,3.15,1.0,318880.0,1
105,2016-09-12,3.19,3.19,2.99,3.0,670306.0,3.19,0.0,3.19,2.99,3.0,1.0,670306.0,0
106,2016-09-09,3.0,3.16,2.92,3.1,602512.0,3.0,0.0,3.16,2.92,3.1,1.0,602512.0,4
107,2016-09-08,3.11,3.14,2.96,2.96,517952.0,3.11,0.0,3.14,2.96,2.96,1.0,517952.0,3
108,2016-09-07,2.98,3.0,2.91,2.96,233295.0,2.98,0.0,3.0,2.91,2.96,1.0,233295.0,2
109,2016-09-06,2.95,3.01,2.92,2.94,263693.0,2.95,0.0,3.01,2.92,2.94,1.0,263693.0,1
110,2016-09-02,2.93,2.96,2.8510000000000004,2.91,177073.0,2.93,0.0,2.96,2.8510000000000004,2.91,1.0,177073.0,4
111,2016-09-01,2.91,2.94,2.8,2.9,285309.0,2.91,0.0,2.94,2.8,2.9,1.0,285309.0,3
112,2016-08-31,2.88,3.02,2.82,3.02,409031.0,2.88,0.0,3.02,2.82,3.02,1.0,409031.0,2
113,2016-08-30,3.02,3.03,2.95,2.96,217695.0,3.02,0.0,3.03,2.95,2.96,1.0,217695.0,1
114,2016-08-29,3.0,3.03,2.9,2.99,262692.0,3.0,0.0,3.03,2.9,2.99,1.0,262692.0,0
115,2016-08-26,2.97,3.0799,2.88,2.97,540719.0,2.97,0.0,3.0799,2.88,2.97,1.0,540719.0,4
116,2016-08-25,2.95,3.19,2.88,3.06,521944.0,2.95,0.0,3.19,2.88,3.06,1.0,521944.0,3
117,2016-08-24,3.04,3.29,3.0,3.21,610177.0,3.04,0.0,3.29,3.0,3.21,1.0,610177.0,2
118,2016-08-23,3.22,3.28,3.12,3.23,610796.0,3.22,0.0,3.28,3.12,3.23,1.0,610796.0,1
119,2016-08-22,3.19,3.2,3.0789999999999997,3.17,234058.0,3.19,0.0,3.2,3.0789999999999997,3.17,1.0,234058.0,0
120,2016-08-19,3.13,3.4189999999999996,3.13,3.37,341338.0,3.13,0.0,3.4189999999999996,3.13,3.37,1.0,341338.0,4
121,2016-08-18,3.38,3.4601,3.31,3.46,324442.0,3.38,0.0,3.4601,3.31,3.46,1.0,324442.0,3
122,2016-08-17,3.45,3.5,3.2,3.5,537817.0,3.45,0.0,3.5,3.2,3.5,1.0,537817.0,2
123,2016-08-16,3.42,3.55,3.3,3.31,1751673.0,3.42,0.0,3.55,3.3,3.31,1.0,1751673.0,1
124,2016-08-15,3.17,3.19,3.03,3.07,474505.0,3.17,0.0,3.19,3.03,3.07,1.0,474505.0,0
125,2016-08-12,3.07,3.1,2.95,3.0,300139.0,3.07,0.0,3.1,2.95,3.0,1.0,300139.0,4
126,2016-08-11,3.01,3.07,2.99,3.03,303251.0,3.01,0.0,3.07,2.99,3.03,1.0,303251.0,3
127,2016-08-10,3.02,3.09,2.99,3.08,480428.0,3.02,0.0,3.09,2.99,3.08,1.0,480428.0,2
128,2016-08-09,3.08,3.14,3.05,3.12,384966.0,3.08,0.0,3.14,3.05,3.12,1.0,384966.0,1
129,2016-08-08,3.09,3.21,3.01,3.17,297091.0,3.09,0.0,3.21,3.01,3.17,1.0,297091.0,0
130,2016-08-05,3.17,3.29,3.11,3.29,381434.0,3.17,0.0,3.29,3.11,3.29,1.0,381434.0,4
131,2016-08-04,3.25,3.4,3.23,3.31,542662.0,3.25,0.0,3.4,3.23,3.31,1.0,542662.0,3
132,2016-08-03,3.14,3.15,2.99,3.04,378214.0,3.14,0.0,3.15,2.99,3.04,1.0,378214.0,2
133,2016-08-02,3.03,3.095,2.965,3.04,377308.0,3.03,0.0,3.095,2.965,3.04,1.0,377308.0,1
134,2016-08-01,3.05,3.15,3.03,3.08,422965.0,3.05,0.0,3.15,3.03,3.08,1.0,422965.0,0
135,2016-07-29,3.08,3.1,3.01,3.04,313858.0,3.08,0.0,3.1,3.01,3.04,1.0,313858.0,4
136,2016-07-28,3.06,3.12,3.02,3.1,240360.0,3.06,0.0,3.12,3.02,3.1,1.0,240360.0,3
137,2016-07-27,3.09,3.17,3.06,3.09,338092.0,3.09,0.0,3.17,3.06,3.09,1.0,338092.0,2
138,2016-07-26,3.09,3.13,3.04,3.09,358315.0,3.09,0.0,3.13,3.04,3.09,1.0,358315.0,1
139,2016-07-25,3.07,3.1555,3.05,3.09,208157.0,3.07,0.0,3.1555,3.05,3.09,1.0,208157.0,0
140,2016-07-22,3.09,3.12,3.01,3.09,340470.0,3.09,0.0,3.12,3.01,3.09,1.0,340470.0,4
141,2016-07-21,3.08,3.18,3.03,3.08,343114.0,3.08,0.0,3.18,3.03,3.08,1.0,343114.0,3
142,2016-07-20,3.07,3.2,3.05,3.15,510240.0,3.07,0.0,3.2,3.05,3.15,1.0,510240.0,2
143,2016-07-19,3.08,3.34,3.0295,3.29,437797.0,3.08,0.0,3.34,3.0295,3.29,1.0,437797.0,1
144,2016-07-18,3.29,3.35,3.15,3.31,362420.0,3.29,0.0,3.35,3.15,3.31,1.0,362420.0,0
145,2016-07-15,3.29,3.29,3.08,3.21,588673.0,3.29,0.0,3.29,3.08,3.21,1.0,588673.0,4
146,2016-07-14,3.21,3.4301,3.18,3.43,867012.0,3.21,0.0,3.4301,3.18,3.43,1.0,867012.0,3
147,2016-07-13,3.41,3.75,3.41,3.7,608103.0,3.41,0.0,3.75,3.41,3.7,1.0,608103.0,2
148,2016-07-12,3.68,3.76,3.6,3.71,502232.0,3.68,0.0,3.76,3.6,3.71,1.0,502232.0,1
149,2016-07-11,3.68,3.9998,3.61,3.85,778543.0,3.68,0.0,3.9998,3.61,3.85,1.0,778543.0,0
150,2016-07-08,3.81,3.94,3.48,3.51,2187146.0,3.81,0.0,3.94,3.48,3.51,1.0,2187146.0,4
151,2016-07-07,3.38,3.43,3.255,3.34,333911.0,3.38,0.0,3.43,3.255,3.34,1.0,333911.0,3
152,2016-07-06,3.31,3.4,3.23,3.23,669263.0,3.31,0.0,3.4,3.23,3.23,1.0,669263.0,2
153,2016-07-05,3.24,3.25,3.13,3.18,263848.0,3.24,0.0,3.25,3.13,3.18,1.0,263848.0,1
154,2016-07-01,3.18,3.2,3.02,3.1,311383.0,3.18,0.0,3.2,3.02,3.1,1.0,311383.0,4
155,2016-06-30,3.09,3.2,3.03,3.1,430665.0,3.09,0.0,3.2,3.03,3.1,1.0,430665.0,3
156,2016-06-29,3.09,3.16,2.8,2.8,858667.0,3.09,0.0,3.16,2.8,2.8,1.0,858667.0,2
157,2016-06-28,3.07,3.145,3.0,3.06,477444.0,3.07,0.0,3.145,3.0,3.06,1.0,477444.0,1
158,2016-06-27,2.99,3.2199,2.91,3.17,615613.0,2.99,0.0,3.2199,2.91,3.17,1.0,615613.0,0
159,2016-06-24,3.17,3.24,2.86,2.9,1348826.0,3.17,0.0,3.24,2.86,2.9,1.0,1348826.0,4
160,2016-06-23,3.1,3.15,3.04,3.07,314312.0,3.1,0.0,3.15,3.04,3.07,1.0,314312.0,3
161,2016-06-22,3.03,3.28,2.98,3.08,516583.0,3.03,0.0,3.28,2.98,3.08,1.0,516583.0,2
162,2016-06-21,3.08,3.13,2.96,3.06,556604.0,3.08,0.0,3.13,2.96,3.06,1.0,556604.0,1
163,2016-06-20,3.1,3.28,3.005,3.05,590294.0,3.1,0.0,3.28,3.005,3.05,1.0,590294.0,0
164,2016-06-17,2.98,3.2,2.97,3.16,647300.0,2.98,0.0,3.2,2.97,3.16,1.0,647300.0,4
165,2016-06-16,3.14,3.16,2.9601,3.06,571026.0,3.14,0.0,3.16,2.9601,3.06,1.0,571026.0,3
166,2016-06-15,3.08,3.295,3.06,3.17,699082.0,3.08,0.0,3.295,3.06,3.17,1.0,699082.0,2
167,2016-06-14,3.19,3.4799,3.17,3.38,770365.0,3.19,0.0,3.4799,3.17,3.38,1.0,770365.0,1
168,2016-06-13,3.41,3.595,3.35,3.38,450767.0,3.41,0.0,3.595,3.35,3.38,1.0,450767.0,0
169,2016-06-10,3.4,3.58,3.3,3.46,558055.0,3.4,0.0,3.58,3.3,3.46,1.0,558055.0,4
170,2016-06-09,3.52,3.77,3.44,3.72,571552.0,3.52,0.0,3.77,3.44,3.72,1.0,571552.0,3
171,2016-06-08,3.73,3.92,3.7,3.82,476981.0,3.73,0.0,3.92,3.7,3.82,1.0,476981.0,2
172,2016-06-07,3.82,3.98,3.78,3.8,370690.0,3.82,0.0,3.98,3.78,3.8,1.0,370690.0,1
173,2016-06-06,3.8,3.83,3.61,3.75,322818.0,3.8,0.0,3.83,3.61,3.75,1.0,322818.0,0
174,2016-06-03,3.74,3.878,3.66,3.8,371201.0,3.74,0.0,3.878,3.66,3.8,1.0,371201.0,4
175,2016-06-02,3.81,3.82,3.55,3.6,575687.0,3.81,0.0,3.82,3.55,3.6,1.0,575687.0,3
176,2016-06-01,3.62,3.74,3.5801,3.68,456267.0,3.62,0.0,3.74,3.5801,3.68,1.0,456267.0,2
177,2016-05-31,3.68,3.8,3.51,3.51,459834.0,3.68,0.0,3.8,3.51,3.51,1.0,459834.0,1
178,2016-05-27,3.49,3.61,3.46,3.53,371580.0,3.49,0.0,3.61,3.46,3.53,1.0,371580.0,4
179,2016-05-26,3.54,3.7,3.43,3.61,450832.0,3.54,0.0,3.7,3.43,3.61,1.0,450832.0,3
180,2016-05-25,3.65,3.76,3.58,3.63,469386.0,3.65,0.0,3.76,3.58,3.63,1.0,469386.0,2
181,2016-05-24,3.58,3.67,3.54,3.63,305053.0,3.58,0.0,3.67,3.54,3.63,1.0,305053.0,1
182,2016-05-23,3.6,3.78,3.29,3.61,385058.0,3.6,0.0,3.78,3.29,3.61,1.0,385058.0,0
183,2016-05-20,3.6,3.6362,3.34,3.37,395313.0,3.6,0.0,3.6362,3.34,3.37,1.0,395313.0,4
184,2016-05-19,3.36,3.45,3.23,3.34,316286.0,3.36,0.0,3.45,3.23,3.34,1.0,316286.0,3
185,2016-05-18,3.36,3.515,3.28,3.38,410156.0,3.36,0.0,3.515,3.28,3.38,1.0,410156.0,2
186,2016-05-17,3.4,3.585,3.35,3.43,597026.0,3.4,0.0,3.585,3.35,3.43,1.0,597026.0,1
187,2016-05-16,3.44,3.44,3.22,3.26,403922.0,3.44,0.0,3.44,3.22,3.26,1.0,403922.0,0
188,2016-05-13,3.25,3.34,3.07,3.11,263133.0,3.25,0.0,3.34,3.07,3.11,1.0,263133.0,4
189,2016-05-12,3.14,3.46,3.02,3.38,451809.0,3.14,0.0,3.46,3.02,3.38,1.0,451809.0,3
190,2016-05-11,3.36,3.52,3.36,3.49,440502.0,3.36,0.0,3.52,3.36,3.49,1.0,440502.0,2
191,2016-05-10,3.5,3.5,3.06,3.15,604963.0,3.5,0.0,3.5,3.06,3.15,1.0,604963.0,1
192,2016-05-09,3.12,3.17,2.69,2.91,689363.0,3.12,0.0,3.17,2.69,2.91,1.0,689363.0,0
193,2016-05-06,3.02,3.12,2.89,3.08,707167.0,3.02,0.0,3.12,2.89,3.08,1.0,707167.0,4
194,2016-05-05,3.12,3.31,3.03,3.24,580669.0,3.12,0.0,3.31,3.03,3.24,1.0,580669.0,3
195,2016-05-04,3.22,3.54,3.21,3.51,655709.0,3.22,0.0,3.54,3.21,3.51,1.0,655709.0,2
196,2016-05-03,3.56,3.73,3.47,3.53,358295.0,3.56,0.0,3.73,3.47,3.53,1.0,358295.0,1
197,2016-05-02,3.57,3.7,3.45,3.7,433135.0,3.57,0.0,3.7,3.45,3.7,1.0,433135.0,0
198,2016-04-29,3.7,3.86,3.6,3.77,503256.0,3.7,0.0,3.86,3.6,3.77,1.0,503256.0,4
199,2016-04-28,3.8,4.0,3.62,3.77,397537.0,3.8,0.0,4.0,3.62,3.77,1.0,397537.0,3
200,2016-04-27,3.8,3.95,3.75,3.95,303744.0,3.8,0.0,3.95,3.75,3.95,1.0,303744.0,2
201,2016-04-26,3.97,4.21,3.86,4.21,384727.0,3.97,0.0,4.21,3.86,4.21,1.0,384727.0,1
202,2016-04-25,4.16,4.37,4.08,4.32,317893.0,4.16,0.0,4.37,4.08,4.32,1.0,317893.0,0
203,2016-04-22,4.27,4.4,4.15,4.31,398792.0,4.27,0.0,4.4,4.15,4.31,1.0,398792.0,4
204,2016-04-21,4.31,4.335,3.87,3.88,871783.0,4.31,0.0,4.335,3.87,3.88,1.0,871783.0,3
205,2016-04-20,3.86,3.9401,3.7,3.8,400950.0,3.86,0.0,3.9401,3.7,3.8,1.0,400950.0,2
206,2016-04-19,3.77,4.05,3.655,4.02,472047.0,3.77,0.0,4.05,3.655,4.02,1.0,472047.0,1
207,2016-04-18,3.97,4.04,3.82,3.85,420779.0,3.97,0.0,4.04,3.82,3.85,1.0,420779.0,0
208,2016-04-15,3.85,3.95,3.71,3.82,275849.0,3.85,0.0,3.95,3.71,3.82,1.0,275849.0,4
209,2016-04-14,3.83,3.89,3.71,3.74,500582.0,3.83,0.0,3.89,3.71,3.74,1.0,500582.0,3
210,2016-04-13,3.72,3.79,3.51,3.54,490255.0,3.72,0.0,3.79,3.51,3.54,1.0,490255.0,2
211,2016-04-12,3.51,3.63,3.43,3.47,467649.0,3.51,0.0,3.63,3.43,3.47,1.0,467649.0,1
212,2016-04-11,3.49,3.94,3.45,3.86,952666.0,3.49,0.0,3.94,3.45,3.86,1.0,952666.0,0
213,2016-04-08,3.84,4.19,3.79,4.13,807867.0,3.84,0.0,4.19,3.79,4.13,1.0,807867.0,4
214,2016-04-07,4.06,4.32,4.0,4.13,1076856.0,4.06,0.0,4.32,4.0,4.13,1.0,1076856.0,3
215,2016-04-06,4.14,4.2,3.86,3.88,778061.0,4.14,0.0,4.2,3.86,3.88,1.0,778061.0,2
216,2016-04-05,3.85,4.0,3.8,3.83,439962.0,3.85,0.0,4.0,3.8,3.83,1.0,439962.0,1
217,2016-04-04,3.87,4.06,3.71,3.75,790522.0,3.87,0.0,4.06,3.71,3.75,1.0,790522.0,0
218,2016-04-01,3.71,3.76,3.54,3.61,510227.0,3.71,0.0,3.76,3.54,3.61,1.0,510227.0,4
219,2016-03-31,3.62,3.75,3.46,3.55,552473.0,3.62,0.0,3.75,3.46,3.55,1.0,552473.0,3
220,2016-03-30,3.51,3.78,3.41,3.7,550326.0,3.51,0.0,3.78,3.41,3.7,1.0,550326.0,2
221,2016-03-29,3.6,3.69,3.33,3.46,616932.0,3.6,0.0,3.69,3.33,3.46,1.0,616932.0,1
222,2016-03-28,3.46,3.63,3.32,3.58,353368.0,3.46,0.0,3.63,3.32,3.58,1.0,353368.0,0
223,2016-03-24,3.46,3.53,3.25,3.38,442845.0,3.46,0.0,3.53,3.25,3.38,1.0,442845.0,3
224,2016-03-23,3.43,3.77,3.38,3.77,768994.0,3.43,0.0,3.77,3.38,3.77,1.0,768994.0,2
225,2016-03-22,3.72,3.81,3.51,3.6,407112.0,3.72,0.0,3.81,3.51,3.6,1.0,407112.0,1
226,2016-03-21,3.67,3.98,3.65,3.78,472917.0,3.67,0.0,3.98,3.65,3.78,1.0,472917.0,0
227,2016-03-18,3.8,3.875,3.51,3.72,746126.0,3.8,0.0,3.875,3.51,3.72,1.0,746126.0,4
228,2016-03-17,3.66,3.91,3.5,3.69,605529.0,3.66,0.0,3.91,3.5,3.69,1.0,605529.0,3
229,2016-03-16,3.675,3.82,3.5801,3.62,244773.0,3.675,0.0,3.82,3.5801,3.62,1.0,244773.0,2
230,2016-03-15,3.65,4.16,3.62,4.0,631847.0,3.65,0.0,4.16,3.62,4.0,1.0,631847.0,1
231,2016-03-14,4.19,4.373,4.1,4.18,409087.0,4.19,0.0,4.373,4.1,4.18,1.0,409087.0,0
232,2016-03-11,4.2,4.56,3.8,4.2,1308993.0,4.2,0.0,4.56,3.8,4.2,1.0,1308993.0,4
233,2016-03-10,4.14,4.9,4.04,4.72,1104374.0,4.14,0.0,4.9,4.04,4.72,1.0,1104374.0,3
234,2016-03-09,4.66,4.8099,4.34,4.4,1040742.0,4.66,0.0,4.8099,4.34,4.4,1.0,1040742.0,2
235,2016-03-08,4.35,4.4198,4.1,4.25,989262.0,4.35,0.0,4.4198,4.1,4.25,1.0,989262.0,1
236,2016-03-07,4.27,4.46,3.6601,3.71,993876.0,4.27,0.0,4.46,3.6601,3.71,1.0,993876.0,0
237,2016-03-04,3.75,3.86,3.51,3.63,531467.0,3.75,0.0,3.86,3.51,3.63,1.0,531467.0,4
238,2016-03-03,3.63,3.87,3.56,3.68,627856.0,3.63,0.0,3.87,3.56,3.68,1.0,627856.0,3
239,2016-03-02,3.54,3.55,3.07,3.08,1035165.0,3.54,0.0,3.55,3.07,3.08,1.0,1035165.0,2
240,2016-03-01,3.07,3.15,2.905,3.07,449151.0,3.07,0.0,3.15,2.905,3.07,1.0,449151.0,1
241,2016-02-29,3.03,3.17,2.99,3.02,305966.0,3.03,0.0,3.17,2.99,3.02,1.0,305966.0,0
242,2016-02-26,3.03,3.06,2.8875,2.95,322216.0,3.03,0.0,3.06,2.8875,2.95,1.0,322216.0,4
243,2016-02-25,2.92,3.06,2.85,2.99,335731.0,2.92,0.0,3.06,2.85,2.99,1.0,335731.0,3
244,2016-02-24,2.99,3.04,2.7789,2.91,404637.0,2.99,0.0,3.04,2.7789,2.91,1.0,404637.0,2
245,2016-02-23,2.97,3.16,2.96,3.11,381407.0,2.97,0.0,3.16,2.96,3.11,1.0,381407.0,1
246,2016-02-22,3.14,3.1899,3.06,3.1,316720.0,3.14,0.0,3.1899,3.06,3.1,1.0,316720.0,0
247,2016-02-19,3.03,3.08,2.76,2.99,625047.0,3.03,0.0,3.08,2.76,2.99,1.0,625047.0,4
248,2016-02-18,2.9,3.22,2.87,3.19,520915.0,2.9,0.0,3.22,2.87,3.19,1.0,520915.0,3
249,2016-02-17,3.18,3.3,3.03,3.13,433443.0,3.18,0.0,3.3,3.03,3.13,1.0,433443.0,2
250,2016-02-16,3.11,3.11,2.9103,2.96,338643.0,3.11,0.0,3.11,2.9103,2.96,1.0,338643.0,1
251,2016-02-12,2.86,2.875,2.6,2.72,461401.0,2.86,0.0,2.875,2.6,2.72,1.0,461401.0,4
252,2016-02-11,2.67,2.74,2.49,2.5,482244.0,2.67,0.0,2.74,2.49,2.5,1.0,482244.0,3
253,2016-02-10,2.6,2.84,2.57,2.79,529346.0,2.6,0.0,2.84,2.57,2.79,1.0,529346.0,2
254,2016-02-09,2.71,2.8306,2.41,2.44,554496.0,2.71,0.0,2.8306,2.41,2.44,1.0,554496.0,1
255,2016-02-08,2.46,2.65,2.282,2.65,911936.0,2.46,0.0,2.65,2.282,2.65,1.0,911936.0,0
256,2016-02-05,2.67,2.97,2.63,2.97,783473.0,2.67,0.0,2.97,2.63,2.97,1.0,783473.0,4
257,2016-02-04,3.01,3.18,2.81,2.85,623740.0,3.01,0.0,3.18,2.81,2.85,1.0,623740.0,3
258,2016-02-03,2.87,3.08,2.71,3.08,587973.0,2.87,0.0,3.08,2.71,3.08,1.0,587973.0,2
259,2016-02-02,3.01,3.208,2.9,3.02,571749.0,3.01,0.0,3.208,2.9,3.02,1.0,571749.0,1
260,2016-02-01,3.11,3.29,3.04,3.21,629374.0,3.11,0.0,3.29,3.04,3.21,1.0,629374.0,0
261,2016-01-29,3.23,3.25,2.96,2.97,521520.0,3.23,0.0,3.25,2.96,2.97,1.0,521520.0,4
262,2016-01-28,2.99,3.18,2.97,3.09,771991.0,2.99,0.0,3.18,2.97,3.09,1.0,771991.0,3
263,2016-01-27,3.07,3.24,3.05,3.24,613723.0,3.07,0.0,3.24,3.05,3.24,1.0,613723.0,2
264,2016-01-26,3.24,3.32,3.05,3.31,477201.0,3.24,0.0,3.32,3.05,3.31,1.0,477201.0,1
265,2016-01-25,3.28,3.49,3.25,3.27,606030.0,3.28,0.0,3.49,3.25,3.27,1.0,606030.0,0
266,2016-01-22,3.31,3.36,3.1,3.23,517223.0,3.31,0.0,3.36,3.1,3.23,1.0,517223.0,4
267,2016-01-21,3.13,3.53,3.053,3.36,726261.0,3.13,0.0,3.53,3.053,3.36,1.0,726261.0,3
268,2016-01-20,3.34,3.47,2.82,3.15,1012037.0,3.34,0.0,3.47,2.82,3.15,1.0,1012037.0,2
269,2016-01-19,3.25,3.6899,3.1,3.55,795429.0,3.25,0.0,3.6899,3.1,3.55,1.0,795429.0,1
270,2016-01-15,3.44,3.74,3.21,3.41,880049.0,3.44,0.0,3.74,3.21,3.41,1.0,880049.0,4
271,2016-01-14,3.76,3.88,2.51,2.88,2196785.0,3.76,0.0,3.88,2.51,2.88,1.0,2196785.0,3
272,2016-01-13,2.79,3.43,2.76,3.43,1322473.0,2.79,0.0,3.43,2.76,3.43,1.0,1322473.0,2
273,2016-01-12,3.18,3.38,3.01,3.11,1116904.0,3.18,0.0,3.38,3.01,3.11,1.0,1116904.0,1
274,2016-01-11,3.01,3.93,2.75,3.8,1799894.0,3.01,0.0,3.93,2.75,3.8,1.0,1799894.0,0
275,2016-01-08,3.75,4.0,3.72,3.75,641052.0,3.75,0.0,4.0,3.72,3.75,1.0,641052.0,4
276,2016-01-07,3.7,4.15,3.66,3.98,1440918.0,3.7,0.0,4.15,3.66,3.98,1.0,1440918.0,3
277,2016-01-06,4.17,4.39,4.115,4.39,634786.0,4.17,0.0,4.39,4.115,4.39,1.0,634786.0,2
278,2016-01-05,4.41,4.64,4.33,4.53,486966.0,4.41,0.0,4.64,4.33,4.53,1.0,486966.0,1
279,2016-01-04,4.51,4.73,4.4301,4.47,541502.0,4.51,0.0,4.73,4.4301,4.47,1.0,541502.0,0
