,Unnamed: 0,adj_close,adj_high,adj_low,adj_open,adj_volume,close,ex_dividend,high,low,open,split_ratio,volume,Day of Week,Day
0,2017-02-10,17.56,18.04,17.37,17.59,56505.0,17.56,0.0,18.04,17.37,17.59,1.0,56505.0,4,10
1,2017-02-09,17.6,17.81,16.795,17.27,143304.0,17.6,0.0,17.81,16.795,17.27,1.0,143304.0,3,09
2,2017-02-08,17.29,17.34,16.41,16.83,142324.0,17.29,0.0,17.34,16.41,16.83,1.0,142324.0,2,08
3,2017-02-07,16.91,17.27,16.83,16.96,60068.0,16.91,0.0,17.27,16.83,16.96,1.0,60068.0,1,07
4,2017-02-06,17.05,17.26,16.96,17.2,96554.0,17.05,0.285,17.26,16.96,17.2,1.0,96554.0,0,06
5,2017-02-03,17.0844245746,17.2122872801,16.5336313816,16.7598500144,136421.0,17.37,0.0,17.5,16.81,17.04,1.0,136421.0,4,03
6,2017-02-02,16.7696856072,17.1139313528,15.9730025959,17.1139313528,955141.0,17.05,0.0,17.4,16.24,17.4,1.0,955141.0,3,02
7,2017-02-01,17.1532737237,17.2122872801,16.7205076435,17.2122872801,198066.0,17.44,0.0,17.5,17.0,17.5,1.0,198066.0,2,01
8,2017-01-31,17.2024516873,17.5348947217,16.7991923853,17.3008076147,52676.0,17.49,0.0,17.828,17.08,17.59,1.0,52676.0,1,31
9,2017-01-30,17.2811364292,17.7827516585,16.9467262763,17.7827516585,102102.0,17.57,0.0,18.08,17.23,18.08,1.0,102102.0,0,30
10,2017-01-27,17.7729160658,18.0925728295,17.7237381021,17.8516008076,77199.0,18.07,0.0,18.395,18.02,18.15,1.0,77199.0,4,27
11,2017-01-26,17.8516008076,17.9991346986,17.6358079031,17.7729160658,56301.0,18.15,0.0,18.3,17.9306,18.07,1.0,56301.0,3,26
12,2017-01-25,17.5762042111,17.9996264782,17.4975194693,17.6942313239,54606.0,17.87,0.0,18.3005,17.79,17.99,1.0,54606.0,2,25
13,2017-01-24,17.6253821748,17.6450533603,17.0155754254,17.2713008365,120184.0,17.92,0.0,17.94,17.3,17.56,1.0,120184.0,1,24
14,2017-01-23,17.1532737237,17.4434237093,16.9073839054,17.1926160946,218847.0,17.44,0.0,17.735,17.19,17.48,1.0,218847.0,0,23
15,2017-01-20,17.1827805019,17.6598067494,16.9860686472,17.1336025382,53232.0,17.47,0.0,17.955,17.27,17.42,1.0,53232.0,4,20
16,2017-01-19,17.0254110182,17.1139313528,16.6280530718,16.9860686472,46017.0,17.31,0.0,17.4,16.906,17.27,1.0,46017.0,3,19
17,2017-01-18,16.9762330545,17.4470628786,16.7585713874,17.3696567638,82072.0,17.26,0.0,17.7387,17.0387,17.66,1.0,82072.0,2,18
18,2017-01-17,17.4680126911,17.7335736948,17.0450822036,17.2122872801,43370.0,17.76,0.0,18.03,17.33,17.5,1.0,43370.0,1,17
19,2017-01-13,17.1237669455,17.2909720219,16.8877127199,16.99590424,99556.0,17.41,0.0,17.58,17.17,17.28,1.0,99556.0,4,13
20,2017-01-12,16.9663974618,17.5197479089,16.7598500144,17.2713008365,109433.0,17.25,0.0,17.8126,17.04,17.56,1.0,109433.0,3,12
21,2017-01-11,17.2221228728,17.3794923565,16.7205076435,16.7598500144,106424.0,17.51,0.0,17.67,17.0,17.04,1.0,106424.0,2,11
22,2017-01-10,16.6713296798,17.1336025382,16.5237957889,17.0254110182,94053.0,16.95,0.0,17.42,16.8,17.31,1.0,94053.0,1,10
23,2017-01-09,17.0254110182,17.7139025094,16.8680415345,17.6745601384,112689.0,17.31,0.0,18.01,17.15,17.97,1.0,112689.0,0,09
24,2017-01-06,17.5860398039,18.018805884,17.3514609172,17.5466974329,79308.0,17.88,0.0,18.32,17.6415,17.84,1.0,79308.0,4,06
25,2017-01-05,17.3893279492,18.2450245169,17.0155754254,17.6647245457,206652.0,17.68,0.0,18.55,17.3,17.96,1.0,206652.0,3,05
26,2017-01-04,17.6647245457,17.8022261321,16.7663415056,16.9762330545,242690.0,17.96,0.0,18.0998,17.0466,17.26,1.0,242690.0,2,04
27,2017-01-03,16.4746178252,16.6123161234,15.4025382175,15.8549754831,246491.0,16.75,0.0,16.89,15.66,16.12,1.0,246491.0,1,03
28,2016-12-30,15.7762907413,16.2090568215,15.4123738102,15.6680992212,124808.0,16.04,0.0,16.48,15.67,15.93,1.0,124808.0,4,30
29,2016-12-29,15.5107297375,16.0221805596,15.4123738102,15.5402365157,107219.0,15.77,0.0,16.29,15.67,15.8,1.0,107219.0,3,29
30,2016-12-28,15.6582636285,15.8954981252,15.2598237669,15.638592443,191604.0,15.92,0.0,16.1612,15.5149,15.9,1.0,191604.0,2,28
31,2016-12-27,15.5008941448,16.041851745,15.3927026247,15.5500721085,206202.0,15.76,0.0,16.31,15.65,15.81,1.0,206202.0,1,27
32,2016-12-23,15.4910585521,16.0664407269,15.3435246611,15.5697432939,124406.0,15.75,0.0,16.335,15.6,15.83,1.0,124406.0,4,23
33,2016-12-22,15.4812229593,15.9828381886,15.2058263628,15.7467839631,205917.0,15.74,0.0,16.25,15.46,16.01,1.0,205917.0,3,22
34,2016-12-21,15.7271127776,15.9041534468,15.3140178829,15.4025382175,108619.0,15.99,0.0,16.17,15.57,15.66,1.0,108619.0,2,21
35,2016-12-20,15.4025382175,15.9730025959,15.2550043265,15.9533314104,64113.0,15.66,0.0,16.24,15.51,16.22,1.0,64113.0,1,20
36,2016-12-19,15.8746466686,16.081194116,14.8320738391,15.3238534756,116552.0,16.14,0.0,16.35,15.08,15.58,1.0,116552.0,0,19
37,2016-12-16,15.3730314393,15.8126824344,15.0681280646,15.6484280358,219829.0,15.63,0.0,16.077,15.32,15.91,1.0,219829.0,4,16
38,2016-12-15,15.5008941448,15.9946408999,15.2550043265,15.4123738102,81562.0,15.76,0.0,16.262,15.51,15.67,1.0,81562.0,3,15
39,2016-12-14,15.3631958466,16.376065186,15.2451687338,16.1598788578,105462.0,15.62,0.0,16.6498,15.5,16.43,1.0,105462.0,2,14
40,2016-12-13,16.297577156,16.5828093453,15.1861551774,15.9041534468,166535.0,16.57,0.0,16.86,15.44,16.17,1.0,166535.0,1,13
41,2016-12-12,15.8156331122,16.0320161523,14.9613135275,15.1959907701,193935.0,16.08,0.0,16.3,15.2114,15.45,1.0,193935.0,0,12
42,2016-12-09,14.8025670609,15.1861551774,14.5566772426,15.1763195847,113995.0,15.05,0.0,15.44,14.8,15.43,1.0,113995.0,4,09
43,2016-12-08,15.1959907701,15.3435246611,14.0157196423,15.1074704355,94421.0,15.45,0.0,15.6,14.25,15.36,1.0,94421.0,3,08
44,2016-12-07,15.127141621,15.627773291,14.7828958754,14.9009229882,68179.0,15.38,0.0,15.889,15.03,15.15,1.0,68179.0,2,07
45,2016-12-06,14.8517450245,15.6877704067,14.7533890972,15.5500721085,108348.0,15.1,0.0,15.95,15.0,15.81,1.0,108348.0,1,06
46,2016-12-05,15.6680992212,15.9139890395,14.778076435,15.4517161811,50114.0,15.93,0.0,16.18,15.0251,15.71,1.0,50114.0,0,05
47,2016-12-02,15.4517161811,15.8648110759,14.9205941736,15.4320449957,64563.0,15.71,0.0,16.13,15.17,15.69,1.0,64563.0,4,02
48,2016-12-01,15.5992500721,15.9993619844,15.382867032,15.677934814,96329.0,15.86,0.0,16.2668,15.64,15.94,1.0,96329.0,3,01
49,2016-11-30,15.677934814,16.2385635997,15.5599077012,15.7369483703,77128.0,15.94,0.0,16.51,15.82,16.0,1.0,77128.0,2,30
50,2016-11-29,15.3336890684,15.530400923,14.6953591001,14.8320738391,81892.0,15.59,0.0,15.79,14.941,15.08,1.0,81892.0,1,29
51,2016-11-28,15.0976348428,15.9139890395,15.0976348428,15.9139890395,60486.0,15.35,0.0,16.18,15.35,16.18,1.0,60486.0,0,28
52,2016-11-25,15.8353042977,16.6123161234,15.7271127776,16.6123161234,31691.0,16.1,0.0,16.89,15.99,16.89,1.0,31691.0,4,25
53,2016-11-23,16.592644938,17.1827805019,16.5188779925,16.7991923853,87965.0,16.87,0.0,17.47,16.795,17.08,1.0,87965.0,2,23
54,2016-11-22,16.7106720508,16.9172194981,16.3270839342,16.6713296798,74311.0,16.99,0.0,17.2,16.6,16.95,1.0,74311.0,1,22
55,2016-11-21,16.6024805307,16.9270550909,16.3172483415,16.5434669743,40678.0,16.88,0.0,17.21,16.59,16.82,1.0,40678.0,0,21
56,2016-11-18,16.2779059706,16.5336313816,15.8254687049,15.8254687049,75931.0,16.55,0.0,16.81,16.09,16.09,1.0,75931.0,4,18
57,2016-11-17,15.8549754831,16.081194116,15.6090856648,15.8156331122,140805.0,16.12,0.0,16.35,15.87,16.08,1.0,140805.0,3,17
58,2016-11-16,15.8156331122,16.0516873378,15.6090856648,15.8353042977,145508.0,16.08,0.0,16.32,15.87,16.1,1.0,145508.0,2,16
59,2016-11-15,15.9828381886,16.1303720796,15.0484568791,15.5107297375,112638.0,16.25,0.0,16.4,15.3,15.77,1.0,112638.0,1,15
60,2016-11-14,15.5500721085,15.8648110759,15.2058263628,15.3631958466,64361.0,15.81,0.0,16.13,15.46,15.62,1.0,64361.0,0,14
61,2016-11-11,15.2451687338,15.8353042977,14.3707845399,15.127141621,80922.0,15.5,0.0,16.1,14.611,15.38,1.0,80922.0,4,11
62,2016-11-10,15.2254975483,15.4320449957,14.4878280935,15.3336890684,96590.0,15.48,0.0,15.69,14.73,15.59,1.0,96590.0,3,10
63,2016-11-09,15.3631958466,15.4910585521,14.4583213153,14.4583213153,78024.0,15.62,0.0,15.75,14.7,14.7,1.0,78024.0,2,09
64,2016-11-08,14.5271704644,14.7533890972,14.0589962504,14.4484857225,56733.0,14.77,0.285,15.0,14.294,14.69,1.0,56733.0,1,08
65,2016-11-07,14.4933975673,14.6381385549,14.1132112396,14.1363697976,128384.0,15.02,0.0,15.17,14.626,14.65,1.0,128384.0,0,07
66,2016-11-04,13.9916288099,14.4162023738,13.6924974354,13.9144336165,47540.0,14.5,0.0,14.94,14.19,14.42,1.0,47540.0,4,04
67,2016-11-03,14.0205770075,14.2811107853,13.7310950321,14.1942661927,47188.0,14.53,0.0,14.8,14.23,14.71,1.0,47188.0,3,03
68,2016-11-02,14.1074216001,14.2811107853,12.9591430977,13.8372384231,181695.0,14.62,0.0,14.8,13.43,14.34,1.0,181695.0,2,02
69,2016-11-01,13.943381814,14.3293577812,13.6249516411,14.1749673943,164591.0,14.45,0.0,14.85,14.12,14.69,1.0,164591.0,1,01
70,2016-10-31,13.9240830157,14.4355011722,13.2775732707,14.3872541763,306850.0,14.43,0.0,14.96,13.76,14.91,1.0,306850.0,0,31
71,2016-10-28,14.4933975673,14.9276205303,14.2618119869,14.7153337484,49709.0,15.02,0.0,15.47,14.78,15.25,1.0,49709.0,4,28
72,2016-10-27,14.6574373533,14.8504253369,14.5609433615,14.802178341,43014.0,15.19,0.0,15.39,15.09,15.34,1.0,43014.0,3,27
73,2016-10-26,14.6863855508,14.7635807443,14.1749673943,14.2907601845,85109.0,15.22,0.0,15.3,14.69,14.81,1.0,85109.0,2,26
74,2016-10-25,14.319708382,14.6574373533,14.3004095837,14.3969035755,52134.0,14.84,0.0,15.19,14.82,14.92,1.0,52134.0,1,25
75,2016-10-24,14.531995164,14.589891559,14.2714613861,14.2714613861,64431.0,15.06,0.0,15.12,14.79,14.79,1.0,64431.0,0,24
76,2016-10-21,14.2425131886,14.5609433615,14.1460191968,14.531995164,65086.0,14.76,0.0,15.09,14.66,15.06,1.0,65086.0,4,21
77,2016-10-20,14.425851773,14.6188397566,14.0394898299,14.3293577812,64307.0,14.95,0.0,15.15,14.5496,14.85,1.0,64307.0,3,20
78,2016-10-19,14.3872541763,14.7539313451,14.1942661927,14.2907601845,142412.0,14.91,0.0,15.29,14.71,14.81,1.0,142412.0,2,19
79,2016-10-18,14.155668596,14.6381385549,14.0977722009,14.4740987689,62425.0,14.67,0.0,15.17,14.61,15.0,1.0,62425.0,1,18
80,2016-10-17,14.4162023738,14.6091903574,14.0109276083,14.4451505714,83454.0,14.94,0.0,15.14,14.52,14.97,1.0,83454.0,0,17
81,2016-10-14,14.4740987689,14.6500073159,14.0109276083,14.5223457648,56413.0,15.0,0.0,15.1823,14.52,15.05,1.0,56413.0,4,14
82,2016-10-13,14.5223457648,14.9372699295,14.3293577812,14.9372699295,175108.0,15.05,0.0,15.48,14.85,15.48,1.0,175108.0,3,13
83,2016-10-12,14.9372699295,15.2460507032,14.6670867525,15.1013097155,133248.0,15.48,0.0,15.8,15.2,15.65,1.0,133248.0,2,12
84,2016-10-11,15.1495567114,15.718871263,14.69603495,15.5451820778,281698.0,15.7,0.0,16.29,15.23,16.11,1.0,281698.0,1,11
85,2016-10-10,15.612727872,15.6995724647,15.0295181857,15.0434133205,82194.0,16.18,0.0,16.27,15.5756,15.59,1.0,82194.0,0,10
86,2016-10-07,15.1013097155,15.612727872,15.1013097155,15.3618434934,59534.0,15.65,0.0,16.18,15.65,15.92,1.0,59534.0,4,07
87,2016-10-06,15.3135964975,15.612727872,14.9951663246,15.1881543082,93604.0,15.87,0.0,16.18,15.54,15.74,1.0,93604.0,3,06
88,2016-10-05,15.0820109172,15.3907916909,14.7539313451,14.9469193287,72449.0,15.63,0.0,15.95,15.29,15.49,1.0,72449.0,2,05
89,2016-10-04,14.8986723328,15.0669578545,14.7250796415,14.8214771393,52514.0,15.44,0.0,15.6144,15.2601,15.36,1.0,52514.0,1,04
90,2016-10-03,14.8793735344,14.9855169254,14.2714613861,14.3969035755,120297.0,15.42,0.0,15.53,14.79,14.92,1.0,120297.0,0,03
91,2016-09-30,14.2039155919,14.7327026669,14.1267203984,14.5512939623,63899.0,14.72,0.0,15.268,14.64,15.08,1.0,63899.0,4,30
92,2016-09-29,14.4451505714,15.0916603164,14.3969035755,14.6188397566,83512.0,14.97,0.0,15.64,14.92,15.15,1.0,83512.0,3,29
93,2016-09-28,14.5126963656,14.6090938634,13.885485419,14.2135649911,95127.0,15.04,0.0,15.1399,14.39,14.73,1.0,95127.0,2,28
94,2016-09-27,14.2039155919,14.3776047771,13.9337324149,14.3776047771,60380.0,14.72,0.0,14.9,14.44,14.9,1.0,60380.0,1,27
95,2016-09-26,14.3872541763,14.6188397566,14.3100589828,14.5030469664,92768.0,14.91,0.0,15.15,14.83,15.03,1.0,92768.0,0,26
96,2016-09-23,14.4644493697,14.7153337484,14.2907601845,14.3969035755,81192.0,14.99,0.0,15.25,14.81,14.92,1.0,81192.0,4,23
97,2016-09-22,14.4933975673,14.7056843492,14.0977722009,14.2328637894,77500.0,15.02,0.0,15.24,14.61,14.75,1.0,77500.0,3,22
98,2016-09-21,14.0398758058,14.1749673943,13.5991877453,13.7600432296,49780.0,14.55,0.0,14.69,14.0933,14.26,1.0,49780.0,2,21
99,2016-09-20,13.5863540444,13.7600432296,13.509158851,13.7600432296,37628.0,14.08,0.0,14.26,14.0,14.26,1.0,37628.0,1,20
100,2016-09-19,13.7407444313,13.9047842173,13.4126648592,13.4126648592,72967.0,14.24,0.0,14.41,13.9,13.9,1.0,72967.0,0,19
101,2016-09-16,13.4319636575,13.6153022419,13.026688892,13.1521310813,803198.0,13.92,0.0,14.11,13.5,13.63,1.0,803198.0,4,16
102,2016-09-15,13.2100274764,13.6249516411,13.1714298797,13.3837166616,108386.0,13.69,0.0,14.12,13.65,13.87,1.0,108386.0,3,15
103,2016-09-14,13.3451190649,13.6346010403,13.1231828838,13.5284576493,122278.0,13.83,0.0,14.13,13.6,14.02,1.0,122278.0,2,14
104,2016-09-13,13.5188082501,13.5863540444,13.1521310813,13.5574058469,206517.0,14.01,0.0,14.08,13.63,14.05,1.0,206517.0,1,13
105,2016-09-12,13.7117962337,13.7986408263,13.2688888114,13.7310950321,115381.0,14.21,0.0,14.3,13.751,14.23,1.0,115381.0,0,12
106,2016-09-09,13.9723300116,14.4644493697,13.5477564477,14.1363697976,203367.0,14.48,0.0,14.99,14.04,14.65,1.0,203367.0,4,09
107,2016-09-08,14.2907601845,14.4547999705,13.9916288099,14.3872541763,182607.0,14.81,0.0,14.98,14.5,14.91,1.0,182607.0,3,08
108,2016-09-07,14.2618119869,14.5512939623,14.1286502783,14.3583059787,130877.0,14.78,0.0,15.08,14.642,14.88,1.0,130877.0,2,07
109,2016-09-06,14.4065529746,14.5248546086,13.9916288099,14.5223457648,223176.0,14.93,0.0,15.0526,14.5,15.05,1.0,223176.0,1,06
110,2016-09-02,14.4740987689,14.7635807443,14.0784734025,14.4837481681,115219.0,15.0,0.0,15.3,14.59,15.01,1.0,115219.0,4,02
111,2016-09-01,14.4740987689,14.5705927607,14.1267203984,14.4740987689,87881.0,15.0,0.0,15.1,14.64,15.0,1.0,87881.0,3,01
112,2016-08-31,14.5126963656,14.6574373533,14.1749673943,14.4162023738,211413.0,15.04,0.0,15.19,14.69,14.94,1.0,211413.0,2,31
113,2016-08-30,14.4740987689,14.6477879541,14.1074216001,14.2135649911,147779.0,15.0,0.0,15.18,14.62,14.73,1.0,147779.0,1,30
114,2016-08-29,14.1074216001,14.4837481681,13.6741635769,14.0784734025,74340.0,14.62,0.0,15.01,14.171,14.59,1.0,74340.0,0,29
115,2016-08-26,13.9530312132,14.3172960322,13.602758023,13.7503938304,131619.0,14.46,0.0,14.8375,14.097,14.25,1.0,131619.0,4,26
116,2016-08-25,13.7503938304,14.3486565796,13.5525811473,13.8951348181,87475.0,14.25,0.0,14.87,14.045,14.4,1.0,87475.0,3,25
117,2016-08-24,14.0109276083,14.4933975673,13.6924974354,14.2232143902,115906.0,14.52,0.0,15.02,14.19,14.74,1.0,115906.0,2,24
118,2016-08-23,14.2714613861,14.6670867525,14.0678590634,14.1846167935,128554.0,14.79,0.0,15.2,14.579,14.7,1.0,128554.0,1,23
119,2016-08-22,14.1749673943,14.6670867525,13.9144336165,14.5705927607,105799.0,14.69,0.0,15.2,14.42,15.1,1.0,105799.0,0,22
120,2016-08-19,14.3969035755,14.69603495,13.673198637,14.1942661927,115772.0,14.92,0.0,15.23,14.17,14.71,1.0,115772.0,4,19
121,2016-08-18,14.2618119869,14.531995164,14.0784734025,14.0784734025,131543.0,14.78,0.0,15.06,14.59,14.59,1.0,131543.0,3,18
122,2016-08-17,13.9819794108,14.1749673943,13.5285541433,14.0398758058,104346.0,14.49,0.0,14.69,14.0201,14.55,1.0,104346.0,2,17
123,2016-08-16,14.0109276083,14.2327672954,13.7407444313,14.049525205,82525.0,14.52,0.0,14.7499,14.24,14.56,1.0,82525.0,1,16
124,2016-08-15,13.9916288099,14.4933975673,13.7696926288,14.3390071804,72645.0,14.5,0.0,15.02,14.27,14.86,1.0,72645.0,0,15
125,2016-08-12,14.2328637894,14.6862890568,13.9819794108,14.5512939623,73620.0,14.75,0.0,15.2199,14.49,15.08,1.0,73620.0,4,12
126,2016-08-11,14.425851773,14.8600747361,14.3872541763,14.802178341,31973.0,14.95,0.0,15.4,14.91,15.34,1.0,31973.0,3,11
127,2016-08-10,14.7249831476,14.9179711311,14.1749673943,14.7732301434,114439.0,15.26,0.0,15.46,14.69,15.31,1.0,114439.0,2,10
128,2016-08-09,14.7732301434,14.9372699295,14.5127928596,14.5802421599,93848.0,15.31,0.0,15.48,15.0401,15.11,1.0,93848.0,1,09
129,2016-08-08,14.5802421599,14.7249831476,14.0205770075,14.0205770075,142057.0,15.11,0.0,15.26,14.53,14.53,1.0,142057.0,0,08
130,2016-08-05,13.9916288099,14.3776047771,13.2389756739,13.2389756739,183210.0,14.5,0.285,14.9,13.72,13.72,1.0,183210.0,4,05
131,2016-08-04,13.2487523395,13.5033176523,12.7188022459,12.7282656404,214768.0,14.0,0.0,14.269,13.44,13.45,1.0,214768.0,3,04
132,2016-08-03,12.576851328,12.7282656404,12.2267057304,12.7093388514,110581.0,13.29,0.0,13.45,12.92,13.43,1.0,110581.0,2,03
133,2016-08-02,12.6525584842,12.917533531,12.4632905936,12.6904120623,117316.0,13.37,0.0,13.65,13.17,13.41,1.0,117316.0,1,02
134,2016-08-01,12.5484611444,13.4096300464,12.3867317319,13.4096300464,91172.0,13.26,0.0,14.17,13.0891,14.17,1.0,91172.0,0,01
135,2016-07-29,13.4285568355,13.4285568355,12.1140913355,12.6998754568,89739.0,14.19,0.0,14.19,12.801,13.42,1.0,89739.0,4,29
136,2016-07-28,12.7471924295,13.0405576598,12.1557302715,12.3118762812,72304.0,13.47,0.0,13.78,12.845,13.01,1.0,72304.0,3,28
137,2016-07-27,12.4254370155,12.9165871915,12.1036816016,12.5011441717,98990.0,13.13,0.0,13.649,12.79,13.21,1.0,98990.0,2,27
138,2016-07-26,12.6336316951,12.9459237146,12.5011441717,12.8607531638,85233.0,13.35,0.0,13.68,13.21,13.59,1.0,85233.0,1,26
139,2016-07-25,12.9553871091,13.2108987614,12.7945094021,13.0405576598,75376.0,13.69,0.0,13.96,13.52,13.78,1.0,75376.0,0,25
140,2016-07-22,13.1730451832,13.2771425231,12.9269969255,13.1351916051,76986.0,13.92,0.0,14.03,13.66,13.88,1.0,76986.0,4,22
141,2016-07-21,13.1635817887,13.6083613315,13.1257282106,13.2487523395,19297.0,13.91,0.0,14.38,13.87,14.0,1.0,19297.0,3,21
142,2016-07-20,13.2203621559,13.5894345425,12.9838719266,13.5894345425,75178.0,13.97,0.0,14.36,13.7201,14.36,1.0,75178.0,2,20
143,2016-07-19,13.6651416987,13.7692390385,13.0594844489,13.5231907808,59999.0,14.44,0.0,14.55,13.8,14.29,1.0,59999.0,1,19
144,2016-07-18,13.5610443589,13.6746050932,12.7755826131,12.9080701365,97388.0,14.33,0.0,14.45,13.5,13.64,1.0,97388.0,0,18
145,2016-07-15,13.0689478434,13.1730451832,12.7471924295,13.0405576598,81507.0,13.81,0.0,13.92,13.47,13.78,1.0,81507.0,4,15
146,2016-07-14,12.9269969255,13.1635817887,12.7945094021,13.0594844489,85447.0,13.66,0.0,13.91,13.52,13.8,1.0,85447.0,3,14
147,2016-07-13,13.0310942653,13.4285568355,12.5484611444,13.1919719723,259385.0,13.77,0.0,14.19,13.26,13.94,1.0,259385.0,2,13
148,2016-07-12,13.3623130738,13.9111899564,13.2676791285,13.579971148,199319.0,14.12,0.0,14.7,14.02,14.35,1.0,199319.0,1,12
149,2016-07-11,13.3149961012,13.6840684878,13.0689478434,13.598897937,155115.0,14.07,0.0,14.46,13.81,14.37,1.0,155115.0,0,11
150,2016-07-08,13.5042639917,13.6651416987,13.2960693121,13.3433862847,73642.0,14.27,0.0,14.44,14.05,14.1,1.0,73642.0,4,08
151,2016-07-07,13.2866059176,13.9017265619,13.078411238,13.5894345425,202148.0,14.04,0.0,14.69,13.82,14.36,1.0,202148.0,3,07
152,2016-07-06,13.5137273863,13.6556783042,12.8702165583,13.1351916051,184981.0,14.28,0.0,14.43,13.6,13.88,1.0,184981.0,2,06
153,2016-07-05,13.1919719723,13.579971148,12.5863147225,13.2487523395,136960.0,13.94,0.0,14.35,13.3,14.0,1.0,136960.0,1,05
154,2016-07-01,13.5421175698,13.7124586713,12.7755826131,12.7755826131,180496.0,14.31,0.0,14.49,13.5,13.5,1.0,180496.0,4,01
155,2016-06-30,12.8134361912,13.0121674763,12.3686566483,12.9648505036,386200.0,13.54,0.0,13.75,13.07,13.7,1.0,386200.0,3,30
156,2016-06-29,13.078411238,13.5515809644,13.0500210544,13.2108987614,249929.0,13.82,0.0,14.32,13.79,13.96,1.0,249929.0,2,29
157,2016-06-28,13.2298255504,13.3717764683,12.3024128866,12.4632905936,178081.0,13.98,0.0,14.13,13.0,13.17,1.0,178081.0,1,28
158,2016-06-27,12.4538271991,13.4285568355,12.0563646289,12.4822173827,137406.0,13.16,0.0,14.19,12.74,13.19,1.0,137406.0,0,27
159,2016-06-24,12.756655824,13.6462149097,11.8387065548,12.6430950897,172748.0,13.48,0.0,14.42,12.51,13.36,1.0,172748.0,4,24
160,2016-06-23,13.3433862847,13.3907032574,12.7850460076,12.7850460076,142768.0,14.1,0.0,14.15,13.51,13.51,1.0,142768.0,3,23
161,2016-06-22,12.8607531638,13.0348796231,12.595778117,12.8039727966,344170.0,13.59,0.0,13.774,13.31,13.53,1.0,344170.0,2,22
162,2016-06-21,12.7945094021,13.1446549997,11.9711940782,12.3024128866,336428.0,13.52,0.0,13.89,12.65,13.0,1.0,336428.0,1,21
163,2016-06-20,11.7913895821,12.3497298593,11.7062190314,12.2929494921,318294.0,12.46,0.0,13.05,12.37,12.99,1.0,318294.0,0,20
164,2016-06-17,12.1036816016,12.3024128866,11.4696341682,11.5831949025,2618576.0,12.79,0.0,13.0,12.12,12.24,1.0,2618576.0,4,17
165,2016-06-16,11.3466100393,11.7440726095,11.0158644005,11.5358779299,687237.0,11.99,0.0,12.41,11.6405,12.19,1.0,687237.0,3,16
166,2016-06-15,11.6683654533,11.8954869219,11.072171598,11.1289519652,351693.0,12.33,0.0,12.57,11.7,11.76,1.0,351693.0,2,15
167,2016-06-14,11.2235859104,11.753536004,11.1290465991,11.3182198557,622963.0,11.86,0.0,12.42,11.7601,11.96,1.0,622963.0,1,14
168,2016-06-13,11.4507073791,11.7061243974,11.0532448089,11.5453413244,750015.0,12.1,0.0,12.3699,11.68,12.2,1.0,750015.0,0,13
169,2016-06-10,12.3497298593,12.8134361912,11.4980243518,12.5484611444,425091.0,13.05,0.0,13.54,12.15,13.26,1.0,425091.0,4,10
170,2016-06-09,12.8607531638,13.1256335767,12.2078735753,12.8702165583,227950.0,13.59,0.0,13.8699,12.9001,13.6,1.0,227950.0,3,09
171,2016-06-08,13.1162648161,13.258215734,12.4727539882,13.0121674763,245228.0,13.86,0.0,14.01,13.18,13.75,1.0,245228.0,2,08
172,2016-06-07,12.8796799529,13.5515809644,12.8323629802,13.3623130738,254500.0,13.61,0.0,14.32,13.56,14.12,1.0,254500.0,1,07
173,2016-06-06,13.4096300464,13.9585069291,13.2014353668,13.920653351,260948.0,14.17,0.0,14.75,13.95,14.71,1.0,260948.0,0,06
174,2016-06-03,13.7313854604,14.100457847,13.4569470191,13.9111899564,239075.0,14.51,0.0,14.9,14.22,14.7,1.0,239075.0,4,03
175,2016-06-02,14.0626042689,14.6493347296,13.579971148,13.6462149097,363971.0,14.86,0.0,15.48,14.35,14.42,1.0,363971.0,3,02
176,2016-06-01,14.0247506908,14.1383114251,12.8702165583,13.2392889449,399077.0,14.82,0.0,14.94,13.6,13.99,1.0,399077.0,2,01
177,2016-05-31,13.5042639917,14.0058239017,13.1257282106,13.4853372027,418574.0,14.27,0.0,14.8,13.87,14.25,1.0,418574.0,1,31
178,2016-05-27,13.3623130738,13.7219220659,13.138882329,13.5515809644,139541.0,14.12,0.0,14.5,13.8839,14.32,1.0,139541.0,4,27
179,2016-05-26,13.8260194057,15.1414312451,13.778702433,15.0278705108,328851.0,14.61,0.0,16.0,14.56,15.88,1.0,328851.0,3,26
180,2016-05-25,14.8196758311,15.0562606944,13.759775644,13.759775644,428627.0,15.66,0.0,15.91,14.54,14.54,1.0,428627.0,2,25
181,2016-05-24,13.7503122495,14.1099212415,13.1073692252,13.3433862847,145432.0,14.53,0.0,14.91,13.8506,14.1,1.0,145432.0,1,24
182,2016-05-23,13.5137273863,13.8827051389,13.0310942653,13.2676791285,194085.0,14.28,0.0,14.6699,13.77,14.02,1.0,194085.0,0,23
183,2016-05-20,13.6746050932,14.1950917923,13.1351916051,13.4001666519,190124.0,14.45,0.0,15.0,13.88,14.16,1.0,190124.0,4,20
184,2016-05-19,13.5421175698,13.6178247261,13.0310942653,13.4948005972,148141.0,14.31,0.0,14.39,13.77,14.26,1.0,148141.0,3,19
185,2016-05-18,13.5610443589,13.579971148,12.7282656404,13.2866059176,217335.0,14.33,0.0,14.35,13.45,14.04,1.0,217335.0,2,18
186,2016-05-17,13.4569470191,13.6272881206,12.5200709608,12.6430950897,216952.0,14.22,0.0,14.4,13.23,13.36,1.0,216952.0,1,17
187,2016-05-16,12.4065102265,12.7364987937,12.0374378399,12.0374378399,265946.0,13.11,0.0,13.4587,12.72,12.72,1.0,265946.0,0,16
188,2016-05-13,12.1604619687,12.1793887578,11.1763635717,11.573731508,180544.0,12.85,0.0,12.87,11.8101,12.23,1.0,180544.0,4,13
189,2016-05-12,11.7440726095,12.0090476563,11.3276832502,11.7440726095,148624.0,12.41,0.0,12.69,11.97,12.41,1.0,148624.0,3,12
190,2016-05-11,11.6399752697,11.7062190314,11.0447277539,11.1005617816,117411.0,12.3,0.0,12.37,11.671,11.73,1.0,117411.0,2,11
191,2016-05-10,11.2141225159,11.3655368284,10.6477383534,11.0153912308,379518.0,11.85,0.285,12.01,11.2515,11.64,1.0,379518.0,1,10
192,2016-05-09,11.1632962499,12.3369209384,11.0616437178,12.3369209384,194591.0,12.08,0.0,13.35,11.97,13.35,1.0,194591.0,0,09
193,2016-05-06,12.3738854955,12.521743724,11.8471405566,12.0504456207,153173.0,13.39,0.0,13.55,12.82,13.04,1.0,153173.0,4,06
194,2016-05-05,12.4016089133,12.6141551168,11.8471405566,12.4755380276,290662.0,13.42,0.0,13.65,12.82,13.5,1.0,290662.0,3,05
195,2016-05-04,12.1058924564,12.2629918242,11.3111544783,11.4035658711,353284.0,13.1,0.0,13.27,12.24,12.34,1.0,353284.0,2,04
196,2016-05-03,11.9210696708,12.1983038492,9.30582725465,10.8213740965,1061441.0,12.9,0.0,13.2,10.07,11.71,1.0,1061441.0,1,03
197,2016-05-02,11.6808000495,11.8748639744,11.1032288445,11.366601314,191451.0,12.64,0.0,12.85,12.015,12.3,1.0,191451.0,0,02
198,2016-04-29,12.3461620777,12.7065665096,11.9968470129,12.4847791669,149740.0,13.36,0.0,13.75,12.982,13.51,1.0,149740.0,4,29
199,2016-04-28,12.3831266348,12.6602684018,12.0134810636,12.4385734705,96302.0,13.4,0.0,13.6999,13.0,13.46,1.0,96302.0,3,28
200,2016-04-27,12.3554032169,12.6843877753,12.2167861278,12.2167861278,415123.0,13.37,0.0,13.726,13.22,13.22,1.0,415123.0,2,27
201,2016-04-26,12.1058924564,12.1890627099,11.7177646066,11.828658278,110543.0,13.1,0.0,13.19,12.68,12.8,1.0,110543.0,1,26
202,2016-04-25,11.828658278,12.1890627099,11.6439279038,11.9210696708,129596.0,12.8,0.0,13.19,12.6001,12.9,1.0,129596.0,0,25
203,2016-04-22,11.9487930886,12.0504456207,10.7659272608,10.7659272608,302612.0,12.93,0.0,13.04,11.65,11.65,1.0,302612.0,4,22
204,2016-04-21,10.90454435,11.4958848525,10.6273101716,11.2464665034,320752.0,11.8,0.0,12.4399,11.5,12.17,1.0,320752.0,3,21
205,2016-04-20,11.200260807,11.5513316882,10.3500759933,10.3500759933,267353.0,12.12,0.0,12.4999,11.2,11.2,1.0,267353.0,2,20
206,2016-04-19,10.4424873861,10.5441399181,10.1375297898,10.1375297898,213167.0,11.3,0.0,11.41,10.97,10.97,1.0,213167.0,1,19
207,2016-04-18,10.0913240934,10.3685582718,9.30582725465,9.84181333287,140241.0,10.92,0.0,11.22,10.07,10.65,1.0,140241.0,0,18
208,2016-04-15,9.93422472567,10.5348987788,9.90650130783,10.0636006756,160214.0,10.75,0.0,11.4,10.72,10.89,1.0,160214.0,4,15
209,2016-04-14,10.2391823219,10.507175361,9.62002599016,10.3777994111,146325.0,11.08,0.0,11.37,10.41,11.23,1.0,146325.0,3,14
210,2016-04-13,10.276146879,10.5348987788,10.0543595363,10.507175361,252696.0,11.12,0.0,11.4,10.88,11.37,1.0,252696.0,2,13
211,2016-04-12,10.3500759933,10.507175361,10.0173949792,10.2299411826,154390.0,11.2,0.0,11.37,10.84,11.07,1.0,154390.0,1,12
212,2016-04-11,10.2484234612,10.5348987788,10.109806372,10.109806372,157003.0,11.09,0.0,11.4,10.94,10.94,1.0,157003.0,0,11
213,2016-04-08,10.0728418149,10.2484234612,9.42596206529,9.49065004024,122218.0,10.9,0.0,11.09,10.2,10.27,1.0,122218.0,4,08
214,2016-04-07,9.31506839393,9.66623168656,9.1025221905,9.37975636889,82202.0,10.08,0.0,10.46,9.85,10.15,1.0,82202.0,3,07
215,2016-04-06,9.45368548312,9.83257219359,9.28734497609,9.28734497609,161562.0,10.23,0.0,10.64,10.05,10.05,1.0,161562.0,2,06
216,2016-04-05,9.25038041897,9.47216776168,8.88073484778,9.00086965842,63298.0,10.01,0.0,10.25,9.61,9.74,1.0,63298.0,1,05
217,2016-04-04,9.19493358329,9.83257219359,9.09328105122,9.45368548312,162417.0,9.95,0.0,10.64,9.84,10.23,1.0,162417.0,0,04
218,2016-04-01,9.56457915448,10.2022177648,9.43520320456,9.92498358639,233336.0,10.35,0.0,11.04,10.21,10.74,1.0,233336.0,4,01
219,2016-03-31,10.2391823219,10.4055228289,9.51966721758,9.71243738296,389611.0,11.08,0.0,11.26,10.3014,10.51,1.0,389611.0,3,31
220,2016-03-30,9.86029561143,10.1560120684,9.4462925717,9.66623168656,178535.0,10.67,0.0,10.99,10.222,10.46,1.0,178535.0,2,30
221,2016-03-29,9.58306143304,9.72167852224,9.02859307626,9.13948674761,129932.0,10.37,0.0,10.52,9.77,9.89,1.0,129932.0,1,29
222,2016-03-28,9.33355067249,9.54609687592,8.99172093053,9.35203295105,47972.0,10.1,0.0,10.33,9.7301,10.12,1.0,47972.0,0,28
223,2016-03-24,9.40747978673,9.94901054852,9.16721016545,9.42596206529,312434.0,10.18,0.0,10.766,9.92,10.2,1.0,312434.0,3,24
224,2016-03-23,10.0728418149,10.3500759933,9.86953675071,10.0636006756,268627.0,10.9,0.0,11.2,10.68,10.89,1.0,268627.0,2,23
225,2016-03-22,10.4517285253,10.571863336,9.95270700423,9.98043042207,198155.0,11.31,0.0,11.44,10.77,10.8,1.0,198155.0,1,22
226,2016-03-21,10.1375297898,10.4110675125,9.73091966152,10.3223525754,319238.0,10.97,0.0,11.266,10.53,11.17,1.0,319238.0,0,21
227,2016-03-18,10.3223525754,10.6088278931,9.58306143304,10.4886930824,2195788.0,11.17,0.0,11.48,10.37,11.35,1.0,2195788.0,4,18
228,2016-03-17,10.0820829541,10.6180690324,9.37975636889,9.37975636889,575620.0,10.91,0.0,11.49,10.15,10.15,1.0,575620.0,3,17
229,2016-03-16,9.31506839393,9.42596206529,7.85506079913,7.86420952702,334130.0,10.08,0.0,10.2,8.5001,8.51,1.0,334130.0,2,16
230,2016-03-15,7.99358547693,8.21537281965,7.78565984314,7.90117408414,278126.0,8.65,0.0,8.89,8.425,8.55,1.0,278126.0,1,15
231,2016-03-14,8.21537281965,8.40019560524,7.18969877099,7.33746458807,366875.0,8.89,0.0,9.09,7.7801,7.94,1.0,366875.0,0,14
232,2016-03-11,7.235812056,7.40215256303,6.75527281345,6.75527281345,304746.0,7.83,0.0,8.01,7.31,7.31,1.0,304746.0,4,11
233,2016-03-10,6.6443791421,7.1434006632,6.52424433146,7.1434006632,259313.0,7.19,0.0,7.73,7.06,7.73,1.0,259313.0,3,10
234,2016-03-09,6.98630129545,7.84572724846,6.80147850985,7.22657091672,171205.0,7.56,0.0,8.49,7.36,7.82,1.0,171205.0,2,09
235,2016-03-08,6.99554243473,7.75331585566,6.75527281345,7.59621648791,323863.0,7.57,0.0,8.39,7.31,8.22,1.0,323863.0,1,08
236,2016-03-07,7.59621648791,7.59621648791,7.25429433456,7.25429433456,226971.0,8.22,0.0,8.22,7.85,7.85,1.0,226971.0,0,07
237,2016-03-04,7.24505319528,7.79942914067,7.11567724536,7.2820177524,188694.0,7.84,0.0,8.4399,7.7,7.88,1.0,188694.0,4,04
238,2016-03-03,7.06947154896,7.38367028447,6.67210255994,6.92161332049,313215.0,7.65,0.0,7.99,7.22,7.49,1.0,313215.0,3,03
239,2016-03-02,6.66286142066,6.78299623129,6.25625129235,6.53348547074,1065487.0,7.21,0.0,7.34,6.77,7.07,1.0,1065487.0,2,02
240,2016-03-01,6.46879749578,7.11567724536,6.24701015307,6.32093926731,693039.0,7.0,0.0,7.7,6.76,6.84,1.0,693039.0,1,01
241,2016-02-29,6.32093926731,6.45031521722,5.98825825324,6.17308103883,535195.0,6.84,0.0,6.98,6.48,6.68,1.0,535195.0,0,29
242,2016-02-26,6.17308103883,6.6674819903,6.03446394964,6.13611648172,613318.0,6.68,0.0,7.215,6.53,6.64,1.0,613318.0,4,26
243,2016-02-25,6.0067405318,6.31169812803,5.73883990408,5.92357027828,552082.0,6.5,0.0,6.83,6.2101,6.41,1.0,552082.0,3,25
244,2016-02-24,6.41335066011,6.6904924271,5.70825173307,6.47803863506,196920.0,6.94,0.0,7.2399,6.177,7.01,1.0,196920.0,2,24
245,2016-02-23,6.74603167417,6.92161332049,6.46879749578,6.53348547074,235153.0,7.3,0.0,7.49,7.0,7.07,1.0,235153.0,1,23
246,2016-02-22,6.56120888858,6.65546850923,6.0067405318,6.07142850676,108609.0,7.1,0.0,7.202,6.5,6.57,1.0,108609.0,0,22
247,2016-02-19,6.0991519246,6.33018040659,5.83115888549,6.12687534244,113375.0,6.6,0.0,6.85,6.31,6.63,1.0,113375.0,4,19
248,2016-02-18,6.27473357091,6.4595563565,6.06218736748,6.28397471019,293621.0,6.79,0.0,6.99,6.56,6.8,1.0,293621.0,3,18
249,2016-02-17,6.39486838155,6.60732217359,5.9245868036,6.0067405318,228148.0,6.92,0.0,7.1499,6.4111,6.5,1.0,228148.0,2,17
250,2016-02-16,6.27473357091,6.30245698875,5.62785382133,5.66481837845,221718.0,6.79,0.0,6.82,6.09,6.13,1.0,221718.0,1,16
251,2016-02-12,5.72950635341,6.18102841861,5.09186774311,5.83115888549,185868.0,6.2,0.0,6.6886,5.51,6.31,1.0,185868.0,4,12
252,2016-02-11,5.43378989646,6.43174052727,4.95325065391,5.84040002476,489488.0,5.88,0.0,6.9599,5.36,6.32,1.0,489488.0,3,11
253,2016-02-10,6.07142850676,6.46870508439,5.914329139,6.18232217811,334491.0,6.57,0.0,6.9999,6.4,6.69,1.0,334491.0,2,10
254,2016-02-09,6.0991519246,6.93085445977,5.77571204981,6.82920192769,400330.0,6.6,0.0,7.5,6.25,7.39,1.0,400330.0,1,09
255,2016-02-08,6.96781901689,7.68086532371,6.83844306697,7.06947154896,200177.0,7.54,0.0,8.3116,7.4,7.65,1.0,200177.0,0,08
256,2016-02-05,7.42987598087,7.80876269134,7.33746458807,7.70711015926,245141.0,8.04,0.5725,8.45,7.94,8.34,1.0,245141.0,4,05
257,2016-02-04,7.78142018548,7.95611393133,7.51398778443,7.51398778443,466796.0,9.02,0.0,9.2225,8.71,8.71,1.0,466796.0,3,04
258,2016-02-03,7.41046556467,7.52261463608,7.07401835044,7.33282389984,481874.0,8.59,0.0,8.72,8.2,8.5,1.0,481874.0,2,03
259,2016-02-02,7.24655538338,7.55712204266,6.83289784691,7.54849519102,560985.0,8.4,0.0,8.76,7.9205,8.75,1.0,560985.0,1,02
260,2016-02-01,7.85043499866,8.61822479523,7.43634611961,8.61822479523,338960.0,9.1,0.0,9.99,8.62,9.99,1.0,338960.0,0,01
261,2016-01-29,8.71312016334,8.98917941604,8.40255350406,8.60959794358,173288.0,10.1,0.0,10.42,9.74,9.98,1.0,173288.0,4,29
262,2016-01-28,8.67861275676,8.71312016334,7.93670351513,8.36804609747,329767.0,10.06,0.0,10.1,9.2,9.7,1.0,329767.0,3,28
263,2016-01-27,7.86768870195,8.24796032255,7.46222667455,7.63476370749,242110.0,9.12,0.0,9.5608,8.65,8.85,1.0,242110.0,2,27
264,2016-01-26,7.74691277889,8.14366168613,7.07401835044,7.31557019655,372460.0,8.98,0.0,9.4399,8.2,8.48,1.0,372460.0,1,26
265,2016-01-25,7.47085352619,8.0057183283,7.41909241631,7.8590618503,371694.0,8.66,0.0,9.28,8.6,9.11,1.0,371694.0,0,25
266,2016-01-22,8.01434517995,8.07473314148,7.01363038891,7.01363038891,483446.0,9.29,0.0,9.36,8.13,8.13,1.0,483446.0,4,22
267,2016-01-21,6.89285446585,7.06539149879,6.53138938185,6.69443687798,583780.0,7.99,0.0,8.19,7.571,7.76,1.0,583780.0,3,21
268,2016-01-20,6.86697391091,7.0308840922,6.1078972345,6.37524336704,338507.0,7.96,0.0,8.15,7.0801,7.39,1.0,338507.0,2,20
269,2016-01-19,7.06539149879,8.21276276783,6.94461557574,7.85043499866,595904.0,8.19,0.0,9.52,8.05,9.1,1.0,595904.0,1,19
270,2016-01-15,7.8763155536,8.1523748063,7.7296590756,8.02297203159,156205.0,9.13,0.0,9.45,8.96,9.3,1.0,156205.0,4,15
271,2016-01-14,8.33353869088,8.62685164688,7.80730074042,8.24727017441,195855.0,9.66,0.0,10.0,9.05,9.56,1.0,195855.0,3,14
272,2016-01-13,8.25589702606,8.73037386664,8.10061369642,8.62685164688,202384.0,9.57,0.0,10.12,9.39,10.0,1.0,202384.0,2,13
273,2016-01-12,8.54058313041,8.85114978969,7.78142018548,8.58371738864,263743.0,9.9,0.0,10.26,9.02,9.95,1.0,263743.0,1,12
274,2016-01-11,8.38529980076,8.94371590787,8.29903128429,8.7044933117,359975.0,9.72,0.0,10.3673,9.62,10.09,1.0,359975.0,0,11
275,2016-01-08,8.79076182817,9.59305903133,8.69586646005,9.59305903133,346057.0,10.19,0.0,11.12,10.08,11.12,1.0,346057.0,4,08
276,2016-01-07,9.16171644898,9.77422291591,9.12720904239,9.75696921262,195604.0,10.62,0.0,11.33,10.58,11.31,1.0,195604.0,3,07
277,2016-01-06,9.92087939391,10.6369080806,9.64482014121,10.4988784542,239182.0,11.5,0.0,12.33,11.18,12.17,1.0,239182.0,2,06
278,2016-01-05,10.6972960421,10.9733552948,10.5420127125,10.9388478882,107973.0,12.4,0.0,12.72,12.22,12.68,1.0,107973.0,1,05
279,2016-01-04,10.9474747399,11.3184293607,10.4558304645,10.6886691905,189662.0,12.69,0.0,13.12,12.1201,12.39,1.0,189662.0,0,04
280,2015-12-31,10.6196543773,10.6455349322,9.92950624555,9.92950624555,177217.0,12.31,0.0,12.34,11.51,11.51,1.0,177217.0,3,31
281,2015-12-30,10.0589090203,10.4729978993,9.92096566242,9.99852105873,158437.0,11.66,0.0,12.14,11.5001,11.59,1.0,158437.0,2,30
282,2015-12-29,10.1710580917,10.5161321575,9.87774513567,10.0244016137,231820.0,11.79,0.0,12.19,11.45,11.62,1.0,231820.0,1,29
283,2015-12-28,10.0071479104,10.2055654983,9.83461087744,10.041655317,219622.0,11.6,0.0,11.83,11.4,11.64,1.0,219622.0,0,28
284,2015-12-24,10.3004608664,10.4902516026,10.2055654983,10.3781025312,80641.0,11.94,0.0,12.16,11.83,12.03,1.0,80641.0,3,24
285,2015-12-23,10.4298636411,10.6455349322,10.041655317,10.309087718,246613.0,12.09,0.0,12.34,11.64,11.95,1.0,246613.0,2,23
286,2015-12-22,10.1279238334,10.2573266081,9.12824426459,9.42914885004,278565.0,11.74,0.0,11.89,10.5812,10.93,1.0,278565.0,1,22
287,2015-12-21,9.42914885004,9.75696921262,9.34288033357,9.48953681156,252223.0,10.93,0.0,11.31,10.83,11.0,1.0,252223.0,0,21
288,2015-12-18,9.61893958627,10.1072193895,9.42052199839,9.7914766192,478669.0,11.15,0.0,11.716,10.92,11.35,1.0,478669.0,4,18
289,2015-12-17,9.8087303225,10.4643710477,9.29974607533,10.3522219763,618214.0,11.37,0.0,12.13,10.78,12.0,1.0,618214.0,3,17
290,2015-12-16,10.3004608664,10.6800423388,10.1020432785,10.1020432785,410135.0,11.94,0.0,12.38,11.71,11.71,1.0,410135.0,2,16
291,2015-12-15,10.2141923499,10.9906089981,10.0589090203,10.4729978993,1026385.0,11.84,0.0,12.74,11.66,12.14,1.0,1026385.0,1,15
292,2015-12-14,10.4729978993,10.7749377069,9.65344699285,10.3694756795,429414.0,12.14,0.0,12.49,11.19,12.02,1.0,429414.0,0,14
293,2015-12-11,10.4643710477,10.9043404817,10.4126099378,10.6800423388,192344.0,12.13,0.0,12.64,12.07,12.38,1.0,192344.0,4,11
294,2015-12-10,10.9215941849,11.9826969375,10.6494170155,10.6627886355,294642.0,12.66,0.0,13.89,12.3445,12.36,1.0,294642.0,3,10
295,2015-12-09,11.1200117728,11.5944886134,10.3694756795,10.4384904927,327913.0,12.89,0.0,13.44,12.02,12.1,1.0,327913.0,2,09
296,2015-12-08,10.4384904927,10.9992358498,10.3694756795,10.3694756795,370415.0,12.1,0.0,12.75,12.02,12.02,1.0,370415.0,1,08
297,2015-12-07,10.6972960421,11.5893125024,10.1279238334,11.2839219541,448400.0,12.4,0.0,13.434,11.74,13.08,1.0,448400.0,0,07
298,2015-12-04,12.0172043441,12.715893059,11.5513543552,12.508934888,361104.0,13.93,0.0,14.7399,13.39,14.5,1.0,361104.0,4,04
299,2015-12-03,12.6124571077,14.1997978108,12.5520691462,12.7936209923,274974.0,14.62,0.0,16.46,14.55,14.83,1.0,274974.0,3,03
300,2015-12-02,13.1128145033,14.1479504324,12.7418598824,13.3716200527,875644.0,15.2,0.0,16.3999,14.77,15.5,1.0,875644.0,2,02
301,2015-12-01,13.3543663494,14.2601857723,13.2853515362,13.6821867119,134737.0,15.48,0.0,16.53,15.4,15.86,1.0,134737.0,1,01
302,2015-11-30,13.8633505965,15.096990382,13.6735598603,13.7339478218,104039.0,16.07,0.0,17.5,15.85,15.92,1.0,104039.0,0,30
303,2015-11-27,13.9668728163,14.682901503,13.5872913438,13.6735598603,70854.0,16.19,0.0,17.02,15.75,15.85,1.0,70854.0,4,27
304,2015-11-25,13.7943357834,14.3463680202,13.2853515362,13.2853515362,175682.0,15.99,0.0,16.6299,15.4,15.4,1.0,175682.0,2,25
305,2015-11-24,13.2853515362,13.8115894866,13.106430633,13.5786644922,112803.0,15.4,0.0,16.01,15.1926,15.74,1.0,112803.0,1,24
306,2015-11-23,13.4147543109,14.1911709591,13.3026052395,14.1911709591,212119.0,15.55,0.0,16.45,15.42,16.45,1.0,212119.0,0,23
307,2015-11-20,13.8633505965,14.7605431678,13.7166941185,14.1049024426,143660.0,16.07,0.0,17.11,15.9,16.35,1.0,143660.0,4,20
308,2015-11-19,14.3550811404,14.6656477997,14.1049024426,14.2343052173,134586.0,16.64,0.0,17.0,16.35,16.5,1.0,134586.0,3,19
309,2015-11-18,14.657020948,14.829557981,14.242932069,14.389588547,96797.0,16.99,0.0,17.19,16.51,16.68,1.0,96797.0,2,18
310,2015-11-17,14.6052598382,14.7691700195,14.3464542888,14.7691700195,89954.0,16.93,0.0,17.12,16.63,17.12,1.0,89954.0,1,17
311,2015-11-16,14.6483940964,14.8381848326,13.8978580031,14.3292005855,174067.0,16.98,0.0,17.2,16.11,16.61,1.0,174067.0,0,16
312,2015-11-13,14.5448718766,15.416183893,13.7598283768,15.3212885249,161602.0,16.86,0.0,17.87,15.95,17.76,1.0,161602.0,4,13
313,2015-11-12,14.1221561459,14.5966329865,13.6476793054,13.7080672669,294317.0,16.37,0.0,16.92,15.82,15.89,1.0,294317.0,3,12
314,2015-11-11,14.6397672447,15.0633456606,14.4672302118,14.6656477997,114157.0,16.97,0.0,17.461,16.77,17.0,1.0,114157.0,2,11
315,2015-11-10,15.1142440853,15.416183893,14.6656477997,14.6656477997,142511.0,17.52,0.0,17.87,17.0,17.0,1.0,142511.0,1,10
316,2015-11-09,14.9330802007,15.6577357391,14.6656477997,15.2954079699,196309.0,17.31,0.0,18.15,17.0,17.73,1.0,196309.0,0,09
317,2015-11-06,15.24364686,16.0373172115,15.1573783436,15.9596755467,159740.0,17.67,0.0,18.59,17.57,18.5,1.0,159740.0,4,06
318,2015-11-05,16.3133764642,17.063826289,16.0459440632,16.8051070081,211020.0,18.91,0.5725,19.7799,18.6,19.48,1.0,211020.0,3,05
319,2015-11-04,16.7801906502,17.550538724,15.9177357416,17.550538724,78440.0,20.04,0.0,20.96,19.01,20.96,1.0,78440.0,2,04
