,Unnamed: 0,adj_close,adj_high,adj_low,adj_open,adj_volume,close,ex_dividend,high,low,open,split_ratio,volume,Day of Week,Day
0,2017-02-10,24.0,24.8,23.85,24.8,30255.0,24.0,0.0,24.8,23.85,24.8,1.0,30255.0,4,10
1,2017-02-09,24.75,24.8,23.525,23.57,17408.0,24.75,0.0,24.8,23.525,23.57,1.0,17408.0,3,09
2,2017-02-08,23.8,24.0,23.7,24.0,12039.0,23.8,0.0,24.0,23.7,24.0,1.0,12039.0,2,08
3,2017-02-07,23.9,24.05,23.85,23.85,9708.0,23.9,0.0,24.05,23.85,23.85,1.0,9708.0,1,07
4,2017-02-06,23.85,24.0,22.5325,22.8,35636.0,23.85,0.0,24.0,22.5325,22.8,1.0,35636.0,0,06
5,2017-02-03,23.0,23.8,22.805,23.05,29442.0,23.0,0.0,23.8,22.805,23.05,1.0,29442.0,4,03
6,2017-02-02,22.75,22.9,22.65,22.9,6979.0,22.75,0.0,22.9,22.65,22.9,1.0,6979.0,3,02
7,2017-02-01,22.9,23.34,22.35,22.75,22531.0,22.9,0.0,23.34,22.35,22.75,1.0,22531.0,2,01
8,2017-01-31,22.65,23.89,22.6045,23.0,13258.0,22.65,0.0,23.89,22.6045,23.0,1.0,13258.0,1,31
9,2017-01-30,22.9,23.2,22.75,22.8,7887.0,22.9,0.0,23.2,22.75,22.8,1.0,7887.0,0,30
10,2017-01-27,23.15,23.3,22.75,22.9,15108.0,23.15,0.0,23.3,22.75,22.9,1.0,15108.0,4,27
11,2017-01-26,22.9,23.0,22.75,22.95,4713.0,22.9,0.0,23.0,22.75,22.95,1.0,4713.0,3,26
12,2017-01-25,22.95,23.0,22.75,22.75,8885.0,22.95,0.0,23.0,22.75,22.75,1.0,8885.0,2,25
13,2017-01-24,22.75,23.0,22.5268,23.0,17242.0,22.75,0.0,23.0,22.5268,23.0,1.0,17242.0,1,24
14,2017-01-23,22.85,23.0,22.695,22.7,10026.0,22.85,0.0,23.0,22.695,22.7,1.0,10026.0,0,23
15,2017-01-20,22.7,22.75,21.95,22.1,35640.0,22.7,0.0,22.75,21.95,22.1,1.0,35640.0,4,20
16,2017-01-19,22.1,22.3,22.0,22.2,5140.0,22.1,0.0,22.3,22.0,22.2,1.0,5140.0,3,19
17,2017-01-18,22.25,22.45,22.1,22.1,10734.0,22.25,0.0,22.45,22.1,22.1,1.0,10734.0,2,18
18,2017-01-17,21.9,22.3,21.85,22.15,14923.0,21.9,0.0,22.3,21.85,22.15,1.0,14923.0,1,17
19,2017-01-13,22.4,22.8,22.2,22.55,16659.0,22.4,0.0,22.8,22.2,22.55,1.0,16659.0,4,13
20,2017-01-12,22.4,22.55,21.6316,22.4,18923.0,22.4,0.0,22.55,21.6316,22.4,1.0,18923.0,3,12
21,2017-01-11,22.45,22.65,22.2,22.35,16435.0,22.45,0.0,22.65,22.2,22.35,1.0,16435.0,2,11
22,2017-01-10,22.45,22.5,22.25,22.25,7515.0,22.45,0.0,22.5,22.25,22.25,1.0,7515.0,1,10
23,2017-01-09,22.3,22.65,22.2,22.35,10577.0,22.3,0.0,22.65,22.2,22.35,1.0,10577.0,0,09
24,2017-01-06,22.35,22.9,22.2,22.6,14997.0,22.35,0.0,22.9,22.2,22.6,1.0,14997.0,4,06
25,2017-01-05,22.4,22.75,22.25,22.6,12163.0,22.4,0.0,22.75,22.25,22.6,1.0,12163.0,3,05
26,2017-01-04,22.5,23.0,22.425,23.0,19602.0,22.5,0.0,23.0,22.425,23.0,1.0,19602.0,2,04
27,2017-01-03,23.0,23.95,22.8,23.95,51854.0,23.0,0.0,23.95,22.8,23.95,1.0,51854.0,1,03
28,2016-12-30,23.85,23.95,23.6,23.95,17524.0,23.85,0.0,23.95,23.6,23.95,1.0,17524.0,4,30
29,2016-12-29,23.85,23.9,23.45,23.45,13682.0,23.85,0.0,23.9,23.45,23.45,1.0,13682.0,3,29
30,2016-12-28,23.3,23.65,23.15,23.4,19175.0,23.3,0.0,23.65,23.15,23.4,1.0,19175.0,2,28
31,2016-12-27,23.4,23.6,23.25,23.45,9083.0,23.4,0.0,23.6,23.25,23.45,1.0,9083.0,1,27
32,2016-12-23,23.55,23.85,23.4,23.85,8559.0,23.55,0.0,23.85,23.4,23.85,1.0,8559.0,4,23
33,2016-12-22,23.7,24.1,23.1695,24.05,13413.0,23.7,0.0,24.1,23.1695,24.05,1.0,13413.0,3,22
34,2016-12-21,24.0,24.5,23.65,23.8,13122.0,24.0,0.0,24.5,23.65,23.8,1.0,13122.0,2,21
35,2016-12-20,23.9,23.95,22.9,22.9,14254.0,23.9,0.0,23.95,22.9,22.9,1.0,14254.0,1,20
36,2016-12-19,22.95,23.2,22.8,22.8,25255.0,22.95,0.0,23.2,22.8,22.8,1.0,25255.0,0,19
37,2016-12-16,22.7,22.75,22.35,22.35,74545.0,22.7,0.0,22.75,22.35,22.35,1.0,74545.0,4,16
38,2016-12-15,22.25,22.35,21.85,22.2,24736.0,22.25,0.0,22.35,21.85,22.2,1.0,24736.0,3,15
39,2016-12-14,22.1,22.2,21.8,21.8,18109.0,22.1,0.0,22.2,21.8,21.8,1.0,18109.0,2,14
40,2016-12-13,21.95,22.695,21.9,22.1,32080.0,21.95,0.0,22.695,21.9,22.1,1.0,32080.0,1,13
41,2016-12-12,21.9,22.0,21.85,22.0,17759.0,21.9,0.0,22.0,21.85,22.0,1.0,17759.0,0,12
42,2016-12-09,22.2,22.45,21.9,21.9,22736.0,22.2,0.0,22.45,21.9,21.9,1.0,22736.0,4,09
43,2016-12-08,21.95,22.25,21.8,21.8,24616.0,21.95,0.0,22.25,21.8,21.8,1.0,24616.0,3,08
44,2016-12-07,21.85,21.95,21.7,21.85,13435.0,21.85,0.0,21.95,21.7,21.85,1.0,13435.0,2,07
45,2016-12-06,21.9,22.0,21.4,21.7,18230.0,21.9,0.0,22.0,21.4,21.7,1.0,18230.0,1,06
46,2016-12-05,21.75,21.75,21.05,21.05,19530.0,21.75,0.0,21.75,21.05,21.05,1.0,19530.0,0,05
47,2016-12-02,21.0,21.4,20.46,21.25,9880.0,21.0,0.0,21.4,20.46,21.25,1.0,9880.0,4,02
48,2016-12-01,21.45,22.0,21.082,21.8,18296.0,21.45,0.0,22.0,21.082,21.8,1.0,18296.0,3,01
49,2016-11-30,21.9,22.1,21.85,22.05,8174.0,21.9,0.0,22.1,21.85,22.05,1.0,8174.0,2,30
50,2016-11-29,21.9,22.15,21.9,22.15,3618.0,21.9,0.0,22.15,21.9,22.15,1.0,3618.0,1,29
51,2016-11-28,22.05,22.2,21.5,21.5,9897.0,22.05,0.0,22.2,21.5,21.5,1.0,9897.0,0,28
52,2016-11-25,21.5,22.05,21.45,22.0,12334.0,21.5,0.0,22.05,21.45,22.0,1.0,12334.0,4,25
53,2016-11-23,22.0,22.2,21.75,21.75,17178.0,22.0,0.0,22.2,21.75,21.75,1.0,17178.0,2,23
54,2016-11-22,22.0,22.35,21.7,21.75,30486.0,22.0,0.0,22.35,21.7,21.75,1.0,30486.0,1,22
55,2016-11-21,21.8,22.05,21.06,21.75,16775.0,21.8,0.0,22.05,21.06,21.75,1.0,16775.0,0,21
56,2016-11-18,21.6,21.975,21.05,21.7,26284.0,21.6,0.0,21.975,21.05,21.7,1.0,26284.0,4,18
57,2016-11-17,21.55,21.95,21.25,21.75,14000.0,21.55,0.0,21.95,21.25,21.75,1.0,14000.0,3,17
58,2016-11-16,21.85,22.55,20.15,21.3,17253.0,21.85,0.0,22.55,20.15,21.3,1.0,17253.0,2,16
59,2016-11-15,21.475,22.0305,21.35,21.6,13955.0,21.475,0.0,22.0305,21.35,21.6,1.0,13955.0,1,15
60,2016-11-14,21.55,22.3196,21.4,22.0,35171.0,21.55,0.0,22.3196,21.4,22.0,1.0,35171.0,0,14
61,2016-11-11,22.0,22.0,19.65,19.7,63580.0,22.0,0.0,22.0,19.65,19.7,1.0,63580.0,4,11
62,2016-11-10,19.7,19.75,19.2,19.3,27825.0,19.7,0.0,19.75,19.2,19.3,1.0,27825.0,3,10
63,2016-11-09,19.25,19.45,19.05,19.45,24873.0,19.25,0.0,19.45,19.05,19.45,1.0,24873.0,2,09
64,2016-11-08,19.55,19.75,19.25,19.25,25230.0,19.55,0.0,19.75,19.25,19.25,1.0,25230.0,1,08
65,2016-11-07,19.1,19.15,18.9,19.15,15935.0,19.1,0.0,19.15,18.9,19.15,1.0,15935.0,0,07
66,2016-11-04,18.9,19.1,18.75,19.05,27419.0,18.9,0.0,19.1,18.75,19.05,1.0,27419.0,4,04
67,2016-11-03,18.85,19.0,18.85,19.0,19122.0,18.85,0.0,19.0,18.85,19.0,1.0,19122.0,3,03
68,2016-11-02,18.9,19.2,18.8,19.0,12545.0,18.9,0.0,19.2,18.8,19.0,1.0,12545.0,2,02
69,2016-11-01,19.0,19.05,18.9,18.9,19261.0,19.0,0.0,19.05,18.9,18.9,1.0,19261.0,1,01
70,2016-10-31,19.05,19.25,18.9,19.01,7816.0,19.05,0.0,19.25,18.9,19.01,1.0,7816.0,0,31
71,2016-10-28,19.01,19.06,18.9,18.96,12454.0,19.01,0.0,19.06,18.9,18.96,1.0,12454.0,4,28
72,2016-10-27,19.0,19.28,18.97,19.02,12434.0,19.0,0.0,19.28,18.97,19.02,1.0,12434.0,3,27
73,2016-10-26,19.09,19.2,18.981,19.01,9010.0,19.09,0.0,19.2,18.981,19.01,1.0,9010.0,2,26
74,2016-10-25,19.05,19.32,19.05,19.32,7082.0,19.05,0.0,19.32,19.05,19.32,1.0,7082.0,1,25
75,2016-10-24,19.2,19.27,19.1,19.21,6665.0,19.2,0.0,19.27,19.1,19.21,1.0,6665.0,0,24
76,2016-10-21,19.07,19.19,19.05,19.05,5152.0,19.07,0.0,19.19,19.05,19.05,1.0,5152.0,4,21
77,2016-10-20,19.08,19.3599,19.03,19.1,15803.0,19.08,0.0,19.3599,19.03,19.1,1.0,15803.0,3,20
78,2016-10-19,19.14,19.32,18.96,18.98,18745.0,19.14,0.0,19.32,18.96,18.98,1.0,18745.0,2,19
79,2016-10-18,19.01,19.04,18.76,18.96,10896.0,19.01,0.0,19.04,18.76,18.96,1.0,10896.0,1,18
80,2016-10-17,18.9,19.31,18.75,19.0,20953.0,18.9,0.0,19.31,18.75,19.0,1.0,20953.0,0,17
81,2016-10-14,19.02,19.21,18.4,18.59,30375.0,19.02,0.0,19.21,18.4,18.59,1.0,30375.0,4,14
82,2016-10-13,18.68,18.87,18.39,18.7,14130.0,18.68,0.0,18.87,18.39,18.7,1.0,14130.0,3,13
83,2016-10-12,18.86,18.98,18.7,18.7,9163.0,18.86,0.0,18.98,18.7,18.7,1.0,9163.0,2,12
84,2016-10-11,18.78,19.05,18.62,19.05,9593.0,18.78,0.0,19.05,18.62,19.05,1.0,9593.0,1,11
85,2016-10-10,19.05,19.22,18.81,19.22,26680.0,19.05,0.0,19.22,18.81,19.22,1.0,26680.0,0,10
86,2016-10-07,19.0,19.08,18.8,18.83,10842.0,19.0,0.0,19.08,18.8,18.83,1.0,10842.0,4,07
87,2016-10-06,19.04,19.08,18.73,19.02,13919.0,19.04,0.0,19.08,18.73,19.02,1.0,13919.0,3,06
88,2016-10-05,18.93,19.16,18.88,19.07,16058.0,18.93,0.0,19.16,18.88,19.07,1.0,16058.0,2,05
89,2016-10-04,19.04,19.04,18.27,18.73,20309.0,19.04,0.0,19.04,18.27,18.73,1.0,20309.0,1,04
90,2016-10-03,18.73,19.31,18.62,19.31,18994.0,18.73,0.0,19.31,18.62,19.31,1.0,18994.0,0,03
91,2016-09-30,19.44,19.595,19.19,19.42,17265.0,19.44,0.0,19.595,19.19,19.42,1.0,17265.0,4,30
92,2016-09-29,19.11,19.68,19.07,19.58,17302.0,19.11,0.0,19.68,19.07,19.58,1.0,17302.0,3,29
93,2016-09-28,19.64,19.78,19.34,19.51,12780.0,19.64,0.0,19.78,19.34,19.51,1.0,12780.0,2,28
94,2016-09-27,19.39,19.5,19.11,19.255,13401.0,19.39,0.0,19.5,19.11,19.255,1.0,13401.0,1,27
95,2016-09-26,19.17,19.66,19.095,19.35,13962.0,19.17,0.0,19.66,19.095,19.35,1.0,13962.0,0,26
96,2016-09-23,19.66,19.9178,19.63,19.9178,12329.0,19.66,0.0,19.9178,19.63,19.9178,1.0,12329.0,4,23
97,2016-09-22,19.64,19.78,19.41,19.57,26694.0,19.64,0.0,19.78,19.41,19.57,1.0,26694.0,3,22
98,2016-09-21,19.6,19.72,19.43,19.51,18086.0,19.6,0.0,19.72,19.43,19.51,1.0,18086.0,2,21
99,2016-09-20,19.47,19.71,19.08,19.15,18970.0,19.47,0.0,19.71,19.08,19.15,1.0,18970.0,1,20
100,2016-09-19,18.99,19.3,18.87,19.3,20404.0,18.99,0.0,19.3,18.87,19.3,1.0,20404.0,0,19
101,2016-09-16,19.19,19.9752,19.13,19.82,86312.0,19.19,0.0,19.9752,19.13,19.82,1.0,86312.0,4,16
102,2016-09-15,19.65,19.86,19.015,19.65,23000.0,19.65,0.0,19.86,19.015,19.65,1.0,23000.0,3,15
103,2016-09-14,19.74,19.78,18.459,18.5938,32278.0,19.74,0.0,19.78,18.459,18.5938,1.0,32278.0,2,14
104,2016-09-13,18.63,19.2,18.31,18.85,27594.0,18.63,0.0,19.2,18.31,18.85,1.0,27594.0,1,13
105,2016-09-12,18.98,19.0,17.912,18.15,33224.0,18.98,0.0,19.0,17.912,18.15,1.0,33224.0,0,12
106,2016-09-09,18.34,18.94,18.24,18.94,32728.0,18.34,0.0,18.94,18.24,18.94,1.0,32728.0,4,09
107,2016-09-08,18.94,18.9943,18.57,18.93,11986.0,18.94,0.0,18.9943,18.57,18.93,1.0,11986.0,3,08
108,2016-09-07,18.89,19.0,18.69,18.69,16281.0,18.89,0.0,19.0,18.69,18.69,1.0,16281.0,2,07
109,2016-09-06,18.62,18.7,18.52,18.58,26377.0,18.62,0.0,18.7,18.52,18.58,1.0,26377.0,1,06
110,2016-09-02,18.45,18.68,18.31,18.68,13625.0,18.45,0.0,18.68,18.31,18.68,1.0,13625.0,4,02
111,2016-09-01,18.35,18.75,17.51,18.28,35505.0,18.35,0.0,18.75,17.51,18.28,1.0,35505.0,3,01
112,2016-08-31,18.42,18.9817,18.18,18.63,9888.0,18.42,0.0,18.9817,18.18,18.63,1.0,9888.0,2,31
113,2016-08-30,18.62,18.91,18.49,18.69,6109.0,18.62,0.0,18.91,18.49,18.69,1.0,6109.0,1,30
114,2016-08-29,18.68,18.9199,18.6,18.7,24240.0,18.68,0.0,18.9199,18.6,18.7,1.0,24240.0,0,29
115,2016-08-26,18.5,18.84,18.15,18.61,12168.0,18.5,0.0,18.84,18.15,18.61,1.0,12168.0,4,26
116,2016-08-25,18.5,18.79,18.41,18.53,16182.0,18.5,0.0,18.79,18.41,18.53,1.0,16182.0,3,25
117,2016-08-24,18.42,18.5699,18.19,18.21,20838.0,18.42,0.0,18.5699,18.19,18.21,1.0,20838.0,2,24
118,2016-08-23,18.32,18.54,18.215,18.31,23740.0,18.32,0.0,18.54,18.215,18.31,1.0,23740.0,1,23
119,2016-08-22,18.29,18.33,18.13,18.13,19561.0,18.29,0.0,18.33,18.13,18.13,1.0,19561.0,0,22
120,2016-08-19,18.19,18.45,18.05,18.2,26307.0,18.19,0.0,18.45,18.05,18.2,1.0,26307.0,4,19
121,2016-08-18,18.28,18.4099,18.0664,18.15,17770.0,18.28,0.0,18.4099,18.0664,18.15,1.0,17770.0,3,18
122,2016-08-17,18.24,18.3999,18.19,18.34,16966.0,18.24,0.0,18.3999,18.19,18.34,1.0,16966.0,2,17
123,2016-08-16,18.23,18.42,17.97,18.0,63187.0,18.23,0.0,18.42,17.97,18.0,1.0,63187.0,1,16
124,2016-08-15,18.15,18.28,17.97,17.97,29192.0,18.15,0.0,18.28,17.97,17.97,1.0,29192.0,0,15
125,2016-08-12,18.19,18.39,18.0,18.0,21366.0,18.19,0.0,18.39,18.0,18.0,1.0,21366.0,4,12
126,2016-08-11,18.19,18.28,17.86,17.86,71730.0,18.19,0.0,18.28,17.86,17.86,1.0,71730.0,3,11
127,2016-08-10,17.98,18.0,16.02,18.0,24414.0,17.98,0.0,18.0,16.02,18.0,1.0,24414.0,2,10
128,2016-08-09,17.99,17.99,16.26,17.0,115575.0,17.99,0.0,17.99,16.26,17.0,1.0,115575.0,1,09
129,2016-08-08,16.93,16.999,14.861,16.7,79893.0,16.93,0.0,16.999,14.861,16.7,1.0,79893.0,0,08
130,2016-08-05,16.8,16.88,16.26,16.74,57324.0,16.8,0.0,16.88,16.26,16.74,1.0,57324.0,4,05
131,2016-08-04,16.65,16.9434,16.32,16.47,27279.0,16.65,0.0,16.9434,16.32,16.47,1.0,27279.0,3,04
132,2016-08-03,16.69,16.87,16.2,16.22,58483.0,16.69,0.0,16.87,16.2,16.22,1.0,58483.0,2,03
133,2016-08-02,16.11,16.2,16.0,16.2,10917.0,16.11,0.0,16.2,16.0,16.2,1.0,10917.0,1,02
134,2016-08-01,16.15,16.2,15.82,15.96,27795.0,16.15,0.0,16.2,15.82,15.96,1.0,27795.0,0,01
135,2016-07-29,16.08,16.17,15.62,16.11,17995.0,16.08,0.0,16.17,15.62,16.11,1.0,17995.0,4,29
136,2016-07-28,16.07,16.2,15.8399,16.04,17549.0,16.07,0.0,16.2,15.8399,16.04,1.0,17549.0,3,28
137,2016-07-27,16.12,16.19,15.27,15.33,58104.0,16.12,0.0,16.19,15.27,15.33,1.0,58104.0,2,27
138,2016-07-26,15.38,15.49,14.79,15.06,18587.0,15.38,0.0,15.49,14.79,15.06,1.0,18587.0,1,26
139,2016-07-25,14.97,15.345,14.9,15.1,27163.0,14.97,0.0,15.345,14.9,15.1,1.0,27163.0,0,25
140,2016-07-22,15.24,15.5,15.12,15.18,11779.0,15.24,0.0,15.5,15.12,15.18,1.0,11779.0,4,22
141,2016-07-21,15.27,15.36,15.01,15.1,21795.0,15.27,0.0,15.36,15.01,15.1,1.0,21795.0,3,21
142,2016-07-20,15.19,15.5,14.98,15.3999,18736.0,15.19,0.0,15.5,14.98,15.3999,1.0,18736.0,2,20
143,2016-07-19,15.35,15.48,14.87,15.08,22787.0,15.35,0.0,15.48,14.87,15.08,1.0,22787.0,1,19
144,2016-07-18,15.17,15.4,14.99,15.14,10796.0,15.17,0.0,15.4,14.99,15.14,1.0,10796.0,0,18
145,2016-07-15,15.06,15.12,14.65,14.91,21952.0,15.06,0.0,15.12,14.65,14.91,1.0,21952.0,4,15
146,2016-07-14,14.81,15.0,14.68,15.0,19954.0,14.81,0.0,15.0,14.68,15.0,1.0,19954.0,3,14
147,2016-07-13,14.92,15.0,14.7,14.8999,17849.0,14.92,0.0,15.0,14.7,14.8999,1.0,17849.0,2,13
148,2016-07-12,14.98,15.0,14.6,14.6999,25229.0,14.98,0.0,15.0,14.6,14.6999,1.0,25229.0,1,12
149,2016-07-11,14.62,14.7,14.46,14.7,15504.0,14.62,0.0,14.7,14.46,14.7,1.0,15504.0,0,11
150,2016-07-08,14.62,14.7,14.3,14.4,19194.0,14.62,0.0,14.7,14.3,14.4,1.0,19194.0,4,08
151,2016-07-07,14.31,14.46,14.14,14.35,16772.0,14.31,0.0,14.46,14.14,14.35,1.0,16772.0,3,07
152,2016-07-06,14.27,14.455,14.1401,14.37,9670.0,14.27,0.0,14.455,14.1401,14.37,1.0,9670.0,2,06
153,2016-07-05,14.33,14.91,14.18,14.58,18519.0,14.33,0.0,14.91,14.18,14.58,1.0,18519.0,1,05
154,2016-07-01,14.56,14.9699,14.115,14.32,16606.0,14.56,0.0,14.9699,14.115,14.32,1.0,16606.0,4,01
155,2016-06-30,14.46,14.46,13.67,13.87,37634.0,14.46,0.0,14.46,13.67,13.87,1.0,37634.0,3,30
156,2016-06-29,13.92,13.98,13.5,13.75,21966.0,13.92,0.0,13.98,13.5,13.75,1.0,21966.0,2,29
157,2016-06-28,13.67,14.0,13.53,13.53,37196.0,13.67,0.0,14.0,13.53,13.53,1.0,37196.0,1,28
158,2016-06-27,13.46,13.95,13.34,13.8,35448.0,13.46,0.0,13.95,13.34,13.8,1.0,35448.0,0,27
159,2016-06-24,13.98,14.48,13.555,14.18,246603.0,13.98,0.0,14.48,13.555,14.18,1.0,246603.0,4,24
160,2016-06-23,14.75,14.83,14.2,14.57,24792.0,14.75,0.0,14.83,14.2,14.57,1.0,24792.0,3,23
161,2016-06-22,14.47,14.94,13.924,14.54,43155.0,14.47,0.0,14.94,13.924,14.54,1.0,43155.0,2,22
162,2016-06-21,14.62,14.73,14.19,14.6,14689.0,14.62,0.0,14.73,14.19,14.6,1.0,14689.0,1,21
163,2016-06-20,14.66,15.06,14.53,15.06,28105.0,14.66,0.0,15.06,14.53,15.06,1.0,28105.0,0,20
164,2016-06-17,15.03,15.09,13.98,14.5,106400.0,15.03,0.0,15.09,13.98,14.5,1.0,106400.0,4,17
165,2016-06-16,14.46,14.59,13.36,14.17,29686.0,14.46,0.0,14.59,13.36,14.17,1.0,29686.0,3,16
166,2016-06-15,14.31,14.63,14.1602,14.55,29783.0,14.31,0.0,14.63,14.1602,14.55,1.0,29783.0,2,15
167,2016-06-14,14.55,15.57,14.33,15.07,35949.0,14.55,0.0,15.57,14.33,15.07,1.0,35949.0,1,14
168,2016-06-13,15.09,15.16,14.3511,14.68,48779.0,15.09,0.0,15.16,14.3511,14.68,1.0,48779.0,0,13
169,2016-06-10,14.8,15.21,14.6,14.93,32911.0,14.8,0.0,15.21,14.6,14.93,1.0,32911.0,4,10
170,2016-06-09,15.08,15.232,14.5314,14.84,32212.0,15.08,0.0,15.232,14.5314,14.84,1.0,32212.0,3,09
171,2016-06-08,14.95,15.06,14.68,14.93,23680.0,14.95,0.0,15.06,14.68,14.93,1.0,23680.0,2,08
172,2016-06-07,14.91,15.02,14.76,14.92,26373.0,14.91,0.0,15.02,14.76,14.92,1.0,26373.0,1,07
173,2016-06-06,15.01,15.18,14.44,14.52,44470.0,15.01,0.0,15.18,14.44,14.52,1.0,44470.0,0,06
174,2016-06-03,14.6,14.78,14.26,14.42,38794.0,14.6,0.0,14.78,14.26,14.42,1.0,38794.0,4,03
175,2016-06-02,14.32,14.35,13.88,14.08,33773.0,14.32,0.0,14.35,13.88,14.08,1.0,33773.0,3,02
176,2016-06-01,14.19,14.23,13.88,13.98,28811.0,14.19,0.0,14.23,13.88,13.98,1.0,28811.0,2,01
177,2016-05-31,14.0,14.0,13.8,13.81,29668.0,14.0,0.0,14.0,13.8,13.81,1.0,29668.0,1,31
178,2016-05-27,13.81,13.99,13.64,13.65,39022.0,13.81,0.0,13.99,13.64,13.65,1.0,39022.0,4,27
179,2016-05-26,13.54,13.7,13.435,13.62,22731.0,13.54,0.0,13.7,13.435,13.62,1.0,22731.0,3,26
180,2016-05-25,13.67,13.75,13.4,13.7,55919.0,13.67,0.0,13.75,13.4,13.7,1.0,55919.0,2,25
181,2016-05-24,13.6,13.68,13.35,13.49,33407.0,13.6,0.0,13.68,13.35,13.49,1.0,33407.0,1,24
182,2016-05-23,13.51,13.71,13.14,13.36,142949.0,13.51,0.0,13.71,13.14,13.36,1.0,142949.0,0,23
183,2016-05-20,13.43,13.44,12.92,13.18,31023.0,13.43,0.0,13.44,12.92,13.18,1.0,31023.0,4,20
184,2016-05-19,13.08,13.57,12.97,13.3,18791.0,13.08,0.0,13.57,12.97,13.3,1.0,18791.0,3,19
185,2016-05-18,13.34,13.53,12.82,13.01,44038.0,13.34,0.0,13.53,12.82,13.01,1.0,44038.0,2,18
186,2016-05-17,12.93,13.15,12.39,12.51,392443.0,12.93,0.0,13.15,12.39,12.51,1.0,392443.0,1,17
187,2016-05-16,12.55,13.0,12.395,12.75,54548.0,12.55,0.0,13.0,12.395,12.75,1.0,54548.0,0,16
188,2016-05-13,12.7,12.81,12.185,12.27,114339.0,12.7,0.0,12.81,12.185,12.27,1.0,114339.0,4,13
189,2016-05-12,12.52,12.68,12.29,12.55,47813.0,12.52,0.0,12.68,12.29,12.55,1.0,47813.0,3,12
190,2016-05-11,12.48,12.7999,12.31,12.5,49228.0,12.48,0.0,12.7999,12.31,12.5,1.0,49228.0,2,11
191,2016-05-10,12.5,12.75,12.25,12.25,89887.0,12.5,0.0,12.75,12.25,12.25,1.0,89887.0,1,10
192,2016-05-09,12.35,12.76,12.22,12.5,43828.0,12.35,0.0,12.76,12.22,12.5,1.0,43828.0,0,09
193,2016-05-06,12.41,12.4199,12.07,12.26,32001.0,12.41,0.0,12.4199,12.07,12.26,1.0,32001.0,4,06
194,2016-05-05,12.22,12.59,12.18,12.49,36679.0,12.22,0.0,12.59,12.18,12.49,1.0,36679.0,3,05
195,2016-05-04,12.3,12.55,12.2,12.25,45431.0,12.3,0.0,12.55,12.2,12.25,1.0,45431.0,2,04
196,2016-05-03,12.36,12.95,12.25,12.68,73526.0,12.36,0.0,12.95,12.25,12.68,1.0,73526.0,1,03
197,2016-05-02,12.69,12.955,12.09,12.51,76516.0,12.69,0.0,12.955,12.09,12.51,1.0,76516.0,0,02
198,2016-04-29,12.54,12.75,12.25,12.75,89848.0,12.54,0.0,12.75,12.25,12.75,1.0,89848.0,4,29
199,2016-04-28,12.78,13.095,12.76,13.04,18896.0,12.78,0.0,13.095,12.76,13.04,1.0,18896.0,3,28
200,2016-04-27,13.15,13.24,12.77,13.15,34996.0,13.15,0.0,13.24,12.77,13.15,1.0,34996.0,2,27
201,2016-04-26,13.1,13.15,12.5,12.75,28858.0,13.1,0.0,13.15,12.5,12.75,1.0,28858.0,1,26
202,2016-04-25,12.6,13.09,12.22,12.99,40683.0,12.6,0.0,13.09,12.22,12.99,1.0,40683.0,0,25
203,2016-04-22,12.87,13.19,12.81,12.88,16533.0,12.87,0.0,13.19,12.81,12.88,1.0,16533.0,4,22
204,2016-04-21,12.95,13.22,12.915,12.9899,16612.0,12.95,0.0,13.22,12.915,12.9899,1.0,16612.0,3,21
205,2016-04-20,13.02,13.16,12.75,12.93,17975.0,13.02,0.0,13.16,12.75,12.93,1.0,17975.0,2,20
206,2016-04-19,12.97,13.25,12.63,12.73,119482.0,12.97,0.0,13.25,12.63,12.73,1.0,119482.0,1,19
207,2016-04-18,12.64,12.7,12.25,12.33,95087.0,12.64,0.0,12.7,12.25,12.33,1.0,95087.0,0,18
208,2016-04-15,12.31,12.41,12.25,12.35,11924.0,12.31,0.0,12.41,12.25,12.35,1.0,11924.0,4,15
209,2016-04-14,12.35,12.37,12.29,12.31,14206.0,12.35,0.0,12.37,12.29,12.31,1.0,14206.0,3,14
210,2016-04-13,12.37,12.38,12.28,12.37,47067.0,12.37,0.0,12.38,12.28,12.37,1.0,47067.0,2,13
211,2016-04-12,12.37,12.46,12.25,12.33,26998.0,12.37,0.0,12.46,12.25,12.33,1.0,26998.0,1,12
212,2016-04-11,12.3,12.415,12.21,12.3,21259.0,12.3,0.0,12.415,12.21,12.3,1.0,21259.0,0,11
213,2016-04-08,12.3,12.33,12.1647,12.24,14957.0,12.3,0.0,12.33,12.1647,12.24,1.0,14957.0,4,08
214,2016-04-07,12.22,12.27,12.07,12.14,26195.0,12.22,0.0,12.27,12.07,12.14,1.0,26195.0,3,07
215,2016-04-06,12.18,12.38,12.07,12.18,23457.0,12.18,0.0,12.38,12.07,12.18,1.0,23457.0,2,06
216,2016-04-05,12.16,12.26,12.1,12.13,30225.0,12.16,0.0,12.26,12.1,12.13,1.0,30225.0,1,05
217,2016-04-04,12.19,12.43,12.14,12.43,17463.0,12.19,0.0,12.43,12.14,12.43,1.0,17463.0,0,04
218,2016-04-01,12.19,12.26,12.09,12.14,34064.0,12.19,0.0,12.26,12.09,12.14,1.0,34064.0,4,01
219,2016-03-31,12.24,12.3,12.064,12.23,28891.0,12.24,0.0,12.3,12.064,12.23,1.0,28891.0,3,31
220,2016-03-30,12.23,12.33,12.08,12.19,27776.0,12.23,0.0,12.33,12.08,12.19,1.0,27776.0,2,30
221,2016-03-29,12.23,12.33,12.0,12.0,41538.0,12.23,0.0,12.33,12.0,12.0,1.0,41538.0,1,29
222,2016-03-28,12.12,12.18,11.76,11.9,29117.0,12.12,0.0,12.18,11.76,11.9,1.0,29117.0,0,28
223,2016-03-24,12.0,12.16,11.6937,11.99,27240.0,12.0,0.0,12.16,11.6937,11.99,1.0,27240.0,3,24
224,2016-03-23,12.09,12.09,11.89,11.96,32058.0,12.09,0.0,12.09,11.89,11.96,1.0,32058.0,2,23
225,2016-03-22,11.89,12.0,11.86,11.86,16533.0,11.89,0.0,12.0,11.86,11.86,1.0,16533.0,1,22
226,2016-03-21,11.79,12.29,11.75,12.26,33862.0,11.79,0.0,12.29,11.75,12.26,1.0,33862.0,0,21
227,2016-03-18,12.12,12.77,12.0,12.04,94910.0,12.12,0.0,12.77,12.0,12.04,1.0,94910.0,4,18
228,2016-03-17,11.98,12.06,11.75,12.02,56103.0,11.98,0.0,12.06,11.75,12.02,1.0,56103.0,3,17
229,2016-03-16,11.96,12.08,11.86,11.86,42232.0,11.96,0.0,12.08,11.86,11.86,1.0,42232.0,2,16
230,2016-03-15,11.96,12.01,11.81,12.01,31735.0,11.96,0.0,12.01,11.81,12.01,1.0,31735.0,1,15
231,2016-03-14,11.92,11.99,11.7,11.97,55290.0,11.92,0.0,11.99,11.7,11.97,1.0,55290.0,0,14
232,2016-03-11,11.81,11.81,11.481,11.67,54901.0,11.81,0.0,11.81,11.481,11.67,1.0,54901.0,4,11
233,2016-03-10,11.62,11.9,11.28,11.84,26190.0,11.62,0.0,11.9,11.28,11.84,1.0,26190.0,3,10
234,2016-03-09,11.69,11.8836,11.455,11.8,27515.0,11.69,0.0,11.8836,11.455,11.8,1.0,27515.0,2,09
235,2016-03-08,11.61,11.9,11.25,11.58,125331.0,11.61,0.0,11.9,11.25,11.58,1.0,125331.0,1,08
236,2016-03-07,11.72,12.1806,11.07,11.48,79859.0,11.72,0.0,12.1806,11.07,11.48,1.0,79859.0,0,07
237,2016-03-04,11.58,11.86,11.47,11.73,105153.0,11.58,0.0,11.86,11.47,11.73,1.0,105153.0,4,04
238,2016-03-03,11.63,11.97,11.6,11.86,47150.0,11.63,0.0,11.97,11.6,11.86,1.0,47150.0,3,03
239,2016-03-02,11.82,11.97,11.51,11.8,113271.0,11.82,0.0,11.97,11.51,11.8,1.0,113271.0,2,02
240,2016-03-01,11.81,12.419,11.58,11.7,78283.0,11.81,0.0,12.419,11.58,11.7,1.0,78283.0,1,01
241,2016-02-29,11.7,12.05,11.67,11.77,51772.0,11.7,0.0,12.05,11.67,11.77,1.0,51772.0,0,29
242,2016-02-26,11.77,12.06,11.71,12.0,89656.0,11.77,0.0,12.06,11.71,12.0,1.0,89656.0,4,26
243,2016-02-25,11.99,12.435,11.89,11.89,77017.0,11.99,0.0,12.435,11.89,11.89,1.0,77017.0,3,25
244,2016-02-24,11.98,12.09,11.82,11.98,83493.0,11.98,0.0,12.09,11.82,11.98,1.0,83493.0,2,24
245,2016-02-23,12.16,14.21,11.77,14.21,236698.0,12.16,0.0,14.21,11.77,14.21,1.0,236698.0,1,23
246,2016-02-22,13.86,14.28,13.84,14.26,29073.0,13.86,0.0,14.28,13.84,14.26,1.0,29073.0,0,22
247,2016-02-19,14.22,14.76,14.18,14.73,33923.0,14.22,0.0,14.76,14.18,14.73,1.0,33923.0,4,19
248,2016-02-18,14.72,14.73,14.33,14.35,34838.0,14.72,0.0,14.73,14.33,14.35,1.0,34838.0,3,18
249,2016-02-17,14.33,15.0,13.91,13.91,40811.0,14.33,0.0,15.0,13.91,13.91,1.0,40811.0,2,17
250,2016-02-16,13.94,14.01,12.95,13.06,94452.0,13.94,0.0,14.01,12.95,13.06,1.0,94452.0,1,16
251,2016-02-12,12.95,13.0,12.61,12.88,33236.0,12.95,0.0,13.0,12.61,12.88,1.0,33236.0,4,12
252,2016-02-11,12.75,12.96,12.55,12.72,40836.0,12.75,0.0,12.96,12.55,12.72,1.0,40836.0,3,11
253,2016-02-10,12.76,13.54,12.68,12.99,30665.0,12.76,0.0,13.54,12.68,12.99,1.0,30665.0,2,10
254,2016-02-09,12.95,13.18,12.72,12.87,83313.0,12.95,0.0,13.18,12.72,12.87,1.0,83313.0,1,09
255,2016-02-08,13.02,13.05,12.63,12.92,134120.0,13.02,0.0,13.05,12.63,12.92,1.0,134120.0,0,08
256,2016-02-05,13.09,13.24,12.78,13.2,225627.0,13.09,0.0,13.24,12.78,13.2,1.0,225627.0,4,05
257,2016-02-04,13.39,13.74,12.75,12.76,77865.0,13.39,0.0,13.74,12.75,12.76,1.0,77865.0,3,04
258,2016-02-03,13.06,13.31,12.6,13.29,105713.0,13.06,0.0,13.31,12.6,13.29,1.0,105713.0,2,03
259,2016-02-02,13.02,13.1,12.69,13.0,55110.0,13.02,0.0,13.1,12.69,13.0,1.0,55110.0,1,02
260,2016-02-01,13.13,13.32,13.06,13.32,31207.0,13.13,0.0,13.32,13.06,13.32,1.0,31207.0,0,01
261,2016-01-29,13.4,13.625,12.91,13.33,69067.0,13.4,0.0,13.625,12.91,13.33,1.0,69067.0,4,29
262,2016-01-28,13.21,13.28,13.0,13.08,26674.0,13.21,0.0,13.28,13.0,13.08,1.0,26674.0,3,28
263,2016-01-27,13.14,13.69,12.81,13.06,95227.0,13.14,0.0,13.69,12.81,13.06,1.0,95227.0,2,27
264,2016-01-26,13.22,13.57,13.01,13.16,132404.0,13.22,0.0,13.57,13.01,13.16,1.0,132404.0,1,26
265,2016-01-25,13.2,13.93,13.098,13.79,26315.0,13.2,0.0,13.93,13.098,13.79,1.0,26315.0,0,25
266,2016-01-22,13.79,14.0,13.19,13.47,38154.0,13.79,0.0,14.0,13.19,13.47,1.0,38154.0,4,22
267,2016-01-21,13.24,13.94,13.01,13.32,56038.0,13.24,0.0,13.94,13.01,13.32,1.0,56038.0,3,21
268,2016-01-20,13.2,13.34,12.63,12.98,44477.0,13.2,0.0,13.34,12.63,12.98,1.0,44477.0,2,20
269,2016-01-19,13.13,13.3,12.9,13.3,56691.0,13.13,0.0,13.3,12.9,13.3,1.0,56691.0,1,19
270,2016-01-15,13.2,13.2,12.402,12.83,63531.0,13.2,0.0,13.2,12.402,12.83,1.0,63531.0,4,15
271,2016-01-14,13.08,13.69,11.6,13.0,162373.0,13.08,0.0,13.69,11.6,13.0,1.0,162373.0,3,14
272,2016-01-13,12.83,13.11,12.4601,13.03,61926.0,12.83,0.0,13.11,12.4601,13.03,1.0,61926.0,2,13
273,2016-01-12,13.01,13.49,12.67,13.46,125497.0,13.01,0.0,13.49,12.67,13.46,1.0,125497.0,1,12
274,2016-01-11,13.43,13.8,13.33,13.8,64207.0,13.43,0.0,13.8,13.33,13.8,1.0,64207.0,0,11
275,2016-01-08,13.7,13.9699,13.51,13.63,99137.0,13.7,0.0,13.9699,13.51,13.63,1.0,99137.0,4,08
276,2016-01-07,13.61,14.0,13.48,13.75,127984.0,13.61,0.0,14.0,13.48,13.75,1.0,127984.0,3,07
277,2016-01-06,13.94,14.0,13.47,13.85,233889.0,13.94,0.0,14.0,13.47,13.85,1.0,233889.0,2,06
278,2016-01-05,13.95,14.03,13.77,13.9,55277.0,13.95,0.0,14.03,13.77,13.9,1.0,55277.0,1,05
279,2016-01-04,13.96,15.19,13.2401,14.52,118142.0,13.96,0.0,15.19,13.2401,14.52,1.0,118142.0,0,04
280,2015-12-31,14.6,15.01,14.51,14.7,43069.0,14.6,0.0,15.01,14.51,14.7,1.0,43069.0,3,31
281,2015-12-30,14.64,15.5,14.61,15.48,61140.0,14.64,0.0,15.5,14.61,15.48,1.0,61140.0,2,30
282,2015-12-29,15.42,16.71,15.15,16.71,88317.0,15.42,0.0,16.71,15.15,16.71,1.0,88317.0,1,29
283,2015-12-28,16.69,16.77,16.34,16.74,17717.0,16.69,0.0,16.77,16.34,16.74,1.0,17717.0,0,28
284,2015-12-24,16.77,16.9,16.28,16.28,12120.0,16.77,0.0,16.9,16.28,16.28,1.0,12120.0,3,24
285,2015-12-23,16.43,16.64,15.16,15.54,45790.0,16.43,0.0,16.64,15.16,15.54,1.0,45790.0,2,23
286,2015-12-22,15.45,15.49,15.12,15.44,22599.0,15.45,0.0,15.49,15.12,15.44,1.0,22599.0,1,22
287,2015-12-21,15.41,15.5,15.11,15.4,26109.0,15.41,0.0,15.5,15.11,15.4,1.0,26109.0,0,21
288,2015-12-18,15.25,15.615,15.23,15.29,45684.0,15.25,0.0,15.615,15.23,15.29,1.0,45684.0,4,18
289,2015-12-17,15.29,15.51,15.21,15.47,74531.0,15.29,0.0,15.51,15.21,15.47,1.0,74531.0,3,17
290,2015-12-16,15.41,15.7,15.32,15.4701,71419.0,15.41,0.0,15.7,15.32,15.4701,1.0,71419.0,2,16
291,2015-12-15,15.43,15.59,15.29,15.55,26160.0,15.43,0.0,15.59,15.29,15.55,1.0,26160.0,1,15
292,2015-12-14,15.37,15.8,15.33,15.44,34759.0,15.37,0.0,15.8,15.33,15.44,1.0,34759.0,0,14
293,2015-12-11,15.35,15.73,15.105,15.11,72008.0,15.35,0.0,15.73,15.105,15.11,1.0,72008.0,4,11
294,2015-12-10,15.49,15.7,15.39,15.45,29836.0,15.49,0.0,15.7,15.39,15.45,1.0,29836.0,3,10
295,2015-12-09,15.51,15.7,15.31,15.36,24346.0,15.51,0.0,15.7,15.31,15.36,1.0,24346.0,2,09
296,2015-12-08,15.46,15.85,15.38,15.52,47560.0,15.46,0.0,15.85,15.38,15.52,1.0,47560.0,1,08
297,2015-12-07,15.64,15.82,15.52,15.67,41636.0,15.64,0.0,15.82,15.52,15.67,1.0,41636.0,0,07
298,2015-12-04,15.67,15.99,15.53,15.53,26290.0,15.67,0.0,15.99,15.53,15.53,1.0,26290.0,4,04
299,2015-12-03,15.57,16.25,15.555,16.13,30838.0,15.57,0.0,16.25,15.555,16.13,1.0,30838.0,3,03
300,2015-12-02,15.96,16.62,15.915,16.22,43874.0,15.96,0.0,16.62,15.915,16.22,1.0,43874.0,2,02
301,2015-12-01,16.66,16.88,16.19,16.37,24378.0,16.66,0.0,16.88,16.19,16.37,1.0,24378.0,1,01
302,2015-11-30,16.39,17.13,16.08,16.9,27918.0,16.39,0.0,17.13,16.08,16.9,1.0,27918.0,0,30
303,2015-11-27,16.75,17.79,16.74,16.75,18180.0,16.75,0.0,17.79,16.74,16.75,1.0,18180.0,4,27
304,2015-11-25,16.64,17.0,16.0,16.0,38285.0,16.64,0.0,17.0,16.0,16.0,1.0,38285.0,2,25
305,2015-11-24,15.99,16.05,15.66,15.8,21262.0,15.99,0.0,16.05,15.66,15.8,1.0,21262.0,1,24
306,2015-11-23,15.91,16.05,15.7,15.74,36839.0,15.91,0.0,16.05,15.7,15.74,1.0,36839.0,0,23
307,2015-11-20,15.79,16.04,15.61,15.76,35258.0,15.79,0.0,16.04,15.61,15.76,1.0,35258.0,4,20
308,2015-11-19,15.83,15.99,15.63,15.87,25524.0,15.83,0.0,15.99,15.63,15.87,1.0,25524.0,3,19
309,2015-11-18,15.99,16.05,15.53,16.02,30256.0,15.99,0.0,16.05,15.53,16.02,1.0,30256.0,2,18
310,2015-11-17,15.91,15.94,15.51,15.86,30251.0,15.91,0.0,15.94,15.51,15.86,1.0,30251.0,1,17
311,2015-11-16,15.65,15.91,15.32,15.32,42713.0,15.65,0.0,15.91,15.32,15.32,1.0,42713.0,0,16
312,2015-11-13,15.39,15.9,15.33,15.38,43173.0,15.39,0.0,15.9,15.33,15.38,1.0,43173.0,4,13
313,2015-11-12,15.44,16.03,15.35,16.03,42333.0,15.44,0.0,16.03,15.35,16.03,1.0,42333.0,3,12
314,2015-11-11,15.63,16.78,15.56,16.61,60202.0,15.63,0.0,16.78,15.56,16.61,1.0,60202.0,2,11
315,2015-11-10,16.46,17.9,16.01,17.9,131141.0,16.46,0.0,17.9,16.01,17.9,1.0,131141.0,1,10
316,2015-11-09,17.72,17.85,17.006,17.01,59639.0,17.72,0.0,17.85,17.006,17.01,1.0,59639.0,0,09
317,2015-11-06,17.17,17.25,16.72,16.83,24362.0,17.17,0.0,17.25,16.72,16.83,1.0,24362.0,4,06
318,2015-11-05,16.85,17.85,16.26,17.65,70800.0,16.85,0.0,17.85,16.26,17.65,1.0,70800.0,3,05
319,2015-11-04,17.58,17.91,17.29,17.75,30079.0,17.58,0.0,17.91,17.29,17.75,1.0,30079.0,2,04
320,2015-11-03,17.76,18.35,17.55,18.12,72779.0,17.76,0.0,18.35,17.55,18.12,1.0,72779.0,1,03
321,2015-11-02,18.22,18.46,17.36,17.6,213978.0,18.22,0.0,18.46,17.36,17.6,1.0,213978.0,0,02
322,2015-10-30,17.51,18.065,17.24,17.62,84556.0,17.51,0.0,18.065,17.24,17.62,1.0,84556.0,4,30
323,2015-10-29,17.63,18.08,17.49,17.73,76113.0,17.63,0.0,18.08,17.49,17.73,1.0,76113.0,3,29
324,2015-10-28,17.76,17.9,17.12,17.37,79071.0,17.76,0.0,17.9,17.12,17.37,1.0,79071.0,2,28
325,2015-10-27,17.1,18.053,17.0,18.0,64901.0,17.1,0.0,18.053,17.0,18.0,1.0,64901.0,1,27
326,2015-10-26,18.2,18.7,17.96,18.0,95544.0,18.2,0.0,18.7,17.96,18.0,1.0,95544.0,0,26
327,2015-10-23,18.04,18.23,17.83,18.11,49328.0,18.04,0.0,18.23,17.83,18.11,1.0,49328.0,4,23
328,2015-10-22,17.9,18.3999,17.57,17.89,61411.0,17.9,0.0,18.3999,17.57,17.89,1.0,61411.0,3,22
329,2015-10-21,17.68,18.75,17.63,18.75,80416.0,17.68,0.0,18.75,17.63,18.75,1.0,80416.0,2,21
330,2015-10-20,18.88,18.92,18.45,18.89,71269.0,18.88,0.0,18.92,18.45,18.89,1.0,71269.0,1,20
331,2015-10-19,18.9,19.12,18.71,18.91,43665.0,18.9,0.0,19.12,18.71,18.91,1.0,43665.0,0,19
332,2015-10-16,18.95,19.26,18.81,19.1,35671.0,18.95,0.0,19.26,18.81,19.1,1.0,35671.0,4,16
333,2015-10-15,19.0,19.305,18.47,18.99,129355.0,19.0,0.0,19.305,18.47,18.99,1.0,129355.0,3,15
334,2015-10-14,18.99,19.735,18.93,19.49,82766.0,18.99,0.0,19.735,18.93,19.49,1.0,82766.0,2,14
335,2015-10-13,19.54,19.935,19.14,19.35,46555.0,19.54,0.0,19.935,19.14,19.35,1.0,46555.0,1,13
336,2015-10-12,19.52,19.75,19.23,19.66,91076.0,19.52,0.0,19.75,19.23,19.66,1.0,91076.0,0,12
337,2015-10-09,19.64,19.7204,18.36,18.61,78373.0,19.64,0.0,19.7204,18.36,18.61,1.0,78373.0,4,09
338,2015-10-08,18.5,18.81,17.2435,18.2,88001.0,18.5,0.0,18.81,17.2435,18.2,1.0,88001.0,3,08
339,2015-10-07,18.3,18.39,17.1,17.45,129433.0,18.3,0.0,18.39,17.1,17.45,1.0,129433.0,2,07
340,2015-10-06,17.54,17.56,16.93,17.33,63544.0,17.54,0.0,17.56,16.93,17.33,1.0,63544.0,1,06
341,2015-10-05,17.3,17.38,16.68,16.91,98821.0,17.3,0.0,17.38,16.68,16.91,1.0,98821.0,0,05
342,2015-10-02,16.77,17.232,16.55,16.83,107064.0,16.77,0.0,17.232,16.55,16.83,1.0,107064.0,4,02
343,2015-10-01,16.97,17.1,16.24,16.85,106356.0,16.97,0.0,17.1,16.24,16.85,1.0,106356.0,3,01
344,2015-09-30,16.85,17.39,16.53,17.27,636600.0,16.85,0.0,17.39,16.53,17.27,1.0,636600.0,2,30
345,2015-09-29,17.1,17.62,16.91,17.49,72387.0,17.1,0.0,17.62,16.91,17.49,1.0,72387.0,1,29
346,2015-09-28,17.62,17.69,17.07,17.69,134665.0,17.62,0.0,17.69,17.07,17.69,1.0,134665.0,0,28
347,2015-09-25,17.51,17.9,17.12,17.9,70143.0,17.51,0.0,17.9,17.12,17.9,1.0,70143.0,4,25
348,2015-09-24,17.79,17.88,17.0,17.33,73088.0,17.79,0.0,17.88,17.0,17.33,1.0,73088.0,3,24
349,2015-09-23,17.41,17.93,17.1,17.44,79380.0,17.41,0.0,17.93,17.1,17.44,1.0,79380.0,2,23
350,2015-09-22,17.47,17.92,16.616,17.6,96532.0,17.47,0.0,17.92,16.616,17.6,1.0,96532.0,1,22
351,2015-09-21,17.75,17.76,16.65,17.14,79212.0,17.75,0.0,17.76,16.65,17.14,1.0,79212.0,0,21
352,2015-09-18,16.98,18.2,16.83,17.44,392763.0,16.98,0.0,18.2,16.83,17.44,1.0,392763.0,4,18
353,2015-09-17,17.61,17.87,16.88,16.88,61878.0,17.61,0.0,17.87,16.88,16.88,1.0,61878.0,3,17
354,2015-09-16,17.0,17.65,16.83,17.33,47638.0,17.0,0.0,17.65,16.83,17.33,1.0,47638.0,2,16
355,2015-09-15,17.41,17.7,16.61,17.08,53578.0,17.41,0.0,17.7,16.61,17.08,1.0,53578.0,1,15
356,2015-09-14,17.09,18.48,17.02,18.02,72441.0,17.09,0.0,18.48,17.02,18.02,1.0,72441.0,0,14
357,2015-09-11,18.23,18.23,17.53,17.61,28005.0,18.23,0.0,18.23,17.53,17.61,1.0,28005.0,4,11
358,2015-09-10,17.77,18.23,17.22,17.33,45026.0,17.77,0.0,18.23,17.22,17.33,1.0,45026.0,3,10
359,2015-09-09,17.65,18.03,16.825,16.91,42898.0,17.65,0.0,18.03,16.825,16.91,1.0,42898.0,2,09
360,2015-09-08,16.84,18.37,16.45,17.2,81512.0,16.84,0.0,18.37,16.45,17.2,1.0,81512.0,1,08
361,2015-09-04,17.2,17.31,15.4513,16.54,33197.0,17.2,0.0,17.31,15.4513,16.54,1.0,33197.0,4,04
362,2015-09-03,16.85,17.43,15.345,15.97,70858.0,16.85,0.0,17.43,15.345,15.97,1.0,70858.0,3,03
363,2015-09-02,15.7,15.84,15.0101,15.71,48545.0,15.7,0.0,15.84,15.0101,15.71,1.0,48545.0,2,02
364,2015-09-01,15.22,15.8099,15.11,15.51,57220.0,15.22,0.0,15.8099,15.11,15.51,1.0,57220.0,1,01
365,2015-08-31,16.01,16.19,15.45,16.11,76141.0,16.01,0.0,16.19,15.45,16.11,1.0,76141.0,0,31
366,2015-08-28,16.3,18.0,16.1421,16.81,32261.0,16.3,0.0,18.0,16.1421,16.81,1.0,32261.0,4,28
367,2015-08-27,17.0,17.57,16.63,17.57,69724.0,17.0,0.0,17.57,16.63,17.57,1.0,69724.0,3,27
368,2015-08-26,17.01,17.7899,15.74,16.5,34658.0,17.01,0.0,17.7899,15.74,16.5,1.0,34658.0,2,26
369,2015-08-25,15.78,16.7,15.54,16.06,31752.0,15.78,0.0,16.7,15.54,16.06,1.0,31752.0,1,25
370,2015-08-24,15.58,16.22,15.0,16.0,85607.0,15.58,0.0,16.22,15.0,16.0,1.0,85607.0,0,24
371,2015-08-21,16.92,17.135,16.12,16.78,94838.0,16.92,0.0,17.135,16.12,16.78,1.0,94838.0,4,21
372,2015-08-20,17.18,17.59,16.2,17.59,44667.0,17.18,0.0,17.59,16.2,17.59,1.0,44667.0,3,20
373,2015-08-19,17.69,18.25,17.3956,17.84,98390.0,17.69,0.0,18.25,17.3956,17.84,1.0,98390.0,2,19
374,2015-08-18,17.89,17.98,17.17,17.45,62392.0,17.89,0.0,17.98,17.17,17.45,1.0,62392.0,1,18
375,2015-08-17,17.43,17.93,16.41,16.55,73548.0,17.43,0.0,17.93,16.41,16.55,1.0,73548.0,0,17
376,2015-08-14,16.75,16.79,15.96,16.34,83625.0,16.75,0.0,16.79,15.96,16.34,1.0,83625.0,4,14
377,2015-08-13,16.4,16.7,15.97,15.97,23069.0,16.4,0.0,16.7,15.97,15.97,1.0,23069.0,3,13
378,2015-08-12,15.87,16.59,15.5,16.59,43127.0,15.87,0.0,16.59,15.5,16.59,1.0,43127.0,2,12
379,2015-08-11,16.66,16.75,15.32,16.1,36188.0,16.66,0.0,16.75,15.32,16.1,1.0,36188.0,1,11
380,2015-08-10,16.32,16.64,14.6107,16.0,159639.0,16.32,0.0,16.64,14.6107,16.0,1.0,159639.0,0,10
381,2015-08-07,15.64,16.8,15.32,16.0,128255.0,15.64,0.0,16.8,15.32,16.0,1.0,128255.0,4,07
382,2015-08-06,15.36,16.06,15.32,15.84,121639.0,15.36,0.0,16.06,15.32,15.84,1.0,121639.0,3,06
383,2015-08-05,15.35,15.54,14.61,15.54,108369.0,15.35,0.0,15.54,14.61,15.54,1.0,108369.0,2,05
384,2015-08-04,15.05,15.66,14.8,15.66,81431.0,15.05,0.0,15.66,14.8,15.66,1.0,81431.0,1,04
385,2015-08-03,15.36,16.469,14.54,15.0,172017.0,15.36,0.0,16.469,14.54,15.0,1.0,172017.0,0,03
386,2015-07-31,14.84,15.35,14.4,15.35,62586.0,14.84,0.0,15.35,14.4,15.35,1.0,62586.0,4,31
387,2015-07-30,14.8,15.0,14.2,14.74,50519.0,14.8,0.0,15.0,14.2,14.74,1.0,50519.0,3,30
388,2015-07-29,14.625,14.86,14.29,14.354,43243.0,14.625,0.0,14.86,14.29,14.354,1.0,43243.0,2,29
389,2015-07-28,14.7,14.74,14.21,14.28,54905.0,14.7,0.0,14.74,14.21,14.28,1.0,54905.0,1,28
390,2015-07-27,14.15,15.686,14.0,15.32,47804.0,14.15,0.0,15.686,14.0,15.32,1.0,47804.0,0,27
391,2015-07-24,14.71,14.9637,14.37,14.37,30764.0,14.71,0.0,14.9637,14.37,14.37,1.0,30764.0,4,24
392,2015-07-23,14.315,14.7799,14.0,14.46,60073.0,14.315,0.0,14.7799,14.0,14.46,1.0,60073.0,3,23
393,2015-07-22,14.21,15.209,14.0,14.95,123539.0,14.21,0.0,15.209,14.0,14.95,1.0,123539.0,2,22
394,2015-07-21,14.81,16.85,14.8,16.85,191413.0,14.81,0.0,16.85,14.8,16.85,1.0,191413.0,1,21
395,2015-07-20,17.02,17.2,16.5201,16.74,47632.0,17.02,0.0,17.2,16.5201,16.74,1.0,47632.0,0,20
396,2015-07-17,16.66,17.38,16.5,17.25,84667.0,16.66,0.0,17.38,16.5,17.25,1.0,84667.0,4,17
397,2015-07-16,17.2,17.45,16.97,17.45,36634.0,17.2,0.0,17.45,16.97,17.45,1.0,36634.0,3,16
398,2015-07-15,17.35,17.4,15.58,15.58,63031.0,17.35,0.0,17.4,15.58,15.58,1.0,63031.0,2,15
399,2015-07-14,15.78,16.575,15.48,16.56,69317.0,15.78,0.0,16.575,15.48,16.56,1.0,69317.0,1,14
400,2015-07-13,16.56,16.9599,14.5301,14.99,173993.0,16.56,0.0,16.9599,14.5301,14.99,1.0,173993.0,0,13
401,2015-07-10,14.79,14.79,14.2,14.36,23209.0,14.79,0.0,14.79,14.2,14.36,1.0,23209.0,4,10
402,2015-07-09,14.11,14.43,13.912,14.43,58078.0,14.11,0.0,14.43,13.912,14.43,1.0,58078.0,3,09
403,2015-07-08,14.35,14.5,14.15,14.5,160675.0,14.35,0.0,14.5,14.15,14.5,1.0,160675.0,2,08
404,2015-07-07,14.57,15.363,13.6,13.73,225048.0,14.57,0.0,15.363,13.6,13.73,1.0,225048.0,1,07
405,2015-07-06,13.95,14.09,13.5001,14.09,19734.0,13.95,0.0,14.09,13.5001,14.09,1.0,19734.0,0,06
406,2015-07-02,13.75,14.4,13.75,14.4,107905.0,13.75,0.0,14.4,13.75,14.4,1.0,107905.0,3,02
407,2015-07-01,14.0,14.8,13.75,14.8,215828.0,14.0,0.0,14.8,13.75,14.8,1.0,215828.0,2,01
408,2015-06-30,14.1,14.86,13.82,14.86,98628.0,14.1,0.0,14.86,13.82,14.86,1.0,98628.0,1,30
409,2015-06-29,13.7,14.24,13.26,13.26,332584.0,13.7,0.0,14.24,13.26,13.26,1.0,332584.0,0,29
410,2015-06-26,14.08,14.87,12.11,12.15,3529122.0,14.08,0.0,14.87,12.11,12.15,1.0,3529122.0,4,26
