,Unnamed: 0,adj_close,adj_high,adj_low,adj_open,adj_volume,close,ex_dividend,high,low,open,split_ratio,volume,Day of Week
0,2017-02-10,0.73,0.745,0.7129,0.72,183595.0,0.73,0.0,0.745,0.7129,0.72,1.0,183595.0,4
1,2017-02-09,0.71,0.75,0.7,0.7487,365115.0,0.71,0.0,0.75,0.7,0.7487,1.0,365115.0,3
2,2017-02-08,0.7,0.71,0.69,0.71,292441.0,0.7,0.0,0.71,0.69,0.71,1.0,292441.0,2
3,2017-02-07,0.7,0.7098,0.69,0.7001,420323.0,0.7,0.0,0.7098,0.69,0.7001,1.0,420323.0,1
4,2017-02-06,0.6924,0.7245,0.691,0.7245,161488.0,0.6924,0.0,0.7245,0.691,0.7245,1.0,161488.0,0
5,2017-02-03,0.69,0.728,0.69,0.72,109158.0,0.69,0.0,0.728,0.69,0.72,1.0,109158.0,4
6,2017-02-02,0.71,0.7487,0.69,0.7487,111352.0,0.71,0.0,0.7487,0.69,0.7487,1.0,111352.0,3
7,2017-02-01,0.721,0.8663,0.69,0.8663,222440.0,0.721,0.0,0.8663,0.69,0.8663,1.0,222440.0,2
8,2017-01-31,0.6829999999999999,0.71,0.6706,0.7,264505.0,0.6829999999999999,0.0,0.71,0.6706,0.7,1.0,264505.0,1
9,2017-01-30,0.7020000000000001,0.75,0.67,0.7,232359.0,0.7020000000000001,0.0,0.75,0.67,0.7,1.0,232359.0,0
10,2017-01-27,0.7,0.72,0.675,0.72,176284.0,0.7,0.0,0.72,0.675,0.72,1.0,176284.0,4
11,2017-01-26,0.71,0.71,0.68,0.69,291567.0,0.71,0.0,0.71,0.68,0.69,1.0,291567.0,3
12,2017-01-25,0.69,0.69,0.67,0.69,276896.0,0.69,0.0,0.69,0.67,0.69,1.0,276896.0,2
13,2017-01-24,0.67,0.68,0.6649,0.67,104946.0,0.67,0.0,0.68,0.6649,0.67,1.0,104946.0,1
14,2017-01-23,0.6603,0.6798,0.65,0.67,232787.0,0.6603,0.0,0.6798,0.65,0.67,1.0,232787.0,0
15,2017-01-20,0.69,0.71,0.67,0.6779999999999999,149135.0,0.69,0.0,0.71,0.67,0.6779999999999999,1.0,149135.0,4
16,2017-01-19,0.67,0.718,0.67,0.71,281031.0,0.67,0.0,0.718,0.67,0.71,1.0,281031.0,3
17,2017-01-18,0.68,0.72,0.67,0.67,143290.0,0.68,0.0,0.72,0.67,0.67,1.0,143290.0,2
18,2017-01-17,0.67,0.708,0.67,0.7,112985.0,0.67,0.0,0.708,0.67,0.7,1.0,112985.0,1
19,2017-01-13,0.7012,0.72,0.69,0.71,87139.0,0.7012,0.0,0.72,0.69,0.71,1.0,87139.0,4
20,2017-01-12,0.69,0.7120000000000001,0.6802,0.701,59900.0,0.69,0.0,0.7120000000000001,0.6802,0.701,1.0,59900.0,3
21,2017-01-11,0.7,0.723,0.7,0.7002,139415.0,0.7,0.0,0.723,0.7,0.7002,1.0,139415.0,2
22,2017-01-10,0.7,0.7245,0.6831,0.7020000000000001,123126.0,0.7,0.0,0.7245,0.6831,0.7020000000000001,1.0,123126.0,1
23,2017-01-09,0.72,0.75,0.68,0.701,132767.0,0.72,0.0,0.75,0.68,0.701,1.0,132767.0,0
24,2017-01-06,0.6827,0.75,0.6651,0.672,386560.0,0.6827,0.0,0.75,0.6651,0.672,1.0,386560.0,4
25,2017-01-05,0.7,0.728,0.6706,0.72,76166.0,0.7,0.0,0.728,0.6706,0.72,1.0,76166.0,3
26,2017-01-04,0.7,0.7391,0.6718,0.6794,130033.0,0.7,0.0,0.7391,0.6718,0.6794,1.0,130033.0,2
27,2017-01-03,0.7,0.7376,0.67,0.7,200434.0,0.7,0.0,0.7376,0.67,0.7,1.0,200434.0,1
28,2016-12-30,0.68,0.715,0.67,0.6779999999999999,319781.0,0.68,0.0,0.715,0.67,0.6779999999999999,1.0,319781.0,4
29,2016-12-29,0.68,0.715,0.68,0.715,189222.0,0.68,0.0,0.715,0.68,0.715,1.0,189222.0,3
30,2016-12-28,0.7070000000000001,0.715,0.6606,0.6712,228812.0,0.7070000000000001,0.0,0.715,0.6606,0.6712,1.0,228812.0,2
31,2016-12-27,0.696,0.708,0.65,0.7,216152.0,0.696,0.0,0.708,0.65,0.7,1.0,216152.0,1
32,2016-12-23,0.6824,0.7,0.66,0.675,154091.0,0.6824,0.0,0.7,0.66,0.675,1.0,154091.0,4
33,2016-12-22,0.7,0.7296,0.65,0.7296,541635.0,0.7,0.0,0.7296,0.65,0.7296,1.0,541635.0,3
34,2016-12-21,0.73,0.74,0.6701,0.74,472136.0,0.73,0.0,0.74,0.6701,0.74,1.0,472136.0,2
35,2016-12-20,0.71,0.7204,0.642,0.7,230752.0,0.71,0.0,0.7204,0.642,0.7,1.0,230752.0,1
36,2016-12-19,0.6884,0.78,0.64,0.67,677698.0,0.6884,0.0,0.78,0.64,0.67,1.0,677698.0,0
37,2016-12-16,0.6786,0.6999,0.66,0.66,218822.0,0.6786,0.0,0.6999,0.66,0.66,1.0,218822.0,4
38,2016-12-15,0.6999,0.72,0.6809999999999999,0.7141,233317.0,0.6999,0.0,0.72,0.6809999999999999,0.7141,1.0,233317.0,3
39,2016-12-14,0.7249,0.78,0.7151,0.78,180628.0,0.7249,0.0,0.78,0.7151,0.78,1.0,180628.0,2
40,2016-12-13,0.7358,0.765,0.67,0.67,526013.0,0.7358,0.0,0.765,0.67,0.67,1.0,526013.0,1
41,2016-12-12,0.695,0.7399,0.6356,0.65,1015173.0,0.695,0.0,0.7399,0.6356,0.65,1.0,1015173.0,0
42,2016-12-09,0.65,0.65,0.59,0.59,281481.0,0.65,0.0,0.65,0.59,0.59,1.0,281481.0,4
43,2016-12-08,0.5906,0.65,0.59,0.64,481547.0,0.5906,0.0,0.65,0.59,0.64,1.0,481547.0,3
44,2016-12-07,0.6201,0.6684,0.6,0.603,681078.0,0.6201,0.0,0.6684,0.6,0.603,1.0,681078.0,2
45,2016-12-06,0.609,0.6371,0.59,0.61,1633493.0,0.609,0.0,0.6371,0.59,0.61,1.0,1633493.0,1
46,2016-12-05,0.62,0.7020000000000001,0.62,0.7020000000000001,601138.0,0.62,0.0,0.7020000000000001,0.62,0.7020000000000001,1.0,601138.0,0
47,2016-12-02,0.7001,0.748,0.7,0.7,159423.0,0.7001,0.0,0.748,0.7,0.7,1.0,159423.0,4
48,2016-12-01,0.7,0.8009999999999999,0.7,0.8,221748.0,0.7,0.0,0.8009999999999999,0.7,0.8,1.0,221748.0,3
49,2016-11-30,0.78,0.82,0.772,0.8,315341.0,0.78,0.0,0.82,0.772,0.8,1.0,315341.0,2
50,2016-11-29,0.8,0.8391,0.74,0.7718,315821.0,0.8,0.0,0.8391,0.74,0.7718,1.0,315821.0,1
51,2016-11-28,0.795,0.91,0.795,0.88,107051.0,0.795,0.0,0.91,0.795,0.88,1.0,107051.0,0
52,2016-11-25,0.88,0.8947,0.852,0.88,5247.0,0.88,0.0,0.8947,0.852,0.88,1.0,5247.0,4
53,2016-11-23,0.89,0.89,0.85,0.861,25448.0,0.89,0.0,0.89,0.85,0.861,1.0,25448.0,2
54,2016-11-22,0.88,0.9,0.8608,0.9,65452.0,0.88,0.0,0.9,0.8608,0.9,1.0,65452.0,1
55,2016-11-21,0.8999,0.935,0.865,0.935,38563.0,0.8999,0.0,0.935,0.865,0.935,1.0,38563.0,0
56,2016-11-18,0.9298,0.93,0.8901,0.93,108037.0,0.9298,0.0,0.93,0.8901,0.93,1.0,108037.0,4
57,2016-11-17,0.93,0.93,0.8343,0.8711,74813.0,0.93,0.0,0.93,0.8343,0.8711,1.0,74813.0,3
58,2016-11-16,0.8993,0.93,0.8688,0.929,158638.0,0.8993,0.0,0.93,0.8688,0.929,1.0,158638.0,2
59,2016-11-15,0.925,0.93,0.84,0.84,391748.0,0.925,0.0,0.93,0.84,0.84,1.0,391748.0,1
60,2016-11-14,0.84,0.9,0.7235,0.8,786296.0,0.84,0.0,0.9,0.7235,0.8,1.0,786296.0,0
61,2016-11-11,0.78,0.78,0.69,0.6990000000000001,187015.0,0.78,0.0,0.78,0.69,0.6990000000000001,1.0,187015.0,4
62,2016-11-10,0.7002,0.7204,0.7,0.7,111789.0,0.7002,0.0,0.7204,0.7,0.7,1.0,111789.0,3
63,2016-11-09,0.7501,0.78,0.6,0.6,178534.0,0.7501,0.0,0.78,0.6,0.6,1.0,178534.0,2
64,2016-11-08,0.68,0.7049,0.667,0.672,137294.0,0.68,0.0,0.7049,0.667,0.672,1.0,137294.0,1
65,2016-11-07,0.69,0.72,0.632,0.632,135299.0,0.69,0.0,0.72,0.632,0.632,1.0,135299.0,0
66,2016-11-04,0.65,0.68,0.615,0.615,125964.0,0.65,0.0,0.68,0.615,0.615,1.0,125964.0,4
67,2016-11-03,0.6,0.68,0.5599,0.65,141232.0,0.6,0.0,0.68,0.5599,0.65,1.0,141232.0,3
68,2016-11-02,0.6501,0.72,0.65,0.69,169599.0,0.6501,0.0,0.72,0.65,0.69,1.0,169599.0,2
69,2016-11-01,0.688,0.71,0.65,0.71,142307.0,0.688,0.0,0.71,0.65,0.71,1.0,142307.0,1
70,2016-10-31,0.695,0.721,0.69,0.718,140085.0,0.695,0.0,0.721,0.69,0.718,1.0,140085.0,0
71,2016-10-28,0.7171,0.743,0.7171,0.73,260896.0,0.7171,0.0,0.743,0.7171,0.73,1.0,260896.0,4
72,2016-10-27,0.7365,0.7596,0.7114,0.7543,136399.0,0.7365,0.0,0.7596,0.7114,0.7543,1.0,136399.0,3
73,2016-10-26,0.7546,0.83,0.74,0.8059999999999999,411350.0,0.7546,0.0,0.83,0.74,0.8059999999999999,1.0,411350.0,2
74,2016-10-25,0.8026,0.86,0.8,0.815,389649.0,0.8026,0.0,0.86,0.8,0.815,1.0,389649.0,1
75,2016-10-24,0.82,0.8432,0.8,0.83,405320.0,0.82,0.0,0.8432,0.8,0.83,1.0,405320.0,0
76,2016-10-21,0.8299,0.84,0.792,0.84,29980.0,0.8299,0.0,0.84,0.792,0.84,1.0,29980.0,4
77,2016-10-20,0.8301,0.8497,0.7522,0.78,159238.0,0.8301,0.0,0.8497,0.7522,0.78,1.0,159238.0,3
78,2016-10-19,0.79,0.8401,0.7340000000000001,0.84,294205.0,0.79,0.0,0.8401,0.7340000000000001,0.84,1.0,294205.0,2
79,2016-10-18,0.8464,0.86,0.8321,0.86,42387.0,0.8464,0.0,0.86,0.8321,0.86,1.0,42387.0,1
80,2016-10-17,0.855,0.8979,0.83,0.8419,205536.0,0.855,0.0,0.8979,0.83,0.8419,1.0,205536.0,0
81,2016-10-14,0.83,0.86,0.83,0.86,204240.0,0.83,0.0,0.86,0.83,0.86,1.0,204240.0,4
82,2016-10-13,0.84,0.86,0.82,0.86,243781.0,0.84,0.0,0.86,0.82,0.86,1.0,243781.0,3
83,2016-10-12,0.8549,0.9267,0.81,0.9,244739.0,0.8549,0.0,0.9267,0.81,0.9,1.0,244739.0,2
84,2016-10-11,0.875,1.0,0.851,0.99,927193.0,0.875,0.0,1.0,0.851,0.99,1.0,927193.0,1
85,2016-10-10,1.0,1.02,0.99,1.01,49025.0,1.0,0.0,1.02,0.99,1.01,1.0,49025.0,0
86,2016-10-07,1.01,1.02,0.98,1.01,105986.0,1.01,0.0,1.02,0.98,1.01,1.0,105986.0,4
87,2016-10-06,1.02,1.045,0.9875,1.04,165232.0,1.02,0.0,1.045,0.9875,1.04,1.0,165232.0,3
88,2016-10-05,1.06,1.06,1.02,1.03,142604.0,1.06,0.0,1.06,1.02,1.03,1.0,142604.0,2
89,2016-10-04,1.04,1.08,1.03,1.08,217678.0,1.04,0.0,1.08,1.03,1.08,1.0,217678.0,1
90,2016-10-03,1.08,1.08,1.02,1.06,155687.0,1.08,0.0,1.08,1.02,1.06,1.0,155687.0,0
91,2016-09-30,1.05,1.065,0.96,1.0,288111.0,1.05,0.0,1.065,0.96,1.0,1.0,288111.0,4
92,2016-09-29,0.9990000000000001,1.05,0.9523,0.99,328923.0,0.9990000000000001,0.0,1.05,0.9523,0.99,1.0,328923.0,3
93,2016-09-28,0.99,1.02,0.98,1.02,209038.0,0.99,0.0,1.02,0.98,1.02,1.0,209038.0,2
94,2016-09-27,1.01,1.01,0.92,0.92,637682.0,1.01,0.0,1.01,0.92,0.92,1.0,637682.0,1
95,2016-09-26,0.97,1.0,0.91,1.0,1157323.0,0.97,0.0,1.0,0.91,1.0,1.0,1157323.0,0
96,2016-09-23,1.0,1.24,0.9801,1.24,1479142.0,1.0,0.0,1.24,0.9801,1.24,1.0,1479142.0,4
97,2016-09-22,1.24,1.32,1.2,1.23,150928.0,1.24,0.0,1.32,1.2,1.23,1.0,150928.0,3
98,2016-09-21,1.23,1.275,1.185,1.26,125242.0,1.23,0.0,1.275,1.185,1.26,1.0,125242.0,2
99,2016-09-20,1.27,1.32,1.24,1.29,87984.0,1.27,0.0,1.32,1.24,1.29,1.0,87984.0,1
100,2016-09-19,1.3,1.32,1.27,1.29,41365.0,1.3,0.0,1.32,1.27,1.29,1.0,41365.0,0
101,2016-09-16,1.28,1.34,1.23,1.26,239110.0,1.28,0.0,1.34,1.23,1.26,1.0,239110.0,4
102,2016-09-15,1.3,1.344,1.28,1.31,60420.0,1.3,0.0,1.344,1.28,1.31,1.0,60420.0,3
103,2016-09-14,1.3,1.35,1.27,1.33,112986.0,1.3,0.0,1.35,1.27,1.33,1.0,112986.0,2
104,2016-09-13,1.33,1.3730000000000002,1.31,1.34,58203.0,1.33,0.0,1.3730000000000002,1.31,1.34,1.0,58203.0,1
105,2016-09-12,1.37,1.38,1.3019999999999998,1.37,84141.0,1.37,0.0,1.38,1.3019999999999998,1.37,1.0,84141.0,0
106,2016-09-09,1.38,1.41,1.35,1.35,121412.0,1.38,0.0,1.41,1.35,1.35,1.0,121412.0,4
107,2016-09-08,1.38,1.46,1.35,1.44,184696.0,1.38,0.0,1.46,1.35,1.44,1.0,184696.0,3
108,2016-09-07,1.44,1.5,1.42,1.48,157945.0,1.44,0.0,1.5,1.42,1.48,1.0,157945.0,2
109,2016-09-06,1.47,1.505,1.38,1.43,404351.0,1.47,0.0,1.505,1.38,1.43,1.0,404351.0,1
110,2016-09-02,1.44,1.45,1.23,1.24,569552.0,1.44,0.0,1.45,1.23,1.24,1.0,569552.0,4
111,2016-09-01,1.23,1.41,1.22,1.41,754206.0,1.23,0.0,1.41,1.22,1.41,1.0,754206.0,3
112,2016-08-31,1.39,1.555,1.31,1.32,1262925.0,1.39,0.0,1.555,1.31,1.32,1.0,1262925.0,2
113,2016-08-30,1.26,1.31,1.15,1.28,261750.0,1.26,0.0,1.31,1.15,1.28,1.0,261750.0,1
114,2016-08-29,1.29,1.48,1.12,1.13,1341082.0,1.29,0.0,1.48,1.12,1.13,1.0,1341082.0,0
115,2016-08-26,1.13,1.14,1.1,1.13,89641.0,1.13,0.0,1.14,1.1,1.13,1.0,89641.0,4
116,2016-08-25,1.13,1.14,1.1,1.13,173613.0,1.13,0.0,1.14,1.1,1.13,1.0,173613.0,3
117,2016-08-24,1.13,1.13,1.1,1.11,218405.0,1.13,0.0,1.13,1.1,1.11,1.0,218405.0,2
118,2016-08-23,1.1,1.15,0.99,1.0,631325.0,1.1,0.0,1.15,0.99,1.0,1.0,631325.0,1
119,2016-08-22,0.9901,1.03,0.99,1.02,122552.0,0.9901,0.0,1.03,0.99,1.02,1.0,122552.0,0
120,2016-08-19,1.01,1.0517,1.01,1.05,117558.0,1.01,0.0,1.0517,1.01,1.05,1.0,117558.0,4
121,2016-08-18,1.05,1.06,0.9708,0.971,192149.0,1.05,0.0,1.06,0.9708,0.971,1.0,192149.0,3
122,2016-08-17,0.99,1.03,0.96,1.03,135483.0,0.99,0.0,1.03,0.96,1.03,1.0,135483.0,2
123,2016-08-16,0.98,1.025,0.96,1.0,263622.0,0.98,0.0,1.025,0.96,1.0,1.0,263622.0,1
124,2016-08-15,0.9984,1.0438,0.98,1.03,168737.0,0.9984,0.0,1.0438,0.98,1.03,1.0,168737.0,0
125,2016-08-12,1.03,1.06,1.0,1.04,191486.0,1.03,0.0,1.06,1.0,1.04,1.0,191486.0,4
126,2016-08-11,1.03,1.1,0.9895,1.06,179537.0,1.03,0.0,1.1,0.9895,1.06,1.0,179537.0,3
127,2016-08-10,1.09,1.13,0.87,1.12,941299.0,1.09,0.0,1.13,0.87,1.12,1.0,941299.0,2
128,2016-08-09,1.12,1.14,1.08,1.08,245841.0,1.12,0.0,1.14,1.08,1.08,1.0,245841.0,1
129,2016-08-08,1.07,1.18,1.07,1.12,71094.0,1.07,0.0,1.18,1.07,1.12,1.0,71094.0,0
130,2016-08-05,1.11,1.203,1.06,1.09,65758.0,1.11,0.0,1.203,1.06,1.09,1.0,65758.0,4
131,2016-08-04,1.075,1.11,1.04,1.09,59304.0,1.075,0.0,1.11,1.04,1.09,1.0,59304.0,3
132,2016-08-03,1.1,1.11,1.07,1.07,175419.0,1.1,0.0,1.11,1.07,1.07,1.0,175419.0,2
133,2016-08-02,1.06,1.11,1.015,1.08,203682.0,1.06,0.0,1.11,1.015,1.08,1.0,203682.0,1
134,2016-08-01,1.1,1.12,1.07,1.11,179366.0,1.1,0.0,1.12,1.07,1.11,1.0,179366.0,0
135,2016-07-29,1.12,1.25,1.1,1.22,343016.0,1.12,0.0,1.25,1.1,1.22,1.0,343016.0,4
136,2016-07-28,1.21,1.28,1.21,1.25,101706.0,1.21,0.0,1.28,1.21,1.25,1.0,101706.0,3
137,2016-07-27,1.23,1.28,1.21,1.22,60617.0,1.23,0.0,1.28,1.21,1.22,1.0,60617.0,2
138,2016-07-26,1.21,1.28,1.16,1.22,205724.0,1.21,0.0,1.28,1.16,1.22,1.0,205724.0,1
139,2016-07-25,1.22,1.27,1.22,1.22,102967.0,1.22,0.0,1.27,1.22,1.22,1.0,102967.0,0
140,2016-07-22,1.24,1.3,1.171,1.28,405627.0,1.24,0.0,1.3,1.171,1.28,1.0,405627.0,4
141,2016-07-21,1.27,1.38,1.25,1.31,403334.0,1.27,0.0,1.38,1.25,1.31,1.0,403334.0,3
142,2016-07-20,1.3,1.33,1.23,1.25,788457.0,1.3,0.0,1.33,1.23,1.25,1.0,788457.0,2
143,2016-07-19,1.28,1.35,1.12,1.14,1360671.0,1.28,0.0,1.35,1.12,1.14,1.0,1360671.0,1
144,2016-07-18,1.14,1.15,1.11,1.13,249802.0,1.14,0.0,1.15,1.11,1.13,1.0,249802.0,0
145,2016-07-15,1.12,1.15,1.09,1.11,290946.0,1.12,0.0,1.15,1.09,1.11,1.0,290946.0,4
146,2016-07-14,1.09,1.12,1.06,1.12,148692.0,1.09,0.0,1.12,1.06,1.12,1.0,148692.0,3
147,2016-07-13,1.09,1.1,1.05,1.06,197503.0,1.09,0.0,1.1,1.05,1.06,1.0,197503.0,2
148,2016-07-12,1.05,1.12,1.05,1.06,177702.0,1.05,0.0,1.12,1.05,1.06,1.0,177702.0,1
149,2016-07-11,1.08,1.16,1.08,1.14,166596.0,1.08,0.0,1.16,1.08,1.14,1.0,166596.0,0
150,2016-07-08,1.12,1.14,1.09,1.11,152836.0,1.12,0.0,1.14,1.09,1.11,1.0,152836.0,4
151,2016-07-07,1.09,1.1,1.04,1.04,161301.0,1.09,0.0,1.1,1.04,1.04,1.0,161301.0,3
152,2016-07-06,1.03,1.16,1.02,1.12,827585.0,1.03,0.0,1.16,1.02,1.12,1.0,827585.0,2
153,2016-07-05,1.14,1.14,1.0,1.04,381945.0,1.14,0.0,1.14,1.0,1.04,1.0,381945.0,1
154,2016-07-01,1.05,1.09,1.01,1.08,247479.0,1.05,0.0,1.09,1.01,1.08,1.0,247479.0,4
155,2016-06-30,1.07,1.1,1.0,1.02,616591.0,1.07,0.0,1.1,1.0,1.02,1.0,616591.0,3
156,2016-06-29,1.03,1.04,0.98,1.02,311791.0,1.03,0.0,1.04,0.98,1.02,1.0,311791.0,2
157,2016-06-28,1.01,1.07,1.005,1.04,205441.0,1.01,0.0,1.07,1.005,1.04,1.0,205441.0,1
158,2016-06-27,1.04,1.09,0.98,1.03,363485.0,1.04,0.0,1.09,0.98,1.03,1.0,363485.0,0
159,2016-06-24,1.05,1.08,0.98,1.04,4717358.0,1.05,0.0,1.08,0.98,1.04,1.0,4717358.0,4
160,2016-06-23,1.07,1.15,1.045,1.07,419610.0,1.07,0.0,1.15,1.045,1.07,1.0,419610.0,3
161,2016-06-22,1.06,1.11,1.03,1.09,244682.0,1.06,0.0,1.11,1.03,1.09,1.0,244682.0,2
162,2016-06-21,1.08,1.16,1.06,1.14,219638.0,1.08,0.0,1.16,1.06,1.14,1.0,219638.0,1
163,2016-06-20,1.13,1.16,1.06,1.1,944691.0,1.13,0.0,1.16,1.06,1.1,1.0,944691.0,0
164,2016-06-17,1.09,1.15,1.05,1.09,992831.0,1.09,0.0,1.15,1.05,1.09,1.0,992831.0,4
165,2016-06-16,1.06,1.07,1.01,1.04,266680.0,1.06,0.0,1.07,1.01,1.04,1.0,266680.0,3
166,2016-06-15,1.05,1.06,0.977,1.04,221336.0,1.05,0.0,1.06,0.977,1.04,1.0,221336.0,2
167,2016-06-14,1.04,1.09,0.95,0.95,503644.0,1.04,0.0,1.09,0.95,0.95,1.0,503644.0,1
168,2016-06-13,1.07,1.1,0.97,1.02,430535.0,1.07,0.0,1.1,0.97,1.02,1.0,430535.0,0
169,2016-06-10,1.0,1.0501,1.0,1.04,220965.0,1.0,0.0,1.0501,1.0,1.04,1.0,220965.0,4
170,2016-06-09,1.04,1.08,1.04,1.08,184889.0,1.04,0.0,1.08,1.04,1.08,1.0,184889.0,3
171,2016-06-08,1.08,1.12,1.0401,1.06,469458.0,1.08,0.0,1.12,1.0401,1.06,1.0,469458.0,2
172,2016-06-07,1.05,1.1,1.04,1.09,302294.0,1.05,0.0,1.1,1.04,1.09,1.0,302294.0,1
173,2016-06-06,1.08,1.1,1.04,1.05,302512.0,1.08,0.0,1.1,1.04,1.05,1.0,302512.0,0
174,2016-06-03,1.06,1.11,1.03,1.11,392389.0,1.06,0.0,1.11,1.03,1.11,1.0,392389.0,4
175,2016-06-02,1.1,1.123,1.06,1.1,534715.0,1.1,0.0,1.123,1.06,1.1,1.0,534715.0,3
176,2016-06-01,1.09,1.1,0.98,1.03,362797.0,1.09,0.0,1.1,0.98,1.03,1.0,362797.0,2
177,2016-05-31,1.04,1.1,1.03,1.06,304419.0,1.04,0.0,1.1,1.03,1.06,1.0,304419.0,1
178,2016-05-27,1.06,1.07,1.04,1.05,284725.0,1.06,0.0,1.07,1.04,1.05,1.0,284725.0,4
179,2016-05-26,1.06,1.1878,1.04,1.13,364282.0,1.06,0.0,1.1878,1.04,1.13,1.0,364282.0,3
180,2016-05-25,1.1,1.17,0.912,0.912,763148.0,1.1,0.0,1.17,0.912,0.912,1.0,763148.0,2
181,2016-05-24,0.94,1.0,0.871,0.8759999999999999,733123.0,0.94,0.0,1.0,0.871,0.8759999999999999,1.0,733123.0,1
182,2016-05-23,0.86,0.88,0.7729,0.8,715199.0,0.86,0.0,0.88,0.7729,0.8,1.0,715199.0,0
183,2016-05-20,0.8,0.848,0.75,0.76,409049.0,0.8,0.0,0.848,0.75,0.76,1.0,409049.0,4
184,2016-05-19,0.75,0.8,0.73,0.76,222019.0,0.75,0.0,0.8,0.73,0.76,1.0,222019.0,3
185,2016-05-18,0.7796,0.8590000000000001,0.7632,0.84,275087.0,0.7796,0.0,0.8590000000000001,0.7632,0.84,1.0,275087.0,2
186,2016-05-17,0.8201,0.87,0.735,0.79,520417.0,0.8201,0.0,0.87,0.735,0.79,1.0,520417.0,1
187,2016-05-16,0.7899,0.8415,0.77,0.84,186631.0,0.7899,0.0,0.8415,0.77,0.84,1.0,186631.0,0
188,2016-05-13,0.8201,0.89,0.8037,0.86,219610.0,0.8201,0.0,0.89,0.8037,0.86,1.0,219610.0,4
189,2016-05-12,0.85,0.89,0.8,0.84,525509.0,0.85,0.0,0.89,0.8,0.84,1.0,525509.0,3
190,2016-05-11,0.8201,0.89,0.8143,0.89,213665.0,0.8201,0.0,0.89,0.8143,0.89,1.0,213665.0,2
191,2016-05-10,0.887,0.905,0.85,0.9,168032.0,0.887,0.0,0.905,0.85,0.9,1.0,168032.0,1
192,2016-05-09,0.8825,0.89,0.85,0.85,332268.0,0.8825,0.0,0.89,0.85,0.85,1.0,332268.0,0
193,2016-05-06,0.8497,0.855,0.77,0.8137,254509.0,0.8497,0.0,0.855,0.77,0.8137,1.0,254509.0,4
194,2016-05-05,0.8201,0.875,0.78,0.82,582893.0,0.8201,0.0,0.875,0.78,0.82,1.0,582893.0,3
195,2016-05-04,0.8001,0.8892,0.73,0.81,909243.0,0.8001,0.0,0.8892,0.73,0.81,1.0,909243.0,2
196,2016-05-03,0.81,0.86,0.81,0.815,427822.0,0.81,0.0,0.86,0.81,0.815,1.0,427822.0,1
197,2016-05-02,0.8419,0.91,0.8105,0.87,184110.0,0.8419,0.0,0.91,0.8105,0.87,1.0,184110.0,0
198,2016-04-29,0.86,0.9,0.8431,0.9,397418.0,0.86,0.0,0.9,0.8431,0.9,1.0,397418.0,4
199,2016-04-28,0.8901,0.98,0.88,0.97,252464.0,0.8901,0.0,0.98,0.88,0.97,1.0,252464.0,3
200,2016-04-27,0.9588,0.99,0.94,0.9420000000000001,257896.0,0.9588,0.0,0.99,0.94,0.9420000000000001,1.0,257896.0,2
201,2016-04-26,0.9798,0.98,0.945,0.96,145725.0,0.9798,0.0,0.98,0.945,0.96,1.0,145725.0,1
202,2016-04-25,0.945,1.0,0.93,0.95,92412.0,0.945,0.0,1.0,0.93,0.95,1.0,92412.0,0
203,2016-04-22,0.97,0.995,0.97,0.99,117784.0,0.97,0.0,0.995,0.97,0.99,1.0,117784.0,4
204,2016-04-21,0.98,1.02,0.95,0.98,327897.0,0.98,0.0,1.02,0.95,0.98,1.0,327897.0,3
205,2016-04-20,0.98,1.0,0.97,0.981,60263.0,0.98,0.0,1.0,0.97,0.981,1.0,60263.0,2
206,2016-04-19,0.99,1.0,0.98,0.9908,121557.0,0.99,0.0,1.0,0.98,0.9908,1.0,121557.0,1
207,2016-04-18,1.0,1.01,0.96,1.0,176933.0,1.0,0.0,1.01,0.96,1.0,1.0,176933.0,0
208,2016-04-15,1.0,1.01,0.965,0.9662,263145.0,1.0,0.0,1.01,0.965,0.9662,1.0,263145.0,4
209,2016-04-14,0.97,1.02,0.97,0.98,554761.0,0.97,0.0,1.02,0.97,0.98,1.0,554761.0,3
210,2016-04-13,1.015,1.03,0.83,0.83,710636.0,1.015,0.0,1.03,0.83,0.83,1.0,710636.0,2
211,2016-04-12,0.86,1.0,0.83,0.985,516744.0,0.86,0.0,1.0,0.83,0.985,1.0,516744.0,1
212,2016-04-11,0.9984,1.04,0.97,1.03,216256.0,0.9984,0.0,1.04,0.97,1.03,1.0,216256.0,0
213,2016-04-08,1.03,1.06,1.03,1.04,91939.0,1.03,0.0,1.06,1.03,1.04,1.0,91939.0,4
214,2016-04-07,1.03,1.1,1.03,1.05,89548.0,1.03,0.0,1.1,1.03,1.05,1.0,89548.0,3
215,2016-04-06,1.07,1.08,1.01,1.04,147862.0,1.07,0.0,1.08,1.01,1.04,1.0,147862.0,2
216,2016-04-05,1.05,1.1399,1.04,1.1,173241.0,1.05,0.0,1.1399,1.04,1.1,1.0,173241.0,1
217,2016-04-04,1.12,1.19,1.1,1.16,181951.0,1.12,0.0,1.19,1.1,1.16,1.0,181951.0,0
218,2016-04-01,1.15,1.2,1.13,1.13,388517.0,1.15,0.0,1.2,1.13,1.13,1.0,388517.0,4
219,2016-03-31,1.19,1.24,1.14,1.21,370158.0,1.19,0.0,1.24,1.14,1.21,1.0,370158.0,3
220,2016-03-30,1.18,1.2,1.14,1.16,292883.0,1.18,0.0,1.2,1.14,1.16,1.0,292883.0,2
221,2016-03-29,1.16,1.17,1.1,1.11,187604.0,1.16,0.0,1.17,1.1,1.11,1.0,187604.0,1
222,2016-03-28,1.1,1.15,1.09,1.1,118333.0,1.1,0.0,1.15,1.09,1.1,1.0,118333.0,0
223,2016-03-24,1.1,1.13,1.01,1.06,183727.0,1.1,0.0,1.13,1.01,1.06,1.0,183727.0,3
224,2016-03-23,1.06,1.11,1.05,1.09,137046.0,1.06,0.0,1.11,1.05,1.09,1.0,137046.0,2
225,2016-03-22,1.08,1.1,1.05,1.1,79048.0,1.08,0.0,1.1,1.05,1.1,1.0,79048.0,1
226,2016-03-21,1.11,1.1899,1.1,1.16,144852.0,1.11,0.0,1.1899,1.1,1.16,1.0,144852.0,0
227,2016-03-18,1.16,1.2099,1.13,1.18,390064.0,1.16,0.0,1.2099,1.13,1.18,1.0,390064.0,4
228,2016-03-17,1.13,1.27,1.091,1.16,310251.0,1.13,0.0,1.27,1.091,1.16,1.0,310251.0,3
229,2016-03-16,1.15,1.23,0.9701,1.04,987027.0,1.15,0.0,1.23,0.9701,1.04,1.0,987027.0,2
230,2016-03-15,1.05,1.17,1.04,1.17,599446.0,1.05,0.0,1.17,1.04,1.17,1.0,599446.0,1
231,2016-03-14,1.27,1.35,1.23,1.32,238411.0,1.27,0.0,1.35,1.23,1.32,1.0,238411.0,0
232,2016-03-11,1.34,1.35,1.2101,1.3,303029.0,1.34,0.0,1.35,1.2101,1.3,1.0,303029.0,4
233,2016-03-10,1.27,1.365,1.21,1.35,242670.0,1.27,0.0,1.365,1.21,1.35,1.0,242670.0,3
234,2016-03-09,1.35,1.43,1.32,1.4,315643.0,1.35,0.0,1.43,1.32,1.4,1.0,315643.0,2
235,2016-03-08,1.39,1.49,1.29,1.33,510131.0,1.39,0.0,1.49,1.29,1.33,1.0,510131.0,1
236,2016-03-07,1.34,1.3498,1.29,1.32,260554.0,1.34,0.0,1.3498,1.29,1.32,1.0,260554.0,0
237,2016-03-04,1.35,1.38,1.2,1.21,561724.0,1.35,0.0,1.38,1.2,1.21,1.0,561724.0,4
238,2016-03-03,1.23,1.25,1.15,1.16,430424.0,1.23,0.0,1.25,1.15,1.16,1.0,430424.0,3
239,2016-03-02,1.18,1.18,1.09,1.12,288626.0,1.18,0.0,1.18,1.09,1.12,1.0,288626.0,2
240,2016-03-01,1.13,1.14,1.11,1.14,105652.0,1.13,0.0,1.14,1.11,1.14,1.0,105652.0,1
241,2016-02-29,1.13,1.17,1.1,1.14,488984.0,1.13,0.0,1.17,1.1,1.14,1.0,488984.0,0
242,2016-02-26,1.12,1.14,1.11,1.11,129095.0,1.12,0.0,1.14,1.11,1.11,1.0,129095.0,4
243,2016-02-25,1.11,1.14,1.07,1.11,73086.0,1.11,0.0,1.14,1.07,1.11,1.0,73086.0,3
244,2016-02-24,1.11,1.15,1.0,1.05,223590.0,1.11,0.0,1.15,1.0,1.05,1.0,223590.0,2
245,2016-02-23,1.05,1.11,1.03,1.1,130406.0,1.05,0.0,1.11,1.03,1.1,1.0,130406.0,1
246,2016-02-22,1.11,1.14,1.1,1.14,131034.0,1.11,0.0,1.14,1.1,1.14,1.0,131034.0,0
247,2016-02-19,1.14,1.15,1.1,1.13,214255.0,1.14,0.0,1.15,1.1,1.13,1.0,214255.0,4
248,2016-02-18,1.12,1.13,1.05,1.09,94920.0,1.12,0.0,1.13,1.05,1.09,1.0,94920.0,3
249,2016-02-17,1.1,1.16,1.07,1.16,176721.0,1.1,0.0,1.16,1.07,1.16,1.0,176721.0,2
250,2016-02-16,1.14,1.22,1.09,1.2,284118.0,1.14,0.0,1.22,1.09,1.2,1.0,284118.0,1
251,2016-02-12,1.21,1.22,1.11,1.22,171444.0,1.21,0.0,1.22,1.11,1.22,1.0,171444.0,4
252,2016-02-11,1.2,1.2,1.11,1.17,154443.0,1.2,0.0,1.2,1.11,1.17,1.0,154443.0,3
253,2016-02-10,1.2,1.43,1.17,1.43,205412.0,1.2,0.0,1.43,1.17,1.43,1.0,205412.0,2
254,2016-02-09,1.28,1.345,1.26,1.32,126778.0,1.28,0.0,1.345,1.26,1.32,1.0,126778.0,1
255,2016-02-08,1.37,1.39,1.22,1.24,241704.0,1.37,0.0,1.39,1.22,1.24,1.0,241704.0,0
256,2016-02-05,1.25,1.4084,1.24,1.38,120352.0,1.25,0.0,1.4084,1.24,1.38,1.0,120352.0,4
257,2016-02-04,1.38,1.38,1.33,1.37,162124.0,1.38,0.0,1.38,1.33,1.37,1.0,162124.0,3
258,2016-02-03,1.35,1.4157,1.3,1.4,264160.0,1.35,0.0,1.4157,1.3,1.4,1.0,264160.0,2
259,2016-02-02,1.39,1.44,1.147,1.25,363573.0,1.39,0.0,1.44,1.147,1.25,1.0,363573.0,1
260,2016-02-01,1.27,1.35,1.19,1.33,338069.0,1.27,0.0,1.35,1.19,1.33,1.0,338069.0,0
261,2016-01-29,1.32,1.33,1.01,1.09,474556.0,1.32,0.0,1.33,1.01,1.09,1.0,474556.0,4
262,2016-01-28,1.09,1.1,1.0,1.02,94451.0,1.09,0.0,1.1,1.0,1.02,1.0,94451.0,3
263,2016-01-27,1.02,1.06,1.01,1.06,89287.0,1.02,0.0,1.06,1.01,1.06,1.0,89287.0,2
264,2016-01-26,1.06,1.14,1.02,1.05,298475.0,1.06,0.0,1.14,1.02,1.05,1.0,298475.0,1
265,2016-01-25,1.04,1.11,1.01,1.05,165348.0,1.04,0.0,1.11,1.01,1.05,1.0,165348.0,0
266,2016-01-22,1.09,1.15,1.07,1.09,225672.0,1.09,0.0,1.15,1.07,1.09,1.0,225672.0,4
267,2016-01-21,1.09,1.15,1.01,1.02,291297.0,1.09,0.0,1.15,1.01,1.02,1.0,291297.0,3
268,2016-01-20,1.025,1.03,0.8516,0.95,505790.0,1.025,0.0,1.03,0.8516,0.95,1.0,505790.0,2
269,2016-01-19,0.99,1.1,0.99,1.1,197713.0,0.99,0.0,1.1,0.99,1.1,1.0,197713.0,1
270,2016-01-15,1.09,1.15,1.07,1.09,159652.0,1.09,0.0,1.15,1.07,1.09,1.0,159652.0,4
271,2016-01-14,1.13,1.14,1.05,1.09,103117.0,1.13,0.0,1.14,1.05,1.09,1.0,103117.0,3
272,2016-01-13,1.08,1.2,1.07,1.18,151205.0,1.08,0.0,1.2,1.07,1.18,1.0,151205.0,2
273,2016-01-12,1.16,1.17,1.15,1.17,162667.0,1.16,0.0,1.17,1.15,1.17,1.0,162667.0,1
274,2016-01-11,1.15,1.22,1.15,1.2,102061.0,1.15,0.0,1.22,1.15,1.2,1.0,102061.0,0
275,2016-01-08,1.2,1.26,1.19,1.2,194672.0,1.2,0.0,1.26,1.19,1.2,1.0,194672.0,4
276,2016-01-07,1.2,1.31,1.2,1.25,173653.0,1.2,0.0,1.31,1.2,1.25,1.0,173653.0,3
277,2016-01-06,1.28,1.46,1.26,1.32,68213.0,1.28,0.0,1.46,1.26,1.32,1.0,68213.0,2
278,2016-01-05,1.35,1.44,1.28,1.28,91907.0,1.35,0.0,1.44,1.28,1.28,1.0,91907.0,1
279,2016-01-04,1.27,1.31,1.24,1.31,296156.0,1.27,0.0,1.31,1.24,1.31,1.0,296156.0,0
