,Unnamed: 0,adj_close,adj_high,adj_low,adj_open,adj_volume,close,ex_dividend,high,low,open,split_ratio,volume,Day of Week
0,2017-02-10,10.33,10.33,10.29,10.29,900.0,10.33,0.0,10.33,10.29,10.29,1.0,900.0,4
1,2017-02-09,10.33,10.35,10.25,10.25,6800.0,10.33,0.0,10.35,10.25,10.25,1.0,6800.0,3
2,2017-02-03,10.2401,10.2401,10.2401,10.2401,150.0,10.2401,0.0,10.2401,10.2401,10.2401,1.0,150.0,4
3,2017-02-02,10.24,10.24,10.22,10.22,806.0,10.24,0.0,10.24,10.22,10.22,1.0,806.0,3
4,2017-02-01,10.2392,10.24,10.21,10.23,700.0,10.2392,0.0,10.24,10.21,10.23,1.0,700.0,2
5,2017-01-25,10.24,10.25,10.24,10.25,1325.0,10.24,0.0,10.25,10.24,10.25,1.0,1325.0,2
6,2017-01-24,10.2527,10.2527,10.2527,10.2527,500.0,10.2527,0.0,10.2527,10.2527,10.2527,1.0,500.0,1
7,2017-01-20,10.25,10.3,10.14,10.15,5800.0,10.25,0.0,10.3,10.14,10.15,1.0,5800.0,4
8,2017-01-18,10.27,10.28,10.26,10.27,500.0,10.27,0.0,10.28,10.26,10.27,1.0,500.0,2
9,2017-01-17,10.24,10.24,10.24,10.24,500.0,10.24,0.0,10.24,10.24,10.24,1.0,500.0,1
10,2017-01-13,10.2344,10.2344,10.1501,10.1501,601.0,10.2344,0.0,10.2344,10.1501,10.1501,1.0,601.0,4
11,2017-01-12,10.18,10.2,10.15,10.16,5725.0,10.18,0.0,10.2,10.15,10.16,1.0,5725.0,3
12,2017-01-11,10.18,10.18,10.13,10.13,6272.0,10.18,0.0,10.18,10.13,10.13,1.0,6272.0,2
13,2017-01-10,10.14,10.25,10.14,10.25,2800.0,10.14,0.0,10.25,10.14,10.25,1.0,2800.0,1
14,2017-01-09,10.28,10.28,10.28,10.28,100.0,10.28,0.0,10.28,10.28,10.28,1.0,100.0,0
15,2017-01-06,10.3,10.32,10.24,10.26,4023.0,10.3,0.0,10.32,10.24,10.26,1.0,4023.0,4
16,2017-01-05,10.24,10.25,10.13,10.13,43936.0,10.24,0.0,10.25,10.13,10.13,1.0,43936.0,3
17,2017-01-04,10.13,10.15,10.13,10.14,3125.0,10.13,0.0,10.15,10.13,10.14,1.0,3125.0,2
18,2017-01-03,10.15,10.26,10.11,10.1401,2575.0,10.15,0.0,10.26,10.11,10.1401,1.0,2575.0,1
19,2016-12-23,10.16,10.16,10.09,10.09,4150.0,10.16,0.0,10.16,10.09,10.09,1.0,4150.0,4
20,2016-12-22,10.11,10.12,10.11,10.12,940.0,10.11,0.0,10.12,10.11,10.12,1.0,940.0,3
21,2016-12-21,10.1589,10.16,10.1589,10.16,2000.0,10.1589,0.0,10.16,10.1589,10.16,1.0,2000.0,2
22,2016-12-20,10.21,10.23,10.16,10.16,1200.0,10.21,0.0,10.23,10.16,10.16,1.0,1200.0,1
23,2016-12-19,10.23,10.23,10.1308,10.16,4550.0,10.23,0.0,10.23,10.1308,10.16,1.0,4550.0,0
24,2016-12-16,10.19,10.19,10.16,10.16,200.0,10.19,0.0,10.19,10.16,10.16,1.0,200.0,4
25,2016-12-15,10.262,10.262,10.262,10.262,1200.0,10.262,0.0,10.262,10.262,10.262,1.0,1200.0,3
26,2016-12-13,10.16,10.1601,10.16,10.1601,400.0,10.16,0.0,10.1601,10.16,10.1601,1.0,400.0,1
27,2016-12-09,10.16,10.16,10.1101,10.1101,600.0,10.16,0.0,10.16,10.1101,10.1101,1.0,600.0,4
28,2016-12-08,10.1237,10.1352,10.07,10.12,15501.0,10.1237,0.0,10.1352,10.07,10.12,1.0,15501.0,3
29,2016-12-07,10.11,10.14,10.1,10.1,2102.0,10.11,0.0,10.14,10.1,10.1,1.0,2102.0,2
30,2016-12-06,10.1,10.12,10.1,10.12,1001.0,10.1,0.0,10.12,10.1,10.12,1.0,1001.0,1
31,2016-12-05,10.19,10.22,10.19,10.22,200.0,10.19,0.0,10.22,10.19,10.22,1.0,200.0,0
32,2016-12-02,10.16,10.17,10.12,10.17,100700.0,10.16,0.0,10.17,10.12,10.17,1.0,100700.0,4
33,2016-12-01,10.19,10.19,10.16,10.1601,500.0,10.19,0.0,10.19,10.16,10.1601,1.0,500.0,3
34,2016-11-30,10.1918,10.1918,10.1918,10.1918,0.0,10.1918,0.0,10.1918,10.1918,10.1918,1.0,0.0,2
35,2016-11-29,10.1918,10.1918,10.1918,10.1918,0.0,10.1918,0.0,10.1918,10.1918,10.1918,1.0,0.0,1
36,2016-11-28,10.1918,10.1918,10.14,10.15,6945.0,10.1918,0.0,10.1918,10.14,10.15,1.0,6945.0,0
37,2016-11-25,10.16,10.16,10.14,10.14,200.0,10.16,0.0,10.16,10.14,10.14,1.0,200.0,4
38,2016-11-23,10.18,10.18,10.18,10.18,0.0,10.18,0.0,10.18,10.18,10.18,1.0,0.0,2
39,2016-11-22,10.18,10.18,10.14,10.1401,1600.0,10.18,0.0,10.18,10.14,10.1401,1.0,1600.0,1
40,2016-11-21,10.11,10.11,10.11,10.11,2.0,10.11,0.0,10.11,10.11,10.11,1.0,2.0,0
41,2016-11-18,10.11,10.22,10.11,10.18,4606.0,10.11,0.0,10.22,10.11,10.18,1.0,4606.0,4
42,2016-11-17,10.25,10.25,10.11,10.15,2823.0,10.25,0.0,10.25,10.11,10.15,1.0,2823.0,3
43,2016-11-16,10.17,10.18,10.17,10.18,300.0,10.17,0.0,10.18,10.17,10.18,1.0,300.0,2
44,2016-11-15,10.19,10.19,10.19,10.19,100.0,10.19,0.0,10.19,10.19,10.19,1.0,100.0,1
45,2016-11-14,10.15,10.15,10.15,10.15,0.0,10.15,0.0,10.15,10.15,10.15,1.0,0.0,0
46,2016-11-11,10.15,10.151,10.09,10.09,2500.0,10.15,0.0,10.151,10.09,10.09,1.0,2500.0,4
47,2016-11-10,10.1399,10.1399,10.1399,10.1399,0.0,10.1399,0.0,10.1399,10.1399,10.1399,1.0,0.0,3
48,2016-11-09,10.1399,10.3,10.01,10.01,8711.0,10.1399,0.0,10.3,10.01,10.01,1.0,8711.0,2
49,2016-11-08,10.1385,10.3,10.1,10.18,9817.0,10.1385,0.0,10.3,10.1,10.18,1.0,9817.0,1
50,2016-11-07,10.27,10.3,10.1,10.1,15493.0,10.27,0.0,10.3,10.1,10.1,1.0,15493.0,0
51,2016-11-04,10.26,10.26,10.2,10.22,1500.0,10.26,0.0,10.26,10.2,10.22,1.0,1500.0,4
52,2016-11-03,10.28,10.29,10.03,10.03,2000.0,10.28,0.0,10.29,10.03,10.03,1.0,2000.0,3
53,2016-11-02,10.28,10.28,10.28,10.28,100.0,10.28,0.0,10.28,10.28,10.28,1.0,100.0,2
54,2016-11-01,10.2499,10.275,10.2499,10.275,869.0,10.2499,0.0,10.275,10.2499,10.275,1.0,869.0,1
55,2016-10-31,10.26,10.77,10.1,10.25,4502.0,10.26,0.0,10.77,10.1,10.25,1.0,4502.0,0
56,2016-10-28,10.2499,10.2499,10.2499,10.2499,100.0,10.2499,0.0,10.2499,10.2499,10.2499,1.0,100.0,4
57,2016-10-27,10.26,10.2601,10.26,10.2601,324.0,10.26,0.0,10.2601,10.26,10.2601,1.0,324.0,3
58,2016-10-26,10.27,10.29,10.1,10.1,13000.0,10.27,0.0,10.29,10.1,10.1,1.0,13000.0,2
59,2016-10-25,10.16,10.16,10.16,10.16,0.0,10.16,0.0,10.16,10.16,10.16,1.0,0.0,1
60,2016-10-24,10.16,10.16,10.16,10.16,0.0,10.16,0.0,10.16,10.16,10.16,1.0,0.0,0
61,2016-10-21,10.16,10.16,10.16,10.16,0.0,10.16,0.0,10.16,10.16,10.16,1.0,0.0,4
62,2016-10-20,10.16,10.16,10.16,10.16,100.0,10.16,0.0,10.16,10.16,10.16,1.0,100.0,3
63,2016-10-19,10.18,10.18,10.18,10.18,100.0,10.18,0.0,10.18,10.18,10.18,1.0,100.0,2
64,2016-10-18,10.2,10.2,10.14,10.2,1000.0,10.2,0.0,10.2,10.14,10.2,1.0,1000.0,1
65,2016-10-17,10.22,10.22,10.22,10.22,0.0,10.22,0.0,10.22,10.22,10.22,1.0,0.0,0
66,2016-10-14,10.22,10.25,10.15,10.25,2800.0,10.22,0.0,10.25,10.15,10.25,1.0,2800.0,4
67,2016-10-13,10.22,10.22,10.18,10.18,300.0,10.22,0.0,10.22,10.18,10.18,1.0,300.0,3
68,2016-10-12,10.22,10.22,10.22,10.22,105.0,10.22,0.0,10.22,10.22,10.22,1.0,105.0,2
69,2016-10-11,10.2203,10.2203,10.2203,10.2203,0.0,10.2203,0.0,10.2203,10.2203,10.2203,1.0,0.0,1
70,2016-10-10,10.2203,10.2203,10.22,10.22,207.0,10.2203,0.0,10.2203,10.22,10.22,1.0,207.0,0
71,2016-10-07,10.25,10.25,10.25,10.25,0.0,10.25,0.0,10.25,10.25,10.25,1.0,0.0,4
72,2016-10-06,10.25,10.25,10.25,10.25,100.0,10.25,0.0,10.25,10.25,10.25,1.0,100.0,3
73,2016-10-05,10.2005,10.2005,10.2005,10.2005,0.0,10.2005,0.0,10.2005,10.2005,10.2005,1.0,0.0,2
74,2016-10-04,10.2005,10.61,10.18,10.3,2834.0,10.2005,0.0,10.61,10.18,10.3,1.0,2834.0,1
75,2016-10-03,10.21,10.21,10.21,10.21,100.0,10.21,0.0,10.21,10.21,10.21,1.0,100.0,0
76,2016-09-30,10.21,10.21,10.21,10.21,101.0,10.21,0.0,10.21,10.21,10.21,1.0,101.0,4
77,2016-09-29,10.25,10.25,10.1978,10.1978,201.0,10.25,0.0,10.25,10.1978,10.1978,1.0,201.0,3
78,2016-09-28,10.25,10.25,10.25,10.25,0.0,10.25,0.0,10.25,10.25,10.25,1.0,0.0,2
79,2016-09-27,10.25,10.25,10.19,10.19,7561.0,10.25,0.0,10.25,10.19,10.19,1.0,7561.0,1
80,2016-09-26,10.19,10.19,10.12,10.13,1660.0,10.19,0.0,10.19,10.12,10.13,1.0,1660.0,0
81,2016-09-23,10.1708,10.1708,10.1708,10.1708,0.0,10.1708,0.0,10.1708,10.1708,10.1708,1.0,0.0,4
82,2016-09-22,10.1708,10.1708,10.1708,10.1708,0.0,10.1708,0.0,10.1708,10.1708,10.1708,1.0,0.0,3
83,2016-09-21,10.1708,10.173,10.17,10.17,900.0,10.1708,0.0,10.173,10.17,10.17,1.0,900.0,2
84,2016-09-20,10.17,10.2,10.17,10.1716,16680.0,10.17,0.0,10.2,10.17,10.1716,1.0,16680.0,1
85,2016-09-19,10.2,10.2,10.2,10.2,0.0,10.2,0.0,10.2,10.2,10.2,1.0,0.0,0
86,2016-09-16,10.2,10.2,10.2,10.2,0.0,10.2,0.0,10.2,10.2,10.2,1.0,0.0,4
87,2016-09-15,10.2,10.2,10.2,10.2,0.0,10.2,0.0,10.2,10.2,10.2,1.0,0.0,3
88,2016-09-14,10.2,10.2,10.2,10.2,0.0,10.2,0.0,10.2,10.2,10.2,1.0,0.0,2
89,2016-09-13,10.2,10.2,10.2,10.2,1115.0,10.2,0.0,10.2,10.2,10.2,1.0,1115.0,1
90,2016-09-12,10.18,10.18,10.18,10.18,100.0,10.18,0.0,10.18,10.18,10.18,1.0,100.0,0
91,2016-09-09,10.2,10.2,10.2,10.2,141.0,10.2,0.0,10.2,10.2,10.2,1.0,141.0,4
92,2016-09-08,10.18,10.18,10.18,10.18,0.0,10.18,0.0,10.18,10.18,10.18,1.0,0.0,3
93,2016-09-07,10.18,10.18,10.01,10.05,5263.0,10.18,0.0,10.18,10.01,10.05,1.0,5263.0,2
94,2016-09-06,10.17,10.17,10.08,10.12,9303.0,10.17,0.0,10.17,10.08,10.12,1.0,9303.0,1
95,2016-09-02,10.14,10.14,10.14,10.14,0.0,10.14,0.0,10.14,10.14,10.14,1.0,0.0,4
96,2016-09-01,10.14,10.77,10.05,10.77,9639.0,10.14,0.0,10.77,10.05,10.77,1.0,9639.0,3
97,2016-08-31,10.15,10.15,10.08,10.08,2300.0,10.15,0.0,10.15,10.08,10.08,1.0,2300.0,2
98,2016-08-30,10.16,10.16,10.16,10.16,0.0,10.16,0.0,10.16,10.16,10.16,1.0,0.0,1
99,2016-08-29,10.16,10.18,10.07,10.1201,2662.0,10.16,0.0,10.18,10.07,10.1201,1.0,2662.0,0
100,2016-08-26,10.15,10.29,10.15,10.19,400.0,10.15,0.0,10.29,10.15,10.19,1.0,400.0,4
101,2016-08-25,10.14,10.14,10.14,10.14,600.0,10.14,0.0,10.14,10.14,10.14,1.0,600.0,3
102,2016-08-24,10.1,10.1,10.07,10.1,1800.0,10.1,0.0,10.1,10.07,10.1,1.0,1800.0,2
103,2016-08-23,10.1,10.1,10.1,10.1,20.0,10.1,0.0,10.1,10.1,10.1,1.0,20.0,1
104,2016-08-22,10.1,10.1,10.07,10.0701,1900.0,10.1,0.0,10.1,10.07,10.0701,1.0,1900.0,0
105,2016-08-19,10.09,10.09,10.09,10.09,0.0,10.09,0.0,10.09,10.09,10.09,1.0,0.0,4
106,2016-08-18,10.09,10.09,10.09,10.09,0.0,10.09,0.0,10.09,10.09,10.09,1.0,0.0,3
107,2016-08-17,10.09,10.09,10.09,10.09,0.0,10.09,0.0,10.09,10.09,10.09,1.0,0.0,2
108,2016-08-16,10.09,10.09,9.93,9.9899,2561.0,10.09,0.0,10.09,9.93,9.9899,1.0,2561.0,1
109,2016-08-15,10.0701,10.0701,10.0701,10.0701,1.0,10.0701,0.0,10.0701,10.0701,10.0701,1.0,1.0,0
110,2016-08-12,10.0701,10.0701,10.07,10.07,400.0,10.0701,0.0,10.0701,10.07,10.07,1.0,400.0,4
111,2016-08-11,10.1,10.1,10.04,10.07,1100.0,10.1,0.0,10.1,10.04,10.07,1.0,1100.0,3
112,2016-08-10,10.1,10.1,10.06,10.06,600.0,10.1,0.0,10.1,10.06,10.06,1.0,600.0,2
113,2016-08-09,10.1,10.1,10.1,10.1,0.0,10.1,0.0,10.1,10.1,10.1,1.0,0.0,1
114,2016-08-08,10.1,10.1,10.1,10.1,0.0,10.1,0.0,10.1,10.1,10.1,1.0,0.0,0
115,2016-08-05,10.1,10.1,9.937999999999999,9.937999999999999,5220.0,10.1,0.0,10.1,9.937999999999999,9.937999999999999,1.0,5220.0,4
116,2016-08-04,10.09,10.18,9.97,10.14,33604.0,10.09,0.0,10.18,9.97,10.14,1.0,33604.0,3
117,2016-08-03,10.03,10.03,9.98,9.98,1175.0,10.03,0.0,10.03,9.98,9.98,1.0,1175.0,2
118,2016-08-02,9.9975,10.0,9.967,9.967,107173.0,9.9975,0.0,10.0,9.967,9.967,1.0,107173.0,1
119,2016-08-01,9.99,9.99,9.99,9.99,100.0,9.99,0.0,9.99,9.99,9.99,1.0,100.0,0
120,2016-07-29,10.0,10.0,9.9601,9.9601,300.0,10.0,0.0,10.0,9.9601,9.9601,1.0,300.0,4
121,2016-07-28,9.93,9.98,9.93,9.9511,184800.0,9.93,0.0,9.98,9.93,9.9511,1.0,184800.0,3
122,2016-07-27,9.95,9.95,9.93,9.94,2500.0,9.95,0.0,9.95,9.93,9.94,1.0,2500.0,2
123,2016-07-26,9.95,9.99,9.925,9.93,39574.0,9.95,0.0,9.99,9.925,9.93,1.0,39574.0,1
124,2016-07-25,9.95,9.95,9.89,9.89,28350.0,9.95,0.0,9.95,9.89,9.89,1.0,28350.0,0
125,2016-07-22,9.9495,9.9495,9.89,9.89,3300.0,9.9495,0.0,9.9495,9.89,9.89,1.0,3300.0,4
126,2016-07-21,9.9492,9.9492,9.947000000000001,9.947000000000001,200.0,9.9492,0.0,9.9492,9.947000000000001,9.947000000000001,1.0,200.0,3
127,2016-07-20,9.9225,9.9225,9.9225,9.9225,16.0,9.9225,0.0,9.9225,9.9225,9.9225,1.0,16.0,2
128,2016-07-19,9.9225,9.95,9.9225,9.95,3950.0,9.9225,0.0,9.95,9.9225,9.95,1.0,3950.0,1
129,2016-07-18,9.9275,9.95,9.86,9.95,14508.0,9.9275,0.0,9.95,9.86,9.95,1.0,14508.0,0
130,2016-07-15,9.93,9.93,9.93,9.93,200.0,9.93,0.0,9.93,9.93,9.93,1.0,200.0,4
131,2016-07-14,9.9399,9.94,9.88,9.9,3275.0,9.9399,0.0,9.94,9.88,9.9,1.0,3275.0,3
132,2016-07-13,9.95,9.95,9.95,9.95,0.0,9.95,0.0,9.95,9.95,9.95,1.0,0.0,2
133,2016-07-12,9.95,9.95,9.8725,9.88,3155.0,9.95,0.0,9.95,9.8725,9.88,1.0,3155.0,1
134,2016-07-11,9.93,9.93,9.86,9.92,7000.0,9.93,0.0,9.93,9.86,9.92,1.0,7000.0,0
135,2016-07-08,9.94,9.94,9.8,9.91,2436502.0,9.94,0.0,9.94,9.8,9.91,1.0,2436502.0,4
136,2016-07-07,9.9392,9.95,9.8,9.85,512127.0,9.9392,0.0,9.95,9.8,9.85,1.0,512127.0,3
137,2016-07-06,9.8995,9.8995,9.89,9.89,200.0,9.8995,0.0,9.8995,9.89,9.89,1.0,200.0,2
138,2016-07-05,9.8792,9.8799,9.85,9.8799,400.0,9.8792,0.0,9.8799,9.85,9.8799,1.0,400.0,1
139,2016-07-01,9.88,9.88,9.88,9.88,100.0,9.88,0.0,9.88,9.88,9.88,1.0,100.0,4
140,2016-06-30,9.89,9.89,9.89,9.89,100.0,9.89,0.0,9.89,9.89,9.89,1.0,100.0,3
141,2016-06-29,9.87,9.87,9.87,9.87,100.0,9.87,0.0,9.87,9.87,9.87,1.0,100.0,2
142,2016-06-28,9.88,9.88,9.8,9.81,3240.0,9.88,0.0,9.88,9.8,9.81,1.0,3240.0,1
143,2016-06-27,9.9,9.9,9.9,9.9,1500.0,9.9,0.0,9.9,9.9,9.9,1.0,1500.0,0
144,2016-06-24,9.85,9.85,9.85,9.85,0.0,9.85,0.0,9.85,9.85,9.85,1.0,0.0,4
145,2016-06-23,9.85,9.85,9.85,9.85,103.0,9.85,0.0,9.85,9.85,9.85,1.0,103.0,3
146,2016-06-22,9.83,9.83,9.81,9.81,500.0,9.83,0.0,9.83,9.81,9.81,1.0,500.0,2
147,2016-06-21,9.86,9.89,9.81,9.81,5200.0,9.86,0.0,9.89,9.81,9.81,1.0,5200.0,1
148,2016-06-20,9.8892,9.89,9.8,9.8,5782.0,9.8892,0.0,9.89,9.8,9.8,1.0,5782.0,0
149,2016-06-17,9.9,9.9,9.8,9.8,618.0,9.9,0.0,9.9,9.8,9.8,1.0,618.0,4
150,2016-06-16,9.85,9.91,9.83,9.8501,8400.0,9.85,0.0,9.91,9.83,9.8501,1.0,8400.0,3
151,2016-06-15,9.9,9.9,9.9,9.9,100.0,9.9,0.0,9.9,9.9,9.9,1.0,100.0,2
152,2016-06-14,9.9,9.9,9.75,9.76,1080.0,9.9,0.0,9.9,9.75,9.76,1.0,1080.0,1
153,2016-06-13,9.87,9.87,9.75,9.75,340.0,9.87,0.0,9.87,9.75,9.75,1.0,340.0,0
154,2016-06-10,9.87,9.87,9.78,9.78,4830.0,9.87,0.0,9.87,9.78,9.78,1.0,4830.0,4
155,2016-06-09,9.87,9.87,9.78,9.78,246.0,9.87,0.0,9.87,9.78,9.78,1.0,246.0,3
156,2016-06-08,9.8401,9.8401,9.78,9.78,391.0,9.8401,0.0,9.8401,9.78,9.78,1.0,391.0,2
157,2016-06-07,9.8451,9.8451,9.8451,9.8451,0.0,9.8451,0.0,9.8451,9.8451,9.8451,1.0,0.0,1
158,2016-06-06,9.8451,9.8451,9.79,9.8299,920.0,9.8451,0.0,9.8451,9.79,9.8299,1.0,920.0,0
159,2016-06-03,9.78,9.9,9.77,9.79,3330.0,9.78,0.0,9.9,9.77,9.79,1.0,3330.0,4
160,2016-06-02,9.9189,9.9189,9.75,9.75,364.0,9.9189,0.0,9.9189,9.75,9.75,1.0,364.0,3
161,2016-06-01,9.84,9.84,9.75,9.8129,1066.0,9.84,0.0,9.84,9.75,9.8129,1.0,1066.0,2
162,2016-05-31,9.83,9.83,9.7725,9.827,1050.0,9.83,0.0,9.83,9.7725,9.827,1.0,1050.0,1
163,2016-05-27,9.83,9.83,9.83,9.83,100.0,9.83,0.0,9.83,9.83,9.83,1.0,100.0,4
164,2016-05-26,9.85,9.85,9.77,9.77,520.0,9.85,0.0,9.85,9.77,9.77,1.0,520.0,3
165,2016-05-25,9.87,9.87,9.75,9.76,674.0,9.87,0.0,9.87,9.75,9.76,1.0,674.0,2
166,2016-05-24,9.79,9.88,9.751,9.88,529.0,9.79,0.0,9.88,9.751,9.88,1.0,529.0,1
167,2016-05-23,9.86,9.88,9.76,9.79,1600.0,9.86,0.0,9.88,9.76,9.79,1.0,1600.0,0
168,2016-05-20,9.8,9.8,9.8,9.8,450000.0,9.8,0.0,9.8,9.8,9.8,1.0,450000.0,4
169,2016-05-19,9.86,9.86,9.86,9.86,100.0,9.86,0.0,9.86,9.86,9.86,1.0,100.0,3
170,2016-05-18,9.87,9.87,9.78,9.78,500.0,9.87,0.0,9.87,9.78,9.78,1.0,500.0,2
171,2016-05-17,9.8489,9.8489,9.8489,9.8489,100.0,9.8489,0.0,9.8489,9.8489,9.8489,1.0,100.0,1
172,2016-05-16,9.85,9.8792,9.73,9.73,1200.0,9.85,0.0,9.8792,9.73,9.73,1.0,1200.0,0
173,2016-05-13,9.899,9.899,9.72,9.74,610.0,9.899,0.0,9.899,9.72,9.74,1.0,610.0,4
174,2016-05-12,9.85,9.86,9.85,9.86,400.0,9.85,0.0,9.86,9.85,9.86,1.0,400.0,3
175,2016-05-11,9.8289,9.8289,9.75,9.75,4400.0,9.8289,0.0,9.8289,9.75,9.75,1.0,4400.0,2
176,2016-05-10,9.8399,9.89,9.795,9.89,12800.0,9.8399,0.0,9.89,9.795,9.89,1.0,12800.0,1
177,2016-05-09,9.9,9.9,9.9,9.9,0.0,9.9,0.0,9.9,9.9,9.9,1.0,0.0,0
178,2016-05-06,9.9,9.9191,9.9,9.9191,900.0,9.9,0.0,9.9191,9.9,9.9191,1.0,900.0,4
179,2016-05-05,9.8692,9.8692,9.78,9.78,400.0,9.8692,0.0,9.8692,9.78,9.78,1.0,400.0,3
180,2016-05-04,9.88,9.88,9.88,9.88,0.0,9.88,0.0,9.88,9.88,9.88,1.0,0.0,2
181,2016-05-03,9.88,9.88,9.715,9.76,4150.0,9.88,0.0,9.88,9.715,9.76,1.0,4150.0,1
182,2016-05-02,9.9,9.9,9.73,9.76,3450.0,9.9,0.0,9.9,9.73,9.76,1.0,3450.0,0
183,2016-04-29,9.78,9.78,9.78,9.78,0.0,9.78,0.0,9.78,9.78,9.78,1.0,0.0,4
184,2016-04-28,9.78,9.78,9.71,9.71,2620.0,9.78,0.0,9.78,9.71,9.71,1.0,2620.0,3
185,2016-04-27,9.7101,9.7101,9.7101,9.7101,0.0,9.7101,0.0,9.7101,9.7101,9.7101,1.0,0.0,2
186,2016-04-26,9.7101,9.7101,9.71,9.7101,2925.0,9.7101,0.0,9.7101,9.71,9.7101,1.0,2925.0,1
187,2016-04-25,9.77,9.77,9.71,9.71,2700.0,9.77,0.0,9.77,9.71,9.71,1.0,2700.0,0
188,2016-04-22,9.79,9.79,9.7,9.73,832.0,9.79,0.0,9.79,9.7,9.73,1.0,832.0,4
189,2016-04-21,9.79,9.79,9.72,9.72,356.0,9.79,0.0,9.79,9.72,9.72,1.0,356.0,3
190,2016-04-20,9.81,9.81,9.71,9.71,6162.0,9.81,0.0,9.81,9.71,9.71,1.0,6162.0,2
191,2016-04-19,9.81,9.81,9.78,9.78,1675.0,9.81,0.0,9.81,9.78,9.78,1.0,1675.0,1
192,2016-04-18,9.77,9.77,9.7,9.7,2457.0,9.77,0.0,9.77,9.7,9.7,1.0,2457.0,0
193,2016-04-15,9.8095,9.8095,9.67,9.67,376.0,9.8095,0.0,9.8095,9.67,9.67,1.0,376.0,4
194,2016-04-14,9.8199,9.8199,9.807,9.807,300.0,9.8199,0.0,9.8199,9.807,9.807,1.0,300.0,3
195,2016-04-13,9.8189,9.8189,9.8189,9.8189,100.0,9.8189,0.0,9.8189,9.8189,9.8189,1.0,100.0,2
196,2016-04-12,9.8095,9.8095,9.76,9.76,1050.0,9.8095,0.0,9.8095,9.76,9.76,1.0,1050.0,1
197,2016-04-11,9.82,9.82,9.82,9.82,100.0,9.82,0.0,9.82,9.82,9.82,1.0,100.0,0
198,2016-04-08,9.83,9.83,9.73,9.74,1300.0,9.83,0.0,9.83,9.73,9.74,1.0,1300.0,4
199,2016-04-07,9.82,9.82,9.68,9.68,2671.0,9.82,0.0,9.82,9.68,9.68,1.0,2671.0,3
200,2016-04-06,9.88,9.88,9.71,9.73,6799.0,9.88,0.0,9.88,9.71,9.73,1.0,6799.0,2
201,2016-04-05,9.89,9.89,9.89,9.89,0.0,9.89,0.0,9.89,9.89,9.89,1.0,0.0,1
202,2016-04-04,9.89,9.89,9.89,9.89,0.0,9.89,0.0,9.89,9.89,9.89,1.0,0.0,0
203,2016-04-01,9.89,9.98,9.65,9.66,1820.0,9.89,0.0,9.98,9.65,9.66,1.0,1820.0,4
204,2016-03-31,9.95,9.95,9.86,9.86,464.0,9.95,0.0,9.95,9.86,9.86,1.0,464.0,3
205,2016-03-30,9.95,10.0,9.87,9.99,41802.0,9.95,0.0,10.0,9.87,9.99,1.0,41802.0,2
206,2016-03-29,9.84,9.84,9.81,9.81,920.0,9.84,0.0,9.84,9.81,9.81,1.0,920.0,1
207,2016-03-28,9.85,9.85,9.85,9.85,100.0,9.85,0.0,9.85,9.85,9.85,1.0,100.0,0
208,2016-03-24,9.82,9.82,9.75,9.75,776.0,9.82,0.0,9.82,9.75,9.75,1.0,776.0,3
209,2016-03-23,9.82,9.83,9.82,9.83,260.0,9.82,0.0,9.83,9.82,9.83,1.0,260.0,2
210,2016-03-22,9.82,9.82,9.7,9.71,1515.0,9.82,0.0,9.82,9.7,9.71,1.0,1515.0,1
211,2016-03-21,9.85,9.85,9.85,9.85,0.0,9.85,0.0,9.85,9.85,9.85,1.0,0.0,0
212,2016-03-18,9.85,9.85,9.85,9.85,400.0,9.85,0.0,9.85,9.85,9.85,1.0,400.0,4
213,2016-03-17,9.87,9.88,9.71,9.71,5901.0,9.87,0.0,9.88,9.71,9.71,1.0,5901.0,3
214,2016-03-16,9.82,9.82,9.7737,9.8,700.0,9.82,0.0,9.82,9.7737,9.8,1.0,700.0,2
215,2016-03-15,9.7699,9.77,9.7,9.765,14702.0,9.7699,0.0,9.77,9.7,9.765,1.0,14702.0,1
216,2016-03-14,9.7,9.8,9.7,9.8,3624.0,9.7,0.0,9.8,9.7,9.8,1.0,3624.0,0
217,2016-03-11,9.74,9.7989,9.74,9.7989,3500.0,9.74,0.0,9.7989,9.74,9.7989,1.0,3500.0,4
218,2016-03-10,9.74,9.8,9.7,9.7,114600.0,9.74,0.0,9.8,9.7,9.7,1.0,114600.0,3
219,2016-03-09,9.84,9.85,9.83,9.847999999999999,1300.0,9.84,0.0,9.85,9.83,9.847999999999999,1.0,1300.0,2
220,2016-03-08,9.8492,9.8492,9.71,9.84,8302.0,9.8492,0.0,9.8492,9.71,9.84,1.0,8302.0,1
221,2016-03-07,9.81,9.81,9.81,9.81,100.0,9.81,0.0,9.81,9.81,9.81,1.0,100.0,0
222,2016-03-04,9.81,9.81,9.81,9.81,100.0,9.81,0.0,9.81,9.81,9.81,1.0,100.0,4
223,2016-03-03,9.79,9.8,9.74,9.74,1200.0,9.79,0.0,9.8,9.74,9.74,1.0,1200.0,3
224,2016-03-02,9.84,9.84,9.84,9.84,200.0,9.84,0.0,9.84,9.84,9.84,1.0,200.0,2
225,2016-03-01,9.83,9.83,9.75,9.75,7636.0,9.83,0.0,9.83,9.75,9.75,1.0,7636.0,1
226,2016-02-29,9.8,9.8,9.79,9.8,1400.0,9.8,0.0,9.8,9.79,9.8,1.0,1400.0,0
227,2016-02-26,9.81,9.81,9.7,9.71,452.0,9.81,0.0,9.81,9.7,9.71,1.0,452.0,4
228,2016-02-25,9.7785,9.79,9.69,9.71,8700.0,9.7785,0.0,9.79,9.69,9.71,1.0,8700.0,3
229,2016-02-24,9.82,9.82,9.82,9.82,100.0,9.82,0.0,9.82,9.82,9.82,1.0,100.0,2
230,2016-02-23,9.8,9.8,9.8,9.8,200.0,9.8,0.0,9.8,9.8,9.8,1.0,200.0,1
231,2016-02-22,9.8,9.8,9.8,9.8,100.0,9.8,0.0,9.8,9.8,9.8,1.0,100.0,0
232,2016-02-19,9.81,9.81,9.81,9.81,100.0,9.81,0.0,9.81,9.81,9.81,1.0,100.0,4
233,2016-02-18,9.82,9.82,9.82,9.82,200.0,9.82,0.0,9.82,9.82,9.82,1.0,200.0,3
234,2016-02-17,9.82,9.82,9.82,9.82,0.0,9.82,0.0,9.82,9.82,9.82,1.0,0.0,2
235,2016-02-16,9.82,9.9,9.61,9.79,9800.0,9.82,0.0,9.9,9.61,9.79,1.0,9800.0,1
236,2016-02-12,9.82,9.82,9.71,9.71,230.0,9.82,0.0,9.82,9.71,9.71,1.0,230.0,4
237,2016-02-11,9.8389,9.8389,9.8389,9.8389,100.0,9.8389,0.0,9.8389,9.8389,9.8389,1.0,100.0,3
238,2016-02-10,9.72,9.84,9.7,9.73,6853.0,9.72,0.0,9.84,9.7,9.73,1.0,6853.0,2
239,2016-02-09,9.84,9.84,9.84,9.84,100.0,9.84,0.0,9.84,9.84,9.84,1.0,100.0,1
240,2016-02-08,9.83,9.83,9.67,9.67,360.0,9.83,0.0,9.83,9.67,9.67,1.0,360.0,0
241,2016-02-05,9.82,9.89,9.78,9.78,7000.0,9.82,0.0,9.89,9.78,9.78,1.0,7000.0,4
242,2016-02-04,9.84,9.84,9.7,9.75,78878.0,9.84,0.0,9.84,9.7,9.75,1.0,78878.0,3
243,2016-02-03,9.7,9.71,9.7,9.71,4950.0,9.7,0.0,9.71,9.7,9.71,1.0,4950.0,2
244,2016-02-02,9.71,9.725,9.65,9.725,5438.0,9.71,0.0,9.725,9.65,9.725,1.0,5438.0,1
245,2016-02-01,9.71,9.75,9.7,9.72,3800.0,9.71,0.0,9.75,9.7,9.72,1.0,3800.0,0
246,2016-01-29,9.69,9.756,9.65,9.709,13800.0,9.69,0.0,9.756,9.65,9.709,1.0,13800.0,4
247,2016-01-28,9.7,9.79,9.7,9.7,72398.0,9.7,0.0,9.79,9.7,9.7,1.0,72398.0,3
248,2016-01-27,9.71,9.92,9.6701,9.74,31080.0,9.71,0.0,9.92,9.6701,9.74,1.0,31080.0,2
249,2016-01-26,9.76,9.81,9.7,9.8,16033.0,9.76,0.0,9.81,9.7,9.8,1.0,16033.0,1
250,2016-01-25,9.8,9.92,9.72,9.76,36222.0,9.8,0.0,9.92,9.72,9.76,1.0,36222.0,0
251,2016-01-22,9.78,9.78,9.72,9.74,1442.0,9.78,0.0,9.78,9.72,9.74,1.0,1442.0,4
252,2016-01-21,9.7889,9.7889,9.7,9.75,856.0,9.7889,0.0,9.7889,9.7,9.75,1.0,856.0,3
253,2016-01-20,9.7699,9.8499,9.4,9.76,2583.0,9.7699,0.0,9.8499,9.4,9.76,1.0,2583.0,2
254,2016-01-19,9.783999999999999,9.8389,9.72,9.835,12673.0,9.783999999999999,0.0,9.8389,9.72,9.835,1.0,12673.0,1
255,2016-01-15,9.78,9.78,9.63,9.64,1245.0,9.78,0.0,9.78,9.63,9.64,1.0,1245.0,4
256,2016-01-14,9.84,9.84,9.84,9.84,200.0,9.84,0.0,9.84,9.84,9.84,1.0,200.0,3
257,2016-01-13,9.8,9.83,9.8,9.83,107431.0,9.8,0.0,9.83,9.8,9.83,1.0,107431.0,2
258,2016-01-12,9.85,9.9,9.76,9.8,205762.0,9.85,0.0,9.9,9.76,9.8,1.0,205762.0,1
259,2016-01-11,9.82,9.825,9.82,9.825,671.0,9.82,0.0,9.825,9.82,9.825,1.0,671.0,0
260,2016-01-08,9.82,9.85,9.8,9.8,1030.0,9.82,0.0,9.85,9.8,9.8,1.0,1030.0,4
261,2016-01-07,9.827,9.84,9.8,9.8,150600.0,9.827,0.0,9.84,9.8,9.8,1.0,150600.0,3
262,2016-01-06,9.827,9.827,9.827,9.827,0.0,9.827,0.0,9.827,9.827,9.827,1.0,0.0,2
263,2016-01-05,9.827,9.84,9.78,9.79,14681.0,9.827,0.0,9.84,9.78,9.79,1.0,14681.0,1
264,2016-01-04,9.91,9.91,9.91,9.91,82018.0,9.91,0.0,9.91,9.91,9.91,1.0,82018.0,0
