,Unnamed: 0,adj_close,adj_high,adj_low,adj_open,adj_volume,close,ex_dividend,high,low,open,split_ratio,volume,Day of Week
0,2017-02-10,82.03,82.36,81.8,82.06,116823.0,82.03,0.0,82.36,81.8,82.06,1.0,116823.0,4
1,2017-02-09,81.79,81.85,81.22,81.35,121204.0,81.79,0.0,81.85,81.22,81.35,1.0,121204.0,3
2,2017-02-08,80.97,81.78,80.45,81.55,85656.0,80.97,0.44,81.78,80.45,81.55,1.0,85656.0,2
3,2017-02-07,82.04416287925321,82.4221090775089,81.4822165581624,82.2430819309667,88569.0,82.49,0.0,82.87,81.925,82.69,1.0,88569.0,1
4,2017-02-06,82.233135978381,82.790109323179,82.0640547844245,82.0640547844245,91572.0,82.68,0.0,83.24,82.51,82.51,1.0,91572.0,0
5,2017-02-03,82.6409200343938,82.819947180936,81.4175678663555,82.0839466895959,117631.0,83.09,0.0,83.27,81.86,82.53,1.0,117631.0,4
6,2017-02-02,81.0197297629284,81.70600049134009,80.1544318879745,80.92027023707159,95623.0,81.46,0.0,82.15,80.59,81.36,1.0,95623.0,3
7,2017-02-01,81.2982164353273,82.7204876550792,80.9898919051714,82.4718388404373,113260.0,81.74,0.0,83.17,81.43,82.92,1.0,113260.0,2
8,2017-01-31,81.79551406461121,82.3624333619948,80.91032428448591,81.04956762068541,170781.0,82.24,0.0,82.81,81.35,81.49,1.0,170781.0,1
9,2017-01-30,81.39767596118409,83.23767718953451,80.4329185603734,82.2530278835524,188704.0,81.84,0.0,83.69,80.87,82.7,1.0,188704.0,0
10,2017-01-27,82.7503255128363,83.9493100970397,82.63097408180809,83.8443802972608,273657.0,83.2,0.0,84.4055,83.08,84.3,1.0,273657.0,4
11,2017-01-26,84.21238054293079,84.5107591205012,79.9455668836752,82.18340621545259,263585.0,84.67,0.0,84.97,80.38,82.63,1.0,263585.0,3
12,2017-01-25,82.5315145559514,84.1626507800025,81.248486672399,81.248486672399,307044.0,82.98,0.0,84.62,81.69,81.69,1.0,307044.0,2
13,2017-01-24,82.8696769438644,83.26254207099859,82.1336764525243,82.1336764525243,255820.0,83.32,0.0,83.715,82.58,82.58,1.0,255820.0,1
14,2017-01-23,81.9944331163248,82.51162265078,80.72135118535809,81.62643287065471,118293.0,82.44,0.0,82.96,81.16,82.07,1.0,118293.0,0
15,2017-01-20,81.98448716373909,82.55140646112271,81.4474057241125,81.4474057241125,86115.0,82.43,0.0,83.0,81.89,81.89,1.0,86115.0,4
16,2017-01-19,81.2584326249846,81.53691929738359,80.77108094828651,81.4871895344552,83303.0,81.7,0.0,81.98,81.21,81.93,1.0,83303.0,3
17,2017-01-18,81.3877300085985,81.4672976292839,79.99529664660359,80.64178356467269,103791.0,81.83,0.0,81.91,80.43,81.08,1.0,103791.0,2
18,2017-01-17,80.26383736641691,82.28286574130941,80.10470212504609,82.27291978872371,160919.0,80.7,0.0,82.73,80.54,82.72,1.0,160919.0,1
19,2017-01-13,83.04870409040659,84.4311914998158,82.6608119395652,82.7403795602506,114280.0,83.5,0.0,84.89,83.11,83.19,1.0,114280.0,4
20,2017-01-12,82.15356835769559,82.5812443188798,80.92027023707159,82.5812443188798,99591.0,82.6,0.0,83.03,81.36,83.03,1.0,99591.0,3
21,2017-01-11,82.97908242230679,83.14020685419479,81.73583834909721,82.60113622405109,128319.0,83.43,0.0,83.59200000000001,82.18,83.05,1.0,128319.0,2
22,2017-01-10,82.790109323179,83.2277312369488,81.556811202555,82.2430819309667,150344.0,83.24,0.0,83.68,82.0,82.69,1.0,150344.0,1
23,2017-01-09,82.28286574130941,83.128271711092,80.9302161896573,83.128271711092,145952.0,82.73,0.0,83.58,81.37,83.58,1.0,145952.0,0
24,2017-01-06,82.55140646112271,82.7204876550792,81.4175678663555,82.6508659869795,148203.0,83.0,0.0,83.17,81.86,83.1,1.0,148203.0,4
25,2017-01-05,81.90491954305371,83.4167043360767,80.96005404741429,82.50167669819429,175700.0,82.35,0.0,83.87,81.4,82.95,1.0,175700.0,3
26,2017-01-04,82.49173074560859,83.04870409040659,81.2385407198133,81.2385407198133,142623.0,82.94,0.0,83.5,81.68,81.68,1.0,142623.0,2
27,2017-01-03,81.3877300085985,83.78470458174671,80.7611349957008,82.55140646112271,219702.0,81.83,0.0,84.24,81.2,83.0,1.0,219702.0,1
28,2016-12-30,82.59119027146541,82.819947180936,81.6363788232404,82.38232526716621,122187.0,83.04,0.0,83.27,82.08,82.83,1.0,122187.0,4
29,2016-12-29,82.3127035990665,83.24762314212009,81.9795141874463,82.59119027146541,116761.0,82.76,0.0,83.7,82.425,83.04,1.0,116761.0,3
30,2016-12-28,82.849785038693,83.6106504114974,82.7403795602506,83.50621790934771,179914.0,83.3,0.0,84.065,83.19,83.96,1.0,179914.0,2
31,2016-12-27,83.55594767227609,84.5405969782582,82.9989743274782,83.744920771404,159162.0,84.01,0.0,85.0,83.45,84.2,1.0,159162.0,1
32,2016-12-23,83.744920771404,83.8343348851492,82.9989743274782,83.2973529050485,62447.0,84.2,0.0,84.2899,83.45,83.75,1.0,62447.0,4
33,2016-12-22,83.44654219383371,83.8244883920894,82.5812443188798,83.128271711092,149895.0,83.9,0.0,84.28,83.03,83.58,1.0,149895.0,3
34,2016-12-21,83.2774609998772,83.87919113131059,82.71054170249359,83.5161638619334,351081.0,83.73,0.0,84.335,83.16,83.97,1.0,351081.0,2
35,2016-12-20,83.44654219383371,84.4709753101585,82.6210281292225,82.9492445645498,425309.0,83.9,0.0,84.93,83.07,83.4,1.0,425309.0,1
36,2016-12-19,82.9094607542071,83.3968124309053,82.5563794374155,83.07854194816359,308502.0,83.36,0.0,83.85,83.005,83.53,1.0,308502.0,0
37,2016-12-16,83.098433853335,83.9140019653605,82.02427097408179,83.04870409040659,375452.0,83.55,0.0,84.37,82.47,83.5,1.0,375452.0,4
38,2016-12-15,82.9591905171355,84.14275887483109,81.7159464439258,82.69064979732221,199022.0,83.41,0.0,84.6,82.16,83.14,1.0,199022.0,3
39,2016-12-14,82.59119027146541,84.19248863775951,81.6562707284117,82.6807038447365,256929.0,83.04,0.0,84.65,82.1,83.13,1.0,256929.0,2
40,2016-12-13,83.20783933177741,83.2973529050485,81.73583834909721,82.8100012283503,260097.0,83.66,0.0,83.75,82.18,83.26,1.0,260097.0,1
41,2016-12-12,82.3425414568235,84.2024345903452,81.7855681120256,83.774758629161,306694.0,82.79,0.0,84.66,82.23,84.23,1.0,306694.0,0
42,2016-12-09,83.07854194816359,83.5161638619334,82.3922712197519,83.50621790934771,158974.0,83.53,0.0,83.97,82.84,83.96,1.0,158974.0,4
43,2016-12-08,83.50621790934771,84.17259673258809,82.3325955042378,82.3325955042378,270563.0,83.96,0.0,84.63,82.78,82.78,1.0,270563.0,3
44,2016-12-07,82.15356835769559,83.5857855300332,82.1038385947672,83.5857855300332,263364.0,82.6,0.0,84.04,82.55,84.04,1.0,263364.0,2
45,2016-12-06,83.68524505588991,83.7250288662327,80.92027023707159,81.36783810342709,222211.0,84.14,0.0,84.18,81.36,81.81,1.0,222211.0,1
46,2016-12-05,80.661675469844,81.7159464439258,79.6670802112763,81.12913524137079,209241.0,81.1,0.0,82.16,80.1,81.57,1.0,209241.0,0
47,2016-12-02,80.26383736641691,81.05951357327109,79.55767473283379,81.04956762068541,145636.0,80.7,0.0,81.5,79.99,81.49,1.0,145636.0,4
48,2016-12-01,81.53691929738359,82.078973713303,80.41302665520209,80.6218916595013,226022.0,81.98,0.0,82.525,80.85,81.06,1.0,226022.0,3
49,2016-11-30,79.88589116816121,80.90535130819309,79.5775666380052,79.8063235474757,184707.0,80.32,0.0,81.345,80.01,80.24,1.0,184707.0,2
50,2016-11-29,78.59291733202309,79.6969180690333,78.5133497113377,79.120052819064,165831.0,79.02,0.0,80.13,78.94,79.55,1.0,165831.0,1
51,2016-11-28,79.120052819064,81.12913524137079,79.08026900872129,80.77108094828651,231585.0,79.55,0.0,81.57,79.51,81.21,1.0,231585.0,0
52,2016-11-25,81.12913524137079,81.6761626335831,80.631837612087,81.62643287065471,176796.0,81.57,0.0,82.12,81.07,82.07,1.0,176796.0,4
53,2016-11-23,81.7656762068542,82.1635143102813,80.56221594398721,81.556811202555,210109.0,82.21,0.0,82.61,81.0,82.0,1.0,210109.0,2
54,2016-11-22,81.1191892887852,82.32762252794501,79.78643164230441,80.61194570691559,337856.0,81.56,0.0,82.775,80.22,81.05,1.0,337856.0,1
55,2016-11-21,80.6517295172583,81.278324530156,79.98535069401791,81.278324530156,179773.0,81.09,0.0,81.72,80.42,81.72,1.0,179773.0,0
56,2016-11-18,81.05951357327109,82.3027576464808,79.8361614052328,80.045026409532,212671.0,81.5,0.0,82.75,80.27,80.48,1.0,212671.0,4
57,2016-11-17,80.09475617246041,80.20416165090279,78.6426470949515,78.86145805183641,231059.0,80.53,0.0,80.64,79.07,79.29,1.0,231059.0,3
58,2016-11-16,78.54318756909471,80.77108094828651,78.24480899152441,79.3687016337059,193437.0,78.97,0.0,81.21,78.67,79.8,1.0,193437.0,2
59,2016-11-15,80.4528104655448,80.60199975432991,77.06124063382879,78.66253900012279,177430.0,80.89,0.0,81.04,77.48,79.09,1.0,177430.0,1
60,2016-11-14,79.3587556811203,81.05951357327109,78.4636199484093,78.9509716251075,244431.0,79.79,0.0,81.5,78.89,79.38,1.0,244431.0,0
61,2016-11-11,78.10556565532491,78.2647008966957,75.82794251320479,75.8776722761332,359202.0,78.53,0.0,78.69,76.24,76.29,1.0,359202.0,4
62,2016-11-10,76.4147537157597,78.73216066822259,73.92826556934041,73.9481574745117,411733.0,76.83,0.0,79.16,74.33,74.35,1.0,411733.0,3
63,2016-11-09,73.69950865986979,74.38577938828149,71.1732367031077,71.5412369487778,236559.0,74.1,0.44,74.79,71.56,71.93,1.0,236559.0,2
64,2016-11-08,70.1697629405817,71.16837447460999,69.90280738198011,70.4960419566503,106745.0,70.97,0.0,71.98,70.7,71.3,1.0,106745.0,1
65,2016-11-07,70.6937868148738,71.2079234462547,70.4268312562722,71.109051017143,172337.0,71.5,0.0,72.02,71.23,71.92,1.0,172337.0,0
66,2016-11-04,69.3985579935103,70.5949143857621,67.9451332855682,69.438106965155,244990.0,70.19,0.0,71.4,68.72,70.23,1.0,244990.0,4
67,2016-11-03,69.4776559367997,69.90280738198011,69.2304748640204,69.4479942080662,162074.0,70.27,0.0,70.7,70.02,70.24,1.0,162074.0,3
68,2016-11-02,68.9635193054188,69.9423563536247,68.5729732104275,69.438106965155,221184.0,69.75,0.0,70.74,69.355,70.23,1.0,221184.0,2
69,2016-11-01,69.87314565324661,71.3858938186557,68.9338575766853,70.4960419566503,844529.0,70.67,0.0,72.2,69.72,71.3,1.0,844529.0,1
70,2016-10-31,70.2191991551375,70.98051685929771,69.7544987383125,70.1796501834929,169550.0,71.02,0.0,71.79,70.55,70.98,1.0,169550.0,0
71,2016-10-28,69.6259645804673,71.1387127458765,69.5963028517338,71.0793892884094,227200.0,70.42,0.0,71.95,70.39,71.89,1.0,227200.0,4
72,2016-10-27,70.8420954585413,72.7503333403974,70.3081843413381,72.7503333403974,266367.0,71.65,0.0,73.58,71.11,73.58,1.0,266367.0,3
73,2016-10-26,70.51581644247271,71.45510451903391,68.4889316456826,68.4889316456826,330176.0,71.32,0.0,72.27,69.27,69.27,1.0,330176.0,2
74,2016-10-25,70.1005522402035,70.822320972719,69.6852880379343,70.6344633574067,145139.0,70.9,0.0,71.63,70.48,71.44,1.0,145139.0,1
75,2016-10-24,70.77288475816309,71.01017858803121,69.93246911071361,69.93246911071361,87897.0,71.58,0.0,71.82,70.73,70.73,1.0,87897.0,0
76,2016-10-21,69.7544987383125,69.93246911071361,68.55319872460521,68.9338575766853,83093.0,70.55,0.0,70.73,69.335,69.72,1.0,83093.0,4
77,2016-10-20,69.4578814509774,71.0200658309424,69.28979832148751,70.48615471373921,182304.0,70.25,0.0,71.83,70.08,71.29,1.0,182304.0,3
78,2016-10-19,70.5553654141174,70.99040410220891,69.1909258923757,69.2107003781981,221239.0,71.36,0.0,71.8,69.98,70.0,1.0,221239.0,2
79,2016-10-18,69.0426172487082,69.092053463264,68.0044567430352,68.9041958479518,85119.0,69.83,0.0,69.88,68.78,69.69,1.0,85119.0,1
80,2016-10-17,67.9550205284794,68.4543262954935,67.7770501560783,68.30107403037029,121141.0,68.73,0.0,69.235,68.55,69.08,1.0,121141.0,0
81,2016-10-14,68.1725398725251,68.7954361759289,67.994569500124,68.0440057146799,88199.0,68.95,0.0,69.58,68.77,68.82,1.0,88199.0,4
82,2016-10-13,67.3716731967203,68.44938267403789,66.7685513791388,68.44938267403789,85533.0,68.14,0.0,69.23,67.53,69.23,1.0,85533.0,3
83,2016-10-12,69.15137692073111,69.95224359653591,68.8952973293317,69.0722789774417,87908.0,69.94,0.0,70.75,69.681,69.86,1.0,87908.0,2
84,2016-10-11,69.2601365927539,70.1005522402035,68.74609883380221,69.3985579935103,123484.0,70.05,0.0,70.9,69.5301,70.19,1.0,123484.0,1
85,2016-10-10,69.5765283659114,70.5949143857621,69.5073176655332,70.189537426404,220540.0,70.37,0.0,71.4,70.3,70.99,1.0,220540.0,0
86,2016-10-07,69.6259645804673,69.8533711674242,68.5976913177055,69.4875431797109,212678.0,70.42,0.0,70.65,69.38,70.28,1.0,212678.0,4
87,2016-10-06,69.6852880379343,70.1401012118482,69.2008131352869,70.00167981109179,193401.0,70.48,0.0,70.94,69.99,70.8,1.0,193401.0,3
88,2016-10-05,70.00167981109179,70.4070567704498,68.3208485161927,68.3208485161927,247079.0,70.8,0.0,71.21,69.1,69.1,1.0,247079.0,2
89,2016-10-04,67.9747950143017,68.8844213621294,67.51009459747671,68.0934419292358,150180.0,68.75,0.0,69.67,68.28,68.87,1.0,150180.0,1
90,2016-10-03,67.87592258519,68.5284806173273,67.4112221683649,67.4903201116543,167933.0,68.65,0.0,69.31,68.18,68.26,1.0,167933.0,0
91,2016-09-30,68.1923143583475,68.47894553034229,66.170373183013,66.27418923358029,168534.0,68.97,0.0,69.2599,66.925,67.03,1.0,168534.0,4
92,2016-09-29,65.9380229746004,67.8956970710123,65.7699398451105,67.63862875532189,208056.0,66.69,0.0,68.67,66.52,68.41,1.0,208056.0,3
93,2016-09-28,67.470545625832,67.6880649698777,66.2445275048467,66.6993406787606,146720.0,68.24,0.0,68.46,67.0,67.46,1.0,146720.0,2
94,2016-09-27,66.3236254481361,66.3928361485143,64.9987348980392,65.0778328413285,108950.0,67.08,0.0,67.15,65.74,65.82,1.0,108950.0,1
95,2016-09-26,65.50298428650889,66.6597917071159,65.3447883999302,66.6597917071159,119006.0,66.25,0.0,67.42,66.09,67.42,1.0,119006.0,0
96,2016-09-23,66.9366345086287,67.7078394557001,66.06655713244571,66.8773110511617,143216.0,67.7,0.0,68.48,66.82,67.64,1.0,143216.0,4
97,2016-09-22,67.183815581408,67.3222369821644,66.20497853320211,66.81798759369471,141166.0,67.95,0.0,68.09,66.96,67.58,1.0,141166.0,3
98,2016-09-21,66.2148657761132,67.183815581408,65.76005260219941,66.77843862205,132237.0,66.97,0.0,67.95,66.51,67.54,1.0,132237.0,2
99,2016-09-20,66.4422723630702,66.7240587860385,66.2247530190244,66.5609192780042,83146.0,67.2,0.0,67.485,66.98,67.32,1.0,83146.0,1
100,2016-09-19,66.1950912902909,67.1467384204911,65.7699398451105,66.1950912902909,120194.0,66.95,0.0,67.9125,66.52,66.95,1.0,120194.0,0
101,2016-09-16,65.8391505454887,66.4422723630702,65.6315184443541,65.8391505454887,380337.0,66.59,0.0,67.2,66.38,66.59,1.0,380337.0,4
102,2016-09-15,66.491708577626,66.9366345086287,65.9380229746004,66.0764443753568,143458.0,67.25,0.0,67.7,66.69,66.83,1.0,143458.0,3
103,2016-09-14,66.30385096231379,67.302462496342,66.1061061040903,66.81798759369471,182411.0,67.06,0.0,68.07,66.86,67.58,1.0,182411.0,2
104,2016-09-13,66.95640899445111,67.3815604396314,66.3631744197808,67.243139038875,194076.0,67.72,0.0,68.15,67.12,68.01,1.0,194076.0,1
105,2016-09-12,67.80671188481179,68.1132164150581,66.5312575492707,68.0242312288575,200111.0,68.58,0.0,68.89,67.29,68.8,1.0,200111.0,0
106,2016-09-09,68.3307357591039,69.2008131352869,67.470545625832,68.28129954454799,259469.0,69.11,0.0,69.99,68.24,69.06,1.0,259469.0,4
107,2016-09-08,68.5284806173273,68.7756616901066,68.0143439859464,68.1527653867028,167833.0,69.31,0.0,69.56,68.79,68.93,1.0,167833.0,3
108,2016-09-07,68.1132164150581,68.1329909008804,66.2148657761132,66.88719829407289,184264.0,68.89,0.0,68.91,66.97,67.65,1.0,184264.0,2
109,2016-09-06,67.183815581408,68.78554893301771,66.8575365653394,68.7163382326395,126916.0,67.95,0.0,69.57,67.62,69.5,1.0,126916.0,1
110,2016-09-02,68.5482551031496,68.6075785606166,67.2728007676085,67.8264863706341,106428.0,69.33,0.0,69.39,68.04,68.6,1.0,106428.0,4
111,2016-09-01,67.80671188481179,69.0030682770635,67.2728007676085,68.3603974878374,195890.0,68.58,0.0,69.79,68.04,69.14,1.0,195890.0,3
112,2016-08-31,68.2911867874592,68.745999961373,67.31234973925321,68.30107403037029,133320.0,69.07,0.0,69.53,68.08,69.08,1.0,133320.0,2
113,2016-08-30,68.40983370239321,69.2107003781981,67.3617859538091,68.4691571598603,235394.0,69.19,0.0,70.0,68.13,69.25,1.0,235394.0,1
114,2016-08-29,68.4790444027714,69.2601365927539,68.31096127328149,68.3999464594821,162563.0,69.26,0.0,70.05,69.09,69.18,1.0,162563.0,0
115,2016-08-26,68.2516378158145,68.3900592165709,67.529869083299,67.994569500124,118590.0,69.03,0.0,69.17,68.3,68.77,1.0,118590.0,4
116,2016-08-25,67.7671629131671,67.8956970710123,67.183815581408,67.2826880105197,109618.0,68.54,0.0,68.67,67.95,68.05,1.0,109618.0,3
117,2016-08-24,67.3617859538091,67.4211094112761,66.9366345086287,67.02561969482929,73372.0,68.13,0.0,68.19,67.7,67.79,1.0,73372.0,2
118,2016-08-23,67.1343793668522,67.9846822572129,67.01573245191811,67.2826880105197,89185.0,67.9,0.0,68.76,67.78,68.05,1.0,89185.0,1
119,2016-08-22,66.9366345086287,67.1739283384968,66.3532871768696,66.6499044642048,88920.0,67.7,0.0,67.94,67.11,67.41,1.0,88920.0,0
120,2016-08-19,66.77843862205,67.02561969482929,65.1717616489847,66.4818213347149,160090.0,67.54,0.0,67.79,65.915,67.24,1.0,160090.0,4
121,2016-08-18,66.77843862205,66.84764932242821,66.0764443753568,66.33351269104729,167988.0,67.54,0.0,67.61,66.83,67.09,1.0,167988.0,3
122,2016-08-17,66.2939637194026,67.1343793668522,65.9676847033339,65.9676847033339,120095.0,67.05,0.0,67.9,66.72,66.72,1.0,120095.0,2
123,2016-08-16,66.1555423186462,66.9465217515399,65.6117439585318,65.6908419018212,114040.0,66.91,0.0,67.71,66.36,66.44,1.0,114040.0,1
124,2016-08-15,66.1061061040903,67.02561969482929,65.2656904566408,65.70072914473229,187163.0,66.86,0.0,67.79,66.01,66.45,1.0,187163.0,0
125,2016-08-12,65.36456288575249,65.5128715294201,64.62301966741471,65.2162542420849,99764.0,66.11,0.0,66.26,65.36,65.96,1.0,99764.0,4
126,2016-08-11,65.68095465891,65.8490377883999,65.0086221409504,65.62163120144301,112910.0,66.43,0.0,66.6,65.75,66.37,1.0,112910.0,3
127,2016-08-10,65.2261414849961,66.3829489056031,65.1767052704403,66.1555423186462,152467.0,65.97,0.43,67.14,65.92,66.91,1.0,152467.0,2
128,2016-08-09,66.19863967882361,66.3951039604049,65.6288932622378,66.0119986113214,107689.0,67.39,0.0,67.59,66.81,67.2,1.0,107689.0,1
129,2016-08-08,66.04146825355859,66.6603307405397,65.9433343449087,66.21828610698171,174810.0,67.23,0.0,67.86,67.1301,67.41,1.0,174810.0,0
130,2016-08-05,65.89412004237259,66.05129146763761,63.4972558070805,64.1848807926151,178962.0,67.08,0.0,67.24,64.64,65.34,1.0,178962.0,4
131,2016-08-04,63.45796295076429,63.84106829984779,63.222205812866704,63.566018305634,98423.0,64.6,0.0,64.99,64.36,64.71,1.0,98423.0,3
132,2016-08-03,63.566018305634,63.60531116195029,62.308646903513605,62.308646903513605,197471.0,64.71,0.0,64.75,63.43,63.43,1.0,197471.0,2
133,2016-08-02,62.514934399174,63.60531116195029,61.65049156021621,63.1632665283923,228279.0,63.64,0.0,64.75,62.76,64.3,1.0,228279.0,1
134,2016-08-01,63.212382598787606,64.8725057781497,63.0650343876017,64.1259415081408,320947.0,64.35,0.0,66.04,64.2,65.28,1.0,320947.0,0
135,2016-07-29,64.0768254377454,65.45207540881461,63.850891513926896,65.2359646990752,307151.0,65.23,0.0,66.63,65.0,66.41,1.0,307151.0,4
136,2016-07-28,65.363666482103,65.8351807578982,64.04735579550821,64.7448039951219,334837.0,66.54,0.0,67.02,65.2,65.91,1.0,334837.0,3
137,2016-07-27,65.6976557607912,67.16033233716409,64.9805611330195,65.81553432974,567246.0,66.88,0.0,68.369,66.15,67.0,1.0,567246.0,2
138,2016-07-26,65.8842968282935,66.1298771802701,64.5778093557778,64.9412682767032,322562.0,67.07,0.0,67.32,65.74,66.11,1.0,322562.0,1
139,2016-07-25,65.1475557723636,65.3145504117077,64.459930786829,64.5778093557778,259632.0,66.32,0.0,66.49,65.62,65.74,1.0,259632.0,0
140,2016-07-22,64.9216218485451,65.19667184275889,63.8779053526443,64.5483397135406,278400.0,66.09,0.0,66.37,65.0275,65.71,1.0,278400.0,4
141,2016-07-21,64.50904685722429,64.7153343528847,63.2909683114202,64.2045272207733,382397.0,65.67,0.0,65.88,64.43,65.36,1.0,382397.0,3
142,2016-07-20,64.3813450741965,64.71042274584521,63.98841651103379,64.56798614169871,223049.0,65.54,0.0,65.875,65.14,65.73,1.0,223049.0,2
143,2016-07-19,64.3813450741965,64.5581629276196,63.45796295076429,63.9687700828757,167839.0,65.54,0.0,65.72,64.6,65.12,1.0,167839.0,1
144,2016-07-18,64.0670022236663,64.2438200770895,63.6740736605037,64.1357647222198,234132.0,65.22,0.0,65.4,64.82,65.29,1.0,234132.0,0
145,2016-07-15,64.1259415081408,64.4992236431452,63.31061473957829,63.890184370243205,204427.0,65.28,0.0,65.66,64.45,65.04,1.0,204427.0,4
146,2016-07-14,63.6544272323456,64.27328971932671,63.45796295076429,63.6151343760293,253286.0,64.8,0.0,65.43,64.6,64.76,1.0,253286.0,3
147,2016-07-13,62.603343325885604,62.966802246811,61.94518798258821,62.4363486865415,207106.0,63.73,0.0,64.1,63.06,63.56,1.0,207106.0,2
148,2016-07-12,62.672105824439,62.8685701060203,61.198623712579206,61.198623712579206,176897.0,63.8,0.0,64.0,62.3,62.3,1.0,176897.0,1
149,2016-07-11,60.7074630086259,61.110214785867605,60.0689540934866,60.0689540934866,130240.0,61.8,0.0,62.21,61.15,61.15,1.0,130240.0,0
150,2016-07-08,60.0394844512494,61.1003915717885,59.921605882300604,60.2457719469098,131210.0,61.12,0.0,62.2,61.0,61.33,1.0,131210.0,4
151,2016-07-07,59.4304451783474,59.833196955588996,58.536532697152396,58.536532697152396,210947.0,60.5,0.0,60.91,59.59,59.59,1.0,210947.0,3
152,2016-07-06,58.3597148437292,58.4088309141245,55.7172702564605,57.367570221743605,369795.0,59.41,0.0,59.46,56.72,58.4,1.0,369795.0,2
153,2016-07-05,57.82926128345961,59.6170862458496,57.1612827260832,59.6170862458496,233675.0,58.87,0.0,60.69,58.19,60.69,1.0,233675.0,1
154,2016-07-01,60.3440040877005,61.316502281527995,60.1082469498029,61.1003915717885,260694.0,61.43,0.0,62.42,61.19,62.2,1.0,260694.0,4
155,2016-06-30,61.5915522757418,61.621021917979,59.0964558996591,60.2457719469098,255122.0,62.7,0.0,62.73,60.16,61.33,1.0,255122.0,3
156,2016-06-29,59.970721952695996,60.049307665328506,57.760498784906204,58.37936127188729,266963.0,61.05,0.0,61.13,58.8,59.43,1.0,266963.0,2
157,2016-06-28,57.47562557661329,57.61806218075971,55.8940881098837,57.0041113008181,232285.0,58.51,0.0,58.655,56.9,58.03,1.0,232285.0,1
158,2016-06-27,55.77620954093489,57.9078469960922,55.088584555400296,57.7899684271434,395773.0,56.78,0.0,58.95,56.08,58.83,1.0,395773.0,0
159,2016-06-24,58.389184485966396,59.184864826370706,57.3578452398053,58.143604133989705,481976.0,59.44,0.0,60.25,58.3901,59.19,1.0,481976.0,4
160,2016-06-23,61.65049156021621,61.67996120245339,60.2457719469098,60.4913522988864,161241.0,62.76,0.0,62.79,61.33,61.58,1.0,161241.0,3
161,2016-06-22,59.489384462821796,60.530645155202706,59.4304451783474,59.6662023162449,153260.0,60.56,0.0,61.62,60.5,60.74,1.0,153260.0,2
162,2016-06-21,59.3420362516358,59.626909459928704,58.3007755592548,59.626909459928704,133274.0,60.41,0.0,60.7,59.35,60.7,1.0,133274.0,1
163,2016-06-20,59.1946880404498,60.34891569474,59.03751661518471,59.5581469613752,192044.0,60.26,0.0,61.435,60.1,60.63,1.0,192044.0,0
164,2016-06-17,58.4677701985989,58.983488937749904,57.9078469960922,57.9569630664875,427596.0,59.52,0.0,60.045,58.95,59.0,1.0,427596.0,4
165,2016-06-16,57.613150573720205,57.760498784906204,56.699591664367105,57.721205928589896,374250.0,58.65,0.0,58.8,57.72,58.76,1.0,374250.0,3
166,2016-06-15,58.0551952072782,59.2536273249242,57.9274934242503,58.5660023393896,264873.0,59.1,0.0,60.32,58.97,59.62,1.0,264873.0,2
167,2016-06-14,58.12395770583161,59.332213037556706,57.6622666441155,58.8901684039987,268803.0,59.17,0.0,60.4,58.7,59.95,1.0,268803.0,1
168,2016-06-13,59.1062791137382,60.383296944016706,58.870521975840596,59.381329107952006,268342.0,60.17,0.0,61.47,59.93,60.45,1.0,268342.0,0
169,2016-06-10,59.833196955588996,60.9137505042863,59.6170862458496,60.47170587072829,279205.0,60.91,0.0,62.01,60.69,61.56,1.0,279205.0,4
170,2016-06-09,61.454027278634904,62.0827129796951,60.6583469382306,61.9353647685091,442238.0,62.56,0.0,63.2,61.75,63.05,1.0,442238.0,3
171,2016-06-08,62.426525472462394,63.10432724391789,62.3381165457508,62.72122189483439,326585.0,63.55,0.0,64.24,63.46,63.85,1.0,326585.0,2
172,2016-06-07,62.7506915370716,63.4972558070805,62.6917522525972,63.3400843818155,181981.0,63.88,0.0,64.64,63.82,64.48,1.0,181981.0,1
173,2016-06-06,63.4972558070805,63.98841651103379,62.573873683648394,62.7605147511506,435771.0,64.64,0.0,65.14,63.7,63.89,1.0,435771.0,0
174,2016-06-03,62.514934399174,62.662282610359995,60.314534445463295,61.9844808389044,247798.0,63.64,0.0,63.79,61.4,63.1,1.0,247798.0,4
175,2016-06-02,62.5444040414112,62.7512809299163,61.925541554430005,62.279177261276395,143401.0,63.67,0.0,63.8806,63.04,63.4,1.0,143401.0,3
176,2016-06-01,62.4658183287787,62.603343325885604,61.3754415660024,62.1220058360114,345378.0,63.59,0.0,63.73,62.48,63.24,1.0,345378.0,2
177,2016-05-31,62.6131665399646,63.271321883262,59.676025530324004,62.426525472462394,279013.0,63.74,0.0,64.41,60.75,63.55,1.0,279013.0,1
178,2016-05-27,62.426525472462394,62.426525472462394,61.454027278634904,61.7389004869278,179958.0,63.55,0.0,63.55,62.56,62.85,1.0,179958.0,4
179,2016-05-26,61.7290772728487,62.4658183287787,61.468762099753505,62.279177261276395,190589.0,62.84,0.0,63.59,62.575,63.4,1.0,190589.0,3
180,2016-05-25,62.2693540471973,62.7408683229925,61.51787817014879,61.699607630611496,221424.0,63.39,0.0,63.87,62.625,62.81,1.0,221424.0,2
181,2016-05-24,61.198623712579206,61.512966563109295,59.5090308909799,60.3931201580958,156656.0,62.3,0.0,62.62,60.58,61.48,1.0,156656.0,1
182,2016-05-23,59.7644344570356,60.4815290848074,58.49723984083611,59.6367326740077,134923.0,60.84,0.0,61.57,59.55,60.71,1.0,134923.0,0
183,2016-05-20,59.7644344570356,60.2163023046726,59.0571630433429,59.0571630433429,110181.0,60.84,0.0,61.3,60.12,60.12,1.0,110181.0,4
184,2016-05-19,58.958930902552204,60.5404683692818,58.133780919910706,59.4500916065055,170071.0,60.02,0.0,61.63,59.18,60.52,1.0,170071.0,3
185,2016-05-18,59.8921362400634,60.2163023046726,57.84890771161779,57.84890771161779,244134.0,60.97,0.0,61.3,58.89,58.89,1.0,244134.0,2
186,2016-05-17,57.8390844975387,58.919638046235896,56.8960559459484,57.4166862921389,198041.0,58.88,0.0,59.98,57.92,58.45,1.0,198041.0,1
187,2016-05-16,57.672089858194596,58.077788599659996,56.3557791715998,56.689768450288,149028.0,58.71,0.0,59.123000000000005,57.37,57.71,1.0,149028.0,0
188,2016-05-13,56.552243453181106,58.182896990306,55.903911323962795,57.7113827145109,183928.0,57.57,0.0,59.23,56.91,58.75,1.0,183928.0,4
189,2016-05-12,57.8390844975387,58.8312291195244,56.994288086739104,58.36953805780829,232736.0,58.88,0.0,59.89,58.02,59.42,1.0,232736.0,3
190,2016-05-11,57.85873092569679,58.546355911231394,57.338100579506396,57.7113827145109,177663.0,58.9,0.43,59.6,58.37,58.75,1.0,177663.0,2
191,2016-05-10,57.80021880947329,57.848978906326295,56.2789037876616,56.6689845624851,185673.0,59.27,0.0,59.32,57.71,58.11,1.0,185673.0,1
192,2016-05-09,56.152127535844,57.4832781799292,55.6060144510911,57.0103052404557,287187.0,57.58,0.0,58.945,57.02,58.46,1.0,287187.0,0
193,2016-05-06,56.0351033033969,56.11799546804689,55.1915536278411,55.488990218644,238757.0,57.46,0.0,57.545,56.595,56.9,1.0,238757.0,4
194,2016-05-05,56.0351033033969,56.434936097591,55.0891574244499,56.13262349710279,254788.0,57.46,0.0,57.87,56.49,57.56,1.0,254788.0,3
195,2016-05-04,55.8010548385028,57.3028658215733,54.9136210757794,56.639728504373394,258962.0,57.22,0.0,58.76,56.31,58.08,1.0,258962.0,2
196,2016-05-03,57.07856937604979,58.2585637198909,56.47394417507339,57.605178422061606,225883.0,58.53,0.0,59.74,57.91,59.07,1.0,225883.0,1
197,2016-05-02,58.317075836114505,58.6681485334556,57.605178422061606,58.6291404559733,175852.0,59.8,0.0,60.16,59.07,60.12,1.0,175852.0,0
198,2016-04-29,58.6876525721968,59.204509598837994,57.585674383320395,57.8879869838086,368411.0,60.18,0.0,60.71,59.05,59.36,1.0,368411.0,4
199,2016-04-28,58.2585637198909,59.83839085792621,56.9225370661204,57.2248496666086,321144.0,59.74,0.0,61.36,58.37,58.68,1.0,321144.0,3
200,2016-04-27,59.3800459475085,60.8330968337261,56.3569199426263,57.244353705349795,418425.0,60.89,0.0,62.38,57.79,58.7,1.0,418425.0,2
201,2016-04-26,60.2284716327497,60.6087028680089,58.5121162235262,59.2142616182085,357735.0,61.76,0.0,62.1499,60.0,60.72,1.0,357735.0,1
202,2016-04-25,58.921701037090905,59.9554150903732,58.6291404559733,59.9554150903732,207364.0,60.42,0.0,61.48,60.12,61.48,1.0,207364.0,0
203,2016-04-22,59.965167109743795,60.044255986839296,58.058647322793895,58.648644494714404,298989.0,61.49,0.0,61.5711,59.535,60.14,1.0,298989.0,4
204,2016-04-21,58.863188920867394,59.477566141214396,58.638892475343894,59.1264934438733,308386.0,60.36,0.0,60.99,60.13,60.63,1.0,308386.0,3
205,2016-04-20,59.019221230796795,59.145997482614405,56.9615451436028,57.7807147707321,429615.0,60.52,0.0,60.65,58.41,59.25,1.0,429615.0,2
206,2016-04-19,57.712450635138,57.829474867585105,55.32808189902929,55.9765911871734,335386.0,59.18,0.0,59.3,56.735,57.4,1.0,335386.0,1
207,2016-04-18,55.859566954726404,56.113119458361595,53.845774954700005,54.5723003978088,227393.0,57.28,0.0,57.54,55.215,55.96,1.0,227393.0,0
208,2016-04-15,55.157421560044,56.508076242870395,54.9818852113735,55.8010548385028,211194.0,56.56,0.0,57.945,56.38,57.22,1.0,211194.0,4
209,2016-04-14,55.73279070290871,56.4446881169616,54.7770928045911,55.0599013663382,241486.0,57.15,0.0,57.88,56.17,56.46,1.0,241486.0,3
210,2016-04-13,55.50849425738521,55.52799829612639,52.84619296921479,53.0022252791442,427345.0,56.92,0.0,56.94,54.19,54.35,1.0,427345.0,2
211,2016-04-12,52.34883998131479,52.7486727755089,50.55446841712671,51.1200855406207,581749.0,53.68,0.0,54.09,51.84,52.42,1.0,581749.0,1
212,2016-04-11,50.8665330369855,52.0855354583089,50.573972455867796,51.129837559991294,225370.0,52.16,0.0,53.41,51.86,52.43,1.0,225370.0,0
213,2016-04-08,50.778764862650206,52.163551613273604,50.5252123590149,51.129837559991294,430315.0,52.07,0.0,53.49,51.81,52.43,1.0,430315.0,4
214,2016-04-07,50.486204281532494,51.788098867506,50.1018771981377,51.4419021798501,416328.0,51.77,0.0,53.105,51.3759,52.75,1.0,416328.0,3
215,2016-04-06,51.9977672839736,52.06603141956779,50.8665330369855,51.2761178505501,552345.0,53.32,0.0,53.39,52.16,52.58,1.0,552345.0,2
216,2016-04-05,51.1785976568443,51.929503148379496,50.5837244752384,51.363886024885396,437607.0,52.48,0.0,53.25,51.87,52.67,1.0,437607.0,1
217,2016-04-04,52.1928076713854,52.83644094984421,51.4711582379619,52.06603141956779,360488.0,53.52,0.0,54.18,52.78,53.39,1.0,360488.0,0
218,2016-04-01,51.949007187120706,52.9036323633075,50.8470289982443,52.6609046011736,470383.0,53.27,0.0,54.2489,52.14,54.0,1.0,470383.0,4
219,2016-03-31,53.26552980215,56.36657444180321,53.2557777827794,54.4357721266206,414008.0,54.62,0.0,57.7999,54.61,55.82,1.0,414008.0,3
220,2016-03-30,54.51378828158529,55.703534644797,54.4162680878794,54.8161008820735,231799.0,55.9,0.0,57.12,55.8,56.21,1.0,231799.0,2
221,2016-03-29,54.3675079910264,54.611308475291096,52.29032786509129,54.611308475291096,417507.0,55.75,0.0,56.0,53.62,56.0,1.0,417507.0,1
222,2016-03-28,55.4304781024205,56.0252537638327,54.9526291532617,55.68403060605579,204657.0,56.84,0.0,57.4499,56.35,57.1,1.0,204657.0,0
223,2016-03-24,55.3622139668264,55.4499821411617,53.743378751308796,54.5527963590676,277504.0,56.77,0.0,56.86,55.11,55.94,1.0,277504.0,3
224,2016-03-23,55.2744457924911,56.97129716297339,55.2451897343793,56.6982406205969,503571.0,56.68,0.0,58.42,56.65,58.14,1.0,503571.0,2
225,2016-03-22,56.6104724462616,56.8201408627293,55.36708997651171,56.6982406205969,343533.0,58.05,0.0,58.265,56.775,58.14,1.0,343533.0,1
226,2016-03-21,57.107825434161605,57.712450635138,56.2691517682911,57.254105724720404,229232.0,58.56,0.0,59.18,57.7,58.71,1.0,229232.0,0
227,2016-03-18,57.137081492273396,58.6681485334556,56.7762567755616,57.7222026545086,1356141.0,58.59,0.0,60.16,58.22,59.19,1.0,1356141.0,4
228,2016-03-17,57.1175774535322,57.41989005402039,54.2699877973206,54.7965968433323,449658.0,58.57,0.0,58.88,55.65,56.19,1.0,449658.0,3
229,2016-03-16,54.6308125140323,55.4841142089587,53.645858557603,54.6990766496264,392499.0,56.02,0.0,56.895,55.01,56.09,1.0,392499.0,2
230,2016-03-15,54.78684482396171,55.9180790709499,54.7283327077382,55.3329579087146,346659.0,56.18,0.0,57.34,56.12,56.74,1.0,346659.0,1
231,2016-03-14,56.2691517682911,56.649480523744,55.1769255987852,55.9180790709499,347396.0,57.7,0.0,58.09,56.58,57.34,1.0,347396.0,0
232,2016-03-11,55.9278310903205,56.24964772954989,53.8213949062735,54.611308475291096,401255.0,57.35,0.0,57.68,55.19,56.0,1.0,401255.0,4
233,2016-03-10,53.8506509643853,54.1334595261323,51.783222857820704,52.8266889304736,487765.0,55.22,0.0,55.51,53.1,54.17,1.0,487765.0,3
234,2016-03-09,52.5633844074677,54.5722028776151,52.2805758457207,53.9189150999794,427182.0,53.9,0.0,55.9599,53.61,55.29,1.0,427182.0,2
235,2016-03-08,53.480074228303,55.781063198793106,53.333793937744105,55.45973416053229,542064.0,54.84,0.0,57.1995,54.69,56.87,1.0,542064.0,1
236,2016-03-07,55.8108068578734,56.54211079047379,55.18667761815579,55.5865104123499,452879.0,57.23,0.0,57.9799,56.59,57.0,1.0,452879.0,0
237,2016-03-04,55.625518489832295,56.5227042719263,52.495120271873596,53.76288279005,814685.0,57.04,0.0,57.96,53.83,55.13,1.0,814685.0,4
238,2016-03-03,53.177761627814704,53.79213884816179,51.139589579361896,51.597934489779504,762980.0,54.53,0.0,55.16,52.44,52.91,1.0,762980.0,3
239,2016-03-02,51.5296703541854,51.7149587222266,48.59431252363849,49.247697821467895,592873.0,52.84,0.0,53.03,49.83,50.5,1.0,592873.0,2
240,2016-03-01,49.140425608391396,49.647530615662,46.9559732693798,47.76539087713861,509950.0,50.39,0.0,50.91,48.15,48.98,1.0,509950.0,1
241,2016-02-29,47.6581186640621,49.140425608391396,47.638614625320905,49.0136493565738,437356.0,48.87,0.0,50.39,48.85,50.26,1.0,437356.0,0
242,2016-02-26,49.1209215696503,49.9010831192973,48.1067115551091,48.8088569497915,458872.0,50.37,0.0,51.17,49.33,50.05,1.0,458872.0,4
243,2016-02-25,48.1554716519621,48.750344833567894,46.575644513926896,48.2724958844091,405668.0,49.38,0.0,49.99,47.76,49.5,1.0,405668.0,3
244,2016-02-24,48.21398376818561,48.4480322330797,46.575644513926896,47.784894915879704,415921.0,49.44,0.0,49.68,47.76,49.0,1.0,415921.0,2
245,2016-02-23,48.6723286786032,50.417940145938395,48.55530444615621,50.417940145938395,388675.0,49.91,0.0,51.7,49.79,51.7,1.0,388675.0,1
246,2016-02-22,50.44719620405021,50.94454919195021,49.5743904703826,49.7352987899973,291708.0,51.73,0.0,52.24,50.835,51.0,1.0,291708.0,0
247,2016-02-19,49.3549700345444,49.6377785962914,48.252991845668,48.6040645430091,277928.0,50.61,0.0,50.9,49.48,49.84,1.0,277928.0,4
248,2016-02-18,48.818608969162,49.9342399851573,48.37001607811499,49.7548028287385,351294.0,50.06,0.0,51.20399999999999,49.6,51.02,1.0,351294.0,3
249,2016-02-17,49.5695144606973,50.9152931338384,49.364722053915,49.6085225381796,398168.0,50.83,0.0,52.21,50.62,50.87,1.0,398168.0,2
250,2016-02-16,48.9453852209797,49.218441763356104,47.258285869868004,48.009191361403296,292166.0,50.19,0.0,50.47,48.46,49.23,1.0,292166.0,1
251,2016-02-12,47.2290298117562,48.6122562392804,45.8344910417622,46.7316768238563,447352.0,48.43,0.0,49.8484,47.0,47.92,1.0,447352.0,4
252,2016-02-11,45.57118651875629,46.643908649520995,45.132345647079894,46.322092010291605,384336.0,46.73,0.0,47.83,46.28,47.5,1.0,384336.0,3
253,2016-02-10,47.1022535599386,48.02869540014439,46.9559732693798,47.248533850497395,580447.0,48.3,0.43,49.25,48.15,48.45,1.0,580447.0,2
254,2016-02-09,46.715614909744204,47.281073935653495,45.439707364102496,46.000333406884394,304997.0,48.33,0.0,48.915,47.01,47.59,1.0,304997.0,1
255,2016-02-08,46.8026086060379,47.20857918874211,45.72968635174829,47.082921627428895,368294.0,48.42,0.0,48.84,47.31,48.71,1.0,368294.0,0
256,2016-02-05,47.7982031302886,49.460749326124706,47.508224142642796,48.677806059481,454112.0,49.45,0.0,51.17,49.15,50.36,1.0,454112.0,4
257,2016-02-04,48.5714804306775,49.770060246280295,47.6145497714462,47.6145497714462,442480.0,50.25,0.0,51.49,49.26,49.26,1.0,442480.0,3
258,2016-02-03,47.7305413665046,47.94309596444899,45.236722072750396,47.053923728664294,604241.0,49.38,0.0,49.5999,46.8,48.68,1.0,604241.0,2
259,2016-02-02,46.348308192059406,47.890029809709795,45.816680048042095,47.01525986364489,309595.0,47.95,0.0,49.545,47.4,48.64,1.0,309595.0,1
260,2016-02-01,47.4888922101331,47.952858590366404,46.4739657533726,47.83686699530811,486649.0,49.13,0.0,49.61,48.08,49.49,1.0,486649.0,0
261,2016-01-29,48.339497240560796,49.2094342034983,47.3439027163101,47.7885371640337,709843.0,50.01,0.0,50.91,48.98,49.44,1.0,709843.0,4
262,2016-01-28,47.682211535230294,50.011709402651796,46.000333406884394,46.35797415831429,1161176.0,49.33,0.0,51.74,47.59,47.96,1.0,1161176.0,3
263,2016-01-27,45.39137753282821,47.9335266578567,44.163799818460795,45.1207304776921,1062399.0,46.96,0.0,49.59,45.69,46.68,1.0,1062399.0,2
264,2016-01-26,45.3430477015539,45.874675845571204,43.9028187295796,43.9028187295796,710019.0,46.91,0.0,47.46,45.42,45.42,1.0,710019.0,1
265,2016-01-25,43.6321716744434,45.4155424484653,43.5451779781497,45.111064511437206,497987.0,45.14,0.0,46.985,45.05,46.67,1.0,497987.0,0
266,2016-01-22,45.459039296612204,47.3052388512907,44.608434266184396,45.0627346801629,432164.0,47.03,0.0,48.94,46.15,46.62,1.0,432164.0,4
267,2016-01-21,44.0961380546768,45.35271366780871,43.6418376406983,44.6664300637136,564349.0,45.62,0.0,46.92,45.15,46.21,1.0,564349.0,3
268,2016-01-20,44.4731107386164,44.6664300637136,42.6559090827025,44.3667851098129,761571.0,46.01,0.0,46.21,44.13,45.9,1.0,761571.0,2
269,2016-01-19,45.198058207731,47.4695602776233,45.053068713908004,46.94759809986079,699686.0,46.76,0.0,49.11,46.61,48.57,1.0,699686.0,1
270,2016-01-15,45.98100147437471,46.3724731076966,45.0627346801629,46.367640124569206,1049661.0,47.57,0.0,47.975,46.62,47.97,1.0,1049661.0,4
271,2016-01-14,47.914194725346896,48.8517934520685,46.9137672179688,48.677806059481,861000.0,49.57,0.0,50.54,48.535,50.36,1.0,861000.0,3
272,2016-01-13,48.3491632068157,51.2102892182546,48.0205203541504,49.586406887437896,1481885.0,50.02,0.0,52.98,49.68,51.3,1.0,1481885.0,2
273,2016-01-12,52.737511886522704,53.9554236346352,52.0028984511532,53.9554236346352,442045.0,54.56,0.0,55.82,53.8,55.82,1.0,442045.0,1
274,2016-01-11,53.1241505367171,54.7480328675338,52.57319046019,54.0714152296935,664901.0,54.96,0.0,56.64,54.39,55.94,1.0,664901.0,0
275,2016-01-08,53.5011232206567,55.31349189344321,53.4334614568727,55.0766757201991,273854.0,55.35,0.0,57.225,55.28,56.98,1.0,273854.0,4
276,2016-01-07,54.3323963185748,54.37106018359421,53.5011232206567,53.839432039576906,380141.0,56.21,0.0,56.25,55.35,55.7,1.0,380141.0,3
277,2016-01-06,54.796362698808096,55.569639999196994,54.3807261498491,54.525715643672,342249.0,56.69,0.0,57.49,56.26,56.41,1.0,342249.0,2
278,2016-01-05,55.4729803366484,56.4879067934088,55.154003450238,55.9562786493915,301561.0,57.39,0.0,58.44,57.06,57.89,1.0,301561.0,1
279,2016-01-04,56.110934109469206,56.9808710724067,55.366654707844894,56.478240827153996,339276.0,58.05,0.0,58.95,57.28,58.43,1.0,339276.0,0
