,Unnamed: 0,adj_close,adj_high,adj_low,adj_open,adj_volume,close,ex_dividend,high,low,open,split_ratio,volume,Day of Week
0,2017-02-10,12.31,12.355,12.3,12.34,4186716.0,12.31,0.0,12.355,12.3,12.34,1.0,4186716.0,4
1,2017-02-09,12.32,12.42,12.32,12.39,5816529.0,12.32,0.0,12.42,12.32,12.39,1.0,5816529.0,3
2,2017-02-08,12.4,12.43,12.3989,12.41,5635776.0,12.4,0.0,12.43,12.3989,12.41,1.0,5635776.0,2
3,2017-02-07,12.41,12.46,12.4,12.45,13524446.0,12.41,0.0,12.46,12.4,12.45,1.0,13524446.0,1
4,2017-02-06,12.48,12.53,12.48,12.51,2802537.0,12.48,0.0,12.53,12.48,12.51,1.0,2802537.0,0
5,2017-02-03,12.51,12.54,12.455,12.46,5036254.0,12.51,0.0,12.54,12.455,12.46,1.0,5036254.0,4
6,2017-02-02,12.47,12.48,12.45,12.47,5718378.0,12.47,0.0,12.48,12.45,12.47,1.0,5718378.0,3
7,2017-02-01,12.45,12.49,12.45,12.47,8895759.0,12.45,0.0,12.49,12.45,12.47,1.0,8895759.0,2
8,2017-01-31,12.47,12.49,12.46,12.47,8514285.0,12.47,0.0,12.49,12.46,12.47,1.0,8514285.0,1
9,2017-01-30,12.49,12.49,12.47,12.47,3766538.0,12.49,0.0,12.49,12.47,12.47,1.0,3766538.0,0
10,2017-01-27,12.48,12.5,12.47,12.47,3188581.0,12.48,0.0,12.5,12.47,12.47,1.0,3188581.0,4
11,2017-01-26,12.47,12.49,12.46,12.48,3098202.0,12.47,0.0,12.49,12.46,12.48,1.0,3098202.0,3
12,2017-01-25,12.48,12.485,12.45,12.48,5046208.0,12.48,0.0,12.485,12.45,12.48,1.0,5046208.0,2
13,2017-01-24,12.47,12.5,12.45,12.45,5066570.0,12.47,0.0,12.5,12.45,12.45,1.0,5066570.0,1
14,2017-01-23,12.455,12.48,12.45,12.47,4646800.0,12.455,0.0,12.48,12.45,12.47,1.0,4646800.0,0
15,2017-01-20,12.47,12.49,12.46,12.49,2721154.0,12.47,0.0,12.49,12.46,12.49,1.0,2721154.0,4
16,2017-01-19,12.46,12.5,12.46,12.47,3922168.0,12.46,0.0,12.5,12.46,12.47,1.0,3922168.0,3
17,2017-01-18,12.47,12.51,12.47,12.49,5048142.0,12.47,0.0,12.51,12.47,12.49,1.0,5048142.0,2
18,2017-01-17,12.47,12.5,12.46,12.48,3724788.0,12.47,0.0,12.5,12.46,12.48,1.0,3724788.0,1
19,2017-01-13,12.49,12.53,12.48,12.5,8750017.0,12.49,0.0,12.53,12.48,12.5,1.0,8750017.0,4
20,2017-01-12,12.5,12.5,12.465,12.49,4461168.0,12.5,0.0,12.5,12.465,12.49,1.0,4461168.0,3
21,2017-01-11,12.5,12.5111,12.48,12.48,9020637.0,12.5,0.0,12.5111,12.48,12.48,1.0,9020637.0,2
22,2017-01-10,12.48,12.505,12.465,12.48,4841007.0,12.48,0.0,12.505,12.465,12.48,1.0,4841007.0,1
23,2017-01-09,12.46,12.505,12.46,12.49,4127431.0,12.46,0.0,12.505,12.46,12.49,1.0,4127431.0,0
24,2017-01-06,12.5,12.5,12.48,12.49,3039106.0,12.5,0.0,12.5,12.48,12.49,1.0,3039106.0,4
25,2017-01-05,12.49,12.53,12.48,12.53,2639690.0,12.49,0.0,12.53,12.48,12.53,1.0,2639690.0,3
26,2017-01-04,12.53,12.54,12.47,12.48,5271629.0,12.53,0.0,12.54,12.47,12.48,1.0,5271629.0,2
27,2017-01-03,12.47,12.51,12.45,12.5,6411573.0,12.47,0.0,12.51,12.45,12.5,1.0,6411573.0,1
28,2016-12-30,12.49,12.52,12.49,12.5,3772290.0,12.49,0.0,12.52,12.49,12.5,1.0,3772290.0,4
29,2016-12-29,12.51,12.53,12.48,12.49,2708165.0,12.51,0.0,12.53,12.48,12.49,1.0,2708165.0,3
30,2016-12-28,12.5,12.5,12.47,12.48,3726273.0,12.5,0.0,12.5,12.47,12.48,1.0,3726273.0,2
31,2016-12-27,12.49,12.51,12.44,12.45,3985207.0,12.49,0.0,12.51,12.44,12.45,1.0,3985207.0,1
32,2016-12-23,12.45,12.46,12.43,12.45,2053089.0,12.45,0.0,12.46,12.43,12.45,1.0,2053089.0,4
33,2016-12-22,12.45,12.45,12.42,12.45,2394640.0,12.45,0.0,12.45,12.42,12.45,1.0,2394640.0,3
34,2016-12-21,12.43,12.46,12.41,12.42,3907141.0,12.43,0.0,12.46,12.41,12.42,1.0,3907141.0,2
35,2016-12-20,12.43,12.46,12.4,12.46,5265785.0,12.43,0.0,12.46,12.4,12.46,1.0,5265785.0,1
36,2016-12-19,12.44,12.46,12.4,12.43,3780892.0,12.44,0.0,12.46,12.4,12.43,1.0,3780892.0,0
37,2016-12-16,12.46,12.48,12.38,12.41,11212127.0,12.46,0.0,12.48,12.38,12.41,1.0,11212127.0,4
38,2016-12-15,12.41,12.43,12.39,12.4,3640172.0,12.41,0.0,12.43,12.39,12.4,1.0,3640172.0,3
39,2016-12-14,12.38,12.42,12.38,12.4,4049781.0,12.38,0.0,12.42,12.38,12.4,1.0,4049781.0,2
40,2016-12-13,12.39,12.415,12.37,12.37,3519546.0,12.39,0.0,12.415,12.37,12.37,1.0,3519546.0,1
41,2016-12-12,12.36,12.4,12.36,12.38,6269890.0,12.36,0.0,12.4,12.36,12.38,1.0,6269890.0,0
42,2016-12-09,12.38,12.43,12.36,12.4,7242744.0,12.38,0.0,12.43,12.36,12.4,1.0,7242744.0,4
43,2016-12-08,12.39,12.445,12.37,12.43,5383141.0,12.39,0.055,12.445,12.37,12.43,1.0,5383141.0,3
44,2016-12-07,12.365110486138999,12.4099116110888,12.360132583366802,12.3750662916834,5596521.0,12.42,0.0,12.465,12.415,12.43,1.0,5596521.0,2
45,2016-12-06,12.3551546805946,12.3850220972278,12.3352430695058,12.3451988750502,5800713.0,12.41,0.0,12.44,12.39,12.4,1.0,5800713.0,1
46,2016-12-05,12.3551546805946,12.360132583366802,12.315331458417,12.315331458417,4209987.0,12.41,0.0,12.415,12.37,12.37,1.0,4209987.0,0
47,2016-12-02,12.3053756528726,12.325287263961402,12.2854640417838,12.2854640417838,5686779.0,12.36,0.0,12.38,12.34,12.34,1.0,5686779.0,4
48,2016-12-01,12.2954198473282,12.330265166733598,12.2854640417838,12.3053756528726,5481860.0,12.35,0.0,12.385,12.34,12.36,1.0,5481860.0,3
49,2016-11-30,12.2854640417838,12.350176777822401,12.2854640417838,12.3451988750502,14432086.0,12.34,0.0,12.405,12.34,12.4,1.0,14432086.0,2
50,2016-11-29,12.3053756528726,12.3750662916834,12.2954198473282,12.3551546805946,7978922.0,12.36,0.0,12.43,12.35,12.41,1.0,7978922.0,1
51,2016-11-28,12.3451988750502,12.3750662916834,12.325287263961402,12.3352430695058,3537811.0,12.4,0.0,12.43,12.38,12.39,1.0,3537811.0,0
52,2016-11-25,12.325287263961402,12.444756930494199,12.3053756528726,12.444756930494199,5748774.0,12.38,0.0,12.5,12.36,12.5,1.0,5748774.0,4
53,2016-11-23,12.434801124949802,12.444756930494199,12.3451988750502,12.3551546805946,4720266.0,12.49,0.0,12.5,12.4,12.41,1.0,4720266.0,2
54,2016-11-22,12.3451988750502,12.414889513861,12.325287263961402,12.325287263961402,7650377.0,12.4,0.0,12.47,12.38,12.38,1.0,7650377.0,1
55,2016-11-21,12.315331458417,12.394977902772201,12.3053756528726,12.3551546805946,9161206.0,12.37,0.0,12.45,12.36,12.41,1.0,9161206.0,0
56,2016-11-18,12.325287263961402,12.3750662916834,12.3053756528726,12.3053756528726,3743081.0,12.38,0.0,12.43,12.36,12.36,1.0,3743081.0,4
57,2016-11-17,12.3053756528726,12.394977902772201,12.2954198473282,12.3451988750502,5665984.0,12.36,0.0,12.45,12.35,12.4,1.0,5665984.0,3
58,2016-11-16,12.3352430695058,12.4049337083166,12.3053756528726,12.315331458417,7325206.0,12.39,0.0,12.46,12.36,12.37,1.0,7325206.0,2
59,2016-11-15,12.3352430695058,12.3352430695058,12.2307071112897,12.2755082362395,6813078.0,12.39,0.0,12.39,12.285,12.33,1.0,6813078.0,1
60,2016-11-14,12.2954198473282,12.2954198473282,12.215773402973099,12.2655524306951,7448760.0,12.35,0.0,12.35,12.27,12.32,1.0,7448760.0,0
61,2016-11-11,12.2257292085175,12.2954198473282,12.195861791884301,12.195861791884301,12621655.0,12.28,0.0,12.35,12.25,12.25,1.0,12621655.0,4
62,2016-11-10,12.205817597428698,12.2854640417838,12.106259541984699,12.245640819606301,14927247.0,12.26,0.0,12.34,12.16,12.3,1.0,14927247.0,3
63,2016-11-09,12.235685014061902,12.3053756528726,12.205817597428698,12.2257292085175,19920402.0,12.29,0.0,12.36,12.26,12.28,1.0,19920402.0,2
64,2016-11-08,12.2655524306951,12.325287263961402,12.245640819606301,12.315331458417,10672692.0,12.32,0.0,12.38,12.3,12.37,1.0,10672692.0,1
65,2016-11-07,12.2854640417838,12.315331458417,12.245640819606301,12.2655524306951,12422024.0,12.34,0.0,12.37,12.3,12.32,1.0,12422024.0,0
66,2016-11-04,12.2257292085175,12.315331458417,12.205817597428698,12.2954198473282,17228673.0,12.28,0.0,12.37,12.26,12.35,1.0,17228673.0,4
67,2016-11-03,12.2555966251507,12.365110486138999,12.235685014061902,12.245640819606301,26457625.0,12.31,0.0,12.42,12.29,12.3,1.0,26457625.0,3
68,2016-11-02,12.2655524306951,12.365110486138999,12.1709722780233,12.1759501807955,105571650.0,12.32,0.0,12.42,12.225,12.23,1.0,105571650.0,2
69,2016-11-01,11.190325431900401,11.429165206910401,10.4635516271595,10.6328003214142,35981149.0,11.24,0.0,11.4799,10.51,10.68,1.0,35981149.0,1
70,2016-10-31,10.5531538770591,10.831916432302101,8.63666130976296,8.69141824025713,35824869.0,10.6,0.0,10.88,8.675,8.73,1.0,35824869.0,0
71,2016-10-28,8.65159501807955,8.82084371233427,8.63168340699076,8.641639212535159,4303134.0,8.69,0.0,8.86,8.67,8.68,1.0,4303134.0,4
72,2016-10-27,8.641639212535159,8.830799517878669,8.63168340699076,8.80093210124548,3882770.0,8.68,0.0,8.87,8.67,8.84,1.0,3882770.0,3
73,2016-10-26,8.7611088790679,8.79097629570109,8.641639212535159,8.74119726797911,3595818.0,8.8,0.0,8.83,8.68,8.78,1.0,3595818.0,2
74,2016-10-25,8.721285656890322,8.79097629570109,8.641639212535159,8.7611088790679,1997874.0,8.76,0.0,8.83,8.68,8.8,1.0,1997874.0,1
75,2016-10-24,8.7511530735235,8.79097629570109,8.69141824025713,8.721285656890322,3387058.0,8.79,0.0,8.83,8.73,8.76,1.0,3387058.0,0
76,2016-10-21,8.65159501807955,8.73124146243471,8.60181599035757,8.71132985134592,3398718.0,8.69,0.0,8.77,8.64,8.75,1.0,3398718.0,4
77,2016-10-20,8.721285656890322,8.82084371233427,8.68146243471274,8.74119726797911,2269041.0,8.76,0.0,8.86,8.72,8.78,1.0,2269041.0,3
78,2016-10-19,8.73124146243471,8.7611088790679,8.641639212535159,8.69141824025713,2472362.0,8.77,0.0,8.8,8.68,8.73,1.0,2472362.0,2
79,2016-10-18,8.70137404580153,8.7660867818401,8.67150662916834,8.7611088790679,2374078.0,8.74,0.0,8.805,8.71,8.8,1.0,2374078.0,1
80,2016-10-17,8.63168340699076,8.79097629570109,8.61177179590197,8.7511530735235,3775609.0,8.67,0.0,8.83,8.65,8.79,1.0,3775609.0,0
81,2016-10-14,8.71132985134592,8.900490156689429,8.68146243471274,8.78102049015669,4804327.0,8.75,0.0,8.94,8.72,8.82,1.0,4804327.0,4
82,2016-10-13,8.78102049015669,8.92040176777823,8.70137404580153,8.84075532342306,3498567.0,8.82,0.0,8.96,8.74,8.88,1.0,3498567.0,3
83,2016-10-12,8.92040176777823,9.01995982322218,8.82084371233427,8.9801366010446,3415115.0,8.96,0.0,9.06,8.86,9.02,1.0,3415115.0,2
84,2016-10-11,8.99009240658899,9.30867818400964,8.9701807955002,9.25889915628767,3697407.0,9.03,0.0,9.35,9.01,9.3,1.0,3697407.0,1
85,2016-10-10,9.25889915628767,9.477926878264359,9.170292486942552,9.25889915628767,4810952.0,9.3,0.0,9.52,9.211,9.3,1.0,4810952.0,0
86,2016-10-07,9.21907593411008,9.3982804339092,9.16929690638811,9.378368822820411,5237587.0,9.26,0.0,9.44,9.21,9.42,1.0,5237587.0,4
87,2016-10-06,9.358457211731618,9.52770590598634,9.348501406187221,9.477926878264359,3282934.0,9.4,0.0,9.57,9.39,9.52,1.0,3282934.0,3
88,2016-10-05,9.45801526717557,9.597396544797109,9.43312575331458,9.46797107271997,5112224.0,9.5,0.0,9.64,9.475,9.51,1.0,5112224.0,2
89,2016-10-04,9.41819204499799,9.65215347529128,9.358457211731618,9.41819204499799,8670661.0,9.46,0.0,9.695,9.4,9.46,1.0,8670661.0,1
90,2016-10-03,9.26885496183206,9.318633989554039,9.129473684210529,9.189208517476901,5616700.0,9.31,0.0,9.36,9.17,9.23,1.0,5616700.0,0
91,2016-09-30,9.189208517476901,9.24396544797107,9.08965046203295,9.08965046203295,6767805.0,9.23,0.0,9.285,9.13,9.13,1.0,6767805.0,4
92,2016-09-29,9.10956207312174,9.179252711932499,9.04982723985536,9.129473684210529,3233986.0,9.15,0.0,9.22,9.09,9.17,1.0,3233986.0,3
93,2016-09-28,9.13942948975492,9.19916432302129,9.04982723985536,9.16929690638811,3561417.0,9.18,0.0,9.24,9.09,9.21,1.0,3561417.0,2
94,2016-09-27,9.129473684210529,9.20912012856569,9.02991562876657,9.05978304539976,3745686.0,9.17,0.0,9.25,9.07,9.1,1.0,3745686.0,1
95,2016-09-26,9.09960626757734,9.129473684210529,8.95524708718361,9.02991562876657,4555824.0,9.14,0.0,9.17,8.995,9.07,1.0,4555824.0,0
96,2016-09-23,9.09960626757734,9.20912012856569,9.06973885094415,9.06973885094415,3760095.0,9.14,0.0,9.25,9.11,9.11,1.0,3760095.0,4
97,2016-09-22,9.06973885094415,9.11951787866613,9.000048212133391,9.11951787866613,6239775.0,9.11,0.0,9.16,9.04,9.16,1.0,6239775.0,3
98,2016-09-21,8.900490156689429,9.05978304539976,8.68146243471274,8.91044596223383,10105449.0,8.94,0.0,9.1,8.72,8.95,1.0,10105449.0,2
99,2016-09-20,8.84075532342306,9.04982723985536,8.830799517878669,9.04982723985536,5436834.0,8.88,0.0,9.09,8.87,9.09,1.0,5436834.0,1
100,2016-09-19,8.9701807955002,9.159341100843712,8.92040176777823,8.95026918441141,3826573.0,9.01,0.0,9.2,8.96,8.99,1.0,3826573.0,0
101,2016-09-16,8.905468059461631,9.039871434310971,8.87062274005625,8.9801366010446,14213268.0,8.945,0.0,9.08,8.91,9.02,1.0,14213268.0,4
102,2016-09-15,9.06973885094415,9.06973885094415,8.80093210124548,8.850711128967461,4404652.0,9.11,0.0,9.11,8.84,8.89,1.0,4404652.0,3
103,2016-09-14,8.80093210124548,8.810887906789869,8.621727601446361,8.79097629570109,3964354.0,8.84,0.0,8.85,8.66,8.83,1.0,3964354.0,2
104,2016-09-13,8.69141824025713,9.348501406187221,8.63168340699076,8.95026918441141,6644173.0,8.73,0.0,9.39,8.67,8.99,1.0,6644173.0,1
105,2016-09-12,9.000048212133391,9.039871434310971,8.810887906789869,9.02991562876657,5970272.0,9.04,0.0,9.08,8.85,9.07,1.0,5970272.0,0
106,2016-09-09,9.11951787866613,9.25889915628767,9.01000401767778,9.08965046203295,10207092.0,9.16,0.0,9.3,9.05,9.13,1.0,10207092.0,4
107,2016-09-08,9.16929690638811,9.278810767376461,9.07969465648855,9.11951787866613,11818388.0,9.21,0.0,9.32,9.12,9.16,1.0,11818388.0,3
108,2016-09-07,9.05978304539976,9.07969465648855,8.94031337886702,8.95026918441141,4696211.0,9.1,0.055,9.12,8.98,8.99,1.0,4696211.0,2
109,2016-09-06,8.9162911238724,8.955875102224779,8.83712316716765,8.9162911238724,3978722.0,9.01,0.0,9.05,8.93,9.01,1.0,3978722.0,1
110,2016-09-02,8.9261871184605,9.03009506163548,8.866811150931929,8.98556308598906,3384124.0,9.02,0.0,9.125,8.96,9.08,1.0,3384124.0,4
111,2016-09-01,8.965771096812869,8.98556308598906,8.807435183403369,8.89649913469621,6197623.0,9.06,0.0,9.08,8.9,8.99,1.0,6197623.0,3
112,2016-08-31,8.88660314010812,9.12410701022237,8.83712316716765,9.05483504810571,6420246.0,8.98,0.0,9.22,8.93,9.15,1.0,6420246.0,2
113,2016-08-30,9.09441902645809,9.18843097504498,8.98556308598906,9.134003004810461,6054019.0,9.19,0.0,9.285,9.08,9.23,1.0,6054019.0,1
114,2016-08-29,9.15379499398665,9.28244292363187,9.134003004810461,9.14389899939856,7805075.0,9.25,0.0,9.38,9.23,9.24,1.0,7805075.0,0
115,2016-08-26,9.14389899939856,10.1928744257365,8.936083113048591,10.143394452796,25330013.0,9.24,0.0,10.3,9.03,10.25,1.0,25330013.0,4
116,2016-08-25,10.351210339146,10.380898322910301,10.009798525856802,10.064226496091301,8872877.0,10.46,0.0,10.49,10.115,10.17,1.0,8872877.0,3
117,2016-08-24,10.1038104744436,10.222562409500801,10.093914479855501,10.2027704203246,3734175.0,10.21,0.0,10.33,10.2,10.31,1.0,3734175.0,2
118,2016-08-23,10.1928744257365,10.222562409500801,10.0741224906794,10.1038104744436,10159767.0,10.3,0.0,10.33,10.18,10.21,1.0,10159767.0,1
119,2016-08-22,10.0741224906794,10.1532904473841,9.975162544798419,10.133498458207901,4399886.0,10.18,0.0,10.26,10.08,10.24,1.0,4399886.0,0
120,2016-08-19,10.133498458207901,10.163186441972199,9.76744561839434,9.83661862056511,5963872.0,10.24,0.0,10.27,9.8701,9.94,1.0,5963872.0,4
121,2016-08-18,9.8663066043294,9.87620259891749,9.50015480456993,9.50015480456993,4074024.0,9.97,0.0,9.98,9.6,9.6,1.0,4074024.0,3
122,2016-08-17,9.52984278833421,9.599114750450859,9.42098684786518,9.599114750450859,3264258.0,9.63,0.0,9.7,9.52,9.7,1.0,3264258.0,2
123,2016-08-16,9.609010745038962,9.68817870174371,9.51005079915802,9.63869872880324,2888665.0,9.71,0.0,9.79,9.61,9.74,1.0,2888665.0,1
124,2016-08-15,9.64859472339133,9.73271067739013,9.5496347775104,9.57932276127468,5100376.0,9.75,0.0,9.835,9.65,9.68,1.0,5100376.0,0
125,2016-08-12,9.56942676668658,9.67828270715561,9.56942676668658,9.618906739627052,3091270.0,9.67,0.0,9.78,9.67,9.72,1.0,3091270.0,4
126,2016-08-11,9.618906739627052,9.73271067739013,9.57437476398063,9.599114750450859,2162128.0,9.72,0.0,9.835,9.675,9.7,1.0,2162128.0,3
127,2016-08-10,9.58921875586277,9.599114750450859,9.470466820805651,9.52984278833421,3354839.0,9.69,0.0,9.7,9.57,9.63,1.0,3354839.0,2
128,2016-08-09,9.48036281539374,9.50015480456993,9.3912988641009,9.43088284245327,2487673.0,9.58,0.0,9.6,9.49,9.53,1.0,2487673.0,1
129,2016-08-08,9.42098684786518,9.450674831629462,9.30223491280806,9.381402869512801,2898274.0,9.52,0.0,9.55,9.4,9.48,1.0,2898274.0,0
130,2016-08-05,9.381402869512801,9.40119485868899,9.20327496692712,9.21317096151521,2336937.0,9.48,0.0,9.5,9.3,9.31,1.0,2336937.0,4
131,2016-08-04,9.16369098857474,9.25275493986759,9.08452303186999,9.12410701022237,2828821.0,9.26,0.0,9.35,9.18,9.22,1.0,2828821.0,3
132,2016-08-03,9.134003004810461,9.134003004810461,8.9261871184605,8.9261871184605,3667676.0,9.23,0.0,9.23,9.02,9.02,1.0,3667676.0,2
133,2016-08-02,8.94597910763668,9.15379499398665,8.9261871184605,9.12410701022237,3392596.0,9.04,0.0,9.25,9.02,9.22,1.0,3392596.0,1
134,2016-08-01,9.12410701022237,9.19337897233902,9.04493905351762,9.19337897233902,4733557.0,9.22,0.0,9.29,9.14,9.29,1.0,4733557.0,0
135,2016-07-29,9.20327496692712,9.2329629506914,9.0746270372819,9.20327496692712,3736467.0,9.3,0.0,9.33,9.17,9.3,1.0,3736467.0,4
136,2016-07-28,9.20327496692712,9.2329629506914,9.03504305892953,9.17358698316284,3329867.0,9.3,0.0,9.33,9.13,9.27,1.0,3329867.0,3
137,2016-07-27,9.19337897233902,9.28244292363187,9.12410701022237,9.24285894527949,3505370.0,9.29,0.0,9.38,9.22,9.34,1.0,3505370.0,2
138,2016-07-26,9.21317096151521,9.2329629506914,9.05483504810571,9.064731042693811,3895218.0,9.31,0.0,9.33,9.15,9.16,1.0,3895218.0,1
139,2016-07-25,9.05483504810571,9.09441902645809,9.005355075165241,9.005355075165241,3845097.0,9.15,0.0,9.19,9.1,9.1,1.0,3845097.0,0
140,2016-07-22,9.025147064341429,9.05483504810571,8.866811150931929,8.936083113048591,2348615.0,9.12,0.0,9.15,8.96,9.03,1.0,2348615.0,4
141,2016-07-21,8.9261871184605,8.975667091400961,8.87670714552003,8.9261871184605,4509053.0,9.02,0.0,9.07,8.97,9.02,1.0,4509053.0,3
142,2016-07-20,8.9162911238724,8.936083113048591,8.78269519693314,8.906395129284311,8589886.0,9.01,0.0,9.03,8.875,9.0,1.0,8589886.0,2
143,2016-07-19,8.82722717257956,9.08452303186999,8.78764319422718,8.99545908057715,5957169.0,8.92,0.0,9.18,8.88,9.09,1.0,5957169.0,1
144,2016-07-18,8.99545908057715,9.09441902645809,8.975667091400961,9.04493905351762,4540969.0,9.09,0.0,9.19,9.07,9.14,1.0,4540969.0,0
145,2016-07-15,8.99545908057715,9.04493905351762,8.9162911238724,8.99545908057715,5081712.0,9.09,0.0,9.14,9.01,9.09,1.0,5081712.0,4
146,2016-07-14,8.99545908057715,9.470466820805651,8.84701916175574,9.460570826217552,20493522.0,9.09,0.0,9.57,8.94,9.56,1.0,20493522.0,3
147,2016-07-13,9.68817870174371,9.737559714738302,9.65849071797943,9.7079706909199,5866903.0,9.79,0.0,9.8399,9.76,9.81,1.0,5866903.0,2
148,2016-07-12,9.63869872880324,9.66838671256752,9.40119485868899,9.42098684786518,6541849.0,9.74,0.0,9.77,9.5,9.52,1.0,6541849.0,1
149,2016-07-11,9.40119485868899,9.44077883704137,9.32202690198424,9.35171488574852,5482147.0,9.5,0.0,9.54,9.42,9.45,1.0,5482147.0,0
150,2016-07-08,9.30223491280806,9.33192289657234,9.114211015634279,9.16369098857474,5918153.0,9.4,0.0,9.43,9.21,9.26,1.0,5918153.0,4
151,2016-07-07,9.114211015634279,9.19832696963307,8.9261871184605,8.936083113048591,6625309.0,9.21,0.0,9.295,9.02,9.03,1.0,6625309.0,3
152,2016-07-06,8.99545908057715,9.064731042693811,8.82722717257956,8.89649913469621,7762121.0,9.09,0.0,9.16,8.92,8.99,1.0,7762121.0,2
153,2016-07-05,8.975667091400961,9.084621991815869,8.866811150931929,9.05483504810571,7207598.0,9.07,0.0,9.1801,8.96,9.15,1.0,7207598.0,1
154,2016-07-01,9.15379499398665,9.228014953397349,9.03504305892953,9.03504305892953,6916009.0,9.25,0.0,9.325,9.13,9.13,1.0,6916009.0,4
155,2016-06-30,9.08452303186999,9.08452303186999,8.81238318069742,8.975667091400961,7761814.0,9.18,0.0,9.18,8.905,9.07,1.0,7761814.0,3
156,2016-06-29,8.975667091400961,9.04493905351762,8.807435183403369,8.817331177991461,9123219.0,9.07,0.0,9.14,8.9,8.91,1.0,9123219.0,2
157,2016-06-28,8.74805921587481,8.807435183403369,8.50065935117247,8.51055534576056,9030408.0,8.84,0.0,8.9,8.59,8.6,1.0,9030408.0,1
158,2016-06-27,8.43138738905581,8.77774719963909,8.41159539987962,8.66889125917006,11582730.0,8.52,0.0,8.87,8.5,8.76,1.0,11582730.0,0
159,2016-06-24,8.78764319422718,9.14389899939856,8.78764319422718,9.025147064341429,10154808.0,8.88,0.0,9.24,8.88,9.12,1.0,10154808.0,4
160,2016-06-23,9.450674831629462,9.56942676668658,9.16369098857474,9.19337897233902,10669090.0,9.55,0.0,9.67,9.26,9.29,1.0,10669090.0,3
161,2016-06-22,9.14389899939856,9.30223491280806,9.0746270372819,9.10431502104618,10779112.0,9.24,0.0,9.4,9.17,9.2,1.0,10779112.0,2
162,2016-06-21,9.08452303186999,9.12410701022237,8.866811150931929,8.88660314010812,10996453.0,9.18,0.0,9.22,8.96,8.98,1.0,10996453.0,1
163,2016-06-20,8.84701916175574,8.99545908057715,8.78764319422718,8.975667091400961,8842288.0,8.94,0.0,9.09,8.88,9.07,1.0,8842288.0,0
164,2016-06-17,8.88660314010812,8.98556308598906,8.757955210462901,8.936083113048591,10169554.0,8.98,0.0,9.08,8.85,9.03,1.0,10169554.0,4
165,2016-06-16,8.936083113048591,8.955875102224779,8.74805921587481,8.767851205051,7646244.0,9.03,0.0,9.05,8.84,8.86,1.0,7646244.0,3
166,2016-06-15,8.82722717257956,8.89649913469621,8.72826722669862,8.84701916175574,8301724.0,8.92,0.0,8.99,8.82,8.94,1.0,8301724.0,2
167,2016-06-14,8.767851205051,8.866811150931929,8.68868324834625,8.72826722669862,11263917.0,8.86,0.0,8.96,8.78,8.82,1.0,11263917.0,1
168,2016-06-13,8.74805921587481,8.87670714552003,8.65899526458197,8.69857924293434,8130024.0,8.84,0.0,8.97,8.75,8.79,1.0,8130024.0,0
169,2016-06-10,8.77774719963909,8.84701916175574,8.73816322128672,8.817331177991461,7903689.0,8.87,0.0,8.94,8.83,8.91,1.0,7903689.0,4
170,2016-06-09,8.871759148225982,8.89649913469621,8.762903207756949,8.85691515634384,8405093.0,8.965,0.0,8.99,8.855,8.95,1.0,8405093.0,3
171,2016-06-08,8.866811150931929,9.064731042693811,8.866811150931929,8.9261871184605,9612786.0,8.96,0.055,9.16,8.96,9.02,1.0,9612786.0,2
172,2016-06-07,8.940578298610241,9.00942763644332,8.822550862324949,8.83238648201539,7735971.0,9.09,0.0,9.16,8.97,8.98,1.0,7735971.0,1
173,2016-06-06,8.83238648201539,9.00942763644332,8.65534532758747,8.675016566968349,15663954.0,8.98,0.0,9.16,8.8,8.82,1.0,15663954.0,0
174,2016-06-03,8.694687806349231,8.74386590480143,8.57666037006394,8.714359045730111,11146467.0,8.84,0.0,8.89,8.72,8.86,1.0,11146467.0,4
175,2016-06-02,8.77337276387275,8.90123581984848,8.70452342603967,8.80287962294407,18420676.0,8.92,0.0,9.05,8.85,8.95,1.0,18420676.0,3
176,2016-06-01,8.871728960777151,8.98975639706244,8.81271524263451,8.85205772139627,12405498.0,9.02,0.0,9.14,8.96,9.0,1.0,12405498.0,2
177,2016-05-31,8.91107143953892,9.06844135458596,8.65534532758747,8.66518094727791,85270072.0,9.06,0.0,9.22,8.8,8.81,1.0,85270072.0,1
178,2016-05-27,8.45863293377866,8.68485218665879,8.26192053996985,8.34060549749338,17451250.0,8.6,0.0,8.83,8.4,8.48,1.0,17451250.0,4
179,2016-05-26,8.43896169439778,8.44879731408822,8.19307120213677,8.23241368089853,8356484.0,8.58,0.0,8.59,8.33,8.37,1.0,8356484.0,3
180,2016-05-25,8.22257806120809,8.3701123565647,8.19798901198199,8.33076987780294,5706487.0,8.36,0.0,8.51,8.335,8.47,1.0,5706487.0,2
181,2016-05-24,8.27175615966029,8.33076987780294,8.00619442801841,8.035701287089731,9301045.0,8.41,0.0,8.47,8.14,8.17,1.0,9301045.0,1
182,2016-05-23,8.02586566739929,8.11438624461325,7.740632696376519,7.83898889328092,12218535.0,8.16,0.0,8.25,7.87,7.97,1.0,12218535.0,0
183,2016-05-20,7.83898889328092,7.8586601326618,7.4766446638851,7.514413443496389,11315872.0,7.97,0.0,7.99,7.6016,7.64,1.0,11315872.0,4
184,2016-05-19,7.83898889328092,7.96685194925664,7.7603039357574,7.917673850804441,4676144.0,7.97,0.0,8.1,7.89,8.05,1.0,4676144.0,3
185,2016-05-18,7.94718070987576,8.08487938554193,7.8881669917331205,7.96685194925664,5070959.0,8.08,0.0,8.22,8.02,8.1,1.0,5070959.0,2
186,2016-05-17,7.8783313720426795,7.93734509018532,7.7603039357574,7.83898889328092,5058414.0,8.01,0.0,8.07,7.89,7.97,1.0,5058414.0,1
187,2016-05-16,7.8586601326618,7.93734509018532,7.7209614569956395,7.8094820342096,3981114.0,7.99,0.0,8.07,7.85,7.94,1.0,3981114.0,0
188,2016-05-13,7.78981079482872,7.8881669917331205,7.740632696376519,7.8094820342096,3531599.0,7.92,0.0,8.02,7.87,7.94,1.0,3531599.0,4
189,2016-05-12,7.7996464145191595,8.00619442801841,7.701290217614759,8.00619442801841,6108585.0,7.93,0.0,8.14,7.83,8.14,1.0,6108585.0,3
190,2016-05-11,7.9865231886375305,8.08487938554193,7.93734509018532,8.00619442801841,5607178.0,8.12,0.0,8.22,8.07,8.14,1.0,5607178.0,2
191,2016-05-10,8.02586566739929,8.035701287089731,7.8586601326618,7.907838231114,5362449.0,8.16,0.0,8.17,7.99,8.04,1.0,5362449.0,1
192,2016-05-09,7.907838231114,8.04553690678017,7.77997517513828,7.9766875689470895,4667835.0,8.04,0.0,8.18,7.91,8.11,1.0,4667835.0,0
193,2016-05-06,7.94718070987576,7.94718070987576,7.75046831606696,7.8094820342096,5420982.0,8.08,0.0,8.08,7.88,7.94,1.0,5420982.0,4
194,2016-05-05,7.8881669917331205,8.14389310368457,7.848824512971361,8.08487938554193,4489624.0,8.02,0.0,8.28,7.98,8.22,1.0,4489624.0,3
195,2016-05-04,8.02586566739929,8.153728723375009,7.8881669917331205,8.00619442801841,8055490.0,8.16,0.0,8.29,8.02,8.14,1.0,8055490.0,2
196,2016-05-03,8.11438624461325,8.3701123565647,7.952098519720991,8.26192053996985,11524730.0,8.25,0.0,8.51,8.085,8.4,1.0,11524730.0,1
197,2016-05-02,8.3701123565647,8.60616722913526,8.22257806120809,8.52748227161174,13744343.0,8.51,0.0,8.75,8.36,8.67,1.0,13744343.0,0
198,2016-04-29,9.45203052251313,9.69792101477414,9.343838705918289,9.66841415570282,4317086.0,9.61,0.0,9.86,9.5,9.83,1.0,4317086.0,4
199,2016-04-28,9.69792101477414,10.007743035023001,9.6880853950837,9.8356196904403,5956995.0,9.86,0.0,10.175,9.85,10.0,1.0,5956995.0,3
200,2016-04-27,9.894633408582939,9.95364712672558,9.54055109972709,9.57005795879842,10123621.0,10.06,0.0,10.12,9.7,9.73,1.0,10123621.0,2
201,2016-04-26,9.59956481786974,9.59956481786974,9.40777023390615,9.50120862096533,3588273.0,9.76,0.0,9.76,9.565,9.66,1.0,3588273.0,1
202,2016-04-25,9.50120862096533,9.55038671941753,9.41268804375137,9.481537381584449,3435441.0,9.66,0.0,9.71,9.57,9.64,1.0,3435441.0,0
203,2016-04-22,9.530715480036651,9.579893578488859,9.284824987775641,9.343838705918289,3959489.0,9.69,0.0,9.74,9.44,9.5,1.0,3959489.0,4
204,2016-04-21,9.36350994529917,9.530715480036651,9.334003086227849,9.47170176189401,3606028.0,9.52,0.0,9.69,9.49,9.63,1.0,3606028.0,3
205,2016-04-20,9.49137300127489,9.54055109972709,9.107783833347721,9.1766331711808,8136375.0,9.65,0.0,9.7,9.26,9.33,1.0,8136375.0,2
206,2016-04-19,9.1274550727286,9.284824987775641,9.107783833347721,9.2749893680852,5189268.0,9.28,0.0,9.44,9.26,9.43,1.0,5189268.0,1
207,2016-04-18,9.19630441056168,9.26515374839476,9.14712631210948,9.14712631210948,3837723.0,9.35,0.0,9.42,9.3,9.3,1.0,3837723.0,0
208,2016-04-15,9.235646889323439,9.383181184680051,9.191386600716461,9.353674325608731,3781464.0,9.39,0.0,9.54,9.345,9.51,1.0,3781464.0,4
209,2016-04-14,9.334003086227849,9.51104424065577,9.28974279762087,9.47170176189401,4675758.0,9.49,0.0,9.67,9.445,9.63,1.0,4675758.0,3
210,2016-04-13,9.51104424065577,9.57005795879842,9.383181184680051,9.43235928313225,4174264.0,9.67,0.0,9.73,9.54,9.59,1.0,4174264.0,2
211,2016-04-12,9.353674325608731,9.45203052251313,9.21597564994256,9.45203052251313,7157916.0,9.51,0.0,9.61,9.37,9.61,1.0,7157916.0,1
212,2016-04-11,9.55038671941753,9.766770352607221,9.47170176189401,9.47170176189401,3450162.0,9.71,0.0,9.93,9.63,9.63,1.0,3450162.0,0
213,2016-04-08,9.54055109972709,9.81594845105942,9.47170176189401,9.81594845105942,4398886.0,9.7,0.0,9.98,9.63,9.98,1.0,4398886.0,4
214,2016-04-07,9.72742787384546,9.92414026765426,9.56022233910798,9.67824977539326,11650605.0,9.89,0.0,10.09,9.72,9.84,1.0,11650605.0,3
215,2016-04-06,9.520879860346211,9.56022233910798,9.255318128704321,9.41268804375137,9925733.0,9.68,0.0,9.72,9.41,9.57,1.0,9925733.0,2
216,2016-04-05,9.42252366344181,9.42252366344181,8.85205772139627,8.871728960777151,19450507.0,9.58,0.0,9.58,9.0,9.02,1.0,19450507.0,1
217,2016-04-04,9.03893449551464,9.18646879087124,8.73403028511099,9.15696193179992,33953534.0,9.19,0.0,9.34,8.88,9.31,1.0,33953534.0,0
218,2016-04-01,10.4650993506285,10.5142774490807,10.2290444780579,10.3372362946528,4009609.0,10.64,0.0,10.69,10.4,10.51,1.0,4009609.0,4
219,2016-03-31,10.406085632485802,10.489688399854598,10.3470719143432,10.3470719143432,2961720.0,10.58,0.0,10.665,10.52,10.52,1.0,2961720.0,3
220,2016-03-30,10.376578773414499,10.5241130687711,10.322482865117099,10.327400674962302,3647523.0,10.55,0.0,10.7,10.495,10.5,1.0,3647523.0,2
221,2016-03-29,10.2880581962006,10.3618253438789,9.98315398579691,10.05200332363,5003198.0,10.46,0.0,10.535,10.15,10.22,1.0,5003198.0,1
222,2016-03-28,10.081510182701301,10.150359520534401,9.98315398579691,10.1306882811535,1947528.0,10.25,0.0,10.32,10.15,10.3,1.0,1947528.0,0
223,2016-03-24,10.1306882811535,10.1306882811535,9.85529092982118,10.0716745630109,3040519.0,10.3,0.0,10.3,10.02,10.24,1.0,3040519.0,3
224,2016-03-23,10.1601951402248,10.327400674962302,10.101181422082199,10.3077294355814,3607926.0,10.33,0.0,10.5,10.27,10.48,1.0,3607926.0,2
225,2016-03-22,10.297893815891,10.4650993506285,10.189701999296199,10.2192088583675,2914874.0,10.47,0.0,10.64,10.36,10.39,1.0,2914874.0,1
226,2016-03-21,10.2585513371292,10.376578773414499,10.170030759915301,10.3077294355814,2906090.0,10.43,0.0,10.55,10.34,10.48,1.0,2906090.0,0
227,2016-03-18,10.3077294355814,10.4650993506285,10.1995376189866,10.2192088583675,4214033.0,10.48,0.0,10.64,10.37,10.39,1.0,4214033.0,4
228,2016-03-17,10.2192088583675,10.2290444780579,10.05200332363,10.170030759915301,3105306.0,10.39,0.0,10.4,10.22,10.34,1.0,3105306.0,3
229,2016-03-16,10.1995376189866,10.2290444780579,10.002825225177801,10.1110170417726,3127492.0,10.37,0.0,10.4,10.17,10.28,1.0,3127492.0,2
230,2016-03-15,10.002825225177801,10.150359520534401,9.963482746416028,10.05200332363,2542446.0,10.17,0.0,10.32,10.13,10.22,1.0,2542446.0,1
231,2016-03-14,10.081510182701301,10.170030759915301,9.8847977888925,9.894633408582939,3061999.0,10.25,0.0,10.34,10.05,10.06,1.0,3061999.0,0
232,2016-03-11,10.1601951402248,10.2290444780579,10.032332084249099,10.0716745630109,3286692.0,10.33,0.0,10.4,10.2,10.24,1.0,3286692.0,4
233,2016-03-10,9.98315398579691,10.1208526614631,9.840537500285519,10.012660844868199,4032507.0,10.15,0.0,10.29,10.005,10.18,1.0,4032507.0,3
234,2016-03-09,9.97331836610647,10.1208526614631,9.82578407074986,9.90446902827338,4803632.0,10.14,0.0,10.29,9.99,10.07,1.0,4803632.0,2
235,2016-03-08,9.8356196904403,9.99289124929044,9.747099113226339,9.90446902827338,2499243.0,10.0,0.045,10.1599,9.91,10.07,1.0,2499243.0,1
236,2016-03-07,9.99718039217476,10.0363466228983,9.889473257685118,9.91884793072775,3480518.0,10.21,0.0,10.25,10.1,10.13,1.0,3480518.0,0
237,2016-03-04,9.95801416145126,10.1244706420262,9.889473257685118,10.026555065217401,5992486.0,10.17,0.0,10.34,10.1,10.24,1.0,5992486.0,4
238,2016-03-03,10.026555065217401,10.0853044113026,9.879681700004241,9.94822260377038,3476835.0,10.24,0.0,10.3,10.09,10.16,1.0,3476835.0,3
239,2016-03-02,10.006971949855599,10.0167635075365,9.82093235391899,9.889473257685118,3715687.0,10.22,0.0,10.23,10.03,10.1,1.0,3715687.0,2
240,2016-03-01,9.9384310460895,10.0167635075365,9.72321260826384,9.742599892471981,3273424.0,10.15,0.0,10.23,9.9302,9.95,1.0,3273424.0,1
241,2016-02-29,9.723016777110221,9.889473257685118,9.625101200301462,9.69364210406759,3724344.0,9.93,0.0,10.1,9.83,9.9,1.0,3724344.0,0
242,2016-02-26,9.723016777110221,9.928639488408631,9.69364210406759,9.79155768087636,6015378.0,9.93,0.0,10.14,9.9,10.0,1.0,6015378.0,4
243,2016-02-25,9.78176612319548,9.78176612319548,9.63489275798234,9.77197456551461,3317994.0,9.99,0.0,9.99,9.84,9.98,1.0,3317994.0,3
244,2016-02-24,9.76218300783373,9.76218300783373,9.45864471972656,9.53697718117357,4363111.0,9.97,0.0,9.97,9.66,9.74,1.0,4363111.0,2
245,2016-02-23,9.664267431024971,9.723016777110221,9.3998953736413,9.53697718117357,6298729.0,9.87,0.0,9.93,9.6,9.74,1.0,6298729.0,1
246,2016-02-22,9.60551808493971,9.69364210406759,9.419478489003062,9.69364210406759,6395312.0,9.81,0.0,9.9,9.62,9.9,1.0,6395312.0,0
247,2016-02-19,9.39010381596043,9.45864471972656,9.07677397017238,9.08656552785326,8096182.0,9.59,0.0,9.66,9.27,9.28,1.0,8096182.0,4
248,2016-02-18,9.46843627740744,9.889473257685118,9.10614864321501,9.18448110466202,19652413.0,9.67,0.0,10.1,9.3,9.38,1.0,19652413.0,3
249,2016-02-17,8.34240714410666,8.40115649019192,8.1172013174465,8.13678443280825,8488021.0,8.52,0.0,8.58,8.29,8.31,1.0,8488021.0,2
250,2016-02-16,8.09761820208475,8.22490845193614,7.5394994142747995,7.63741499108356,5085020.0,8.27,0.0,8.4,7.7,7.8,1.0,5085020.0,1
251,2016-02-12,7.647206548764441,7.6765812218070595,7.49054162587041,7.56887408731743,4659755.0,7.81,0.0,7.84,7.65,7.73,1.0,4659755.0,4
252,2016-02-11,7.51991629891304,7.6765812218070595,7.42200072210428,7.62762343340268,4526998.0,7.68,0.0,7.84,7.58,7.79,1.0,4526998.0,3
253,2016-02-10,7.68637277948794,7.79407991397758,7.60804031804093,7.66678966412619,3935608.0,7.85,0.0,7.96,7.77,7.83,1.0,3935608.0,2
254,2016-02-09,7.60804031804093,7.7451221255732,7.55908252963655,7.6765812218070595,5134970.0,7.77,0.0,7.91,7.72,7.84,1.0,5134970.0,1
255,2016-02-08,7.7451221255732,7.89199549078635,7.63741499108356,7.79407991397758,4046961.0,7.91,0.0,8.06,7.8,7.96,1.0,4046961.0,0
256,2016-02-05,7.89199549078635,8.12689495955057,7.88220393310547,8.03886885599949,3478869.0,8.06,0.0,8.2999,8.05,8.21,1.0,3478869.0,4
257,2016-02-04,8.06824352904212,8.09761820208475,7.847933481222401,7.89199549078635,5641553.0,8.24,0.0,8.27,8.015,8.06,1.0,5641553.0,3
258,2016-02-03,7.92137016382897,7.936057500350291,7.6765812218070595,7.73533056789232,4798603.0,8.09,0.0,8.105,7.84,7.9,1.0,4798603.0,2
259,2016-02-02,7.66678966412619,7.86262081774372,7.647206548764441,7.80387147165846,2760068.0,7.83,0.0,8.03,7.81,7.97,1.0,2760068.0,1
260,2016-02-01,7.89199549078635,8.01928574063774,7.73533056789232,7.75491368325408,3989169.0,8.06,0.0,8.19,7.9,7.92,1.0,3989169.0,0
261,2016-01-29,7.81366302933933,7.81366302933933,7.60804031804093,7.62762343340268,3331414.0,7.98,0.0,7.98,7.77,7.79,1.0,3331414.0,4
262,2016-01-28,7.5786656449983,7.6961643371688195,7.54929097195567,7.6961643371688195,2174401.0,7.74,0.0,7.86,7.71,7.86,1.0,2174401.0,3
263,2016-01-27,7.6178318757218095,7.84577933853261,7.55908252963655,7.7744967986158295,3637741.0,7.78,0.0,8.0128,7.72,7.94,1.0,3637741.0,2
264,2016-01-26,7.82345458702021,7.92137016382897,7.7451221255732,7.7451221255732,3539242.0,7.99,0.0,8.09,7.91,7.91,1.0,3539242.0,1
265,2016-01-25,7.73533056789232,7.76470524093495,7.6178318757218095,7.62762343340268,4852807.0,7.9,0.0,7.93,7.78,7.79,1.0,4852807.0,0
266,2016-01-22,7.6178318757218095,7.6961643371688195,7.55908252963655,7.66678966412619,3149059.0,7.78,0.0,7.86,7.72,7.83,1.0,3149059.0,4
267,2016-01-21,7.5394994142747995,7.62762343340268,7.44158383746603,7.54929097195567,3528495.0,7.7,0.0,7.79,7.6,7.71,1.0,3528495.0,3
268,2016-01-20,7.51012474123217,7.65699810644531,7.24575268384851,7.60804031804093,5189603.0,7.67,0.0,7.82,7.4,7.77,1.0,5189603.0,2
269,2016-01-19,7.68637277948794,7.84303770238196,7.59824876036005,7.71574745253057,4322716.0,7.85,0.0,8.01,7.76,7.88,1.0,4322716.0,1
270,2016-01-15,7.70595589484969,7.81366302933933,7.55908252963655,7.6961643371688195,3636998.0,7.87,0.0,7.98,7.72,7.86,1.0,3636998.0,4
271,2016-01-14,7.940953279190731,8.03886885599949,7.6961643371688195,7.88220393310547,4398476.0,8.11,0.0,8.21,7.86,8.05,1.0,4398476.0,3
272,2016-01-13,7.89199549078635,8.15636754817001,7.84303770238196,8.07803508672299,4296777.0,8.06,0.0,8.33,8.01,8.25,1.0,4296777.0,2
273,2016-01-12,8.07803508672299,8.30324091338315,7.93116172150985,8.14657599048913,4669197.0,8.25,0.0,8.48,8.1,8.32,1.0,4669197.0,1
274,2016-01-11,8.06824352904212,8.30324091338315,7.97032795223336,8.25428312497877,4480254.0,8.24,0.0,8.48,8.14,8.43,1.0,4480254.0,0
275,2016-01-08,8.20532533657439,8.538238297724181,8.17595066353176,8.538238297724181,3003521.0,8.38,0.0,8.72,8.35,8.72,1.0,3003521.0,4
276,2016-01-07,8.46969739395805,8.64594543221382,8.33261558642578,8.528446740043309,4542935.0,8.65,0.0,8.83,8.51,8.71,1.0,4542935.0,3
277,2016-01-06,8.69490322061821,8.8221934704696,8.51865518236243,8.528446740043309,5250232.0,8.88,0.0,9.01,8.7,8.71,1.0,5250232.0,2
278,2016-01-05,8.64594543221382,9.10614864321501,8.60677920149032,9.018024624087131,5406215.0,8.83,0.0,9.3,8.79,9.21,1.0,5406215.0,1
279,2016-01-04,9.03760773944888,9.057190854810631,8.85156814351223,8.85156814351223,4442859.0,9.23,0.0,9.25,9.04,9.04,1.0,4442859.0,0
