,Unnamed: 0,adj_close,adj_high,adj_low,adj_open,adj_volume,close,ex_dividend,high,low,open,split_ratio,volume,Day of Week
0,2017-02-10,0.8925,0.8925,0.85,0.85,2531.0,0.8925,0.0,0.8925,0.85,0.85,1.0,2531.0,4
1,2017-02-09,0.85,1.0,0.75,0.85,11295.0,0.85,0.0,1.0,0.75,0.85,1.0,11295.0,3
2,2017-02-08,0.7001,0.73,0.7001,0.72,2704.0,0.7001,0.0,0.73,0.7001,0.72,1.0,2704.0,2
3,2017-02-07,0.85,1.0,0.85,0.9,4071.0,0.85,0.0,1.0,0.85,0.9,1.0,4071.0,1
4,2017-02-06,0.81,0.9775,0.79,0.8499,4505.0,0.81,0.0,0.9775,0.79,0.8499,1.0,4505.0,0
5,2017-02-03,0.85,0.9,0.8,0.89,3163.0,0.85,0.0,0.9,0.8,0.89,1.0,3163.0,4
6,2017-02-02,0.8,0.8,0.7945,0.7945,1064.0,0.8,0.0,0.8,0.7945,0.7945,1.0,1064.0,3
7,2017-02-01,0.8999,0.8999,0.8999,0.8999,225.0,0.8999,0.0,0.8999,0.8999,0.8999,1.0,225.0,2
8,2017-01-31,0.8936,0.9,0.8936,0.9,814.0,0.8936,0.0,0.9,0.8936,0.9,1.0,814.0,1
9,2017-01-30,0.76,0.76,0.76,0.76,73323.0,0.76,0.0,0.76,0.76,0.76,1.0,73323.0,0
10,2017-01-27,0.72,0.7714,0.72,0.77,1817.0,0.72,0.0,0.7714,0.72,0.77,1.0,1817.0,4
11,2017-01-26,0.79,0.8017,0.7,0.7,17721.0,0.79,0.0,0.8017,0.7,0.7,1.0,17721.0,3
12,2017-01-25,0.55,0.55,0.55,0.55,747.0,0.55,0.0,0.55,0.55,0.55,1.0,747.0,2
13,2017-01-24,0.55,0.58,0.55,0.58,2038.0,0.55,0.0,0.58,0.55,0.58,1.0,2038.0,1
14,2017-01-23,0.58,0.58,0.58,0.58,134.0,0.58,0.0,0.58,0.58,0.58,1.0,134.0,0
15,2017-01-20,0.55,0.5665,0.55,0.5665,2682.0,0.55,0.0,0.5665,0.55,0.5665,1.0,2682.0,4
16,2017-01-19,0.53,0.57,0.5,0.5,7502.0,0.53,0.0,0.57,0.5,0.5,1.0,7502.0,3
17,2017-01-18,0.69,0.7875,0.45,0.45,2332.0,0.69,0.0,0.7875,0.45,0.45,1.0,2332.0,2
18,2017-01-17,0.75,0.75,0.53,0.53,8899.0,0.75,0.0,0.75,0.53,0.53,1.0,8899.0,1
19,2017-01-13,0.43,0.8214,0.43,0.8214,2386.0,0.43,0.0,0.8214,0.43,0.8214,1.0,2386.0,4
20,2017-01-12,0.6,0.9636,0.43,0.43,85135.0,0.6,0.0,0.9636,0.43,0.43,1.0,85135.0,3
21,2017-01-11,0.371,0.371,0.371,0.371,4000.0,0.371,0.0,0.371,0.371,0.371,1.0,4000.0,2
22,2017-01-10,0.371,0.371,0.371,0.371,28.0,0.371,0.0,0.371,0.371,0.371,1.0,28.0,1
23,2017-01-05,0.371,0.371,0.371,0.371,40.0,0.371,0.0,0.371,0.371,0.371,1.0,40.0,3
24,2016-12-29,0.371,0.371,0.371,0.371,100.0,0.371,0.0,0.371,0.371,0.371,1.0,100.0,3
25,2016-12-27,0.371,0.371,0.371,0.371,580.0,0.371,0.0,0.371,0.371,0.371,1.0,580.0,1
26,2016-12-21,0.371,0.371,0.371,0.371,202.0,0.371,0.0,0.371,0.371,0.371,1.0,202.0,2
27,2016-12-20,0.371,0.371,0.371,0.371,100.0,0.371,0.0,0.371,0.371,0.371,1.0,100.0,1
28,2016-12-19,0.371,0.371,0.371,0.371,1500.0,0.371,0.0,0.371,0.371,0.371,1.0,1500.0,0
29,2016-12-16,0.371,0.371,0.371,0.371,3.0,0.371,0.0,0.371,0.371,0.371,1.0,3.0,4
30,2016-12-15,0.371,0.3757,0.371,0.371,2206.0,0.371,0.0,0.3757,0.371,0.371,1.0,2206.0,3
31,2016-12-13,0.371,0.371,0.371,0.371,8201.0,0.371,0.0,0.371,0.371,0.371,1.0,8201.0,1
32,2016-12-12,0.375,0.3751,0.375,0.375,9300.0,0.375,0.0,0.3751,0.375,0.375,1.0,9300.0,0
33,2016-12-09,0.3751,0.3751,0.3751,0.3751,125.0,0.3751,0.0,0.3751,0.3751,0.3751,1.0,125.0,4
34,2016-12-08,0.39,0.39,0.39,0.39,100.0,0.39,0.0,0.39,0.39,0.39,1.0,100.0,3
35,2016-12-07,0.375,0.39,0.375,0.39,301.0,0.375,0.0,0.39,0.375,0.39,1.0,301.0,2
36,2016-12-06,0.39,0.39,0.39,0.39,100.0,0.39,0.0,0.39,0.39,0.39,1.0,100.0,1
37,2016-12-05,0.3756,0.3756,0.375,0.375,470.0,0.3756,0.0,0.3756,0.375,0.375,1.0,470.0,0
38,2016-11-30,0.375,0.39,0.375,0.39,406.0,0.375,0.0,0.39,0.375,0.39,1.0,406.0,2
39,2016-11-29,0.375,0.375,0.375,0.375,100.0,0.375,0.0,0.375,0.375,0.375,1.0,100.0,1
40,2016-11-28,0.375,0.375,0.375,0.375,100.0,0.375,0.0,0.375,0.375,0.375,1.0,100.0,0
41,2016-11-25,0.375,0.375,0.375,0.375,212.0,0.375,0.0,0.375,0.375,0.375,1.0,212.0,4
42,2016-11-23,0.39,0.39,0.39,0.39,100.0,0.39,0.0,0.39,0.39,0.39,1.0,100.0,2
43,2016-11-22,0.39,0.42,0.375,0.4,10200.0,0.39,0.0,0.42,0.375,0.4,1.0,10200.0,1
44,2016-11-21,0.42,0.42,0.42,0.42,100.0,0.42,0.0,0.42,0.42,0.42,1.0,100.0,0
45,2016-11-18,0.4,0.4001,0.4,0.4,13021.0,0.4,0.0,0.4001,0.4,0.4,1.0,13021.0,4
46,2016-11-17,0.39,0.39,0.39,0.39,100.0,0.39,0.0,0.39,0.39,0.39,1.0,100.0,3
47,2016-11-16,0.39,0.4,0.39,0.4,500.0,0.39,0.0,0.4,0.39,0.4,1.0,500.0,2
48,2016-11-15,0.44,0.44,0.4,0.4,200.0,0.44,0.0,0.44,0.4,0.4,1.0,200.0,1
49,2016-11-14,0.44,0.44,0.44,0.44,14.0,0.44,0.0,0.44,0.44,0.44,1.0,14.0,0
50,2016-11-11,0.44,0.44,0.44,0.44,100.0,0.44,0.0,0.44,0.44,0.44,1.0,100.0,4
51,2016-11-10,0.371,0.371,0.371,0.371,0.0,0.371,0.0,0.371,0.371,0.371,1.0,0.0,3
52,2016-11-09,0.371,0.45,0.371,0.45,24967.0,0.371,0.0,0.45,0.371,0.45,1.0,24967.0,2
53,2016-11-08,0.46,0.46,0.46,0.46,100.0,0.46,0.0,0.46,0.46,0.46,1.0,100.0,1
54,2016-11-07,0.47,0.47,0.45,0.45,606.0,0.47,0.0,0.47,0.45,0.45,1.0,606.0,0
55,2016-11-04,0.375,0.375,0.375,0.375,1.0,0.375,0.0,0.375,0.375,0.375,1.0,1.0,4
56,2016-11-03,0.375,0.375,0.375,0.375,80.0,0.375,0.0,0.375,0.375,0.375,1.0,80.0,3
57,2016-11-02,0.375,0.385,0.375,0.385,800.0,0.375,0.0,0.385,0.375,0.385,1.0,800.0,2
58,2016-11-01,0.375,0.3825,0.375,0.3825,3000.0,0.375,0.0,0.3825,0.375,0.3825,1.0,3000.0,1
59,2016-10-31,0.3825,0.3825,0.3825,0.3825,0.0,0.3825,0.0,0.3825,0.3825,0.3825,1.0,0.0,0
60,2016-10-28,0.3825,0.3825,0.3825,0.3825,0.0,0.3825,0.0,0.3825,0.3825,0.3825,1.0,0.0,4
61,2016-10-27,0.3825,0.3825,0.3825,0.3825,230.0,0.3825,0.0,0.3825,0.3825,0.3825,1.0,230.0,3
62,2016-10-26,0.4722,0.4722,0.4722,0.4722,1.0,0.4722,0.0,0.4722,0.4722,0.4722,1.0,1.0,2
63,2016-10-25,0.4722,0.4722,0.4722,0.4722,123.0,0.4722,0.0,0.4722,0.4722,0.4722,1.0,123.0,1
64,2016-10-24,0.4722,0.4722,0.4722,0.4722,178.0,0.4722,0.0,0.4722,0.4722,0.4722,1.0,178.0,0
65,2016-10-21,0.39899999999999997,0.39899999999999997,0.375,0.375,560.0,0.39899999999999997,0.0,0.39899999999999997,0.375,0.375,1.0,560.0,4
66,2016-10-20,0.375,0.4,0.375,0.39899999999999997,2200.0,0.375,0.0,0.4,0.375,0.39899999999999997,1.0,2200.0,3
67,2016-10-19,0.38,0.38,0.38,0.38,100.0,0.38,0.0,0.38,0.38,0.38,1.0,100.0,2
68,2016-10-18,0.38,0.38,0.38,0.38,100.0,0.38,0.0,0.38,0.38,0.38,1.0,100.0,1
69,2016-10-17,0.4016,0.4016,0.4016,0.4016,0.0,0.4016,0.0,0.4016,0.4016,0.4016,1.0,0.0,0
70,2016-10-14,0.4016,0.434,0.4016,0.4016,400.0,0.4016,0.0,0.434,0.4016,0.4016,1.0,400.0,4
71,2016-10-13,0.4016,0.46,0.38,0.45,3101.0,0.4016,0.0,0.46,0.38,0.45,1.0,3101.0,3
72,2016-10-12,0.45,0.45,0.45,0.45,0.0,0.45,0.0,0.45,0.45,0.45,1.0,0.0,2
73,2016-10-11,0.45,0.45,0.45,0.45,8000.0,0.45,0.0,0.45,0.45,0.45,1.0,8000.0,1
74,2016-10-10,0.6,0.6,0.6,0.6,3001.0,0.6,0.0,0.6,0.6,0.6,1.0,3001.0,0
75,2016-10-07,0.483,0.483,0.483,0.483,219.0,0.483,0.0,0.483,0.483,0.483,1.0,219.0,4
76,2016-10-06,0.46,0.462,0.46,0.462,800.0,0.46,0.0,0.462,0.46,0.462,1.0,800.0,3
77,2016-10-05,0.44,0.44,0.44,0.44,0.0,0.44,0.0,0.44,0.44,0.44,1.0,0.0,2
78,2016-10-04,0.44,0.44,0.44,0.44,0.0,0.44,0.0,0.44,0.44,0.44,1.0,0.0,1
79,2016-10-03,0.44,0.44,0.44,0.44,0.0,0.44,0.0,0.44,0.44,0.44,1.0,0.0,0
80,2016-09-30,0.44,0.44,0.44,0.44,0.0,0.44,0.0,0.44,0.44,0.44,1.0,0.0,4
81,2016-09-29,0.44,0.45,0.4,0.44,2759.0,0.44,0.0,0.45,0.4,0.44,1.0,2759.0,3
82,2016-09-28,0.6990000000000001,0.6990000000000001,0.6990000000000001,0.6990000000000001,600.0,0.6990000000000001,0.0,0.6990000000000001,0.6990000000000001,0.6990000000000001,1.0,600.0,2
83,2016-09-27,0.6,0.6,0.599,0.599,22750.0,0.6,0.0,0.6,0.599,0.599,1.0,22750.0,1
84,2016-09-26,0.59,0.59,0.59,0.59,3.0,0.59,0.0,0.59,0.59,0.59,1.0,3.0,0
85,2016-09-23,0.59,0.59,0.3967,0.59,206.0,0.59,0.0,0.59,0.3967,0.59,1.0,206.0,4
86,2016-09-22,0.599,0.599,0.599,0.599,0.0,0.599,0.0,0.599,0.599,0.599,1.0,0.0,3
87,2016-09-21,0.599,0.599,0.599,0.599,6.0,0.599,0.0,0.599,0.599,0.599,1.0,6.0,2
88,2016-09-20,0.599,0.599,0.599,0.599,0.0,0.599,0.0,0.599,0.599,0.599,1.0,0.0,1
89,2016-09-19,0.599,0.599,0.599,0.599,300.0,0.599,0.0,0.599,0.599,0.599,1.0,300.0,0
90,2016-09-16,0.4091,0.4091,0.4091,0.4091,0.0,0.4091,0.0,0.4091,0.4091,0.4091,1.0,0.0,4
91,2016-09-15,0.4091,0.4091,0.4091,0.4091,0.0,0.4091,0.0,0.4091,0.4091,0.4091,1.0,0.0,3
92,2016-09-14,0.4091,0.4091,0.4091,0.4091,0.0,0.4091,0.0,0.4091,0.4091,0.4091,1.0,0.0,2
93,2016-09-13,0.4091,0.4091,0.4091,0.4091,0.0,0.4091,0.0,0.4091,0.4091,0.4091,1.0,0.0,1
94,2016-09-12,0.4091,0.4091,0.4091,0.4091,0.0,0.4091,0.0,0.4091,0.4091,0.4091,1.0,0.0,0
95,2016-09-09,0.4091,0.4091,0.4091,0.4091,0.0,0.4091,0.0,0.4091,0.4091,0.4091,1.0,0.0,4
96,2016-09-08,0.4091,0.4091,0.4091,0.4091,0.0,0.4091,0.0,0.4091,0.4091,0.4091,1.0,0.0,3
97,2016-09-07,0.4091,0.4091,0.4091,0.4091,0.0,0.4091,0.0,0.4091,0.4091,0.4091,1.0,0.0,2
98,2016-09-06,0.4091,0.4091,0.4091,0.4091,0.0,0.4091,0.0,0.4091,0.4091,0.4091,1.0,0.0,1
99,2016-09-02,0.4091,0.4091,0.4091,0.4091,0.0,0.4091,0.0,0.4091,0.4091,0.4091,1.0,0.0,4
100,2016-09-01,0.4091,0.4091,0.4091,0.4091,0.0,0.4091,0.0,0.4091,0.4091,0.4091,1.0,0.0,3
101,2016-08-31,0.4091,0.4091,0.4091,0.4091,0.0,0.4091,0.0,0.4091,0.4091,0.4091,1.0,0.0,2
102,2016-08-30,0.4091,0.4091,0.4091,0.4091,0.0,0.4091,0.0,0.4091,0.4091,0.4091,1.0,0.0,1
103,2016-08-29,0.4091,0.4091,0.4091,0.4091,0.0,0.4091,0.0,0.4091,0.4091,0.4091,1.0,0.0,0
104,2016-08-26,0.4091,0.4091,0.4091,0.4091,0.0,0.4091,0.0,0.4091,0.4091,0.4091,1.0,0.0,4
105,2016-08-25,0.4091,0.4091,0.4091,0.4091,500.0,0.4091,0.0,0.4091,0.4091,0.4091,1.0,500.0,3
106,2016-08-24,0.375,0.375,0.375,0.375,0.0,0.375,0.0,0.375,0.375,0.375,1.0,0.0,2
107,2016-08-23,0.375,0.375,0.375,0.375,1800.0,0.375,0.0,0.375,0.375,0.375,1.0,1800.0,1
108,2016-08-22,0.38,0.38,0.38,0.38,0.0,0.38,0.0,0.38,0.38,0.38,1.0,0.0,0
109,2016-08-19,0.38,0.6,0.38,0.45899999999999996,1911.0,0.38,0.0,0.6,0.38,0.45899999999999996,1.0,1911.0,4
110,2016-08-18,0.371,0.371,0.371,0.371,0.0,0.371,0.0,0.371,0.371,0.371,1.0,0.0,3
111,2016-08-17,0.371,0.371,0.371,0.371,0.0,0.371,0.0,0.371,0.371,0.371,1.0,0.0,2
112,2016-08-16,0.371,0.6,0.371,0.57,7040.0,0.371,0.0,0.6,0.371,0.57,1.0,7040.0,1
113,2016-08-15,0.5,0.5,0.5,0.5,19.0,0.5,0.0,0.5,0.5,0.5,1.0,19.0,0
114,2016-08-12,0.5,0.5,0.49,0.5,2262.0,0.5,0.0,0.5,0.49,0.5,1.0,2262.0,4
115,2016-08-11,0.5,0.5,0.5,0.5,0.0,0.5,0.0,0.5,0.5,0.5,1.0,0.0,3
116,2016-08-10,0.5,0.5,0.5,0.5,0.0,0.5,0.0,0.5,0.5,0.5,1.0,0.0,2
117,2016-08-09,0.5,0.5,0.5,0.5,30.0,0.5,0.0,0.5,0.5,0.5,1.0,30.0,1
118,2016-08-08,0.5,0.6,0.5,0.6,7000.0,0.5,0.0,0.6,0.5,0.6,1.0,7000.0,0
119,2016-08-05,0.3795,0.3795,0.3795,0.3795,0.0,0.3795,0.0,0.3795,0.3795,0.3795,1.0,0.0,4
120,2016-08-04,0.3795,0.3795,0.3795,0.3795,0.0,0.3795,0.0,0.3795,0.3795,0.3795,1.0,0.0,3
121,2016-08-03,0.3795,0.3795,0.3795,0.3795,0.0,0.3795,0.0,0.3795,0.3795,0.3795,1.0,0.0,2
122,2016-08-02,0.3795,0.3795,0.3795,0.3795,2000.0,0.3795,0.0,0.3795,0.3795,0.3795,1.0,2000.0,1
123,2016-08-01,0.4,0.4,0.4,0.4,63.0,0.4,0.0,0.4,0.4,0.4,1.0,63.0,0
124,2016-07-29,0.4,0.4,0.4,0.4,15.0,0.4,0.0,0.4,0.4,0.4,1.0,15.0,4
125,2016-07-28,0.4,0.4,0.4,0.4,0.0,0.4,0.0,0.4,0.4,0.4,1.0,0.0,3
126,2016-07-27,0.4,0.4,0.4,0.4,0.0,0.4,0.0,0.4,0.4,0.4,1.0,0.0,2
127,2016-07-26,0.4,0.4,0.4,0.4,2000.0,0.4,0.0,0.4,0.4,0.4,1.0,2000.0,1
128,2016-07-25,0.6,0.6,0.6,0.6,0.0,0.6,0.0,0.6,0.6,0.6,1.0,0.0,0
129,2016-07-22,0.6,0.6,0.6,0.6,15.0,0.6,0.0,0.6,0.6,0.6,1.0,15.0,4
130,2016-07-21,0.6,0.6,0.6,0.6,0.0,0.6,0.0,0.6,0.6,0.6,1.0,0.0,3
131,2016-07-20,0.6,0.6,0.6,0.6,0.0,0.6,0.0,0.6,0.6,0.6,1.0,0.0,2
132,2016-07-19,0.6,0.6,0.6,0.6,0.0,0.6,0.0,0.6,0.6,0.6,1.0,0.0,1
133,2016-07-18,0.6,0.6,0.6,0.6,0.0,0.6,0.0,0.6,0.6,0.6,1.0,0.0,0
134,2016-07-15,0.6,0.6,0.6,0.6,0.0,0.6,0.0,0.6,0.6,0.6,1.0,0.0,4
135,2016-07-14,0.6,0.6,0.6,0.6,0.0,0.6,0.0,0.6,0.6,0.6,1.0,0.0,3
136,2016-07-13,0.6,0.6,0.6,0.6,0.0,0.6,0.0,0.6,0.6,0.6,1.0,0.0,2
137,2016-07-12,0.6,0.6,0.6,0.6,0.0,0.6,0.0,0.6,0.6,0.6,1.0,0.0,1
138,2016-07-11,0.6,0.6,0.6,0.6,0.0,0.6,0.0,0.6,0.6,0.6,1.0,0.0,0
139,2016-07-08,0.6,0.6,0.6,0.6,0.0,0.6,0.0,0.6,0.6,0.6,1.0,0.0,4
140,2016-07-07,0.6,0.6,0.6,0.6,0.0,0.6,0.0,0.6,0.6,0.6,1.0,0.0,3
141,2016-07-06,0.6,0.6,0.6,0.6,0.0,0.6,0.0,0.6,0.6,0.6,1.0,0.0,2
142,2016-07-05,0.6,0.6,0.6,0.6,0.0,0.6,0.0,0.6,0.6,0.6,1.0,0.0,1
143,2016-07-01,0.6,0.6,0.6,0.6,0.0,0.6,0.0,0.6,0.6,0.6,1.0,0.0,4
144,2016-06-30,0.6,0.6,0.6,0.6,8.0,0.6,0.0,0.6,0.6,0.6,1.0,8.0,3
145,2016-06-29,0.6,0.6,0.6,0.6,0.0,0.6,0.0,0.6,0.6,0.6,1.0,0.0,2
146,2016-06-28,0.6,0.6,0.6,0.6,0.0,0.6,0.0,0.6,0.6,0.6,1.0,0.0,1
147,2016-06-27,0.6,0.6,0.6,0.6,0.0,0.6,0.0,0.6,0.6,0.6,1.0,0.0,0
148,2016-06-24,0.6,0.6,0.6,0.6,0.0,0.6,0.0,0.6,0.6,0.6,1.0,0.0,4
149,2016-06-23,0.6,0.6,0.6,0.6,0.0,0.6,0.0,0.6,0.6,0.6,1.0,0.0,3
150,2016-06-22,0.6,0.6,0.6,0.6,0.0,0.6,0.0,0.6,0.6,0.6,1.0,0.0,2
151,2016-06-21,0.6,0.6,0.6,0.6,0.0,0.6,0.0,0.6,0.6,0.6,1.0,0.0,1
152,2016-06-20,0.6,0.6,0.6,0.6,0.0,0.6,0.0,0.6,0.6,0.6,1.0,0.0,0
153,2016-06-17,0.6,0.6,0.6,0.6,0.0,0.6,0.0,0.6,0.6,0.6,1.0,0.0,4
154,2016-06-16,0.6,0.6,0.6,0.6,70.0,0.6,0.0,0.6,0.6,0.6,1.0,70.0,3
155,2016-06-15,0.6,0.6,0.6,0.6,0.0,0.6,0.0,0.6,0.6,0.6,1.0,0.0,2
156,2016-06-14,0.6,0.6,0.6,0.6,0.0,0.6,0.0,0.6,0.6,0.6,1.0,0.0,1
157,2016-06-13,0.6,0.6,0.6,0.6,0.0,0.6,0.0,0.6,0.6,0.6,1.0,0.0,0
158,2016-06-10,0.6,0.6,0.6,0.6,0.0,0.6,0.0,0.6,0.6,0.6,1.0,0.0,4
159,2016-06-09,0.6,0.6,0.6,0.6,0.0,0.6,0.0,0.6,0.6,0.6,1.0,0.0,3
160,2016-06-08,0.6,0.6,0.6,0.6,0.0,0.6,0.0,0.6,0.6,0.6,1.0,0.0,2
161,2016-06-07,0.6,0.6,0.6,0.6,0.0,0.6,0.0,0.6,0.6,0.6,1.0,0.0,1
162,2016-06-06,0.6,0.6,0.6,0.6,0.0,0.6,0.0,0.6,0.6,0.6,1.0,0.0,0
163,2016-06-03,0.6,0.6,0.6,0.6,0.0,0.6,0.0,0.6,0.6,0.6,1.0,0.0,4
164,2016-06-02,0.6,0.6,0.6,0.6,0.0,0.6,0.0,0.6,0.6,0.6,1.0,0.0,3
165,2016-06-01,0.6,0.6,0.6,0.6,2300.0,0.6,0.0,0.6,0.6,0.6,1.0,2300.0,2
166,2016-05-31,0.4,0.4,0.4,0.4,0.0,0.4,0.0,0.4,0.4,0.4,1.0,0.0,1
167,2016-05-27,0.4,0.4,0.4,0.4,2.0,0.4,0.0,0.4,0.4,0.4,1.0,2.0,4
168,2016-05-26,0.4,0.4,0.4,0.4,0.0,0.4,0.0,0.4,0.4,0.4,1.0,0.0,3
169,2016-05-25,0.4,0.4,0.4,0.4,0.0,0.4,0.0,0.4,0.4,0.4,1.0,0.0,2
170,2016-05-24,0.4,0.4,0.4,0.4,11424.0,0.4,0.0,0.4,0.4,0.4,1.0,11424.0,1
171,2016-05-23,0.5,0.5,0.5,0.5,0.0,0.5,0.0,0.5,0.5,0.5,1.0,0.0,0
172,2016-05-20,0.5,0.5001,0.5,0.5001,3578.0,0.5,0.0,0.5001,0.5,0.5001,1.0,3578.0,4
173,2016-05-19,0.55,0.55,0.55,0.55,0.0,0.55,0.0,0.55,0.55,0.55,1.0,0.0,3
174,2016-05-18,0.55,0.55,0.55,0.55,700.0,0.55,0.0,0.55,0.55,0.55,1.0,700.0,2
175,2016-05-17,0.65,0.65,0.65,0.65,44.0,0.65,0.0,0.65,0.65,0.65,1.0,44.0,1
176,2016-05-16,0.65,0.65,0.65,0.65,100.0,0.65,0.0,0.65,0.65,0.65,1.0,100.0,0
177,2016-05-13,0.65,0.65,0.65,0.65,0.0,0.65,0.0,0.65,0.65,0.65,1.0,0.0,4
178,2016-05-12,0.65,0.65,0.65,0.65,4.0,0.65,0.0,0.65,0.65,0.65,1.0,4.0,3
179,2016-05-11,0.65,0.65,0.65,0.65,1000.0,0.65,0.0,0.65,0.65,0.65,1.0,1000.0,2
180,2016-05-10,0.8,0.8,0.8,0.8,46.0,0.8,0.0,0.8,0.8,0.8,1.0,46.0,1
181,2016-05-09,0.8,0.8,0.8,0.8,64.0,0.8,0.0,0.8,0.8,0.8,1.0,64.0,0
182,2016-05-06,0.8,0.8,0.8,0.8,0.0,0.8,0.0,0.8,0.8,0.8,1.0,0.0,4
183,2016-05-05,0.8,0.8,0.8,0.8,1.0,0.8,0.0,0.8,0.8,0.8,1.0,1.0,3
184,2016-05-04,0.8,0.8,0.8,0.8,66.0,0.8,0.0,0.8,0.8,0.8,1.0,66.0,2
185,2016-05-03,0.8,0.8,0.8,0.8,2.0,0.8,0.0,0.8,0.8,0.8,1.0,2.0,1
186,2016-05-02,0.8,0.8,0.8,0.8,0.0,0.8,0.0,0.8,0.8,0.8,1.0,0.0,0
187,2016-04-29,0.8,0.8,0.8,0.8,0.0,0.8,0.0,0.8,0.8,0.8,1.0,0.0,4
188,2016-04-28,0.8,0.8,0.8,0.8,10.0,0.8,0.0,0.8,0.8,0.8,1.0,10.0,3
189,2016-04-27,0.8,0.8,0.8,0.8,64.0,0.8,0.0,0.8,0.8,0.8,1.0,64.0,2
190,2016-04-26,0.8,0.8,0.8,0.8,0.0,0.8,0.0,0.8,0.8,0.8,1.0,0.0,1
191,2016-04-25,0.8,0.8,0.8,0.8,87.0,0.8,0.0,0.8,0.8,0.8,1.0,87.0,0
192,2016-04-22,0.8,0.8,0.8,0.8,0.0,0.8,0.0,0.8,0.8,0.8,1.0,0.0,4
193,2016-04-21,0.8,0.8,0.8,0.8,0.0,0.8,0.0,0.8,0.8,0.8,1.0,0.0,3
194,2016-04-20,0.8,0.8,0.8,0.8,4.0,0.8,0.0,0.8,0.8,0.8,1.0,4.0,2
195,2016-04-19,0.8,0.8,0.8,0.8,3.0,0.8,0.0,0.8,0.8,0.8,1.0,3.0,1
196,2016-04-18,0.8,0.8,0.8,0.8,204.0,0.8,0.0,0.8,0.8,0.8,1.0,204.0,0
197,2016-04-15,0.7829999999999999,0.7829999999999999,0.7829999999999999,0.7829999999999999,500.0,0.7829999999999999,0.0,0.7829999999999999,0.7829999999999999,0.7829999999999999,1.0,500.0,4
198,2016-04-14,0.72,0.72,0.72,0.72,0.0,0.72,0.0,0.72,0.72,0.72,1.0,0.0,3
199,2016-04-13,0.72,0.825,0.5651,0.5651,13113.0,0.72,0.0,0.825,0.5651,0.5651,1.0,13113.0,2
200,2016-04-12,0.565,0.565,0.565,0.565,0.0,0.565,0.0,0.565,0.565,0.565,1.0,0.0,1
201,2016-04-11,0.565,0.565,0.565,0.565,0.0,0.565,0.0,0.565,0.565,0.565,1.0,0.0,0
202,2016-04-08,0.565,0.565,0.565,0.565,0.0,0.565,0.0,0.565,0.565,0.565,1.0,0.0,4
203,2016-04-07,0.565,0.565,0.565,0.565,0.0,0.565,0.0,0.565,0.565,0.565,1.0,0.0,3
204,2016-04-06,0.565,0.565,0.565,0.565,0.0,0.565,0.0,0.565,0.565,0.565,1.0,0.0,2
205,2016-04-05,0.565,0.565,0.565,0.565,0.0,0.565,0.0,0.565,0.565,0.565,1.0,0.0,1
206,2016-04-04,0.565,0.565,0.565,0.565,0.0,0.565,0.0,0.565,0.565,0.565,1.0,0.0,0
207,2016-04-01,0.565,0.565,0.565,0.565,0.0,0.565,0.0,0.565,0.565,0.565,1.0,0.0,4
208,2016-03-31,0.565,0.565,0.565,0.565,0.0,0.565,0.0,0.565,0.565,0.565,1.0,0.0,3
209,2016-03-30,0.565,0.7,0.565,0.691,33123.0,0.565,0.0,0.7,0.565,0.691,1.0,33123.0,2
210,2016-03-29,0.7,0.7,0.7,0.7,0.0,0.7,0.0,0.7,0.7,0.7,1.0,0.0,1
211,2016-03-28,0.7,0.7,0.7,0.7,0.0,0.7,0.0,0.7,0.7,0.7,1.0,0.0,0
212,2016-03-24,0.7,0.7,0.7,0.7,207.0,0.7,0.0,0.7,0.7,0.7,1.0,207.0,3
213,2016-03-23,0.99,0.99,0.99,0.99,14.0,0.99,0.0,0.99,0.99,0.99,1.0,14.0,2
214,2016-03-22,0.99,0.99,0.99,0.99,0.0,0.99,0.0,0.99,0.99,0.99,1.0,0.0,1
215,2016-03-21,0.99,0.99,0.99,0.99,10.0,0.99,0.0,0.99,0.99,0.99,1.0,10.0,0
216,2016-03-18,0.99,0.99,0.99,0.99,5.0,0.99,0.0,0.99,0.99,0.99,1.0,5.0,4
217,2016-03-17,0.99,0.99,0.99,0.99,251.0,0.99,0.0,0.99,0.99,0.99,1.0,251.0,3
218,2016-03-16,0.899,0.899,0.899,0.899,0.0,0.899,0.0,0.899,0.899,0.899,1.0,0.0,2
219,2016-03-15,0.899,0.899,0.899,0.899,62.0,0.899,0.0,0.899,0.899,0.899,1.0,62.0,1
220,2016-03-14,0.899,0.899,0.6932,0.6932,660.0,0.899,0.0,0.899,0.6932,0.6932,1.0,660.0,0
221,2016-03-11,0.899,0.899,0.899,0.899,0.0,0.899,0.0,0.899,0.899,0.899,1.0,0.0,4
222,2016-03-10,0.899,0.899,0.899,0.899,5075.0,0.899,0.0,0.899,0.899,0.899,1.0,5075.0,3
223,2016-03-09,0.8989,0.8989,0.8989,0.8989,0.0,0.8989,0.0,0.8989,0.8989,0.8989,1.0,0.0,2
224,2016-03-08,0.8989,0.899,0.8989,0.899,10000.0,0.8989,0.0,0.899,0.8989,0.899,1.0,10000.0,1
225,2016-03-07,0.7501,0.899,0.7501,0.899,6710.0,0.7501,0.0,0.899,0.7501,0.899,1.0,6710.0,0
226,2016-03-04,0.6875,0.6875,0.6875,0.6875,105.0,0.6875,0.0,0.6875,0.6875,0.6875,1.0,105.0,4
227,2016-03-03,0.899,0.899,0.899,0.899,6467.0,0.899,0.0,0.899,0.899,0.899,1.0,6467.0,3
228,2016-03-02,0.89,0.89,0.89,0.89,4.0,0.89,0.0,0.89,0.89,0.89,1.0,4.0,2
229,2016-03-01,0.89,0.89,0.89,0.89,4.0,0.89,0.0,0.89,0.89,0.89,1.0,4.0,1
230,2016-02-29,0.89,0.9990000000000001,0.8690000000000001,0.9990000000000001,11232.0,0.89,0.0,0.9990000000000001,0.8690000000000001,0.9990000000000001,1.0,11232.0,0
231,2016-02-26,0.85,0.9,0.85,0.9,10002.0,0.85,0.0,0.9,0.85,0.9,1.0,10002.0,4
232,2016-02-25,0.62,0.9,0.62,0.9,8100.0,0.62,0.0,0.9,0.62,0.9,1.0,8100.0,3
233,2016-02-24,0.9,0.9,0.9,0.9,5000.0,0.9,0.0,0.9,0.9,0.9,1.0,5000.0,2
234,2016-02-23,0.7,0.7001,0.7,0.7,3192.0,0.7,0.0,0.7001,0.7,0.7,1.0,3192.0,1
235,2016-02-22,0.6,0.6,0.6,0.6,0.0,0.6,0.0,0.6,0.6,0.6,1.0,0.0,0
236,2016-02-19,0.6,0.6,0.6,0.6,0.0,0.6,0.0,0.6,0.6,0.6,1.0,0.0,4
237,2016-02-18,0.6,0.6,0.6,0.6,0.0,0.6,0.0,0.6,0.6,0.6,1.0,0.0,3
238,2016-02-17,0.6,0.6,0.6,0.6,300.0,0.6,0.0,0.6,0.6,0.6,1.0,300.0,2
239,2016-02-16,0.4,0.4,0.4,0.4,0.0,0.4,0.0,0.4,0.4,0.4,1.0,0.0,1
240,2016-02-12,0.4,0.4,0.4,0.4,0.0,0.4,0.0,0.4,0.4,0.4,1.0,0.0,4
241,2016-02-11,0.4,0.4,0.4,0.4,0.0,0.4,0.0,0.4,0.4,0.4,1.0,0.0,3
242,2016-02-10,0.4,0.4,0.4,0.4,0.0,0.4,0.0,0.4,0.4,0.4,1.0,0.0,2
243,2016-02-09,0.4,0.4,0.4,0.4,0.0,0.4,0.0,0.4,0.4,0.4,1.0,0.0,1
244,2016-02-08,0.4,0.45,0.4,0.45,500.0,0.4,0.0,0.45,0.4,0.45,1.0,500.0,0
245,2016-02-05,0.5401,0.5401,0.5401,0.5401,0.0,0.5401,0.0,0.5401,0.5401,0.5401,1.0,0.0,4
246,2016-02-04,0.5401,0.5401,0.5401,0.5401,0.0,0.5401,0.0,0.5401,0.5401,0.5401,1.0,0.0,3
247,2016-02-03,0.5401,0.5401,0.5401,0.5401,0.0,0.5401,0.0,0.5401,0.5401,0.5401,1.0,0.0,2
248,2016-02-02,0.5401,0.5401,0.5401,0.5401,0.0,0.5401,0.0,0.5401,0.5401,0.5401,1.0,0.0,1
249,2016-02-01,0.5401,0.6,0.54,0.5999,12000.0,0.5401,0.0,0.6,0.54,0.5999,1.0,12000.0,0
250,2016-01-29,0.65,0.65,0.65,0.65,20000.0,0.65,0.0,0.65,0.65,0.65,1.0,20000.0,4
251,2016-01-28,0.58,0.58,0.58,0.58,0.0,0.58,0.0,0.58,0.58,0.58,1.0,0.0,3
252,2016-01-27,0.58,0.58,0.58,0.58,0.0,0.58,0.0,0.58,0.58,0.58,1.0,0.0,2
253,2016-01-26,0.58,0.58,0.58,0.58,0.0,0.58,0.0,0.58,0.58,0.58,1.0,0.0,1
254,2016-01-25,0.58,0.58,0.58,0.58,600.0,0.58,0.0,0.58,0.58,0.58,1.0,600.0,0
255,2016-01-22,0.5,0.5,0.5,0.5,0.0,0.5,0.0,0.5,0.5,0.5,1.0,0.0,4
256,2016-01-21,0.5,0.5,0.5,0.5,0.0,0.5,0.0,0.5,0.5,0.5,1.0,0.0,3
257,2016-01-20,0.5,0.5,0.5,0.5,0.0,0.5,0.0,0.5,0.5,0.5,1.0,0.0,2
258,2016-01-19,0.5,0.5,0.5,0.5,0.0,0.5,0.0,0.5,0.5,0.5,1.0,0.0,1
259,2016-01-15,0.5,0.5,0.5,0.5,0.0,0.5,0.0,0.5,0.5,0.5,1.0,0.0,4
260,2016-01-14,0.5,0.5,0.5,0.5,0.0,0.5,0.0,0.5,0.5,0.5,1.0,0.0,3
261,2016-01-13,0.5,0.5,0.5,0.5,0.0,0.5,0.0,0.5,0.5,0.5,1.0,0.0,2
262,2016-01-12,0.5,0.5,0.5,0.5,1.0,0.5,0.0,0.5,0.5,0.5,1.0,1.0,1
263,2016-01-11,0.5,0.71,0.5,0.71,9800.0,0.5,0.0,0.71,0.5,0.71,1.0,9800.0,0
264,2016-01-08,0.71,0.71,0.71,0.71,0.0,0.71,0.0,0.71,0.71,0.71,1.0,0.0,4
265,2016-01-07,0.71,0.71,0.71,0.71,0.0,0.71,0.0,0.71,0.71,0.71,1.0,0.0,3
266,2016-01-06,0.71,0.71,0.71,0.71,0.0,0.71,0.0,0.71,0.71,0.71,1.0,0.0,2
267,2016-01-05,0.71,0.71,0.71,0.71,0.0,0.71,0.0,0.71,0.71,0.71,1.0,0.0,1
268,2016-01-04,0.71,0.71,0.71,0.71,2000.0,0.71,0.0,0.71,0.71,0.71,1.0,2000.0,0
