,Unnamed: 0,adj_close,adj_high,adj_low,adj_open,adj_volume,close,ex_dividend,high,low,open,split_ratio,volume,Day of Week
0,2017-02-10,40.71,40.76,40.175,40.45,24802.0,40.71,0.0,40.76,40.175,40.45,1.0,24802.0,4
1,2017-02-09,40.31,40.705,39.97,40.27,20185.0,40.31,0.0,40.705,39.97,40.27,1.0,20185.0,3
2,2017-02-08,40.14,40.59,39.72,40.59,29216.0,40.14,0.0,40.59,39.72,40.59,1.0,29216.0,2
3,2017-02-07,40.82,41.47,40.42,41.45,25858.0,40.82,0.0,41.47,40.42,41.45,1.0,25858.0,1
4,2017-02-06,41.15,41.83,41.11,41.72,30820.0,41.15,0.0,41.83,41.11,41.72,1.0,30820.0,0
5,2017-02-03,41.88,41.98,41.22,41.44,24976.0,41.88,0.0,41.98,41.22,41.44,1.0,24976.0,4
6,2017-02-02,41.18,41.8,40.89,41.2,36229.0,41.18,0.0,41.8,40.89,41.2,1.0,36229.0,3
7,2017-02-01,41.48,41.85,41.4,41.78,52499.0,41.48,0.0,41.85,41.4,41.78,1.0,52499.0,2
8,2017-01-31,41.48,42.0,40.91,42.0,77227.0,41.48,0.0,42.0,40.91,42.0,1.0,77227.0,1
9,2017-01-30,42.09,43.35,41.82,42.94,52780.0,42.09,0.0,43.35,41.82,42.94,1.0,52780.0,0
10,2017-01-27,43.42,43.86,42.87,43.85,22440.0,43.42,0.0,43.86,42.87,43.85,1.0,22440.0,4
11,2017-01-26,43.61,43.67,43.27,43.46,25263.0,43.61,0.0,43.67,43.27,43.46,1.0,25263.0,3
12,2017-01-25,43.42,43.79,43.14,43.14,26673.0,43.42,0.0,43.79,43.14,43.14,1.0,26673.0,2
13,2017-01-24,43.04,43.23,42.14,42.41,56701.0,43.04,0.0,43.23,42.14,42.41,1.0,56701.0,1
14,2017-01-23,42.34,42.48,42.03,42.09,34042.0,42.34,0.0,42.48,42.03,42.09,1.0,34042.0,0
15,2017-01-20,42.39,42.44,41.82,41.91,65456.0,42.39,0.0,42.44,41.82,41.91,1.0,65456.0,4
16,2017-01-19,42.12,42.69,41.71,42.47,31173.0,42.12,0.0,42.69,41.71,42.47,1.0,31173.0,3
17,2017-01-18,42.46,42.49,41.9735,42.08,40090.0,42.46,0.0,42.49,41.9735,42.08,1.0,40090.0,2
18,2017-01-17,41.94,43.01,41.89,43.01,64852.0,41.94,0.0,43.01,41.89,43.01,1.0,64852.0,1
19,2017-01-13,43.41,43.895,42.6,42.6,51674.0,43.41,0.0,43.895,42.6,42.6,1.0,51674.0,4
20,2017-01-12,42.68,44.14,42.35,43.87,35141.0,42.68,0.23,44.14,42.35,43.87,1.0,35141.0,3
21,2017-01-11,44.1321743183407,44.211745513866205,42.809303192729004,43.61496154742479,89669.0,44.37,0.0,44.45,43.04,43.85,1.0,89669.0,2
22,2017-01-10,43.4060871591704,43.4558191563738,42.630268002796605,42.6899463994407,129481.0,43.64,0.0,43.69,42.86,42.92,1.0,129481.0,1
23,2017-01-09,42.96844558378,43.2071591703566,42.8540619902121,43.187266371475204,65802.0,43.2,0.0,43.44,43.085,43.42,1.0,65802.0,0
24,2017-01-06,43.5055511535773,43.7044791423911,43.356355161966896,43.4259799580517,39615.0,43.74,0.0,43.94,43.59,43.66,1.0,39615.0,4
25,2017-01-05,43.545336751339995,44.5200838965276,42.9783919832207,44.231638312747606,86615.0,43.78,0.0,44.76,43.21,44.47,1.0,86615.0,3
26,2017-01-04,44.5797622931718,44.70906548590071,43.66469354462829,43.67463994406901,66887.0,44.82,0.0,44.95,43.9,43.91,1.0,66887.0,2
27,2017-01-03,43.754211139594496,44.49024469820561,43.25689116756,44.1918527149849,66058.0,43.99,0.0,44.73,43.49,44.43,1.0,66058.0,1
28,2016-12-30,44.211745513866205,44.4504591004428,44.092388720578,44.2714239105104,29236.0,44.45,0.0,44.69,44.33,44.51,1.0,29236.0,4
29,2016-12-29,44.251531111629,44.9776182707994,43.8835143323235,44.41067350268,74968.0,44.49,0.0,45.22,44.12,44.65,1.0,74968.0,3
30,2016-12-28,44.4504591004428,44.7985830808669,44.29131670939179,44.539976695409,62389.0,44.69,0.0,45.04,44.53,44.78,1.0,62389.0,2
31,2016-12-27,44.49024469820561,45.0671358657656,44.29131670939179,44.29131670939179,27104.0,44.73,0.0,45.31,44.53,44.53,1.0,27104.0,1
32,2016-12-23,44.47035189932421,45.1061257515731,39.5269913773013,44.629494290375206,32012.0,44.71,0.0,45.3492,39.74,44.87,1.0,32012.0,4
33,2016-12-22,44.530030295968295,45.166599860172504,44.002871125611804,45.166599860172504,80497.0,44.77,0.0,45.41,44.24,45.41,1.0,80497.0,3
34,2016-12-21,44.9975110696807,45.18649265905379,44.07249592169661,44.1421207177814,78277.0,45.24,0.0,45.43,44.31,44.38,1.0,78277.0,2
35,2016-12-20,43.9133535306455,43.963085527848996,42.9883383826614,42.9883383826614,65257.0,44.15,0.0,44.2,43.22,43.22,1.0,65257.0,1
36,2016-12-19,43.117641575390394,43.4458727569331,42.2920904218131,42.4910184106269,87097.0,43.35,0.0,43.68,42.52,42.72,1.0,87097.0,0
37,2016-12-16,42.4910184106269,43.0778559776276,42.2920904218131,42.5606432067117,111923.0,42.72,0.0,43.31,42.52,42.79,1.0,111923.0,4
38,2016-12-15,42.6899463994407,43.0380703798648,42.3219296201352,42.3219296201352,68420.0,42.92,0.0,43.27,42.55,42.55,1.0,68420.0,3
39,2016-12-14,42.3418224190166,42.819249592169704,42.1627872290841,42.3219296201352,61672.0,42.57,0.0,43.05,42.39,42.55,1.0,61672.0,2
40,2016-12-13,42.39155441622,42.580536005593096,41.5959419249592,41.9041808436262,56425.0,42.62,0.0,42.81,41.8201,42.13,1.0,56425.0,1
41,2016-12-12,41.8942344441855,42.39155441622,41.587984805406705,42.39155441622,66581.0,42.12,0.0,42.62,41.8121,42.62,1.0,66581.0,0
42,2016-12-09,42.30203682125379,42.6202221393615,41.973805639710996,42.1130552318807,78684.0,42.53,0.0,42.8499,42.2,42.34,1.0,78684.0,4
43,2016-12-08,42.1627872290841,42.401500815660704,41.090863761361,41.3272896760662,72806.0,42.39,0.0,42.63,41.3123,41.55,1.0,72806.0,3
44,2016-12-07,41.1184152878117,41.337236075506894,40.5116849219296,40.690720111862,46896.0,41.34,0.0,41.56,40.73,40.91,1.0,46896.0,2
45,2016-12-06,40.7106129107434,40.820023304591,39.626455371708204,39.825383360522,73694.0,40.93,0.0,41.04,39.84,40.04,1.0,73694.0,1
46,2016-12-05,39.8054905616407,39.885061757166206,39.1490281985551,39.1490281985551,54378.0,40.02,0.0,40.1,39.36,39.36,1.0,54378.0,0
47,2016-12-02,39.089349801911,39.3529293870893,38.950100209741294,39.308170589606206,39788.0,39.3,0.0,39.565,39.16,39.52,1.0,39788.0,4
48,2016-12-01,39.2683849918434,39.2882777907248,38.6815474248427,38.6815474248427,45416.0,39.48,0.0,39.5,38.89,38.89,1.0,45416.0,3
49,2016-11-30,38.7412258214868,39.188813796317895,38.238932649732,38.6417618270799,68893.0,38.95,0.0,39.4,38.445,38.85,1.0,68893.0,2
50,2016-11-29,38.542297832673,39.1689209974365,38.164334653926794,38.2439058494523,56371.0,38.75,0.0,39.38,38.37,38.45,1.0,56371.0,1
51,2016-11-28,38.2936378466558,38.631815427639296,38.0648706595199,38.4826194360289,83838.0,38.5,0.0,38.84,38.27,38.69,1.0,83838.0,0
52,2016-11-25,38.7511722209275,39.089548729899796,38.5721370309951,38.8108506175717,21569.0,38.96,0.0,39.3002,38.78,39.02,1.0,21569.0,4
53,2016-11-23,38.790957818690295,38.9898858075041,38.5130554183174,38.542297832673,51180.0,39.0,0.0,39.2,38.7206,38.75,1.0,51180.0,2
54,2016-11-22,38.6815474248427,38.7113866231648,37.6968538802144,38.224013050570996,50591.0,38.89,0.0,38.92,37.9,38.43,1.0,50591.0,1
55,2016-11-21,38.044977860638596,38.671601025402005,37.527765089722706,38.3533162432999,58229.0,38.25,0.0,38.88,37.73,38.56,1.0,58229.0,0
56,2016-11-18,38.263798648333704,38.34336984385921,37.617282684688895,37.6272290841296,94595.0,38.47,0.0,38.55,37.82,37.83,1.0,94595.0,4
57,2016-11-17,37.846049871824796,38.04995106035889,37.567650151479796,37.806264274062,50001.0,38.05,0.0,38.255,37.7701,38.01,1.0,50001.0,3
58,2016-11-16,37.8559962712654,37.965406665113,36.9608203216034,37.2791051037054,70042.0,38.06,0.0,38.17,37.16,37.48,1.0,70042.0,2
59,2016-11-15,37.2791051037054,37.6073362852482,36.7469727336285,37.2989979025868,78606.0,37.48,0.0,37.81,36.945,37.5,1.0,78606.0,1
60,2016-11-14,37.5774970869261,37.9057282684689,36.8414635283151,37.2094803076206,89127.0,37.78,0.0,38.11,37.04,37.41,1.0,89127.0,0
61,2016-11-11,36.77183873223029,36.98071312048471,34.8521836401771,35.6976275926358,159421.0,36.97,0.0,37.18,35.04,35.89,1.0,159421.0,4
62,2016-11-10,35.6379491959916,36.433661151246795,34.6476856676765,34.882022838499196,122577.0,35.83,0.0,36.63,34.8344,35.07,1.0,122577.0,3
63,2016-11-09,34.6134700536006,34.6532556513633,33.270706129107396,33.3701701235143,95612.0,34.8,0.0,34.84,33.45,33.55,1.0,95612.0,2
64,2016-11-08,33.2806525285481,33.5392589140061,33.1712421347005,33.3204381263109,59667.0,33.46,0.0,33.72,33.35,33.5,1.0,59667.0,1
65,2016-11-07,33.3204381263109,33.3900629223957,32.5744581682591,33.0220461430902,69460.0,33.5,0.0,33.57,32.75,33.2,1.0,69460.0,0
66,2016-11-04,32.5744581682591,32.8629037520392,32.5048333721743,32.7236541598695,50120.0,32.75,0.0,33.04,32.68,32.9,1.0,50120.0,4
67,2016-11-03,32.7534933581916,32.8330645537171,32.4650477744116,32.7037613609881,43574.0,32.93,0.0,33.01,32.64,32.88,1.0,43574.0,3
68,2016-11-02,32.5048333721743,32.8330645537171,32.3257981822419,32.8330645537171,44169.0,32.68,0.0,33.01,32.5,33.01,1.0,44169.0,2
69,2016-11-01,32.8131717548357,33.3877752505244,32.4551013749709,32.8430109531578,76492.0,32.99,0.0,33.5677,32.63,33.02,1.0,76492.0,1
70,2016-10-31,32.8430109531578,33.2806525285481,32.713707760428804,32.9225821486833,121126.0,33.02,0.0,33.46,32.89,33.1,1.0,121126.0,0
71,2016-10-28,32.9524213470054,33.1115637380564,32.7186809601492,32.9723141458867,47253.0,33.13,0.0,33.29,32.895,33.15,1.0,47253.0,4
72,2016-10-27,32.9723141458867,33.220974131904,32.8728501514798,33.2010813330226,121479.0,33.15,0.0,33.4,33.05,33.38,1.0,121479.0,3
73,2016-10-26,33.0021533442088,33.5392589140061,32.4301359123747,32.4451549755302,180677.0,33.18,0.0,33.72,32.6049,32.62,1.0,180677.0,2
74,2016-10-25,32.3257981822419,32.5098065718947,30.4489126077837,31.8284782102074,126893.0,32.5,0.0,32.685,30.613000000000003,32.0,1.0,126893.0,1
75,2016-10-24,30.833838266138397,31.0626054532743,30.5155534840364,30.8636774644605,25020.0,31.0,0.0,31.23,30.68,31.03,1.0,25020.0,0
76,2016-10-21,30.684642274528102,30.813945467257103,30.3365182941039,30.376303891866698,33054.0,30.85,0.0,30.98,30.5,30.54,1.0,33054.0,4
77,2016-10-20,30.624963877883896,30.6448566767653,30.1574831041715,30.4359822885108,25371.0,30.79,0.0,30.81,30.32,30.6,1.0,25371.0,3
78,2016-10-19,30.416089489629503,30.5056070845957,30.0580191097646,30.177375903052898,29246.0,30.58,0.0,30.67,30.22,30.34,1.0,29246.0,2
79,2016-10-18,30.0281799114426,30.7045350734095,29.918769517595,30.2569470985784,34614.0,30.19,0.0,30.87,30.08,30.42,1.0,34614.0,1
80,2016-10-17,29.9983407131205,30.0580191097646,29.7198415287812,29.9983407131205,26865.0,30.16,0.0,30.22,29.88,30.16,1.0,26865.0,0
81,2016-10-14,29.8789839198322,30.117697506408803,29.371717548357,29.7695735259846,57304.0,30.04,0.0,30.28,29.53,29.93,1.0,57304.0,4
82,2016-10-13,29.5408063388488,29.809359123747395,29.3355126543929,29.5805919366115,97599.0,29.7,0.2,29.97,29.4936,29.74,1.0,97599.0,3
83,2016-10-12,29.8075627840491,29.906361467456602,29.2754330752162,29.5605660755303,51524.0,30.17,0.0,30.27,29.6314,29.92,1.0,51524.0,2
84,2016-10-11,29.4420076554412,29.570445943871004,29.2839297619892,29.4321277871005,68162.0,29.8,0.0,29.93,29.64,29.79,1.0,68162.0,1
85,2016-10-10,29.4321277871005,29.698884232300802,29.372848577055997,29.372848577055997,29197.0,29.79,0.0,30.06,29.73,29.73,1.0,29197.0,0
86,2016-10-07,29.3827284453967,29.6692446272785,29.2740498936484,29.649484890597,44296.0,29.74,0.0,30.03,29.63,30.01,1.0,44296.0,4
87,2016-10-06,29.6593647589378,29.886601730775105,29.6000855488933,29.886601730775105,45786.0,30.02,0.0,30.25,29.96,30.25,1.0,45786.0,3
88,2016-10-05,29.906361467456602,30.3410756744497,29.886601730775105,29.9557608091603,76931.0,30.27,0.0,30.71,30.25,30.32,1.0,76931.0,2
89,2016-10-04,29.9557608091603,30.993146984939298,29.945880940819603,30.8647086965095,58731.0,30.32,0.0,31.37,30.31,31.24,1.0,58731.0,1
90,2016-10-03,30.8647086965095,31.783536452199503,30.676991198035196,31.585939085384396,106664.0,31.24,0.0,32.17,31.05,31.97,1.5,106664.0,0
91,2016-09-30,31.444327639167,31.6155786904067,30.815572817961502,30.9042281698725,109482.0,47.74,0.0,48.0,46.7854,46.92,1.0,72988.0,4
92,2016-09-29,30.943747643235604,31.279663166821102,30.8581221176157,31.1347584311568,97687.5,46.98,0.0,47.49,46.85,47.27,1.0,65125.0,3
93,2016-09-28,31.2269705356704,31.286249745714997,30.792256328677396,30.8647086965095,60852.0,47.41,0.0,47.5,46.75,46.86,1.0,40568.0,2
94,2016-09-27,30.996440274386202,31.2203839567766,30.8383623809342,31.121585273369103,78358.5,47.06,0.0,47.4,46.82,47.25,1.0,52239.0,1
95,2016-09-26,30.923987906553997,31.470673954742303,30.884468433191,30.9042281698725,84816.0,46.95,0.0,47.78,46.89,46.92,1.0,56544.0,0
96,2016-09-23,31.5036068492115,31.694617637132698,31.4377410602732,31.497020270317698,28974.0,47.83,0.0,48.12,47.73,47.82,1.0,19316.0,4
97,2016-09-22,31.7407236893896,31.800002899434098,31.128237718051896,31.2664900090335,78594.0,48.19,0.0,48.28,47.2601,47.47,1.0,52396.0,3
98,2016-09-21,31.1742779045198,31.543060456785604,30.956920801023198,31.279663166821102,47986.5,47.33,0.0,47.8899,47.0,47.49,1.0,31991.0,2
99,2016-09-20,31.299422903502602,31.6353384270882,31.1314651417098,31.2269705356704,50218.5,47.52,0.0,48.03,47.265,47.41,1.0,33479.0,1
100,2016-09-19,31.0030268532801,31.306009482396497,30.4564066708807,30.6934576452698,160503.0,47.07,0.0,47.53,46.2401,46.6,1.0,107002.0,0
101,2016-09-16,30.7066308030575,31.694617637132698,30.3904750161534,31.602405532619,213588.0,46.62,0.0,48.12,46.14,47.98,1.0,142392.0,4
102,2016-09-15,31.5497129014683,31.7604834260711,31.3488222452064,31.4509142180608,26515.5,47.9,0.0,48.22,47.595,47.75,1.0,17677.0,3
103,2016-09-14,31.365288692441002,31.7868297416464,31.259903430139605,31.720963952708,35608.5,47.62,0.0,48.26,47.46,48.16,1.0,23739.0,2
104,2016-09-13,31.470673954742303,31.905388161735395,30.956920801023198,31.727550531601896,122313.0,47.78,0.0,48.44,47.0,48.17,1.0,81542.0,1
105,2016-09-12,31.9119747406293,31.943458587741798,31.3850484291225,31.5431263225745,70155.0,48.45,0.0,48.4978,47.65,47.89,1.0,46770.0,0
106,2016-09-09,31.5431263225745,31.9251478984169,31.483847112529997,31.7604834260711,47179.5,47.89,0.0,48.47,47.8,48.22,1.0,31453.0,4
107,2016-09-08,31.9317344773108,31.9778405295676,30.7066308030575,31.299422903502602,124852.5,48.48,0.0,48.55,46.62,47.52,1.0,83235.0,3
108,2016-09-07,31.299422903502602,31.485757220409198,30.976680537704702,31.1742779045198,80265.0,47.52,0.0,47.8029,47.03,47.33,1.0,53510.0,2
109,2016-09-06,31.299422903502602,31.3035724482057,30.5156200151363,30.5156200151363,104994.0,47.52,0.0,47.5263,46.33,46.33,1.0,69996.0,1
110,2016-09-02,30.548552909605498,30.792256328677396,30.2982629116397,30.364128700578103,49621.5,46.38,0.0,46.75,46.0,46.1,1.0,33081.0,4
111,2016-09-01,30.429994489516396,30.5353797518178,29.6857110745131,30.2719165960644,68415.0,46.2,0.0,46.36,45.07,45.96,1.0,45610.0,3
112,2016-08-31,30.456340805091802,30.568312646286998,30.2719165960644,30.3048494905336,43780.5,46.24,0.0,46.41,45.96,46.01,1.0,29187.0,2
113,2016-08-30,30.232397122701396,30.3443030981077,30.1928776493384,30.3443030981077,25149.0,45.9,0.0,46.0699,45.84,46.0699,1.0,16766.0,1
114,2016-08-29,30.179704491550698,30.3772359925768,29.9491742302665,29.968933966948,28194.0,45.82,0.0,46.1199,45.47,45.5,1.0,18796.0,0
115,2016-08-26,30.1006655448247,30.1335984392939,29.8569621257528,29.8569621257528,10948.5,45.7,0.0,45.75,45.33,45.33,1.0,7299.0,4
116,2016-08-25,30.047972913674002,30.1138387026124,29.7384037056638,29.784509757920603,29298.0,45.62,0.0,45.72,45.15,45.22,1.0,19532.0,3
117,2016-08-24,29.9491742302665,30.1006655448247,29.810856073495998,29.929414493585,21694.5,45.47,0.0,45.7,45.26,45.44,1.0,14463.0,2
118,2016-08-23,30.1006655448247,30.179704491550698,29.8767218624343,29.8767218624343,12303.0,45.7,0.0,45.82,45.36,45.36,1.0,8202.0,1
119,2016-08-22,29.9755205458418,30.074319229249397,29.7215420636956,29.843788967965196,22302.0,45.51,0.0,45.66,45.1244,45.31,1.0,14868.0,0
120,2016-08-19,29.968933966948,30.061146071461703,29.2575834464139,29.968933966948,25092.0,45.5,0.0,45.64,44.42,45.5,1.0,16728.0,4
121,2016-08-18,29.995280282523304,30.126945994611102,29.889895020222003,30.061146071461703,11796.0,45.54,0.0,45.7399,45.38,45.64,1.0,7864.0,3
122,2016-08-17,30.008453440310998,30.047972913674002,29.824029231283603,30.008453440310998,26421.0,45.56,0.0,45.62,45.28,45.56,1.0,17614.0,2
123,2016-08-16,29.995280282523304,30.067732650355502,28.1115187188866,29.4683539710166,36799.5,45.54,0.0,45.65,42.68,44.74,1.0,24533.0,1
124,2016-08-15,29.6659513378316,29.962347388054198,29.3536816324749,29.573739233317898,56193.0,45.04,0.0,45.49,44.5659,44.9,1.0,37462.0,0
125,2016-08-12,29.573739233317898,29.824029231283603,29.4156613398659,29.679124495619302,24202.5,44.9,0.0,45.28,44.66,45.06,1.0,16135.0,4
126,2016-08-11,29.698884232300802,30.1401850181877,29.6000855488933,29.8569621257528,25197.0,45.09,0.0,45.76,44.94,45.33,1.0,16798.0,3
127,2016-08-10,29.962347388054198,30.232397122701396,28.058826087735895,28.058826087735895,50722.5,45.49,0.0,45.9,42.6,42.6,1.0,33815.0,2
128,2016-08-09,29.9096547569035,29.9491742302665,29.6119413909022,29.6132587066809,27732.0,45.41,0.0,45.47,44.958,44.96,1.0,18488.0,1
129,2016-08-08,29.73181712677,29.889895020222003,29.514460023273397,29.6000855488933,29857.5,45.14,0.0,45.38,44.81,44.94,1.0,19905.0,0
130,2016-08-05,29.5408063388488,29.5869123911056,28.3351989381212,28.3351989381212,31855.5,44.85,0.0,44.92,43.0196,43.0196,1.0,21237.0,4
131,2016-08-04,28.882148449465298,28.961187396191303,28.6779645037564,28.7504168715886,10743.0,43.85,0.0,43.97,43.54,43.65,1.0,7162.0,3
132,2016-08-03,28.6582047670749,28.6779645037564,28.355288003747397,28.618685293711902,19857.0,43.51,0.0,43.54,43.0501,43.45,1.0,13238.0,2
133,2016-08-02,28.592338978136603,28.8228692394208,28.394741611321503,28.757003450482397,32827.5,43.41,0.0,43.76,43.11,43.66,1.0,21885.0,1
134,2016-08-01,28.6779645037564,28.9117880544875,28.4210879268968,28.7240705560132,15490.5,43.54,0.0,43.895,43.15,43.61,1.0,10327.0,0
135,2016-07-29,28.6384450303934,28.941427659509802,28.6055121359242,28.9150813439345,39358.5,43.48,0.0,43.94,43.43,43.9,1.0,26239.0,4
136,2016-07-28,28.8492155549961,28.934841080616003,28.6845510826502,28.7504168715886,24999.0,43.8,0.0,43.93,43.55,43.65,1.0,16666.0,3
137,2016-07-27,28.7504168715886,29.033639764023498,28.5264731891982,29.0072934484481,45337.5,43.65,0.0,44.08,43.31,44.04,1.0,30225.0,2
138,2016-07-26,29.106092131855696,29.239141025511103,28.770176608270102,29.112678710749503,31986.0,44.19,0.0,44.391999999999996,43.68,44.2,1.0,21324.0,1
139,2016-07-25,29.290516340883002,29.4354210765474,29.158784763006302,29.316862656458397,18750.0,44.47,0.0,44.69,44.27,44.51,1.0,12500.0,0
140,2016-07-22,29.3629687087152,29.5473929177426,29.316862656458397,29.3432089720337,27148.5,44.58,0.0,44.86,44.51,44.55,1.0,18099.0,4
141,2016-07-21,29.330035814246003,29.5473929177426,29.0863323951742,29.514460023273397,36072.0,44.53,0.0,44.86,44.16,44.81,1.0,24048.0,3
142,2016-07-20,29.5078734443796,29.5802599464228,29.3761418665029,29.4584741026758,30102.0,44.8,0.0,44.9099,44.6,44.725,1.0,20068.0,2
143,2016-07-19,29.310276077564502,29.3893150242906,29.033639764023498,29.3827284453967,29994.0,44.5,0.0,44.62,44.08,44.61,1.0,19996.0,1
144,2016-07-18,29.310276077564502,29.5803258122118,29.250996867520005,29.316862656458397,24618.0,44.5,0.0,44.91,44.41,44.51,1.0,16412.0,0
145,2016-07-15,29.5078734443796,29.5763738648755,28.9809471328728,29.527633181061102,31138.5,44.8,0.0,44.903999999999996,44.0,44.83,1.0,20759.0,4
146,2016-07-14,29.316862656458397,29.6396050222563,29.270756604201498,29.3827284453967,52270.5,44.51,0.0,45.0,44.44,44.61,1.0,34847.0,3
147,2016-07-13,29.2641700253077,29.373507234945397,28.908494765040604,29.125851868537197,74673.0,44.43,0.3,44.596000000000004,43.89,44.22,1.0,49782.0,2
148,2016-07-12,28.930507456273304,29.180754383049102,28.6557265170686,28.6557265170686,65121.0,44.22,0.0,44.6025,43.8,43.8,1.0,43414.0,1
149,2016-07-11,28.4790816275798,28.6033872905534,27.851010909397502,27.9164349425415,40056.0,43.53,0.0,43.72,42.57,42.67,1.0,26704.0,0
150,2016-07-08,27.968774169056697,28.0145709922574,27.4650091138479,27.582772373507105,94707.0,42.75,0.0,42.82,41.98,42.16,1.0,63138.0,4
151,2016-07-07,27.4388395005903,27.5435179536207,27.3472458541887,27.484636323791104,58276.5,41.94,0.0,42.1,41.8,42.01,1.0,38851.0,3
152,2016-07-06,27.4911787271055,27.5893147768215,27.2294825945295,27.2294825945295,93075.0,42.02,0.0,42.17,41.62,41.62,1.0,62050.0,2
153,2016-07-05,27.3930426773895,27.6416540033367,27.281821821044698,27.281821821044698,83553.0,41.87,0.0,42.25,41.7,41.7,1.0,55702.0,1
154,2016-07-01,27.4453819039047,27.622026793393502,27.311916876290997,27.4780939204767,60454.5,41.95,0.0,42.22,41.746,42.0,1.0,40303.0,4
155,2016-06-30,27.4780939204767,27.5893147768215,27.3021032713194,27.484636323791104,52725.0,42.0,0.0,42.17,41.731,42.01,1.0,35150.0,3
156,2016-06-29,27.3276186442455,27.550060356935102,27.105176931556002,27.288364224359103,38502.0,41.77,0.0,42.11,41.43,41.71,1.0,25668.0,2
157,2016-06-28,27.0593801083552,27.2949066276735,26.7715143625216,26.921989638752798,45927.0,41.36,0.0,41.72,40.92,41.15,1.0,30618.0,1
158,2016-06-27,26.6733783128056,26.935074445381602,26.4313093901728,26.450936600116002,79101.0,40.77,0.0,41.17,40.4,40.43,1.0,52734.0,0
159,2016-06-24,26.4640214067448,27.510805937048698,26.4443941968016,26.921989638752798,533832.0,40.45,0.0,42.05,40.42,41.15,1.0,355888.0,4
160,2016-06-23,27.5762299701927,27.8902653292839,27.2098553845863,27.4650091138479,75814.5,42.15,0.0,42.63,41.59,41.98,1.0,50543.0,3
161,2016-06-22,27.1509737547567,28.1323342519166,27.092092124927202,27.9360621524847,81577.5,41.5,0.0,43.0,41.41,42.7,1.0,54385.0,2
162,2016-06-21,27.942604555799104,28.0538254121438,27.5174137643962,27.955689362427897,25711.5,42.71,0.0,42.88,42.0601,42.73,1.0,17141.0,1
163,2016-06-20,27.7986716828823,28.2500975115758,27.7201628431095,28.0538254121438,66087.0,42.49,0.0,43.18,42.37,42.88,1.0,44058.0,0
164,2016-06-17,27.824841296139898,28.165046268488602,27.7070780364807,28.165046268488602,44977.5,42.53,0.0,43.05,42.35,43.05,1.0,29985.0,4
165,2016-06-16,28.1192494452878,28.269724721518998,27.608941986764698,28.073452622087,30736.5,42.98,0.0,43.21,42.2,42.91,1.0,20491.0,3
166,2016-06-15,27.877180522655102,28.3744031745494,27.6939932298519,28.138876655230998,27436.5,42.61,0.0,43.37,42.33,43.01,1.0,18291.0,2
167,2016-06-14,28.073452622087,28.387487981178197,27.7659596663103,28.1846734784318,23523.0,42.91,0.0,43.39,42.44,43.08,1.0,15682.0,1
168,2016-06-13,28.093079832030202,28.737506558498602,28.079995025401395,28.305707939748203,37926.0,42.94,0.0,43.925,42.92,43.265,1.0,25284.0,0
169,2016-06-10,28.5772176772958,28.7865745833566,28.0408060295482,28.649184113754202,29722.5,43.68,0.0,44.0,42.8601,43.79,1.0,19815.0,4
170,2016-06-09,28.6033872905534,28.709374224246602,28.223927898318202,28.709374224246602,46033.5,43.72,0.0,43.882,43.14,43.882,1.0,30689.0,3
171,2016-06-08,28.5117936441518,28.7865745833566,28.125791848602198,28.1323342519166,81171.0,43.58,0.0,44.0,42.99,43.0,1.0,54114.0,2
172,2016-06-07,28.433284804379,28.6753537270118,28.302436738091,28.4594544176366,35922.0,43.46,0.0,43.83,43.26,43.5,1.0,23948.0,1
173,2016-06-06,28.407115191121395,28.5706752739814,28.380945577863802,28.400572787807,47326.5,43.42,0.0,43.67,43.38,43.41,1.0,31551.0,0
174,2016-06-03,28.5445056607238,28.616472097182196,28.0865374287158,28.387487981178197,21516.0,43.63,0.0,43.74,42.93,43.39,1.0,14344.0,4
175,2016-06-02,28.623014500496602,28.7407777601558,28.1454190585454,28.1454190585454,27447.0,43.75,0.0,43.93,43.02,43.02,1.0,18298.0,3
176,2016-06-01,28.125791848602198,28.2958943347766,28.0014861856286,28.138876655230998,81478.5,42.99,0.0,43.25,42.8,43.01,1.0,54319.0,2
177,2016-05-31,28.1454190585454,28.1651116925218,27.720228267142602,28.1323342519166,52551.0,43.02,0.0,43.0501,42.3701,43.0,1.0,35034.0,1
178,2016-05-27,28.1323342519166,28.2173854950038,28.027655798886197,28.027655798886197,76293.0,43.0,0.0,43.13,42.84,42.84,1.0,50862.0,4
179,2016-05-26,28.106164638659,28.2828095281478,28.0145709922574,28.1519614618598,52582.5,42.96,0.0,43.23,42.82,43.03,1.0,35055.0,3
180,2016-05-25,28.008028588943,28.1323342519166,27.8837229259695,27.8902653292839,43191.0,42.81,0.0,43.0,42.62,42.63,1.0,28794.0,2
181,2016-05-24,28.1127070419734,28.2304703016326,27.8706381193407,28.0145709922574,67377.0,42.97,0.0,43.15,42.6,42.82,1.0,44918.0,1
182,2016-05-23,27.877180522655102,28.263182318204603,27.739790053052698,27.824841296139898,30568.5,42.61,0.0,43.2,42.4,42.53,1.0,20379.0,0
183,2016-05-20,27.8837229259695,28.256639914890197,27.5238907436775,28.204300688375,52696.5,42.62,0.0,43.19,42.07,43.11,1.0,35131.0,4
184,2016-05-19,28.0538254121438,28.2304703016326,27.504263533734303,28.027655798886197,37665.0,42.88,0.0,43.15,42.04,42.84,1.0,25110.0,3
185,2016-05-18,28.138876655230998,28.237012704947,26.8500232022944,26.8500232022944,35571.0,43.01,0.0,43.16,41.04,41.04,1.0,23714.0,2
186,2016-05-17,27.0168544868116,27.746332456367103,26.778056765836002,27.615484390079104,71019.0,41.295,0.0,42.41,40.93,42.21,1.0,47346.0,1
187,2016-05-16,27.6547388099655,27.795400481225098,26.843480798979996,26.843480798979996,22549.5,42.27,0.0,42.485,41.03,41.03,1.0,15033.0,0
188,2016-05-13,26.921989638752798,27.4551955088763,26.5032758266312,26.5032758266312,32542.5,41.15,0.0,41.965,40.51,40.51,1.0,21695.0,4
189,2016-05-12,27.170600964699897,27.4715515171623,26.6864631194344,27.4715515171623,21732.0,41.53,0.0,41.99,40.79,41.99,1.0,14488.0,3
190,2016-05-11,27.406127484018302,27.6743660199087,27.3799578707607,27.648196406651103,12372.0,41.89,0.0,42.3,41.85,42.26,1.0,8248.0,2
191,2016-05-10,27.6743660199087,27.877180522655102,27.484636323791104,27.6547388099655,27981.0,42.3,0.0,42.61,42.01,42.27,1.0,18654.0,1
192,2016-05-09,27.497721130419897,27.9033501359127,26.7845991691504,27.321076240931102,43672.5,42.03,0.0,42.65,40.94,41.76,1.0,29115.0,0
193,2016-05-06,27.301449030987897,27.3472458541887,26.9481592520104,27.3472458541887,41559.0,41.73,0.0,41.8,41.19,41.8,1.0,27706.0,4
194,2016-05-05,27.4257546939615,27.5762299701927,26.812666079369198,27.5762299701927,49699.5,41.92,0.0,42.15,40.9829,42.15,1.0,33133.0,3
195,2016-05-04,27.608941986764698,28.079995025401395,27.3931081014227,27.7855868762535,37446.0,42.2,0.0,42.92,41.8701,42.47,1.0,24964.0,2
196,2016-05-03,28.079995025401395,28.5772176772958,28.0211133955718,28.354775964606198,42168.0,42.92,0.0,43.68,42.83,43.34,1.0,28112.0,1
197,2016-05-02,28.4463696110078,28.7538625667846,28.269724721518998,28.590302483924603,33148.5,43.48,0.0,43.95,43.21,43.7,1.0,22099.0,0
198,2016-04-29,28.465996820951,28.6426417104398,28.027655798886197,28.433284804379,46291.5,43.51,0.0,43.78,42.84,43.46,1.0,30861.0,4
199,2016-04-28,28.335148754663,28.7015233402694,28.263182318204603,28.5248784507806,34203.0,43.31,0.0,43.87,43.2,43.6,1.0,22802.0,3
200,2016-04-27,28.531420854095,28.845456213186196,28.079995025401395,28.452912014322198,73423.5,43.61,0.0,44.09,42.92,43.49,1.0,48949.0,2
201,2016-04-26,28.4594544176366,28.8389138098717,27.968774169056697,28.5772176772958,47686.5,43.5,0.0,44.08,42.75,43.68,1.0,31791.0,1
202,2016-04-25,28.354775964606198,28.694980936954998,27.779044472939102,28.694980936954998,34213.5,43.34,0.0,43.86,42.46,43.86,1.0,22809.0,0
203,2016-04-22,28.590302483924603,28.6753537270118,28.1977582850606,28.1977582850606,24069.0,43.7,0.0,43.83,43.1,43.1,1.0,16046.0,4
204,2016-04-21,28.223927898318202,28.6557265170686,27.9359967284515,28.380945577863802,38047.5,43.14,0.0,43.8,42.6999,43.38,1.0,25365.0,3
205,2016-04-20,28.387487981178197,28.6688113236974,27.383098224351603,28.387487981178197,41334.0,43.39,0.0,43.82,41.8548,43.39,1.0,27556.0,2
206,2016-04-19,28.4398272076934,28.8716258264437,28.2304703016326,28.714608146898197,141288.0,43.47,0.0,44.13,43.15,43.89,1.0,94192.0,1
207,2016-04-18,28.452912014322198,28.7800321800422,28.1977582850606,28.1977582850606,25314.0,43.49,0.0,43.99,43.1,43.1,1.0,16876.0,0
208,2016-04-15,28.4594544176366,28.649184113754202,28.1323342519166,28.1323342519166,32421.0,43.5,0.0,43.79,43.0,43.0,1.0,21614.0,4
209,2016-04-14,28.269724721518998,28.387487981178197,28.1197074135198,28.263182318204603,36442.5,43.21,0.0,43.39,42.9807,43.2,1.0,24295.0,3
210,2016-04-13,28.2500975115758,28.531420854095,27.419212290647103,27.909892539227098,60283.5,43.18,0.3,43.61,41.91,42.66,1.0,40189.0,2
211,2016-04-12,27.736813771140103,27.9057425971063,27.3534752814476,27.3534752814476,74599.5,42.69,0.0,42.95,42.1,42.1,1.0,49733.0,1
212,2016-04-11,27.2690108684645,27.6003712578597,27.015617629515198,27.0935847799612,43768.5,41.97,0.0,42.48,41.58,41.7,1.0,29179.0,0
213,2016-04-08,27.0026231044409,27.2235300307044,26.801207965788898,26.9961258419038,64836.0,41.56,0.0,41.9,41.25,41.55,1.0,43224.0,4
214,2016-04-07,26.820699753400397,27.048103942201,26.7037490277315,26.9831313168294,47215.5,41.28,0.0,41.63,41.1,41.53,1.0,31477.0,3
215,2016-04-06,27.028612154589602,27.314491706224604,26.118995399387003,26.723240815342997,82375.5,41.6,0.0,42.04,40.2,41.13,1.0,54917.0,2
216,2016-04-05,26.632279139822696,27.1520601427956,26.560809251914,27.028612154589602,48768.0,40.99,0.0,41.79,40.88,41.6,1.0,32512.0,1
217,2016-04-04,27.0675957298125,27.256016343390197,26.9181586914578,27.1845464554814,34596.0,41.66,0.0,41.95,41.43,41.84,1.0,23064.0,0
218,2016-04-01,27.054601204738198,27.2755081310017,26.8921696413092,27.2040382430929,32056.5,41.64,0.0,41.98,41.39,41.87,1.0,21371.0,4
219,2016-03-31,27.288502656076002,27.4379396944307,27.1975409805557,27.4379396944307,54105.0,42.0,0.0,42.23,41.86,42.23,1.0,36070.0,3
220,2016-03-30,27.4379396944307,27.5101242812186,26.820699753400397,27.4834205321908,62626.5,42.23,0.0,42.3411,41.28,42.3,1.0,41751.0,2
221,2016-03-29,27.4249451693564,27.6003712578597,26.729738077880203,27.022114892052397,45277.5,42.21,0.0,42.48,41.14,41.59,1.0,30185.0,1
222,2016-03-28,26.924655953995,27.126071092647,26.7037490277315,26.957142266680798,39016.5,41.44,0.0,41.75,41.1,41.49,1.0,26011.0,0
223,2016-03-24,26.9311532165322,27.6068685203969,26.609538720942698,26.9116614289207,93580.5,41.45,0.0,42.49,40.955,41.42,1.0,62387.0,3
224,2016-03-23,26.872677853697702,27.1520601427956,26.573803776988303,27.1520601427956,41986.5,41.36,0.0,41.79,40.9,41.79,1.0,27991.0,2
225,2016-03-22,27.1390656177213,27.5159068448766,27.035109417126698,27.5159068448766,40084.5,41.77,0.0,42.35,41.61,42.35,1.0,26723.0,1
226,2016-03-21,27.476923269653696,27.5223391347884,27.288502656076002,27.346978018910498,46989.0,42.29,0.0,42.3599,42.0,42.09,1.0,31326.0,0
227,2016-03-18,27.314491706224604,27.4054533817449,26.6582681899714,26.6582681899714,62175.0,42.04,0.0,42.18,41.03,41.03,1.0,41450.0,4
228,2016-03-17,26.508831151616697,26.5413174643025,25.9890501486438,26.008541936255302,23272.5,40.8,0.0,40.85,40.0,40.03,1.0,15515.0,3
229,2016-03-16,26.15797897461,26.638776402359902,26.0020446737181,26.5867983020626,32463.0,40.26,0.0,41.0,40.02,40.92,1.0,21642.0,2
230,2016-03-15,26.346399588187698,26.6647654525086,26.333405063113297,26.5348202017653,34645.5,40.55,0.0,41.04,40.53,40.84,1.0,23097.0,1
231,2016-03-14,26.489339364005197,26.924655953995,26.3659563484245,26.5867983020626,62395.5,40.77,0.0,41.44,40.5801,40.92,1.0,41597.0,0
232,2016-03-11,26.5997928271369,26.645273664897104,26.242443387593102,26.242443387593102,44563.5,40.94,0.0,41.01,40.39,40.39,1.0,29709.0,4
233,2016-03-10,26.3528968507248,26.866180591160497,26.1774707622215,26.4763448389309,39207.0,40.56,0.0,41.35,40.29,40.75,1.0,26138.0,3
234,2016-03-09,26.430864001170804,26.9506450041436,26.274929700278896,26.4633503138566,31887.0,40.68,0.0,41.48,40.44,40.73,1.0,21258.0,2
235,2016-03-08,26.3009187504275,26.775218915640302,26.1774707622215,26.3009187504275,69912.0,40.48,0.0,41.21,40.29,40.48,1.0,46608.0,1
236,2016-03-07,26.2554379126674,26.339902325650502,26.028033723866802,26.028033723866802,41715.0,40.41,0.0,40.54,40.06,40.06,1.0,27810.0,0
237,2016-03-04,25.995547411181,26.560809251914,25.7161651220831,26.560809251914,42303.0,40.01,0.0,40.88,39.58,40.88,1.0,28202.0,4
238,2016-03-03,26.4438585262451,26.489339364005197,26.0150391987925,26.021536461329603,45459.0,40.7,0.0,40.77,40.04,40.05,1.0,30306.0,3
239,2016-03-02,25.911082998197898,26.242443387593102,25.3653129450764,25.4887609332824,69616.5,39.88,0.0,40.39,39.04,39.23,1.0,46411.0,2
240,2016-03-01,25.508252720893896,25.748651434768895,25.274351269556103,25.4107937828365,57747.0,39.26,0.0,39.63,38.9,39.11,1.0,38498.0,1
241,2016-02-29,25.215875906721696,25.4627718831338,24.8839957363235,25.3458211574649,56043.0,38.81,0.0,39.19,38.2992,39.01,1.0,37362.0,0
242,2016-02-26,25.3328266323906,25.5017554583567,25.1574005438872,25.436782832985102,56713.5,38.99,0.0,39.25,38.72,39.15,1.0,37809.0,4
243,2016-02-25,25.2808485320933,25.4562746205966,24.8585264671778,25.3198321073162,58687.5,38.91,0.0,39.18,38.26,38.97,1.0,39125.0,3
244,2016-02-24,25.2223731692588,25.344521704957398,24.501177027634,24.7545702665832,35182.5,38.82,0.0,39.008,37.71,38.1,1.0,23455.0,2
245,2016-02-23,24.761067529120396,25.3328266323906,24.7350784789717,25.137908756275703,29503.5,38.11,0.0,38.99,38.07,38.69,1.0,19669.0,1
246,2016-02-22,25.131411493738604,25.3783074701507,25.0339525556812,25.1574005438872,28051.5,38.68,0.0,39.06,38.53,38.72,1.0,18701.0,0
247,2016-02-19,25.0924279185156,25.5342417710425,24.5888900718856,24.826040154492002,47697.0,38.62,0.0,39.3,37.845,38.21,1.0,31798.0,4
248,2016-02-18,24.8195428919548,25.527744508505396,24.6766031161373,25.3198321073162,45438.0,38.2,0.0,39.29,37.98,38.97,1.0,30292.0,3
249,2016-02-17,25.3198321073162,25.885093948049196,25.228870431795997,25.7876350099918,58167.0,38.97,0.0,39.84,38.83,39.69,1.0,38778.0,2
250,2016-02-16,25.6252034465628,25.794132272529,25.430285570448,25.6576897592486,56395.5,39.44,0.0,39.7,39.14,39.49,1.0,37597.0,1
251,2016-02-12,25.4042965202993,25.664187021785803,25.1703950689615,25.1963841191102,43062.0,39.1,0.0,39.5,38.74,38.78,1.0,28708.0,4
252,2016-02-11,24.8910127798636,25.182090141528395,24.338745464204898,24.338745464204898,39786.0,38.31,0.0,38.758,37.46,37.46,1.0,26524.0,3
253,2016-02-10,24.4491989273367,25.1249142312014,24.423209877188,24.787056579269,35292.0,37.63,0.0,38.67,37.59,38.15,1.0,23528.0,2
254,2016-02-09,24.7220839538974,25.0989251810528,24.1893084258502,25.0989251810528,38946.0,38.05,0.0,38.63,37.23,38.63,1.0,25964.0,1
255,2016-02-08,24.592138703154202,24.9429908801609,24.462193452410997,24.9429908801609,33694.5,37.85,0.0,38.39,37.65,38.39,1.0,22463.0,0
256,2016-02-05,24.9364936176237,25.975990650944098,24.62462501584,24.62462501584,78714.0,38.38,0.0,39.9799,37.9,37.9,1.0,52476.0,4
257,2016-02-04,25.9890501486438,26.6582681899714,25.8915912105864,26.6582681899714,74346.0,40.0,0.0,41.03,39.85,41.03,1.0,49564.0,3
258,2016-02-03,26.489339364005197,26.638776402359902,26.008541936255302,26.638776402359902,42379.5,40.77,0.0,41.0,40.03,41.0,1.0,28253.0,2
259,2016-02-02,26.573803776988303,27.035109417126698,26.1254926619242,27.035109417126698,49789.5,40.9,0.0,41.61,40.21,41.61,1.0,33193.0,1
260,2016-02-01,27.1455628802585,27.4379396944307,26.8241433025451,27.171551930407098,40768.5,41.78,0.0,42.23,41.2853,41.82,1.0,27179.0,0
261,2016-01-29,27.2690108684645,27.4314424318935,26.4698475763937,26.4698475763937,52159.5,41.97,0.0,42.22,40.74,40.74,1.0,34773.0,4
262,2016-01-28,26.482842101468,26.6582681899714,26.054022774015397,26.054022774015397,33466.5,40.76,0.0,41.03,40.1,40.1,1.0,22311.0,3
263,2016-01-27,25.7811377474547,26.268432437741698,25.5797226088027,25.761645959843197,38508.0,39.68,0.0,40.43,39.37,39.65,1.0,25672.0,2
264,2016-01-26,25.8461103728263,26.028033723866802,25.131411493738604,25.5472362961169,74866.5,39.78,0.0,40.06,38.68,39.32,1.0,49911.0,1
265,2016-01-25,25.4692691456709,26.106000874312702,25.352318420001996,25.8915912105864,45880.5,39.2,0.0,40.18,39.02,39.85,1.0,30587.0,0
266,2016-01-22,25.807126797603303,26.4358668933244,25.6317007091,25.976055623569497,25873.5,39.72,0.0,40.6877,39.45,39.98,1.0,17249.0,4
267,2016-01-21,25.6966733344716,26.0865090867012,25.589468502608398,25.9890501486438,38088.0,39.55,0.0,40.15,39.385,40.0,1.0,25392.0,3
268,2016-01-20,25.8266185852148,26.183968024758602,25.3653129450764,25.664187021785803,53979.0,39.75,0.0,40.3,39.04,39.5,1.0,35986.0,2
269,2016-01-19,25.599214396414197,26.1709734996843,25.4887609332824,26.1514817120728,62574.0,39.4,0.0,40.28,39.23,40.25,1.0,41716.0,1
270,2016-01-15,26.008541936255302,26.4048749510221,25.358815682539202,25.885093948049196,53454.0,40.03,0.0,40.64,39.03,39.84,1.0,35636.0,4
271,2016-01-14,26.274929700278896,26.68425724012,26.190465287295797,26.4373612637079,63058.5,40.44,0.0,41.07,40.31,40.69,1.0,42039.0,3
272,2016-01-13,26.3139132755019,26.9181586914578,26.0800118241641,26.9181586914578,67026.0,40.5,0.3,41.43,40.14,41.43,1.0,44684.0,2
273,2016-01-12,26.8234228707873,27.320033488976897,26.6750846341852,27.132998321087303,53902.5,41.59,0.0,42.36,41.36,42.07,1.0,35935.0,1
274,2016-01-11,27.145897298183197,27.4103263286478,26.8879177562665,27.345831443168603,58795.5,42.09,0.0,42.5,41.69,42.4,1.0,39197.0,0
275,2016-01-08,27.2813365576894,27.474821214126898,27.216841672210304,27.390977863003997,70756.5,42.3,0.0,42.6,42.2,42.47,1.0,47171.0,4
276,2016-01-07,27.2813365576894,27.629608939277002,27.249089114949797,27.3780788859082,50838.0,42.3,0.0,42.84,42.25,42.45,1.0,33892.0,3
277,2016-01-06,27.681204847660304,27.7456997331395,27.436124282839398,27.4554727484832,33829.5,42.92,0.0,43.02,42.54,42.57,1.0,22553.0,2
278,2016-01-05,27.732800756043602,28.371300122287398,27.558664565249902,27.558664565249902,37620.0,43.0,0.0,43.99,42.73,42.73,1.0,25080.0,1
279,2016-01-04,27.926285412481104,28.3519516566437,27.4103263286478,28.1369257084561,64626.0,43.3,0.0,43.96,42.5,43.6266,1.0,43084.0,0
