,Unnamed: 0,adj_close,adj_high,adj_low,adj_open,adj_volume,close,ex_dividend,high,low,open,split_ratio,volume,Day of Week
0,2017-02-10,1.22,1.27,1.19,1.24,605610.0,1.22,0.0,1.27,1.19,1.24,1.0,605610.0,4
1,2017-02-09,1.23,1.399,1.18,1.23,2644843.0,1.23,0.0,1.399,1.18,1.23,1.0,2644843.0,3
2,2017-02-08,1.24,1.24,1.16,1.23,572435.0,1.24,0.0,1.24,1.16,1.23,1.0,572435.0,2
3,2017-02-07,1.22,1.25,1.19,1.25,488978.0,1.22,0.0,1.25,1.19,1.25,1.0,488978.0,1
4,2017-02-06,1.23,1.25,1.2,1.24,594254.0,1.23,0.0,1.25,1.2,1.24,1.0,594254.0,0
5,2017-02-03,1.24,1.29,1.15,1.29,1139553.0,1.24,0.0,1.29,1.15,1.29,1.0,1139553.0,4
6,2017-02-02,1.2,1.33,1.17,1.25,3330680.0,1.2,0.0,1.33,1.17,1.25,1.0,3330680.0,3
7,2017-02-01,1.18,1.3,1.08,1.28,7640980.0,1.18,0.0,1.3,1.08,1.28,1.0,7640980.0,2
8,2017-01-31,4.04,4.05,3.81,3.9,1037416.0,4.04,0.0,4.05,3.81,3.9,1.0,1037416.0,1
9,2017-01-30,3.93,4.0524,3.8468,4.01,102302.0,3.93,0.0,4.0524,3.8468,4.01,1.0,102302.0,0
10,2017-01-27,4.04,4.3,3.8,4.3,279845.0,4.04,0.0,4.3,3.8,4.3,1.0,279845.0,4
11,2017-01-26,4.27,4.649,4.25,4.46,178443.0,4.27,0.0,4.649,4.25,4.46,1.0,178443.0,3
12,2017-01-25,4.5,5.0,4.46,4.54,228228.0,4.5,0.0,5.0,4.46,4.54,1.0,228228.0,2
13,2017-01-24,4.56,4.6,4.22,4.22,213559.0,4.56,0.0,4.6,4.22,4.22,1.0,213559.0,1
14,2017-01-23,4.16,4.53,4.0645,4.5,257986.0,4.16,0.0,4.53,4.0645,4.5,1.0,257986.0,0
15,2017-01-20,4.5,5.0,4.47,5.0,531431.0,4.5,0.0,5.0,4.47,5.0,1.0,531431.0,4
16,2017-01-19,4.97,5.51,4.41,4.54,4000245.0,4.97,0.0,5.51,4.41,4.54,1.0,4000245.0,3
17,2017-01-18,4.15,4.369,4.12,4.35,68165.0,4.15,0.0,4.369,4.12,4.35,1.0,68165.0,2
18,2017-01-17,4.29,4.4,4.15,4.3,104566.0,4.29,0.0,4.4,4.15,4.3,1.0,104566.0,1
19,2017-01-13,4.29,4.48,4.21,4.21,77449.0,4.29,0.0,4.48,4.21,4.21,1.0,77449.0,4
20,2017-01-12,4.24,4.4546,4.2,4.39,89583.0,4.24,0.0,4.4546,4.2,4.39,1.0,89583.0,3
21,2017-01-11,4.36,4.6721,4.2,4.44,140442.0,4.36,0.0,4.6721,4.2,4.44,1.0,140442.0,2
22,2017-01-10,4.41,4.468999999999999,4.01,4.15,183134.0,4.41,0.0,4.468999999999999,4.01,4.15,1.0,183134.0,1
23,2017-01-09,4.13,4.3014,4.11,4.24,130075.0,4.13,0.0,4.3014,4.11,4.24,1.0,130075.0,0
24,2017-01-06,4.24,4.5325,4.07,4.42,197537.0,4.24,0.0,4.5325,4.07,4.42,1.0,197537.0,4
25,2017-01-05,4.45,4.4955,4.2,4.29,239361.0,4.45,0.0,4.4955,4.2,4.29,1.0,239361.0,3
26,2017-01-04,4.08,4.2,3.7358,3.8,190141.0,4.08,0.0,4.2,3.7358,3.8,1.0,190141.0,2
27,2017-01-03,3.7,3.79,3.6,3.72,129121.0,3.7,0.0,3.79,3.6,3.72,1.0,129121.0,1
28,2016-12-30,3.61,3.8,3.34,3.34,258896.0,3.61,0.0,3.8,3.34,3.34,1.0,258896.0,4
29,2016-12-29,3.31,3.68,3.3,3.68,174477.0,3.31,0.0,3.68,3.3,3.68,1.0,174477.0,3
30,2016-12-28,3.65,3.85,3.63,3.7546,124698.0,3.65,0.0,3.85,3.63,3.7546,1.0,124698.0,2
31,2016-12-27,3.8,3.9099,3.7674,3.85,75715.0,3.8,0.0,3.9099,3.7674,3.85,1.0,75715.0,1
32,2016-12-23,3.75,3.96,3.6201,3.94,119099.0,3.75,0.0,3.96,3.6201,3.94,1.0,119099.0,4
33,2016-12-22,3.85,4.19,3.6705,3.8,467482.0,3.85,0.0,4.19,3.6705,3.8,1.0,467482.0,3
34,2016-12-21,3.59,3.74,3.52,3.74,79086.0,3.59,0.0,3.74,3.52,3.74,1.0,79086.0,2
35,2016-12-20,3.721,3.85,3.62,3.69,178037.0,3.721,0.0,3.85,3.62,3.69,1.0,178037.0,1
36,2016-12-19,3.72,3.84,3.44,3.74,234212.0,3.72,0.0,3.84,3.44,3.74,1.0,234212.0,0
37,2016-12-16,3.62,3.65,3.3134,3.3134,289499.0,3.62,0.0,3.65,3.3134,3.3134,1.0,289499.0,4
38,2016-12-15,3.35,3.41,3.3,3.37,36078.0,3.35,0.0,3.41,3.3,3.37,1.0,36078.0,3
39,2016-12-14,3.38,3.49,3.31,3.41,88962.0,3.38,0.0,3.49,3.31,3.41,1.0,88962.0,2
40,2016-12-13,3.47,3.63,3.37,3.5,74684.0,3.47,0.0,3.63,3.37,3.5,1.0,74684.0,1
41,2016-12-12,3.5,3.6,3.42,3.6,72609.0,3.5,0.0,3.6,3.42,3.6,1.0,72609.0,0
42,2016-12-09,3.61,3.69,3.5,3.6,101874.0,3.61,0.0,3.69,3.5,3.6,1.0,101874.0,4
43,2016-12-08,3.52,3.5946,3.45,3.54,135137.0,3.52,0.0,3.5946,3.45,3.54,1.0,135137.0,3
44,2016-12-07,3.56,3.76,3.52,3.75,136079.0,3.56,0.0,3.76,3.52,3.75,1.0,136079.0,2
45,2016-12-06,3.71,3.74,3.3,3.4,254649.0,3.71,0.0,3.74,3.3,3.4,1.0,254649.0,1
46,2016-12-05,3.41,3.52,3.31,3.44,123324.0,3.41,0.0,3.52,3.31,3.44,1.0,123324.0,0
47,2016-12-02,3.46,3.53,3.22,3.45,133591.0,3.46,0.0,3.53,3.22,3.45,1.0,133591.0,4
48,2016-12-01,3.45,3.61,3.38,3.57,33667.0,3.45,0.0,3.61,3.38,3.57,1.0,33667.0,3
49,2016-11-30,3.57,3.79,3.36,3.79,173331.0,3.57,0.0,3.79,3.36,3.79,1.0,173331.0,2
50,2016-11-29,3.79,3.85,3.75,3.85,29796.0,3.79,0.0,3.85,3.75,3.85,1.0,29796.0,1
51,2016-11-28,3.85,3.989,3.78,3.9,43057.0,3.85,0.0,3.989,3.78,3.9,1.0,43057.0,0
52,2016-11-25,3.85,3.985,3.75,3.8,41491.0,3.85,0.0,3.985,3.75,3.8,1.0,41491.0,4
53,2016-11-23,3.8,4.0,3.78,4.0,66076.0,3.8,0.0,4.0,3.78,4.0,1.0,66076.0,2
54,2016-11-22,4.0,4.3599,3.95,4.2,49212.0,4.0,0.0,4.3599,3.95,4.2,1.0,49212.0,1
55,2016-11-21,4.2,4.5,4.13,4.48,46019.0,4.2,0.0,4.5,4.13,4.48,1.0,46019.0,0
56,2016-11-18,4.48,4.51,4.25,4.33,49569.0,4.48,0.0,4.51,4.25,4.33,1.0,49569.0,4
57,2016-11-17,4.31,4.55,4.12,4.3,89606.0,4.31,0.0,4.55,4.12,4.3,1.0,89606.0,3
58,2016-11-16,4.38,4.97,4.21,4.75,226664.0,4.38,0.0,4.97,4.21,4.75,1.0,226664.0,2
59,2016-11-15,4.52,4.55,4.39,4.43,85037.0,4.52,0.0,4.55,4.39,4.43,1.0,85037.0,1
60,2016-11-14,4.46,4.5348,4.2,4.42,48985.0,4.46,0.0,4.5348,4.2,4.42,1.0,48985.0,0
61,2016-11-11,4.45,5.16,4.4045,4.77,186212.0,4.45,0.0,5.16,4.4045,4.77,1.0,186212.0,4
62,2016-11-10,4.22,4.32,3.93,4.0,88098.0,4.22,0.0,4.32,3.93,4.0,1.0,88098.0,3
63,2016-11-09,3.891,3.91,3.42,3.42,68484.0,3.891,0.0,3.91,3.42,3.42,1.0,68484.0,2
64,2016-11-08,3.5,3.7239,3.41,3.51,39622.0,3.5,0.0,3.7239,3.41,3.51,1.0,39622.0,1
65,2016-11-07,3.51,3.6995,3.33,3.34,96820.0,3.51,0.0,3.6995,3.33,3.34,1.0,96820.0,0
66,2016-11-04,3.33,3.34,3.24,3.25,36533.0,3.33,0.0,3.34,3.24,3.25,1.0,36533.0,4
67,2016-11-03,3.25,3.45,3.22,3.42,73841.0,3.25,0.0,3.45,3.22,3.42,1.0,73841.0,3
68,2016-11-02,3.42,3.6085,3.39,3.5,48935.0,3.42,0.0,3.6085,3.39,3.5,1.0,48935.0,2
69,2016-11-01,3.5199,3.55,3.42,3.48,30528.0,3.5199,0.0,3.55,3.42,3.48,1.0,30528.0,1
70,2016-10-31,3.45,3.62,3.45,3.62,63416.0,3.45,0.0,3.62,3.45,3.62,1.0,63416.0,0
71,2016-10-28,3.57,3.9765,3.52,3.53,90689.0,3.57,0.0,3.9765,3.52,3.53,1.0,90689.0,4
72,2016-10-27,3.58,4.2,3.56,4.14,166510.0,3.58,0.0,4.2,3.56,4.14,1.0,166510.0,3
73,2016-10-26,4.13,4.32,4.13,4.31,48982.0,4.13,0.0,4.32,4.13,4.31,1.0,48982.0,2
74,2016-10-25,4.35,4.7695,4.301,4.74,140630.0,4.35,0.0,4.7695,4.301,4.74,1.0,140630.0,1
75,2016-10-24,4.7,4.9,4.68,4.84,108232.0,4.7,0.0,4.9,4.68,4.84,1.0,108232.0,0
76,2016-10-21,4.88,4.9018,4.73,4.88,54839.0,4.88,0.0,4.9018,4.73,4.88,1.0,54839.0,4
77,2016-10-20,4.84,4.94,4.69,4.69,99696.0,4.84,0.0,4.94,4.69,4.69,1.0,99696.0,3
78,2016-10-19,4.75,4.89,4.71,4.74,78841.0,4.75,0.0,4.89,4.71,4.74,1.0,78841.0,2
79,2016-10-18,4.78,4.9301,4.62,4.73,116325.0,4.78,0.0,4.9301,4.62,4.73,1.0,116325.0,1
80,2016-10-17,4.76,4.98,4.6601,4.85,128918.0,4.76,0.0,4.98,4.6601,4.85,1.0,128918.0,0
81,2016-10-14,4.87,5.0053,4.67,4.83,88273.0,4.87,0.0,5.0053,4.67,4.83,1.0,88273.0,4
82,2016-10-13,4.86,4.92,4.69,4.74,152966.0,4.86,0.0,4.92,4.69,4.74,1.0,152966.0,3
83,2016-10-12,4.71,5.03,4.62,5.0,158451.0,4.71,0.0,5.03,4.62,5.0,1.0,158451.0,2
84,2016-10-11,4.99,5.29,4.98,5.16,88349.0,4.99,0.0,5.29,4.98,5.16,1.0,88349.0,1
85,2016-10-10,5.23,5.29,4.8,5.05,125559.0,5.23,0.0,5.29,4.8,5.05,1.0,125559.0,0
86,2016-10-07,5.09,5.45,4.92,5.4,296770.0,5.09,0.0,5.45,4.92,5.4,1.0,296770.0,4
87,2016-10-06,5.44,5.7388,5.316,5.62,224399.0,5.44,0.0,5.7388,5.316,5.62,1.0,224399.0,3
88,2016-10-05,5.43,5.6999,5.25,5.35,277289.0,5.43,0.0,5.6999,5.25,5.35,1.0,277289.0,2
89,2016-10-04,5.4,6.0665,5.25,5.96,458035.0,5.4,0.0,6.0665,5.25,5.96,1.0,458035.0,1
90,2016-10-03,5.79,6.25,5.4501,6.21,529046.0,5.79,0.0,6.25,5.4501,6.21,1.0,529046.0,0
91,2016-09-30,6.16,6.63,5.75,6.5,1972345.0,6.16,0.0,6.63,5.75,6.5,1.0,1972345.0,4
92,2016-09-29,6.25,7.89,5.11,5.62,16638162.0,6.25,0.0,7.89,5.11,5.62,1.0,16638162.0,3
93,2016-09-28,4.48,4.5,4.33,4.43,56790.0,4.48,0.0,4.5,4.33,4.43,1.0,56790.0,2
94,2016-09-27,4.48,4.69,4.46,4.6,57695.0,4.48,0.0,4.69,4.46,4.6,1.0,57695.0,1
95,2016-09-26,4.64,4.652,4.38,4.46,87626.0,4.64,0.0,4.652,4.38,4.46,1.0,87626.0,0
96,2016-09-23,4.36,4.74,4.25,4.74,623900.0,4.36,0.0,4.74,4.25,4.74,1.0,623900.0,4
97,2016-09-22,5.0,5.0,4.5,4.5,48050.0,5.0,0.0,5.0,4.5,4.5,1.0,48050.0,3
98,2016-09-21,4.4801,4.7399,4.15,4.2101,60975.0,4.4801,0.0,4.7399,4.15,4.2101,1.0,60975.0,2
99,2016-09-20,4.14,4.35,3.99,4.02,477971.0,4.14,0.0,4.35,3.99,4.02,1.0,477971.0,1
100,2016-09-19,3.96,4.0106,3.9,3.99,15801.0,3.96,0.0,4.0106,3.9,3.99,1.0,15801.0,0
101,2016-09-16,3.99,4.19,3.99,4.166,15352.0,3.99,0.0,4.19,3.99,4.166,1.0,15352.0,4
102,2016-09-15,4.13,4.24,3.9273,4.04,38243.0,4.13,0.0,4.24,3.9273,4.04,1.0,38243.0,3
103,2016-09-14,4.1,4.12,3.945,3.96,41678.0,4.1,0.0,4.12,3.945,3.96,1.0,41678.0,2
104,2016-09-13,3.94,3.98,3.81,3.92,9225.0,3.94,0.0,3.98,3.81,3.92,1.0,9225.0,1
105,2016-09-12,3.88,4.25,3.55,4.25,64445.0,3.88,0.0,4.25,3.55,4.25,1.0,64445.0,0
106,2016-09-09,4.24,4.409,4.15,4.35,22589.0,4.24,0.0,4.409,4.15,4.35,1.0,22589.0,4
107,2016-09-08,4.3069999999999995,4.3599,4.0,4.25,46673.0,4.3069999999999995,0.0,4.3599,4.0,4.25,1.0,46673.0,3
108,2016-09-07,4.3,4.882,4.1601,4.85,114152.0,4.3,0.0,4.882,4.1601,4.85,1.0,114152.0,2
109,2016-09-06,4.87,4.94,4.81,4.87,18045.0,4.87,0.0,4.94,4.81,4.87,1.0,18045.0,1
110,2016-09-02,4.82,4.98,4.798,4.98,9167.0,4.82,0.0,4.98,4.798,4.98,1.0,9167.0,4
111,2016-09-01,4.75,4.93,4.69,4.93,26033.0,4.75,0.0,4.93,4.69,4.93,1.0,26033.0,3
112,2016-08-31,4.99,5.03,4.9,4.95,25988.0,4.99,0.0,5.03,4.9,4.95,1.0,25988.0,2
113,2016-08-30,5.0,5.05,4.9,4.92,33358.0,5.0,0.0,5.05,4.9,4.92,1.0,33358.0,1
114,2016-08-29,4.95,5.01,4.9,5.01,55362.0,4.95,0.0,5.01,4.9,5.01,1.0,55362.0,0
115,2016-08-26,4.95,5.18,4.93,5.1791,10743.0,4.95,0.0,5.18,4.93,5.1791,1.0,10743.0,4
116,2016-08-25,4.97,5.25,4.961,4.97,15640.0,4.97,0.0,5.25,4.961,4.97,1.0,15640.0,3
117,2016-08-24,4.91,5.17,4.9,5.0,23981.0,4.91,0.0,5.17,4.9,5.0,1.0,23981.0,2
118,2016-08-23,4.98,5.3906,4.95,5.06,34706.0,4.98,0.0,5.3906,4.95,5.06,1.0,34706.0,1
119,2016-08-22,5.0,5.04,4.9,4.98,16563.0,5.0,0.0,5.04,4.9,4.98,1.0,16563.0,0
120,2016-08-19,4.96,4.9842,4.9,4.9,9261.0,4.96,0.0,4.9842,4.9,4.9,1.0,9261.0,4
121,2016-08-18,5.09,5.1199,4.931,5.05,19406.0,5.09,0.0,5.1199,4.931,5.05,1.0,19406.0,3
122,2016-08-17,5.0,5.13,4.94,4.94,21193.0,5.0,0.0,5.13,4.94,4.94,1.0,21193.0,2
123,2016-08-16,4.94,5.25,4.9,5.18,24380.0,4.94,0.0,5.25,4.9,5.18,1.0,24380.0,1
124,2016-08-15,5.06,5.2499,5.05,5.14,57868.0,5.06,0.0,5.2499,5.05,5.14,1.0,57868.0,0
125,2016-08-12,5.05,5.2499,4.01,4.18,155226.0,5.05,0.0,5.2499,4.01,4.18,1.0,155226.0,4
126,2016-08-11,5.34,5.47,5.14,5.22,88094.0,5.34,0.0,5.47,5.14,5.22,1.0,88094.0,3
127,2016-08-10,5.19,5.21,4.67,4.79,42851.0,5.19,0.0,5.21,4.67,4.79,1.0,42851.0,2
128,2016-08-09,4.83,4.89,4.6,4.78,16134.0,4.83,0.0,4.89,4.6,4.78,1.0,16134.0,1
129,2016-08-08,4.7401,5.0,4.55,5.0,57348.0,4.7401,0.0,5.0,4.55,5.0,1.0,57348.0,0
130,2016-08-05,5.07,5.596,5.02,5.51,87154.0,5.07,0.0,5.596,5.02,5.51,1.0,87154.0,4
131,2016-08-04,5.45,5.66,4.55,4.55,258102.0,5.45,0.0,5.66,4.55,4.55,1.0,258102.0,3
132,2016-08-03,4.55,4.6299,4.02,4.08,83425.0,4.55,0.0,4.6299,4.02,4.08,1.0,83425.0,2
133,2016-08-02,4.06,4.24,4.05,4.14,11803.0,4.06,0.0,4.24,4.05,4.14,1.0,11803.0,1
134,2016-08-01,4.08,4.1565,3.87,3.87,28482.0,4.08,0.0,4.1565,3.87,3.87,1.0,28482.0,0
135,2016-07-29,3.87,3.87,3.713,3.79,33566.0,3.87,0.0,3.87,3.713,3.79,1.0,33566.0,4
136,2016-07-28,3.75,3.838,3.64,3.64,20089.0,3.75,0.0,3.838,3.64,3.64,1.0,20089.0,3
137,2016-07-27,3.62,3.68,3.48,3.53,40973.0,3.62,0.0,3.68,3.48,3.53,1.0,40973.0,2
138,2016-07-26,3.48,3.85,3.45,3.84,92767.0,3.48,0.0,3.85,3.45,3.84,1.0,92767.0,1
139,2016-07-25,3.645,3.7,3.52,3.59,63174.0,3.645,0.0,3.7,3.52,3.59,1.0,63174.0,0
140,2016-07-22,3.55,3.78,3.4,3.43,76762.0,3.55,0.0,3.78,3.4,3.43,1.0,76762.0,4
141,2016-07-21,3.5,3.699,3.48,3.55,9620.0,3.5,0.0,3.699,3.48,3.55,1.0,9620.0,3
142,2016-07-20,3.46,3.64,3.43,3.6,15137.0,3.46,0.0,3.64,3.43,3.6,1.0,15137.0,2
143,2016-07-19,3.55,3.79,3.54,3.7128,10810.0,3.55,0.0,3.79,3.54,3.7128,1.0,10810.0,1
144,2016-07-18,3.66,3.84,3.595,3.6799,22021.0,3.66,0.0,3.84,3.595,3.6799,1.0,22021.0,0
145,2016-07-15,3.71,3.859,3.661,3.81,6631.0,3.71,0.0,3.859,3.661,3.81,1.0,6631.0,4
146,2016-07-14,3.86,3.86,3.44,3.55,23187.0,3.86,0.0,3.86,3.44,3.55,1.0,23187.0,3
147,2016-07-13,3.47,3.91,3.47,3.68,30801.0,3.47,0.0,3.91,3.47,3.68,1.0,30801.0,2
148,2016-07-12,3.7,3.951,3.56,3.82,20564.0,3.7,0.0,3.951,3.56,3.82,1.0,20564.0,1
149,2016-07-11,3.76,3.98,3.63,3.63,17350.0,3.76,0.0,3.98,3.63,3.63,1.0,17350.0,0
150,2016-07-08,3.69,3.74,3.5119,3.69,27400.0,3.69,0.0,3.74,3.5119,3.69,1.0,27400.0,4
151,2016-07-07,3.53,3.69,3.4334,3.61,9895.0,3.53,0.0,3.69,3.4334,3.61,1.0,9895.0,3
152,2016-07-06,3.48,3.58,3.31,3.5,9461.0,3.48,0.0,3.58,3.31,3.5,1.0,9461.0,2
153,2016-07-05,3.54,3.78,3.5,3.78,14795.0,3.54,0.0,3.78,3.5,3.78,1.0,14795.0,1
154,2016-07-01,3.79,3.88,3.68,3.733,8232.0,3.79,0.0,3.88,3.68,3.733,1.0,8232.0,4
155,2016-06-30,3.7,4.02,3.7,4.02,24294.0,3.7,0.0,4.02,3.7,4.02,1.0,24294.0,3
156,2016-06-29,4.01,4.16,3.79,4.16,63585.0,4.01,0.0,4.16,3.79,4.16,1.0,63585.0,2
157,2016-06-28,4.08,4.135,3.73,3.93,13469.0,4.08,0.0,4.135,3.73,3.93,1.0,13469.0,1
158,2016-06-27,3.89,4.4,3.69,4.11,52354.0,3.89,0.0,4.4,3.69,4.11,1.0,52354.0,0
159,2016-06-24,4.08,4.16,3.53,3.985,302924.0,4.08,0.0,4.16,3.53,3.985,1.0,302924.0,4
160,2016-06-23,4.0,4.1699,3.67,3.87,28592.0,4.0,0.0,4.1699,3.67,3.87,1.0,28592.0,3
161,2016-06-22,3.88,4.2399,3.8,4.2399,21097.0,3.88,0.0,4.2399,3.8,4.2399,1.0,21097.0,2
162,2016-06-21,4.06,4.2199,3.97,4.16,11523.0,4.06,0.0,4.2199,3.97,4.16,1.0,11523.0,1
163,2016-06-20,4.12,4.3,3.97,4.18,17386.0,4.12,0.0,4.3,3.97,4.18,1.0,17386.0,0
164,2016-06-17,4.07,4.13,4.0,4.13,23902.0,4.07,0.0,4.13,4.0,4.13,1.0,23902.0,4
165,2016-06-16,4.1,4.14,3.93,4.0,23632.0,4.1,0.0,4.14,3.93,4.0,1.0,23632.0,3
166,2016-06-15,4.05,4.2,4.0,4.2,23545.0,4.05,0.0,4.2,4.0,4.2,1.0,23545.0,2
167,2016-06-14,4.17,4.3,4.12,4.12,11419.0,4.17,0.0,4.3,4.12,4.12,1.0,11419.0,1
168,2016-06-13,4.2,4.6099,4.12,4.47,60234.0,4.2,0.0,4.6099,4.12,4.47,1.0,60234.0,0
169,2016-06-10,4.52,4.78,4.45,4.78,42361.0,4.52,0.0,4.78,4.45,4.78,1.0,42361.0,4
170,2016-06-09,4.89,5.32,4.5501,5.08,44443.0,4.89,0.0,5.32,4.5501,5.08,1.0,44443.0,3
171,2016-06-08,5.05,5.6,4.78,5.6,198118.0,5.05,0.0,5.6,4.78,5.6,1.0,198118.0,2
172,2016-06-07,6.85,7.23,6.65,7.23,22622.0,6.85,0.0,7.23,6.65,7.23,1.0,22622.0,1
173,2016-06-06,7.12,7.14,6.5764,6.5883,13829.0,7.12,0.0,7.14,6.5764,6.5883,1.0,13829.0,0
174,2016-06-03,6.82,6.92,6.79,6.87,5978.0,6.82,0.0,6.92,6.79,6.87,1.0,5978.0,4
175,2016-06-02,6.85,6.97,6.5821,6.84,15089.0,6.85,0.0,6.97,6.5821,6.84,1.0,15089.0,3
176,2016-06-01,6.86,6.97,6.1401,6.58,18705.0,6.86,0.0,6.97,6.1401,6.58,1.0,18705.0,2
177,2016-05-31,6.75,7.04,6.55,6.7478,23117.0,6.75,0.0,7.04,6.55,6.7478,1.0,23117.0,1
178,2016-05-27,6.47,6.975,6.19,6.88,12472.0,6.47,0.0,6.975,6.19,6.88,1.0,12472.0,4
179,2016-05-26,6.94,7.047000000000001,6.56,6.62,34642.0,6.94,0.0,7.047000000000001,6.56,6.62,1.0,34642.0,3
180,2016-05-25,6.91,6.9399,5.98,5.98,30814.0,6.91,0.0,6.9399,5.98,5.98,1.0,30814.0,2
181,2016-05-24,6.23,6.7599,5.83,6.4501,34867.0,6.23,0.0,6.7599,5.83,6.4501,1.0,34867.0,1
182,2016-05-23,6.45,6.88,5.61,5.61,43697.0,6.45,0.0,6.88,5.61,5.61,1.0,43697.0,0
183,2016-05-20,5.56,5.6,5.19,5.19,19899.0,5.56,0.0,5.6,5.19,5.19,1.0,19899.0,4
184,2016-05-19,5.14,5.23,4.76,4.76,9833.0,5.14,0.0,5.23,4.76,4.76,1.0,9833.0,3
185,2016-05-18,4.96,5.28,4.87,5.0,13233.0,4.96,0.0,5.28,4.87,5.0,1.0,13233.0,2
186,2016-05-17,5.06,5.4299,4.71,4.71,45260.0,5.06,0.0,5.4299,4.71,4.71,1.0,45260.0,1
187,2016-05-16,5.0,5.31,4.83,4.91,55227.0,5.0,0.0,5.31,4.83,4.91,1.0,55227.0,0
188,2016-05-13,4.91,4.96,4.19,4.19,51468.0,4.91,0.0,4.96,4.19,4.19,1.0,51468.0,4
189,2016-05-12,4.45,4.625,4.16,4.33,33556.0,4.45,0.0,4.625,4.16,4.33,1.0,33556.0,3
190,2016-05-11,4.63,4.886,4.55,4.8856,11223.0,4.63,0.0,4.886,4.55,4.8856,1.0,11223.0,2
191,2016-05-10,4.74,4.95,4.2101,4.85,25870.0,4.74,0.0,4.95,4.2101,4.85,1.0,25870.0,1
192,2016-05-09,4.64,4.7,4.34,4.4,23183.0,4.64,0.0,4.7,4.34,4.4,1.0,23183.0,0
193,2016-05-06,4.33,4.4,4.03,4.15,19107.0,4.33,0.0,4.4,4.03,4.15,1.0,19107.0,4
194,2016-05-05,4.09,4.3699,4.05,4.23,14149.0,4.09,0.0,4.3699,4.05,4.23,1.0,14149.0,3
195,2016-05-04,4.26,4.41,4.25,4.41,18004.0,4.26,0.0,4.41,4.25,4.41,1.0,18004.0,2
196,2016-05-03,4.48,4.82,4.38,4.82,14386.0,4.48,0.0,4.82,4.38,4.82,1.0,14386.0,1
197,2016-05-02,4.9,4.9113,4.21,4.45,21367.0,4.9,0.0,4.9113,4.21,4.45,1.0,21367.0,0
198,2016-04-29,4.41,4.6799,4.22,4.65,36659.0,4.41,0.0,4.6799,4.22,4.65,1.0,36659.0,4
199,2016-04-28,4.61,5.088,4.55,4.57,10152.0,4.61,0.0,5.088,4.55,4.57,1.0,10152.0,3
200,2016-04-27,4.52,5.06,4.52,5.06,38075.0,4.52,0.0,5.06,4.52,5.06,1.0,38075.0,2
201,2016-04-26,5.0,5.08,4.94,5.08,32561.0,5.0,0.0,5.08,4.94,5.08,1.0,32561.0,1
202,2016-04-25,4.96,5.0,4.84,4.98,37597.0,4.96,0.0,5.0,4.84,4.98,1.0,37597.0,0
203,2016-04-22,5.0,5.17,4.98,4.98,8940.0,5.0,0.0,5.17,4.98,4.98,1.0,8940.0,4
204,2016-04-21,5.05,5.29,4.99,5.05,30819.0,5.05,0.0,5.29,4.99,5.05,1.0,30819.0,3
205,2016-04-20,5.13,5.52,5.11,5.28,29737.0,5.13,0.0,5.52,5.11,5.28,1.0,29737.0,2
206,2016-04-19,5.33,5.79,5.32,5.74,25999.0,5.33,0.0,5.79,5.32,5.74,1.0,25999.0,1
207,2016-04-18,5.67,5.85,5.0896,5.34,29254.0,5.67,0.0,5.85,5.0896,5.34,1.0,29254.0,0
208,2016-04-15,5.25,5.45,5.16,5.17,15048.0,5.25,0.0,5.45,5.16,5.17,1.0,15048.0,4
209,2016-04-14,5.18,5.4,4.84,5.17,63563.0,5.18,0.0,5.4,4.84,5.17,1.0,63563.0,3
210,2016-04-13,5.13,5.39,5.02,5.13,63672.0,5.13,0.0,5.39,5.02,5.13,1.0,63672.0,2
211,2016-04-12,5.05,5.3899,4.94,5.08,27882.0,5.05,0.0,5.3899,4.94,5.08,1.0,27882.0,1
212,2016-04-11,5.15,5.19,4.85,5.13,19843.0,5.15,0.0,5.19,4.85,5.13,1.0,19843.0,0
213,2016-04-08,4.95,5.54,4.87,5.4,26188.0,4.95,0.0,5.54,4.87,5.4,1.0,26188.0,4
214,2016-04-07,4.82,4.9,4.81,4.81,19853.0,4.82,0.0,4.9,4.81,4.81,1.0,19853.0,3
215,2016-04-06,4.86,4.99,4.77,4.77,18202.0,4.86,0.0,4.99,4.77,4.77,1.0,18202.0,2
216,2016-04-05,4.8,5.13,4.77,5.07,34813.0,4.8,0.0,5.13,4.77,5.07,1.0,34813.0,1
217,2016-04-04,5.19,5.3,4.95,5.0,42116.0,5.19,0.0,5.3,4.95,5.0,1.0,42116.0,0
218,2016-04-01,5.16,5.4,4.68,5.17,44233.0,5.16,0.0,5.4,4.68,5.17,1.0,44233.0,4
219,2016-03-31,5.04,5.18,4.44,4.44,60820.0,5.04,0.0,5.18,4.44,4.44,1.0,60820.0,3
220,2016-03-30,4.55,4.76,4.45,4.69,28572.0,4.55,0.0,4.76,4.45,4.69,1.0,28572.0,2
221,2016-03-29,4.71,4.92,4.66,4.92,40815.0,4.71,0.0,4.92,4.66,4.92,1.0,40815.0,1
222,2016-03-28,5.16,5.2,4.86,5.05,10129.0,5.16,0.0,5.2,4.86,5.05,1.0,10129.0,0
223,2016-03-24,5.2,5.48,5.09,5.48,12127.0,5.2,0.0,5.48,5.09,5.48,1.0,12127.0,3
224,2016-03-23,5.46,5.8660000000000005,5.46,5.84,26928.0,5.46,0.0,5.8660000000000005,5.46,5.84,1.0,26928.0,2
225,2016-03-22,5.88,5.97,5.59,5.75,38061.0,5.88,0.0,5.97,5.59,5.75,1.0,38061.0,1
226,2016-03-21,5.84,6.4565,5.76,6.05,28291.0,5.84,0.0,6.4565,5.76,6.05,1.0,28291.0,0
227,2016-03-18,5.99,6.3,5.7,5.9,65286.0,5.99,0.0,6.3,5.7,5.9,1.0,65286.0,4
228,2016-03-17,5.8,6.25,5.55,6.25,57527.0,5.8,0.0,6.25,5.55,6.25,1.0,57527.0,3
229,2016-03-16,6.42,6.9933,6.22,6.22,30690.0,6.42,0.0,6.9933,6.22,6.22,1.0,30690.0,2
230,2016-03-15,6.45,6.7899,6.27,6.7899,24592.0,6.45,0.0,6.7899,6.27,6.7899,1.0,24592.0,1
231,2016-03-14,6.48,6.9,6.03,6.1,32394.0,6.48,0.0,6.9,6.03,6.1,1.0,32394.0,0
232,2016-03-11,6.42,6.56,6.3008,6.49,14274.0,6.42,0.0,6.56,6.3008,6.49,1.0,14274.0,4
233,2016-03-10,6.51,6.99,6.32,6.99,18219.0,6.51,0.0,6.99,6.32,6.99,1.0,18219.0,3
234,2016-03-09,6.97,7.7698,6.2601,7.23,22624.0,6.97,0.0,7.7698,6.2601,7.23,1.0,22624.0,2
235,2016-03-08,7.26,8.15,7.11,8.0,43168.0,7.26,0.0,8.15,7.11,8.0,1.0,43168.0,1
236,2016-03-07,8.14,8.15,6.4110000000000005,6.65,74651.0,8.14,0.0,8.15,6.4110000000000005,6.65,1.0,74651.0,0
237,2016-03-04,6.46,6.66,4.56,4.62,73227.0,6.46,0.0,6.66,4.56,4.62,1.0,73227.0,4
238,2016-03-03,4.49,4.64,4.35,4.52,85502.0,4.49,0.0,4.64,4.35,4.52,1.0,85502.0,3
239,2016-03-02,4.4,4.51,4.1635,4.43,15319.0,4.4,0.0,4.51,4.1635,4.43,1.0,15319.0,2
240,2016-03-01,4.2,4.37,3.9,4.36,29033.0,4.2,0.0,4.37,3.9,4.36,1.0,29033.0,1
241,2016-02-29,4.2,4.52,4.03,4.5,13875.0,4.2,0.0,4.52,4.03,4.5,1.0,13875.0,0
242,2016-02-26,4.43,4.71,4.24,4.575,14778.0,4.43,0.0,4.71,4.24,4.575,1.0,14778.0,4
243,2016-02-25,4.3,4.78,3.96,4.62,164743.0,4.3,0.0,4.78,3.96,4.62,1.0,164743.0,3
244,2016-02-24,4.45,5.0,4.26,4.97,27748.0,4.45,0.0,5.0,4.26,4.97,1.0,27748.0,2
245,2016-02-23,4.61,4.78,4.55,4.75,16745.0,4.61,0.0,4.78,4.55,4.75,1.0,16745.0,1
246,2016-02-22,4.72,4.835,4.49,4.835,12380.0,4.72,0.0,4.835,4.49,4.835,1.0,12380.0,0
247,2016-02-19,4.72,4.81,4.385,4.45,9360.0,4.72,0.0,4.81,4.385,4.45,1.0,9360.0,4
248,2016-02-18,4.44,4.89,4.28,4.89,14807.0,4.44,0.0,4.89,4.28,4.89,1.0,14807.0,3
249,2016-02-17,4.46,4.56,4.1336,4.56,13117.0,4.46,0.0,4.56,4.1336,4.56,1.0,13117.0,2
250,2016-02-16,4.47,4.58,4.15,4.58,9969.0,4.47,0.0,4.58,4.15,4.58,1.0,9969.0,1
251,2016-02-12,4.46,4.75,4.16,4.75,38281.0,4.46,0.0,4.75,4.16,4.75,1.0,38281.0,4
252,2016-02-11,4.57,4.77,4.21,4.49,14161.0,4.57,0.0,4.77,4.21,4.49,1.0,14161.0,3
253,2016-02-10,4.55,5.09,4.45,4.92,13897.0,4.55,0.0,5.09,4.45,4.92,1.0,13897.0,2
254,2016-02-09,4.81,5.2,4.67,4.67,13313.0,4.81,0.0,5.2,4.67,4.67,1.0,13313.0,1
255,2016-02-08,4.89,5.58,4.73,5.58,49091.0,4.89,0.0,5.58,4.73,5.58,1.0,49091.0,0
256,2016-02-05,5.75,6.21,5.49,6.15,30745.0,5.75,0.0,6.21,5.49,6.15,1.0,30745.0,4
257,2016-02-04,6.25,6.2986,5.84,6.05,19745.0,6.25,0.0,6.2986,5.84,6.05,1.0,19745.0,3
258,2016-02-03,6.06,6.31,5.72,5.93,57614.0,6.06,0.0,6.31,5.72,5.93,1.0,57614.0,2
259,2016-02-02,6.03,6.33,5.38,6.0299,32761.0,6.03,0.0,6.33,5.38,6.0299,1.0,32761.0,1
260,2016-02-01,6.3,6.86,6.03,6.5,37081.0,6.3,0.0,6.86,6.03,6.5,1.0,37081.0,0
261,2016-01-29,6.62,6.81,5.87,5.87,24567.0,6.62,0.0,6.81,5.87,5.87,1.0,24567.0,4
262,2016-01-28,5.91,5.975,5.32,5.81,16866.0,5.91,0.0,5.975,5.32,5.81,1.0,16866.0,3
263,2016-01-27,5.84,6.3,5.69,6.3,28137.0,5.84,0.0,6.3,5.69,6.3,1.0,28137.0,2
264,2016-01-26,6.33,6.86,6.14,6.7,66860.0,6.33,0.0,6.86,6.14,6.7,1.0,66860.0,1
265,2016-01-25,6.65,7.5,5.8,6.1,177812.0,6.65,0.0,7.5,5.8,6.1,1.0,177812.0,0
266,2016-01-22,5.81,6.15,5.67,6.05,27660.0,5.81,0.0,6.15,5.67,6.05,1.0,27660.0,4
267,2016-01-21,5.87,6.35,5.51,6.35,20257.0,5.87,0.0,6.35,5.51,6.35,1.0,20257.0,3
268,2016-01-20,6.09,6.34,4.96,4.9699,42081.0,6.09,0.0,6.34,4.96,4.9699,1.0,42081.0,2
269,2016-01-19,5.44,5.96,5.19,5.59,44793.0,5.44,0.0,5.96,5.19,5.59,1.0,44793.0,1
270,2016-01-15,5.51,6.5,5.03,6.5,36959.0,5.51,0.0,6.5,5.03,6.5,1.0,36959.0,4
271,2016-01-14,6.63,6.82,5.62,6.71,27369.0,6.63,0.0,6.82,5.62,6.71,1.0,27369.0,3
272,2016-01-13,6.51,7.245,6.39,6.85,63073.0,6.51,0.0,7.245,6.39,6.85,1.0,63073.0,2
273,2016-01-12,6.91,7.21,6.75,6.86,58649.0,6.91,0.0,7.21,6.75,6.86,1.0,58649.0,1
274,2016-01-11,6.93,7.2,6.4901,7.14,82397.0,6.93,0.0,7.2,6.4901,7.14,1.0,82397.0,0
275,2016-01-08,7.29,7.48,6.8501,7.23,31726.0,7.29,0.0,7.48,6.8501,7.23,1.0,31726.0,4
276,2016-01-07,7.25,7.449,6.5826,7.33,42090.0,7.25,0.0,7.449,6.5826,7.33,1.0,42090.0,3
277,2016-01-06,7.6,7.73,7.28,7.33,26103.0,7.6,0.0,7.73,7.28,7.33,1.0,26103.0,2
278,2016-01-05,7.66,7.756,7.03,7.27,38103.0,7.66,0.0,7.756,7.03,7.27,1.0,38103.0,1
279,2016-01-04,7.29,7.77,7.0101,7.77,49586.0,7.29,0.0,7.77,7.0101,7.77,1.0,49586.0,0
