,Unnamed: 0,adj_close,adj_high,adj_low,adj_open,adj_volume,close,ex_dividend,high,low,open,split_ratio,volume,Day of Week
0,2017-02-10,24.73,24.85,24.29,24.48,111338.0,24.73,0.0,24.85,24.29,24.48,1.0,111338.0,4
1,2017-02-09,24.37,24.5,23.99,24.27,19753.0,24.37,0.0,24.5,23.99,24.27,1.0,19753.0,3
2,2017-02-08,24.1,24.49,23.98,24.14,36546.0,24.1,0.0,24.49,23.98,24.14,1.0,36546.0,2
3,2017-02-07,24.33,24.48,24.17,24.33,44952.0,24.33,0.0,24.48,24.17,24.33,1.0,44952.0,1
4,2017-02-06,24.08,24.2527,23.97,24.24,39801.0,24.08,0.0,24.2527,23.97,24.24,1.0,39801.0,0
5,2017-02-03,24.09,24.24,23.5,23.6,573633.0,24.09,0.0,24.24,23.5,23.6,1.0,573633.0,4
6,2017-02-02,23.68,24.19,23.38,23.82,23169.0,23.68,0.0,24.19,23.38,23.82,1.0,23169.0,3
7,2017-02-01,23.71,24.2,23.37,23.75,201685.0,23.71,0.0,24.2,23.37,23.75,1.0,201685.0,2
8,2017-01-31,23.46,24.505,22.96,23.83,24869.0,23.46,0.0,24.505,22.96,23.83,1.0,24869.0,1
9,2017-01-30,24.12,25.58,24.12,25.58,53126.0,24.12,0.0,25.58,24.12,25.58,1.0,53126.0,0
10,2017-01-27,25.84,26.03,24.99,25.46,65180.0,25.84,0.0,26.03,24.99,25.46,1.0,65180.0,4
11,2017-01-26,25.45,25.5,25.43,25.49,11561.0,25.45,0.0,25.5,25.43,25.49,1.0,11561.0,3
12,2017-01-25,25.48,25.5,25.28,25.5,16761.0,25.48,0.0,25.5,25.28,25.5,1.0,16761.0,2
13,2017-01-24,25.39,25.5,24.3,24.88,16000.0,25.39,0.0,25.5,24.3,24.88,1.0,16000.0,1
14,2017-01-23,24.85,25.35,24.73,25.01,20426.0,24.85,0.0,25.35,24.73,25.01,1.0,20426.0,0
15,2017-01-20,25.13,25.4749,24.91,25.06,23268.0,25.13,0.0,25.4749,24.91,25.06,1.0,23268.0,4
16,2017-01-19,25.06,25.3,24.86,25.3,22788.0,25.06,0.0,25.3,24.86,25.3,1.0,22788.0,3
17,2017-01-18,25.28,25.39,25.05,25.15,15570.0,25.28,0.0,25.39,25.05,25.15,1.0,15570.0,2
18,2017-01-17,25.15,25.89,25.15,25.89,20729.0,25.15,0.0,25.89,25.15,25.89,1.0,20729.0,1
19,2017-01-13,26.05,26.38,24.89,25.87,13657.0,26.05,0.0,26.38,24.89,25.87,1.0,13657.0,4
20,2017-01-12,25.67,26.2,25.51,26.2,19736.0,25.67,0.0,26.2,25.51,26.2,1.0,19736.0,3
21,2017-01-11,26.32,26.4,25.93,26.31,12976.0,26.32,0.0,26.4,25.93,26.31,1.0,12976.0,2
22,2017-01-10,26.31,26.5,25.3475,26.48,13455.0,26.31,0.0,26.5,25.3475,26.48,1.0,13455.0,1
23,2017-01-09,26.37,26.5,25.9,26.5,16619.0,26.37,0.0,26.5,25.9,26.5,1.0,16619.0,0
24,2017-01-06,26.71,26.8,26.26,26.54,14480.0,26.71,0.0,26.8,26.26,26.54,1.0,14480.0,4
25,2017-01-05,26.58,26.84,26.35,26.49,18200.0,26.58,0.0,26.84,26.35,26.49,1.0,18200.0,3
26,2017-01-04,26.68,27.0,26.0529,26.75,27691.0,26.68,0.0,27.0,26.0529,26.75,1.0,27691.0,2
27,2017-01-03,26.74,26.8999,26.1625,26.8,22104.0,26.74,0.0,26.8999,26.1625,26.8,1.0,22104.0,1
28,2016-12-30,26.74,27.38,26.66,27.33,35884.0,26.74,0.0,27.38,26.66,27.33,1.0,35884.0,4
29,2016-12-29,27.45,27.85,26.87,27.6,30590.0,27.45,0.0,27.85,26.87,27.6,1.0,30590.0,3
30,2016-12-28,27.61,27.85,27.52,27.79,17922.0,27.61,0.0,27.85,27.52,27.79,1.0,17922.0,2
31,2016-12-27,27.79,27.9,27.75,27.75,15755.0,27.79,0.0,27.9,27.75,27.75,1.0,15755.0,1
32,2016-12-23,27.85,27.99,27.6414,27.73,9133.0,27.85,0.0,27.99,27.6414,27.73,1.0,9133.0,4
33,2016-12-22,27.8,28.23,27.75,28.1,24362.0,27.8,0.0,28.23,27.75,28.1,1.0,24362.0,3
34,2016-12-21,28.2,28.42,26.83,28.18,26093.0,28.2,0.0,28.42,26.83,28.18,1.0,26093.0,2
35,2016-12-20,28.37,28.43,27.53,27.53,32515.0,28.37,0.0,28.43,27.53,27.53,1.0,32515.0,1
36,2016-12-19,27.31,27.5329,26.2977,26.2977,29924.0,27.31,0.0,27.5329,26.2977,26.2977,1.0,29924.0,0
37,2016-12-16,26.93,27.65,26.56,27.65,101297.0,26.93,0.0,27.65,26.56,27.65,1.0,101297.0,4
38,2016-12-15,27.45,28.1,25.89,26.69,58970.0,27.45,0.0,28.1,25.89,26.69,1.0,58970.0,3
39,2016-12-14,26.46,26.9426,25.7,25.94,24891.0,26.46,0.0,26.9426,25.7,25.94,1.0,24891.0,2
40,2016-12-13,26.19,26.69,25.24,25.45,46685.0,26.19,0.0,26.69,25.24,25.45,1.0,46685.0,1
41,2016-12-12,25.23,25.52,24.62,25.0,31470.0,25.23,0.0,25.52,24.62,25.0,1.0,31470.0,0
42,2016-12-09,24.94,25.0,24.11,24.6,38572.0,24.94,0.0,25.0,24.11,24.6,1.0,38572.0,4
43,2016-12-08,24.49,24.95,24.25,24.42,68570.0,24.49,0.0,24.95,24.25,24.42,1.0,68570.0,3
44,2016-12-07,24.48,24.54,24.3,24.38,18693.0,24.48,0.0,24.54,24.3,24.38,1.0,18693.0,2
45,2016-12-06,24.49,24.54,24.0,24.08,22329.0,24.49,0.0,24.54,24.0,24.08,1.0,22329.0,1
46,2016-12-05,24.13,24.325,23.3201,23.74,29309.0,24.13,0.0,24.325,23.3201,23.74,1.0,29309.0,0
47,2016-12-02,23.78,24.635,23.48,23.71,18962.0,23.78,0.0,24.635,23.48,23.71,1.0,18962.0,4
48,2016-12-01,23.84,23.89,23.2122,23.33,39764.0,23.84,0.0,23.89,23.2122,23.33,1.0,39764.0,3
49,2016-11-30,23.26,24.43,23.21,23.81,25433.0,23.26,0.0,24.43,23.21,23.81,1.0,25433.0,2
50,2016-11-29,23.56,25.41,23.41,24.48,33573.0,23.56,0.165,25.41,23.41,24.48,1.0,33573.0,1
51,2016-11-28,24.319679662803,25.352446786090603,24.0217660695469,24.7566195995785,27087.0,24.49,0.0,25.53,24.19,24.93,1.0,27087.0,0
52,2016-11-25,24.5480800842993,25.173698630137,23.0662578714436,23.0662578714436,5257.0,24.72,0.0,25.35,23.2278,23.2278,1.0,5257.0,4
53,2016-11-23,23.773504741833502,24.2501664910432,22.452754478398298,24.2501664910432,44007.0,23.94,0.0,24.42,22.61,24.42,1.0,44007.0,2
54,2016-11-22,24.359401475237103,25.282933614330897,24.031696522655395,24.3792623814542,54863.0,24.53,0.0,25.46,24.2,24.55,1.0,54863.0,1
55,2016-11-21,24.2303055848261,24.359401475237103,23.833087460484702,23.833087460484702,20019.0,24.4,0.0,24.53,24.0,24.0,1.0,20019.0,0
56,2016-11-18,23.773504741833502,23.9323919915701,23.455730242360396,23.833087460484702,34393.0,23.94,0.0,24.1,23.62,24.0,1.0,34393.0,4
57,2016-11-17,23.833087460484702,23.833087460484702,23.3862170706006,23.753643835616398,30203.0,24.0,0.0,24.0,23.55,23.92,1.0,30203.0,3
58,2016-11-16,23.614617492096897,23.6245479452055,23.2571211801897,23.396147523709196,31843.0,23.78,0.0,23.79,23.42,23.56,1.0,31843.0,2
59,2016-11-15,23.376286617492102,23.425938883034803,21.3316063224447,22.9095553213909,24882.0,23.54,0.0,23.59,21.480999999999998,23.07,1.0,24882.0,1
60,2016-11-14,23.1379557428873,24.031696522655395,22.8797639620653,23.803296101159102,62794.0,23.3,0.0,24.2,23.04,23.97,1.0,62794.0,0
61,2016-11-11,23.5748956796628,23.5947565858799,20.1290284510011,20.436872497365602,100479.0,23.74,0.0,23.76,20.27,20.58,1.0,100479.0,4
62,2016-11-10,20.4468029504742,20.5560379346681,20.0396543730242,20.3177070600632,57210.0,20.59,0.0,20.7,20.18,20.46,1.0,57210.0,3
63,2016-11-09,20.1786807165437,20.2283329820864,19.8013234984194,19.8013234984194,60223.0,20.32,0.0,20.37,19.94,19.94,1.0,60223.0,2
64,2016-11-08,19.7417407797682,19.7715321390938,19.6722276080084,19.7616016859852,35041.0,19.88,0.0,19.91,19.81,19.9,1.0,35041.0,1
65,2016-11-07,19.9204889357218,20.1389589041096,19.7715321390938,20.1389589041096,21085.0,20.06,0.0,20.28,19.91,20.28,1.0,21085.0,0
66,2016-11-04,19.9900021074816,20.3375679662803,19.960210748155998,20.1687502634352,8312.0,20.13,0.0,20.48,20.1,20.31,1.0,8312.0,4
67,2016-11-03,20.2184025289779,20.287915700737603,19.8112539515279,20.148889357218103,6034.0,20.36,0.0,20.43,19.95,20.29,1.0,6034.0,3
68,2016-11-02,20.019793466807197,20.1985416227608,19.5535586933614,19.6325057955743,40801.0,20.16,0.0,20.34,19.6905,19.77,1.0,40801.0,2
69,2016-11-01,19.553062170706,19.6325057955743,19.394174920969398,19.423966280295,23041.0,19.69,0.0,19.77,19.53,19.56,1.0,23041.0,1
70,2016-10-31,19.414035827186503,19.716914646996802,19.414035827186503,19.5927839831401,19876.0,19.55,0.0,19.855,19.55,19.73,1.0,19876.0,0
71,2016-10-28,19.6126448893572,19.831611380400396,19.4636880927292,19.5133403582719,48040.0,19.75,0.0,19.9705,19.6,19.65,1.0,48040.0,4
72,2016-10-27,19.553062170706,20.1786807165437,19.5232708113804,20.0297239199157,10901.0,19.69,0.0,20.32,19.66,20.17,1.0,10901.0,3
73,2016-10-26,20.009863013698602,20.1687502634352,19.94044914647,20.127836796628,8454.0,20.15,0.0,20.31,20.0801,20.2688,1.0,8454.0,2
74,2016-10-25,20.069445732349802,20.1190979978925,19.870836670179102,19.8930808851423,7616.0,20.21,0.0,20.26,20.01,20.0324,1.0,7616.0,1
75,2016-10-24,19.8410453108535,19.960210748155998,19.7516712328767,19.781462592202303,5052.0,19.98,0.0,20.1,19.89,19.92,1.0,5052.0,0
76,2016-10-21,19.6225753424658,19.8609062170706,19.443827186512102,19.4835489989463,8553.0,19.76,0.0,20.0,19.58,19.62,1.0,8553.0,4
77,2016-10-20,19.6722276080084,19.7616016859852,19.4737178503688,19.642436248682802,7424.0,19.81,0.0,19.9,19.6101,19.78,1.0,7424.0,3
78,2016-10-19,19.6325057955743,19.7616016859852,19.384343772392,19.5232708113804,7974.0,19.77,0.0,19.9,19.5201,19.66,1.0,7974.0,2
79,2016-10-18,19.443827186512102,19.5927839831401,19.1359831401475,19.2054963119073,6413.0,19.58,0.0,19.73,19.27,19.34,1.0,6413.0,1
80,2016-10-17,19.2054963119073,19.2849399367756,17.884746048472103,19.076400421496302,18521.0,19.34,0.0,19.42,18.01,19.21,1.0,18521.0,0
81,2016-10-14,19.294870389884103,19.8906975763962,19.1061917808219,19.8559409905163,20478.0,19.43,0.0,20.03,19.24,19.995,1.0,20478.0,4
82,2016-10-13,19.7516712328767,19.8609062170706,19.702018967334002,19.7417407797682,7685.0,19.89,0.0,20.0,19.84,19.88,1.0,7685.0,3
83,2016-10-12,19.9105584826133,20.238164130663897,19.706984193888303,19.9105584826133,43852.0,20.05,0.0,20.3799,19.845,20.05,1.0,43852.0,2
84,2016-10-11,20.0495848261328,20.4666638566913,19.980071654373,20.3474984193888,29678.0,20.19,0.0,20.61,20.12,20.49,1.0,29678.0,1
85,2016-10-10,20.3375679662803,20.56994056902,20.3177070600632,20.426942044257103,29652.0,20.48,0.0,20.714000000000002,20.46,20.57,1.0,29652.0,0
86,2016-10-07,20.3375679662803,20.973116965226602,20.3276375131718,20.5957597471022,10308.0,20.48,0.0,21.12,20.47,20.74,1.0,10308.0,4
87,2016-10-06,20.5560379346681,20.6752033719705,20.1588198103267,20.362394099051603,12317.0,20.7,0.0,20.82,20.3,20.505,1.0,12317.0,3
88,2016-10-05,20.426942044257103,20.5957597471022,20.2366745626976,20.282950474183398,6731.0,20.57,0.0,20.74,20.3784,20.425,1.0,6731.0,2
89,2016-10-04,20.2084720758693,20.5957597471022,20.1190979978925,20.2382634351949,8168.0,20.35,0.0,20.74,20.26,20.38,1.0,8168.0,1
90,2016-10-03,20.1588198103267,20.8738124341412,20.0298232244468,20.8738124341412,14481.0,20.3,0.0,21.02,20.1701,21.02,1.0,14481.0,0
91,2016-09-30,21.0128387776607,21.1419346680717,20.4567334035827,20.4567334035827,14936.0,21.16,0.0,21.29,20.6,20.6,1.0,14936.0,4
92,2016-09-29,20.6255511064278,21.1220737618546,20.5262465753425,20.714925184404603,4824.0,20.77,0.0,21.27,20.67,20.86,1.0,4824.0,3
93,2016-09-28,20.6752033719705,20.784438356164397,20.0595152792413,20.6056902002107,27095.0,20.82,0.0,20.93,20.2,20.75,1.0,27095.0,2
94,2016-09-27,20.6056902002107,20.7645774499473,20.2481938883035,20.2481938883035,18355.0,20.75,0.0,20.91,20.39,20.39,1.0,18355.0,1
95,2016-09-26,20.2779852476291,20.6454120126449,20.0893066385669,20.0893066385669,8715.0,20.42,0.0,20.79,20.23,20.23,1.0,8715.0,0
96,2016-09-23,20.724855637513198,20.9036037934668,20.486524762908303,20.575898840885102,7905.0,20.87,0.0,21.05,20.63,20.72,1.0,7905.0,4
97,2016-09-22,20.8241601685985,20.863881981032698,20.367359325605896,20.367359325605896,16290.0,20.97,0.0,21.01,20.51,20.51,1.0,16290.0,3
98,2016-09-21,20.635481559536398,20.635481559536398,20.1786807165437,20.3375679662803,11409.0,20.78,0.0,20.78,20.32,20.48,1.0,11409.0,2
99,2016-09-20,20.387220231823,20.6255511064278,20.250775806111697,20.4765943097998,11019.0,20.53,0.0,20.77,20.3926,20.62,1.0,11019.0,1
100,2016-09-19,20.4170115911486,20.6004270600632,20.2184025289779,20.2184025289779,8387.0,20.56,0.0,20.7447,20.36,20.36,1.0,8387.0,0
101,2016-09-16,20.2779852476291,20.680863730242397,20.0396543730242,20.436872497365602,60610.0,20.42,0.0,20.8257,20.18,20.58,1.0,60610.0,4
102,2016-09-15,20.367359325605896,20.8031076080084,19.662297154899896,19.662297154899896,27232.0,20.51,0.0,20.9488,19.8,19.8,1.0,27232.0,3
103,2016-09-14,19.5431317175975,19.781462592202303,19.4636880927292,19.5729230769231,5680.0,19.68,0.0,19.92,19.6,19.71,1.0,5680.0,2
104,2016-09-13,19.5927839831401,19.8972516754478,19.374314014752397,19.8609062170706,14797.0,19.73,0.0,20.0366,19.51,20.0,1.0,14797.0,1
105,2016-09-12,19.999932560590103,20.1687502634352,19.7864278187566,20.1687502634352,25796.0,20.14,0.0,20.31,19.925,20.31,1.0,25796.0,0
106,2016-09-09,20.1985416227608,21.549083245521604,20.1290284510011,20.5560379346681,18341.0,20.34,0.0,21.7,20.27,20.7,1.0,18341.0,4
107,2016-09-08,20.7645774499473,21.0426301369863,20.6553424657534,20.7347860906217,17329.0,20.91,0.0,21.19,20.8,20.88,1.0,17329.0,3
108,2016-09-07,20.7943688092729,20.9433256059009,20.258124341412,20.258124341412,23565.0,20.94,0.0,21.09,20.4,20.4,1.0,23565.0,2
109,2016-09-06,20.496455216016898,20.5808640674394,20.1290284510011,20.297846153846198,19366.0,20.64,0.0,20.725,20.27,20.44,1.0,19366.0,1
110,2016-09-02,20.40708113804,20.40708113804,19.8709359747102,19.9403498419389,8070.0,20.55,0.0,20.55,20.0101,20.08,1.0,8070.0,4
111,2016-09-01,20.009863013698602,20.0297239199157,19.414035827186503,19.999932560590103,16690.0,20.15,0.0,20.17,19.55,20.14,1.0,16690.0,3
112,2016-08-31,20.009863013698602,20.0992370916754,19.5927839831401,20.0595152792413,14952.0,20.15,0.0,20.24,19.73,20.2,1.0,14952.0,2
113,2016-08-30,19.7715321390938,19.9105584826133,19.652366701791397,19.791393045310897,8551.0,19.91,0.165,20.05,19.79,19.93,1.0,8551.0,1
114,2016-08-29,19.7075147249448,20.0029797133248,19.523341548854603,19.5499333978088,13666.0,20.01,0.0,20.31,19.823,19.85,1.0,13666.0,0
115,2016-08-26,19.6484217272688,19.697665891998803,19.4022009036188,19.697665891998803,5539.0,19.95,0.0,20.0,19.7,20.0,1.0,5539.0,4
116,2016-08-25,19.6878170590528,19.697665891998803,19.3135614071048,19.3135614071048,11110.0,19.99,0.0,20.0,19.61,19.61,1.0,11110.0,3
117,2016-08-24,19.4022009036188,19.5991775625388,19.254468409428803,19.428792752573,12021.0,19.7,0.0,19.9,19.55,19.727,1.0,12021.0,2
118,2016-08-23,19.5105380660248,19.6878170590528,19.461293901294802,19.5794798966468,8404.0,19.81,0.0,19.99,19.76,19.88,1.0,8404.0,1
119,2016-08-22,19.3923520706728,19.5105380660248,19.2643172423748,19.3628055718348,12328.0,19.69,0.0,19.81,19.56,19.66,1.0,12328.0,0
120,2016-08-19,19.3628055718348,19.4514450683488,19.1871023920782,19.2052242446988,23674.0,19.66,0.0,19.75,19.4816,19.5,1.0,23674.0,4
121,2016-08-18,19.3037125741588,19.4514450683488,18.722631430344897,19.234770743536803,17100.0,19.6,0.0,19.75,19.01,19.53,1.0,17100.0,3
122,2016-08-17,19.1362824140768,19.4908404001328,18.8309685927508,18.8654395080618,11583.0,19.43,0.0,19.79,19.12,19.155,1.0,11583.0,2
123,2016-08-16,18.8900615904268,19.0279452516708,18.587702418984698,18.7127825973988,17651.0,19.18,0.0,19.32,18.873,19.0,1.0,17651.0,1
124,2016-08-15,18.7127825973988,18.7127825973988,18.5650501032089,18.645810533366102,10072.0,19.0,0.0,19.0,18.85,18.932000000000002,1.0,10072.0,0
125,2016-08-12,18.6142942679389,18.7127825973988,18.5650501032089,18.6536895997229,5082.0,18.9,0.0,19.0,18.85,18.94,1.0,5082.0,4
126,2016-08-11,18.683236098560897,18.7127825973988,18.4665617737489,18.4764106066949,55101.0,18.97,0.0,19.0,18.75,18.76,1.0,55101.0,3
127,2016-08-10,18.5059571055329,18.6142942679389,18.387771110180896,18.387771110180896,4925.0,18.79,0.0,18.9,18.67,18.67,1.0,4925.0,2
128,2016-08-09,18.604445434992897,18.6142942679389,18.5945966020469,18.6142942679389,8612.0,18.89,0.0,18.9,18.88,18.9,1.0,8612.0,1
129,2016-08-08,18.4862594396409,18.6142942679389,18.4665617737489,18.6142942679389,6499.0,18.77,0.0,18.9,18.75,18.9,1.0,6499.0,0
130,2016-08-05,18.584747769100897,18.6142942679389,18.1120037876929,18.2892827807209,14285.0,18.87,0.0,18.9,18.39,18.57,1.0,14285.0,4
131,2016-08-04,18.1317014535849,18.2892827807209,18.1317014535849,18.2892827807209,7167.0,18.41,0.0,18.57,18.41,18.57,1.0,7167.0,3
132,2016-08-03,18.259736281882898,18.2695851148289,17.9888933758679,18.0529107900169,11146.0,18.54,0.0,18.55,18.265,18.33,1.0,11146.0,2
133,2016-08-02,17.9347247946649,18.318829279558898,17.9150271287729,18.2695851148289,31526.0,18.21,0.0,18.6,18.19,18.55,1.0,31526.0,1
134,2016-08-01,18.2695851148289,18.3139048630859,17.944573627610897,18.0627596229629,20852.0,18.55,0.0,18.595,18.22,18.34,1.0,20852.0,0
135,2016-07-29,18.1710967853689,18.299131613666898,18.003666625286897,18.0135154582329,19442.0,18.45,0.0,18.58,18.28,18.29,1.0,19442.0,4
136,2016-07-28,18.1907944512609,18.2498874489369,18.121852620638897,18.121852620638897,9136.0,18.47,0.0,18.53,18.4,18.4,1.0,9136.0,3
137,2016-07-27,18.259736281882898,18.407468776072896,18.200643284206897,18.368073444288896,13257.0,18.54,0.0,18.69,18.48,18.65,1.0,13257.0,2
138,2016-07-26,18.338526945450898,18.358224611342898,17.7978260167155,17.7978260167155,17050.0,18.62,0.0,18.64,18.070999999999998,18.070999999999998,1.0,17050.0,1
139,2016-07-25,18.1907944512609,18.368073444288896,18.0233642911789,18.240038615990898,25687.0,18.47,0.0,18.65,18.3,18.52,1.0,25687.0,0
140,2016-07-22,18.348375778396896,18.5158059384789,18.1710967853689,18.3089804466129,15729.0,18.63,0.0,18.8,18.45,18.59,1.0,15729.0,4
141,2016-07-21,18.358224611342898,18.5256547714249,18.220340950098898,18.407468776072896,17279.0,18.64,0.0,18.81,18.5,18.69,1.0,17279.0,3
142,2016-07-20,18.5453524373169,18.6142942679389,18.4468641078569,18.4961082725869,11339.0,18.83,0.0,18.9,18.73,18.78,1.0,11339.0,2
143,2016-07-19,18.4961082725869,18.5748989361549,18.2104921171529,18.5748989361549,17525.0,18.78,0.0,18.86,18.49,18.86,1.0,17525.0,1
144,2016-07-18,18.5748989361549,18.604445434992897,18.121852620638897,18.348375778396896,14374.0,18.86,0.0,18.89,18.4,18.63,1.0,14374.0,0
145,2016-07-15,18.6142942679389,18.6142942679389,18.5059571055329,18.6142942679389,13593.0,18.9,0.0,18.9,18.79,18.9,1.0,13593.0,4
146,2016-07-14,18.5945966020469,18.6142942679389,18.4764106066949,18.6142942679389,22607.0,18.88,0.0,18.9,18.76,18.9,1.0,22607.0,3
147,2016-07-13,18.4764106066949,18.5748004478254,17.855934131096898,18.0923061218009,15819.0,18.76,0.0,18.8599,18.13,18.37,1.0,15819.0,2
148,2016-07-12,18.121852620638897,18.4961082725869,17.550620309770903,17.7278993027989,35543.0,18.4,0.0,18.78,17.82,18.0,1.0,35543.0,1
149,2016-07-11,17.7082016369069,18.003666625286897,17.4915273120949,17.4915273120949,26572.0,17.98,0.0,18.28,17.76,17.76,1.0,26572.0,0
150,2016-07-08,17.5210738109329,17.6309867866103,17.2847018202289,17.4028878155809,25344.0,17.79,0.0,17.9016,17.55,17.67,1.0,25344.0,4
151,2016-07-07,17.3437948179049,17.6097133074469,17.2354576554989,17.3831901496889,19335.0,17.61,0.0,17.88,17.5,17.65,1.0,19335.0,3
152,2016-07-06,17.4915273120949,17.6097133074469,17.0680274954169,17.0680274954169,22414.0,17.76,0.0,17.88,17.33,17.33,1.0,22414.0,2
153,2016-07-05,17.314248319066902,17.5998644745009,17.0976724825844,17.117271660146898,18933.0,17.58,0.0,17.87,17.3601,17.38,1.0,18933.0,1
154,2016-07-01,17.2650041543369,17.4816784791489,17.087725161309,17.294550653174902,24484.0,17.53,0.0,17.75,17.35,17.56,1.0,24484.0,4
155,2016-06-30,17.530922643878903,17.5604691427169,17.2256088225529,17.4127366485269,12645.0,17.8,0.0,17.83,17.49,17.68,1.0,12645.0,3
156,2016-06-29,17.3437948179049,18.0135154582329,17.2551553213909,18.0135154582329,14973.0,17.61,0.0,18.29,17.52,18.29,1.0,14973.0,2
157,2016-06-28,17.028632163633002,17.1566669919309,16.880899669443,17.058178662471,18238.0,17.29,0.0,17.42,17.14,17.32,1.0,18238.0,1
158,2016-06-27,16.959690333011,17.2551553213909,16.811957838821,17.2551553213909,24673.0,17.22,0.0,17.52,17.07,17.52,1.0,24673.0,0
159,2016-06-24,17.4324343144189,17.698352803960898,17.028632163633002,17.314248319066902,80729.0,17.7,0.0,17.97,17.29,17.58,1.0,80729.0,4
160,2016-06-23,17.855934131096898,17.944573627610897,17.5210738109329,17.530922643878903,35915.0,18.13,0.0,18.22,17.79,17.8,1.0,35915.0,3
161,2016-06-22,17.4127366485269,17.4521319803109,17.3536436508509,17.4324343144189,28076.0,17.68,0.0,17.72,17.62,17.7,1.0,28076.0,2
162,2016-06-21,17.3930389826349,17.4324343144189,17.1960623237149,17.4324343144189,13194.0,17.66,0.0,17.7,17.46,17.7,1.0,13194.0,1
163,2016-06-20,17.3930389826349,17.4816784791489,17.3536436508509,17.3536436508509,48991.0,17.66,0.0,17.75,17.62,17.62,1.0,48991.0,0
164,2016-06-17,17.2157599896069,17.4619808132569,17.1566669919309,17.4324343144189,50042.0,17.48,0.0,17.73,17.42,17.7,1.0,50042.0,4
165,2016-06-16,17.4127366485269,17.4324343144189,17.2847018202289,17.4324343144189,21107.0,17.68,0.0,17.7,17.55,17.7,1.0,21107.0,3
166,2016-06-15,17.4324343144189,17.530922643878903,17.4028878155809,17.530922643878903,41970.0,17.7,0.0,17.8,17.67,17.8,1.0,41970.0,2
167,2016-06-14,17.4225854814729,17.5407714768249,17.3831901496889,17.4324343144189,41093.0,17.69,0.0,17.81,17.65,17.7,1.0,41093.0,1
168,2016-06-13,17.5210738109329,17.6097133074469,17.3191727355399,17.3191727355399,17984.0,17.79,0.0,17.88,17.585,17.585,1.0,17984.0,0
169,2016-06-10,17.5210738109329,17.7278993027989,17.2946491415044,17.698352803960898,29339.0,17.79,0.0,18.0,17.5601,17.97,1.0,29339.0,4
170,2016-06-09,17.698352803960898,17.7278993027989,17.333945984958902,17.5900156415549,19844.0,17.97,0.0,18.0,17.6,17.86,1.0,19844.0,3
171,2016-06-08,17.5407714768249,17.6097133074469,17.3733413167429,17.3831901496889,14265.0,17.81,0.0,17.88,17.64,17.65,1.0,14265.0,2
172,2016-06-07,17.530922643878903,17.6294109733389,17.4816784791489,17.577606112043,14891.0,17.8,0.0,17.9,17.75,17.8474,1.0,14891.0,1
173,2016-06-06,17.658957472176898,17.7278993027989,17.5013761450409,17.5013761450409,23860.0,17.93,0.0,18.0,17.77,17.77,1.0,23860.0,0
174,2016-06-03,17.5013761450409,17.570317975662903,17.4619808132569,17.4718296462029,13385.0,17.77,0.0,17.84,17.73,17.74,1.0,13385.0,4
175,2016-06-02,17.649108639230896,17.7475969686909,17.4422831473649,17.570317975662903,13339.0,17.92,0.0,18.02,17.71,17.84,1.0,13339.0,3
176,2016-06-01,17.5604691427169,17.5801668086089,17.3437948179049,17.3634924837969,27013.0,17.83,0.0,17.85,17.61,17.63,1.0,27013.0,2
177,2016-05-31,17.5801668086089,17.6195621403929,17.4324343144189,17.443366518989,23598.0,17.85,0.0,17.89,17.7,17.7111,1.0,23598.0,1
178,2016-05-27,17.5407714768249,17.5407714768249,17.4028878155809,17.4028878155809,11876.0,17.81,0.165,17.81,17.67,17.67,1.0,11876.0,4
179,2016-05-26,17.3309653089519,17.3797574410154,17.3309653089519,17.340723735364598,7764.0,17.76,0.0,17.81,17.76,17.77,1.0,7764.0,3
180,2016-05-25,17.340723735364598,17.543503836220502,17.2041057655868,17.4675832787297,100603.0,17.77,0.0,17.9778,17.63,17.9,1.0,100603.0,2
181,2016-05-24,17.4480664259043,17.5651675428567,17.4285495730789,17.4675832787297,38173.0,17.88,0.0,18.0,17.86,17.9,1.0,38173.0,1
182,2016-05-23,17.3114484561265,17.5066169843805,17.2724147504757,17.4968585579678,15031.0,17.74,0.0,17.94,17.7,17.93,1.0,15031.0,0
183,2016-05-20,17.3797574410154,17.3992742938408,17.194347339174097,17.194347339174097,18248.0,17.81,0.0,17.83,17.62,17.62,1.0,18248.0,4
184,2016-05-19,17.0967630750472,17.2665596946281,16.9308698260313,17.2528978976503,15589.0,17.52,0.0,17.694000000000003,17.35,17.68,1.0,15589.0,3
185,2016-05-18,17.282173176888403,17.3114484561265,16.8528024147297,16.8528024147297,7188.0,17.71,0.0,17.74,17.27,17.27,1.0,7188.0,2
186,2016-05-17,16.940628252444,17.4383079994916,16.8820776939678,17.2724147504757,23316.0,17.36,0.0,17.87,17.3,17.7,1.0,23316.0,1
187,2016-05-16,17.36024058819,17.4968585579678,17.165072059935998,17.2431394712376,12737.0,17.79,0.0,17.93,17.59,17.67,1.0,12737.0,0
188,2016-05-13,17.2333810448249,17.3992742938408,17.174830486348696,17.2431394712376,19714.0,17.66,0.0,17.83,17.6,17.67,1.0,19714.0,4
189,2016-05-12,17.2333810448249,17.457824852317,17.174830486348696,17.4480664259043,20513.0,17.66,0.0,17.89,17.6,17.88,1.0,20513.0,3
190,2016-05-11,17.4383079994916,17.54467484739,17.321206882539197,17.3797574410154,17911.0,17.87,0.0,17.979,17.75,17.81,1.0,17911.0,2
191,2016-05-10,17.4675832787297,17.5651675428567,17.4285495730789,17.5163754107932,12683.0,17.9,0.0,18.0,17.86,17.95,1.0,12683.0,1
192,2016-05-09,17.4187911466662,17.5066169843805,17.2431394712376,17.2431394712376,13233.0,17.85,0.0,17.94,17.67,17.67,1.0,13233.0,0
193,2016-05-06,17.262656324063002,17.4675832787297,16.915256343771,16.9894203845075,36492.0,17.69,0.0,17.9,17.334,17.41,1.0,36492.0,4
194,2016-05-05,16.979661958094802,17.457824852317,16.9211113996186,17.262656324063002,11414.0,17.4,0.0,17.89,17.34,17.69,1.0,11414.0,3
195,2016-05-04,17.165072059935998,17.3895158674281,17.106521501459902,17.1260383542853,18218.0,17.59,0.0,17.82,17.53,17.55,1.0,18218.0,2
196,2016-05-03,17.1845889127614,17.5163754107932,17.1162799278726,17.5163754107932,14984.0,17.61,0.0,17.95,17.54,17.95,1.0,14984.0,1
197,2016-05-02,17.6042012485075,17.701785512634398,17.4187911466662,17.4187911466662,16928.0,18.04,0.0,18.14,17.85,17.85,1.0,16928.0,0
198,2016-04-29,17.457824852317,17.4871001315551,17.321206882539197,17.321206882539197,14154.0,17.89,0.0,17.92,17.75,17.75,1.0,14154.0,4
199,2016-04-28,17.321206882539197,17.5651675428567,17.2431394712376,17.5358922636186,270889.0,17.75,0.0,18.0,17.67,17.97,1.0,270889.0,3
200,2016-04-27,17.555409116444,17.5651675428567,17.4968585579678,17.5651675428567,12514.0,17.99,0.0,18.0,17.93,18.0,1.0,12514.0,2
201,2016-04-26,17.5651675428567,17.5651675428567,17.4968585579678,17.5651675428567,27827.0,18.0,0.0,18.0,17.93,18.0,1.0,27827.0,1
202,2016-04-25,17.545650690031298,17.5651675428567,17.4773417051424,17.5651675428567,33871.0,17.98,0.0,18.0,17.91,18.0,1.0,33871.0,0
203,2016-04-22,17.5846843956821,17.6139596749202,17.4968585579678,17.4968585579678,19184.0,18.02,0.0,18.05,17.93,17.93,1.0,19184.0,4
204,2016-04-21,17.4480664259043,17.4675832787297,17.3797574410154,17.3797574410154,18513.0,17.88,0.0,17.9,17.81,17.81,1.0,18513.0,3
205,2016-04-20,17.4383079994916,17.6042012485075,17.4285495730789,17.5163754107932,6708.0,17.87,0.0,18.04,17.86,17.95,1.0,6708.0,2
206,2016-04-19,17.4773417051424,17.828645055999502,17.3992742938408,17.828645055999502,5514.0,17.91,0.0,18.27,17.83,18.27,1.0,5514.0,1
207,2016-04-18,17.5651675428567,17.7993697767614,17.4675832787297,17.594442822094802,13866.0,18.0,0.0,18.24,17.9,18.03,1.0,13866.0,0
208,2016-04-15,17.457824852317,17.7993697767614,17.4091303045176,17.5261338372059,12046.0,17.89,0.0,18.24,17.8401,17.96,1.0,12046.0,4
209,2016-04-14,17.623718101332898,17.887195614475697,17.4968585579678,17.8091282031741,26216.0,18.06,0.0,18.33,17.93,18.25,1.0,26216.0,3
210,2016-04-13,17.8579203352376,17.9652630257773,17.457824852317,17.4675832787297,32474.0,18.3,0.0,18.41,17.89,17.9,1.0,32474.0,2
211,2016-04-12,17.3992742938408,17.4675832787297,17.1163775121367,17.174830486348696,11554.0,17.83,0.0,17.9,17.5401,17.6,1.0,11554.0,1
212,2016-04-11,17.174830486348696,17.457824852317,16.843043988317,16.843043988317,14733.0,17.6,0.0,17.89,17.26,17.26,1.0,14733.0,0
213,2016-04-08,16.8235271354916,17.1064239171957,16.7649765770154,16.8820776939678,20481.0,17.24,0.0,17.5299,17.18,17.3,1.0,20481.0,4
214,2016-04-07,16.74545972419,16.9308698260313,16.6869091657138,16.716184444951903,15791.0,17.16,0.0,17.35,17.1,17.13,1.0,15791.0,3
215,2016-04-06,16.755218150602698,16.8723192675551,16.6381170336503,16.7259428713646,25396.0,17.17,0.0,17.29,17.05,17.14,1.0,25396.0,2
216,2016-04-05,16.6771507393011,17.0674877958091,16.647875460063,16.755218150602698,19755.0,17.09,0.0,17.49,17.06,17.17,1.0,19755.0,1
217,2016-04-04,16.7942518562535,16.979661958094802,16.7844934298408,16.979661958094802,13056.0,17.21,0.0,17.4,17.2,17.4,1.0,13056.0,0
218,2016-04-01,16.9601451052694,17.282173176888403,16.8723192675551,17.174830486348696,22283.0,17.38,0.0,17.71,17.29,17.6,1.0,22283.0,4
219,2016-03-31,17.165072059935998,17.4772441208783,17.1553136335233,17.369999014602698,16769.0,17.59,0.0,17.9099,17.58,17.8,1.0,16769.0,3
220,2016-03-30,17.369999014602698,17.457824852317,17.165072059935998,17.2724147504757,12916.0,17.8,0.0,17.89,17.59,17.7,1.0,12916.0,2
221,2016-03-29,17.1845889127614,17.262656324063002,17.0577293693964,17.194347339174097,26276.0,17.61,0.0,17.69,17.48,17.62,1.0,26276.0,1
222,2016-03-28,17.213864191999498,17.3895158674281,17.1162799278726,17.2724147504757,11651.0,17.64,0.0,17.82,17.54,17.7,1.0,11651.0,0
223,2016-03-24,17.2528978976503,17.36024058819,17.1260383542853,17.340723735364598,17938.0,17.68,0.0,17.79,17.55,17.77,1.0,17938.0,3
224,2016-03-23,17.3114484561265,17.623718101332898,17.2724147504757,17.4675832787297,18868.0,17.74,0.0,18.06,17.7,17.9,1.0,18868.0,2
225,2016-03-22,17.4773417051424,17.5846843956821,17.2334786290891,17.4871001315551,13326.0,17.91,0.0,18.02,17.6601,17.92,1.0,13326.0,1
226,2016-03-21,17.5358922636186,17.6406001790268,17.194347339174097,17.4675832787297,24230.0,17.97,0.0,18.0773,17.62,17.9,1.0,24230.0,0
227,2016-03-18,17.4480664259043,17.672510233396302,17.2528978976503,17.555409116444,58628.0,17.88,0.0,18.11,17.68,17.99,1.0,58628.0,4
228,2016-03-17,17.545650690031298,17.633476527745604,17.1162799278726,17.3797574410154,15417.0,17.98,0.0,18.07,17.54,17.81,1.0,15417.0,3
229,2016-03-16,17.3895158674281,17.5846843956821,17.369999014602698,17.4090327202535,9528.0,17.82,0.0,18.02,17.8,17.84,1.0,9528.0,2
230,2016-03-15,17.5261338372059,17.818886629586803,17.4675832787297,17.643234954158302,34105.0,17.96,0.0,18.26,17.9,18.08,1.0,34105.0,1
231,2016-03-14,17.5651675428567,17.7115439390471,17.555409116444,17.594442822094802,12039.0,18.0,0.0,18.15,17.99,18.03,1.0,12039.0,0
232,2016-03-11,17.652993380571,17.9359877465392,17.5651675428567,17.5651675428567,29149.0,18.09,0.0,18.38,18.0,18.0,1.0,29149.0,4
233,2016-03-10,17.5846843956821,17.7505776446979,17.2528978976503,17.6920270862217,19719.0,18.02,0.0,18.19,17.68,18.13,1.0,19719.0,3
234,2016-03-09,17.5749259692694,17.8091282031741,17.2724147504757,17.555409116444,26832.0,18.01,0.0,18.25,17.7,17.99,1.0,26832.0,2
235,2016-03-08,17.4285495730789,17.6139596749202,17.2528978976503,17.5163754107932,25428.0,17.86,0.0,18.05,17.68,17.95,1.0,25428.0,1
236,2016-03-07,17.555409116444,17.5651675428567,17.3114484561265,17.5261338372059,14103.0,17.99,0.0,18.0,17.74,17.96,1.0,14103.0,0
237,2016-03-04,17.5163754107932,17.6920270862217,17.4188887309303,17.5651675428567,12521.0,17.95,0.0,18.13,17.8501,18.0,1.0,12521.0,4
238,2016-03-03,17.5651675428567,17.6920270862217,17.369999014602698,17.5651675428567,19801.0,18.0,0.0,18.13,17.8,18.0,1.0,19801.0,3
239,2016-03-02,17.6042012485075,17.7993697767614,17.4968585579678,17.652993380571,28439.0,18.04,0.0,18.24,17.93,18.09,1.0,28439.0,2
240,2016-03-01,17.779852923936,17.8091282031741,17.4079592933481,17.5066169843805,50000.0,18.22,0.0,18.25,17.8389,17.94,1.0,50000.0,1
241,2016-02-29,17.3016900297138,17.457824852317,17.174830486348696,17.2236226184122,22975.0,17.73,0.0,17.89,17.6,17.65,1.0,22975.0,0
242,2016-02-26,17.2041057655868,17.36024058819,17.135796780697902,17.2041057655868,8133.0,17.63,0.165,17.79,17.56,17.63,1.0,8133.0,4
243,2016-02-25,17.1509320753869,17.160600019059597,16.7932181594967,16.94790525826,13644.0,17.74,0.0,17.75,17.37,17.53,1.0,13644.0,3
244,2016-02-24,16.928569370914598,17.0639205823325,16.6772028354242,16.706206666442302,11328.0,17.51,0.0,17.65,17.25,17.28,1.0,11328.0,2
245,2016-02-23,16.725542553787697,17.1509320753869,16.6868707790969,16.8995655398965,18096.0,17.3,0.0,17.74,17.26,17.48,1.0,18096.0,1
246,2016-02-22,16.8415578778602,17.160600019059597,16.6772028354242,16.6772028354242,24961.0,17.42,0.0,17.75,17.25,17.25,1.0,24961.0,0
247,2016-02-19,16.6868707790969,17.160600019059597,16.5708554550244,16.638531060733303,23157.0,17.26,0.0,17.75,17.14,17.21,1.0,23157.0,4
248,2016-02-18,16.609527229715198,17.1702679627324,16.5128477929881,16.9962449766236,20606.0,17.18,0.0,17.76,17.08,17.58,1.0,20606.0,3
249,2016-02-17,17.0252488076417,17.2282756247686,16.976909089278198,17.1799359064051,17878.0,17.61,0.0,17.82,17.56,17.77,1.0,17878.0,2
250,2016-02-16,17.160600019059597,17.4022986108774,17.092924413350698,17.092924413350698,16898.0,17.75,0.0,18.0,17.68,17.68,1.0,16898.0,1
251,2016-02-12,16.9672411456055,17.131596188041502,16.8028861031694,17.083256469678,6810.0,17.55,0.0,17.72,17.38,17.67,1.0,6810.0,4
252,2016-02-11,16.8028861031694,16.9672411456055,16.4645080746246,16.7738822721513,13312.0,17.38,0.0,17.55,17.03,17.35,1.0,13312.0,3
253,2016-02-10,16.9865770329509,17.4022986108774,16.8318899341875,17.160600019059597,24936.0,17.57,0.0,18.0,17.41,17.75,1.0,24936.0,2
254,2016-02-09,17.044584694987098,17.2669473994595,16.7932181594967,17.1799359064051,16511.0,17.63,0.0,17.86,17.37,17.77,1.0,16511.0,1
255,2016-02-08,17.3056191741503,17.4603062729136,16.4548401309518,16.5321836803335,19327.0,17.9,0.0,18.06,17.02,17.1,1.0,19327.0,0
256,2016-02-05,16.5901913423698,16.928569370914598,16.5708554550244,16.7545463848058,37755.0,17.16,0.0,17.51,17.14,17.33,1.0,37755.0,4
257,2016-02-04,16.812554046842102,16.9962449766236,16.648199004406,16.648199004406,13797.0,17.39,0.0,17.58,17.22,17.22,1.0,13797.0,3
258,2016-02-03,16.715874610114998,17.1702679627324,16.6191951733879,16.9092334835692,25675.0,17.29,0.0,17.76,17.19,17.49,1.0,25675.0,2
259,2016-02-02,16.7352104974604,17.1122603006961,16.6772028354242,17.0542526386598,16540.0,17.31,0.0,17.7,17.25,17.64,1.0,16540.0,1
260,2016-02-01,17.131596188041502,17.8760278508402,17.083256469678,17.547317765968,24077.0,17.72,0.0,18.49,17.67,18.15,1.0,24077.0,0
261,2016-01-29,17.5859895406589,17.6053254280043,16.7690483003149,17.0639205823325,32200.0,18.19,0.0,18.21,17.345,17.65,1.0,32200.0,4
262,2016-01-28,16.9672411456055,17.247611512114002,16.638531060733303,16.638531060733303,18317.0,17.55,0.0,17.84,17.21,17.21,1.0,18317.0,3
263,2016-01-27,16.416168356261,16.8318899341875,16.338921486316,16.5708554550244,20303.0,16.98,0.0,17.41,16.9001,17.14,1.0,20303.0,2
264,2016-01-26,16.5708554550244,16.725542553787697,16.2614812574976,16.348589429988802,11166.0,17.14,0.0,17.3,16.82,16.9101,1.0,11166.0,1
265,2016-01-25,16.2131415391341,16.7738822721513,16.1938056517887,16.7545463848058,17412.0,16.77,0.0,17.35,16.75,17.33,1.0,17412.0,0
266,2016-01-22,16.5998592860425,16.8028861031694,16.338824806879302,16.5321836803335,20534.0,17.17,0.0,17.38,16.9,17.1,1.0,20534.0,4
267,2016-01-21,16.4065004125883,16.764214328478502,16.2035702748981,16.648199004406,30882.0,16.97,0.0,17.34,16.7601,17.22,1.0,30882.0,3
268,2016-01-20,16.5708554550244,16.7932181594967,16.2904850885158,16.2904850885158,25201.0,17.14,0.0,17.37,16.85,16.85,1.0,25201.0,2
269,2016-01-19,16.338824806879302,16.5418516240062,16.1938056517887,16.3968324689156,18859.0,16.9,0.0,17.11,16.75,16.96,1.0,18859.0,1
270,2016-01-15,16.222809482806802,16.3291568632066,15.961775003643599,16.0874582713889,26800.0,16.78,0.0,16.89,16.51,16.64,1.0,26800.0,4
271,2016-01-14,16.445172187279102,16.8317932547508,16.387164525242902,16.6578669480787,27303.0,17.01,0.0,17.4099,16.95,17.23,1.0,27303.0,3
272,2016-01-13,16.5128477929881,17.160600019059597,16.48384396197,17.160600019059597,20593.0,17.08,0.0,17.75,17.05,17.75,1.0,20593.0,2
273,2016-01-12,17.083256469678,17.2669473994595,16.9189014272419,17.2669473994595,24423.0,17.67,0.0,17.86,17.5,17.86,1.0,24423.0,1
274,2016-01-11,17.1122603006961,17.2186076810959,16.8318899341875,17.0252488076417,11984.0,17.7,0.0,17.81,17.41,17.61,1.0,11984.0,0
275,2016-01-08,16.8802296525511,17.2669473994595,16.8512258215329,17.083256469678,20455.0,17.46,0.0,17.86,17.43,17.67,1.0,20455.0,4
276,2016-01-07,17.044584694987098,17.1702679627324,16.5913514956105,17.044584694987098,25684.0,17.63,0.0,17.76,17.1612,17.63,1.0,25684.0,3
277,2016-01-06,17.3056191741503,17.3442909488411,16.7932181594967,16.7932181594967,22704.0,17.9,0.0,17.94,17.37,17.37,1.0,22704.0,2
278,2016-01-05,16.9962449766236,17.1025923570234,16.7352104974604,16.783550215824,14370.0,17.58,0.0,17.69,17.31,17.36,1.0,14370.0,1
279,2016-01-04,16.6772028354242,17.3926306672047,16.5515195676789,17.2379435684413,25618.0,17.25,0.0,17.99,17.12,17.83,1.0,25618.0,0
