,Unnamed: 0,adj_close,adj_high,adj_low,adj_open,adj_volume,close,ex_dividend,high,low,open,split_ratio,volume,Day of Week
0,2017-02-10,1.3,1.34,1.23,1.23,1561959.0,1.3,0.0,1.34,1.23,1.23,1.0,1561959.0,4
1,2017-02-09,1.23,1.31,1.19,1.25,1393245.0,1.23,0.0,1.31,1.19,1.25,1.0,1393245.0,3
2,2017-02-08,1.33,1.35,1.05,1.13,3425317.0,1.33,0.0,1.35,1.05,1.13,1.0,3425317.0,2
3,2017-02-07,1.16,1.22,1.07,1.14,2475963.0,1.16,0.0,1.22,1.07,1.14,1.0,2475963.0,1
4,2017-02-06,1.21,1.49,1.12,1.44,8655062.0,1.21,0.0,1.49,1.12,1.44,1.0,8655062.0,0
5,2017-02-03,1.3,1.68,1.11,1.11,34274998.0,1.3,0.0,1.68,1.11,1.11,1.0,34274998.0,4
6,2017-02-02,0.9309999999999999,0.9309999999999999,0.84,0.84,2035005.0,0.9309999999999999,0.0,0.9309999999999999,0.84,0.84,1.0,2035005.0,3
7,2017-02-01,0.838,0.9229999999999999,0.8001,0.9129999999999999,1188335.0,0.838,0.0,0.9229999999999999,0.8001,0.9129999999999999,1.0,1188335.0,2
8,2017-01-31,0.81,0.81,0.768,0.78,181070.0,0.81,0.0,0.81,0.768,0.78,1.0,181070.0,1
9,2017-01-30,0.7897,0.81,0.7701,0.804,122585.0,0.7897,0.0,0.81,0.7701,0.804,1.0,122585.0,0
10,2017-01-27,0.8,0.8238,0.7803,0.81,128022.0,0.8,0.0,0.8238,0.7803,0.81,1.0,128022.0,4
11,2017-01-26,0.7897,0.7898,0.7611,0.7879999999999999,147028.0,0.7897,0.0,0.7898,0.7611,0.7879999999999999,1.0,147028.0,3
12,2017-01-25,0.7879999999999999,0.7995,0.77,0.7938,154167.0,0.7879999999999999,0.0,0.7995,0.77,0.7938,1.0,154167.0,2
13,2017-01-24,0.7905,0.8,0.7659,0.7696,176339.0,0.7905,0.0,0.8,0.7659,0.7696,1.0,176339.0,1
14,2017-01-23,0.7678,0.8,0.76,0.7677,156297.0,0.7678,0.0,0.8,0.76,0.7677,1.0,156297.0,0
15,2017-01-20,0.7659,0.79,0.7509999999999999,0.79,185843.0,0.7659,0.0,0.79,0.7509999999999999,0.79,1.0,185843.0,4
16,2017-01-19,0.78,0.8199,0.7659999999999999,0.81,313601.0,0.78,0.0,0.8199,0.7659999999999999,0.81,1.0,313601.0,3
17,2017-01-18,0.8015,0.8292,0.8,0.8128,113135.0,0.8015,0.0,0.8292,0.8,0.8128,1.0,113135.0,2
18,2017-01-17,0.8286,0.85,0.8145,0.8445,138412.0,0.8286,0.0,0.85,0.8145,0.8445,1.0,138412.0,1
19,2017-01-13,0.845,0.8490000000000001,0.83,0.8455,117929.0,0.845,0.0,0.8490000000000001,0.83,0.8455,1.0,117929.0,4
20,2017-01-12,0.8390000000000001,0.845,0.78,0.83,220526.0,0.8390000000000001,0.0,0.845,0.78,0.83,1.0,220526.0,3
21,2017-01-11,0.8,0.84,0.79,0.8395,183594.0,0.8,0.0,0.84,0.79,0.8395,1.0,183594.0,2
22,2017-01-10,0.833,0.845,0.79,0.82,396693.0,0.833,0.0,0.845,0.79,0.82,1.0,396693.0,1
23,2017-01-09,0.8262,0.8816,0.82,0.8459,370624.0,0.8262,0.0,0.8816,0.82,0.8459,1.0,370624.0,0
24,2017-01-06,0.82,0.92,0.8107,0.82,2088812.0,0.82,0.0,0.92,0.8107,0.82,1.0,2088812.0,4
25,2017-01-05,0.82,0.8261,0.8,0.8,218388.0,0.82,0.0,0.8261,0.8,0.8,1.0,218388.0,3
26,2017-01-04,0.8,0.8270000000000001,0.77,0.7736,426054.0,0.8,0.0,0.8270000000000001,0.77,0.7736,1.0,426054.0,2
27,2017-01-03,0.77,0.78,0.7190000000000001,0.7248,154196.0,0.77,0.0,0.78,0.7190000000000001,0.7248,1.0,154196.0,1
28,2016-12-30,0.7082,0.75,0.7,0.75,346913.0,0.7082,0.0,0.75,0.7,0.75,1.0,346913.0,4
29,2016-12-29,0.7495,0.7953,0.743,0.7904,290595.0,0.7495,0.0,0.7953,0.743,0.7904,1.0,290595.0,3
30,2016-12-28,0.785,0.8420000000000001,0.7618,0.84,321298.0,0.785,0.0,0.8420000000000001,0.7618,0.84,1.0,321298.0,2
31,2016-12-27,0.8303,0.85,0.74,0.76,986359.0,0.8303,0.0,0.85,0.74,0.76,1.0,986359.0,1
32,2016-12-23,0.7541,0.7998,0.75,0.7657,155154.0,0.7541,0.0,0.7998,0.75,0.7657,1.0,155154.0,4
33,2016-12-22,0.7701,0.8,0.7527,0.7839,185316.0,0.7701,0.0,0.8,0.7527,0.7839,1.0,185316.0,3
34,2016-12-21,0.7898,0.85,0.73,0.76,937859.0,0.7898,0.0,0.85,0.73,0.76,1.0,937859.0,2
35,2016-12-20,0.76,0.787,0.76,0.78,149374.0,0.76,0.0,0.787,0.76,0.78,1.0,149374.0,1
36,2016-12-19,0.7831,0.797,0.763,0.77,242661.0,0.7831,0.0,0.797,0.763,0.77,1.0,242661.0,0
37,2016-12-16,0.76,0.78,0.743545,0.75,127147.0,0.76,0.0,0.78,0.743545,0.75,1.0,127147.0,4
38,2016-12-15,0.7498,0.7672,0.73,0.7672,239340.0,0.7498,0.0,0.7672,0.73,0.7672,1.0,239340.0,3
39,2016-12-14,0.7599,0.78,0.7401,0.78,117069.0,0.7599,0.0,0.78,0.7401,0.78,1.0,117069.0,2
40,2016-12-13,0.78,0.787,0.74,0.7614,284073.0,0.78,0.0,0.787,0.74,0.7614,1.0,284073.0,1
41,2016-12-12,0.7595,0.787,0.741,0.787,148402.0,0.7595,0.0,0.787,0.741,0.787,1.0,148402.0,0
42,2016-12-09,0.78,0.7969,0.735,0.735,276776.0,0.78,0.0,0.7969,0.735,0.735,1.0,276776.0,4
43,2016-12-08,0.75,0.82,0.72,0.8163,159933.0,0.75,0.0,0.82,0.72,0.8163,1.0,159933.0,3
44,2016-12-07,0.81,0.82,0.76,0.7727,262448.0,0.81,0.0,0.82,0.76,0.7727,1.0,262448.0,2
45,2016-12-06,0.7679,0.774,0.7491,0.774,160092.0,0.7679,0.0,0.774,0.7491,0.774,1.0,160092.0,1
46,2016-12-05,0.76,0.775,0.71,0.72,363857.0,0.76,0.0,0.775,0.71,0.72,1.0,363857.0,0
47,2016-12-02,0.7069,0.7295,0.6802,0.6802,135761.0,0.7069,0.0,0.7295,0.6802,0.6802,1.0,135761.0,4
48,2016-12-01,0.68,0.7357,0.6766,0.68,152621.0,0.68,0.0,0.7357,0.6766,0.68,1.0,152621.0,3
49,2016-11-30,0.6768,0.71,0.6666,0.6944,259956.0,0.6768,0.0,0.71,0.6666,0.6944,1.0,259956.0,2
50,2016-11-29,0.7063,0.7239,0.6722,0.7041,148939.0,0.7063,0.0,0.7239,0.6722,0.7041,1.0,148939.0,1
51,2016-11-28,0.7,0.75,0.6428,0.7236,214988.0,0.7,0.0,0.75,0.6428,0.7236,1.0,214988.0,0
52,2016-11-25,0.73,0.7523,0.71,0.72,95510.0,0.73,0.0,0.7523,0.71,0.72,1.0,95510.0,4
53,2016-11-23,0.7467,0.7899,0.705,0.78,148542.0,0.7467,0.0,0.7899,0.705,0.78,1.0,148542.0,2
54,2016-11-22,0.7561,0.8,0.75,0.76,134726.0,0.7561,0.0,0.8,0.75,0.76,1.0,134726.0,1
55,2016-11-21,0.79,0.7918,0.75,0.75,261230.0,0.79,0.0,0.7918,0.75,0.75,1.0,261230.0,0
56,2016-11-18,0.7493,0.792,0.73,0.74,151801.0,0.7493,0.0,0.792,0.73,0.74,1.0,151801.0,4
57,2016-11-17,0.7729,0.84,0.732,0.79,361187.0,0.7729,0.0,0.84,0.732,0.79,1.0,361187.0,3
58,2016-11-16,0.79,0.8199,0.7601,0.8093,247642.0,0.79,0.0,0.8199,0.7601,0.8093,1.0,247642.0,2
59,2016-11-15,0.81,0.8309,0.77,0.8309,186835.0,0.81,0.0,0.8309,0.77,0.8309,1.0,186835.0,1
60,2016-11-14,0.83,0.88,0.802,0.8458,125513.0,0.83,0.0,0.88,0.802,0.8458,1.0,125513.0,0
61,2016-11-11,0.83,0.85,0.78,0.84,214369.0,0.83,0.0,0.85,0.78,0.84,1.0,214369.0,4
62,2016-11-10,0.81,0.8153,0.7414,0.77,528851.0,0.81,0.0,0.8153,0.7414,0.77,1.0,528851.0,3
63,2016-11-09,0.7299,0.73,0.68,0.7,314211.0,0.7299,0.0,0.73,0.68,0.7,1.0,314211.0,2
64,2016-11-08,0.7,0.72,0.6303,0.7,845170.0,0.7,0.0,0.72,0.6303,0.7,1.0,845170.0,1
65,2016-11-07,0.6981,0.7101,0.6534,0.7,280490.0,0.6981,0.0,0.7101,0.6534,0.7,1.0,280490.0,0
66,2016-11-04,0.6607,0.72,0.66,0.69,340048.0,0.6607,0.0,0.72,0.66,0.69,1.0,340048.0,4
67,2016-11-03,0.685,0.75,0.68,0.7498,319812.0,0.685,0.0,0.75,0.68,0.7498,1.0,319812.0,3
68,2016-11-02,0.7303,0.7515,0.7058,0.7058,435430.0,0.7303,0.0,0.7515,0.7058,0.7058,1.0,435430.0,2
69,2016-11-01,0.7459,0.8099,0.74,0.8,435125.0,0.7459,0.0,0.8099,0.74,0.8,1.0,435125.0,1
70,2016-10-31,0.7974,0.8549,0.78,0.8,208203.0,0.7974,0.0,0.8549,0.78,0.8,1.0,208203.0,0
71,2016-10-28,0.8,0.8557,0.8,0.8247,314695.0,0.8,0.0,0.8557,0.8,0.8247,1.0,314695.0,4
72,2016-10-27,0.838,0.8654,0.838,0.86,186775.0,0.838,0.0,0.8654,0.838,0.86,1.0,186775.0,3
73,2016-10-26,0.8604,0.88,0.8329,0.8739,224016.0,0.8604,0.0,0.88,0.8329,0.8739,1.0,224016.0,2
74,2016-10-25,0.8754,0.92,0.85,0.92,502357.0,0.8754,0.0,0.92,0.85,0.92,1.0,502357.0,1
75,2016-10-24,0.91,1.0,0.88,1.0,983878.0,0.91,0.0,1.0,0.88,1.0,1.0,983878.0,0
76,2016-10-21,0.9444,0.965,0.9109999999999999,0.965,937620.0,0.9444,0.0,0.965,0.9109999999999999,0.965,1.0,937620.0,4
77,2016-10-20,0.9151,1.02,0.91,0.9997,1780058.0,0.9151,0.0,1.02,0.91,0.9997,1.0,1780058.0,3
78,2016-10-19,0.95,1.2,0.9015,1.19,16442113.0,0.95,0.0,1.2,0.9015,1.19,1.0,16442113.0,2
79,2016-10-18,0.6808,0.7,0.67,0.695,316626.0,0.6808,0.0,0.7,0.67,0.695,1.0,316626.0,1
80,2016-10-17,0.6976,0.76,0.68,0.7592,475025.0,0.6976,0.0,0.76,0.68,0.7592,1.0,475025.0,0
81,2016-10-14,0.7559,0.8,0.75,0.77,175392.0,0.7559,0.0,0.8,0.75,0.77,1.0,175392.0,4
82,2016-10-13,0.7801,0.8294,0.75,0.8293,198040.0,0.7801,0.0,0.8294,0.75,0.8293,1.0,198040.0,3
83,2016-10-12,0.8293,0.8912,0.815,0.83,251721.0,0.8293,0.0,0.8912,0.815,0.83,1.0,251721.0,2
84,2016-10-11,0.8290000000000001,0.8899,0.77,0.86,858961.0,0.8290000000000001,0.0,0.8899,0.77,0.86,1.0,858961.0,1
85,2016-10-10,0.9086,1.0,0.843,0.98,708855.0,0.9086,0.0,1.0,0.843,0.98,1.0,708855.0,0
86,2016-10-07,0.9826,1.02,0.97,1.01,462107.0,0.9826,0.0,1.02,0.97,1.01,1.0,462107.0,4
87,2016-10-06,0.9997,1.05,0.9701,1.05,448211.0,0.9997,0.0,1.05,0.9701,1.05,1.0,448211.0,3
88,2016-10-05,1.0,1.05,0.99,1.02,368889.0,1.0,0.0,1.05,0.99,1.02,1.0,368889.0,2
89,2016-10-04,1.0,1.07,1.0,1.03,732117.0,1.0,0.0,1.07,1.0,1.03,1.0,732117.0,1
90,2016-10-03,1.02,1.08,1.01,1.05,232667.0,1.02,0.0,1.08,1.01,1.05,1.0,232667.0,0
91,2016-09-30,1.047,1.05,0.97,1.01,250252.0,1.047,0.0,1.05,0.97,1.01,1.0,250252.0,4
92,2016-09-29,1.01,1.0652,1.0,1.04,407007.0,1.01,0.0,1.0652,1.0,1.04,1.0,407007.0,3
93,2016-09-28,1.04,1.08,1.011,1.03,280811.0,1.04,0.0,1.08,1.011,1.03,1.0,280811.0,2
94,2016-09-27,1.04,1.14,1.02,1.14,775926.0,1.04,0.0,1.14,1.02,1.14,1.0,775926.0,1
95,2016-09-26,1.06,1.14,0.945,0.98,1835603.0,1.06,0.0,1.14,0.945,0.98,1.0,1835603.0,0
96,2016-09-23,0.95,0.95,0.94,0.95,125506.0,0.95,0.0,0.95,0.94,0.95,1.0,125506.0,4
97,2016-09-22,0.9403,0.9688,0.93,0.94,203202.0,0.9403,0.0,0.9688,0.93,0.94,1.0,203202.0,3
98,2016-09-21,0.9499,0.9508,0.9392,0.95,107319.0,0.9499,0.0,0.9508,0.9392,0.95,1.0,107319.0,2
99,2016-09-20,0.95,0.9629,0.92,0.94,152969.0,0.95,0.0,0.9629,0.92,0.94,1.0,152969.0,1
100,2016-09-19,0.95,0.99,0.9306,0.98,672268.0,0.95,0.0,0.99,0.9306,0.98,1.0,672268.0,0
101,2016-09-16,0.97,1.0082,0.9503,1.0,382821.0,0.97,0.0,1.0082,0.9503,1.0,1.0,382821.0,4
102,2016-09-15,0.9902,1.01,0.9865,1.0,145004.0,0.9902,0.0,1.01,0.9865,1.0,1.0,145004.0,3
103,2016-09-14,1.0,1.03,0.98,1.03,264482.0,1.0,0.0,1.03,0.98,1.03,1.0,264482.0,2
104,2016-09-13,1.02,1.06,1.02,1.05,135599.0,1.02,0.0,1.06,1.02,1.05,1.0,135599.0,1
105,2016-09-12,1.05,1.06,1.02,1.02,139491.0,1.05,0.0,1.06,1.02,1.02,1.0,139491.0,0
106,2016-09-09,1.03,1.08,1.02,1.07,249663.0,1.03,0.0,1.08,1.02,1.07,1.0,249663.0,4
107,2016-09-08,1.07,1.09,1.03,1.04,216195.0,1.07,0.0,1.09,1.03,1.04,1.0,216195.0,3
108,2016-09-07,1.04,1.12,1.02,1.12,275003.0,1.04,0.0,1.12,1.02,1.12,1.0,275003.0,2
109,2016-09-06,1.08,1.08,1.02,1.03,274169.0,1.08,0.0,1.08,1.02,1.03,1.0,274169.0,1
110,2016-09-02,1.02,1.03,1.01,1.02,133332.0,1.02,0.0,1.03,1.01,1.02,1.0,133332.0,4
111,2016-09-01,1.02,1.04,1.01,1.02,335059.0,1.02,0.0,1.04,1.01,1.02,1.0,335059.0,3
112,2016-08-31,1.02,1.05,1.01,1.02,460407.0,1.02,0.0,1.05,1.01,1.02,1.0,460407.0,2
113,2016-08-30,1.01,1.07,1.01,1.01,217609.0,1.01,0.0,1.07,1.01,1.01,1.0,217609.0,1
114,2016-08-29,1.03,1.0799,1.02,1.04,338786.0,1.03,0.0,1.0799,1.02,1.04,1.0,338786.0,0
115,2016-08-26,1.05,1.14,1.05,1.12,495108.0,1.05,0.0,1.14,1.05,1.12,1.0,495108.0,4
116,2016-08-25,1.11,1.14,1.09,1.12,495605.0,1.11,0.0,1.14,1.09,1.12,1.0,495605.0,3
117,2016-08-24,1.12,1.13,1.0999,1.11,993556.0,1.12,0.0,1.13,1.0999,1.11,1.0,993556.0,2
118,2016-08-23,1.12,1.18,1.1,1.13,907102.0,1.12,0.0,1.18,1.1,1.13,1.0,907102.0,1
119,2016-08-22,1.14,1.2,1.12,1.16,937353.0,1.14,0.0,1.2,1.12,1.16,1.0,937353.0,0
120,2016-08-19,1.15,1.23,1.12,1.18,2160256.0,1.15,0.0,1.23,1.12,1.18,1.0,2160256.0,4
121,2016-08-18,1.2,1.38,0.95,1.02,13471230.0,1.2,0.0,1.38,0.95,1.02,1.0,13471230.0,3
122,2016-08-17,2.74,2.85,2.62,2.85,481859.0,2.74,0.0,2.85,2.62,2.85,1.0,481859.0,2
123,2016-08-16,2.86,2.89,2.82,2.89,41935.0,2.86,0.0,2.89,2.82,2.89,1.0,41935.0,1
124,2016-08-15,2.88,3.07,2.8,2.99,253133.0,2.88,0.0,3.07,2.8,2.99,1.0,253133.0,0
125,2016-08-12,2.99,3.07,2.9147,2.93,183753.0,2.99,0.0,3.07,2.9147,2.93,1.0,183753.0,4
126,2016-08-11,2.91,2.94,2.8,2.85,109146.0,2.91,0.0,2.94,2.8,2.85,1.0,109146.0,3
127,2016-08-10,2.8499,2.95,2.79,2.83,113735.0,2.8499,0.0,2.95,2.79,2.83,1.0,113735.0,2
128,2016-08-09,2.86,2.89,2.78,2.81,98868.0,2.86,0.0,2.89,2.78,2.81,1.0,98868.0,1
129,2016-08-08,2.8,2.85,2.74,2.83,84133.0,2.8,0.0,2.85,2.74,2.83,1.0,84133.0,0
130,2016-08-05,2.8,3.1011,2.8,3.06,238036.0,2.8,0.0,3.1011,2.8,3.06,1.0,238036.0,4
131,2016-08-04,2.91,3.12,2.88,2.89,224150.0,2.91,0.0,3.12,2.88,2.89,1.0,224150.0,3
132,2016-08-03,2.88,2.92,2.7664,2.84,110507.0,2.88,0.0,2.92,2.7664,2.84,1.0,110507.0,2
133,2016-08-02,2.82,2.9,2.58,2.89,382131.0,2.82,0.0,2.9,2.58,2.89,1.0,382131.0,1
134,2016-08-01,2.89,2.97,2.8608,2.92,79808.0,2.89,0.0,2.97,2.8608,2.92,1.0,79808.0,0
135,2016-07-29,2.89,2.97,2.67,2.81,139460.0,2.89,0.0,2.97,2.67,2.81,1.0,139460.0,4
136,2016-07-28,2.75,2.95,2.66,2.83,113750.0,2.75,0.0,2.95,2.66,2.83,1.0,113750.0,3
137,2016-07-27,2.85,2.91,2.67,2.75,151588.0,2.85,0.0,2.91,2.67,2.75,1.0,151588.0,2
138,2016-07-26,2.72,2.79,2.53,2.7,271057.0,2.72,0.0,2.79,2.53,2.7,1.0,271057.0,1
139,2016-07-25,2.74,2.96,2.6899,2.96,295410.0,2.74,0.0,2.96,2.6899,2.96,1.0,295410.0,0
140,2016-07-22,2.95,3.07,2.801,2.86,202788.0,2.95,0.0,3.07,2.801,2.86,1.0,202788.0,4
141,2016-07-21,2.86,3.25,2.76,3.24,773065.0,2.86,0.0,3.25,2.76,3.24,1.0,773065.0,3
142,2016-07-20,3.21,3.37,2.9,3.16,2510484.0,3.21,0.0,3.37,2.9,3.16,1.0,2510484.0,2
143,2016-07-19,2.96,3.09,2.52,2.58,3395794.0,2.96,0.0,3.09,2.52,2.58,1.0,3395794.0,1
144,2016-07-18,2.28,2.4290000000000003,2.256,2.28,79506.0,2.28,0.0,2.4290000000000003,2.256,2.28,1.0,79506.0,0
145,2016-07-15,2.28,2.52,2.09,2.1,436741.0,2.28,0.0,2.52,2.09,2.1,1.0,436741.0,4
146,2016-07-14,2.09,2.18,2.08,2.18,36030.0,2.09,0.0,2.18,2.08,2.18,1.0,36030.0,3
147,2016-07-13,2.13,2.2,2.08,2.16,128670.0,2.13,0.0,2.2,2.08,2.16,1.0,128670.0,2
148,2016-07-12,2.15,2.2199,2.1,2.1,118555.0,2.15,0.0,2.2199,2.1,2.1,1.0,118555.0,1
149,2016-07-11,2.1751,2.31,2.15,2.28,73014.0,2.1751,0.0,2.31,2.15,2.28,1.0,73014.0,0
150,2016-07-08,2.25,2.32,2.24,2.24,22273.0,2.25,0.0,2.32,2.24,2.24,1.0,22273.0,4
151,2016-07-07,2.23,2.403,2.19,2.2,63910.0,2.23,0.0,2.403,2.19,2.2,1.0,63910.0,3
152,2016-07-06,2.23,2.27,2.15,2.15,37789.0,2.23,0.0,2.27,2.15,2.15,1.0,37789.0,2
153,2016-07-05,2.15,2.2,2.12,2.15,50868.0,2.15,0.0,2.2,2.12,2.15,1.0,50868.0,1
154,2016-07-01,2.18,2.295,2.1,2.15,46554.0,2.18,0.0,2.295,2.1,2.15,1.0,46554.0,4
155,2016-06-30,2.12,2.18,2.0641,2.09,43605.0,2.12,0.0,2.18,2.0641,2.09,1.0,43605.0,3
156,2016-06-29,2.09,2.24,2.05,2.15,71486.0,2.09,0.0,2.24,2.05,2.15,1.0,71486.0,2
157,2016-06-28,2.13,2.32,2.05,2.12,146789.0,2.13,0.0,2.32,2.05,2.12,1.0,146789.0,1
158,2016-06-27,2.02,2.07,1.94,2.02,97988.0,2.02,0.0,2.07,1.94,2.02,1.0,97988.0,0
159,2016-06-24,2.07,2.09,2.04,2.04,23294.0,2.07,0.0,2.09,2.04,2.04,1.0,23294.0,4
160,2016-06-23,2.14,2.16,2.0484,2.07,38077.0,2.14,0.0,2.16,2.0484,2.07,1.0,38077.0,3
161,2016-06-22,2.08,2.135,2.04,2.08,36176.0,2.08,0.0,2.135,2.04,2.08,1.0,36176.0,2
162,2016-06-21,2.07,2.18,2.04,2.14,130036.0,2.07,0.0,2.18,2.04,2.14,1.0,130036.0,1
163,2016-06-20,2.12,2.22,2.08,2.15,46098.0,2.12,0.0,2.22,2.08,2.15,1.0,46098.0,0
164,2016-06-17,2.1,2.17,2.05,2.05,65067.0,2.1,0.0,2.17,2.05,2.05,1.0,65067.0,4
165,2016-06-16,2.1,2.17,2.0404,2.17,67783.0,2.1,0.0,2.17,2.0404,2.17,1.0,67783.0,3
166,2016-06-15,2.17,2.225,2.09,2.18,31609.0,2.17,0.0,2.225,2.09,2.18,1.0,31609.0,2
167,2016-06-14,2.16,2.67,2.12,2.28,269794.0,2.16,0.0,2.67,2.12,2.28,1.0,269794.0,1
168,2016-06-13,2.25,2.4,2.22,2.32,183553.0,2.25,0.0,2.4,2.22,2.32,1.0,183553.0,0
169,2016-06-10,2.32,2.34,2.29,2.3,88977.0,2.32,0.0,2.34,2.29,2.3,1.0,88977.0,4
170,2016-06-09,2.3,2.38,2.25,2.34,84962.0,2.3,0.0,2.38,2.25,2.34,1.0,84962.0,3
171,2016-06-08,2.35,2.41,2.32,2.32,67262.0,2.35,0.0,2.41,2.32,2.32,1.0,67262.0,2
172,2016-06-07,2.32,2.41,2.22,2.34,42023.0,2.32,0.0,2.41,2.22,2.34,1.0,42023.0,1
173,2016-06-06,2.34,2.54,2.22,2.43,155942.0,2.34,0.0,2.54,2.22,2.43,1.0,155942.0,0
174,2016-06-03,2.43,2.65,2.395,2.54,97559.0,2.43,0.0,2.65,2.395,2.54,1.0,97559.0,4
175,2016-06-02,2.51,2.6,2.4905,2.54,53081.0,2.51,0.0,2.6,2.4905,2.54,1.0,53081.0,3
176,2016-06-01,2.53,2.55,2.39,2.44,100576.0,2.53,0.0,2.55,2.39,2.44,1.0,100576.0,2
177,2016-05-31,2.42,2.43,2.32,2.37,112603.0,2.42,0.0,2.43,2.32,2.37,1.0,112603.0,1
178,2016-05-27,2.37,2.39,2.32,2.39,50486.0,2.37,0.0,2.39,2.32,2.39,1.0,50486.0,4
179,2016-05-26,2.37,2.45,2.35,2.37,21376.0,2.37,0.0,2.45,2.35,2.37,1.0,21376.0,3
180,2016-05-25,2.4,2.45,2.3601,2.4,39640.0,2.4,0.0,2.45,2.3601,2.4,1.0,39640.0,2
181,2016-05-24,2.4,2.45,2.33,2.37,114373.0,2.4,0.0,2.45,2.33,2.37,1.0,114373.0,1
182,2016-05-23,2.34,2.44,2.21,2.29,87652.0,2.34,0.0,2.44,2.21,2.29,1.0,87652.0,0
183,2016-05-20,2.3,2.4799,2.25,2.37,126687.0,2.3,0.0,2.4799,2.25,2.37,1.0,126687.0,4
184,2016-05-19,2.36,2.55,2.3001,2.41,106229.0,2.36,0.0,2.55,2.3001,2.41,1.0,106229.0,3
185,2016-05-18,2.36,2.41,2.25,2.29,49013.0,2.36,0.0,2.41,2.25,2.29,1.0,49013.0,2
186,2016-05-17,2.3,2.3799,2.25,2.3,36925.0,2.3,0.0,2.3799,2.25,2.3,1.0,36925.0,1
187,2016-05-16,2.29,2.39,2.2,2.2,96860.0,2.29,0.0,2.39,2.2,2.2,1.0,96860.0,0
188,2016-05-13,2.19,2.2464,2.05,2.08,94930.0,2.19,0.0,2.2464,2.05,2.08,1.0,94930.0,4
189,2016-05-12,2.07,2.38,2.07,2.38,100280.0,2.07,0.0,2.38,2.07,2.38,1.0,100280.0,3
190,2016-05-11,2.35,2.6,2.31,2.45,149907.0,2.35,0.0,2.6,2.31,2.45,1.0,149907.0,2
191,2016-05-10,2.44,2.5099,2.4,2.4,74627.0,2.44,0.0,2.5099,2.4,2.4,1.0,74627.0,1
192,2016-05-09,2.42,2.5007,2.35,2.36,75342.0,2.42,0.0,2.5007,2.35,2.36,1.0,75342.0,0
193,2016-05-06,2.34,2.5,2.31,2.35,86396.0,2.34,0.0,2.5,2.31,2.35,1.0,86396.0,4
194,2016-05-05,2.4,2.54,2.31,2.54,188066.0,2.4,0.0,2.54,2.31,2.54,1.0,188066.0,3
195,2016-05-04,2.5,2.7166,2.5,2.65,180937.0,2.5,0.0,2.7166,2.5,2.65,1.0,180937.0,2
196,2016-05-03,2.67,3.19,2.63,3.06,406342.0,2.67,0.0,3.19,2.63,3.06,1.0,406342.0,1
197,2016-05-02,3.1,3.2501,3.005,3.25,175817.0,3.1,0.0,3.2501,3.005,3.25,1.0,175817.0,0
198,2016-04-29,3.28,3.5618,3.18,3.52,272073.0,3.28,0.0,3.5618,3.18,3.52,1.0,272073.0,4
199,2016-04-28,3.55,3.65,3.51,3.59,115434.0,3.55,0.0,3.65,3.51,3.59,1.0,115434.0,3
200,2016-04-27,3.58,3.68,3.52,3.61,118882.0,3.58,0.0,3.68,3.52,3.61,1.0,118882.0,2
201,2016-04-26,3.64,3.865,3.52,3.85,373807.0,3.64,0.0,3.865,3.52,3.85,1.0,373807.0,1
202,2016-04-25,3.85,4.03,3.8,4.03,150797.0,3.85,0.0,4.03,3.8,4.03,1.0,150797.0,0
203,2016-04-22,3.97,4.1499,3.5,4.02,516990.0,3.97,0.0,4.1499,3.5,4.02,1.0,516990.0,4
204,2016-04-21,4.05,4.33,3.917,4.0,416036.0,4.05,0.0,4.33,3.917,4.0,1.0,416036.0,3
205,2016-04-20,3.97,3.97,3.72,3.75,445563.0,3.97,0.0,3.97,3.72,3.75,1.0,445563.0,2
206,2016-04-19,3.61,3.74,3.35,3.4,758782.0,3.61,0.0,3.74,3.35,3.4,1.0,758782.0,1
207,2016-04-18,3.31,3.4,3.16,3.3,151770.0,3.31,0.0,3.4,3.16,3.3,1.0,151770.0,0
208,2016-04-15,3.3,3.3899,3.25,3.3,126180.0,3.3,0.0,3.3899,3.25,3.3,1.0,126180.0,4
209,2016-04-14,3.29,3.36,3.15,3.19,208847.0,3.29,0.0,3.36,3.15,3.19,1.0,208847.0,3
210,2016-04-13,3.22,3.27,3.12,3.16,81014.0,3.22,0.0,3.27,3.12,3.16,1.0,81014.0,2
211,2016-04-12,3.18,3.3,3.16,3.26,94607.0,3.18,0.0,3.3,3.16,3.26,1.0,94607.0,1
212,2016-04-11,3.2,3.3,3.15,3.17,224595.0,3.2,0.0,3.3,3.15,3.17,1.0,224595.0,0
213,2016-04-08,3.1799,3.23,3.07,3.2,116868.0,3.1799,0.0,3.23,3.07,3.2,1.0,116868.0,4
214,2016-04-07,3.17,3.25,3.0,3.19,414993.0,3.17,0.0,3.25,3.0,3.19,1.0,414993.0,3
215,2016-04-06,3.2,3.23,3.1,3.12,549030.0,3.2,0.0,3.23,3.1,3.12,1.0,549030.0,2
216,2016-04-05,3.09,3.11,3.0,3.01,166030.0,3.09,0.0,3.11,3.0,3.01,1.0,166030.0,1
217,2016-04-04,2.99,3.09,2.97,2.97,512585.0,2.99,0.0,3.09,2.97,2.97,1.0,512585.0,0
218,2016-04-01,2.94,3.07,2.6811,2.7,645061.0,2.94,0.0,3.07,2.6811,2.7,1.0,645061.0,4
219,2016-03-31,2.71,2.76,2.67,2.7,72695.0,2.71,0.0,2.76,2.67,2.7,1.0,72695.0,3
220,2016-03-30,2.67,2.8339999999999996,2.59,2.59,91710.0,2.67,0.0,2.8339999999999996,2.59,2.59,1.0,91710.0,2
221,2016-03-29,2.6,2.67,2.5,2.55,147277.0,2.6,0.0,2.67,2.5,2.55,1.0,147277.0,1
222,2016-03-28,2.57,2.7733,2.55,2.7,167736.0,2.57,0.0,2.7733,2.55,2.7,1.0,167736.0,0
223,2016-03-24,2.72,2.85,2.62,2.83,255221.0,2.72,0.0,2.85,2.62,2.83,1.0,255221.0,3
224,2016-03-23,2.82,3.62,2.737,3.48,3429877.0,2.82,0.0,3.62,2.737,3.48,1.0,3429877.0,2
225,2016-03-22,2.52,2.53,2.3845,2.44,107529.0,2.52,0.0,2.53,2.3845,2.44,1.0,107529.0,1
226,2016-03-21,2.43,2.5,2.41,2.45,59934.0,2.43,0.0,2.5,2.41,2.45,1.0,59934.0,0
227,2016-03-18,2.41,2.45,2.1,2.14,106964.0,2.41,0.0,2.45,2.1,2.14,1.0,106964.0,4
228,2016-03-17,2.13,2.17,2.0,2.1590000000000003,55609.0,2.13,0.0,2.17,2.0,2.1590000000000003,1.0,55609.0,3
229,2016-03-16,2.2,2.2399,2.15,2.15,61779.0,2.2,0.0,2.2399,2.15,2.15,1.0,61779.0,2
230,2016-03-15,2.15,2.34,2.15,2.31,43757.0,2.15,0.0,2.34,2.15,2.31,1.0,43757.0,1
231,2016-03-14,2.3,2.3,2.17,2.2,33168.0,2.3,0.0,2.3,2.17,2.2,1.0,33168.0,0
232,2016-03-11,2.2,2.27,2.17,2.24,31110.0,2.2,0.0,2.27,2.17,2.24,1.0,31110.0,4
233,2016-03-10,2.17,2.26,2.17,2.17,28904.0,2.17,0.0,2.26,2.17,2.17,1.0,28904.0,3
234,2016-03-09,2.17,2.21,2.11,2.21,26913.0,2.17,0.0,2.21,2.11,2.21,1.0,26913.0,2
235,2016-03-08,2.21,2.36,2.2,2.32,32229.0,2.21,0.0,2.36,2.2,2.32,1.0,32229.0,1
236,2016-03-07,2.38,2.43,2.3512,2.42,33152.0,2.38,0.0,2.43,2.3512,2.42,1.0,33152.0,0
237,2016-03-04,2.41,2.5226,2.19,2.37,94813.0,2.41,0.0,2.5226,2.19,2.37,1.0,94813.0,4
238,2016-03-03,2.35,2.37,2.05,2.05,133188.0,2.35,0.0,2.37,2.05,2.05,1.0,133188.0,3
239,2016-03-02,2.02,2.02,1.976,2.01,107849.0,2.02,0.0,2.02,1.976,2.01,1.0,107849.0,2
240,2016-03-01,1.985,1.99,1.94,1.99,41082.0,1.985,0.0,1.99,1.94,1.99,1.0,41082.0,1
241,2016-02-29,1.95,1.9852,1.91,1.963,16325.0,1.95,0.0,1.9852,1.91,1.963,1.0,16325.0,0
242,2016-02-26,1.97,2.029,1.91,1.9651,30829.0,1.97,0.0,2.029,1.91,1.9651,1.0,30829.0,4
243,2016-02-25,1.93,2.0,1.92,1.95,31893.0,1.93,0.0,2.0,1.92,1.95,1.0,31893.0,3
244,2016-02-24,1.92,2.083,1.9,2.07,70459.0,1.92,0.0,2.083,1.9,2.07,1.0,70459.0,2
245,2016-02-23,2.07,2.16,2.06,2.08,36518.0,2.07,0.0,2.16,2.06,2.08,1.0,36518.0,1
246,2016-02-22,2.09,2.1,2.07,2.1,54470.0,2.09,0.0,2.1,2.07,2.1,1.0,54470.0,0
247,2016-02-19,2.06,2.1,2.03,2.1,23838.0,2.06,0.0,2.1,2.03,2.1,1.0,23838.0,4
248,2016-02-18,2.08,2.123,2.05,2.09,31680.0,2.08,0.0,2.123,2.05,2.09,1.0,31680.0,3
249,2016-02-17,2.1,2.14,2.04,2.04,33945.0,2.1,0.0,2.14,2.04,2.04,1.0,33945.0,2
250,2016-02-16,2.03,2.0917,1.95,1.96,78868.0,2.03,0.0,2.0917,1.95,1.96,1.0,78868.0,1
251,2016-02-12,1.95,2.06,1.82,2.0,65771.0,1.95,0.0,2.06,1.82,2.0,1.0,65771.0,4
252,2016-02-11,1.99,2.05,1.95,2.0,43320.0,1.99,0.0,2.05,1.95,2.0,1.0,43320.0,3
253,2016-02-10,2.04,2.14,2.01,2.07,63468.0,2.04,0.0,2.14,2.01,2.07,1.0,63468.0,2
254,2016-02-09,2.05,2.173,2.02,2.02,64250.0,2.05,0.0,2.173,2.02,2.02,1.0,64250.0,1
255,2016-02-08,2.05,2.26,2.02,2.23,100559.0,2.05,0.0,2.26,2.02,2.23,1.0,100559.0,0
256,2016-02-05,2.29,2.39,2.26,2.3,29793.0,2.29,0.0,2.39,2.26,2.3,1.0,29793.0,4
257,2016-02-04,2.33,2.35,2.26,2.27,21227.0,2.33,0.0,2.35,2.26,2.27,1.0,21227.0,3
258,2016-02-03,2.27,2.33,2.22,2.33,33354.0,2.27,0.0,2.33,2.22,2.33,1.0,33354.0,2
259,2016-02-02,2.3,2.6204,2.25,2.4,162543.0,2.3,0.0,2.6204,2.25,2.4,1.0,162543.0,1
260,2016-02-01,2.37,2.445,2.33,2.44,77205.0,2.37,0.0,2.445,2.33,2.44,1.0,77205.0,0
261,2016-01-29,2.4,2.45,2.35,2.35,19030.0,2.4,0.0,2.45,2.35,2.35,1.0,19030.0,4
262,2016-01-28,2.37,2.47,2.3481,2.46,32985.0,2.37,0.0,2.47,2.3481,2.46,1.0,32985.0,3
263,2016-01-27,2.44,2.61,2.41,2.49,71556.0,2.44,0.0,2.61,2.41,2.49,1.0,71556.0,2
264,2016-01-26,2.49,2.51,2.2001,2.36,31014.0,2.49,0.0,2.51,2.2001,2.36,1.0,31014.0,1
265,2016-01-25,2.34,2.43,2.26,2.4,61682.0,2.34,0.0,2.43,2.26,2.4,1.0,61682.0,0
266,2016-01-22,2.39,2.3952,2.22,2.24,122830.0,2.39,0.0,2.3952,2.22,2.24,1.0,122830.0,4
267,2016-01-21,2.2,2.39,2.2,2.35,114023.0,2.2,0.0,2.39,2.2,2.35,1.0,114023.0,3
268,2016-01-20,2.36,2.43,2.19,2.35,84033.0,2.36,0.0,2.43,2.19,2.35,1.0,84033.0,2
269,2016-01-19,2.39,2.56,2.3,2.48,47861.0,2.39,0.0,2.56,2.3,2.48,1.0,47861.0,1
270,2016-01-15,2.41,2.565,2.28,2.53,72940.0,2.41,0.0,2.565,2.28,2.53,1.0,72940.0,4
271,2016-01-14,2.58,2.7,2.5501,2.571,85120.0,2.58,0.0,2.7,2.5501,2.571,1.0,85120.0,3
272,2016-01-13,2.5503,2.8039,2.46,2.77,109665.0,2.5503,0.0,2.8039,2.46,2.77,1.0,109665.0,2
273,2016-01-12,2.8001,3.0,2.8,2.93,78038.0,2.8001,0.0,3.0,2.8,2.93,1.0,78038.0,1
274,2016-01-11,2.87,2.94,2.7901,2.91,66604.0,2.87,0.0,2.94,2.7901,2.91,1.0,66604.0,0
275,2016-01-08,2.87,2.9643,2.82,2.84,54403.0,2.87,0.0,2.9643,2.82,2.84,1.0,54403.0,4
276,2016-01-07,2.85,2.97,2.82,2.96,84541.0,2.85,0.0,2.97,2.82,2.96,1.0,84541.0,3
277,2016-01-06,2.98,3.13,2.96,3.06,91127.0,2.98,0.0,3.13,2.96,3.06,1.0,91127.0,2
278,2016-01-05,3.04,3.09,2.9,3.01,34799.0,3.04,0.0,3.09,2.9,3.01,1.0,34799.0,1
279,2016-01-04,3.04,3.08,2.85,2.94,151351.0,3.04,0.0,3.08,2.85,2.94,1.0,151351.0,0
