,Unnamed: 0,adj_close,adj_high,adj_low,adj_open,adj_volume,close,ex_dividend,high,low,open,split_ratio,volume,Day of Week
0,2017-02-10,1.88,1.9695,1.8,1.91,29344.0,1.88,0.0,1.9695,1.8,1.91,1.0,29344.0,4
1,2017-02-09,1.89,1.94,1.88,1.88,15623.0,1.89,0.0,1.94,1.88,1.88,1.0,15623.0,3
2,2017-02-08,1.88,1.989,1.76,1.95,58645.0,1.88,0.0,1.989,1.76,1.95,1.0,58645.0,2
3,2017-02-07,1.97,1.99,1.95,1.9805,9113.0,1.97,0.0,1.99,1.95,1.9805,1.0,9113.0,1
4,2017-02-06,1.95,2.01,1.95,1.96,15200.0,1.95,0.0,2.01,1.95,1.96,1.0,15200.0,0
5,2017-02-03,1.95,2.05,1.91,1.95,47662.0,1.95,0.0,2.05,1.91,1.95,1.0,47662.0,4
6,2017-02-02,1.95,1.95,1.82,1.85,61042.0,1.95,0.0,1.95,1.82,1.85,1.0,61042.0,3
7,2017-02-01,1.85,1.9,1.72,1.9,201268.0,1.85,0.0,1.9,1.72,1.9,1.0,201268.0,2
8,2017-01-31,1.88,1.9,1.821,1.86,38268.0,1.88,0.0,1.9,1.821,1.86,1.0,38268.0,1
9,2017-01-30,1.87,1.91,1.8,1.9,69757.0,1.87,0.0,1.91,1.8,1.9,1.0,69757.0,0
10,2017-01-27,1.92,2.0172,1.9,2.0,137591.0,1.92,0.0,2.0172,1.9,2.0,1.0,137591.0,4
11,2017-01-26,1.99,2.1,1.98,2.04,73201.0,1.99,0.0,2.1,1.98,2.04,1.0,73201.0,3
12,2017-01-25,2.05,2.14,2.0099,2.03,150284.0,2.05,0.0,2.14,2.0099,2.03,1.0,150284.0,2
13,2017-01-24,2.0,2.03,1.9799,1.99,18788.0,2.0,0.0,2.03,1.9799,1.99,1.0,18788.0,1
14,2017-01-23,1.98,2.05,1.97,2.0,54079.0,1.98,0.0,2.05,1.97,2.0,1.0,54079.0,0
15,2017-01-20,2.0,2.07,1.95,1.98,120114.0,2.0,0.0,2.07,1.95,1.98,1.0,120114.0,4
16,2017-01-19,2.0,2.05,1.98,2.0,30914.0,2.0,0.0,2.05,1.98,2.0,1.0,30914.0,3
17,2017-01-18,2.04,2.05,1.93,2.0,81317.0,2.04,0.0,2.05,1.93,2.0,1.0,81317.0,2
18,2017-01-17,1.99,2.06,1.9,2.0,56591.0,1.99,0.0,2.06,1.9,2.0,1.0,56591.0,1
19,2017-01-13,2.02,2.08,2.011,2.08,35894.0,2.02,0.0,2.08,2.011,2.08,1.0,35894.0,4
20,2017-01-12,2.06,2.09,1.95,2.0,103133.0,2.06,0.0,2.09,1.95,2.0,1.0,103133.0,3
21,2017-01-11,2.0,2.09,1.95,2.05,142329.0,2.0,0.0,2.09,1.95,2.05,1.0,142329.0,2
22,2017-01-10,2.07,2.15,2.01,2.12,64142.0,2.07,0.0,2.15,2.01,2.12,1.0,64142.0,1
23,2017-01-09,2.12,2.17,2.06,2.1,63784.0,2.12,0.0,2.17,2.06,2.1,1.0,63784.0,0
24,2017-01-06,2.09,2.13,2.05,2.11,80558.0,2.09,0.0,2.13,2.05,2.11,1.0,80558.0,4
25,2017-01-05,2.1,2.149,2.07,2.12,39425.0,2.1,0.0,2.149,2.07,2.12,1.0,39425.0,3
26,2017-01-04,2.11,2.16,2.0782,2.1,40126.0,2.11,0.0,2.16,2.0782,2.1,1.0,40126.0,2
27,2017-01-03,2.09,2.17,2.02,2.06,89482.0,2.09,0.0,2.17,2.02,2.06,1.0,89482.0,1
28,2016-12-30,2.01,2.18,1.96,2.12,298105.0,2.01,0.0,2.18,1.96,2.12,1.0,298105.0,4
29,2016-12-29,2.11,2.23,2.11,2.11,72678.0,2.11,0.0,2.23,2.11,2.11,1.0,72678.0,3
30,2016-12-28,2.13,2.262,2.1,2.26,126124.0,2.13,0.0,2.262,2.1,2.26,1.0,126124.0,2
31,2016-12-27,2.25,2.32,2.2,2.32,68950.0,2.25,0.0,2.32,2.2,2.32,1.0,68950.0,1
32,2016-12-23,2.32,2.35,2.19,2.1995,64751.0,2.32,0.0,2.35,2.19,2.1995,1.0,64751.0,4
33,2016-12-22,2.18,2.25,2.16,2.16,29863.0,2.18,0.0,2.25,2.16,2.16,1.0,29863.0,3
34,2016-12-21,2.18,2.25,2.13,2.13,60438.0,2.18,0.0,2.25,2.13,2.13,1.0,60438.0,2
35,2016-12-20,2.15,2.31,2.12,2.21,96533.0,2.15,0.0,2.31,2.12,2.21,1.0,96533.0,1
36,2016-12-19,2.22,2.36,2.02,2.34,218101.0,2.22,0.0,2.36,2.02,2.34,1.0,218101.0,0
37,2016-12-16,2.36,2.45,2.23,2.4,99955.0,2.36,0.0,2.45,2.23,2.4,1.0,99955.0,4
38,2016-12-15,2.41,2.49,2.28,2.35,57546.0,2.41,0.0,2.49,2.28,2.35,1.0,57546.0,3
39,2016-12-14,2.38,2.63,2.22,2.55,196827.0,2.38,0.0,2.63,2.22,2.55,1.0,196827.0,2
40,2016-12-13,2.56,2.77,2.51,2.7,131209.0,2.56,0.0,2.77,2.51,2.7,1.0,131209.0,1
41,2016-12-12,2.74,2.83,2.64,2.73,150607.0,2.74,0.0,2.83,2.64,2.73,1.0,150607.0,0
42,2016-12-09,2.71,2.82,2.65,2.8,89111.0,2.71,0.0,2.82,2.65,2.8,1.0,89111.0,4
43,2016-12-08,2.76,2.7925,2.68,2.76,125427.0,2.76,0.0,2.7925,2.68,2.76,1.0,125427.0,3
44,2016-12-07,2.78,2.92,2.68,2.9,199463.0,2.78,0.0,2.92,2.68,2.9,1.0,199463.0,2
45,2016-12-06,2.89,2.98,2.81,2.88,219889.0,2.89,0.0,2.98,2.81,2.88,1.0,219889.0,1
46,2016-12-05,2.88,2.926,2.61,2.84,589004.0,2.88,0.0,2.926,2.61,2.84,1.0,589004.0,0
47,2016-12-02,2.78,2.98,2.75,2.9,306785.0,2.78,0.0,2.98,2.75,2.9,1.0,306785.0,4
48,2016-12-01,2.8,2.99,2.6,2.6,589496.0,2.8,0.0,2.99,2.6,2.6,1.0,589496.0,3
49,2016-11-30,2.6,2.65,2.17,2.22,488833.0,2.6,0.0,2.65,2.17,2.22,1.0,488833.0,2
50,2016-11-29,2.16,2.19,1.85,1.95,246853.0,2.16,0.0,2.19,1.85,1.95,1.0,246853.0,1
51,2016-11-28,1.93,2.25,1.893,2.25,222671.0,1.93,0.0,2.25,1.893,2.25,1.0,222671.0,0
52,2016-11-25,2.23,2.25,2.21,2.25,25908.0,2.23,0.0,2.25,2.21,2.25,1.0,25908.0,4
53,2016-11-23,2.23,2.32,2.2,2.22,30998.0,2.23,0.0,2.32,2.2,2.22,1.0,30998.0,2
54,2016-11-22,2.21,2.41,2.2,2.35,186582.0,2.21,0.0,2.41,2.2,2.35,1.0,186582.0,1
55,2016-11-21,2.24,2.39,2.2,2.35,84022.0,2.24,0.0,2.39,2.2,2.35,1.0,84022.0,0
56,2016-11-18,2.31,2.5,2.2016,2.44,373769.0,2.31,0.0,2.5,2.2016,2.44,1.0,373769.0,4
57,2016-11-17,2.47,2.53,2.3301,2.41,254086.0,2.47,0.0,2.53,2.3301,2.41,1.0,254086.0,3
58,2016-11-16,2.39,2.52,2.3,2.38,213261.0,2.39,0.0,2.52,2.3,2.38,1.0,213261.0,2
59,2016-11-15,2.37,2.4716,2.21,2.4,317842.0,2.37,0.0,2.4716,2.21,2.4,1.0,317842.0,1
60,2016-11-14,2.39,2.48,2.16,2.3,608131.0,2.39,0.0,2.48,2.16,2.3,1.0,608131.0,0
61,2016-11-11,2.22,2.3049,1.6501,1.66,373441.0,2.22,0.0,2.3049,1.6501,1.66,1.0,373441.0,4
62,2016-11-10,1.66,1.68,1.55,1.65,116913.0,1.66,0.0,1.68,1.55,1.65,1.0,116913.0,3
63,2016-11-09,1.6,1.7399,1.571,1.72,74171.0,1.6,0.0,1.7399,1.571,1.72,1.0,74171.0,2
64,2016-11-08,1.59,1.66,1.53,1.62,44691.0,1.59,0.0,1.66,1.53,1.62,1.0,44691.0,1
65,2016-11-07,1.65,1.66,1.52,1.6,117224.0,1.65,0.0,1.66,1.52,1.6,1.0,117224.0,0
66,2016-11-04,1.58,1.6,1.5695,1.58,27273.0,1.58,0.0,1.6,1.5695,1.58,1.0,27273.0,4
67,2016-11-03,1.57,1.66,1.53,1.59,82487.0,1.57,0.0,1.66,1.53,1.59,1.0,82487.0,3
68,2016-11-02,1.58,1.6402,1.56,1.63,24083.0,1.58,0.0,1.6402,1.56,1.63,1.0,24083.0,2
69,2016-11-01,1.61,1.7,1.6,1.7,48213.0,1.61,0.0,1.7,1.6,1.7,1.0,48213.0,1
70,2016-10-31,1.59,1.73,1.5345,1.5345,41751.0,1.59,0.0,1.73,1.5345,1.5345,1.0,41751.0,0
71,2016-10-28,1.63,1.78,1.6,1.74,49826.0,1.63,0.0,1.78,1.6,1.74,1.0,49826.0,4
72,2016-10-27,1.76,1.7639,1.67,1.72,31243.0,1.76,0.0,1.7639,1.67,1.72,1.0,31243.0,3
73,2016-10-26,1.72,1.77,1.61,1.71,61134.0,1.72,0.0,1.77,1.61,1.71,1.0,61134.0,2
74,2016-10-25,1.73,1.9,1.7,1.74,58722.0,1.73,0.0,1.9,1.7,1.74,1.0,58722.0,1
75,2016-10-24,1.74,1.78,1.675,1.7,68055.0,1.74,0.0,1.78,1.675,1.7,1.0,68055.0,0
76,2016-10-21,1.7,1.74,1.65,1.67,72213.0,1.7,0.0,1.74,1.65,1.67,1.0,72213.0,4
77,2016-10-20,1.69,1.73,1.59,1.6,132816.0,1.69,0.0,1.73,1.59,1.6,1.0,132816.0,3
78,2016-10-19,1.61,1.67,1.52,1.57,195451.0,1.61,0.0,1.67,1.52,1.57,1.0,195451.0,2
79,2016-10-18,1.59,1.59,1.37,1.4625,900446.0,1.59,0.0,1.59,1.37,1.4625,1.0,900446.0,1
80,2016-10-17,1.42,1.5,1.4,1.5,25301.0,1.42,0.0,1.5,1.4,1.5,1.0,25301.0,0
81,2016-10-14,1.49,1.5169,1.45,1.45,109645.0,1.49,0.0,1.5169,1.45,1.45,1.0,109645.0,4
82,2016-10-13,1.48,1.51,1.47,1.5,90401.0,1.48,0.0,1.51,1.47,1.5,1.0,90401.0,3
83,2016-10-12,1.48,1.55,1.42,1.54,206152.0,1.48,0.0,1.55,1.42,1.54,1.0,206152.0,2
84,2016-10-11,1.5201,1.58,1.52,1.58,67625.0,1.5201,0.0,1.58,1.52,1.58,1.0,67625.0,1
85,2016-10-10,1.6101,1.67,1.6101,1.66,46038.0,1.6101,0.0,1.67,1.6101,1.66,1.0,46038.0,0
86,2016-10-07,1.68,1.73,1.63,1.7222,172269.0,1.68,0.0,1.73,1.63,1.7222,1.0,172269.0,4
87,2016-10-06,1.7285,1.78,1.72,1.74,17263.0,1.7285,0.0,1.78,1.72,1.74,1.0,17263.0,3
88,2016-10-05,1.75,1.78,1.7,1.78,125487.0,1.75,0.0,1.78,1.7,1.78,1.0,125487.0,2
89,2016-10-04,1.79,1.83,1.7107,1.7659,25613.0,1.79,0.0,1.83,1.7107,1.7659,1.0,25613.0,1
90,2016-10-03,1.79,1.84,1.751,1.81,70404.0,1.79,0.0,1.84,1.751,1.81,1.0,70404.0,0
91,2016-09-30,1.82,1.85,1.7801,1.82,129616.0,1.82,0.0,1.85,1.7801,1.82,1.0,129616.0,4
92,2016-09-29,1.81,1.83,1.79,1.83,36259.0,1.81,0.0,1.83,1.79,1.83,1.0,36259.0,3
93,2016-09-28,1.81,1.85,1.7801,1.85,94508.0,1.81,0.0,1.85,1.7801,1.85,1.0,94508.0,2
94,2016-09-27,1.8494,1.94,1.81,1.84,197527.0,1.8494,0.0,1.94,1.81,1.84,1.0,197527.0,1
95,2016-09-26,1.82,1.83,1.76,1.76,56113.0,1.82,0.0,1.83,1.76,1.76,1.0,56113.0,0
96,2016-09-23,1.8,1.85,1.76,1.81,113235.0,1.8,0.0,1.85,1.76,1.81,1.0,113235.0,4
97,2016-09-22,1.83,1.83,1.69,1.6909999999999998,118785.0,1.83,0.0,1.83,1.69,1.6909999999999998,1.0,118785.0,3
98,2016-09-21,1.77,1.77,1.6704,1.6704,233915.0,1.77,0.0,1.77,1.6704,1.6704,1.0,233915.0,2
99,2016-09-20,1.69,1.7,1.69,1.7,86304.0,1.69,0.0,1.7,1.69,1.7,1.0,86304.0,1
100,2016-09-19,1.68,1.7,1.66,1.68,71762.0,1.68,0.0,1.7,1.66,1.68,1.0,71762.0,0
101,2016-09-16,1.7,1.739,1.62,1.69,124111.0,1.7,0.0,1.739,1.62,1.69,1.0,124111.0,4
102,2016-09-15,1.7,1.76,1.66,1.68,81944.0,1.7,0.0,1.76,1.66,1.68,1.0,81944.0,3
103,2016-09-14,1.69,1.75,1.66,1.73,88797.0,1.69,0.0,1.75,1.66,1.73,1.0,88797.0,2
104,2016-09-13,1.74,1.89,1.7,1.8,293021.0,1.74,0.0,1.89,1.7,1.8,1.0,293021.0,1
105,2016-09-12,1.8,1.81,1.7,1.75,102223.0,1.8,0.0,1.81,1.7,1.75,1.0,102223.0,0
106,2016-09-09,1.76,1.8,1.7,1.8,216129.0,1.76,0.0,1.8,1.7,1.8,1.0,216129.0,4
107,2016-09-08,1.8,1.87,1.62,1.77,1154133.0,1.8,0.0,1.87,1.62,1.77,1.0,1154133.0,3
108,2016-09-07,1.81,1.99,1.37,1.37,6718828.0,1.81,0.0,1.99,1.37,1.37,1.0,6718828.0,2
109,2016-09-06,1.2,1.2335,1.17,1.23,49706.0,1.2,0.0,1.2335,1.17,1.23,1.0,49706.0,1
110,2016-09-02,1.22,1.25,1.15,1.15,63399.0,1.22,0.0,1.25,1.15,1.15,1.0,63399.0,4
111,2016-09-01,1.16,1.2,1.15,1.19,12461.0,1.16,0.0,1.2,1.15,1.19,1.0,12461.0,3
112,2016-08-31,1.25,1.25,1.2,1.22,33355.0,1.25,0.0,1.25,1.2,1.22,1.0,33355.0,2
113,2016-08-30,1.23,1.261,1.19,1.2269,80445.0,1.23,0.0,1.261,1.19,1.2269,1.0,80445.0,1
114,2016-08-29,1.23,1.29,1.139,1.15,234766.0,1.23,0.0,1.29,1.139,1.15,1.0,234766.0,0
115,2016-08-26,1.12,1.17,1.1,1.1,74476.0,1.12,0.0,1.17,1.1,1.1,1.0,74476.0,4
116,2016-08-25,1.11,1.19,1.05,1.0947,102067.0,1.11,0.0,1.19,1.05,1.0947,1.0,102067.0,3
117,2016-08-24,1.08,1.11,1.06,1.07,23570.0,1.08,0.0,1.11,1.06,1.07,1.0,23570.0,2
118,2016-08-23,1.05,1.08,1.05,1.08,34656.0,1.05,0.0,1.08,1.05,1.08,1.0,34656.0,1
119,2016-08-22,1.05,1.07,1.05,1.07,2929.0,1.05,0.0,1.07,1.05,1.07,1.0,2929.0,0
120,2016-08-19,1.06,1.1,1.05,1.05,14329.0,1.06,0.0,1.1,1.05,1.05,1.0,14329.0,4
121,2016-08-18,1.08,1.11,1.05,1.08,22335.0,1.08,0.0,1.11,1.05,1.08,1.0,22335.0,3
122,2016-08-17,1.0999,1.11,1.08,1.11,27874.0,1.0999,0.0,1.11,1.08,1.11,1.0,27874.0,2
123,2016-08-16,1.12,1.13,1.07,1.07,49261.0,1.12,0.0,1.13,1.07,1.07,1.0,49261.0,1
124,2016-08-15,1.06,1.15,1.05,1.06,35471.0,1.06,0.0,1.15,1.05,1.06,1.0,35471.0,0
125,2016-08-12,1.07,1.12,1.06,1.06,30572.0,1.07,0.0,1.12,1.06,1.06,1.0,30572.0,4
126,2016-08-11,1.08,1.18,1.08,1.18,95390.0,1.08,0.0,1.18,1.08,1.18,1.0,95390.0,3
127,2016-08-10,1.1899,1.2429999999999999,1.17,1.18,38167.0,1.1899,0.0,1.2429999999999999,1.17,1.18,1.0,38167.0,2
128,2016-08-09,1.19,1.24,1.17,1.19,33343.0,1.19,0.0,1.24,1.17,1.19,1.0,33343.0,1
129,2016-08-08,1.2,1.25,1.19,1.24,24100.0,1.2,0.0,1.25,1.19,1.24,1.0,24100.0,0
130,2016-08-05,1.2,1.33,1.09,1.11,353151.0,1.2,0.0,1.33,1.09,1.11,1.0,353151.0,4
131,2016-08-04,1.13,1.2,1.0799,1.15,62216.0,1.13,0.0,1.2,1.0799,1.15,1.0,62216.0,3
132,2016-08-03,1.1,1.15,1.06,1.06,63608.0,1.1,0.0,1.15,1.06,1.06,1.0,63608.0,2
133,2016-08-02,1.04,1.14,1.0056,1.03,49583.0,1.04,0.0,1.14,1.0056,1.03,1.0,49583.0,1
134,2016-08-01,1.03,1.08,1.02,1.06,29812.0,1.03,0.0,1.08,1.02,1.06,1.0,29812.0,0
135,2016-07-29,1.01,1.14,1.01,1.1,37466.0,1.01,0.0,1.14,1.01,1.1,1.0,37466.0,4
136,2016-07-28,1.1,1.13,1.04,1.1,170349.0,1.1,0.0,1.13,1.04,1.1,1.0,170349.0,3
137,2016-07-27,1.08,1.15,1.08,1.099,70643.0,1.08,0.0,1.15,1.08,1.099,1.0,70643.0,2
138,2016-07-26,1.0901,1.125,1.05,1.12,24423.0,1.0901,0.0,1.125,1.05,1.12,1.0,24423.0,1
139,2016-07-25,1.09,1.17,1.06,1.1,44962.0,1.09,0.0,1.17,1.06,1.1,1.0,44962.0,0
140,2016-07-22,1.04,1.17,1.04,1.15,24707.0,1.04,0.0,1.17,1.04,1.15,1.0,24707.0,4
141,2016-07-21,1.19,1.24,1.0799,1.0799,27779.0,1.19,0.0,1.24,1.0799,1.0799,1.0,27779.0,3
142,2016-07-20,1.08,1.08,1.03,1.03,29516.0,1.08,0.0,1.08,1.03,1.03,1.0,29516.0,2
143,2016-07-19,1.03,1.04,0.9601,1.02,89454.0,1.03,0.0,1.04,0.9601,1.02,1.0,89454.0,1
144,2016-07-18,0.9827,1.1151,0.9827,1.1,175617.0,0.9827,0.0,1.1151,0.9827,1.1,1.0,175617.0,0
145,2016-07-15,1.12,1.15,1.07,1.09,34084.0,1.12,0.0,1.15,1.07,1.09,1.0,34084.0,4
146,2016-07-14,1.0901,1.14,1.09,1.14,17611.0,1.0901,0.0,1.14,1.09,1.14,1.0,17611.0,3
147,2016-07-13,1.15,1.15,1.11,1.1235,16030.0,1.15,0.0,1.15,1.11,1.1235,1.0,16030.0,2
148,2016-07-12,1.15,1.18,1.13,1.18,29890.0,1.15,0.0,1.18,1.13,1.18,1.0,29890.0,1
149,2016-07-11,1.14,1.18,1.07,1.07,49819.0,1.14,0.0,1.18,1.07,1.07,1.0,49819.0,0
150,2016-07-08,1.06,1.09,1.048,1.05,47258.0,1.06,0.0,1.09,1.048,1.05,1.0,47258.0,4
151,2016-07-07,1.05,1.08,1.0401,1.06,33882.0,1.05,0.0,1.08,1.0401,1.06,1.0,33882.0,3
152,2016-07-06,1.06,1.1,1.03,1.06,140813.0,1.06,0.0,1.1,1.03,1.06,1.0,140813.0,2
153,2016-07-05,1.04,1.06,1.0,1.03,4781.0,1.04,0.0,1.06,1.0,1.03,1.0,4781.0,1
154,2016-07-01,1.02,1.04,0.98,1.02,44936.0,1.02,0.0,1.04,0.98,1.02,1.0,44936.0,4
155,2016-06-30,0.9620000000000001,1.06,0.96,1.05,43890.0,0.9620000000000001,0.0,1.06,0.96,1.05,1.0,43890.0,3
156,2016-06-29,1.03,1.1,1.03,1.06,18792.0,1.03,0.0,1.1,1.03,1.06,1.0,18792.0,2
157,2016-06-28,1.02,1.1,1.02,1.08,29094.0,1.02,0.0,1.1,1.02,1.08,1.0,29094.0,1
158,2016-06-27,1.07,1.14,0.9511,1.0,61045.0,1.07,0.0,1.14,0.9511,1.0,1.0,61045.0,0
159,2016-06-24,1.03,1.07,1.03,1.07,29427.0,1.03,0.0,1.07,1.03,1.07,1.0,29427.0,4
160,2016-06-23,1.09,1.1001,0.9620000000000001,1.08,21431.0,1.09,0.0,1.1001,0.9620000000000001,1.08,1.0,21431.0,3
161,2016-06-22,1.1,1.1,1.0133,1.09,3663.0,1.1,0.0,1.1,1.0133,1.09,1.0,3663.0,2
162,2016-06-21,1.09,1.14,1.05,1.09,27368.0,1.09,0.0,1.14,1.05,1.09,1.0,27368.0,1
163,2016-06-20,1.0801,1.1268,1.05,1.05,43670.0,1.0801,0.0,1.1268,1.05,1.05,1.0,43670.0,0
164,2016-06-17,1.07,1.07,1.01,1.06,21374.0,1.07,0.0,1.07,1.01,1.06,1.0,21374.0,4
165,2016-06-16,1.03,1.06,0.98,0.981,38095.0,1.03,0.0,1.06,0.98,0.981,1.0,38095.0,3
166,2016-06-15,1.0,1.04,0.986,1.0,34855.0,1.0,0.0,1.04,0.986,1.0,1.0,34855.0,2
167,2016-06-14,0.9845,1.07,0.92,0.9798,18692.0,0.9845,0.0,1.07,0.92,0.9798,1.0,18692.0,1
168,2016-06-13,0.8801,1.14,0.85,1.1,85576.0,0.8801,0.0,1.14,0.85,1.1,1.0,85576.0,0
169,2016-06-10,0.99,1.0,0.95,0.998,19982.0,0.99,0.0,1.0,0.95,0.998,1.0,19982.0,4
170,2016-06-09,0.99,1.0,0.94,1.0,5114.0,0.99,0.0,1.0,0.94,1.0,1.0,5114.0,3
171,2016-06-08,1.0,1.0,0.951,1.0,34657.0,1.0,0.0,1.0,0.951,1.0,1.0,34657.0,2
172,2016-06-07,1.02,1.05,0.9,1.03,79345.0,1.02,0.0,1.05,0.9,1.03,1.0,79345.0,1
173,2016-06-06,1.0,1.06,0.8995,0.91,94953.0,1.0,0.0,1.06,0.8995,0.91,1.0,94953.0,0
174,2016-06-03,0.87,1.0,0.8,0.8393,108666.0,0.87,0.0,1.0,0.8,0.8393,1.0,108666.0,4
175,2016-06-02,0.8,0.8708,0.78,0.78,63692.0,0.8,0.0,0.8708,0.78,0.78,1.0,63692.0,3
176,2016-06-01,0.7502,0.79,0.75,0.78,66820.0,0.7502,0.0,0.79,0.75,0.78,1.0,66820.0,2
177,2016-05-31,0.7121,0.8605,0.7121,0.85,1259110.0,0.7121,0.0,0.8605,0.7121,0.85,1.0,1259110.0,1
178,2016-05-27,0.8,0.84,0.785,0.79,570543.0,0.8,0.0,0.84,0.785,0.79,1.0,570543.0,4
179,2016-05-26,0.79,0.804,0.76,0.78,27325.0,0.79,0.0,0.804,0.76,0.78,1.0,27325.0,3
180,2016-05-25,0.79,0.83,0.72,0.8,58806.0,0.79,0.0,0.83,0.72,0.8,1.0,58806.0,2
181,2016-05-24,0.785,0.9,0.738,0.9,261992.0,0.785,0.0,0.9,0.738,0.9,1.0,261992.0,1
182,2016-05-23,0.85,0.91,0.84,0.9097,25472.0,0.85,0.0,0.91,0.84,0.9097,1.0,25472.0,0
183,2016-05-20,0.9008,0.9069,0.84,0.88,35889.0,0.9008,0.0,0.9069,0.84,0.88,1.0,35889.0,4
184,2016-05-19,0.9,0.92,0.85,0.89,52527.0,0.9,0.0,0.92,0.85,0.89,1.0,52527.0,3
185,2016-05-18,0.89,0.92,0.84,0.89,14671.0,0.89,0.0,0.92,0.84,0.89,1.0,14671.0,2
186,2016-05-17,0.8961,0.93,0.84,0.87,57842.0,0.8961,0.0,0.93,0.84,0.87,1.0,57842.0,1
187,2016-05-16,0.86,0.94,0.852,0.94,27576.0,0.86,0.0,0.94,0.852,0.94,1.0,27576.0,0
188,2016-05-13,0.94,0.96,0.91,0.94,22891.0,0.94,0.0,0.96,0.91,0.94,1.0,22891.0,4
189,2016-05-12,0.88,0.9794,0.852,0.9794,37426.0,0.88,0.0,0.9794,0.852,0.9794,1.0,37426.0,3
190,2016-05-11,0.92,0.98,0.92,0.92,19600.0,0.92,0.0,0.98,0.92,0.92,1.0,19600.0,2
191,2016-05-10,0.92,0.998,0.92,0.998,12105.0,0.92,0.0,0.998,0.92,0.998,1.0,12105.0,1
192,2016-05-09,0.95,1.03,0.95,0.99,18841.0,0.95,0.0,1.03,0.95,0.99,1.0,18841.0,0
193,2016-05-06,0.98,1.04,0.97,1.02,54652.0,0.98,0.0,1.04,0.97,1.02,1.0,54652.0,4
194,2016-05-05,1.05,1.1,1.01,1.1,132665.0,1.05,0.0,1.1,1.01,1.1,1.0,132665.0,3
195,2016-05-04,1.13,1.13,1.02,1.03,40339.0,1.13,0.0,1.13,1.02,1.03,1.0,40339.0,2
196,2016-05-03,1.05,1.06,1.0,1.04,18008.0,1.05,0.0,1.06,1.0,1.04,1.0,18008.0,1
197,2016-05-02,1.03,1.07,1.0,1.0,13934.0,1.03,0.0,1.07,1.0,1.0,1.0,13934.0,0
198,2016-04-29,1.05,1.05,1.01,1.04,43445.0,1.05,0.0,1.05,1.01,1.04,1.0,43445.0,4
199,2016-04-28,1.05,1.07,1.0,1.0,33249.0,1.05,0.0,1.07,1.0,1.0,1.0,33249.0,3
200,2016-04-27,1.02,1.09,1.0,1.03,20705.0,1.02,0.0,1.09,1.0,1.03,1.0,20705.0,2
201,2016-04-26,1.05,1.07,1.01,1.04,22807.0,1.05,0.0,1.07,1.01,1.04,1.0,22807.0,1
202,2016-04-25,1.01,1.11,1.01,1.11,22371.0,1.01,0.0,1.11,1.01,1.11,1.0,22371.0,0
203,2016-04-22,1.01,1.12,1.01,1.0452,28358.0,1.01,0.0,1.12,1.01,1.0452,1.0,28358.0,4
204,2016-04-21,1.07,1.1,1.06,1.09,9617.0,1.07,0.0,1.1,1.06,1.09,1.0,9617.0,3
205,2016-04-20,1.06,1.06,1.02,1.06,8852.0,1.06,0.0,1.06,1.02,1.06,1.0,8852.0,2
206,2016-04-19,1.0601,1.08,1.05,1.05,29821.0,1.0601,0.0,1.08,1.05,1.05,1.0,29821.0,1
207,2016-04-18,1.05,1.08,1.05,1.07,17369.0,1.05,0.0,1.08,1.05,1.07,1.0,17369.0,0
208,2016-04-15,1.07,1.09,1.07,1.08,11949.0,1.07,0.0,1.09,1.07,1.08,1.0,11949.0,4
209,2016-04-14,1.0739,1.09,1.05,1.05,49405.0,1.0739,0.0,1.09,1.05,1.05,1.0,49405.0,3
210,2016-04-13,1.06,1.09,1.06,1.0899,35149.0,1.06,0.0,1.09,1.06,1.0899,1.0,35149.0,2
211,2016-04-12,1.09,1.11,1.08,1.11,12918.0,1.09,0.0,1.11,1.08,1.11,1.0,12918.0,1
212,2016-04-11,1.08,1.1,1.0501,1.0501,20262.0,1.08,0.0,1.1,1.0501,1.0501,1.0,20262.0,0
213,2016-04-08,1.08,1.1,1.08,1.09,6402.0,1.08,0.0,1.1,1.08,1.09,1.0,6402.0,4
214,2016-04-07,1.09,1.1,1.05,1.05,33874.0,1.09,0.0,1.1,1.05,1.05,1.0,33874.0,3
215,2016-04-06,1.08,1.12,1.08,1.1,39643.0,1.08,0.0,1.12,1.08,1.1,1.0,39643.0,2
216,2016-04-05,1.08,1.11,1.08,1.09,18010.0,1.08,0.0,1.11,1.08,1.09,1.0,18010.0,1
217,2016-04-04,1.0677,1.13,1.06,1.06,49511.0,1.0677,0.0,1.13,1.06,1.06,1.0,49511.0,0
218,2016-04-01,1.06,1.13,1.06,1.12,5807.0,1.06,0.0,1.13,1.06,1.12,1.0,5807.0,4
219,2016-03-31,1.1,1.13,0.98,1.069,153389.0,1.1,0.0,1.13,0.98,1.069,1.0,153389.0,3
220,2016-03-30,1.05,1.15,1.04,1.1,16045.0,1.05,0.0,1.15,1.04,1.1,1.0,16045.0,2
221,2016-03-29,1.09,1.18,1.02,1.02,90732.0,1.09,0.0,1.18,1.02,1.02,1.0,90732.0,1
222,2016-03-28,1.0288,1.07,1.02,1.06,42039.0,1.0288,0.0,1.07,1.02,1.06,1.0,42039.0,0
223,2016-03-24,1.02,1.089,1.01,1.0634,32322.0,1.02,0.0,1.089,1.01,1.0634,1.0,32322.0,3
224,2016-03-23,1.01,1.133,1.01,1.12,18278.0,1.01,0.0,1.133,1.01,1.12,1.0,18278.0,2
225,2016-03-22,1.0997,1.1499,1.07,1.0701,16070.0,1.0997,0.0,1.1499,1.07,1.0701,1.0,16070.0,1
226,2016-03-21,1.09,1.169,1.08,1.08,52589.0,1.09,0.0,1.169,1.08,1.08,1.0,52589.0,0
227,2016-03-18,1.07,1.13,1.04,1.1,10748.0,1.07,0.0,1.13,1.04,1.1,1.0,10748.0,4
228,2016-03-17,1.1,1.17,1.0,1.05,73150.0,1.1,0.0,1.17,1.0,1.05,1.0,73150.0,3
229,2016-03-16,1.03,1.1099,1.03,1.1099,36997.0,1.03,0.0,1.1099,1.03,1.1099,1.0,36997.0,2
230,2016-03-15,1.035,1.17,1.035,1.17,21866.0,1.035,0.0,1.17,1.035,1.17,1.0,21866.0,1
231,2016-03-14,1.13,1.13,1.1,1.122,8293.0,1.13,0.0,1.13,1.1,1.122,1.0,8293.0,0
232,2016-03-11,1.11,1.18,1.11,1.14,3527.0,1.11,0.0,1.18,1.11,1.14,1.0,3527.0,4
233,2016-03-10,1.13,1.16,1.11,1.15,16431.0,1.13,0.0,1.16,1.11,1.15,1.0,16431.0,3
234,2016-03-09,1.16,1.23,1.16,1.19,8142.0,1.16,0.0,1.23,1.16,1.19,1.0,8142.0,2
235,2016-03-08,1.15,1.18,1.1,1.18,27340.0,1.15,0.0,1.18,1.1,1.18,1.0,27340.0,1
236,2016-03-07,1.17,1.2,1.1,1.16,22191.0,1.17,0.0,1.2,1.1,1.16,1.0,22191.0,0
237,2016-03-04,1.13,1.18,1.0889,1.09,35737.0,1.13,0.0,1.18,1.0889,1.09,1.0,35737.0,4
238,2016-03-03,1.14,1.24,1.14,1.1425,82833.0,1.14,0.0,1.24,1.14,1.1425,1.0,82833.0,3
239,2016-03-02,1.16,1.17,1.12,1.12,1536.0,1.16,0.0,1.17,1.12,1.12,1.0,1536.0,2
240,2016-03-01,1.13,1.165,1.13,1.1333,3589.0,1.13,0.0,1.165,1.13,1.1333,1.0,3589.0,1
241,2016-02-29,1.11,1.16,1.11,1.16,6682.0,1.11,0.0,1.16,1.11,1.16,1.0,6682.0,0
242,2016-02-26,1.16,1.16,1.0898,1.1337,134152.0,1.16,0.0,1.16,1.0898,1.1337,1.0,134152.0,4
243,2016-02-25,1.045,1.07,1.042,1.07,1269.0,1.045,0.0,1.07,1.042,1.07,1.0,1269.0,3
244,2016-02-24,1.1,1.13,1.06,1.07,30729.0,1.1,0.0,1.13,1.06,1.07,1.0,30729.0,2
245,2016-02-23,1.08,1.09,1.06,1.06,20660.0,1.08,0.0,1.09,1.06,1.06,1.0,20660.0,1
246,2016-02-22,1.09,1.1,1.02,1.0717,29343.0,1.09,0.0,1.1,1.02,1.0717,1.0,29343.0,0
247,2016-02-19,1.02,1.1159999999999999,1.01,1.1159999999999999,7750.0,1.02,0.0,1.1159999999999999,1.01,1.1159999999999999,1.0,7750.0,4
248,2016-02-18,1.055,1.17,1.05,1.14,22756.0,1.055,0.0,1.17,1.05,1.14,1.0,22756.0,3
249,2016-02-17,1.27,1.27,1.15,1.22,51572.0,1.27,0.0,1.27,1.15,1.22,1.0,51572.0,2
250,2016-02-16,1.16,1.2,1.09,1.09,22994.0,1.16,0.0,1.2,1.09,1.09,1.0,22994.0,1
251,2016-02-12,1.036,1.09,0.955,0.955,24050.0,1.036,0.0,1.09,0.955,0.955,1.0,24050.0,4
252,2016-02-11,0.97,1.22,0.95,1.22,33578.0,0.97,0.0,1.22,0.95,1.22,1.0,33578.0,3
253,2016-02-10,1.04,1.18,1.04,1.14,76409.0,1.04,0.0,1.18,1.04,1.14,1.0,76409.0,2
254,2016-02-09,1.077,1.24,0.982,1.2,45042.0,1.077,0.0,1.24,0.982,1.2,1.0,45042.0,1
255,2016-02-08,1.27,1.2999,1.178,1.178,32462.0,1.27,0.0,1.2999,1.178,1.178,1.0,32462.0,0
256,2016-02-05,1.1826,1.2,1.08,1.0801,10357.0,1.1826,0.0,1.2,1.08,1.0801,1.0,10357.0,4
257,2016-02-04,1.21,1.21,0.98,1.15,110212.0,1.21,0.0,1.21,0.98,1.15,1.0,110212.0,3
258,2016-02-03,1.1465,1.22,1.1,1.22,7284.0,1.1465,0.0,1.22,1.1,1.22,1.0,7284.0,2
259,2016-02-02,1.19,1.29,1.13,1.15,40777.0,1.19,0.0,1.29,1.13,1.15,1.0,40777.0,1
260,2016-02-01,1.0697,1.08,0.9792,0.99,46827.0,1.0697,0.0,1.08,0.9792,0.99,1.0,46827.0,0
261,2016-01-29,1.03,1.1399,0.99,1.11,54520.0,1.03,0.0,1.1399,0.99,1.11,1.0,54520.0,4
262,2016-01-28,1.0813,1.13,1.0813,1.0859999999999999,20110.0,1.0813,0.0,1.13,1.0813,1.0859999999999999,1.0,20110.0,3
263,2016-01-27,1.14,1.15,1.139,1.14,21550.0,1.14,0.0,1.15,1.139,1.14,1.0,21550.0,2
264,2016-01-26,1.1,1.14,1.1,1.1,3580.0,1.1,0.0,1.14,1.1,1.1,1.0,3580.0,1
265,2016-01-25,1.08,1.14,1.08,1.13,25047.0,1.08,0.0,1.14,1.08,1.13,1.0,25047.0,0
266,2016-01-22,1.15,1.16,1.13,1.146,30104.0,1.15,0.0,1.16,1.13,1.146,1.0,30104.0,4
267,2016-01-21,1.2,1.2585,1.1817,1.1817,15331.0,1.2,0.0,1.2585,1.1817,1.1817,1.0,15331.0,3
268,2016-01-20,1.1853,1.1853,1.124,1.124,9051.0,1.1853,0.0,1.1853,1.124,1.124,1.0,9051.0,2
269,2016-01-19,1.28,1.28,1.13,1.204,20871.0,1.28,0.0,1.28,1.13,1.204,1.0,20871.0,1
270,2016-01-15,1.19,1.24,1.19,1.2,9473.0,1.19,0.0,1.24,1.19,1.2,1.0,9473.0,4
271,2016-01-14,1.2,1.28,1.2,1.25,15683.0,1.2,0.0,1.28,1.2,1.25,1.0,15683.0,3
272,2016-01-13,1.2,1.22,1.16,1.16,23444.0,1.2,0.0,1.22,1.16,1.16,1.0,23444.0,2
273,2016-01-12,1.14,1.2,1.14,1.17,9565.0,1.14,0.0,1.2,1.14,1.17,1.0,9565.0,1
274,2016-01-11,1.16,1.17,1.13,1.13,16555.0,1.16,0.0,1.17,1.13,1.13,1.0,16555.0,0
275,2016-01-08,1.16,1.22,1.13,1.1394,2291.0,1.16,0.0,1.22,1.13,1.1394,1.0,2291.0,4
276,2016-01-07,1.1799,1.21,1.15,1.17,9630.0,1.1799,0.0,1.21,1.15,1.17,1.0,9630.0,3
277,2016-01-06,1.2,1.28,1.1967,1.24,5672.0,1.2,0.0,1.28,1.1967,1.24,1.0,5672.0,2
278,2016-01-05,1.2016,1.27,1.2,1.27,14557.0,1.2016,0.0,1.27,1.2,1.27,1.0,14557.0,1
279,2016-01-04,1.2,1.35,1.19,1.35,4071.0,1.2,0.0,1.35,1.19,1.35,1.0,4071.0,0
