,Unnamed: 0,adj_close,adj_high,adj_low,adj_open,adj_volume,close,ex_dividend,high,low,open,split_ratio,volume,Day of Week
0,2017-02-10,36.67,36.88,35.83,35.83,14192.0,36.67,0.0,36.88,35.83,35.83,1.0,14192.0,4
1,2017-02-09,35.52,35.95,35.44,35.71,3357.0,35.52,0.0,35.95,35.44,35.71,1.0,3357.0,3
2,2017-02-08,35.44,35.89,35.37,35.62,11054.0,35.44,0.0,35.89,35.37,35.62,1.0,11054.0,2
3,2017-02-07,35.46,35.81,34.87,35.81,2918.0,35.46,0.0,35.81,34.87,35.81,1.0,2918.0,1
4,2017-02-06,35.52,35.52,34.415,34.69,4740.0,35.52,0.0,35.52,34.415,34.69,1.0,4740.0,0
5,2017-02-03,34.7,35.0,34.5,35.0,4232.0,34.7,0.0,35.0,34.5,35.0,1.0,4232.0,4
6,2017-02-02,34.72,35.0,34.17,34.17,9924.0,34.72,0.0,35.0,34.17,34.17,1.0,9924.0,3
7,2017-02-01,34.08,34.53,34.08,34.53,1169.0,34.08,0.0,34.53,34.08,34.53,1.0,1169.0,2
8,2017-01-31,34.19,34.48,33.99,34.03,5077.0,34.19,0.0,34.48,33.99,34.03,1.0,5077.0,1
9,2017-01-30,34.1,35.0,34.1,34.7,4342.0,34.1,0.0,35.0,34.1,34.7,1.0,4342.0,0
10,2017-01-27,34.92,36.0,34.7409,36.0,2417.0,34.92,0.0,36.0,34.7409,36.0,1.0,2417.0,4
11,2017-01-26,35.97,35.98,34.72,34.72,5384.0,35.97,0.0,35.98,34.72,34.72,1.0,5384.0,3
12,2017-01-25,34.38,34.86,33.5,34.47,3573.0,34.38,0.0,34.86,33.5,34.47,1.0,3573.0,2
13,2017-01-24,33.4,33.715,32.8,32.88,4919.0,33.4,0.0,33.715,32.8,32.88,1.0,4919.0,1
14,2017-01-23,32.85,32.96,32.73,32.8,4599.0,32.85,0.0,32.96,32.73,32.8,1.0,4599.0,0
15,2017-01-20,32.8,33.39,32.5,32.55,14637.0,32.8,0.0,33.39,32.5,32.55,1.0,14637.0,4
16,2017-01-19,32.72,32.72,32.34,32.3595,1570.0,32.72,0.0,32.72,32.34,32.3595,1.0,1570.0,3
17,2017-01-18,32.76,33.21,32.73,33.21,2337.0,32.76,0.0,33.21,32.73,33.21,1.0,2337.0,2
18,2017-01-17,33.31,33.98,31.72,33.88,4806.0,33.31,0.0,33.98,31.72,33.88,1.0,4806.0,1
19,2017-01-13,33.93,33.93,33.815,33.875,2262.0,33.93,0.0,33.93,33.815,33.875,1.0,2262.0,4
20,2017-01-12,33.67,33.88,33.0791,33.35,3972.0,33.67,0.0,33.88,33.0791,33.35,1.0,3972.0,3
21,2017-01-11,33.71,34.5,32.8275,34.1,3422.0,33.71,0.0,34.5,32.8275,34.1,1.0,3422.0,2
22,2017-01-10,34.79,35.685,34.69,34.8801,7637.0,34.79,0.0,35.685,34.69,34.8801,1.0,7637.0,1
23,2017-01-09,35.77,36.61,35.77,36.61,2533.0,35.77,0.0,36.61,35.77,36.61,1.0,2533.0,0
24,2017-01-06,36.35,37.03,36.0,36.2,7166.0,36.35,0.0,37.03,36.0,36.2,1.0,7166.0,4
25,2017-01-05,35.51,36.95,35.15,36.555,6752.0,35.51,0.0,36.95,35.15,36.555,1.0,6752.0,3
26,2017-01-04,36.42,37.26,35.23,36.44,15712.0,36.42,0.0,37.26,35.23,36.44,1.0,15712.0,2
27,2017-01-03,35.5,36.03,35.4,36.03,3531.0,35.5,0.0,36.03,35.4,36.03,1.0,3531.0,1
28,2016-12-30,36.35,36.58,33.38,36.58,6378.0,36.35,0.0,36.58,33.38,36.58,1.0,6378.0,4
29,2016-12-29,36.48,36.48,36.0,36.33,7223.0,36.48,0.0,36.48,36.0,36.33,1.0,7223.0,3
30,2016-12-28,36.1,36.75,35.0,36.55,5233.0,36.1,0.0,36.75,35.0,36.55,1.0,5233.0,2
31,2016-12-27,36.43,36.75,35.92,36.09,2926.0,36.43,0.0,36.75,35.92,36.09,1.0,2926.0,1
32,2016-12-23,36.19,36.75,36.19,36.37,1230.0,36.19,0.0,36.75,36.19,36.37,1.0,1230.0,4
33,2016-12-22,36.47,36.75,36.0,36.63,8826.0,36.47,0.0,36.75,36.0,36.63,1.0,8826.0,3
34,2016-12-21,36.74,36.75,35.75,36.36,7004.0,36.74,0.0,36.75,35.75,36.36,1.0,7004.0,2
35,2016-12-20,36.2,36.36,34.615,36.36,12001.0,36.2,0.0,36.36,34.615,36.36,1.0,12001.0,1
36,2016-12-19,36.03,36.12,34.96,35.38,8120.0,36.03,0.0,36.12,34.96,35.38,1.0,8120.0,0
37,2016-12-16,35.38,35.85,35.1,35.85,28543.0,35.38,0.26,35.85,35.1,35.85,1.0,28543.0,4
38,2016-12-15,35.4891975308642,36.1146015712682,33.7718181818182,34.7446689113356,7937.0,35.75,0.0,36.38,34.02,35.0,1.0,7937.0,3
39,2016-12-14,34.804231200897895,35.1516778900112,34.754595959596,35.1477070707071,10321.0,35.06,0.0,35.41,35.01,35.406,1.0,10321.0,2
40,2016-12-13,35.449489337822705,35.707592592592604,34.779413580246896,35.1318237934905,6601.0,35.71,0.0,35.97,35.035,35.39,1.0,6601.0,1
41,2016-12-12,35.2211672278339,35.6283747474748,33.9703591470258,34.3475869809203,16078.0,35.48,0.0,35.8902,34.22,34.6,1.0,16078.0,0
42,2016-12-09,34.029921436588104,34.997808641975304,33.9405780022447,34.754595959596,11786.0,34.28,0.0,35.255,34.19,35.01,1.0,11786.0,4
43,2016-12-08,34.8439393939394,35.2410213243547,33.8512345679012,34.5957631874299,6756.0,35.1,0.0,35.5,34.1,34.85,1.0,6756.0,3
44,2016-12-07,34.516346801346806,34.7446689113356,33.9058333333333,33.9405780022447,6471.0,34.77,0.0,35.0,34.155,34.19,1.0,6471.0,2
45,2016-12-06,34.0398484848485,34.2483164983165,32.362177328844,32.362177328844,8295.0,34.29,0.0,34.5,32.6,32.6,1.0,8295.0,1
46,2016-12-05,32.362177328844,32.362177328844,31.8459708193042,32.1636363636364,9455.0,32.6,0.0,32.6,32.08,32.4,1.0,9455.0,0
47,2016-12-02,31.706992143658802,32.1040740740741,31.706992143658802,31.7268462401796,2383.0,31.94,0.0,32.34,31.94,31.96,1.0,2383.0,4
48,2016-12-01,31.1709315375982,31.841007295174,31.1709315375982,31.841007295174,1697.0,31.4,0.0,32.075,31.4,32.075,1.0,1697.0,3
49,2016-11-30,31.210639730639702,32.1239281705948,31.210639730639702,32.1239281705948,3897.0,31.44,0.0,32.36,31.44,32.36,1.0,3897.0,2
50,2016-11-29,31.558086419753103,31.766554433221103,31.0021717171717,31.0021717171717,3627.0,31.79,0.0,32.0,31.23,31.23,1.0,3627.0,1
51,2016-11-28,31.558086419753103,31.8856790123457,28.8877104377104,31.8856790123457,6186.0,31.79,0.0,32.12,29.1,32.12,1.0,6186.0,0
52,2016-11-25,31.994876543209894,31.994876543209894,30.784769360269397,31.9055331088664,1886.0,32.23,0.0,32.23,31.011,32.14,1.0,1886.0,4
53,2016-11-23,31.8261167227834,32.1338552188552,31.7664551627385,31.766554433221103,2812.0,32.06,0.0,32.37,31.9999,32.0,1.0,2812.0,2
54,2016-11-22,31.965095398428698,31.9750224466891,30.9824168911336,31.440450897867603,5744.0,32.2,0.0,32.21,31.2101,31.6715,1.0,5744.0,1
55,2016-11-21,31.5680134680135,31.5680134680135,30.3866947250281,31.220566778900103,4327.0,31.8,0.0,31.8,30.61,31.45,1.0,4327.0,0
56,2016-11-18,31.250347923681304,31.250347923681304,29.045550505050503,30.6646520763187,6460.0,31.48,0.0,31.48,29.259,30.89,1.0,6460.0,4
57,2016-11-17,30.6646520763187,30.873120089786802,30.416475869809197,30.681528058361398,5349.0,30.89,0.0,31.1,30.64,30.906999999999996,1.0,5349.0,3
58,2016-11-16,30.5753086419753,30.7738496071829,29.761290684624,29.7712177328844,4214.0,30.8,0.0,31.0,29.98,29.99,1.0,4214.0,2
59,2016-11-15,31.270202020202,31.585882154882196,29.9647951739618,31.4588159371493,3270.0,31.5,0.0,31.818,30.185,31.69,1.0,3270.0,1
60,2016-11-14,31.468742985409698,31.756627384960698,30.7738496071829,30.7738496071829,8343.0,31.7,0.0,31.99,31.0,31.0,1.0,8343.0,0
61,2016-11-11,30.7738496071829,30.7738496071829,29.0366161616162,29.215303030303,13524.0,31.0,0.0,31.0,29.25,29.43,1.0,13524.0,4
62,2016-11-10,29.6520931537598,29.6520931537598,28.8877104377104,28.8877104377104,22110.0,29.87,0.0,29.87,29.1,29.1,1.0,22110.0,3
63,2016-11-09,29.2351571268238,29.2351571268238,28.695522783389503,28.695522783389503,3241.0,29.45,0.0,29.45,28.9064,28.9064,1.0,3241.0,2
64,2016-11-08,28.9075645342312,29.0961784511785,28.4211391694725,29.0961784511785,6166.0,29.12,0.0,29.31,28.63,29.31,1.0,6166.0,1
65,2016-11-07,29.2252300785634,29.2351571268238,28.689169472502797,28.689169472502797,2182.0,29.44,0.0,29.45,28.9,28.9,1.0,2182.0,0
66,2016-11-04,28.450920314253697,28.689169472502797,28.3715039281706,28.679242424242396,1660.0,28.66,0.0,28.9,28.58,28.89,1.0,1660.0,4
67,2016-11-03,28.5501907968575,28.679242424242396,28.242452300785605,28.3913580246914,2985.0,28.76,0.0,28.89,28.45,28.6,1.0,2985.0,3
68,2016-11-02,28.540263748597102,28.540263748597102,28.302014590347902,28.331795735129102,1713.0,28.75,0.0,28.75,28.51,28.54,1.0,1713.0,2
69,2016-11-01,28.331795735129102,28.6395342312009,28.311941638608303,28.6395342312009,1176.0,28.54,0.0,28.85,28.52,28.85,1.0,1176.0,1
70,2016-10-31,28.292087542087497,28.629607182940504,27.8552974186308,27.8552974186308,3460.0,28.5,0.0,28.84,28.06,28.06,1.0,3460.0,0
71,2016-10-28,28.311941638608303,28.8877104377104,28.2326245230079,28.8877104377104,1892.0,28.52,0.0,29.1,28.4401,29.1,1.0,1892.0,4
72,2016-10-27,28.699096520763195,28.8678563411897,28.6097530864198,28.8678563411897,1040.0,28.91,0.0,29.08,28.82,29.08,1.0,1040.0,3
73,2016-10-26,28.679242424242396,28.689169472502797,28.540263748597102,28.540263748597102,2417.0,28.89,0.0,28.9,28.75,28.75,1.0,2417.0,2
74,2016-10-25,28.589898989899,28.7477390572391,28.5601178451178,28.669315375982,5690.0,28.8,0.0,28.959,28.77,28.88,1.0,5690.0,1
75,2016-10-24,28.748731762065102,29.165667789001102,28.4906285072952,29.165667789001102,2332.0,28.96,0.0,29.38,28.7,29.38,1.0,2332.0,0
76,2016-10-21,29.2341644219978,29.2341644219978,28.5005555555556,28.5005555555556,881.0,29.449,0.0,29.449,28.71,28.71,1.0,881.0,4
77,2016-10-20,28.7785129068462,29.2351571268238,28.302014590347902,28.4906285072952,3180.0,28.99,0.0,29.45,28.51,28.7,1.0,3180.0,3
78,2016-10-19,28.6593883277217,28.6593883277217,28.2722334455668,28.2722334455668,2620.0,28.87,0.0,28.87,28.48,28.48,1.0,2620.0,2
79,2016-10-18,28.2722334455668,28.7884399551066,28.2722334455668,28.7884399551066,1113.0,28.48,0.0,29.0,28.48,29.0,1.0,1113.0,1
80,2016-10-17,28.0836195286195,28.937742760942804,28.043911335578,28.937742760942804,2667.0,28.29,0.0,29.1504,28.25,29.1504,1.0,2667.0,0
81,2016-10-14,28.4211391694725,28.9931356902357,28.4211391694725,28.9931356902357,1201.0,28.63,0.0,29.2062,28.63,29.2062,1.0,1201.0,4
82,2016-10-13,28.4906285072952,28.7586588103255,28.222598204264898,28.7090235690236,1898.0,28.7,0.0,28.97,28.43,28.92,1.0,1898.0,3
83,2016-10-12,28.743768237934898,29.1458136924804,28.589898989899,28.7586588103255,1621.0,28.955,0.0,29.36,28.8,28.97,1.0,1621.0,2
84,2016-10-11,28.649461279461303,28.848002244668898,28.5998260381594,28.5998260381594,1385.0,28.86,0.0,29.06,28.81,28.81,1.0,1385.0,1
85,2016-10-10,28.768585858585897,28.8380751964085,28.689169472502797,28.7884399551066,9011.0,28.98,0.0,29.05,28.9,29.0,1.0,9011.0,0
86,2016-10-07,28.828148148148102,29.255011223344603,28.828148148148102,29.215303030303,1414.0,29.04,0.0,29.47,29.04,29.43,1.0,1414.0,4
87,2016-10-06,28.823184624018,29.0167620650954,28.540263748597102,28.540263748597102,2880.0,29.035,0.0,29.23,28.75,28.75,1.0,2880.0,3
88,2016-10-05,28.798367003366998,28.917491582491603,28.3218686868687,28.649461279461303,4718.0,29.01,0.0,29.13,28.53,28.86,1.0,4718.0,2
89,2016-10-04,28.7288776655443,29.4336980920314,28.3218686868687,28.9770538720539,5598.0,28.94,0.0,29.65,28.53,29.19,1.0,5598.0,1
90,2016-10-03,28.9075645342312,29.5401160493827,27.846462345679,28.798367003366998,4238.0,29.12,0.0,29.7572,28.0511,29.01,1.0,4238.0,0
91,2016-09-30,28.7785129068462,29.076324354657697,28.1900374859708,28.3417227833895,3927.0,28.99,0.0,29.29,28.3972,28.55,1.0,3927.0,4
92,2016-09-29,28.361576879910196,28.9472727272727,28.1928170594837,28.8877104377104,4475.0,28.57,0.0,29.16,28.4,29.1,1.0,4475.0,3
93,2016-09-28,29.0266891133558,29.393989898989897,28.6881767676768,28.828148148148102,3441.0,29.24,0.0,29.61,28.899,29.04,1.0,3441.0,2
94,2016-09-27,28.768585858585897,29.1066018518519,28.4807014590348,28.4807014590348,2283.0,28.98,0.0,29.3205,28.69,28.69,1.0,2283.0,1
95,2016-09-26,28.689169472502797,29.751363636363603,28.3120409090909,28.4906285072952,3403.0,28.9,0.0,29.97,28.5201,28.7,1.0,3403.0,0
96,2016-09-23,28.5005555555556,28.798367003366998,28.5005555555556,28.7090235690236,2024.0,28.71,0.0,29.01,28.71,28.92,1.0,2024.0,4
97,2016-09-22,28.5700448933782,29.0515067340067,28.3057868686869,28.7586588103255,1971.0,28.78,0.0,29.265,28.5138,28.97,1.0,1971.0,3
98,2016-09-21,28.7090235690236,29.1904854096521,28.411212121212102,28.4122048260382,6793.0,28.92,0.0,29.405,28.62,28.621,1.0,6793.0,2
99,2016-09-20,28.411212121212102,28.540263748597102,28.152612514029197,28.3715039281706,7860.0,28.62,0.0,28.75,28.3595,28.58,1.0,7860.0,1
100,2016-09-19,28.202744107744103,28.848002244668898,27.6280672839506,28.848002244668898,3377.0,28.41,0.0,29.06,27.8311,29.06,1.0,3377.0,0
101,2016-09-16,28.927418630752,28.9373456790123,28.292087542087497,28.649461279461303,18780.0,29.14,0.0,29.15,28.5,28.86,1.0,18780.0,4
102,2016-09-15,28.5700448933782,28.689169472502797,28.0936458473625,28.0936458473625,6331.0,28.78,0.26,28.9,28.3001,28.3001,1.0,6331.0,3
103,2016-09-14,28.3831196685249,28.628975530055698,28.0584600674637,28.0584600674637,4109.0,28.85,0.0,29.0999,28.52,28.52,1.0,4109.0,2
104,2016-09-13,28.225708952858895,28.4026976262858,28.038783728005498,28.038783728005498,8114.0,28.69,0.0,28.8699,28.5,28.5,1.0,8114.0,1
105,2016-09-12,28.2650616317754,28.2650616317754,27.3009209983211,27.320597337779397,41085.0,28.73,0.0,28.73,27.75,27.77,1.0,41085.0,0
106,2016-09-09,27.0254522459056,27.2517301496755,27.0254522459056,27.133672112926,4916.0,27.47,0.0,27.7,27.47,27.58,1.0,4916.0,4
107,2016-09-08,27.133672112926,27.344307326826602,27.005775906447397,27.1631866221134,14799.0,27.58,0.0,27.7941,27.45,27.61,1.0,14799.0,3
108,2016-09-07,27.291082828592,27.9108875215269,27.0844812642804,27.9108875215269,6678.0,27.74,0.0,28.37,27.53,28.37,1.0,6678.0,2
109,2016-09-06,27.5468752415493,28.274899801504503,27.5075225626328,28.274899801504503,6526.0,28.0,0.0,28.74,27.96,28.74,1.0,6526.0,1
110,2016-09-02,28.196194443671498,28.6221871929426,28.038783728005498,28.6221871929426,4483.0,28.66,0.0,29.093000000000004,28.5,29.093000000000004,1.0,4483.0,4
111,2016-09-01,28.629073911753,28.7472303301998,28.2847379712336,28.7471319485025,2680.0,29.1,0.0,29.2201,28.75,29.22,1.0,2680.0,3
112,2016-08-31,28.904542664168503,29.6128908846655,28.8258373063355,28.8258373063355,7166.0,29.38,0.0,30.1,29.3,29.3,1.0,7166.0,2
113,2016-08-30,28.8258373063355,29.3079076230626,28.8258373063355,29.268554944146103,2451.0,29.3,0.0,29.79,29.3,29.75,1.0,2451.0,1
114,2016-08-29,29.5538618662907,29.5538618662907,29.140658737667497,29.140658737667497,1045.0,30.04,0.0,30.04,29.62,29.62,1.0,1045.0,0
115,2016-08-26,29.6620817333111,30.2818864262459,29.4973907720455,29.8686832976227,4085.0,30.15,0.0,30.78,29.9826,30.36,1.0,4085.0,4
116,2016-08-25,30.3999444629954,30.3999444629954,30.3999444629954,30.3999444629954,186.0,30.9,0.0,30.9,30.9,30.9,1.0,186.0,3
117,2016-08-24,30.3999444629954,30.429458972182804,30.3901062932663,30.3901062932663,1613.0,30.9,0.0,30.93,30.89,30.89,1.0,1613.0,2
118,2016-08-23,30.035932183017803,30.2130192381421,29.9227932311329,30.0064176738304,1247.0,30.53,0.0,30.71,30.415,30.5,1.0,1247.0,1
119,2016-08-22,30.193342898683802,30.4589734813702,30.1343138803091,30.4589734813702,3828.0,30.69,0.0,30.96,30.63,30.96,1.0,3828.0,0
120,2016-08-19,30.232695577600303,30.232695577600303,29.8686832976227,29.8686832976227,5384.0,30.73,0.0,30.73,30.36,30.36,1.0,5384.0,4
121,2016-08-18,29.809654279247898,30.4097826327246,29.1701732468548,30.4097826327246,4076.0,30.3,0.0,30.91,29.65,30.91,1.0,4076.0,3
122,2016-08-17,29.327583962520798,29.5341855268325,28.6566207869945,29.5341855268325,4995.0,29.81,0.0,30.02,29.128,30.02,1.0,4995.0,2
123,2016-08-16,29.4062893203538,29.711272581956703,29.268554944146103,29.268554944146103,4160.0,29.89,0.0,30.2,29.75,29.75,1.0,4160.0,1
124,2016-08-15,29.1111442284801,29.1111442284801,29.1111442284801,29.1111442284801,860.0,29.59,0.0,29.59,29.59,29.59,1.0,860.0,0
125,2016-08-12,29.5341855268325,29.6620817333111,28.904542664168503,28.9143808338976,3840.0,30.02,0.0,30.15,29.38,29.39,1.0,3840.0,4
126,2016-08-11,28.904542664168503,29.4062893203538,28.540530384190898,28.6782647603986,5265.0,29.38,0.0,29.89,29.01,29.15,1.0,5265.0,3
127,2016-08-10,28.806160966877197,29.514509187374202,28.796322797148104,29.514509187374202,5620.0,29.28,0.0,30.0,29.27,30.0,1.0,5620.0,2
128,2016-08-09,29.2193640955005,29.4062893203538,29.194768671177602,29.4062893203538,1393.0,29.7,0.0,29.89,29.675,29.89,1.0,1393.0,1
129,2016-08-08,29.101306058751,29.5243473571033,28.7274556090442,29.5243473571033,944.0,29.58,0.0,30.01,29.2,30.01,1.0,944.0,0
130,2016-08-05,29.2980694533335,30.9902346467429,29.002924361459698,29.3570984717082,3166.0,29.78,0.0,31.5,29.48,29.84,1.0,3166.0,4
131,2016-08-04,28.943895343085,29.416127490083,28.9340571733558,29.2095259257713,4113.0,29.42,0.0,29.9,29.41,29.69,1.0,4113.0,3
132,2016-08-03,29.1308205679383,29.5243473571033,28.629073911753,28.629073911753,8885.0,29.61,0.0,30.01,29.1,29.1,1.0,8885.0,2
133,2016-08-02,28.8455136457937,30.3409154446207,28.157825581727902,30.3409154446207,13417.0,29.32,0.0,30.84,28.621,30.84,1.0,13417.0,1
134,2016-08-01,30.1244757105799,31.1869980413254,28.206032613400602,28.2601425469108,2508.0,30.62,0.0,31.7,28.67,28.725,1.0,2508.0,0
135,2016-07-29,31.127969022950698,31.580524830490397,31.000072816472002,31.5608484910321,5444.0,31.64,0.0,32.1,31.51,32.08,1.0,5444.0,4
136,2016-07-28,31.531333981844803,31.580524830490397,31.111047371016603,31.482143133199102,4456.0,32.05,0.0,32.1,31.6228,32.0,1.0,4456.0,3
137,2016-07-27,31.531333981844803,31.6789065277816,31.4526286240118,31.4526286240118,4622.0,32.05,0.0,32.2,31.97,31.97,1.0,4622.0,2
138,2016-07-26,31.531333981844803,31.6592301883234,31.4132759450953,31.6592301883234,5507.0,32.05,0.0,32.18,31.93,32.18,1.0,5507.0,1
139,2016-07-25,31.383761435907896,31.541172151573896,31.2853797386167,31.4870622180637,8349.0,31.9,0.0,32.06,31.8,32.005,1.0,8349.0,0
140,2016-07-22,31.669068358052503,31.865831752635003,30.1146375408508,30.6557368759527,23603.0,32.19,0.0,32.39,30.61,31.16,1.0,23603.0,4
141,2016-07-21,29.957226825184804,30.4589734813702,29.957226825184804,30.4589734813702,1385.0,30.45,0.0,30.96,30.45,30.96,1.0,1385.0,3
142,2016-07-20,30.6557368759527,30.6557368759527,30.0064176738304,30.2031810684129,7054.0,31.16,0.0,31.16,30.5,30.7,1.0,7054.0,2
143,2016-07-19,30.0752848619343,30.6458987062235,29.9867413343722,30.016255843559605,1939.0,30.57,0.0,31.15,30.48,30.51,1.0,1939.0,1
144,2016-07-18,30.3409154446207,30.626222366765298,29.9178741462683,30.104799371121697,11977.0,30.84,0.0,31.13,30.41,30.6,1.0,11977.0,0
145,2016-07-15,29.9867413343722,30.8033094218895,29.622729054394604,30.763956742972997,4699.0,30.48,0.0,31.31,30.11,31.27,1.0,4699.0,4
146,2016-07-14,30.7442804035148,30.7442804035148,29.101306058751,30.2228574078712,9202.0,31.25,0.0,31.25,29.58,30.72,1.0,9202.0,3
147,2016-07-13,29.908035976539196,30.911529288909897,29.522379723157503,30.1244757105799,28043.0,30.4,0.0,31.42,30.008000000000003,30.62,1.0,28043.0,2
148,2016-07-12,30.2031810684129,30.3901062932663,29.7407870911441,29.7407870911441,7494.0,30.7,0.0,30.89,30.23,30.23,1.0,7494.0,1
149,2016-07-11,29.6128908846655,29.908035976539196,28.707779269586002,29.2193640955005,10546.0,30.1,0.0,30.4,29.18,29.7,1.0,10546.0,0
150,2016-07-08,29.5932145452072,29.908035976539196,29.1242289942198,29.1242289942198,7268.0,30.08,0.0,30.4,29.6033,29.6033,1.0,7268.0,4
151,2016-07-07,28.9930861917306,29.2193640955005,28.8258373063355,29.022600700918,3305.0,29.47,0.0,29.7,29.3,29.5,1.0,3305.0,3
152,2016-07-06,28.786484627419,29.022600700918,28.1765181042132,28.756970118231603,5173.0,29.26,0.0,29.5,28.64,29.23,1.0,5173.0,2
153,2016-07-05,28.6782647603986,29.180011416584,28.6782647603986,29.022600700918,10405.0,29.15,0.0,29.66,29.15,29.5,1.0,10405.0,1
154,2016-07-01,28.904542664168503,29.5341855268325,28.697941099856898,28.697941099856898,7192.0,29.38,0.0,30.02,29.17,29.17,1.0,7192.0,4
155,2016-06-30,28.875028154981102,28.9734098522723,28.235547122588,28.235547122588,6107.0,29.35,0.0,29.45,28.7,28.7,1.0,6107.0,3
156,2016-06-29,28.333928819879198,28.5011777052744,27.9010493517977,28.196194443671498,6611.0,28.8,0.0,28.97,28.36,28.66,1.0,6611.0,2
157,2016-06-28,28.225708952858895,28.2453852923171,27.2517301496755,27.743638636131703,14282.0,28.69,0.0,28.71,27.7,28.2,1.0,14282.0,1
158,2016-06-27,27.448493544258,29.7407870911441,27.448493544258,29.7407870911441,16095.0,27.9,0.0,30.23,27.9,30.23,1.0,16095.0,0
159,2016-06-24,29.3177457927917,30.1146375408508,28.274899801504503,29.002924361459698,300091.0,29.8,0.0,30.61,28.74,29.48,1.0,300091.0,4
160,2016-06-23,29.632567224123697,31.383761435907896,29.447511251518897,30.2130192381421,31931.0,30.12,0.0,31.9,29.9319,30.71,1.0,31931.0,3
161,2016-06-22,30.3999444629954,30.4491353116411,29.1209823982092,29.1209823982092,12494.0,30.9,0.0,30.95,29.6,29.6,1.0,12494.0,2
162,2016-06-21,29.268554944146103,29.514509187374202,28.7766464576898,29.3964511506247,8614.0,29.75,0.0,30.0,29.25,29.88,1.0,8614.0,1
163,2016-06-20,29.288231283604304,29.8686832976227,28.8258373063355,29.5243473571033,15221.0,29.77,0.0,30.36,29.3,30.01,1.0,15221.0,0
164,2016-06-17,29.4653183387286,29.849006958164395,28.8356754760646,29.849006958164395,16395.0,29.95,0.0,30.34,29.31,30.34,1.0,16395.0,4
165,2016-06-16,29.671919903040198,30.8387268329144,29.416127490083,29.9473886554557,17216.0,30.16,0.0,31.346,29.9,30.44,1.0,17216.0,3
166,2016-06-15,29.957226825184804,30.2523719170586,29.6128908846655,30.045770352746896,22068.0,30.45,0.26,30.75,30.1,30.54,1.0,22068.0,2
167,2016-06-14,29.5572768740834,29.693845150069198,29.2743854452555,29.3719342138168,3336.0,30.3,0.0,30.44,30.01,30.11,1.0,3336.0,1
168,2016-06-13,29.732864657493803,30.162079239163603,29.352424460104604,29.8109036723428,9551.0,30.48,0.0,30.92,30.09,30.56,1.0,9551.0,0
169,2016-06-10,29.820658549199,30.4157060374231,29.6645805195008,29.6840902732131,4311.0,30.57,0.0,31.18,30.41,30.43,1.0,4311.0,4
170,2016-06-09,29.9962463326093,30.6400682051141,29.752374411206002,29.986491455753196,4989.0,30.75,0.0,31.41,30.5,30.74,1.0,4989.0,3
171,2016-06-08,29.9962463326093,30.2401182540127,29.606051258364,29.606051258364,7335.0,30.75,0.0,31.0,30.35,30.35,1.0,7335.0,2
172,2016-06-07,29.840168302911202,30.342544461002102,29.2646305683994,29.781639041774397,19107.0,30.59,0.0,31.105,30.0,30.53,1.0,19107.0,1
173,2016-06-06,29.781639041774397,30.903449880229697,29.1085525387012,30.532764559696698,31254.0,30.53,0.0,31.68,29.84,31.3,1.0,31254.0,0
174,2016-06-03,30.9424693876543,31.0887925404963,30.2401182540127,30.366931653142398,6207.0,31.72,0.0,31.87,31.0,31.13,1.0,6207.0,4
175,2016-06-02,30.688842589394802,31.1668315553453,29.879187810335804,30.2401182540127,13867.0,31.46,0.0,31.95,30.63,31.0,1.0,13867.0,3
176,2016-06-01,30.2401182540127,30.7278620968193,30.2108536234443,30.6400682051141,17141.0,31.0,0.0,31.5,30.97,31.41,1.0,17141.0,2
177,2016-05-31,30.9814888950788,31.4887424915977,30.2401182540127,31.4107034767487,4765.0,31.76,0.0,32.28,31.0,32.2,1.0,4765.0,1
178,2016-05-27,31.4107034767487,32.0837899798218,30.5815389439773,31.3775368954378,11892.0,32.2,0.0,32.89,31.35,32.166,1.0,11892.0,4
179,2016-05-26,31.040018156215602,31.947221703836004,30.4157060374231,31.8886924426992,31391.0,31.82,0.0,32.75,31.18,32.69,1.0,31391.0,3
180,2016-05-25,32.1423192409586,32.1423192409586,31.0204108537348,31.6643302750081,7554.0,32.95,0.0,32.95,31.7999,32.46,1.0,7554.0,2
181,2016-05-24,31.703349782432603,31.839918058418498,30.0547755937461,30.0937951011707,17768.0,32.5,0.0,32.64,30.81,30.85,1.0,17768.0,1
182,2016-05-23,30.630313328257998,30.7278620968193,29.801148795486696,29.801148795486696,19752.0,31.4,0.0,31.5,30.55,30.55,1.0,19752.0,0
183,2016-05-20,30.04502071689,30.2401182540127,29.3329147063923,29.3329147063923,5339.0,30.8,0.0,31.0,30.07,30.07,1.0,5339.0,4
184,2016-05-19,29.2743854452555,30.893695003373605,28.650073326462998,30.893695003373605,23559.0,30.01,0.0,31.67,29.37,31.67,1.0,23559.0,3
185,2016-05-18,29.9962463326093,29.9962463326093,27.5966441747692,28.0579523012957,31963.0,30.75,0.0,30.75,28.2901,28.763,1.0,31963.0,2
186,2016-05-17,27.9769868233898,28.1915941142247,27.5380173648638,27.8672444587583,2385.0,28.68,0.0,28.9,28.23,28.5675,1.0,2385.0,1
187,2016-05-16,27.6452234615127,27.6452234615127,26.7381174626609,26.777136970085397,16629.0,28.3399,0.0,28.3399,27.41,27.45,1.0,16629.0,0
188,2016-05-13,27.0014991377765,27.0210088914887,26.591794309818898,26.825911354366102,7676.0,27.68,0.0,27.7,27.26,27.5,1.0,7676.0,4
189,2016-05-12,26.591794309818898,26.9722345072081,26.591794309818898,26.8064016006538,7185.0,27.26,0.0,27.65,27.26,27.48,1.0,7185.0,3
190,2016-05-11,26.9429698766397,27.0210088914887,26.611304063531197,26.611304063531197,2647.0,27.62,0.0,27.7,27.28,27.28,1.0,2647.0,2
191,2016-05-10,26.7576272163732,26.8064016006538,26.1138053438684,26.1138053438684,1888.0,27.43,0.0,27.48,26.77,26.77,1.0,1888.0,1
192,2016-05-09,26.3186577578472,26.4357162801208,26.1638478621403,26.377187018984,6535.0,26.98,0.0,27.1,26.8213,27.04,1.0,6535.0,0
193,2016-05-06,26.2893931272788,26.6064266251031,26.143069974436802,26.152824851292895,31982.0,26.95,0.0,27.275,26.8,26.81,1.0,31982.0,4
194,2016-05-05,26.386941895840103,26.9741854825793,26.3381675115594,26.874685738646804,9883.0,27.05,0.0,27.651999999999997,27.0,27.55,1.0,9883.0,3
195,2016-05-04,26.874685738646804,26.9234601229274,25.8991980530334,26.1040504670122,28504.0,27.55,0.0,27.6,26.55,26.76,1.0,28504.0,2
196,2016-05-03,26.230863866142002,26.230863866142002,25.8504236687528,25.889443176177302,2168.0,26.89,0.0,26.89,26.5,26.54,1.0,2168.0,1
197,2016-05-02,25.9089529298896,26.0650309595877,25.869933422465,26.0228898915692,3424.0,26.56,0.0,26.72,26.52,26.6768,1.0,3424.0,0
198,2016-04-29,25.9577273141702,26.2601284967104,25.9577273141702,26.2201335016002,947.0,26.61,0.0,26.92,26.61,26.879,1.0,947.0,4
199,2016-04-28,26.1674571665771,26.240618742998098,26.1674571665771,26.230863866142002,665.0,26.825,0.0,26.9,26.825,26.89,1.0,665.0,3
200,2016-04-27,26.1115617221915,26.2601284967104,26.0942955901561,26.2601284967104,1000.0,26.7677,0.0,26.92,26.75,26.92,1.0,1000.0,2
201,2016-04-26,26.3284126347033,26.4844906644014,26.3284126347033,26.3674321421278,5331.0,26.99,0.0,27.15,26.99,27.03,1.0,5331.0,1
202,2016-04-25,26.1918443587174,26.3674321421278,26.143069974436802,26.143069974436802,3409.0,26.85,0.0,27.03,26.8,26.8,1.0,3409.0,0
203,2016-04-22,26.195941406996997,26.195941406996997,26.195941406996997,26.195941406996997,578.0,26.8542,0.0,26.8542,26.8542,26.8542,1.0,578.0,4
204,2016-04-21,26.172334605005197,26.3381675115594,25.851399156438397,26.195551211922805,3418.0,26.83,0.0,27.0,26.500999999999998,26.8538,1.0,3418.0,3
205,2016-04-20,26.0777122995007,26.0777122995007,26.0777122995007,26.0777122995007,177.0,26.733,0.0,26.733,26.733,26.733,1.0,177.0,2
206,2016-04-19,25.8602760943775,26.3674321421278,25.8602760943775,26.123560220724503,4600.0,26.5101,0.0,27.03,26.5101,26.78,1.0,4600.0,1
207,2016-04-18,26.152824851292895,26.4356187313522,26.1489229005504,26.4356187313522,2998.0,26.81,0.0,27.0999,26.805999999999997,27.0999,1.0,2998.0,0
208,2016-04-15,26.123560220724503,26.582039432962798,26.123560220724503,26.431424134304105,2193.0,26.78,0.0,27.25,26.78,27.0956,1.0,2193.0,4
209,2016-04-14,26.3186577578472,26.4357162801208,26.045521205875396,26.406451649552398,1843.0,26.98,0.0,27.1,26.7,27.07,1.0,1843.0,3
210,2016-04-13,26.3186577578472,26.4162065264085,25.9089529298896,26.188722798123496,3334.0,26.98,0.0,27.08,26.56,26.8468,1.0,3334.0,2
211,2016-04-12,26.3381675115594,26.8454211080783,25.6260615010617,25.9187078067457,41123.0,27.0,0.0,27.52,26.27,26.57,1.0,41123.0,1
212,2016-04-11,25.782139530759803,26.401574211124302,25.704100515910802,26.016256575307,6005.0,26.43,0.0,27.065,26.35,26.67,1.0,6005.0,0
213,2016-04-08,25.860178545608896,26.1820894818613,25.860178545608896,26.0065016984509,3160.0,26.51,0.0,26.84,26.51,26.66,1.0,3160.0,4
214,2016-04-07,25.9869919447386,26.796646723797696,25.8211590381844,26.796646723797696,8275.0,26.64,0.0,27.47,26.47,27.47,1.0,8275.0,3
215,2016-04-06,25.811404161328202,25.8991980530334,25.616306624205603,25.616306624205603,5046.0,26.46,0.0,26.55,26.26,26.26,1.0,5046.0,2
216,2016-04-05,25.7626297770476,25.8504236687528,25.6553261316301,25.8504236687528,3371.0,26.41,0.0,26.5,26.3,26.5,1.0,3371.0,1
217,2016-04-04,25.5870419936372,25.752874900191397,25.567532239924898,25.689468200626603,3291.0,26.23,0.0,26.4,26.21,26.335,1.0,3291.0,0
218,2016-04-01,25.5577773630688,25.782139530759803,25.411454210226804,25.7333651464792,8840.0,26.2,0.0,26.43,26.05,26.38,1.0,8840.0,4
219,2016-03-31,25.704100515910802,25.9479724373141,25.704100515910802,25.9479724373141,3772.0,26.35,0.0,26.6,26.35,26.6,1.0,3772.0,3
220,2016-03-30,25.8991980530334,26.0260114521632,25.7138553927669,25.7138553927669,4032.0,26.55,0.0,26.68,26.36,26.36,1.0,4032.0,2
221,2016-03-29,25.6553261316301,25.978212555568103,25.6553261316301,25.978212555568103,1354.0,26.3,0.0,26.631,26.3,26.631,1.0,1354.0,1
222,2016-03-28,25.8504236687528,26.201599235573603,25.8504236687528,25.8991980530334,4151.0,26.5,0.0,26.86,26.5,26.55,1.0,4151.0,0
223,2016-03-24,25.616306624205603,25.938217560458003,25.616306624205603,25.8504236687528,5618.0,26.26,0.0,26.59,26.26,26.5,1.0,5618.0,3
224,2016-03-23,25.8504236687528,26.230863866142002,25.8504236687528,25.8991980530334,11408.0,26.5,0.0,26.89,26.5,26.55,1.0,11408.0,2
225,2016-03-22,25.938217560458003,26.4786377382877,25.8406687918966,26.3186577578472,11919.0,26.59,0.0,27.144000000000002,26.49,26.98,1.0,11919.0,1
226,2016-03-21,26.143069974436802,26.825911354366102,25.9577273141702,26.825911354366102,12380.0,26.8,0.0,27.5,26.61,27.5,1.0,12380.0,0
227,2016-03-18,26.669833324668,27.0697832757694,26.0065016984509,26.767382093229298,83585.0,27.34,0.0,27.75,26.66,27.44,1.0,83585.0,4
228,2016-03-17,26.533265048682104,26.777136970085397,26.1138053438684,26.152824851292895,12969.0,27.2,0.0,27.45,26.77,26.81,1.0,12969.0,3
229,2016-03-16,26.1918443587174,26.6785151650699,26.143069974436802,26.162579728148998,12963.0,26.85,0.26,27.3489,26.8,26.82,1.0,12963.0,2
230,2016-03-15,25.9986179156432,26.568635922712303,25.902004694106,26.568635922712303,15921.0,26.91,0.0,27.5,26.81,27.5,1.0,15921.0,1
231,2016-03-14,26.4333774125603,26.5251599730205,25.621826351648302,26.0952311371803,16510.0,27.36,0.0,27.455,26.52,27.01,1.0,16510.0,0
232,2016-03-11,25.8875127108755,26.2787962581009,25.602503707340897,26.2787962581009,10193.0,26.795,0.0,27.2,26.5,27.2,1.0,10193.0,4
233,2016-03-10,25.602503707340897,26.4610087939199,25.3802932978055,25.9406499827209,12196.0,26.5,0.0,27.3886,26.27,26.85,1.0,12196.0,3
234,2016-03-09,25.7474235396466,26.496176006559402,25.621826351648302,26.085569815026602,12165.0,26.65,0.0,27.425,26.52,27.0,1.0,12165.0,2
235,2016-03-08,25.8923433719523,26.498108270990098,25.8536980833375,26.162860392256302,9376.0,26.8,0.0,27.427,26.76,27.08,1.0,9376.0,1
236,2016-03-07,26.3947321239454,26.568635922712303,25.757084861800298,25.8536980833375,11229.0,27.32,0.0,27.5,26.66,26.76,1.0,11229.0,0
237,2016-03-04,26.17252171441,26.568635922712303,26.17252171441,26.3367641910231,9335.0,27.09,0.0,27.5,27.09,27.26,1.0,9335.0,4
238,2016-03-03,26.0952311371803,26.568635922712303,26.0952311371803,26.568635922712303,2803.0,27.01,0.0,27.5,27.01,27.5,1.0,2803.0,3
239,2016-03-02,26.491345345482603,26.520329311943698,26.2787962581009,26.423716090406604,2761.0,27.42,0.0,27.45,27.2,27.35,1.0,2761.0,2
240,2016-03-01,26.4140547682528,26.568635922712303,26.2253691465908,26.2253691465908,1418.0,27.34,0.0,27.5,27.1447,27.1447,1.0,1418.0,1
241,2016-02-29,26.1145537814877,26.7618623657865,26.1145537814877,26.568635922712303,5222.0,27.03,0.0,27.7,27.03,27.5,1.0,5222.0,0
242,2016-02-26,26.539651956251102,26.7618623657865,25.8923433719523,26.489413081051804,5116.0,27.47,0.0,27.7,26.8,27.418000000000003,1.0,5116.0,4
243,2016-02-25,26.7328783993254,26.7618623657865,26.568635922712303,26.616942533480803,11366.0,27.67,0.0,27.7,27.5,27.55,1.0,11366.0,3
244,2016-02-24,26.616942533480803,26.616942533480803,25.7474235396466,26.423716090406604,31561.0,27.55,0.0,27.55,26.65,27.35,1.0,31561.0,2
245,2016-02-23,26.133876425795197,26.487287590178,26.085569815026602,26.4816840233288,2425.0,27.05,0.0,27.4158,27.0,27.41,1.0,2425.0,1
246,2016-02-22,26.085569815026602,26.085569815026602,25.844036761183702,25.844036761183702,2512.0,27.0,0.0,27.0,26.75,26.75,1.0,2512.0,0
247,2016-02-19,25.447922552881497,26.085569815026602,25.4285999085741,25.795730150415203,2249.0,26.34,0.0,27.0,26.32,26.7,1.0,2249.0,4
248,2016-02-18,25.3609706534981,25.9406499827209,25.3609706534981,25.9406499827209,1429.0,26.25,0.0,26.85,26.25,26.85,1.0,1429.0,3
249,2016-02-17,25.844036761183702,26.085473201805,25.216050821192397,25.216050821192397,1387.0,26.75,0.0,26.9999,26.1,26.1,1.0,1387.0,2
250,2016-02-16,25.641148995955803,26.085569815026602,25.4285999085741,25.602503707340897,4468.0,26.54,0.0,27.0,26.32,26.5,1.0,4468.0,1
251,2016-02-12,25.602503707340897,26.085569815026602,25.602407094119396,25.8923433719523,3388.0,26.5,0.0,27.0,26.4999,26.8,1.0,3388.0,4
252,2016-02-11,25.959972627028304,26.085569815026602,25.6508103181095,26.085569815026602,9049.0,26.87,0.0,27.0,26.55,27.0,1.0,9049.0,3
253,2016-02-10,26.211167003024897,26.315219442620396,26.075908492872895,26.315219442620396,1720.0,27.13,0.0,27.2377,26.99,27.2377,1.0,1720.0,2
254,2016-02-09,26.472022701175103,26.472022701175103,26.472022701175103,26.472022701175103,114.0,27.4,0.0,27.4,27.4,27.4,1.0,114.0,1
255,2016-02-08,26.472022701175103,26.472022701175103,26.104892459334003,26.104892459334003,3452.0,27.4,0.0,27.4,27.02,27.02,1.0,3452.0,0
256,2016-02-05,26.472022701175103,26.568635922712303,26.196481793351197,26.568635922712303,5885.0,27.4,0.0,27.5,27.1148,27.5,1.0,5885.0,4
257,2016-02-04,26.3367641910231,26.568635922712303,26.133876425795197,26.497238751996303,2552.0,27.26,0.0,27.5,27.05,27.4261,1.0,2552.0,3
258,2016-02-03,26.472022701175103,26.472022701175103,26.472022701175103,26.472022701175103,561.0,27.4,0.0,27.4,27.4,27.4,1.0,561.0,2
259,2016-02-02,26.539651956251102,26.568635922712303,26.3816893390379,26.3816893390379,1038.0,27.47,0.0,27.5,27.3065,27.3065,1.0,1038.0,1
260,2016-02-01,26.568635922712303,26.568635922712303,26.127016887066002,26.447096490018502,1628.0,27.5,0.0,27.5,27.0429,27.3742,1.0,1628.0,0
261,2016-01-29,26.240150969486,26.240150969486,26.240150969486,26.240150969486,352.0,27.16,0.0,27.16,27.16,27.16,1.0,352.0,4
262,2016-01-28,26.771523687940196,26.8101689765551,26.231745619212305,26.231745619212305,3154.0,27.71,0.0,27.75,27.1513,27.1513,1.0,3154.0,3
263,2016-01-27,26.8101689765551,26.8101689765551,26.8101689765551,26.8101689765551,264.0,27.75,0.0,27.75,27.75,27.75,1.0,264.0,2
264,2016-01-26,27.080685996859103,27.080685996859103,26.8101689765551,26.8101689765551,739.0,28.03,0.0,28.03,27.75,27.75,1.0,739.0,1
265,2016-01-25,26.6555878220957,26.8101689765551,26.133876425795197,26.5010066676363,2013.0,27.59,0.0,27.75,27.05,27.43,1.0,2013.0,0
266,2016-01-22,26.848814265169896,26.9067821980922,26.4649699360029,26.4649699360029,2245.0,27.79,0.0,27.85,27.3927,27.3927,1.0,2245.0,4
267,2016-01-21,26.7328783993254,26.7328783993254,26.7328783993254,26.7328783993254,202.0,27.67,0.0,27.67,27.67,27.67,1.0,202.0,3
268,2016-01-20,26.7908463322477,26.8874595537848,26.3271028688694,26.472022701175103,5666.0,27.73,0.0,27.83,27.25,27.4,1.0,5666.0,2
269,2016-01-19,26.8294916208625,26.9067821980922,26.423716090406604,26.423716090406604,1384.0,27.77,0.0,27.85,27.35,27.35,1.0,1384.0,1
270,2016-01-15,26.3657481574843,26.9067821980922,25.4190351996419,25.702788231296395,1086.0,27.29,0.0,27.85,26.3101,26.6038,1.0,1086.0,4
271,2016-01-14,27.032379386090497,27.032379386090497,26.723217077171697,26.7328783993254,2400.0,27.98,0.0,27.98,27.66,27.67,1.0,2400.0,3
272,2016-01-13,27.080685996859103,27.080685996859103,25.932920924997898,25.932920924997898,1484.0,28.03,0.0,28.03,26.842,26.842,1.0,1484.0,2
273,2016-01-12,27.080685996859103,27.080685996859103,26.0082792377969,26.0082792377969,305.0,28.03,0.0,28.03,26.92,26.92,1.0,305.0,1
274,2016-01-11,26.8391529430162,26.9067821980922,26.104892459334003,26.520329311943698,12078.0,27.78,0.0,27.85,27.02,27.45,1.0,12078.0,0
275,2016-01-08,26.7425397214791,26.9066855848707,26.644187461954303,26.644187461954303,1063.0,27.68,0.0,27.8499,27.5782,27.5782,1.0,1063.0,4
276,2016-01-07,26.877798231631104,26.877798231631104,26.3271028688694,26.3304843316232,1825.0,27.82,0.0,27.82,27.25,27.2535,1.0,1825.0,3
277,2016-01-06,26.665249144249398,27.0033954196294,26.645926499942004,27.0033954196294,3522.0,27.6,0.0,27.95,27.58,27.95,1.0,3522.0,2
278,2016-01-05,27.051702030397898,27.051702030397898,26.8101689765551,27.0033954196294,1228.0,28.0,0.0,28.0,27.75,27.95,1.0,1228.0,1
279,2016-01-04,26.8101689765551,27.051702030397898,26.5687325359338,26.848814265169896,1707.0,27.75,0.0,28.0,27.5001,27.79,1.0,1707.0,0
