,Unnamed: 0,adj_close,adj_high,adj_low,adj_open,adj_volume,close,ex_dividend,high,low,open,split_ratio,volume,Day of Week
0,2017-02-10,10.79,10.886,10.68,10.75,163252.0,10.79,0.0,10.886,10.68,10.75,1.0,163252.0,4
1,2017-02-09,10.68,10.81,10.66,10.71,161422.0,10.68,0.0,10.81,10.66,10.71,1.0,161422.0,3
2,2017-02-08,10.71,10.9,10.53,10.9,235796.0,10.71,0.0,10.9,10.53,10.9,1.0,235796.0,2
3,2017-02-07,10.92,11.15,10.86,11.06,199503.0,10.92,0.0,11.15,10.86,11.06,1.0,199503.0,1
4,2017-02-06,11.07,11.09,10.85,11.05,156335.0,11.07,0.0,11.09,10.85,11.05,1.0,156335.0,0
5,2017-02-03,11.09,11.12,10.71,10.9,166430.0,11.09,0.0,11.12,10.71,10.9,1.0,166430.0,4
6,2017-02-02,10.81,10.89,10.68,10.79,192273.0,10.81,0.0,10.89,10.68,10.79,1.0,192273.0,3
7,2017-02-01,10.85,10.9,10.72,10.83,155234.0,10.85,0.0,10.9,10.72,10.83,1.0,155234.0,2
8,2017-01-31,10.73,10.73,10.54,10.61,138074.0,10.73,0.0,10.73,10.54,10.61,1.0,138074.0,1
9,2017-01-30,10.66,10.78,10.54,10.78,129179.0,10.66,0.0,10.78,10.54,10.78,1.0,129179.0,0
10,2017-01-27,10.84,11.0,10.675,10.94,120720.0,10.84,0.0,11.0,10.675,10.94,1.0,120720.0,4
11,2017-01-26,10.92,11.2,10.82,11.05,182052.0,10.92,0.0,11.2,10.82,11.05,1.0,182052.0,3
12,2017-01-25,11.0,11.1135,10.86,11.02,156097.0,11.0,0.0,11.1135,10.86,11.02,1.0,156097.0,2
13,2017-01-24,10.87,11.02,10.63,10.67,146165.0,10.87,0.0,11.02,10.63,10.67,1.0,146165.0,1
14,2017-01-23,10.65,10.93,10.51,10.82,157865.0,10.65,0.0,10.93,10.51,10.82,1.0,157865.0,0
15,2017-01-20,10.84,11.34,10.8,10.94,259093.0,10.84,0.0,11.34,10.8,10.94,1.0,259093.0,4
16,2017-01-19,10.86,10.98,10.72,10.84,150381.0,10.86,0.0,10.98,10.72,10.84,1.0,150381.0,3
17,2017-01-18,10.78,10.94,10.66,10.93,233929.0,10.78,0.0,10.94,10.66,10.93,1.0,233929.0,2
18,2017-01-17,10.93,11.36,10.9,11.36,277617.0,10.93,0.0,11.36,10.9,11.36,1.0,277617.0,1
19,2017-01-13,11.37,11.56,11.11,11.27,186930.0,11.37,0.1,11.56,11.11,11.27,1.0,186930.0,4
20,2017-01-12,11.231220575414099,11.518692240627699,11.132092414995599,11.498866608543999,241235.0,11.33,0.0,11.62,11.23,11.6,1.0,241235.0,3
21,2017-01-11,11.5385178727114,11.6673844812554,11.3204359197908,11.469128160418501,180037.0,11.64,0.0,11.77,11.42,11.57,1.0,180037.0,2
22,2017-01-10,11.469128160418501,11.6673844812554,11.37,11.5385178727114,217580.0,11.57,0.0,11.77,11.47,11.64,1.0,217580.0,1
23,2017-01-09,11.479040976460302,11.8557279860506,11.449302528334801,11.8458151700087,236593.0,11.58,0.0,11.96,11.55,11.95,1.0,236593.0,0
24,2017-01-06,11.835902353966901,11.9845945945946,11.647558849171801,11.9845945945946,189005.0,11.94,0.0,12.09,11.75,12.09,1.0,189005.0,4
25,2017-01-05,11.9647689625109,12.291891891891902,11.9152048823017,12.291891891891902,142636.0,12.07,0.0,12.4,12.02,12.4,1.0,142636.0,3
26,2017-01-04,12.3414559721011,12.351368788143,11.7863382737576,11.7863382737576,229498.0,12.45,0.0,12.46,11.89,11.89,1.0,229498.0,2
27,2017-01-03,11.7665126416739,12.083722755013099,11.5087794245859,11.9251176983435,201705.0,11.87,0.0,12.19,11.61,12.03,1.0,201705.0,1
28,2016-12-30,11.746687009590199,12.024245858761999,11.607907585004401,11.9845945945946,273032.0,11.85,0.0,12.13,11.71,12.09,1.0,273032.0,4
29,2016-12-29,11.9845945945946,12.0044202266783,11.697122929381,11.697122929381,205604.0,12.09,0.0,12.11,11.8,11.8,1.0,205604.0,3
30,2016-12-28,11.697122929381,11.7764254577158,11.488953792502198,11.5583435047951,233786.0,11.8,0.0,11.88,11.59,11.66,1.0,233786.0,2
31,2016-12-27,11.5484306887533,11.821033129904098,11.5385178727114,11.617820401046199,146068.0,11.65,0.0,11.925,11.64,11.72,1.0,146068.0,1
32,2016-12-23,11.5880819529207,11.607907585004401,11.4195640802092,11.5087794245859,111536.0,11.69,0.0,11.71,11.52,11.61,1.0,111536.0,4
33,2016-12-22,11.5583435047951,11.875553618134301,11.4096512641674,11.8656408020924,216859.0,11.66,0.0,11.98,11.51,11.97,1.0,216859.0,3
34,2016-12-21,11.875553618134301,12.5000610287707,11.8458151700087,12.430671316477802,263949.0,11.98,0.0,12.61,11.95,12.54,1.0,263949.0,2
35,2016-12-20,12.3711944202267,12.6582695727986,11.955550043592,11.9647689625109,401383.0,12.48,0.0,12.7696,12.0607,12.07,1.0,401383.0,1
36,2016-12-19,11.885466434176099,11.944943330427199,11.3898256320837,11.3898256320837,435565.0,11.99,0.0,12.05,11.49,11.49,1.0,435565.0,0
37,2016-12-16,11.4096512641674,11.479040976460302,11.2807846556234,11.3799128160418,1229864.0,11.51,0.0,11.58,11.38,11.48,1.0,1229864.0,4
38,2016-12-15,11.330348735832601,11.330348735832601,11.0032258064516,11.1221795989538,301449.0,11.43,0.0,11.43,11.1,11.22,1.0,301449.0,3
39,2016-12-14,11.1221795989538,11.4592153443766,11.092441150828199,11.330348735832601,260107.0,11.22,0.0,11.56,11.19,11.43,1.0,260107.0,2
40,2016-12-13,11.3799128160418,11.5385178727114,11.023051438535301,11.4096512641674,353968.0,11.48,0.0,11.64,11.12,11.51,1.0,353968.0,1
41,2016-12-12,11.310523103748901,11.746687009590199,10.9040976460331,10.9834001743679,523316.0,11.41,0.0,11.85,11.0,11.08,1.0,523316.0,0
42,2016-12-09,10.9834001743679,11.0627027027027,10.3331194420227,10.4679337401918,742868.0,11.08,0.0,11.16,10.424000000000001,10.56,1.0,742868.0,4
43,2016-12-08,10.45802092415,11.647558849171801,9.56586748038361,11.488953792502198,2697108.0,10.55,0.0,11.75,9.65,11.59,1.0,2697108.0,3
44,2016-12-07,12.6388404533566,12.698317349607699,11.885466434176099,11.885466434176099,461193.0,12.75,0.0,12.81,11.99,11.99,1.0,461193.0,2
45,2016-12-06,11.875553618134301,11.9152048823017,11.6723408892764,11.716948561464699,228449.0,11.98,0.0,12.02,11.775,11.82,1.0,228449.0,1
46,2016-12-05,11.6772972972973,11.825989537925,11.4592153443766,11.568256320837,277861.0,11.78,0.0,11.93,11.56,11.67,1.0,277861.0,0
47,2016-12-02,11.449302528334801,11.746687009590199,11.3799128160418,11.5087794245859,167394.0,11.55,0.0,11.85,11.48,11.61,1.0,167394.0,4
48,2016-12-01,11.5781691368788,11.617820401046199,11.2659154315606,11.449302528334801,255800.0,11.68,0.0,11.72,11.365,11.55,1.0,255800.0,3
49,2016-11-30,11.3997384481255,11.5781691368788,11.3204359197908,11.4195640802092,229790.0,11.5,0.0,11.68,11.42,11.52,1.0,229790.0,2
50,2016-11-29,11.3006102877071,11.518692240627699,11.176700087184,11.469128160418501,184714.0,11.4,0.0,11.62,11.275,11.57,1.0,184714.0,1
51,2016-11-28,11.449302528334801,11.5583435047951,11.2113949433304,11.4195640802092,256984.0,11.55,0.0,11.66,11.31,11.52,1.0,256984.0,0
52,2016-11-25,11.469128160418501,11.6227768090671,11.3799128160418,11.568256320837,102400.0,11.57,0.0,11.725,11.48,11.67,1.0,102400.0,4
53,2016-11-23,11.5286050566696,11.5979947689625,11.3204359197908,11.5087794245859,173705.0,11.63,0.0,11.7,11.42,11.61,1.0,173705.0,2
54,2016-11-22,11.469128160418501,11.825989537925,11.3353051438535,11.4096512641674,282188.0,11.57,0.0,11.93,11.435,11.51,1.0,282188.0,1
55,2016-11-21,11.37,11.5880819529207,11.231220575414099,11.350174367916301,191722.0,11.47,0.0,11.69,11.33,11.45,1.0,191722.0,0
56,2016-11-18,11.3006102877071,11.3006102877071,11.032964254577198,11.1915693112467,227914.0,11.4,0.0,11.4,11.13,11.29,1.0,227914.0,4
57,2016-11-17,11.132092414995599,11.260959023539698,10.874458326068002,10.993312990409802,250698.0,11.23,0.0,11.36,10.9701,11.09,1.0,250698.0,3
58,2016-11-16,10.9040976460331,11.0527898866609,10.715754141238,11.032964254577198,247841.0,11.0,0.0,11.15,10.81,11.13,1.0,247841.0,2
59,2016-11-15,11.0527898866609,11.330348735832601,10.9040976460331,11.102353966870101,186891.0,11.15,0.0,11.43,11.0,11.2,1.0,186891.0,1
60,2016-11-14,11.092441150828199,11.3799128160418,10.7852429816914,10.9040976460331,309189.0,11.19,0.0,11.48,10.8801,11.0,1.0,309189.0,0
61,2016-11-11,10.785143853531,10.854533565823901,10.45802092415,10.5472362685266,386263.0,10.88,0.0,10.95,10.55,10.64,1.0,386263.0,4
62,2016-11-10,10.5373234524847,10.785143853531,10.259764603313,10.5670619006103,294306.0,10.63,0.0,10.88,10.35,10.66,1.0,294306.0,3
63,2016-11-09,10.3291543156059,10.3588927637315,9.437000871839581,9.437000871839581,373190.0,10.42,0.0,10.45,9.52,9.52,1.0,373190.0,2
64,2016-11-08,9.53612903225806,9.6451700087184,9.514320836966,9.6451700087184,274379.0,9.62,0.0,9.73,9.597999999999999,9.73,1.0,274379.0,1
65,2016-11-07,9.65508282476024,9.90290322580645,9.53622816041848,9.66499564080209,215440.0,9.74,0.0,9.99,9.6201,9.75,1.0,215440.0,0
66,2016-11-04,9.437000871839581,9.65508282476024,9.437000871839581,9.50639058413252,269763.0,9.52,0.0,9.74,9.52,9.59,1.0,269763.0,4
67,2016-11-03,9.50639058413252,9.684821272885788,9.48656495204882,9.635257192676551,251220.0,9.59,0.0,9.77,9.57,9.72,1.0,251220.0,3
68,2016-11-02,9.57578029642546,10.0515954664342,9.55595466434176,9.942554489973839,322389.0,9.66,0.0,10.14,9.64,10.03,1.0,322389.0,2
69,2016-11-01,9.942554489973839,10.497672188317301,9.932641673932,10.3291543156059,328914.0,10.03,0.0,10.59,10.02,10.42,1.0,328914.0,1
70,2016-10-31,10.3093286835222,10.3489799476896,9.75421098517873,9.922728857890151,851227.0,10.4,0.0,10.44,9.84,10.01,1.0,851227.0,0
71,2016-10-28,9.90290322580645,10.1606364428945,9.79386224934612,10.1408108108108,425175.0,9.99,0.0,10.25,9.88,10.23,1.0,425175.0,4
72,2016-10-27,10.1110723626853,10.497672188317301,10.1011595466434,10.477846556233699,154037.0,10.2,0.0,10.59,10.19,10.57,1.0,154037.0,3
73,2016-10-26,10.45802092415,10.6215823888405,10.3390671316478,10.4877593722755,406494.0,10.55,0.0,10.715,10.43,10.58,1.0,406494.0,2
74,2016-10-25,10.4877593722755,10.497672188317301,10.1903748910201,10.259764603313,229654.0,10.58,0.0,10.59,10.28,10.35,1.0,229654.0,1
75,2016-10-24,10.269677419354801,10.6067131647777,10.2002877070619,10.4084568439407,189549.0,10.36,0.0,10.7,10.29,10.5,1.0,189549.0,0
76,2016-10-21,10.2399389712293,10.274633827375801,10.0218570183086,10.1903748910201,209296.0,10.33,0.0,10.365,10.11,10.28,1.0,209296.0,4
77,2016-10-20,10.259764603313,10.4481081081081,10.150723626852699,10.2895030514385,322259.0,10.35,0.0,10.54,10.24,10.38,1.0,322259.0,3
78,2016-10-19,10.3588927637315,10.517497820401,10.2895030514385,10.4282824760244,1337073.0,10.45,0.3,10.61,10.38,10.52,1.0,1337073.0,2
79,2016-10-18,10.484163094827801,10.5997972466089,10.291439508525801,10.493799274142901,292770.0,10.88,0.0,11.0,10.68,10.89,1.0,292770.0,1
80,2016-10-17,10.3010756878409,10.522611450295,10.2239862533201,10.3203480464711,212060.0,10.69,0.0,10.9199,10.61,10.71,1.0,212060.0,0
81,2016-10-14,10.3588927637315,10.6672505018146,10.2818033292107,10.435982198252301,235117.0,10.75,0.0,11.07,10.67,10.83,1.0,235117.0,4
82,2016-10-13,10.3396204051013,10.609433425924,10.291439508525801,10.5612525293486,365311.0,10.73,0.0,11.01,10.68,10.96,1.0,365311.0,3
83,2016-10-12,10.676886681129698,11.1779680055149,10.5419801707184,10.8792464467468,350495.0,11.08,0.0,11.6,10.94,11.29,1.0,350495.0,2
84,2016-10-11,10.9563358812676,11.380327771132,10.8696102674317,11.2068765434602,323377.0,11.37,0.0,11.81,11.28,11.63,1.0,323377.0,1
85,2016-10-10,11.283965977981,11.5152342815434,11.1972403641451,11.2936021572961,339200.0,11.71,0.0,11.95,11.62,11.72,1.0,339200.0,0
86,2016-10-07,11.2936021572961,13.336472172097098,11.158695646884699,12.6233949027797,1324625.0,11.72,0.0,13.84,11.58,13.1,1.0,1324625.0,4
87,2016-10-06,12.199403012915402,12.3246733440117,11.871772916202,12.160858295655,489054.0,12.66,0.0,12.79,12.32,12.62,1.0,489054.0,3
88,2016-10-05,12.1704944749701,12.189766833600302,11.707957867845302,11.707957867845302,224157.0,12.63,0.0,12.65,12.15,12.15,1.0,224157.0,2
89,2016-10-04,11.707957867845302,12.131949757709698,11.659776971269801,12.0355879645587,250305.0,12.15,0.0,12.59,12.1,12.49,1.0,250305.0,1
90,2016-10-03,12.0355879645587,12.2909467164088,11.900681454147302,12.286128626751301,286680.0,12.49,0.0,12.755,12.35,12.75,1.0,286680.0,0
91,2016-09-30,12.3439457026419,12.7197566959307,12.0043667435778,12.6619396200401,523324.0,12.81,0.0,13.2,12.4576,13.14,1.0,523324.0,4
92,2016-09-29,12.652303440725,12.8064823097666,12.6233949027797,12.7197566959307,133020.0,13.13,0.0,13.29,13.1,13.2,1.0,133020.0,3
93,2016-09-28,12.7293928752458,12.8064823097666,12.478852213053301,12.478852213053301,130706.0,13.21,0.0,13.29,12.95,12.95,1.0,130706.0,2
94,2016-09-27,12.5655778268892,12.5848501855194,12.4884883923684,12.5559416475741,112927.0,13.04,0.0,13.06,12.96,13.03,1.0,112927.0,1
95,2016-09-26,12.6137587234646,12.758301413191099,12.527033109628801,12.5944863648345,193053.0,13.09,0.0,13.24,13.0,13.07,1.0,193053.0,0
96,2016-09-23,12.7390290545609,13.047386792644101,12.7197566959307,13.008842075383699,208385.0,13.22,0.0,13.54,13.2,13.5,1.0,208385.0,4
97,2016-09-22,13.008842075383699,13.0762953305894,12.873935564972301,13.047386792644101,287792.0,13.5,0.0,13.57,13.36,13.54,1.0,287792.0,3
98,2016-09-21,12.8932079236025,12.9510249994931,12.6715757993552,12.7775737718213,168956.0,13.38,0.0,13.44,13.15,13.26,1.0,168956.0,2
99,2016-09-20,12.7872099511364,12.9124802822327,12.7101205166156,12.9124802822327,141789.0,13.27,0.0,13.4,13.19,13.4,1.0,141789.0,1
100,2016-09-19,12.864299385657198,13.047386792644101,12.695666247643,12.7197566959307,215120.0,13.35,0.0,13.54,13.175,13.2,1.0,215120.0,0
101,2016-09-16,12.7101205166156,12.758301413191099,12.372854240587198,12.652303440725,487021.0,13.19,0.0,13.24,12.84,13.13,1.0,487021.0,4
102,2016-09-15,12.6715757993552,12.676393889012802,12.228311550860699,12.2764924474362,205220.0,13.15,0.0,13.155,12.69,12.74,1.0,205220.0,3
103,2016-09-14,12.3439457026419,12.3439457026419,11.891045274832198,12.3343095233268,253144.0,12.81,0.0,12.81,12.34,12.8,1.0,253144.0,2
104,2016-09-13,12.3246733440117,12.4210351371627,12.1704944749701,12.295764806066401,189503.0,12.79,0.0,12.89,12.63,12.76,1.0,189503.0,1
105,2016-09-12,12.4595798544231,12.469216033738197,12.054860323188901,12.218675371545599,156210.0,12.93,0.0,12.94,12.51,12.68,1.0,156210.0,0
106,2016-09-09,12.286128626751301,12.767937592506199,12.2668562681211,12.604122544149599,214246.0,12.75,0.0,13.25,12.73,13.08,1.0,214246.0,4
107,2016-09-08,12.758301413191099,12.864299385657198,12.6426672614099,12.6426672614099,161736.0,13.24,0.0,13.35,13.12,13.12,1.0,161736.0,3
108,2016-09-07,12.6426672614099,12.652303440725,12.430671316477802,12.4595798544231,195095.0,13.12,0.0,13.13,12.9,12.93,1.0,195095.0,2
109,2016-09-06,12.4595798544231,12.4884883923684,12.3246733440117,12.4403074957929,86312.0,12.93,0.0,12.96,12.79,12.91,1.0,86312.0,1
110,2016-09-02,12.4017627785325,12.4981245716835,12.218675371545599,12.3343095233268,103294.0,12.87,0.0,12.97,12.68,12.8,1.0,103294.0,4
111,2016-09-01,12.257220088806,12.4802976399505,12.189766833600302,12.372854240587198,147523.0,12.72,0.0,12.9515,12.65,12.84,1.0,147523.0,3
112,2016-08-31,12.4210351371627,12.652303440725,12.1704944749701,12.6137587234646,197346.0,12.89,0.0,13.13,12.63,13.09,1.0,197346.0,2
113,2016-08-30,12.652303440725,12.7197566959307,12.2668562681211,12.4210351371627,165188.0,13.13,0.0,13.2,12.73,12.89,1.0,165188.0,1
114,2016-08-29,12.478852213053301,12.4981245716835,12.0837688611342,12.0934050404493,154269.0,12.95,0.0,12.97,12.54,12.55,1.0,154269.0,0
115,2016-08-26,12.025951785243599,12.363218061272098,11.891045274832198,12.3150371646966,225067.0,12.48,0.0,12.83,12.34,12.78,1.0,225067.0,4
116,2016-08-25,12.3150371646966,12.6233949027797,12.218675371545599,12.372854240587198,237157.0,12.78,0.0,13.1,12.68,12.84,1.0,237157.0,3
117,2016-08-24,12.449943675107999,12.700484337300502,12.2668562681211,12.4595798544231,248948.0,12.92,0.0,13.18,12.73,12.93,1.0,248948.0,2
118,2016-08-23,12.6426672614099,12.767937592506199,12.469216033738197,12.478852213053301,267603.0,13.12,0.0,13.25,12.94,12.95,1.0,267603.0,1
119,2016-08-22,12.363218061272098,12.5173969303137,12.257220088806,12.372854240587198,118361.0,12.83,0.0,12.99,12.72,12.84,1.0,118361.0,0
120,2016-08-19,12.372854240587198,12.5848501855194,12.3343095233268,12.527033109628801,215536.0,12.84,0.0,13.06,12.8,13.0,1.0,215536.0,4
121,2016-08-18,12.5559416475741,12.6667577096977,12.474034123395699,12.5848501855194,167192.0,13.03,0.0,13.145,12.945,13.06,1.0,167192.0,3
122,2016-08-17,12.546305468259002,12.7101205166156,12.4320203815819,12.7101205166156,163407.0,13.02,0.0,13.19,12.9014,13.19,1.0,163407.0,2
123,2016-08-16,12.700484337300502,12.9702973581233,12.633031082094801,12.825754668396803,237974.0,13.18,0.0,13.46,13.11,13.31,1.0,237974.0,1
124,2016-08-15,12.873935564972301,12.931752640862902,12.4981245716835,12.864299385657198,545532.0,13.36,0.0,13.42,12.97,13.35,1.0,545532.0,0
125,2016-08-12,12.7775737718213,12.825754668396803,12.5655778268892,12.8064823097666,251228.0,13.26,0.0,13.31,13.04,13.29,1.0,251228.0,4
126,2016-08-11,12.816118489081699,12.989569716753499,12.758301413191099,12.8546632063421,151574.0,13.3,0.0,13.48,13.24,13.34,1.0,151574.0,3
127,2016-08-10,12.816118489081699,12.989569716753499,12.6233949027797,12.6233949027797,295943.0,13.3,0.0,13.48,13.1,13.1,1.0,295943.0,2
128,2016-08-09,12.6715757993552,12.9028441029176,12.6233949027797,12.7293928752458,174962.0,13.15,0.0,13.39,13.1,13.21,1.0,174962.0,1
129,2016-08-08,12.6715757993552,12.999205896068599,12.633031082094801,12.7775737718213,152117.0,13.15,0.0,13.49,13.11,13.26,1.0,152117.0,0
130,2016-08-05,12.7101205166156,12.7872099511364,12.286128626751301,12.372854240587198,213887.0,13.19,0.0,13.27,12.75,12.84,1.0,213887.0,4
131,2016-08-04,12.372854240587198,12.7293928752458,12.3343095233268,12.449943675107999,205204.0,12.84,0.0,13.21,12.8,12.92,1.0,205204.0,3
132,2016-08-03,12.4017627785325,12.4884883923684,12.2427658198333,12.3439457026419,265366.0,12.87,0.0,12.96,12.705,12.81,1.0,265366.0,2
133,2016-08-02,12.3439457026419,12.9336798767259,12.2909467164088,12.7872099511364,325887.0,12.81,0.0,13.422,12.755,13.27,1.0,325887.0,1
134,2016-08-01,12.941388820178,13.0281144340139,12.6715757993552,12.7197566959307,531171.0,13.43,0.0,13.52,13.15,13.2,1.0,531171.0,0
135,2016-07-29,12.5944863648345,13.2882912755216,12.5944863648345,13.240110378946099,1374531.0,13.07,0.0,13.79,13.07,13.74,1.0,1374531.0,4
136,2016-07-28,13.201565661685699,13.3363758103039,13.105203868534698,13.259382737576301,219607.0,13.7,0.0,13.8399,13.6,13.76,1.0,219607.0,3
137,2016-07-27,13.240110378946099,13.249746558261199,12.9510249994931,13.047386792644101,341547.0,13.74,0.0,13.75,13.44,13.54,1.0,341547.0,2
138,2016-07-26,13.0955676892196,13.1967475720281,12.955843089150699,12.9799335374384,251339.0,13.59,0.0,13.695,13.445,13.47,1.0,251339.0,1
139,2016-07-25,13.037750613329,13.3171998134669,12.8835717442874,13.3075636341518,288200.0,13.53,0.0,13.82,13.37,13.81,1.0,288200.0,0
140,2016-07-22,13.2208380203159,13.4906510411387,13.163020944425302,13.163020944425302,330338.0,13.72,0.0,14.0,13.66,13.66,1.0,330338.0,4
141,2016-07-21,13.0184782546988,13.201565661685699,12.8835717442874,12.9606611788082,330616.0,13.51,0.0,13.7,13.37,13.45,1.0,330616.0,3
142,2016-07-20,12.9606611788082,13.047386792644101,12.5944863648345,12.6619396200401,313015.0,13.45,0.0,13.54,13.07,13.14,1.0,313015.0,2
143,2016-07-19,12.6619396200401,12.7872099511364,12.546305468259002,12.681211978670301,189631.0,13.14,0.0,13.27,13.02,13.16,1.0,189631.0,1
144,2016-07-18,12.767937592506199,12.845027027027,12.633031082094801,12.7872099511364,179483.0,13.25,0.0,13.33,13.11,13.27,1.0,179483.0,0
145,2016-07-15,12.816118489081699,12.8353908477119,12.430671316477802,12.604122544149599,330301.0,13.3,0.0,13.32,12.9,13.08,1.0,330301.0,4
146,2016-07-14,12.5944863648345,12.7968461304515,12.4403074957929,12.7968461304515,513654.0,13.07,0.3,13.28,12.91,13.28,1.0,513654.0,3
147,2016-07-13,12.792305522397301,13.046550239665,12.6227462444863,12.905345041004601,550191.0,13.58,0.0,13.8499,13.4,13.7,1.0,550191.0,2
148,2016-07-12,12.8205654020491,12.9995446398441,12.5285466456468,12.6604260840221,396503.0,13.61,0.0,13.8,13.3,13.44,1.0,396503.0,1
149,2016-07-11,12.613326284602302,12.665136063963999,12.3495674078519,12.537966605530801,475933.0,13.39,0.0,13.445,13.11,13.31,1.0,475933.0,0
150,2016-07-08,12.3589873677358,12.443767006691301,12.1705881700569,12.3024676084322,343163.0,13.12,0.0,13.21,12.92,13.06,1.0,343163.0,4
151,2016-07-07,12.1046484508693,12.2176879694767,11.7091043353425,11.7561099351633,455319.0,12.85,0.0,12.97,12.4301,12.48,1.0,455319.0,3
152,2016-07-06,11.709010135743599,11.7372700153955,11.3416317002698,11.661910336323901,318664.0,12.43,0.0,12.46,12.04,12.38,1.0,318664.0,2
153,2016-07-05,11.595970617136299,12.0481286915656,11.4075714194574,12.010448852029901,384971.0,12.31,0.0,12.79,12.11,12.75,1.0,384971.0,1
154,2016-07-01,12.1046484508693,12.2082680095927,11.8503095340028,12.076388571217501,392041.0,12.85,0.0,12.96,12.58,12.82,1.0,392041.0,4
155,2016-06-30,12.0952284909854,12.1046484508693,11.539450857832598,11.7372700153955,537338.0,12.84,0.0,12.85,12.25,12.46,1.0,537338.0,3
156,2016-06-29,11.6713302962078,11.718430095627598,10.9742532647959,11.1909123421266,592974.0,12.39,0.0,12.44,11.65,11.88,1.0,592974.0,2
157,2016-06-28,11.0590329037514,11.2851119409661,10.9177335054922,10.927153465376199,520641.0,11.74,0.0,11.98,11.59,11.6,1.0,520641.0,1
158,2016-06-27,10.6822345083936,11.600680597078302,10.5880349095542,11.4923510584129,1322073.0,11.34,0.0,12.315,11.24,12.2,1.0,1322073.0,0
159,2016-06-24,11.5865506572523,12.2647877688964,11.5488708177166,12.2271079293606,1548176.0,12.3,0.0,13.02,12.26,12.98,1.0,1548176.0,4
160,2016-06-23,12.7452057229776,12.961864800308302,12.707525883441802,12.961864800308302,893542.0,13.53,0.0,13.76,13.49,13.76,1.0,893542.0,3
161,2016-06-22,12.811145442165198,13.1784296780402,12.792305522397301,13.018384559612,697534.0,13.6,0.0,13.9899,13.58,13.82,1.0,697534.0,2
162,2016-06-21,13.046644439263801,13.131424078219302,12.895925081120698,13.046644439263801,777127.0,13.85,0.0,13.94,13.69,13.85,1.0,777127.0,1
163,2016-06-20,13.056064399147802,13.3198232758982,13.018384559612,13.235043636942699,1645915.0,13.86,0.0,14.14,13.82,14.05,1.0,1645915.0,0
164,2016-06-17,13.0278045194959,13.2821434363624,12.9524448404244,13.187943837523001,6467615.0,13.83,0.0,14.1,13.75,14.0,1.0,6467615.0,4
165,2016-06-16,15.1755553730354,15.467574129437699,14.8081769375615,15.1755553730354,370567.0,16.11,0.0,16.42,15.72,16.11,1.0,370567.0,3
166,2016-06-15,15.4864140492056,16.1646511608496,15.2603350119909,15.8632124445634,359293.0,16.44,0.0,17.16,16.2,16.84,1.0,359293.0,2
167,2016-06-14,15.957412043402801,17.092517209418197,15.8913781246164,16.955927791101,472021.0,16.94,0.0,18.145,16.8699,18.0,1.0,472021.0,1
168,2016-06-13,16.955927791101,17.662424782396897,16.748688673654197,17.615324982977103,534473.0,18.0,0.0,18.75,17.78,18.7,1.0,534473.0,0
169,2016-06-10,18.8775996074258,19.3014978022033,18.6044207707914,19.1225185644083,226399.0,20.04,0.0,20.49,19.75,20.3,1.0,226399.0,4
170,2016-06-09,19.1225185644083,21.420988776090898,18.6233548901581,21.420988776090898,354635.0,20.3,0.0,22.74,19.7701,22.74,1.0,354635.0,3
171,2016-06-08,21.1383899795726,21.5434482545822,21.072450260384898,21.4963484551625,155478.0,22.44,0.0,22.87,22.37,22.82,1.0,155478.0,2
172,2016-06-07,21.430408735974897,21.8354670109845,21.2796893778317,21.769527291796898,94281.0,22.75,0.0,23.18,22.59,23.11,1.0,94281.0,1
173,2016-06-06,21.8354670109845,21.9485065295918,21.694167612725302,21.807207131332603,101481.0,23.18,0.0,23.3,23.03,23.15,1.0,101481.0,0
174,2016-06-03,21.8919867702882,22.5796438418161,21.5905480540019,21.8919867702882,85877.0,23.24,0.0,23.97,22.92,23.24,1.0,85877.0,4
175,2016-06-02,21.9014067301721,22.0615460481992,21.4963484551625,21.9296666098239,93143.0,23.25,0.0,23.42,22.82,23.28,1.0,93143.0,3
176,2016-06-01,21.92024664994,21.9296666098239,21.383308936555103,21.8731468505203,82696.0,23.27,0.0,23.28,22.7,23.22,1.0,82696.0,2
177,2016-05-31,21.7035875726093,22.0992258877349,21.5622881743501,22.0992258877349,66712.0,23.04,0.0,23.46,22.89,23.46,1.0,66712.0,1
178,2016-05-27,21.9390865697079,22.174585566806503,21.807207131332603,21.9485065295918,44475.0,23.29,0.0,23.54,23.15,23.3,1.0,44475.0,4
179,2016-05-26,21.9579264894758,22.089805927851,21.694167612725302,21.844886970868398,45845.0,23.31,0.0,23.45,23.03,23.19,1.0,45845.0,3
180,2016-05-25,21.844886970868398,22.2311053261102,21.807207131332603,22.2311053261102,38227.0,23.19,0.0,23.6,23.15,23.6,1.0,38227.0,2
181,2016-05-24,22.1086458476189,22.174585566806503,21.4963484551625,21.581128094118,48463.0,23.47,0.0,23.54,22.82,22.91,1.0,48463.0,1
182,2016-05-23,21.477508535394602,22.381824684253303,21.477508535394602,21.665907733073503,49220.0,22.8,0.0,23.76,22.8,23.0,1.0,49220.0,0
183,2016-05-20,21.581128094118,21.8354670109845,21.402148856323,21.402148856323,47173.0,22.91,0.0,23.18,22.72,22.72,1.0,47173.0,4
184,2016-05-19,21.2985292975996,21.6188079336537,21.2467195182379,21.383308936555103,75500.0,22.61,0.0,22.95,22.555,22.7,1.0,75500.0,3
185,2016-05-18,21.4492486557427,22.0803859679671,21.0347704208492,21.0347704208492,34473.0,22.77,0.0,23.44,22.33,22.33,1.0,34473.0,2
186,2016-05-17,21.072450260384898,22.033286168547303,20.8275313034024,21.3173692173675,84457.0,22.37,0.0,23.39,22.11,22.63,1.0,84457.0,1
187,2016-05-16,21.2985292975996,21.571708134234,20.8652111429382,21.242009538296,57084.0,22.61,0.0,22.9,22.15,22.55,1.0,57084.0,0
188,2016-05-13,21.157229899340397,21.402148856323,21.081870220268897,21.3738889766712,33554.0,22.46,0.0,22.72,22.38,22.69,1.0,33554.0,4
189,2016-05-12,21.3644690167872,21.778947251680798,21.1949097388762,21.505768415046397,75427.0,22.68,0.0,23.12,22.5,22.83,1.0,75427.0,3
190,2016-05-11,21.477508535394602,21.807207131332603,21.411568816206998,21.515188374930396,69495.0,22.8,0.0,23.15,22.73,22.84,1.0,69495.0,2
191,2016-05-10,21.5246083348143,21.665907733073503,21.1807797990503,21.3456290970193,68293.0,22.85,0.0,23.0,22.485,22.66,1.0,68293.0,1
192,2016-05-09,21.232589578412,21.6706177130154,21.1949097388762,21.4492486557427,115515.0,22.54,0.0,23.005,22.5,22.77,1.0,115515.0,0
193,2016-05-06,21.477508535394602,22.2028454464583,21.2985292975996,21.684747652841395,157745.0,22.8,0.0,23.57,22.61,23.02,1.0,157745.0,4
194,2016-05-05,21.6564877731895,23.295560792996,21.6376478534216,22.5796438418161,65475.0,22.99,0.0,24.73,22.97,23.97,1.0,65475.0,3
195,2016-05-04,22.4195045237891,23.483959990674897,22.400664604021202,22.513704122628496,81919.0,23.8,0.0,24.93,23.78,23.9,1.0,81919.0,2
196,2016-05-03,22.5513839621643,22.937602317406,22.391244644137203,22.5231240825125,45610.0,23.94,0.0,24.35,23.77,23.91,1.0,45610.0,1
197,2016-05-02,22.730363199959303,23.012961996477603,22.5325440423964,22.937602317406,60499.0,24.13,0.0,24.43,23.92,24.35,1.0,60499.0,0
198,2016-04-29,22.7963029191469,23.1825212743886,22.4666043232088,22.890502517986302,43750.0,24.2,0.0,24.61,23.85,24.3,1.0,43750.0,4
199,2016-04-28,22.965862197057902,23.3897603918354,22.909342437754198,23.0600617958973,43917.0,24.38,0.0,24.83,24.32,24.48,1.0,43917.0,3
200,2016-04-27,23.2107811540405,23.257880953460198,22.6361636011198,22.7963029191469,91340.0,24.64,0.0,24.69,24.03,24.2,1.0,91340.0,2
201,2016-04-26,22.8151428389148,22.8716625982184,21.6376478534216,21.6470678133056,90734.0,24.22,0.0,24.28,22.97,22.98,1.0,90734.0,1
202,2016-04-25,21.5528682144661,22.0097362688375,21.392823096037898,21.778947251680798,68250.0,22.88,0.0,23.365,22.7101,23.12,1.0,68250.0,0
203,2016-04-22,21.778947251680798,21.9014067301721,21.3456290970193,21.3456290970193,78255.0,23.12,0.0,23.25,22.66,22.66,1.0,78255.0,4
204,2016-04-21,21.2891093377157,21.3738889766712,21.1289700196886,21.1289700196886,46789.0,22.6,0.0,22.69,22.43,22.43,1.0,46789.0,3
205,2016-04-20,21.157229899340397,21.3550490569033,21.0253504609652,21.2514294981799,52523.0,22.46,0.0,22.67,22.32,22.56,1.0,52523.0,2
206,2016-04-19,21.2043296987602,21.4869284952785,21.1854897789923,21.2891093377157,41217.0,22.51,0.0,22.81,22.49,22.6,1.0,41217.0,1
207,2016-04-18,21.157229899340397,21.232589578412,20.9311508621258,21.2043296987602,61950.0,22.46,0.3,22.54,22.22,22.51,1.0,61950.0,0
208,2016-04-15,21.110750923287398,21.3617373939738,20.943426609496502,21.1851172849723,131004.0,22.71,0.0,22.98,22.53,22.79,1.0,131004.0,4
209,2016-04-14,21.3059626227102,21.333850008341997,21.157229899340397,21.333850008341997,54022.0,22.92,0.0,22.95,22.76,22.95,1.0,54022.0,3
210,2016-04-13,21.2687794418677,21.473193978549,21.157229899340397,21.2687794418677,83283.0,22.88,0.0,23.0999,22.76,22.88,1.0,83283.0,2
211,2016-04-12,21.110750923287398,21.417512165237397,21.1014551280768,21.343145803552602,81143.0,22.71,0.0,23.04,22.7,22.96,1.0,81143.0,1
212,2016-04-11,21.2780752370783,21.529061707764697,20.8039896813374,20.9899055855495,70631.0,22.89,0.0,23.16,22.38,22.58,1.0,70631.0,0
213,2016-04-08,20.8969476334435,21.1758214897617,20.4879326441768,20.7389191148632,84347.0,22.48,0.0,22.78,22.04,22.31,1.0,84347.0,4
214,2016-04-07,20.4786368489662,21.073567742445,20.404270487281302,21.073567742445,296411.0,22.03,0.0,22.67,21.95,22.67,1.0,296411.0,3
215,2016-04-06,21.194413080182898,21.240892056235896,20.7296233196525,21.0642719472344,83356.0,22.8,0.0,22.85,22.3,22.66,1.0,83356.0,2
216,2016-04-05,20.9899055855495,21.3989205748162,20.943426609496502,21.0549761520238,62032.0,22.58,0.0,23.02,22.53,22.65,1.0,62032.0,1
217,2016-04-04,21.2687794418677,21.7614565880299,21.240892056235896,21.7614565880299,82951.0,22.88,0.0,23.41,22.85,23.41,1.0,82951.0,0
218,2016-04-01,21.845118744925298,21.928780901820804,21.315258417920802,21.529061707764697,64715.0,23.5,0.0,23.59,22.93,23.16,1.0,64715.0,4
219,2016-03-31,21.7242734071874,22.031034649137503,20.915539223864698,21.9194851066102,95759.0,23.37,0.0,23.7,22.5,23.58,1.0,95759.0,3
220,2016-03-30,21.9566682874526,22.2169505533496,21.510470117343502,21.910189311399602,66746.0,23.62,0.0,23.9,23.14,23.57,1.0,66746.0,2
221,2016-03-29,21.7614565880299,22.031034649137503,20.9573703023124,21.1293425137086,94968.0,23.41,0.0,23.7,22.545,22.73,1.0,94968.0,1
222,2016-03-28,21.2037088753935,21.473286936501104,20.9899055855495,21.4082163700268,66191.0,22.81,0.0,23.1,22.58,23.03,1.0,66191.0,0
223,2016-03-24,21.3989205748162,21.3989205748162,21.003849278365397,21.259483646657102,56524.0,23.02,0.0,23.02,22.595,22.87,1.0,56524.0,3
224,2016-03-23,21.3245542131314,22.0868094204011,21.3245542131314,22.0868094204011,85485.0,22.94,0.0,23.76,22.94,23.76,1.0,85485.0,2
225,2016-03-22,22.058922034769303,23.025684736672396,21.789343973661698,22.5794865665632,73066.0,23.73,0.0,24.77,23.44,24.29,1.0,73066.0,1
226,2016-03-21,22.774698265986,23.1930090504633,22.7468108803542,23.1186426887784,63923.0,24.5,0.0,24.95,24.47,24.87,1.0,63923.0,0
227,2016-03-18,23.2487838217269,23.323150183411798,22.3192043006663,22.514416000089003,178298.0,25.01,0.0,25.09,24.01,24.22,1.0,178298.0,4
228,2016-03-17,22.3099085054557,22.5701907713526,21.8915977209784,21.8915977209784,162270.0,24.0,0.0,24.28,23.55,23.55,1.0,162270.0,3
229,2016-03-16,21.910189311399602,22.0961052156117,21.3524415987632,22.0961052156117,92004.0,23.57,0.0,23.77,22.97,23.77,1.0,92004.0,2
230,2016-03-15,22.207654758139,22.2913169150344,21.4639911412905,21.501174322132897,128229.0,23.89,0.0,23.98,23.09,23.13,1.0,128229.0,1
231,2016-03-14,21.575540683817703,21.6220196598708,21.1014551280768,21.454695346079898,87775.0,23.21,0.0,23.26,22.7,23.08,1.0,87775.0,0
232,2016-03-11,21.529061707764697,21.634383067500895,19.5211699422737,19.7535648225389,123094.0,23.16,0.0,23.2733,21.0,21.25,1.0,123094.0,4
233,2016-03-10,20.023142883646397,20.3299041255965,19.563001020721398,20.125396630963102,56478.0,21.54,0.0,21.87,21.045,21.65,1.0,56478.0,3
234,2016-03-09,19.985959702804,20.404270487281302,19.8465227746449,20.023142883646397,58903.0,21.5,0.0,21.95,21.35,21.54,1.0,58903.0,2
235,2016-03-08,20.0138470884358,20.6924401388101,19.985959702804,20.3113125351753,113943.0,21.53,0.0,22.26,21.5,21.85,1.0,113943.0,1
236,2016-03-07,20.460045258545,20.543707415440398,19.9208891363298,20.023142883646397,128308.0,22.01,0.0,22.1,21.43,21.54,1.0,128308.0,0
237,2016-03-04,20.060326064488898,20.3299041255965,19.772156412960104,20.125396630963102,51018.0,21.58,0.0,21.87,21.27,21.65,1.0,51018.0,4
238,2016-03-03,20.060326064488898,20.209058787858602,19.818635389013103,19.818635389013103,82104.0,21.58,0.0,21.74,21.32,21.32,1.0,82104.0,3
239,2016-03-02,19.8837059554874,20.069528901747397,19.4523810577152,19.6234236895904,99460.0,21.39,0.0,21.5899,20.926,21.11,1.0,99460.0,2
240,2016-03-01,19.7070858464858,19.8837059554874,19.2051129051131,19.2144087003237,76074.0,21.2,0.0,21.39,20.66,20.67,1.0,76074.0,1
241,2016-02-29,19.1028591577964,19.335254038061603,18.926239048794898,19.056380181743396,125895.0,20.55,0.0,20.8,20.36,20.5,1.0,125895.0,0
242,2016-02-26,19.0470843865328,19.1400423386388,18.8611684823206,18.9355348440055,75817.0,20.49,0.0,20.59,20.29,20.37,1.0,75817.0,4
243,2016-02-25,18.7960979158464,18.9076474583737,18.6287736020555,18.8239853014782,78654.0,20.22,0.0,20.34,20.04,20.25,1.0,78654.0,3
244,2016-02-24,18.805393711057,18.8611684823206,18.4056745170009,18.4056745170009,74840.0,20.23,0.0,20.29,19.8,19.8,1.0,74840.0,2
245,2016-02-23,18.4614492882646,19.0470843865328,17.857222599575103,18.191871227156998,113287.0,19.86,0.0,20.49,19.21,19.57,1.0,113287.0,1
246,2016-02-22,18.1825754319464,19.0842675673752,18.0896174798403,18.6659567828979,60669.0,19.56,0.0,20.53,19.46,20.08,1.0,60669.0,0
247,2016-02-19,18.591590421213,18.6659567828979,17.9594763468918,18.024546913366002,84977.0,20.0,0.0,20.08,19.32,19.39,1.0,84977.0,4
248,2016-02-18,18.0617300942085,18.4893366738964,17.7549688522585,18.3313081553161,60873.0,19.43,0.0,19.89,19.1,19.72,1.0,60873.0,3
249,2016-02-17,18.2104628175782,19.3073666524297,18.117504865472103,18.9913096152691,199443.0,19.59,0.0,20.77,19.49,20.43,1.0,199443.0,2
250,2016-02-16,18.8146895062676,18.9820138200585,17.708489876205398,18.080321684629702,103391.0,20.24,0.0,20.42,19.05,19.45,1.0,103391.0,1
251,2016-02-12,17.8293352139433,17.940884756470602,17.3831370438342,17.596940333678102,75895.0,19.18,0.0,19.3,18.7,18.93,1.0,75895.0,4
252,2016-02-11,17.457503405519,17.4760949959403,16.9276430785145,16.9276430785145,60996.0,18.78,0.0,18.8,18.21,18.21,1.0,60996.0,3
253,2016-02-10,17.2715875013069,17.4760949959403,17.1600379587796,17.1879253444115,84290.0,18.58,0.0,18.8,18.46,18.49,1.0,84290.0,2
254,2016-02-09,17.141446368358398,17.3366580677812,16.7417271743023,16.9276430785145,51483.0,18.44,0.0,18.65,18.01,18.21,1.0,51483.0,1
255,2016-02-08,17.1786295492009,17.2437001156751,16.8625725120402,16.8625725120402,67843.0,18.48,0.0,18.55,18.14,18.14,1.0,67843.0,0
256,2016-02-05,16.9276430785145,17.5225739719933,16.8997556928827,17.299474886938697,77565.0,18.21,0.0,18.85,18.18,18.61,1.0,77565.0,4
257,2016-02-04,17.3087706821493,17.8014478283115,17.2437001156751,17.2715875013069,44671.0,18.62,0.0,19.15,18.55,18.58,1.0,44671.0,3
258,2016-02-03,17.3273622725706,17.4389118150978,16.834685126408402,17.299474886938697,98971.0,18.64,0.0,18.76,18.11,18.61,1.0,98971.0,2
259,2016-02-02,17.2065169348327,17.671306695363,17.1228547779372,17.5876445384675,63322.0,18.51,0.0,19.01,18.42,18.92,1.0,63322.0,1
260,2016-02-01,17.7270814666266,18.1082090702615,17.5876445384675,17.978067937313,65549.0,19.07,0.0,19.48,18.92,19.34,1.0,65549.0,0
261,2016-01-29,18.1453922511039,18.173279636735803,17.559757152835697,17.559757152835697,109873.0,19.52,0.0,19.55,18.89,18.89,1.0,109873.0,4
262,2016-01-28,17.4203202246766,17.541165562414502,17.1879253444115,17.3924328390448,61289.0,18.74,0.0,18.87,18.49,18.71,1.0,61289.0,3
263,2016-01-27,17.2808832965175,17.5876445384675,17.2065169348327,17.3831370438342,53153.0,18.59,0.0,18.92,18.51,18.7,1.0,53153.0,2
264,2016-01-26,17.411024429466,17.5876445384675,16.9090514880933,17.0298968258311,70520.0,18.73,0.0,18.92,18.19,18.32,1.0,70520.0,1
265,2016-01-25,16.9648262593569,17.411024429466,16.955530464146303,17.411024429466,66202.0,18.25,0.0,18.73,18.24,18.73,1.0,66202.0,0
266,2016-01-22,17.411024429466,17.838631009153897,17.1600379587796,17.2901790917281,161833.0,18.73,0.0,19.19,18.46,18.6,1.0,161833.0,4
267,2016-01-21,17.057784211463,17.8107436235221,16.9183472833039,17.0484884162524,130269.0,18.35,0.0,19.16,18.2,18.34,1.0,130269.0,3
268,2016-01-20,16.955530464146303,17.1786295492009,16.0538383287175,16.7417271743023,112790.0,18.24,0.0,18.48,17.27,18.01,1.0,112790.0,2
269,2016-01-19,16.955530464146303,17.634123514520603,16.8904598976721,17.3738412486236,101019.0,18.24,0.0,18.97,18.17,18.69,1.0,101019.0,1
270,2016-01-15,17.3087706821493,17.634123514520603,16.7603187647236,17.4389118150978,126526.0,18.62,0.0,18.97,18.03,18.76,1.0,126526.0,4
271,2016-01-14,17.885109985206896,18.359195540947898,17.6806024905736,17.838631009153897,103109.0,19.24,0.0,19.75,19.02,19.19,1.0,103109.0,3
272,2016-01-13,17.7735604426797,18.1082090702615,17.2808832965175,17.2808832965175,111385.0,19.12,0.3,19.48,18.59,18.59,1.0,111385.0,2
273,2016-01-12,17.1878200367417,17.6728863104091,17.0688415167856,17.608820953509603,185329.0,18.78,0.0,19.31,18.65,19.24,1.0,185329.0,1
274,2016-01-11,17.3617117197545,17.6728863104091,17.1237546798423,17.6271253411952,92984.0,18.97,0.0,19.31,18.71,19.26,1.0,92984.0,0
275,2016-01-08,17.5172990150818,18.011517482592,17.2976463628551,17.4349292704968,158029.0,19.14,0.0,19.68,18.9,19.05,1.0,158029.0,4
276,2016-01-07,17.279341975169498,17.8193214118936,17.279341975169498,17.5172990150818,128306.0,18.88,0.0,19.47,18.88,19.14,1.0,128306.0,3
277,2016-01-06,17.8742345749503,18.157952584076398,17.8284736057364,17.8650823811075,58603.0,19.53,0.0,19.84,19.48,19.52,1.0,58603.0,2
278,2016-01-05,18.1304960025481,18.4325183993599,17.993213094906398,18.276931104032602,79858.0,19.81,0.0,20.14,19.66,19.97,1.0,79858.0,1
279,2016-01-04,18.1488003902337,18.2860832978754,17.709495085780198,18.2860832978754,111104.0,19.83,0.0,19.98,19.35,19.98,1.0,111104.0,0
