,Unnamed: 0,adj_close,adj_high,adj_low,adj_open,adj_volume,close,ex_dividend,high,low,open,split_ratio,volume,Day of Week
0,2017-02-10,5.09,5.279,5.01,5.2,240093.0,5.09,0.0,5.279,5.01,5.2,1.0,240093.0,4
1,2017-02-09,5.11,5.2,4.9348,5.06,306927.0,5.11,0.0,5.2,4.9348,5.06,1.0,306927.0,3
2,2017-02-08,5.06,5.08,4.82,4.98,345235.0,5.06,0.0,5.08,4.82,4.98,1.0,345235.0,2
3,2017-02-07,5.0,5.33,4.7,5.14,1517473.0,5.0,0.0,5.33,4.7,5.14,1.0,1517473.0,1
4,2017-02-06,5.09,5.1,4.35,4.36,1489205.0,5.09,0.0,5.1,4.35,4.36,1.0,1489205.0,0
5,2017-02-03,4.35,4.4,4.2,4.24,179387.0,4.35,0.0,4.4,4.2,4.24,1.0,179387.0,4
6,2017-02-02,4.19,4.33,4.16,4.2,134090.0,4.19,0.0,4.33,4.16,4.2,1.0,134090.0,3
7,2017-02-01,4.23,4.48,4.15,4.32,312898.0,4.23,0.0,4.48,4.15,4.32,1.0,312898.0,2
8,2017-01-31,4.32,4.36,4.095,4.18,274551.0,4.32,0.0,4.36,4.095,4.18,1.0,274551.0,1
9,2017-01-30,4.22,4.245,4.061,4.24,192912.0,4.22,0.0,4.245,4.061,4.24,1.0,192912.0,0
10,2017-01-27,4.24,4.35,4.0841,4.23,362820.0,4.24,0.0,4.35,4.0841,4.23,1.0,362820.0,4
11,2017-01-26,4.21,4.5,4.2,4.47,392406.0,4.21,0.0,4.5,4.2,4.47,1.0,392406.0,3
12,2017-01-25,4.44,4.61,4.41,4.55,337862.0,4.44,0.0,4.61,4.41,4.55,1.0,337862.0,2
13,2017-01-24,4.55,4.6166,4.3714,4.6,249900.0,4.55,0.0,4.6166,4.3714,4.6,1.0,249900.0,1
14,2017-01-23,4.57,4.68,4.43,4.61,307794.0,4.57,0.0,4.68,4.43,4.61,1.0,307794.0,0
15,2017-01-20,4.61,4.66,4.4,4.55,328426.0,4.61,0.0,4.66,4.4,4.55,1.0,328426.0,4
16,2017-01-19,4.54,4.8303,4.42,4.8,855962.0,4.54,0.0,4.8303,4.42,4.8,1.0,855962.0,3
17,2017-01-18,4.83,4.96,4.8,4.9,461207.0,4.83,0.0,4.96,4.8,4.9,1.0,461207.0,2
18,2017-01-17,4.93,5.0999,4.9049,5.01,322047.0,4.93,0.0,5.0999,4.9049,5.01,1.0,322047.0,1
19,2017-01-13,5.09,5.33,5.0,5.06,750772.0,5.09,0.0,5.33,5.0,5.06,1.0,750772.0,4
20,2017-01-12,5.1,5.14,4.87,5.02,616584.0,5.1,0.0,5.14,4.87,5.02,1.0,616584.0,3
21,2017-01-11,4.99,5.15,4.83,5.13,821717.0,4.99,0.0,5.15,4.83,5.13,1.0,821717.0,2
22,2017-01-10,5.11,5.33,5.01,5.02,1101149.0,5.11,0.0,5.33,5.01,5.02,1.0,1101149.0,1
23,2017-01-09,5.11,5.55,4.8,4.91,1924383.0,5.11,0.0,5.55,4.8,4.91,1.0,1924383.0,0
24,2017-01-06,4.86,5.13,4.84,5.13,1240387.0,4.86,0.0,5.13,4.84,5.13,1.0,1240387.0,4
25,2017-01-05,5.11,5.2964,5.0185,5.27,898846.0,5.11,0.0,5.2964,5.0185,5.27,1.0,898846.0,3
26,2017-01-04,5.25,5.39,4.93,5.3,1926378.0,5.25,0.0,5.39,4.93,5.3,1.0,1926378.0,2
27,2017-01-03,5.39,5.45,5.18,5.32,1440395.0,5.39,0.0,5.45,5.18,5.32,1.0,1440395.0,1
28,2016-12-30,5.27,5.57,5.19,5.42,1979999.0,5.27,0.0,5.57,5.19,5.42,1.0,1979999.0,4
29,2016-12-29,5.45,5.78,5.1,5.2,5668531.0,5.45,0.0,5.78,5.1,5.2,1.0,5668531.0,3
30,2016-12-28,5.28,5.8,5.19,5.75,7745473.0,5.28,0.0,5.8,5.19,5.75,1.0,7745473.0,2
31,2016-12-27,6.11,6.3,4.515,4.6,23500627.0,6.11,0.0,6.3,4.515,4.6,1.0,23500627.0,1
32,2016-12-23,4.43,4.5,3.87,3.87,6249506.0,4.43,0.0,4.5,3.87,3.87,1.0,6249506.0,4
33,2016-12-22,3.77,4.29,3.77,4.22,2152882.0,3.77,0.0,4.29,3.77,4.22,1.0,2152882.0,3
34,2016-12-21,4.32,4.74,4.16,4.57,5831891.0,4.32,0.0,4.74,4.16,4.57,1.0,5831891.0,2
35,2016-12-20,4.73,5.5,4.27,5.07,39796833.0,4.73,0.0,5.5,4.27,5.07,1.0,39796833.0,1
36,2016-12-19,1.96,2.03,1.91,1.95,1518579.0,1.96,0.0,2.03,1.91,1.95,1.0,1518579.0,0
37,2016-12-16,1.91,2.05,1.88,1.98,212028.0,1.91,0.0,2.05,1.88,1.98,1.0,212028.0,4
38,2016-12-15,2.0,2.039,1.8856,1.9,281881.0,2.0,0.0,2.039,1.8856,1.9,1.0,281881.0,3
39,2016-12-14,1.89,1.91,1.85,1.87,136221.0,1.89,0.0,1.91,1.85,1.87,1.0,136221.0,2
40,2016-12-13,1.87,1.91,1.85,1.91,65594.0,1.87,0.0,1.91,1.85,1.91,1.0,65594.0,1
41,2016-12-12,1.89,1.96,1.81,1.92,83341.0,1.89,0.0,1.96,1.81,1.92,1.0,83341.0,0
42,2016-12-09,1.94,1.97,1.9,1.91,53464.0,1.94,0.0,1.97,1.9,1.91,1.0,53464.0,4
43,2016-12-08,1.91,1.97,1.89,1.91,95214.0,1.91,0.0,1.97,1.89,1.91,1.0,95214.0,3
44,2016-12-07,1.96,1.97,1.92,1.93,120302.0,1.96,0.0,1.97,1.92,1.93,1.0,120302.0,2
45,2016-12-06,1.92,2.006,1.875,1.9,74165.0,1.92,0.0,2.006,1.875,1.9,1.0,74165.0,1
46,2016-12-05,1.88,1.9,1.78,1.8,133215.0,1.88,0.0,1.9,1.78,1.8,1.0,133215.0,0
47,2016-12-02,1.79,1.81,1.729,1.755,82754.0,1.79,0.0,1.81,1.729,1.755,1.0,82754.0,4
48,2016-12-01,1.75,1.84,1.75,1.81,133248.0,1.75,0.0,1.84,1.75,1.81,1.0,133248.0,3
49,2016-11-30,1.81,1.85,1.81,1.85,91407.0,1.81,0.0,1.85,1.81,1.85,1.0,91407.0,2
50,2016-11-29,1.86,1.88,1.83,1.83,60703.0,1.86,0.0,1.88,1.83,1.83,1.0,60703.0,1
51,2016-11-28,1.85,1.9915,1.85,1.9,70707.0,1.85,0.0,1.9915,1.85,1.9,1.0,70707.0,0
52,2016-11-25,1.93,1.94,1.89,1.89,59269.0,1.93,0.0,1.94,1.89,1.89,1.0,59269.0,4
53,2016-11-23,1.89,1.9044,1.83,1.86,45026.0,1.89,0.0,1.9044,1.83,1.86,1.0,45026.0,2
54,2016-11-22,1.87,2.0,1.85,1.97,68494.0,1.87,0.0,2.0,1.85,1.97,1.0,68494.0,1
55,2016-11-21,1.96,2.0,1.89,1.89,126728.0,1.96,0.0,2.0,1.89,1.89,1.0,126728.0,0
56,2016-11-18,1.9,1.99,1.9,1.95,139342.0,1.9,0.0,1.99,1.9,1.95,1.0,139342.0,4
57,2016-11-17,1.96,2.02,1.95,1.98,188894.0,1.96,0.0,2.02,1.95,1.98,1.0,188894.0,3
58,2016-11-16,2.0,2.05,1.95,1.96,164683.0,2.0,0.0,2.05,1.95,1.96,1.0,164683.0,2
59,2016-11-15,2.0,2.1,1.96,2.08,148081.0,2.0,0.0,2.1,1.96,2.08,1.0,148081.0,1
60,2016-11-14,2.09,2.09,1.943,2.05,259586.0,2.09,0.0,2.09,1.943,2.05,1.0,259586.0,0
61,2016-11-11,2.05,2.05,1.76,1.95,440734.0,2.05,0.0,2.05,1.76,1.95,1.0,440734.0,4
62,2016-11-10,1.9,1.92,1.81,1.85,413373.0,1.9,0.0,1.92,1.81,1.85,1.0,413373.0,3
63,2016-11-09,1.67,1.83,1.55,1.55,536750.0,1.67,0.0,1.83,1.55,1.55,1.0,536750.0,2
64,2016-11-08,1.56,1.6,1.52,1.6,94691.0,1.56,0.0,1.6,1.52,1.6,1.0,94691.0,1
65,2016-11-07,1.57,1.62,1.51,1.61,129221.0,1.57,0.0,1.62,1.51,1.61,1.0,129221.0,0
66,2016-11-04,1.55,1.58,1.4533,1.51,168791.0,1.55,0.0,1.58,1.4533,1.51,1.0,168791.0,4
67,2016-11-03,1.5,1.59,1.5,1.57,211031.0,1.5,0.0,1.59,1.5,1.57,1.0,211031.0,3
68,2016-11-02,1.58,1.67,1.5,1.6,165500.0,1.58,0.0,1.67,1.5,1.6,1.0,165500.0,2
69,2016-11-01,1.58,1.8002,1.55,1.79,426746.0,1.58,0.0,1.8002,1.55,1.79,1.0,426746.0,1
70,2016-10-31,1.77,1.81,1.7209999999999999,1.73,123837.0,1.77,0.0,1.81,1.7209999999999999,1.73,1.0,123837.0,0
71,2016-10-28,1.71,1.97,1.7,1.9,448704.0,1.71,0.0,1.97,1.7,1.9,1.0,448704.0,4
72,2016-10-27,1.91,2.05,1.9,2.0,227346.0,1.91,0.0,2.05,1.9,2.0,1.0,227346.0,3
73,2016-10-26,1.98,2.02,1.92,2.02,101827.0,1.98,0.0,2.02,1.92,2.02,1.0,101827.0,2
74,2016-10-25,2.02,2.04,1.92,1.97,218126.0,2.02,0.0,2.04,1.92,1.97,1.0,218126.0,1
75,2016-10-24,1.96,2.0099,1.8819,1.94,170534.0,1.96,0.0,2.0099,1.8819,1.94,1.0,170534.0,0
76,2016-10-21,1.93,1.95,1.8905,1.93,91213.0,1.93,0.0,1.95,1.8905,1.93,1.0,91213.0,4
77,2016-10-20,1.93,1.94,1.85,1.85,77206.0,1.93,0.0,1.94,1.85,1.85,1.0,77206.0,3
78,2016-10-19,1.92,1.94,1.83,1.87,130405.0,1.92,0.0,1.94,1.83,1.87,1.0,130405.0,2
79,2016-10-18,1.89,1.95,1.8,1.85,151449.0,1.89,0.0,1.95,1.8,1.85,1.0,151449.0,1
80,2016-10-17,1.82,1.945,1.771,1.91,427858.0,1.82,0.0,1.945,1.771,1.91,1.0,427858.0,0
81,2016-10-14,1.9,2.0099,1.87,2.0,487943.0,1.9,0.0,2.0099,1.87,2.0,1.0,487943.0,4
82,2016-10-13,2.0,2.01,1.96,2.0,149835.0,2.0,0.0,2.01,1.96,2.0,1.0,149835.0,3
83,2016-10-12,2.0,2.01,1.93,1.97,186233.0,2.0,0.0,2.01,1.93,1.97,1.0,186233.0,2
84,2016-10-11,1.99,2.0082,1.94,1.9684,275292.0,1.99,0.0,2.0082,1.94,1.9684,1.0,275292.0,1
85,2016-10-10,1.98,2.02,1.95,1.98,351190.0,1.98,0.0,2.02,1.95,1.98,1.0,351190.0,0
86,2016-10-07,1.99,2.0602,1.97,2.05,347923.0,1.99,0.0,2.0602,1.97,2.05,1.0,347923.0,4
87,2016-10-06,2.04,2.15,1.98,2.15,746799.0,2.04,0.0,2.15,1.98,2.15,1.0,746799.0,3
88,2016-10-05,2.08,2.1244,2.0173,2.11,660745.0,2.08,0.0,2.1244,2.0173,2.11,1.0,660745.0,2
89,2016-10-04,2.08,2.19,2.05,2.18,1492865.0,2.08,0.0,2.19,2.05,2.18,1.0,1492865.0,1
90,2016-10-03,1.96,2.01,1.96,2.0,218232.0,1.96,0.0,2.01,1.96,2.0,1.0,218232.0,0
91,2016-09-30,2.0,2.01,1.97,2.01,369834.0,2.0,0.0,2.01,1.97,2.01,1.0,369834.0,4
92,2016-09-29,2.01,2.1,1.98,2.08,559324.0,2.01,0.0,2.1,1.98,2.08,1.0,559324.0,3
93,2016-09-28,2.06,2.085,2.02,2.05,416062.0,2.06,0.0,2.085,2.02,2.05,1.0,416062.0,2
94,2016-09-27,2.07,2.13,2.0,2.13,739797.0,2.07,0.0,2.13,2.0,2.13,1.0,739797.0,1
95,2016-09-26,2.1,2.11,1.95,2.11,1149526.0,2.1,0.0,2.11,1.95,2.11,1.0,1149526.0,0
96,2016-09-23,2.11,2.18,2.08,2.17,841808.0,2.11,0.0,2.18,2.08,2.17,1.0,841808.0,4
97,2016-09-22,2.16,2.35,2.13,2.25,3289240.0,2.16,0.0,2.35,2.13,2.25,1.0,3289240.0,3
98,2016-09-21,2.1,2.17,2.01,2.14,2236296.0,2.1,0.0,2.17,2.01,2.14,1.0,2236296.0,2
99,2016-09-20,2.09,2.38,2.03,2.38,8657172.0,2.09,0.0,2.38,2.03,2.38,1.0,8657172.0,1
100,2016-09-19,1.75,1.77,1.7,1.7,61471.0,1.75,0.0,1.77,1.7,1.7,1.0,61471.0,0
101,2016-09-16,1.68,1.8,1.68,1.75,69276.0,1.68,0.0,1.8,1.68,1.75,1.0,69276.0,4
102,2016-09-15,1.75,1.76,1.73,1.73,131265.0,1.75,0.0,1.76,1.73,1.73,1.0,131265.0,3
103,2016-09-14,1.72,1.749,1.68,1.68,119486.0,1.72,0.0,1.749,1.68,1.68,1.0,119486.0,2
104,2016-09-13,1.7,1.8,1.69,1.76,88567.0,1.7,0.0,1.8,1.69,1.76,1.0,88567.0,1
105,2016-09-12,1.76,1.79,1.7244,1.77,86353.0,1.76,0.0,1.79,1.7244,1.77,1.0,86353.0,0
106,2016-09-09,1.7692,1.85,1.75,1.83,132620.0,1.7692,0.0,1.85,1.75,1.83,1.0,132620.0,4
107,2016-09-08,1.83,1.89,1.73,1.77,237157.0,1.83,0.0,1.89,1.73,1.77,1.0,237157.0,3
108,2016-09-07,1.82,1.9,1.82,1.82,143167.0,1.82,0.0,1.9,1.82,1.82,1.0,143167.0,2
109,2016-09-06,1.8201,1.9,1.82,1.83,182591.0,1.8201,0.0,1.9,1.82,1.83,1.0,182591.0,1
110,2016-09-02,1.84,1.92,1.81,1.92,80075.0,1.84,0.0,1.92,1.81,1.92,1.0,80075.0,4
111,2016-09-01,1.86,1.86,1.78,1.85,118143.0,1.86,0.0,1.86,1.78,1.85,1.0,118143.0,3
112,2016-08-31,1.81,1.8648,1.77,1.86,230106.0,1.81,0.0,1.8648,1.77,1.86,1.0,230106.0,2
113,2016-08-30,1.88,2.1,1.7409999999999999,2.05,1044193.0,1.88,0.0,2.1,1.7409999999999999,2.05,1.0,1044193.0,1
114,2016-08-29,2.0,2.35,1.93,1.93,4138529.0,2.0,0.0,2.35,1.93,1.93,1.0,4138529.0,0
115,2016-08-26,1.9,1.9369999999999998,1.9,1.9,18016.0,1.9,0.0,1.9369999999999998,1.9,1.9,1.0,18016.0,4
116,2016-08-25,1.94,1.95,1.9,1.95,41264.0,1.94,0.0,1.95,1.9,1.95,1.0,41264.0,3
117,2016-08-24,1.93,2.01,1.9,1.94,110089.0,1.93,0.0,2.01,1.9,1.94,1.0,110089.0,2
118,2016-08-23,1.93,1.96,1.9001,1.93,38219.0,1.93,0.0,1.96,1.9001,1.93,1.0,38219.0,1
119,2016-08-22,1.93,1.9799,1.88,1.91,41462.0,1.93,0.0,1.9799,1.88,1.91,1.0,41462.0,0
120,2016-08-19,1.91,1.925,1.9,1.9001,25416.0,1.91,0.0,1.925,1.9,1.9001,1.0,25416.0,4
121,2016-08-18,1.91,1.9205,1.9,1.92,88673.0,1.91,0.0,1.9205,1.9,1.92,1.0,88673.0,3
122,2016-08-17,1.93,2.0,1.92,1.95,36929.0,1.93,0.0,2.0,1.92,1.95,1.0,36929.0,2
123,2016-08-16,1.95,1.96,1.93,1.96,19563.0,1.95,0.0,1.96,1.93,1.96,1.0,19563.0,1
124,2016-08-15,1.98,2.0,1.88,1.99,87280.0,1.98,0.0,2.0,1.88,1.99,1.0,87280.0,0
125,2016-08-12,1.97,1.99,1.93,1.95,45589.0,1.97,0.0,1.99,1.93,1.95,1.0,45589.0,4
126,2016-08-11,1.96,1.99,1.86,1.9,43654.0,1.96,0.0,1.99,1.86,1.9,1.0,43654.0,3
127,2016-08-10,1.88,2.0,1.87,1.9999,127788.0,1.88,0.0,2.0,1.87,1.9999,1.0,127788.0,2
128,2016-08-09,1.98,2.0699,1.83,2.02,281962.0,1.98,0.0,2.0699,1.83,2.02,1.0,281962.0,1
129,2016-08-08,2.04,2.12,2.01,2.12,181969.0,2.04,0.0,2.12,2.01,2.12,1.0,181969.0,0
130,2016-08-05,2.14,2.22,2.05,2.17,130462.0,2.14,0.0,2.22,2.05,2.17,1.0,130462.0,4
131,2016-08-04,2.16,2.42,2.1430000000000002,2.4,199748.0,2.16,0.0,2.42,2.1430000000000002,2.4,1.0,199748.0,3
132,2016-08-03,2.37,2.42,2.27,2.3,127680.0,2.37,0.0,2.42,2.27,2.3,1.0,127680.0,2
133,2016-08-02,2.33,2.4,2.28,2.28,144428.0,2.33,0.0,2.4,2.28,2.28,1.0,144428.0,1
134,2016-08-01,2.29,2.35,2.225,2.24,114082.0,2.29,0.0,2.35,2.225,2.24,1.0,114082.0,0
135,2016-07-29,2.26,2.32,2.21,2.3,44241.0,2.26,0.0,2.32,2.21,2.3,1.0,44241.0,4
136,2016-07-28,2.29,2.38,2.27,2.36,25032.0,2.29,0.0,2.38,2.27,2.36,1.0,25032.0,3
137,2016-07-27,2.34,2.42,2.21,2.35,58081.0,2.34,0.0,2.42,2.21,2.35,1.0,58081.0,2
138,2016-07-26,2.33,2.339,2.2703,2.3,64740.0,2.33,0.0,2.339,2.2703,2.3,1.0,64740.0,1
139,2016-07-25,2.28,2.29,2.2,2.22,123600.0,2.28,0.0,2.29,2.2,2.22,1.0,123600.0,0
140,2016-07-22,2.2,2.21,2.17,2.19,45406.0,2.2,0.0,2.21,2.17,2.19,1.0,45406.0,4
141,2016-07-21,2.19,2.21,2.16,2.18,29737.0,2.19,0.0,2.21,2.16,2.18,1.0,29737.0,3
142,2016-07-20,2.16,2.205,2.1,2.12,62458.0,2.16,0.0,2.205,2.1,2.12,1.0,62458.0,2
143,2016-07-19,2.14,2.3,2.14,2.27,60453.0,2.14,0.0,2.3,2.14,2.27,1.0,60453.0,1
144,2016-07-18,2.29,2.29,2.23,2.25,130521.0,2.29,0.0,2.29,2.23,2.25,1.0,130521.0,0
145,2016-07-15,2.25,2.29,2.16,2.16,108964.0,2.25,0.0,2.29,2.16,2.16,1.0,108964.0,4
146,2016-07-14,2.16,2.18,2.109,2.15,29757.0,2.16,0.0,2.18,2.109,2.15,1.0,29757.0,3
147,2016-07-13,2.15,2.23,2.13,2.2,50717.0,2.15,0.0,2.23,2.13,2.2,1.0,50717.0,2
148,2016-07-12,2.2,2.24,2.19,2.21,63618.0,2.2,0.0,2.24,2.19,2.21,1.0,63618.0,1
149,2016-07-11,2.21,2.2361,2.16,2.23,39566.0,2.21,0.0,2.2361,2.16,2.23,1.0,39566.0,0
150,2016-07-08,2.19,2.2,2.11,2.12,72870.0,2.19,0.0,2.2,2.11,2.12,1.0,72870.0,4
151,2016-07-07,2.19,2.2562,2.07,2.2,59428.0,2.19,0.0,2.2562,2.07,2.2,1.0,59428.0,3
152,2016-07-06,2.18,2.23,2.05,2.215,63060.0,2.18,0.0,2.23,2.05,2.215,1.0,63060.0,2
153,2016-07-05,2.2,2.2501,2.15,2.19,146468.0,2.2,0.0,2.2501,2.15,2.19,1.0,146468.0,1
154,2016-07-01,2.18,2.44,2.07,2.13,892367.0,2.18,0.0,2.44,2.07,2.13,1.0,892367.0,4
155,2016-06-30,2.06,2.16,2.04,2.15,64889.0,2.06,0.0,2.16,2.04,2.15,1.0,64889.0,3
156,2016-06-29,2.16,2.24,2.0,2.03,101728.0,2.16,0.0,2.24,2.0,2.03,1.0,101728.0,2
157,2016-06-28,2.03,2.06,2.02,2.04,30149.0,2.03,0.0,2.06,2.02,2.04,1.0,30149.0,1
158,2016-06-27,2.0,2.06,1.97,2.02,156224.0,2.0,0.0,2.06,1.97,2.02,1.0,156224.0,0
159,2016-06-24,2.04,2.09,1.94,2.04,117934.0,2.04,0.0,2.09,1.94,2.04,1.0,117934.0,4
160,2016-06-23,2.13,2.19,2.05,2.05,70107.0,2.13,0.0,2.19,2.05,2.05,1.0,70107.0,3
161,2016-06-22,2.04,2.1,2.02,2.07,38349.0,2.04,0.0,2.1,2.02,2.07,1.0,38349.0,2
162,2016-06-21,2.06,2.35,1.95,2.25,233136.0,2.06,0.0,2.35,1.95,2.25,1.0,233136.0,1
163,2016-06-20,2.23,2.2399,1.9401,1.95,336438.0,2.23,0.0,2.2399,1.9401,1.95,1.0,336438.0,0
164,2016-06-17,1.92,1.98,1.89,1.94,78629.0,1.92,0.0,1.98,1.89,1.94,1.0,78629.0,4
165,2016-06-16,1.93,1.97,1.91,1.91,49956.0,1.93,0.0,1.97,1.91,1.91,1.0,49956.0,3
166,2016-06-15,1.92,2.02,1.9,1.93,80682.0,1.92,0.0,2.02,1.9,1.93,1.0,80682.0,2
167,2016-06-14,1.92,2.015,1.88,2.01,171331.0,1.92,0.0,2.015,1.88,2.01,1.0,171331.0,1
168,2016-06-13,2.01,2.07,2.01,2.02,59615.0,2.01,0.0,2.07,2.01,2.02,1.0,59615.0,0
169,2016-06-10,2.02,2.1,2.01,2.1,46866.0,2.02,0.0,2.1,2.01,2.1,1.0,46866.0,4
170,2016-06-09,2.125,2.17,2.1,2.15,120568.0,2.125,0.0,2.17,2.1,2.15,1.0,120568.0,3
171,2016-06-08,2.17,2.23,2.15,2.23,123292.0,2.17,0.0,2.23,2.15,2.23,1.0,123292.0,2
172,2016-06-07,2.21,2.27,2.2,2.26,63222.0,2.21,0.0,2.27,2.2,2.26,1.0,63222.0,1
173,2016-06-06,2.25,2.35,2.18,2.31,99688.0,2.25,0.0,2.35,2.18,2.31,1.0,99688.0,0
174,2016-06-03,2.29,2.43,2.22,2.3,50608.0,2.29,0.0,2.43,2.22,2.3,1.0,50608.0,4
175,2016-06-02,2.31,2.37,2.29,2.37,139880.0,2.31,0.0,2.37,2.29,2.37,1.0,139880.0,3
176,2016-06-01,2.36,2.4,2.3,2.3,216926.0,2.36,0.0,2.4,2.3,2.3,1.0,216926.0,2
177,2016-05-31,2.3,2.35,2.22,2.23,217881.0,2.3,0.0,2.35,2.22,2.23,1.0,217881.0,1
178,2016-05-27,2.21,2.25,2.18,2.23,60605.0,2.21,0.0,2.25,2.18,2.23,1.0,60605.0,4
179,2016-05-26,2.25,2.28,2.2,2.24,143397.0,2.25,0.0,2.28,2.2,2.24,1.0,143397.0,3
180,2016-05-25,2.24,2.26,2.2,2.25,75698.0,2.24,0.0,2.26,2.2,2.25,1.0,75698.0,2
181,2016-05-24,2.24,2.26,2.2,2.25,53171.0,2.24,0.0,2.26,2.2,2.25,1.0,53171.0,1
182,2016-05-23,2.24,2.26,2.18,2.24,175185.0,2.24,0.0,2.26,2.18,2.24,1.0,175185.0,0
183,2016-05-20,2.23,2.24,2.178,2.19,78812.0,2.23,0.0,2.24,2.178,2.19,1.0,78812.0,4
184,2016-05-19,2.17,2.25,2.15,2.21,79567.0,2.17,0.0,2.25,2.15,2.21,1.0,79567.0,3
185,2016-05-18,2.21,2.31,2.2,2.31,44076.0,2.21,0.0,2.31,2.2,2.31,1.0,44076.0,2
186,2016-05-17,2.3,2.33,2.21,2.24,118161.0,2.3,0.0,2.33,2.21,2.24,1.0,118161.0,1
187,2016-05-16,2.23,2.29,2.18,2.24,74395.0,2.23,0.0,2.29,2.18,2.24,1.0,74395.0,0
188,2016-05-13,2.22,2.22,2.13,2.14,111546.0,2.22,0.0,2.22,2.13,2.14,1.0,111546.0,4
189,2016-05-12,2.15,2.3,2.1,2.29,141655.0,2.15,0.0,2.3,2.1,2.29,1.0,141655.0,3
190,2016-05-11,2.26,2.3099,2.21,2.29,76027.0,2.26,0.0,2.3099,2.21,2.29,1.0,76027.0,2
191,2016-05-10,2.31,2.31,2.13,2.25,186836.0,2.31,0.0,2.31,2.13,2.25,1.0,186836.0,1
192,2016-05-09,2.23,2.4,2.2,2.33,241509.0,2.23,0.0,2.4,2.2,2.33,1.0,241509.0,0
193,2016-05-06,2.34,2.57,2.33,2.5,231720.0,2.34,0.0,2.57,2.33,2.5,1.0,231720.0,4
194,2016-05-05,2.55,2.7,2.2,2.25,477988.0,2.55,0.0,2.7,2.2,2.25,1.0,477988.0,3
195,2016-05-04,2.72,2.73,2.58,2.64,213263.0,2.72,0.0,2.73,2.58,2.64,1.0,213263.0,2
196,2016-05-03,2.68,2.76,2.6010000000000004,2.67,94167.0,2.68,0.0,2.76,2.6010000000000004,2.67,1.0,94167.0,1
197,2016-05-02,2.72,2.89,2.71,2.89,128607.0,2.72,0.0,2.89,2.71,2.89,1.0,128607.0,0
198,2016-04-29,2.87,2.91,2.72,2.85,114156.0,2.87,0.0,2.91,2.72,2.85,1.0,114156.0,4
199,2016-04-28,2.85,2.95,2.85,2.87,106249.0,2.85,0.0,2.95,2.85,2.87,1.0,106249.0,3
200,2016-04-27,2.86,2.96,2.8593,2.96,60756.0,2.86,0.0,2.96,2.8593,2.96,1.0,60756.0,2
201,2016-04-26,2.94,3.0,2.81,2.95,122496.0,2.94,0.0,3.0,2.81,2.95,1.0,122496.0,1
202,2016-04-25,2.92,3.1399,2.88,3.09,142465.0,2.92,0.0,3.1399,2.88,3.09,1.0,142465.0,0
203,2016-04-22,3.09,3.1,2.95,2.95,112786.0,3.09,0.0,3.1,2.95,2.95,1.0,112786.0,4
204,2016-04-21,2.92,3.1499,2.8,2.81,229579.0,2.92,0.0,3.1499,2.8,2.81,1.0,229579.0,3
205,2016-04-20,2.84,2.84,2.61,2.75,210645.0,2.84,0.0,2.84,2.61,2.75,1.0,210645.0,2
206,2016-04-19,2.78,2.95,2.75,2.9,292011.0,2.78,0.0,2.95,2.75,2.9,1.0,292011.0,1
207,2016-04-18,2.92,3.19,2.91,3.16,399834.0,2.92,0.0,3.19,2.91,3.16,1.0,399834.0,0
208,2016-04-15,3.05,3.18,3.0,3.05,154685.0,3.05,0.0,3.18,3.0,3.05,1.0,154685.0,4
209,2016-04-14,3.03,3.16,2.92,3.03,286174.0,3.03,0.0,3.16,2.92,3.03,1.0,286174.0,3
210,2016-04-13,2.98,3.05,2.86,2.96,401472.0,2.98,0.0,3.05,2.86,2.96,1.0,401472.0,2
211,2016-04-12,2.97,3.02,2.74,2.9,233237.0,2.97,0.0,3.02,2.74,2.9,1.0,233237.0,1
212,2016-04-11,2.87,3.28,2.82,3.18,515834.0,2.87,0.0,3.28,2.82,3.18,1.0,515834.0,0
213,2016-04-08,3.17,3.4389,3.0,3.4,529509.0,3.17,0.0,3.4389,3.0,3.4,1.0,529509.0,4
214,2016-04-07,3.4,3.45,2.96,3.1,473855.0,3.4,0.0,3.45,2.96,3.1,1.0,473855.0,3
215,2016-04-06,3.15,3.25,2.85,2.88,850030.0,3.15,0.0,3.25,2.85,2.88,1.0,850030.0,2
216,2016-04-05,2.84,2.86,2.51,2.64,334178.0,2.84,0.0,2.86,2.51,2.64,1.0,334178.0,1
217,2016-04-04,2.76,3.04,2.536,2.56,1054570.0,2.76,0.0,3.04,2.536,2.56,1.0,1054570.0,0
218,2016-04-01,2.53,2.58,2.12,2.12,509176.0,2.53,0.0,2.58,2.12,2.12,1.0,509176.0,4
219,2016-03-31,2.14,2.2,2.08,2.08,180444.0,2.14,0.0,2.2,2.08,2.08,1.0,180444.0,3
220,2016-03-30,2.1,2.13,2.08,2.11,50128.0,2.1,0.0,2.13,2.08,2.11,1.0,50128.0,2
221,2016-03-29,2.11,2.13,2.05,2.1,168579.0,2.11,0.0,2.13,2.05,2.1,1.0,168579.0,1
222,2016-03-28,2.1,2.15,2.05,2.1,115432.0,2.1,0.0,2.15,2.05,2.1,1.0,115432.0,0
223,2016-03-24,2.09,2.1,2.04,2.05,42904.0,2.09,0.0,2.1,2.04,2.05,1.0,42904.0,3
224,2016-03-23,2.05,2.14,2.04,2.09,129895.0,2.05,0.0,2.14,2.04,2.09,1.0,129895.0,2
225,2016-03-22,2.1,2.1299,2.015,2.02,161208.0,2.1,0.0,2.1299,2.015,2.02,1.0,161208.0,1
226,2016-03-21,2.03,2.05,1.97,2.01,132547.0,2.03,0.0,2.05,1.97,2.01,1.0,132547.0,0
227,2016-03-18,1.99,2.0,1.9,1.92,182327.0,1.99,0.0,2.0,1.9,1.92,1.0,182327.0,4
228,2016-03-17,1.91,1.96,1.83,1.92,119635.0,1.91,0.0,1.96,1.83,1.92,1.0,119635.0,3
229,2016-03-16,1.93,1.97,1.89,1.91,122284.0,1.93,0.0,1.97,1.89,1.91,1.0,122284.0,2
230,2016-03-15,1.9,2.0444,1.9,2.0,147683.0,1.9,0.0,2.0444,1.9,2.0,1.0,147683.0,1
231,2016-03-14,2.03,2.09,2.0,2.04,135071.0,2.03,0.0,2.09,2.0,2.04,1.0,135071.0,0
232,2016-03-11,2.02,2.14,1.9801,2.07,91544.0,2.02,0.0,2.14,1.9801,2.07,1.0,91544.0,4
233,2016-03-10,2.0,2.1,1.95,1.95,250505.0,2.0,0.0,2.1,1.95,1.95,1.0,250505.0,3
234,2016-03-09,2.07,2.1899,1.9511,2.15,121460.0,2.07,0.0,2.1899,1.9511,2.15,1.0,121460.0,2
235,2016-03-08,2.11,2.33,2.11,2.24,203624.0,2.11,0.0,2.33,2.11,2.24,1.0,203624.0,1
236,2016-03-07,2.24,2.25,2.08,2.08,167466.0,2.24,0.0,2.25,2.08,2.08,1.0,167466.0,0
237,2016-03-04,2.05,2.2,2.01,2.01,157027.0,2.05,0.0,2.2,2.01,2.01,1.0,157027.0,4
238,2016-03-03,2.03,2.13,1.94,1.94,170215.0,2.03,0.0,2.13,1.94,1.94,1.0,170215.0,3
239,2016-03-02,1.92,1.93,1.76,1.77,201915.0,1.92,0.0,1.93,1.76,1.77,1.0,201915.0,2
240,2016-03-01,1.78,1.88,1.77,1.8,110392.0,1.78,0.0,1.88,1.77,1.8,1.0,110392.0,1
241,2016-02-29,1.78,1.88,1.75,1.88,132556.0,1.78,0.0,1.88,1.75,1.88,1.0,132556.0,0
242,2016-02-26,1.88,1.94,1.78,1.78,81487.0,1.88,0.0,1.94,1.78,1.78,1.0,81487.0,4
243,2016-02-25,1.78,1.85,1.77,1.85,56104.0,1.78,0.0,1.85,1.77,1.85,1.0,56104.0,3
244,2016-02-24,1.86,1.86,1.75,1.85,76344.0,1.86,0.0,1.86,1.75,1.85,1.0,76344.0,2
245,2016-02-23,1.86,1.94,1.83,1.93,119145.0,1.86,0.0,1.94,1.83,1.93,1.0,119145.0,1
246,2016-02-22,1.91,1.942,1.87,1.91,63277.0,1.91,0.0,1.942,1.87,1.91,1.0,63277.0,0
247,2016-02-19,1.91,1.91,1.85,1.88,38041.0,1.91,0.0,1.91,1.85,1.88,1.0,38041.0,4
248,2016-02-18,1.89,1.905,1.84,1.9,65284.0,1.89,0.0,1.905,1.84,1.9,1.0,65284.0,3
249,2016-02-17,1.88,1.91,1.76,1.76,239772.0,1.88,0.0,1.91,1.76,1.76,1.0,239772.0,2
250,2016-02-16,1.73,1.85,1.73,1.77,140640.0,1.73,0.0,1.85,1.73,1.77,1.0,140640.0,1
251,2016-02-12,1.73,1.77,1.61,1.65,233648.0,1.73,0.0,1.77,1.61,1.65,1.0,233648.0,4
252,2016-02-11,1.65,1.66,1.55,1.6,139652.0,1.65,0.0,1.66,1.55,1.6,1.0,139652.0,3
253,2016-02-10,1.65,1.72,1.6001,1.66,142295.0,1.65,0.0,1.72,1.6001,1.66,1.0,142295.0,2
254,2016-02-09,1.67,1.79,1.6,1.6,303363.0,1.67,0.0,1.79,1.6,1.6,1.0,303363.0,1
255,2016-02-08,1.69,1.84,1.64,1.76,494149.0,1.69,0.0,1.84,1.64,1.76,1.0,494149.0,0
256,2016-02-05,1.84,1.85,1.76,1.84,209324.0,1.84,0.0,1.85,1.76,1.84,1.0,209324.0,4
257,2016-02-04,1.85,1.93,1.8,1.9,581236.0,1.85,0.0,1.93,1.8,1.9,1.0,581236.0,3
258,2016-02-03,1.96,2.08,1.8,1.98,6392471.0,1.96,0.0,2.08,1.8,1.98,1.0,6392471.0,2
259,2016-02-02,1.6,1.69,1.6,1.6,152331.0,1.6,0.0,1.69,1.6,1.6,1.0,152331.0,1
260,2016-02-01,1.64,1.74,1.6,1.74,119319.0,1.64,0.0,1.74,1.6,1.74,1.0,119319.0,0
261,2016-01-29,1.74,1.74,1.6,1.6,118560.0,1.74,0.0,1.74,1.6,1.6,1.0,118560.0,4
262,2016-01-28,1.6,1.8,1.56,1.8,175413.0,1.6,0.0,1.8,1.56,1.8,1.0,175413.0,3
263,2016-01-27,1.73,1.8599,1.73,1.8,97732.0,1.73,0.0,1.8599,1.73,1.8,1.0,97732.0,2
264,2016-01-26,1.82,1.82,1.66,1.68,151636.0,1.82,0.0,1.82,1.66,1.68,1.0,151636.0,1
265,2016-01-25,1.65,1.9,1.61,1.74,235358.0,1.65,0.0,1.9,1.61,1.74,1.0,235358.0,0
266,2016-01-22,1.73,1.75,1.67,1.71,185426.0,1.73,0.0,1.75,1.67,1.71,1.0,185426.0,4
267,2016-01-21,1.7,1.75,1.59,1.6,159922.0,1.7,0.0,1.75,1.59,1.6,1.0,159922.0,3
268,2016-01-20,1.6,1.69,1.4,1.46,331998.0,1.6,0.0,1.69,1.4,1.46,1.0,331998.0,2
269,2016-01-19,1.54,1.7225,1.45,1.7,455897.0,1.54,0.0,1.7225,1.45,1.7,1.0,455897.0,1
270,2016-01-15,1.65,1.71,1.58,1.7,322013.0,1.65,0.0,1.71,1.58,1.7,1.0,322013.0,4
271,2016-01-14,1.75,1.8,1.48,1.61,480323.0,1.75,0.0,1.8,1.48,1.61,1.0,480323.0,3
272,2016-01-13,1.66,2.0,1.58,1.93,504104.0,1.66,0.0,2.0,1.58,1.93,1.0,504104.0,2
273,2016-01-12,1.87,2.035,1.81,1.95,588367.0,1.87,0.0,2.035,1.81,1.95,1.0,588367.0,1
274,2016-01-11,1.94,2.4153,1.92,2.36,925207.0,1.94,0.0,2.4153,1.92,2.36,1.0,925207.0,0
275,2016-01-08,2.29,2.5799,2.25,2.53,869967.0,2.29,0.0,2.5799,2.25,2.53,1.0,869967.0,4
276,2016-01-07,2.46,2.81,2.36,2.8,1618904.0,2.46,0.0,2.81,2.36,2.8,1.0,1618904.0,3
277,2016-01-06,2.88,4.05,2.84,3.67,12185107.0,2.88,0.0,4.05,2.84,3.67,1.0,12185107.0,2
278,2016-01-05,2.87,3.01,2.84,2.92,1127375.0,2.87,0.0,3.01,2.84,2.92,1.0,1127375.0,1
279,2016-01-04,2.93,2.95,2.8,2.81,72383.0,2.93,0.0,2.95,2.8,2.81,1.0,72383.0,0
