,Unnamed: 0,adj_close,adj_high,adj_low,adj_open,adj_volume,close,ex_dividend,high,low,open,split_ratio,volume,Day of Week
0,2017-02-10,0.8299,0.8401,0.82,0.84,50078.0,0.8299,0.0,0.8401,0.82,0.84,1.0,50078.0,4
1,2017-02-09,0.8490000000000001,0.8490000000000001,0.83,0.8490000000000001,12143.0,0.8490000000000001,0.0,0.8490000000000001,0.83,0.8490000000000001,1.0,12143.0,3
2,2017-02-08,0.86,0.868,0.8395,0.84,43515.0,0.86,0.0,0.868,0.8395,0.84,1.0,43515.0,2
3,2017-02-07,0.8399,0.877,0.83,0.86,44167.0,0.8399,0.0,0.877,0.83,0.86,1.0,44167.0,1
4,2017-02-06,0.8679,0.8867,0.8431,0.8867,20377.0,0.8679,0.0,0.8867,0.8431,0.8867,1.0,20377.0,0
5,2017-02-03,0.88,0.887,0.8425,0.8493,36817.0,0.88,0.0,0.887,0.8425,0.8493,1.0,36817.0,4
6,2017-02-02,0.8403,0.86,0.83,0.85,33277.0,0.8403,0.0,0.86,0.83,0.85,1.0,33277.0,3
7,2017-02-01,0.87,0.89,0.85,0.89,55917.0,0.87,0.0,0.89,0.85,0.89,1.0,55917.0,2
8,2017-01-31,0.8501,0.89,0.84,0.84,238879.0,0.8501,0.0,0.89,0.84,0.84,1.0,238879.0,1
9,2017-01-30,0.84,0.86,0.83,0.86,61951.0,0.84,0.0,0.86,0.83,0.86,1.0,61951.0,0
10,2017-01-27,0.86,0.878,0.8252,0.8290000000000001,277601.0,0.86,0.0,0.878,0.8252,0.8290000000000001,1.0,277601.0,4
11,2017-01-26,0.8258,0.8290000000000001,0.8,0.8,82717.0,0.8258,0.0,0.8290000000000001,0.8,0.8,1.0,82717.0,3
12,2017-01-25,0.7963,0.84,0.7873,0.7873,432655.0,0.7963,0.0,0.84,0.7873,0.7873,1.0,432655.0,2
13,2017-01-24,0.8,0.8,0.78,0.79,166179.0,0.8,0.0,0.8,0.78,0.79,1.0,166179.0,1
14,2017-01-23,0.799,0.8,0.7701,0.78,123989.0,0.799,0.0,0.8,0.7701,0.78,1.0,123989.0,0
15,2017-01-20,0.775,0.8,0.76,0.7879999999999999,96775.0,0.775,0.0,0.8,0.76,0.7879999999999999,1.0,96775.0,4
16,2017-01-19,0.78,0.7979999999999999,0.75,0.7723,25652.0,0.78,0.0,0.7979999999999999,0.75,0.7723,1.0,25652.0,3
17,2017-01-18,0.77,0.7959999999999999,0.730001,0.7636,37536.0,0.77,0.0,0.7959999999999999,0.730001,0.7636,1.0,37536.0,2
18,2017-01-17,0.7509999999999999,0.8,0.75,0.77,38583.0,0.7509999999999999,0.0,0.8,0.75,0.77,1.0,38583.0,1
19,2017-01-13,0.7726,0.8,0.7609999999999999,0.7609999999999999,76904.0,0.7726,0.0,0.8,0.7609999999999999,0.7609999999999999,1.0,76904.0,4
20,2017-01-12,0.79,0.8,0.748,0.75,156033.0,0.79,0.0,0.8,0.748,0.75,1.0,156033.0,3
21,2017-01-11,0.748,0.748,0.7324,0.7477,43842.0,0.748,0.0,0.748,0.7324,0.7477,1.0,43842.0,2
22,2017-01-10,0.74655,0.7499,0.7302,0.7499,18768.0,0.74655,0.0,0.7499,0.7302,0.7499,1.0,18768.0,1
23,2017-01-09,0.75,0.75,0.731,0.731,16696.0,0.75,0.0,0.75,0.731,0.731,1.0,16696.0,0
24,2017-01-06,0.73,0.7595,0.7033,0.74,93987.0,0.73,0.0,0.7595,0.7033,0.74,1.0,93987.0,4
25,2017-01-05,0.7417,0.75,0.725,0.75,29632.0,0.7417,0.0,0.75,0.725,0.75,1.0,29632.0,3
26,2017-01-04,0.75,0.75,0.7401,0.75,31537.0,0.75,0.0,0.75,0.7401,0.75,1.0,31537.0,2
27,2017-01-03,0.75,0.75,0.7416,0.75,21898.0,0.75,0.0,0.75,0.7416,0.75,1.0,21898.0,1
28,2016-12-30,0.7213,0.759,0.721,0.721,248156.0,0.7213,0.0,0.759,0.721,0.721,1.0,248156.0,4
29,2016-12-29,0.76,0.77,0.72,0.7607,43808.0,0.76,0.0,0.77,0.72,0.7607,1.0,43808.0,3
30,2016-12-28,0.779,0.8,0.73,0.7842,80037.0,0.779,0.0,0.8,0.73,0.7842,1.0,80037.0,2
31,2016-12-27,0.7835,0.8,0.77,0.77,31402.0,0.7835,0.0,0.8,0.77,0.77,1.0,31402.0,1
32,2016-12-23,0.8,0.82,0.77,0.82,76114.0,0.8,0.0,0.82,0.77,0.82,1.0,76114.0,4
33,2016-12-22,0.8,0.81,0.731,0.787,85642.0,0.8,0.0,0.81,0.731,0.787,1.0,85642.0,3
34,2016-12-21,0.784,0.79,0.725,0.725,44989.0,0.784,0.0,0.79,0.725,0.725,1.0,44989.0,2
35,2016-12-20,0.73,0.78,0.7101,0.72,204274.0,0.73,0.0,0.78,0.7101,0.72,1.0,204274.0,1
36,2016-12-19,0.74,0.7594,0.7399,0.74,34736.0,0.74,0.0,0.7594,0.7399,0.74,1.0,34736.0,0
37,2016-12-16,0.74,0.755,0.74,0.7509999999999999,88465.0,0.74,0.0,0.755,0.74,0.7509999999999999,1.0,88465.0,4
38,2016-12-15,0.7511,0.78,0.7509999999999999,0.78,41704.0,0.7511,0.0,0.78,0.7509999999999999,0.78,1.0,41704.0,3
39,2016-12-14,0.78,0.8148,0.78,0.805,19787.0,0.78,0.0,0.8148,0.78,0.805,1.0,19787.0,2
40,2016-12-13,0.7778,0.8187,0.7546,0.7803,48846.0,0.7778,0.0,0.8187,0.7546,0.7803,1.0,48846.0,1
41,2016-12-12,0.78,0.84,0.7702,0.84,78328.0,0.78,0.0,0.84,0.7702,0.84,1.0,78328.0,0
42,2016-12-09,0.81,0.815,0.7948,0.8,45930.0,0.81,0.0,0.815,0.7948,0.8,1.0,45930.0,4
43,2016-12-08,0.8175,0.82,0.8105,0.8105,32212.0,0.8175,0.0,0.82,0.8105,0.8105,1.0,32212.0,3
44,2016-12-07,0.8107,0.8107,0.785,0.785,36667.0,0.8107,0.0,0.8107,0.785,0.785,1.0,36667.0,2
45,2016-12-06,0.7909,0.7999,0.765,0.765,53933.0,0.7909,0.0,0.7999,0.765,0.765,1.0,53933.0,1
46,2016-12-05,0.78,0.7999,0.775,0.775,44018.0,0.78,0.0,0.7999,0.775,0.775,1.0,44018.0,0
47,2016-12-02,0.7849,0.79,0.78,0.7825,13551.0,0.7849,0.0,0.79,0.78,0.7825,1.0,13551.0,4
48,2016-12-01,0.7825,0.88,0.78,0.7881,100246.0,0.7825,0.0,0.88,0.78,0.7881,1.0,100246.0,3
49,2016-11-30,0.7999,0.8596,0.7875,0.79,25974.0,0.7999,0.0,0.8596,0.7875,0.79,1.0,25974.0,2
50,2016-11-29,0.8,0.84,0.79,0.8339,36907.0,0.8,0.0,0.84,0.79,0.8339,1.0,36907.0,1
51,2016-11-28,0.8229,0.88,0.81,0.81,81207.0,0.8229,0.0,0.88,0.81,0.81,1.0,81207.0,0
52,2016-11-25,0.8199,0.8199,0.79,0.8035,17560.0,0.8199,0.0,0.8199,0.79,0.8035,1.0,17560.0,4
53,2016-11-23,0.82,0.82,0.78,0.82,21615.0,0.82,0.0,0.82,0.78,0.82,1.0,21615.0,2
54,2016-11-22,0.82,0.8899,0.78,0.8897,70618.0,0.82,0.0,0.8899,0.78,0.8897,1.0,70618.0,1
55,2016-11-21,0.84,0.91,0.83,0.88,70233.0,0.84,0.0,0.91,0.83,0.88,1.0,70233.0,0
56,2016-11-18,0.8875,0.9,0.85,0.9,76882.0,0.8875,0.0,0.9,0.85,0.9,1.0,76882.0,4
57,2016-11-17,0.8795,0.9427,0.8201,0.88,498597.0,0.8795,0.0,0.9427,0.8201,0.88,1.0,498597.0,3
58,2016-11-16,0.8637,0.89,0.85,0.87,212204.0,0.8637,0.0,0.89,0.85,0.87,1.0,212204.0,2
59,2016-11-15,0.85,0.85,0.83,0.84,124607.0,0.85,0.0,0.85,0.83,0.84,1.0,124607.0,1
60,2016-11-14,0.825,0.83,0.7992,0.8,48028.0,0.825,0.0,0.83,0.7992,0.8,1.0,48028.0,0
61,2016-11-11,0.79,0.8,0.75,0.75,45374.0,0.79,0.0,0.8,0.75,0.75,1.0,45374.0,4
62,2016-11-10,0.75,0.75,0.72,0.74,37040.0,0.75,0.0,0.75,0.72,0.74,1.0,37040.0,3
63,2016-11-09,0.73,0.769,0.73,0.769,28048.0,0.73,0.0,0.769,0.73,0.769,1.0,28048.0,2
64,2016-11-08,0.73,0.78,0.7015,0.78,16728.0,0.73,0.0,0.78,0.7015,0.78,1.0,16728.0,1
65,2016-11-07,0.763,0.79,0.76,0.79,40515.0,0.763,0.0,0.79,0.76,0.79,1.0,40515.0,0
66,2016-11-04,0.79,0.79,0.76,0.775,30714.0,0.79,0.0,0.79,0.76,0.775,1.0,30714.0,4
67,2016-11-03,0.8,0.82,0.7732,0.8,19853.0,0.8,0.0,0.82,0.7732,0.8,1.0,19853.0,3
68,2016-11-02,0.8,0.815,0.77,0.8148,76628.0,0.8,0.0,0.815,0.77,0.8148,1.0,76628.0,2
69,2016-11-01,0.8059999999999999,0.815,0.8009999999999999,0.81,18721.0,0.8059999999999999,0.0,0.815,0.8009999999999999,0.81,1.0,18721.0,1
70,2016-10-31,0.81,0.83,0.79,0.83,73206.0,0.81,0.0,0.83,0.79,0.83,1.0,73206.0,0
71,2016-10-28,0.83,0.83,0.8029999999999999,0.8029999999999999,45618.0,0.83,0.0,0.83,0.8029999999999999,0.8029999999999999,1.0,45618.0,4
72,2016-10-27,0.83,0.847,0.8001,0.8001,15724.0,0.83,0.0,0.847,0.8001,0.8001,1.0,15724.0,3
73,2016-10-26,0.83,0.85,0.82,0.821,39894.0,0.83,0.0,0.85,0.82,0.821,1.0,39894.0,2
74,2016-10-25,0.8388,0.87,0.8201,0.87,18402.0,0.8388,0.0,0.87,0.8201,0.87,1.0,18402.0,1
75,2016-10-24,0.8411,0.8697,0.82,0.8697,68480.0,0.8411,0.0,0.8697,0.82,0.8697,1.0,68480.0,0
76,2016-10-21,0.85,0.87,0.831,0.87,178526.0,0.85,0.0,0.87,0.831,0.87,1.0,178526.0,4
77,2016-10-20,0.8301,0.89,0.8,0.823,114292.0,0.8301,0.0,0.89,0.8,0.823,1.0,114292.0,3
78,2016-10-19,0.88,0.88,0.82,0.82,248723.0,0.88,0.0,0.88,0.82,0.82,1.0,248723.0,2
79,2016-10-18,0.82,0.88,0.8,0.8,165375.0,0.82,0.0,0.88,0.8,0.8,1.0,165375.0,1
80,2016-10-17,0.8,0.8378,0.8,0.8378,8743.0,0.8,0.0,0.8378,0.8,0.8378,1.0,8743.0,0
81,2016-10-14,0.8477,0.89,0.769,0.8899,192654.0,0.8477,0.0,0.89,0.769,0.8899,1.0,192654.0,4
82,2016-10-13,0.85,0.9,0.8011,0.9,73016.0,0.85,0.0,0.9,0.8011,0.9,1.0,73016.0,3
83,2016-10-12,0.86,0.86,0.8205,0.8205,24326.0,0.86,0.0,0.86,0.8205,0.8205,1.0,24326.0,2
84,2016-10-11,0.84,0.9,0.78,0.79,182434.0,0.84,0.0,0.9,0.78,0.79,1.0,182434.0,1
85,2016-10-10,0.81,0.81,0.8005,0.8029999999999999,13355.0,0.81,0.0,0.81,0.8005,0.8029999999999999,1.0,13355.0,0
86,2016-10-07,0.8,0.8290000000000001,0.8,0.8101,39297.0,0.8,0.0,0.8290000000000001,0.8,0.8101,1.0,39297.0,4
87,2016-10-06,0.83,0.848,0.81,0.848,43426.0,0.83,0.0,0.848,0.81,0.848,1.0,43426.0,3
88,2016-10-05,0.831,0.84,0.8,0.8,31428.0,0.831,0.0,0.84,0.8,0.8,1.0,31428.0,2
89,2016-10-04,0.8201,0.852,0.8201,0.8321,18362.0,0.8201,0.0,0.852,0.8201,0.8321,1.0,18362.0,1
90,2016-10-03,0.83,0.87,0.82,0.82,41924.0,0.83,0.0,0.87,0.82,0.82,1.0,41924.0,0
91,2016-09-30,0.8101,0.8199,0.8,0.81,13017.0,0.8101,0.0,0.8199,0.8,0.81,1.0,13017.0,4
92,2016-09-29,0.8001,0.84,0.8001,0.83,26888.0,0.8001,0.0,0.84,0.8001,0.83,1.0,26888.0,3
93,2016-09-28,0.8469,0.8469,0.82,0.83,27065.0,0.8469,0.0,0.8469,0.82,0.83,1.0,27065.0,2
94,2016-09-27,0.83,0.8703,0.7505,0.8703,216781.0,0.83,0.0,0.8703,0.7505,0.8703,1.0,216781.0,1
95,2016-09-26,0.87,0.87,0.8601,0.87,12705.0,0.87,0.0,0.87,0.8601,0.87,1.0,12705.0,0
96,2016-09-23,0.8599,0.8897,0.8320000000000001,0.85,27159.0,0.8599,0.0,0.8897,0.8320000000000001,0.85,1.0,27159.0,4
97,2016-09-22,0.855,0.895,0.8,0.8701,113418.0,0.855,0.0,0.895,0.8,0.8701,1.0,113418.0,3
98,2016-09-21,0.87,0.8903,0.8611,0.89,17024.0,0.87,0.0,0.8903,0.8611,0.89,1.0,17024.0,2
99,2016-09-20,0.91,0.91,0.85,0.8905,46981.0,0.91,0.0,0.91,0.85,0.8905,1.0,46981.0,1
100,2016-09-19,0.8879,0.8999,0.8397,0.8399,66429.0,0.8879,0.0,0.8999,0.8397,0.8399,1.0,66429.0,0
101,2016-09-16,0.82,0.84,0.8101,0.82,32310.0,0.82,0.0,0.84,0.8101,0.82,1.0,32310.0,4
102,2016-09-15,0.82,0.9,0.8122,0.8722,269050.0,0.82,0.0,0.9,0.8122,0.8722,1.0,269050.0,3
103,2016-09-14,0.89,0.9101,0.8721,0.91,88702.0,0.89,0.0,0.9101,0.8721,0.91,1.0,88702.0,2
104,2016-09-13,0.9,0.9495,0.9,0.9494,68104.0,0.9,0.0,0.9495,0.9,0.9494,1.0,68104.0,1
105,2016-09-12,0.95,1.0,0.92,0.9452,103803.0,0.95,0.0,1.0,0.92,0.9452,1.0,103803.0,0
106,2016-09-09,0.9797,0.9934,0.95,0.9934,69717.0,0.9797,0.0,0.9934,0.95,0.9934,1.0,69717.0,4
107,2016-09-08,0.9896,1.004,0.97,0.9901,42060.0,0.9896,0.0,1.004,0.97,0.9901,1.0,42060.0,3
108,2016-09-07,0.9997,1.01,0.99,1.01,20968.0,0.9997,0.0,1.01,0.99,1.01,1.0,20968.0,2
109,2016-09-06,1.0,1.0090000000000001,0.98,0.9803,40363.0,1.0,0.0,1.0090000000000001,0.98,0.9803,1.0,40363.0,1
110,2016-09-02,0.99,1.01,0.98,1.01,77003.0,0.99,0.0,1.01,0.98,1.01,1.0,77003.0,4
111,2016-09-01,1.0,1.022,0.99,1.01,57965.0,1.0,0.0,1.022,0.99,1.01,1.0,57965.0,3
112,2016-08-31,1.03,1.04,0.98,1.025,100159.0,1.03,0.0,1.04,0.98,1.025,1.0,100159.0,2
113,2016-08-30,1.01,1.05,1.01,1.01,29546.0,1.01,0.0,1.05,1.01,1.01,1.0,29546.0,1
114,2016-08-29,1.01,1.03,0.9848,0.9848,26601.0,1.01,0.0,1.03,0.9848,0.9848,1.0,26601.0,0
115,2016-08-26,1.01,1.02,0.97,0.97,20571.0,1.01,0.0,1.02,0.97,0.97,1.0,20571.0,4
116,2016-08-25,0.98,0.998,0.9740000000000001,0.998,22553.0,0.98,0.0,0.998,0.9740000000000001,0.998,1.0,22553.0,3
117,2016-08-24,1.0,1.04,1.0,1.01,65872.0,1.0,0.0,1.04,1.0,1.01,1.0,65872.0,2
118,2016-08-23,1.02,1.04,1.02,1.0201,84790.0,1.02,0.0,1.04,1.02,1.0201,1.0,84790.0,1
119,2016-08-22,1.03,1.04,1.0101,1.0101,45324.0,1.03,0.0,1.04,1.0101,1.0101,1.0,45324.0,0
120,2016-08-19,1.0101,1.06,0.9717,0.9746,287493.0,1.0101,0.0,1.06,0.9717,0.9746,1.0,287493.0,4
121,2016-08-18,0.9717,0.99,0.97,0.97,109718.0,0.9717,0.0,0.99,0.97,0.97,1.0,109718.0,3
122,2016-08-17,0.99,1.04,0.97,1.04,73429.0,0.99,0.0,1.04,0.97,1.04,1.0,73429.0,2
123,2016-08-16,1.0,1.05,1.0,1.05,78481.0,1.0,0.0,1.05,1.0,1.05,1.0,78481.0,1
124,2016-08-15,1.0624,1.11,1.02,1.06,73015.0,1.0624,0.0,1.11,1.02,1.06,1.0,73015.0,0
125,2016-08-12,1.08,1.14,1.02,1.07,82947.0,1.08,0.0,1.14,1.02,1.07,1.0,82947.0,4
126,2016-08-11,1.06,1.14,1.06,1.08,385948.0,1.06,0.0,1.14,1.06,1.08,1.0,385948.0,3
127,2016-08-10,1.1,1.1,1.03,1.03,304131.0,1.1,0.0,1.1,1.03,1.03,1.0,304131.0,2
128,2016-08-09,1.06,1.11,1.01,1.01,386982.0,1.06,0.0,1.11,1.01,1.01,1.0,386982.0,1
129,2016-08-08,1.01,1.03,0.97,0.97,209375.0,1.01,0.0,1.03,0.97,0.97,1.0,209375.0,0
130,2016-08-05,0.97,0.99,0.92,0.95,92906.0,0.97,0.0,0.99,0.92,0.95,1.0,92906.0,4
131,2016-08-04,0.97,0.99,0.9128,0.92,71741.0,0.97,0.0,0.99,0.9128,0.92,1.0,71741.0,3
132,2016-08-03,0.95,0.95,0.92,0.9309999999999999,43945.0,0.95,0.0,0.95,0.92,0.9309999999999999,1.0,43945.0,2
133,2016-08-02,0.95,0.98,0.9309999999999999,0.98,50731.0,0.95,0.0,0.98,0.9309999999999999,0.98,1.0,50731.0,1
134,2016-08-01,0.97,0.97,0.9135,0.92,51890.0,0.97,0.0,0.97,0.9135,0.92,1.0,51890.0,0
135,2016-07-29,0.8908,0.9297,0.888,0.91,83234.0,0.8908,0.0,0.9297,0.888,0.91,1.0,83234.0,4
136,2016-07-28,0.91,1.0,0.91,0.98,225327.0,0.91,0.0,1.0,0.91,0.98,1.0,225327.0,3
137,2016-07-27,0.98,1.0115,0.97,1.0,33132.0,0.98,0.0,1.0115,0.97,1.0,1.0,33132.0,2
138,2016-07-26,1.0,1.036,0.99,0.99,50424.0,1.0,0.0,1.036,0.99,0.99,1.0,50424.0,1
139,2016-07-25,1.01,1.03,0.99,0.99,111981.0,1.01,0.0,1.03,0.99,0.99,1.0,111981.0,0
140,2016-07-22,1.01,1.06,0.9520000000000001,1.05,75105.0,1.01,0.0,1.06,0.9520000000000001,1.05,1.0,75105.0,4
141,2016-07-21,1.03,1.06,0.9402,0.96,341999.0,1.03,0.0,1.06,0.9402,0.96,1.0,341999.0,3
142,2016-07-20,0.94,1.01,0.8,1.01,144103.0,0.94,0.0,1.01,0.8,1.01,1.0,144103.0,2
143,2016-07-19,1.02,1.09,0.98,1.05,138393.0,1.02,0.0,1.09,0.98,1.05,1.0,138393.0,1
144,2016-07-18,1.06,1.13,1.05,1.13,178889.0,1.06,0.0,1.13,1.05,1.13,1.0,178889.0,0
145,2016-07-15,1.07,1.12,1.0675,1.1,95937.0,1.07,0.0,1.12,1.0675,1.1,1.0,95937.0,4
146,2016-07-14,1.1,1.1611,1.09,1.09,125703.0,1.1,0.0,1.1611,1.09,1.09,1.0,125703.0,3
147,2016-07-13,1.09,1.11,1.08,1.11,23890.0,1.09,0.0,1.11,1.08,1.11,1.0,23890.0,2
148,2016-07-12,1.12,1.15,1.12,1.14,70845.0,1.12,0.0,1.15,1.12,1.14,1.0,70845.0,1
149,2016-07-11,1.11,1.14,1.06,1.06,75760.0,1.11,0.0,1.14,1.06,1.06,1.0,75760.0,0
150,2016-07-08,1.07,1.13,1.07,1.07,99860.0,1.07,0.0,1.13,1.07,1.07,1.0,99860.0,4
151,2016-07-07,1.09,1.19,1.06,1.1,98796.0,1.09,0.0,1.19,1.06,1.1,1.0,98796.0,3
152,2016-07-06,1.11,1.16,1.06,1.16,60744.0,1.11,0.0,1.16,1.06,1.16,1.0,60744.0,2
153,2016-07-05,1.14,1.2225,1.14,1.17,42310.0,1.14,0.0,1.2225,1.14,1.17,1.0,42310.0,1
154,2016-07-01,1.2,1.23,1.17,1.22,23522.0,1.2,0.0,1.23,1.17,1.22,1.0,23522.0,4
155,2016-06-30,1.19,1.24,1.17,1.19,32613.0,1.19,0.0,1.24,1.17,1.19,1.0,32613.0,3
156,2016-06-29,1.19,1.2399,1.17,1.1899,19001.0,1.19,0.0,1.2399,1.17,1.1899,1.0,19001.0,2
157,2016-06-28,1.2,1.2,1.17,1.18,19923.0,1.2,0.0,1.2,1.17,1.18,1.0,19923.0,1
158,2016-06-27,1.16,1.22,1.16,1.22,57164.0,1.16,0.0,1.22,1.16,1.22,1.0,57164.0,0
159,2016-06-24,1.25,1.25,1.16,1.2,78727.0,1.25,0.0,1.25,1.16,1.2,1.0,78727.0,4
160,2016-06-23,1.27,1.29,1.205,1.26,21091.0,1.27,0.0,1.29,1.205,1.26,1.0,21091.0,3
161,2016-06-22,1.26,1.26,1.1801,1.23,19674.0,1.26,0.0,1.26,1.1801,1.23,1.0,19674.0,2
162,2016-06-21,1.26,1.26,1.2,1.22,13373.0,1.26,0.0,1.26,1.2,1.22,1.0,13373.0,1
163,2016-06-20,1.24,1.27,1.18,1.27,72114.0,1.24,0.0,1.27,1.18,1.27,1.0,72114.0,0
164,2016-06-17,1.27,1.29,1.22,1.29,9868.0,1.27,0.0,1.29,1.22,1.29,1.0,9868.0,4
165,2016-06-16,1.24,1.33,1.2,1.31,27050.0,1.24,0.0,1.33,1.2,1.31,1.0,27050.0,3
166,2016-06-15,1.29,1.31,1.26,1.3,16002.0,1.29,0.0,1.31,1.26,1.3,1.0,16002.0,2
167,2016-06-14,1.29,1.34,1.25,1.29,17947.0,1.29,0.0,1.34,1.25,1.29,1.0,17947.0,1
168,2016-06-13,1.29,1.3501,1.27,1.35,32383.0,1.29,0.0,1.3501,1.27,1.35,1.0,32383.0,0
169,2016-06-10,1.34,1.39,1.33,1.36,19657.0,1.34,0.0,1.39,1.33,1.36,1.0,19657.0,4
170,2016-06-09,1.39,1.43,1.31,1.38,17991.0,1.39,0.0,1.43,1.31,1.38,1.0,17991.0,3
171,2016-06-08,1.4,1.48,1.3,1.44,196990.0,1.4,0.0,1.48,1.3,1.44,1.0,196990.0,2
172,2016-06-07,1.38,1.41,1.35,1.35,91480.0,1.38,0.0,1.41,1.35,1.35,1.0,91480.0,1
173,2016-06-06,1.35,1.4,1.26,1.29,92061.0,1.35,0.0,1.4,1.26,1.29,1.0,92061.0,0
174,2016-06-03,1.26,1.2601,1.21,1.22,96516.0,1.26,0.0,1.2601,1.21,1.22,1.0,96516.0,4
175,2016-06-02,1.22,1.24,1.21,1.24,19514.0,1.22,0.0,1.24,1.21,1.24,1.0,19514.0,3
176,2016-06-01,1.24,1.24,1.18,1.2,9400.0,1.24,0.0,1.24,1.18,1.2,1.0,9400.0,2
177,2016-05-31,1.22,1.23,1.21,1.22,30722.0,1.22,0.0,1.23,1.21,1.22,1.0,30722.0,1
178,2016-05-27,1.21,1.21,1.19,1.2,34017.0,1.21,0.0,1.21,1.19,1.2,1.0,34017.0,4
179,2016-05-26,1.2,1.24,1.16,1.21,16212.0,1.2,0.0,1.24,1.16,1.21,1.0,16212.0,3
180,2016-05-25,1.23,1.24,1.18,1.24,3857.0,1.23,0.0,1.24,1.18,1.24,1.0,3857.0,2
181,2016-05-24,1.18,1.24,1.16,1.24,29271.0,1.18,0.0,1.24,1.16,1.24,1.0,29271.0,1
182,2016-05-23,1.19,1.24,1.16,1.2,27507.0,1.19,0.0,1.24,1.16,1.2,1.0,27507.0,0
183,2016-05-20,1.22,1.25,1.16,1.2399,37624.0,1.22,0.0,1.25,1.16,1.2399,1.0,37624.0,4
184,2016-05-19,1.19,1.25,1.1603,1.25,52592.0,1.19,0.0,1.25,1.1603,1.25,1.0,52592.0,3
185,2016-05-18,1.25,1.25,1.15,1.2001,27355.0,1.25,0.0,1.25,1.15,1.2001,1.0,27355.0,2
186,2016-05-17,1.24,1.29,1.23,1.29,18999.0,1.24,0.0,1.29,1.23,1.29,1.0,18999.0,1
187,2016-05-16,1.24,1.28,1.1201,1.18,102896.0,1.24,0.0,1.28,1.1201,1.18,1.0,102896.0,0
188,2016-05-13,1.2,1.22,1.15,1.2,69082.0,1.2,0.0,1.22,1.15,1.2,1.0,69082.0,4
189,2016-05-12,1.19,1.2,1.16,1.19,40882.0,1.19,0.0,1.2,1.16,1.19,1.0,40882.0,3
190,2016-05-11,1.21,1.22,1.18,1.18,26907.0,1.21,0.0,1.22,1.18,1.18,1.0,26907.0,2
191,2016-05-10,1.18,1.24,1.16,1.16,131674.0,1.18,0.0,1.24,1.16,1.16,1.0,131674.0,1
192,2016-05-09,1.15,1.41,1.14,1.41,322986.0,1.15,0.0,1.41,1.14,1.41,1.0,322986.0,0
193,2016-05-06,1.4,1.5,1.375,1.5,146455.0,1.4,0.0,1.5,1.375,1.5,1.0,146455.0,4
194,2016-05-05,1.5,1.55,1.43,1.55,126578.0,1.5,0.0,1.55,1.43,1.55,1.0,126578.0,3
195,2016-05-04,1.54,1.56,1.48,1.54,36836.0,1.54,0.0,1.56,1.48,1.54,1.0,36836.0,2
196,2016-05-03,1.54,1.58,1.48,1.54,75103.0,1.54,0.0,1.58,1.48,1.54,1.0,75103.0,1
197,2016-05-02,1.54,1.54,1.47,1.51,18867.0,1.54,0.0,1.54,1.47,1.51,1.0,18867.0,0
198,2016-04-29,1.5,1.55,1.48,1.55,110004.0,1.5,0.0,1.55,1.48,1.55,1.0,110004.0,4
199,2016-04-28,1.54,1.55,1.47,1.51,85246.0,1.54,0.0,1.55,1.47,1.51,1.0,85246.0,3
200,2016-04-27,1.5,1.55,1.45,1.5,111317.0,1.5,0.0,1.55,1.45,1.5,1.0,111317.0,2
201,2016-04-26,1.48,1.56,1.48,1.55,116561.0,1.48,0.0,1.56,1.48,1.55,1.0,116561.0,1
202,2016-04-25,1.55,1.6099,1.55,1.6001,29275.0,1.55,0.0,1.6099,1.55,1.6001,1.0,29275.0,0
203,2016-04-22,1.58,1.65,1.49,1.49,156646.0,1.58,0.0,1.65,1.49,1.49,1.0,156646.0,4
204,2016-04-21,1.48,1.64,1.45,1.6,198500.0,1.48,0.0,1.64,1.45,1.6,1.0,198500.0,3
205,2016-04-20,1.59,1.6,1.501,1.6,130950.0,1.59,0.0,1.6,1.501,1.6,1.0,130950.0,2
206,2016-04-19,1.59,1.67,1.58,1.62,136994.0,1.59,0.0,1.67,1.58,1.62,1.0,136994.0,1
207,2016-04-18,1.61,1.67,1.59,1.67,136432.0,1.61,0.0,1.67,1.59,1.67,1.0,136432.0,0
208,2016-04-15,1.66,1.6701,1.62,1.64,109099.0,1.66,0.0,1.6701,1.62,1.64,1.0,109099.0,4
209,2016-04-14,1.65,1.65,1.6,1.65,87319.0,1.65,0.0,1.65,1.6,1.65,1.0,87319.0,3
210,2016-04-13,1.62,1.69,1.59,1.65,165736.0,1.62,0.0,1.69,1.59,1.65,1.0,165736.0,2
211,2016-04-12,1.65,1.78,1.57,1.68,736198.0,1.65,0.0,1.78,1.57,1.68,1.0,736198.0,1
212,2016-04-11,1.49,1.55,1.44,1.44,109940.0,1.49,0.0,1.55,1.44,1.44,1.0,109940.0,0
213,2016-04-08,1.44,1.4501,1.41,1.45,80670.0,1.44,0.0,1.4501,1.41,1.45,1.0,80670.0,4
214,2016-04-07,1.45,1.47,1.42,1.44,75302.0,1.45,0.0,1.47,1.42,1.44,1.0,75302.0,3
215,2016-04-06,1.44,1.48,1.42,1.42,137192.0,1.44,0.0,1.48,1.42,1.42,1.0,137192.0,2
216,2016-04-05,1.41,1.48,1.39,1.44,156892.0,1.41,0.0,1.48,1.39,1.44,1.0,156892.0,1
217,2016-04-04,1.43,1.5,1.4,1.5,107953.0,1.43,0.0,1.5,1.4,1.5,1.0,107953.0,0
218,2016-04-01,1.47,1.5,1.46,1.47,49387.0,1.47,0.0,1.5,1.46,1.47,1.0,49387.0,4
219,2016-03-31,1.47,1.5,1.46,1.47,50661.0,1.47,0.0,1.5,1.46,1.47,1.0,50661.0,3
220,2016-03-30,1.47,1.5,1.46,1.47,138919.0,1.47,0.0,1.5,1.46,1.47,1.0,138919.0,2
221,2016-03-29,1.47,1.48,1.44,1.47,49403.0,1.47,0.0,1.48,1.44,1.47,1.0,49403.0,1
222,2016-03-28,1.46,1.46,1.44,1.44,21031.0,1.46,0.0,1.46,1.44,1.44,1.0,21031.0,0
223,2016-03-24,1.43,1.49,1.4,1.48,112945.0,1.43,0.0,1.49,1.4,1.48,1.0,112945.0,3
224,2016-03-23,1.49,1.51,1.46,1.51,28282.0,1.49,0.0,1.51,1.46,1.51,1.0,28282.0,2
225,2016-03-22,1.5,1.54,1.48,1.51,106119.0,1.5,0.0,1.54,1.48,1.51,1.0,106119.0,1
226,2016-03-21,1.5,1.54,1.43,1.48,76168.0,1.5,0.0,1.54,1.43,1.48,1.0,76168.0,0
227,2016-03-18,1.51,1.54,1.46,1.48,100271.0,1.51,0.0,1.54,1.46,1.48,1.0,100271.0,4
228,2016-03-17,1.48,1.48,1.44,1.44,43002.0,1.48,0.0,1.48,1.44,1.44,1.0,43002.0,3
229,2016-03-16,1.46,1.46,1.4201,1.4201,22426.0,1.46,0.0,1.46,1.4201,1.4201,1.0,22426.0,2
230,2016-03-15,1.4199,1.556,1.38,1.51,224224.0,1.4199,0.0,1.556,1.38,1.51,1.0,224224.0,1
231,2016-03-14,1.54,1.57,1.47,1.51,214729.0,1.54,0.0,1.57,1.47,1.51,1.0,214729.0,0
232,2016-03-11,1.49,1.49,1.4,1.47,173577.0,1.49,0.0,1.49,1.4,1.47,1.0,173577.0,4
233,2016-03-10,1.44,1.51,1.425,1.48,76739.0,1.44,0.0,1.51,1.425,1.48,1.0,76739.0,3
234,2016-03-09,1.48,1.52,1.43,1.48,67891.0,1.48,0.0,1.52,1.43,1.48,1.0,67891.0,2
235,2016-03-08,1.48,1.6027,1.42,1.57,245241.0,1.48,0.0,1.6027,1.42,1.57,1.0,245241.0,1
236,2016-03-07,1.56,1.59,1.3732,1.43,396935.0,1.56,0.0,1.59,1.3732,1.43,1.0,396935.0,0
237,2016-03-04,1.43,1.48,1.22,1.23,546925.0,1.43,0.0,1.48,1.22,1.23,1.0,546925.0,4
238,2016-03-03,1.23,1.27,1.22,1.2499,117723.0,1.23,0.0,1.27,1.22,1.2499,1.0,117723.0,3
239,2016-03-02,1.26,1.28,1.23,1.24,65983.0,1.26,0.0,1.28,1.23,1.24,1.0,65983.0,2
240,2016-03-01,1.26,1.28,1.2,1.23,127738.0,1.26,0.0,1.28,1.2,1.23,1.0,127738.0,1
241,2016-02-29,1.22,1.28,1.21,1.28,140331.0,1.22,0.0,1.28,1.21,1.28,1.0,140331.0,0
242,2016-02-26,1.2799,1.28,1.23,1.25,103256.0,1.2799,0.0,1.28,1.23,1.25,1.0,103256.0,4
243,2016-02-25,1.2401,1.28,1.24,1.28,73228.0,1.2401,0.0,1.28,1.24,1.28,1.0,73228.0,3
244,2016-02-24,1.29,1.3,1.245,1.28,130604.0,1.29,0.0,1.3,1.245,1.28,1.0,130604.0,2
245,2016-02-23,1.28,1.288,1.24,1.26,65426.0,1.28,0.0,1.288,1.24,1.26,1.0,65426.0,1
246,2016-02-22,1.265,1.33,1.21,1.24,139907.0,1.265,0.0,1.33,1.21,1.24,1.0,139907.0,0
247,2016-02-19,1.23,1.25,1.22,1.22,52915.0,1.23,0.0,1.25,1.22,1.22,1.0,52915.0,4
248,2016-02-18,1.22,1.3,1.2,1.2599,115013.0,1.22,0.0,1.3,1.2,1.2599,1.0,115013.0,3
249,2016-02-17,1.26,1.27,1.229,1.23,73209.0,1.26,0.0,1.27,1.229,1.23,1.0,73209.0,2
250,2016-02-16,1.22,1.2701,1.19,1.2699,135583.0,1.22,0.0,1.2701,1.19,1.2699,1.0,135583.0,1
251,2016-02-12,1.23,1.23,1.13,1.14,64100.0,1.23,0.0,1.23,1.13,1.14,1.0,64100.0,4
252,2016-02-11,1.11,1.18,1.06,1.16,90613.0,1.11,0.0,1.18,1.06,1.16,1.0,90613.0,3
253,2016-02-10,1.1732,1.19,1.16,1.17,188536.0,1.1732,0.0,1.19,1.16,1.17,1.0,188536.0,2
254,2016-02-09,1.16,1.275,1.15,1.21,230030.0,1.16,0.0,1.275,1.15,1.21,1.0,230030.0,1
255,2016-02-08,1.26,1.26,1.17,1.21,209666.0,1.26,0.0,1.26,1.17,1.21,1.0,209666.0,0
256,2016-02-05,1.24,1.2799,1.22,1.24,99663.0,1.24,0.0,1.2799,1.22,1.24,1.0,99663.0,4
257,2016-02-04,1.26,1.27,1.2101,1.23,123986.0,1.26,0.0,1.27,1.2101,1.23,1.0,123986.0,3
258,2016-02-03,1.23,1.32,1.185,1.31,712221.0,1.23,0.0,1.32,1.185,1.31,1.0,712221.0,2
259,2016-02-02,1.28,1.37,1.25,1.26,405940.0,1.28,0.0,1.37,1.25,1.26,1.0,405940.0,1
260,2016-02-01,1.27,1.31,1.25,1.31,205167.0,1.27,0.0,1.31,1.25,1.31,1.0,205167.0,0
261,2016-01-29,1.31,1.35,1.2,1.2,284605.0,1.31,0.0,1.35,1.2,1.2,1.0,284605.0,4
262,2016-01-28,1.2,1.23,1.16,1.21,274522.0,1.2,0.0,1.23,1.16,1.21,1.0,274522.0,3
263,2016-01-27,1.2,1.3,1.2,1.3,173075.0,1.2,0.0,1.3,1.2,1.3,1.0,173075.0,2
264,2016-01-26,1.32,1.335,1.26,1.3,292355.0,1.32,0.0,1.335,1.26,1.3,1.0,292355.0,1
265,2016-01-25,1.34,1.4,1.25,1.25,768354.0,1.34,0.0,1.4,1.25,1.25,1.0,768354.0,0
266,2016-01-22,1.24,1.32,1.16,1.17,595847.0,1.24,0.0,1.32,1.16,1.17,1.0,595847.0,4
267,2016-01-21,1.145,1.19,1.08,1.15,242543.0,1.145,0.0,1.19,1.08,1.15,1.0,242543.0,3
268,2016-01-20,1.15,1.15,1.02,1.15,355754.0,1.15,0.0,1.15,1.02,1.15,1.0,355754.0,2
269,2016-01-19,1.17,1.24,1.08,1.08,807092.0,1.17,0.0,1.24,1.08,1.08,1.0,807092.0,1
270,2016-01-15,1.05,1.09,1.0,1.08,406705.0,1.05,0.0,1.09,1.0,1.08,1.0,406705.0,4
271,2016-01-14,1.09,1.18,1.05,1.17,520040.0,1.09,0.0,1.18,1.05,1.17,1.0,520040.0,3
272,2016-01-13,1.14,1.26,1.12,1.22,296282.0,1.14,0.0,1.26,1.12,1.22,1.0,296282.0,2
273,2016-01-12,1.23,1.3999,1.2,1.2,356708.0,1.23,0.0,1.3999,1.2,1.2,1.0,356708.0,1
274,2016-01-11,1.2201,1.43,1.2,1.34,456469.0,1.2201,0.0,1.43,1.2,1.34,1.0,456469.0,0
275,2016-01-08,1.36,1.45,1.34,1.4,261195.0,1.36,0.0,1.45,1.34,1.4,1.0,261195.0,4
276,2016-01-07,1.39,1.48,1.38,1.46,648047.0,1.39,0.0,1.48,1.38,1.46,1.0,648047.0,3
277,2016-01-06,1.52,1.67,1.51,1.62,654357.0,1.52,0.0,1.67,1.51,1.62,1.0,654357.0,2
278,2016-01-05,1.68,1.84,1.6,1.72,748366.0,1.68,0.0,1.84,1.6,1.72,1.0,748366.0,1
279,2016-01-04,1.72,1.78,1.41,1.56,1198849.0,1.72,0.0,1.78,1.41,1.56,1.0,1198849.0,0
