,Unnamed: 0,adj_close,adj_high,adj_low,adj_open,adj_volume,close,ex_dividend,high,low,open,split_ratio,volume,Day of Week
0,2017-02-10,43.66,43.68,43.24,43.5,56731.0,43.66,0.0,43.68,43.24,43.5,1.0,56731.0,4
1,2017-02-09,43.24,43.34,42.4887,43.03,182287.0,43.24,0.0,43.34,42.4887,43.03,1.0,182287.0,3
2,2017-02-08,42.81,43.1,42.64,43.01,112988.0,42.81,0.0,43.1,42.64,43.01,1.0,112988.0,2
3,2017-02-07,43.08,43.38,42.5,42.76,147282.0,43.08,0.0,43.38,42.5,42.76,1.0,147282.0,1
4,2017-02-06,42.79,42.84,42.355,42.61,126309.0,42.79,0.0,42.84,42.355,42.61,1.0,126309.0,0
5,2017-02-03,42.81,42.87,41.34,41.84,320441.0,42.81,0.0,42.87,41.34,41.84,1.0,320441.0,4
6,2017-02-02,41.51,42.19,40.2062,41.97,538799.0,41.51,0.0,42.19,40.2062,41.97,1.0,538799.0,3
7,2017-02-01,44.27,44.91,43.98,44.79,252514.0,44.27,0.0,44.91,43.98,44.79,1.0,252514.0,2
8,2017-01-31,44.59,44.68,43.345,43.45,164492.0,44.59,0.0,44.68,43.345,43.45,1.0,164492.0,1
9,2017-01-30,43.5,43.73,42.58,43.1,164331.0,43.5,0.0,43.73,42.58,43.1,1.0,164331.0,0
10,2017-01-27,43.42,43.66,42.38,42.8,132544.0,43.42,0.0,43.66,42.38,42.8,1.0,132544.0,4
11,2017-01-26,42.78,43.59,42.54,43.59,100821.0,42.78,0.0,43.59,42.54,43.59,1.0,100821.0,3
12,2017-01-25,43.855,44.08,43.395,43.47,74344.0,43.855,0.0,44.08,43.395,43.47,1.0,74344.0,2
13,2017-01-24,43.15,43.62,42.67,42.88,114157.0,43.15,0.0,43.62,42.67,42.88,1.0,114157.0,1
14,2017-01-23,42.82,43.69,42.665,43.34,118079.0,42.82,0.0,43.69,42.665,43.34,1.0,118079.0,0
15,2017-01-20,43.46,44.0,43.24,43.6,140817.0,43.46,0.0,44.0,43.24,43.6,1.0,140817.0,4
16,2017-01-19,43.63,43.91,43.39,43.88,70711.0,43.63,0.0,43.91,43.39,43.88,1.0,70711.0,3
17,2017-01-18,43.93,44.59,43.67,44.59,87804.0,43.93,0.0,44.59,43.67,44.59,1.0,87804.0,2
18,2017-01-17,44.44,44.88,43.96,44.66,61816.0,44.44,0.0,44.88,43.96,44.66,1.0,61816.0,1
19,2017-01-13,44.85,45.05,44.56,44.75,92253.0,44.85,0.0,45.05,44.56,44.75,1.0,92253.0,4
20,2017-01-12,44.57,45.4,44.08,45.4,121379.0,44.57,0.0,45.4,44.08,45.4,1.0,121379.0,3
21,2017-01-11,45.53,45.82,45.02,45.66,142119.0,45.53,0.0,45.82,45.02,45.66,1.0,142119.0,2
22,2017-01-10,45.55,45.59,44.435,44.68,85586.0,45.55,0.0,45.59,44.435,44.68,1.0,85586.0,1
23,2017-01-09,44.73,45.21,44.455,44.69,158826.0,44.73,0.0,45.21,44.455,44.69,1.0,158826.0,0
24,2017-01-06,44.88,45.06,44.101000000000006,44.8,299401.0,44.88,0.0,45.06,44.101000000000006,44.8,1.0,299401.0,4
25,2017-01-05,44.59,45.66,44.34,45.19,81758.0,44.59,0.0,45.66,44.34,45.19,1.0,81758.0,3
26,2017-01-04,45.3,45.705,44.26,44.46,146785.0,45.3,0.0,45.705,44.26,44.46,1.0,146785.0,2
27,2017-01-03,44.19,44.65,43.86,44.65,77094.0,44.19,0.0,44.65,43.86,44.65,1.0,77094.0,1
28,2016-12-30,44.17,44.52,43.97,44.205,58604.0,44.17,0.0,44.52,43.97,44.205,1.0,58604.0,4
29,2016-12-29,44.34,44.5,43.88,43.98,52644.0,44.34,0.0,44.5,43.88,43.98,1.0,52644.0,3
30,2016-12-28,43.96,44.5,43.76,44.0,66664.0,43.96,0.0,44.5,43.76,44.0,1.0,66664.0,2
31,2016-12-27,44.0,44.25,43.57,43.57,100500.0,44.0,0.0,44.25,43.57,43.57,1.0,100500.0,1
32,2016-12-23,43.67,44.03,43.49,43.6,88955.0,43.67,0.0,44.03,43.49,43.6,1.0,88955.0,4
33,2016-12-22,43.555,43.84,43.34,43.6,107565.0,43.555,0.0,43.84,43.34,43.6,1.0,107565.0,3
34,2016-12-21,43.73,44.23,43.73,44.23,72106.0,43.73,0.0,44.23,43.73,44.23,1.0,72106.0,2
35,2016-12-20,44.37,44.93,44.0,44.54,91227.0,44.37,0.0,44.93,44.0,44.54,1.0,91227.0,1
36,2016-12-19,44.54,45.13,44.21,44.83,106949.0,44.54,0.0,45.13,44.21,44.83,1.0,106949.0,0
37,2016-12-16,44.8,45.37,44.61,45.21,554389.0,44.8,0.0,45.37,44.61,45.21,1.0,554389.0,4
38,2016-12-15,45.05,45.5,44.645,45.03,157202.0,45.05,0.0,45.5,44.645,45.03,1.0,157202.0,3
39,2016-12-14,44.84,45.26,44.68,45.09,62149.0,44.84,0.0,45.26,44.68,45.09,1.0,62149.0,2
40,2016-12-13,45.135,45.97,45.05,45.72,102663.0,45.135,0.2,45.97,45.05,45.72,1.0,102663.0,1
41,2016-12-12,45.468522113157604,45.986228079849994,44.836323480754395,45.319183853534796,102608.0,45.67,0.0,46.19,45.035,45.52,1.0,102608.0,0
42,2016-12-09,45.5282574170067,46.1355663394728,45.0404191022389,45.0404191022389,130545.0,45.73,0.0,46.34,45.24,45.24,1.0,130545.0,4
43,2016-12-08,45.010551450314296,45.050374986213704,43.5072129701114,44.3235954560494,143169.0,45.21,0.0,45.25,43.7,44.52,1.0,143169.0,3
44,2016-12-07,44.3335513400243,44.43808812176021,43.059198191243,43.6764629976839,110293.0,44.53,0.0,44.635,43.25,43.87,1.0,110293.0,2
45,2016-12-06,43.7561100694827,44.1842130804015,42.9795511194441,43.776021837432396,119101.0,43.95,0.0,44.38,43.17,43.97,1.0,119101.0,1
46,2016-12-05,43.6565512297342,44.0647424727032,43.158757030991495,43.3479188265137,160317.0,43.85,0.0,44.26,43.35,43.54,1.0,160317.0,0
47,2016-12-02,43.1687129149664,43.686418881658795,43.0392864232933,43.3578747104886,90757.0,43.36,0.0,43.88,43.23,43.55,1.0,90757.0,4
48,2016-12-01,43.2384041027903,43.711308591595895,42.8103010918716,43.3379629425389,134815.0,43.43,0.0,43.905,43.0,43.53,1.0,134815.0,3
49,2016-11-30,43.3877423624131,44.4779116576596,43.3379629425389,44.453021947722505,145695.0,43.58,0.0,44.675,43.53,44.65,1.0,145695.0,2
50,2016-11-29,44.4928454836219,44.9209484945406,44.40324252784821,44.71187493106871,120384.0,44.69,0.0,45.12,44.6,44.91,1.0,120384.0,1
51,2016-11-28,44.453021947722505,45.299272085585095,44.4430660637477,44.960772030440104,200347.0,44.65,0.0,45.5,44.64,45.16,1.0,200347.0,0
52,2016-11-25,44.876147016653796,45.319183853534796,44.6123160913202,44.9309043785155,60570.0,45.075,0.0,45.52,44.81,45.13,1.0,60570.0,4
53,2016-11-23,44.9109926105658,45.1200661740377,44.074698356678105,44.60236020734529,153502.0,45.11,0.0,45.32,44.27,44.8,1.0,153502.0,2
54,2016-11-22,44.9010367265909,46.4093531487813,44.7218308150436,46.2550369471711,270561.0,45.1,0.0,46.615,44.92,46.46,1.0,270561.0,1
55,2016-11-21,46.2450810631962,46.7385942318297,45.2196250137863,45.578036836881,134375.0,46.45,0.0,46.9457,45.42,45.78,1.0,134375.0,0
56,2016-11-18,45.4436324032205,46.4043752067939,44.80147788684239,44.80147788684239,326789.0,45.645,0.0,46.61,45.0,45.0,1.0,326789.0,4
57,2016-11-17,44.64218374324471,45.3142059115474,44.4231542957979,44.4231542957979,161520.0,44.84,0.0,45.515,44.62,44.62,1.0,161520.0,3
58,2016-11-16,44.29372780412479,44.781566118892705,43.8954924451307,44.5724925554208,247500.0,44.49,0.0,44.98,44.09,44.77,1.0,247500.0,2
59,2016-11-15,44.5924043233705,44.876147016653796,43.9850954009044,44.5625366714459,192725.0,44.79,0.0,45.075,44.18,44.76,1.0,192725.0,1
60,2016-11-14,44.60236020734529,45.1399779419874,44.29372780412479,44.80147788684239,240165.0,44.8,0.0,45.34,44.49,45.0,1.0,240165.0,0
61,2016-11-11,44.40324252784821,44.6521396272196,43.666507113709095,43.7461541855079,263912.0,44.6,0.0,44.85,43.86,43.94,1.0,263912.0,4
62,2016-11-10,43.706330649608496,43.9054483291055,42.222903937355206,43.0990217271424,296270.0,43.9,0.0,44.1,42.41,43.29,1.0,296270.0,3
63,2016-11-09,42.46184515275171,42.561403992500296,38.9573739936032,41.5658155950149,281085.0,42.65,0.0,42.75,39.13,41.75,1.0,281085.0,2
64,2016-11-08,41.6753303187383,41.894359766185104,40.3014183302084,40.809168412926,155920.0,41.86,0.0,42.08,40.48,40.99,1.0,155920.0,1
65,2016-11-07,40.87885960075,41.127756700121296,39.843447667365204,40.3213300981582,137011.0,41.06,0.0,41.31,40.02,40.5,1.0,137011.0,0
66,2016-11-04,39.5945505679938,39.94300650711371,38.9175504577038,38.9872416455277,189105.0,39.77,0.0,40.12,39.09,39.16,1.0,189105.0,4
67,2016-11-03,39.0071534134774,39.6941094077424,38.877726921804296,39.19631520899971,109153.0,39.18,0.0,39.87,39.05,39.37,1.0,109153.0,3
68,2016-11-02,39.066888717326606,39.4551681923459,38.658797033197295,39.0868004852763,119215.0,39.24,0.0,39.63,38.8301,39.26,1.0,119215.0,2
69,2016-11-01,39.17640344105,39.94300650711371,38.6387857064079,39.843447667365204,180306.0,39.35,0.0,40.12,38.81,40.02,1.0,180306.0,1
70,2016-10-31,39.823535899415496,40.1421241866108,39.0071534134774,39.6144623359435,250665.0,40.0,0.0,40.32,39.18,39.79,1.0,250665.0,0
71,2016-10-28,39.823535899415496,40.7295213411272,38.4496239108856,38.4496239108856,621650.0,40.0,0.0,40.91,38.62,38.62,1.0,621650.0,4
72,2016-10-27,37.583462005073294,38.698521010257004,37.4341237454505,38.2505062313885,235926.0,37.75,0.0,38.87,37.6,38.42,1.0,235926.0,3
73,2016-10-26,37.9418738281681,38.947418109628295,37.742756148671,38.8080357339804,96690.0,38.11,0.0,39.12,37.91,38.98,1.0,96690.0,2
74,2016-10-25,39.0469769493769,39.6891314657549,38.8080357339804,39.6244182199184,75208.0,39.22,0.0,39.865,38.98,39.8,1.0,75208.0,1
75,2016-10-24,39.6343741038932,39.8633594353149,39.465124076320706,39.465124076320706,82836.0,39.81,0.0,40.04,39.64,39.64,1.0,82836.0,0
76,2016-10-21,39.226182860924204,39.6244182199184,39.0171092974523,39.6244182199184,130502.0,39.4,0.0,39.8,39.19,39.8,1.0,130502.0,4
77,2016-10-20,39.9529623910886,40.400977169956995,39.7936682474909,39.9330506231389,125520.0,40.13,0.0,40.58,39.97,40.11,1.0,125520.0,3
78,2016-10-19,40.1321683026359,40.3711095180324,39.763800595566295,40.311374214183296,75482.0,40.31,0.0,40.55,39.94,40.49,1.0,75482.0,2
79,2016-10-18,40.17199183853529,40.4208889379067,39.0071534134774,39.494991728245296,83383.0,40.35,0.0,40.6,39.18,39.67,1.0,83383.0,1
80,2016-10-17,39.0967563692511,39.226182860924204,38.6188739384581,38.9075945737289,74057.0,39.27,0.0,39.4,38.79,39.08,1.0,74057.0,0
81,2016-10-14,39.037021065402,39.5248593801699,38.7283886621815,39.4153446564465,61792.0,39.21,0.0,39.7,38.9,39.59,1.0,61792.0,4
82,2016-10-13,39.3556093525973,39.7339329436418,38.8976386897541,39.076844601301396,86818.0,39.53,0.0,39.91,39.07,39.25,1.0,86818.0,3
83,2016-10-12,39.2660063968236,39.5945505679938,38.827947501930105,38.9075945737289,62318.0,39.44,0.0,39.77,39.0,39.08,1.0,62318.0,2
84,2016-10-11,39.17640344105,40.8689037167751,39.027065181427204,40.8689037167751,160366.0,39.35,0.0,41.05,39.2,41.05,1.0,160366.0,1
85,2016-10-10,40.898771368699705,41.077977280247005,40.1023006507114,40.1023006507114,80997.0,41.08,0.0,41.26,40.28,40.28,1.0,80997.0,0
86,2016-10-07,40.0525212308371,40.595116907466604,39.883271203264606,40.082388882761705,87898.0,40.23,0.0,40.775,40.06,40.26,1.0,87898.0,4
87,2016-10-06,40.17199183853529,41.0331758023602,39.7239770596669,40.400977169956995,88438.0,40.35,0.0,41.215,39.9,40.58,1.0,88438.0,3
88,2016-10-05,40.5503154295798,40.908727252674495,39.7140211756921,39.783712363516,110397.0,40.73,0.0,41.09,39.89,39.96,1.0,110397.0,2
89,2016-10-04,39.7936682474909,40.0326094628874,39.360587294584796,39.6443299878681,106681.0,39.97,0.0,40.21,39.535,39.82,1.0,106681.0,1
90,2016-10-03,39.514903496195004,39.9728741590383,39.405388772471596,39.8633594353149,122362.0,39.69,0.0,40.15,39.58,40.04,1.0,122362.0,0
91,2016-09-30,39.883271203264606,40.0525212308371,39.2859181647734,39.6144623359435,107388.0,40.06,0.0,40.23,39.46,39.79,1.0,107388.0,4
92,2016-09-29,39.335697584647605,40.400977169956995,39.1365799051505,40.3810654020073,102680.0,39.51,0.0,40.58,39.31,40.56,1.0,102680.0,3
93,2016-09-28,40.331285982133004,40.391021285982106,39.17640344105,39.4750799602956,200439.0,40.51,0.0,40.57,39.35,39.65,1.0,200439.0,2
94,2016-09-27,39.5547270320944,39.574638800044106,38.7881239660307,39.0071534134774,92678.0,39.73,0.0,39.75,38.96,39.18,1.0,92678.0,1
95,2016-09-26,38.9275063416786,39.39543288849671,38.877726921804296,39.335697584647605,93292.0,39.1,0.0,39.57,39.05,39.51,1.0,93292.0,0
96,2016-09-23,39.6542858718429,39.913138855189096,39.226182860924204,39.783712363516,138486.0,39.83,0.0,40.09,39.4,39.96,1.0,138486.0,4
97,2016-09-22,39.8633594353149,40.1321683026359,39.4302784824087,39.7339329436418,218330.0,40.04,0.0,40.31,39.605,39.91,1.0,218330.0,3
98,2016-09-21,39.405388772471596,39.913138855189096,39.0469769493769,39.39543288849671,100312.0,39.58,0.0,40.09,39.22,39.57,1.0,100312.0,2
99,2016-09-20,39.405388772471596,39.7339329436418,38.8080357339804,39.6542858718429,101266.0,39.58,0.0,39.91,38.98,39.83,1.0,101266.0,1
100,2016-09-19,39.534815264144704,39.5945505679938,38.763234256093504,39.0469769493769,113348.0,39.71,0.0,39.77,38.935,39.22,1.0,113348.0,0
101,2016-09-16,38.827947501930105,39.3058299327231,38.678609242307296,38.678609242307296,301924.0,39.0,0.0,39.48,38.85,38.85,1.0,301924.0,4
102,2016-09-15,38.569094518583896,38.57905040255871,37.9418738281681,38.2803738833131,151849.0,38.74,0.0,38.75,38.11,38.45,1.0,151849.0,3
103,2016-09-14,38.3102415352377,39.270984338811104,38.2803738833131,39.1266240211757,135179.0,38.48,0.0,39.445,38.45,39.3,1.0,135179.0,2
104,2016-09-13,39.21622697694939,40.2317271423845,39.1465357891254,40.191903606485,154580.0,39.39,0.2,40.41,39.32,40.37,1.0,154580.0,1
105,2016-09-12,40.295936181417,40.3553697156079,39.6223561272537,40.2067858801307,158898.0,40.68,0.0,40.74,40.0,40.59,1.0,158898.0,0
106,2016-09-09,40.3553697156079,41.4846068652347,40.295936181417,41.345928618789294,95517.0,40.74,0.0,41.88,40.68,41.74,1.0,95517.0,4
107,2016-09-08,41.6926242349027,41.940263960698104,41.425173331043794,41.940263960698104,138504.0,42.09,0.0,42.34,41.82,42.34,1.0,138504.0,3
108,2016-09-07,42.0690366181116,42.257242809716104,41.3657397968529,41.6629074678073,186222.0,42.47,0.0,42.66,41.76,42.06,1.0,186222.0,2
109,2016-09-06,41.7520577690936,42.033376497597104,40.62282061946689,40.741687687848604,175525.0,42.15,0.0,42.434,41.01,41.13,1.0,175525.0,1
110,2016-09-02,40.6030094414033,40.6129150304351,39.9888629214308,40.454425605926104,119467.0,40.99,0.0,41.0,40.37,40.84,1.0,119467.0,4
111,2016-09-01,40.177069113035294,40.563387085276,39.7808455517627,40.2265970581943,151044.0,40.56,0.0,40.95,40.16,40.61,1.0,151044.0,3
112,2016-08-31,40.4148032497988,40.563387085276,39.8799014420809,40.2265970581943,130980.0,40.8,0.0,40.95,40.26,40.61,1.0,130980.0,2
113,2016-08-30,40.177069113035294,40.4148032497988,39.6422663612077,39.8997126201445,81251.0,40.56,0.0,40.8,40.0201,40.28,1.0,81251.0,1
114,2016-08-29,39.998768510462604,40.2365026472262,39.647120099833295,39.8799014420809,106689.0,40.38,0.0,40.62,40.025,40.26,1.0,106689.0,0
115,2016-08-26,39.751128784667294,40.0086740994944,39.562922593062794,39.8799014420809,111608.0,40.13,0.0,40.39,39.94,40.26,1.0,111608.0,4
116,2016-08-25,39.5332058259674,39.8006567298264,38.0622258547431,39.5431114149992,86794.0,39.91,0.0,40.18,38.425,39.92,1.0,86794.0,3
117,2016-08-24,39.6421673053174,40.469283989473794,39.493583469840104,40.2365026472262,145034.0,40.02,0.0,40.855,39.87,40.62,1.0,145034.0,2
118,2016-08-23,40.177069113035294,40.7119709207532,40.1176355788444,40.2067858801307,167053.0,40.56,0.0,41.1,40.5,40.59,1.0,167053.0,1
119,2016-08-22,40.2067858801307,40.2365026472262,39.21622697694939,39.5827337711265,118852.0,40.59,0.0,40.62,39.59,39.96,1.0,118852.0,0
120,2016-08-19,39.6520728943492,39.7412231956355,38.9883984292177,39.661978483381,145597.0,40.03,0.0,40.12,39.36,40.04,1.0,145597.0,4
121,2016-08-18,39.661978483381,40.0482964556217,39.0082096072813,39.236038155013,244255.0,40.04,0.0,40.43,39.38,39.61,1.0,244255.0,3
122,2016-08-17,39.3152828672675,39.5431114149992,38.919059305995,39.236038155013,237749.0,39.69,0.0,39.92,39.29,39.61,1.0,237749.0,2
123,2016-08-16,39.166699031790294,39.3648108124266,38.9289648950268,38.9586816621222,263288.0,39.54,0.0,39.74,39.3,39.33,1.0,263288.0,1
124,2016-08-15,39.166699031790294,39.394527579522,38.3643463202134,38.5228357447224,257021.0,39.54,0.0,39.77,38.73,38.89,1.0,257021.0,0
125,2016-08-12,38.3148183750544,38.5723636898815,37.90868922475,38.5624581008497,77328.0,38.68,0.0,38.94,38.27,38.93,1.0,77328.0,4
126,2016-08-11,38.5723636898815,38.8794369498677,38.334629553118,38.5723636898815,101363.0,38.94,0.0,39.25,38.7,38.94,1.0,101363.0,3
127,2016-08-10,38.384157498277,39.4638667027447,38.2157624847362,39.4638667027447,153253.0,38.75,0.0,39.84,38.58,39.84,1.0,153253.0,2
128,2016-08-09,39.325188456299294,39.5728281820947,38.701136347295105,38.7902866485814,159377.0,39.7,0.0,39.95,39.07,39.16,1.0,159377.0,1
129,2016-08-08,38.6615139911678,39.0032568127654,38.3940630873089,38.8893425388995,148877.0,39.03,0.0,39.375,38.76,39.26,1.0,148877.0,0
130,2016-08-05,39.02802078534489,39.840279085953604,38.8695313608359,39.562922593062794,247484.0,39.4,0.0,40.22,39.24,39.94,1.0,247484.0,4
131,2016-08-04,39.255849333076604,39.9294293872399,39.1964157988857,39.7313176066037,166851.0,39.63,0.0,40.31,39.57,40.11,1.0,166851.0,3
132,2016-08-03,39.661978483381,39.7313176066037,38.6615139911678,39.4440555246811,177843.0,40.04,0.0,40.11,39.03,39.82,1.0,177843.0,2
133,2016-08-02,39.3549052233948,40.6822541536578,38.9983040182495,39.790751140794605,316497.0,39.73,0.0,41.07,39.37,40.17,1.0,316497.0,1
134,2016-08-01,39.790751140794605,40.8209324001032,39.7016008395082,40.4148032497988,264647.0,40.17,0.0,41.21,40.08,40.8,1.0,264647.0,0
135,2016-07-29,40.256313825289794,40.811026811071294,39.335094045331104,39.394527579522,478775.0,40.64,0.0,41.2,39.71,39.77,1.0,478775.0,4
136,2016-07-28,39.5431114149992,42.0046502894049,37.9384059918454,41.9996974948889,1566014.0,39.92,0.0,42.405,38.3,42.4,1.0,1566014.0,3
137,2016-07-27,47.7449391333407,48.0421068042951,47.5864497088317,47.8836173797861,238186.0,48.2,0.0,48.5,48.04,48.34,1.0,238186.0,2
138,2016-07-26,47.9034285578498,48.3442272697654,47.6161664759272,47.6557888320544,135212.0,48.36,0.0,48.805,48.07,48.11,1.0,135212.0,1
139,2016-07-25,47.68550559914989,48.11144592751779,47.3090932159409,47.5765441197999,132186.0,48.14,0.0,48.57,47.76,48.03,1.0,132186.0,0
140,2016-07-22,47.8340894346271,48.11144592751779,47.69541118818171,48.0619179823588,116025.0,48.29,0.0,48.57,48.15,48.52,1.0,116025.0,4
141,2016-07-21,48.11144592751779,48.7899787761971,47.9727676810724,48.4977638997586,105315.0,48.57,0.0,49.255,48.43,48.96,1.0,105315.0,3
142,2016-07-20,48.7057812694266,49.002948940381,48.48785831072679,48.48785831072679,126049.0,49.17,0.0,49.47,48.95,48.95,1.0,126049.0,2
143,2016-07-19,48.4779527216949,49.04257129650829,48.4383303655677,48.794931570713,136790.0,48.94,0.0,49.51,48.9,49.26,1.0,136790.0,1
144,2016-07-18,49.002948940381,49.6864345835762,48.9633265842538,49.6864345835762,134012.0,49.47,0.0,50.16,49.43,50.16,1.0,134012.0,0
145,2016-07-15,49.5279451590672,49.54775633713079,48.953420995222,49.379361323590004,114888.0,50.0,0.0,50.02,49.42,49.85,1.0,114888.0,4
146,2016-07-14,49.0128545294129,49.10200483069921,48.6364421462039,49.002948940381,86537.0,49.48,0.0,49.57,49.1,49.47,1.0,86537.0,3
147,2016-07-13,48.69587568039479,49.5180395700353,48.4185191875041,49.4784172139081,176715.0,49.16,0.0,49.99,48.88,49.95,1.0,176715.0,2
148,2016-07-12,49.1317215977946,49.60718987132171,48.8345539268402,48.8345539268402,148077.0,49.6,0.0,50.08,49.3,49.3,1.0,148077.0,1
149,2016-07-11,48.8642706939357,48.9831377623174,48.289746530090504,48.5373862558858,121681.0,49.33,0.0,49.45,48.75,49.0,1.0,121681.0,0
150,2016-07-08,48.2204074068678,48.48785831072679,47.5468273527045,47.6557888320544,117836.0,48.68,0.0,48.95,48.0,48.11,1.0,117836.0,4
151,2016-07-07,47.28928203787729,47.68550559914989,46.719710668548004,47.44777146238629,245884.0,47.74,0.0,48.14,47.165,47.9,1.0,245884.0,3
152,2016-07-06,47.596355297863504,48.14116269461329,47.3883379281955,47.517110585609,203606.0,48.05,0.0,48.6,47.84,47.97,1.0,203606.0,2
153,2016-07-05,47.8439950236589,48.8048371597448,46.8040072312088,48.260029762995,168169.0,48.3,0.0,49.27,47.2501,48.72,1.0,168169.0,1
154,2016-07-01,48.14116269461329,48.1609738726769,47.1109814353047,47.4180546952909,159498.0,48.6,0.0,48.62,47.56,47.87,1.0,159498.0,4
155,2016-06-30,47.279376448845504,47.33880998303639,45.4171257108646,45.635048669564505,303502.0,47.73,0.0,47.79,45.85,46.07,1.0,303502.0,3
156,2016-06-29,45.476559245055505,45.605331902469,44.4463779857469,44.47609475284229,148887.0,45.91,0.0,46.04,44.87,44.9,1.0,148887.0,2
157,2016-06-28,44.079871191569794,44.2433134105947,43.5251582057882,43.574686150947294,188476.0,44.5,0.0,44.665,43.94,43.99,1.0,188476.0,1
158,2016-06-27,43.535063794820005,43.7727979315835,42.418505799154,43.4756302606291,211834.0,43.95,0.0,44.19,42.8228,43.89,1.0,211834.0,0
159,2016-06-24,43.7827035206154,44.05015442447429,42.5544104806705,43.3963855483746,290835.0,44.2,0.0,44.47,42.96,43.81,1.0,290835.0,4
160,2016-06-23,45.0704300947511,45.129863628942005,44.545433876065,44.545433876065,131512.0,45.5,0.0,45.56,44.97,44.97,1.0,131512.0,3
161,2016-06-22,44.0996823696334,44.4166612186514,43.589544534495,43.63411968513821,137260.0,44.52,0.0,44.84,44.005,44.05,1.0,137260.0,2
162,2016-06-21,43.6737420412654,43.9114761780289,43.257707301929294,43.9114761780289,223373.0,44.09,0.0,44.33,43.67,44.33,1.0,223373.0,1
163,2016-06-20,43.7827035206154,44.1095879586652,42.6584191655045,42.762427850338604,389534.0,44.2,0.0,44.53,43.065,43.17,1.0,389534.0,0
164,2016-06-17,42.633655192925,43.1883681787066,42.3562987000342,42.7723334393704,446270.0,43.04,0.0,43.6,42.76,43.18,1.0,446270.0,4
165,2016-06-16,42.792144617434,42.901106096784,41.6430962897437,42.3463931110024,184155.0,43.2,0.0,43.31,42.04,42.75,1.0,184155.0,3
166,2016-06-15,42.6534663709886,42.8912005077522,42.4107794397092,42.8912005077522,367093.0,43.06,0.0,43.3,42.815,43.3,1.0,367093.0,2
167,2016-06-14,42.7723334393704,42.950634041943,41.9204527826344,42.603938425829604,154082.0,43.18,0.0,43.36,42.32,43.01,1.0,154082.0,1
168,2016-06-13,42.7327110832431,42.9704452200067,42.1879036864934,42.1879036864934,192638.0,43.14,0.2,43.38,42.59,42.59,1.0,192638.0,0
169,2016-06-10,42.387615354606,42.446774622372295,41.7171436532537,42.160838161501495,213523.0,42.99,0.0,43.05,42.31,42.76,1.0,213523.0,4
170,2016-06-09,42.333386025820104,42.525653646060796,41.776302921020104,42.1115387716962,172859.0,42.935,0.0,43.13,42.37,42.71,1.0,172859.0,3
171,2016-06-08,42.23971718519,42.318596208878496,41.155130609473204,41.9439208463582,108656.0,42.84,0.0,42.92,41.74,42.54,1.0,108656.0,2
172,2016-06-07,42.0030801141245,42.1805579174237,41.2142898772396,41.6481245075263,99789.0,42.6,0.0,42.78,41.8,42.24,1.0,99789.0,1
173,2016-06-06,41.6974238973316,42.1312585276183,41.1058312196679,41.1058312196679,126830.0,42.29,0.0,42.73,41.69,41.69,1.0,126830.0,0
174,2016-06-03,41.243869511122796,41.5495257279157,40.8790540265635,41.5495257279157,124124.0,41.83,0.0,42.14,41.46,42.14,1.0,124124.0,4
175,2016-06-02,41.598825117721,41.6284047516042,40.3909900674909,40.484658908121,174085.0,42.19,0.0,42.22,40.965,41.06,1.0,174085.0,3
176,2016-06-01,40.484658908121,40.5142385420042,38.6211419734802,39.1634352613387,254620.0,41.06,0.0,41.09,39.17,39.72,1.0,254620.0,2
177,2016-05-31,39.262034040949295,39.4197920883263,38.561982705713895,38.9563778241563,210642.0,39.82,0.0,39.98,39.11,39.51,1.0,210642.0,1
178,2016-05-27,38.9563778241563,39.197944834202396,38.4880336210059,38.5718425836749,212000.0,39.51,0.0,39.755,39.035,39.12,1.0,212000.0,4
179,2016-05-26,38.5521228277528,39.1141358715333,38.4338042922201,39.1141358715333,102951.0,39.1,0.0,39.67,38.98,39.67,1.0,102951.0,3
180,2016-05-25,39.183155017260795,39.222594529105,38.6803012412466,39.005677213961704,104660.0,39.74,0.0,39.78,39.23,39.56,1.0,104660.0,2
181,2016-05-24,39.005677213961704,39.3902124544431,38.5126833159086,38.561982705713895,132574.0,39.56,0.0,39.95,39.06,39.11,1.0,132574.0,1
182,2016-05-23,38.423944414259,39.148645444397104,38.3845049024148,38.739460509013,160783.0,38.97,0.0,39.705,38.93,39.29,1.0,160783.0,0
183,2016-05-20,38.6507216073634,38.739460509013,38.2563264889209,38.6803012412466,816369.0,39.2,0.0,39.29,38.8,39.23,1.0,816369.0,4
184,2016-05-19,38.423944414259,39.4493717222095,38.404224658336894,38.9465179461953,331175.0,38.97,0.0,40.01,38.95,39.5,1.0,331175.0,3
185,2016-05-18,39.0944161156112,39.4789513560926,38.8360873130314,39.173295139299704,155576.0,39.65,0.0,40.04,39.388000000000005,39.73,1.0,155576.0,2
186,2016-05-17,39.242314285027106,40.0508242778342,38.887358678428896,40.01138476599,223767.0,39.8,0.0,40.62,39.44,40.58,1.0,223767.0,1
187,2016-05-16,40.0606841557953,40.3466206166661,39.646667880210295,39.942365620262606,97316.0,40.63,0.0,40.92,40.2101,40.51,1.0,97316.0,0
188,2016-05-13,39.8141872067688,40.376200250549296,39.5578303797811,40.1297033015227,79252.0,40.38,0.0,40.95,40.12,40.7,1.0,79252.0,4
189,2016-05-12,40.2381619590944,41.155130609473204,39.8339069626909,41.155130609473204,198936.0,40.81,0.0,41.74,40.4,41.74,1.0,198936.0,3
190,2016-05-11,40.9283534163688,41.8256023108254,40.8889139045245,41.7171436532537,70360.0,41.51,0.0,42.42,41.47,42.31,1.0,70360.0,2
191,2016-05-10,41.8058825549033,42.348175842761705,41.6678442634484,42.348175842761705,134804.0,42.4,0.0,42.95,42.26,42.95,1.0,134804.0,1
192,2016-05-09,42.2495770631511,42.8066601679511,42.1312585276183,42.190417795384704,267629.0,42.85,0.0,43.415,42.73,42.79,1.0,267629.0,0
193,2016-05-06,42.318596208878496,42.5650931579051,41.8058825549033,42.121398649657294,218801.0,42.92,0.0,43.17,42.4,42.72,1.0,218801.0,4
194,2016-05-05,42.397475232567004,42.7327110832431,41.441067070344,42.427054866450206,248021.0,43.0,0.0,43.34,42.03,43.03,1.0,248021.0,3
195,2016-05-04,42.269296819073205,42.969348154308605,40.9973725620962,40.9973725620962,225810.0,42.87,0.0,43.58,41.58,41.58,1.0,225810.0,2
196,2016-05-03,41.253729389083794,42.1312585276183,41.1945701213174,41.657984385487396,160514.0,41.84,0.0,42.73,41.78,42.25,1.0,160514.0,1
197,2016-05-02,41.8749017006307,41.924201090436,40.6917163453033,40.77059536899179,235902.0,42.47,0.0,42.52,41.27,41.35,1.0,235902.0,0
198,2016-04-29,40.8396145147192,41.85271697521829,40.445219396276705,41.8058825549033,359518.0,41.42,0.0,42.4475,41.02,42.4,1.0,359518.0,4
199,2016-04-28,41.79602267694221,45.138521305742294,41.5100862160714,44.3694508247794,532959.0,42.39,0.0,45.78,42.1,45.0,1.0,532959.0,3
200,2016-04-27,43.77785814711571,44.1525335096361,43.136966079646704,43.570800709933394,347157.0,44.4,0.0,44.78,43.75,44.19,1.0,347157.0,2
201,2016-04-26,43.560940831972395,43.965195828375904,42.4862141342166,42.4862141342166,179088.0,44.18,0.0,44.59,43.09,43.09,1.0,179088.0,1
202,2016-04-25,42.4369147444113,43.1961253474131,42.259436941112206,42.4369147444113,88421.0,43.04,0.0,43.81,42.86,43.04,1.0,88421.0,0
203,2016-04-22,42.358035720722796,42.6834116934378,41.8157424328644,42.525653646060796,214981.0,42.96,0.0,43.29,42.41,43.13,1.0,214981.0,4
204,2016-04-21,42.387615354606,42.910188886542294,42.190417795384704,42.5650931579051,183916.0,42.99,0.0,43.52,42.79,43.17,1.0,183916.0,3
205,2016-04-20,42.545373401983,42.890469130620104,42.279156697034296,42.4073351105281,253693.0,43.15,0.0,43.5,42.88,43.01,1.0,253693.0,2
206,2016-04-19,42.2988764529564,43.344023516829004,40.810034880836,42.4171949884892,192953.0,42.9,0.0,43.96,41.39,43.02,1.0,192953.0,1
207,2016-04-18,42.7820104730485,43.07780681188029,41.376977863597105,42.7820104730485,61638.0,43.39,0.0,43.69,41.965,43.39,1.0,61638.0,0
208,2016-04-15,42.7918703510095,42.9003290085812,42.1854878564042,42.200277673345795,71907.0,43.4,0.0,43.51,42.785,42.8,1.0,71907.0,4
209,2016-04-14,42.4369147444113,43.3637432727511,41.9439208463582,42.4369147444113,76180.0,43.04,0.0,43.98,42.54,43.04,1.0,76180.0,3
210,2016-04-13,42.3284560868396,42.3383159648006,40.9973725620962,41.1847102433564,231847.0,42.93,0.0,42.94,41.58,41.77,1.0,231847.0,2
211,2016-04-12,40.9184935384077,40.9283534163688,39.873346474535104,40.3170409827829,222808.0,41.5,0.0,41.51,40.44,40.89,1.0,222808.0,1
212,2016-04-11,40.248021837055504,41.6382646295652,40.218442203172295,41.0170923180183,176558.0,40.82,0.0,42.23,40.79,41.6,1.0,176558.0,0
213,2016-04-08,40.8889139045245,41.5298059719936,40.6719965893812,41.204429999278496,66570.0,41.47,0.0,42.12,41.25,41.79,1.0,66570.0,4
214,2016-04-07,41.0663917078236,41.7270035312148,40.7114361012254,41.253729389083794,148073.0,41.65,0.0,42.32,41.29,41.84,1.0,148073.0,3
215,2016-04-06,41.283309022967,43.1665457135299,39.4395118442484,39.4395118442484,99649.0,41.87,0.0,43.78,40.0,40.0,1.0,99649.0,2
216,2016-04-05,40.9283534163688,42.072099259852,39.5529004408006,41.8551819447086,105378.0,41.51,0.0,42.67,40.115,42.45,1.0,105378.0,1
217,2016-04-04,42.0918190157741,42.7524308391653,41.924201090436,42.358035720722796,99580.0,42.69,0.0,43.36,42.52,42.96,1.0,99580.0,0
218,2016-04-01,42.200277673345795,42.318596208878496,40.7114361012254,41.2142898772396,146323.0,42.8,0.0,42.92,41.29,41.8,1.0,146323.0,4
219,2016-03-31,41.3523281686944,41.6481245075263,40.2283020811334,40.524098419965206,405962.0,41.94,0.0,42.24,40.8,41.1,1.0,405962.0,3
220,2016-03-30,40.3466206166661,41.0663917078236,40.297321226860795,40.7212959791865,166163.0,40.92,0.0,41.65,40.87,41.3,1.0,166163.0,2
221,2016-03-29,40.632557077536894,41.046671951901494,38.8824287394484,38.9563778241563,186736.0,41.21,0.0,41.63,39.435,39.51,1.0,186736.0,1
222,2016-03-28,39.064836481728,39.19301489522179,38.4436641701811,38.4436641701811,107109.0,39.62,0.0,39.75,38.99,38.99,1.0,107109.0,0
223,2016-03-24,38.4140845362979,39.0746963596891,37.940810394167,38.749320386974,156352.0,38.96,0.0,39.63,38.48,39.3,1.0,156352.0,3
224,2016-03-23,38.89721855639,39.7599578779829,38.8479191665847,39.301473552793496,150904.0,39.45,0.0,40.325,39.4,39.86,1.0,150904.0,2
225,2016-03-22,39.4690914781316,40.869194148602396,39.3606328205599,39.538110623859,124765.0,40.03,0.0,41.45,39.92,40.1,1.0,124765.0,1
226,2016-03-21,39.676148915313895,40.3170409827829,39.5578303797811,39.794467450846604,91703.0,40.24,0.0,40.89,40.12,40.36,1.0,91703.0,0
227,2016-03-18,39.843766840651895,40.1001236676396,38.74941898575371,39.183155017260795,301930.0,40.41,0.0,40.67,39.3001,39.74,1.0,301930.0,4
228,2016-03-17,38.9366580682342,39.2028747731829,38.0196894178555,39.2028747731829,233493.0,39.49,0.0,39.76,38.56,39.76,1.0,233493.0,3
229,2016-03-16,39.252174162988204,40.040964399873204,38.6901611192077,39.705728549197104,116254.0,39.81,0.0,40.61,39.24,40.27,1.0,116254.0,2
230,2016-03-15,39.7353081830803,40.869194148602396,39.6071297695865,40.6917163453033,122976.0,40.3,0.0,41.45,40.17,41.27,1.0,122976.0,1
231,2016-03-14,40.987512684135105,41.4016275584998,40.622697199575896,40.967792928213,116723.0,41.57,0.0,41.99,41.2,41.55,1.0,116723.0,0
232,2016-03-11,41.046671951901494,41.0861114637458,39.9325057423015,40.2578817150166,95238.0,41.63,0.2,41.67,40.5,40.83,1.0,95238.0,4
233,2016-03-10,39.9770837991984,41.139892937687605,39.2018777068722,40.202776712154105,159349.0,40.74,0.0,41.925,39.95,40.97,1.0,159349.0,3
234,2016-03-09,39.957458328506604,40.4186568897639,39.653263532783605,39.653263532783605,135637.0,40.72,0.0,41.19,40.41,40.41,1.0,135637.0,2
235,2016-03-08,39.6827017388214,40.7817280975622,39.623825326746,40.7817280975622,155731.0,40.44,0.0,41.56,40.38,41.56,1.0,155731.0,1
236,2016-03-07,40.850417244983504,40.91910639240479,39.996709269890204,39.996709269890204,230707.0,41.63,0.0,41.7,40.76,40.76,1.0,230707.0,0
237,2016-03-04,40.242027653537704,40.8896681863671,39.378506943098394,39.378506943098394,271069.0,41.01,0.0,41.67,40.13,40.13,1.0,271069.0,4
238,2016-03-03,39.241128648255795,39.643450797437794,38.4610161882567,39.2018777068722,291087.0,39.99,0.0,40.4,39.195,39.95,1.0,291087.0,3
239,2016-03-02,39.3686942077525,39.486447031903296,38.8388064990739,38.94674658787879,118928.0,40.12,0.0,40.24,39.58,39.69,1.0,118928.0,2
240,2016-03-01,39.123375824105004,39.2313159129099,38.22060417228221,39.1135630887591,152662.0,39.87,0.0,39.98,38.95,39.86,1.0,152662.0,1
241,2016-02-29,38.995810264608295,39.4079451491361,36.4150608686365,38.5051734973133,246032.0,39.74,0.0,40.16,37.11,39.24,1.0,246032.0,0
242,2016-02-26,38.593488115426396,38.8388064990739,38.2991060550494,38.7210536749231,92009.0,39.33,0.0,39.58,39.03,39.46,1.0,92009.0,4
243,2016-02-25,38.573862644734604,38.730866410269,37.9556603179429,38.4561098205838,155349.0,39.31,0.0,39.47,38.68,39.19,1.0,155349.0,3
244,2016-02-24,38.2794805843576,38.3677952024707,37.1412032842331,37.2295179023462,166361.0,39.01,0.0,39.1,37.85,37.94,1.0,166361.0,2
245,2016-02-23,37.4355853446102,37.7790310817167,36.935135841969206,37.131390548887204,103862.0,38.15,0.0,38.5,37.64,37.84,1.0,103862.0,1
246,2016-02-22,37.249143373038,38.043974936055996,36.846821223856104,37.680903728257704,145717.0,37.96,0.0,38.77,37.55,38.4,1.0,145717.0,0
247,2016-02-19,37.474836285993796,37.543525433415105,35.7379821297694,36.159929749643105,261012.0,38.19,0.0,38.26,36.42,36.85,1.0,261012.0,4
248,2016-02-18,36.189367955680794,36.689817458321706,36.0444338546219,36.6015028402086,96691.0,36.88,0.0,37.39,36.7323,37.3,1.0,96691.0,3
249,2016-02-17,36.6015028402086,37.239330637692106,35.0510906555564,36.8860721652397,136634.0,37.3,0.0,37.95,35.72,37.59,1.0,136634.0,2
250,2016-02-16,36.719255664359395,37.0038249893905,35.816484012536606,36.277682573793896,127468.0,37.42,0.0,37.71,36.5,36.97,1.0,127468.0,1
251,2016-02-12,35.9636750427251,36.0618023961841,34.9038996253678,35.6987311883858,151537.0,36.65,0.0,36.75,35.57,36.38,1.0,151537.0,4
252,2016-02-11,35.482851010776,35.8851731599579,35.0805288615941,35.3160345098957,96068.0,36.16,0.0,36.57,35.75,35.99,1.0,96068.0,3
253,2016-02-10,35.845922218574295,36.7486938703971,34.8450232132924,36.0814278668759,132373.0,36.53,0.0,37.45,35.51,36.77,1.0,132373.0,2
254,2016-02-09,35.875360424612005,36.267869838448,35.0118397141728,35.875360424612005,116701.0,36.56,0.0,36.96,35.68,36.56,1.0,116701.0,1
255,2016-02-08,36.1108660729136,36.5230009574414,34.923525096059606,35.5221019521596,178571.0,36.8,0.0,37.22,35.59,36.2,1.0,178571.0,0
256,2016-02-05,35.7085439237317,37.4444168064215,35.6594802470022,36.1501170142972,175055.0,36.39,0.0,38.159,36.34,36.84,1.0,175055.0,4
257,2016-02-04,36.2384316324103,36.866446694547896,35.3357581079409,35.973487778071,227084.0,36.93,0.0,37.57,36.0101,36.66,1.0,227084.0,3
258,2016-02-03,36.032364190146396,36.925323106623296,35.6202293056186,36.719255664359395,166101.0,36.72,0.0,37.63,36.3,37.42,1.0,166101.0,2
259,2016-02-02,36.680004722975795,37.3374579911511,35.9636750427251,36.4543118100201,199786.0,37.38,0.0,38.05,36.65,37.15,1.0,199786.0,1
260,2016-02-01,36.7094429290135,37.2589561083839,35.7968585418448,36.159929749643105,248584.0,37.41,0.0,37.97,36.48,36.85,1.0,248584.0,0
261,2016-01-29,36.24824436775621,36.277682573793896,35.5319146875055,36.0225514548005,274585.0,36.94,0.0,36.97,36.21,36.71,1.0,274585.0,4
262,2016-01-28,36.0912406022218,41.2625521295113,34.8646486839842,40.968170069134295,470752.0,36.78,0.0,42.05,35.53,41.75,1.0,470752.0,3
263,2016-01-27,37.8575329644839,38.436484349892,37.553338168761,38.2991060550494,199832.0,38.58,0.0,39.17,38.27,39.03,1.0,199832.0,2
264,2016-01-26,38.3579824671248,38.3971352811549,37.3472707264971,37.7594056110249,191715.0,39.09,0.0,39.1299,38.06,38.48,1.0,191715.0,1
265,2016-01-25,37.572963639452794,38.4266716145461,37.474836285993796,38.2794805843576,121651.0,38.29,0.0,39.16,38.19,39.01,1.0,121651.0,0
266,2016-01-22,38.3579824671248,38.5247989680051,37.5042744920315,38.289293319703496,212156.0,39.09,0.0,39.26,38.22,39.02,1.0,212156.0,4
267,2016-01-21,37.9556603179429,38.4462970852379,36.7977575471266,37.680903728257704,257683.0,38.68,0.0,39.18,37.5,38.4,1.0,257683.0,3
268,2016-01-20,37.6318400515282,38.0537876714019,36.071615131529995,36.621128310900396,253077.0,38.35,0.0,38.78,36.76,37.32,1.0,253077.0,2
269,2016-01-19,37.1412032842331,38.534611703351004,36.7683193410889,38.534611703351004,211563.0,37.85,0.0,39.27,37.47,39.27,1.0,211563.0,1
270,2016-01-15,38.3285442610871,39.005622999954205,37.0725141368118,38.348169731778896,568645.0,39.06,0.0,39.75,37.78,39.08,1.0,568645.0,4
271,2016-01-14,39.2705668542935,39.6041998560542,38.56404990938871,39.319630531023,220834.0,40.02,0.0,40.36,39.3,40.07,1.0,220834.0,3
272,2016-01-13,39.1331885594509,40.8209790389458,38.94674658787879,40.29109133026721,189553.0,39.88,0.0,41.6,39.69,41.06,1.0,189553.0,2
273,2016-01-12,40.1929639768082,40.1929639768082,38.9663720585706,39.221503177564,210607.0,40.96,0.0,40.96,39.71,39.97,1.0,210607.0,1
274,2016-01-11,38.9761847939165,40.232214918191794,38.573862644734604,40.0653984173115,107096.0,39.72,0.0,41.0,39.31,40.83,1.0,107096.0,0
275,2016-01-08,40.0752111526574,41.350866747624394,39.9682523373871,40.703226214794995,303647.0,40.84,0.0,42.14,40.731,41.48,1.0,303647.0,4
276,2016-01-07,40.722851685486795,41.4539004687564,39.8397055043558,41.095735628631,142023.0,41.5,0.0,42.245,40.6,41.88,1.0,142023.0,3
277,2016-01-06,41.6746870140391,42.459705841711205,41.3606794829703,41.3606794829703,155638.0,42.47,0.0,43.27,42.15,42.15,1.0,155638.0,2
278,2016-01-05,41.8120653088817,42.21929382573661,41.6354360726555,42.0279454864916,196682.0,42.61,0.0,43.025,42.43,42.83,1.0,196682.0,1
279,2016-01-04,41.6746870140391,42.7246496960505,41.2331139234736,42.6853987546669,206985.0,42.47,0.0,43.54,42.02,43.5,1.0,206985.0,0
