,Unnamed: 0,adj_close,adj_high,adj_low,adj_open,adj_volume,close,ex_dividend,high,low,open,split_ratio,volume,Day of Week,Day
0,2017-02-10,38.44,38.685,38.08,38.4,878905.0,38.44,0.0,38.685,38.08,38.4,1.0,878905.0,4,10
1,2017-02-09,38.43,38.69,38.36,38.51,1104413.0,38.43,0.0,38.69,38.36,38.51,1.0,1104413.0,3,09
2,2017-02-08,38.5,38.6,38.02,38.43,1445266.0,38.5,0.0,38.6,38.02,38.43,1.0,1445266.0,2,08
3,2017-02-07,38.51,38.645,38.22,38.34,870606.0,38.51,0.0,38.645,38.22,38.34,1.0,870606.0,1,07
4,2017-02-06,38.28,38.58,38.14,38.52,774512.0,38.28,0.0,38.58,38.14,38.52,1.0,774512.0,0,06
5,2017-02-03,38.53,38.78,38.26,38.53,827507.0,38.53,0.0,38.78,38.26,38.53,1.0,827507.0,4,03
6,2017-02-02,38.16,38.26,37.57,37.75,4854031.0,38.16,0.0,38.26,37.57,37.75,1.0,4854031.0,3,02
7,2017-02-01,38.0,38.31,37.27,37.85,1594325.0,38.0,0.0,38.31,37.27,37.85,1.0,1594325.0,2,01
8,2017-01-31,37.82,37.91,36.64,37.0,1617287.0,37.82,0.0,37.91,36.64,37.0,1.0,1617287.0,1,31
9,2017-01-30,37.0,37.01,36.21,36.6,946595.0,37.0,0.0,37.01,36.21,36.6,1.0,946595.0,0,30
10,2017-01-27,36.66,37.31,36.65,37.26,731323.0,36.66,0.0,37.31,36.65,37.26,1.0,731323.0,4,27
11,2017-01-26,37.33,37.35,36.7,36.85,1516893.0,37.33,0.0,37.35,36.7,36.85,1.0,1516893.0,3,26
12,2017-01-25,36.94,37.51,36.825,37.08,1257376.0,36.94,0.0,37.51,36.825,37.08,1.0,1257376.0,2,25
13,2017-01-24,36.94,37.105,36.21,36.35,1487633.0,36.94,0.0,37.105,36.21,36.35,1.0,1487633.0,1,24
14,2017-01-23,36.13,36.23,35.71,36.14,993502.0,36.13,0.0,36.23,35.71,36.14,1.0,993502.0,0,23
15,2017-01-20,36.2,36.55,35.82,36.09,2278985.0,36.2,0.0,36.55,35.82,36.09,1.0,2278985.0,4,20
16,2017-01-19,35.73,36.07,35.58,35.72,1353696.0,35.73,0.0,36.07,35.58,35.72,1.0,1353696.0,3,19
17,2017-01-18,35.75,36.41,35.32,35.32,1911419.0,35.75,0.0,36.41,35.32,35.32,1.0,1911419.0,2,18
18,2017-01-17,35.34,36.3242,34.89,36.1,2774893.0,35.34,0.0,36.3242,34.89,36.1,1.0,2774893.0,1,17
19,2017-01-13,36.97,37.24,36.84,36.89,1257238.0,36.97,0.0,37.24,36.84,36.89,1.0,1257238.0,4,13
20,2017-01-12,36.74,37.15,36.55,37.05,1262755.0,36.74,0.0,37.15,36.55,37.05,1.0,1262755.0,3,12
21,2017-01-11,37.15,37.74,37.04,37.66,1433247.0,37.15,0.0,37.74,37.04,37.66,1.0,1433247.0,2,11
22,2017-01-10,37.57,37.65,37.11,37.44,1473649.0,37.57,0.0,37.65,37.11,37.44,1.0,1473649.0,1,10
23,2017-01-09,37.24,37.52,36.92,37.18,1608211.0,37.24,0.0,37.52,36.92,37.18,1.0,1608211.0,0,09
24,2017-01-06,36.98,37.82,36.915,37.3,1638216.0,36.98,0.0,37.82,36.915,37.3,1.0,1638216.0,4,06
25,2017-01-05,37.38,37.84,37.105,37.44,2732265.0,37.38,0.0,37.84,37.105,37.44,1.0,2732265.0,3,05
26,2017-01-04,37.53,37.81,36.71,36.94,1944084.0,37.53,0.0,37.81,36.71,36.94,1.0,1944084.0,2,04
27,2017-01-03,36.71,37.6,36.31,37.54,1819752.0,36.71,0.0,37.6,36.31,37.54,1.0,1819752.0,1,03
28,2016-12-30,37.2,37.22,36.74,36.91,1265779.0,37.2,0.0,37.22,36.74,36.91,1.0,1265779.0,4,30
29,2016-12-29,36.96,37.02,36.55,36.68,618368.0,36.96,0.0,37.02,36.55,36.68,1.0,618368.0,3,29
30,2016-12-28,36.74,37.51,36.68,37.51,864738.0,36.74,0.0,37.51,36.68,37.51,1.0,864738.0,2,28
31,2016-12-27,37.2,37.48,36.95,37.28,825013.0,37.2,0.0,37.48,36.95,37.28,1.0,825013.0,1,27
32,2016-12-23,37.16,37.22,36.83,37.03,556372.0,37.16,0.0,37.22,36.83,37.03,1.0,556372.0,4,23
33,2016-12-22,37.2,37.62,36.94,37.6,852758.0,37.2,0.0,37.62,36.94,37.6,1.0,852758.0,3,22
34,2016-12-21,37.37,37.5,36.97,37.32,1268583.0,37.37,0.0,37.5,36.97,37.32,1.0,1268583.0,2,21
35,2016-12-20,37.21,37.5,37.04,37.5,985567.0,37.21,0.0,37.5,37.04,37.5,1.0,985567.0,1,20
36,2016-12-19,37.02,37.08,36.37,36.46,906910.0,37.02,0.0,37.08,36.37,36.46,1.0,906910.0,0,19
37,2016-12-16,36.46,37.44,36.255,37.02,1927175.0,36.46,0.0,37.44,36.255,37.02,1.0,1927175.0,4,16
38,2016-12-15,37.04,37.34,36.4764,36.83,2415023.0,37.04,0.0,37.34,36.4764,36.83,1.0,2415023.0,3,15
39,2016-12-14,36.56,37.15,36.32,37.04,1448769.0,36.56,0.0,37.15,36.32,37.04,1.0,1448769.0,2,14
40,2016-12-13,37.03,37.44,36.94,37.03,2571663.0,37.03,0.0,37.44,36.94,37.03,1.0,2571663.0,1,13
41,2016-12-12,36.87,38.0,36.81,37.8,2042519.0,36.87,0.0,38.0,36.81,37.8,1.0,2042519.0,0,12
42,2016-12-09,36.53,37.29,36.41,37.04,1149564.0,36.53,0.0,37.29,36.41,37.04,1.0,1149564.0,4,09
43,2016-12-08,36.89,37.48,36.74,36.77,1794584.0,36.89,0.0,37.48,36.74,36.77,1.0,1794584.0,3,08
44,2016-12-07,36.68,36.76,36.2,36.32,1506532.0,36.68,0.0,36.76,36.2,36.32,1.0,1506532.0,2,07
45,2016-12-06,36.45,36.57,35.8108,36.14,1114096.0,36.45,0.0,36.57,35.8108,36.14,1.0,1114096.0,1,06
46,2016-12-05,36.06,36.215,35.75,35.86,1183120.0,36.06,0.0,36.215,35.75,35.86,1.0,1183120.0,0,05
47,2016-12-02,35.79,36.01,35.33,35.56,1084594.0,35.79,0.0,36.01,35.33,35.56,1.0,1084594.0,4,02
48,2016-12-01,35.5,36.08,35.275,35.93,2059073.0,35.5,0.0,36.08,35.275,35.93,1.0,2059073.0,3,01
49,2016-11-30,35.98,36.49,35.832,36.41,1409118.0,35.98,0.0,36.49,35.832,36.41,1.0,1409118.0,2,30
50,2016-11-29,36.23,36.75,35.92,35.92,2269498.0,36.23,0.0,36.75,35.92,35.92,1.0,2269498.0,1,29
51,2016-11-28,35.83,36.45,35.76,36.29,1494618.0,35.83,0.0,36.45,35.76,36.29,1.0,1494618.0,0,28
52,2016-11-25,36.36,36.56,35.905,35.98,1760450.0,36.36,0.0,36.56,35.905,35.98,1.0,1760450.0,4,25
53,2016-11-23,35.93,36.0,35.61,35.75,1078257.0,35.93,0.0,36.0,35.61,35.75,1.0,1078257.0,2,23
54,2016-11-22,35.7,36.0,35.2,35.48,2957462.0,35.7,0.0,36.0,35.2,35.48,1.0,2957462.0,1,22
55,2016-11-21,35.49,35.97,35.28,35.9,2012100.0,35.49,0.0,35.97,35.28,35.9,1.0,2012100.0,0,21
56,2016-11-18,35.45,35.7,34.94,35.0,2579120.0,35.45,0.0,35.7,34.94,35.0,1.0,2579120.0,4,18
57,2016-11-17,35.0,35.09,34.42,34.73,4607240.0,35.0,0.0,35.09,34.42,34.73,1.0,4607240.0,3,17
58,2016-11-16,35.0,35.92,34.68,35.0,6312620.0,35.0,0.0,35.92,34.68,35.0,1.0,6312620.0,2,16
59,2016-11-15,34.97,35.09,34.6139,35.05,3773609.0,34.97,0.0,35.09,34.6139,35.05,1.0,3773609.0,1,15
60,2016-11-14,34.85,35.07,33.65,33.87,6084002.0,34.85,0.0,35.07,33.65,33.87,1.0,6084002.0,0,14
61,2016-11-11,33.56,33.68,32.6,32.88,10453775.0,33.56,0.0,33.68,32.6,32.88,1.0,10453775.0,4,11
62,2016-11-10,34.11,34.92,33.92,34.07,3496432.0,34.11,0.0,34.92,33.92,34.07,1.0,3496432.0,3,10
63,2016-11-09,33.66,34.06,33.26,33.47,1616466.0,33.66,0.0,34.06,33.26,33.47,1.0,1616466.0,2,09
64,2016-11-08,33.88,33.95,32.88,32.93,3369643.0,33.88,0.0,33.95,32.88,32.93,1.0,3369643.0,1,08
65,2016-11-07,32.88,33.05,32.16,32.16,3878288.0,32.88,0.0,33.05,32.16,32.16,1.0,3878288.0,0,07
66,2016-11-04,32.15,32.5,32.0,32.3,2282843.0,32.15,0.0,32.5,32.0,32.3,1.0,2282843.0,4,04
67,2016-11-03,31.91,32.75,31.25,31.25,3973973.0,31.91,0.0,32.75,31.25,31.25,1.0,3973973.0,3,03
68,2016-11-02,30.26,30.79,30.02,30.07,3015126.0,30.26,0.0,30.79,30.02,30.07,1.0,3015126.0,2,02
69,2016-11-01,30.28,30.84,29.91,30.51,2492064.0,30.28,0.0,30.84,29.91,30.51,1.0,2492064.0,1,01
70,2016-10-31,30.55,30.85,30.03,30.68,1615493.0,30.55,0.0,30.85,30.03,30.68,1.0,1615493.0,0,31
71,2016-10-28,30.71,31.19,30.49,30.64,1739194.0,30.71,0.0,31.19,30.49,30.64,1.0,1739194.0,4,28
72,2016-10-27,30.57,31.31,30.26,31.25,2180729.0,30.57,0.0,31.31,30.26,31.25,1.0,2180729.0,3,27
73,2016-10-26,31.5,31.65,31.18,31.18,1269618.0,31.5,0.0,31.65,31.18,31.18,1.0,1269618.0,2,26
74,2016-10-25,31.37,32.11,31.14,31.9,1737032.0,31.37,0.0,32.11,31.14,31.9,1.0,1737032.0,1,25
75,2016-10-24,31.98,32.47,31.77,32.25,1172159.0,31.98,0.0,32.47,31.77,32.25,1.0,1172159.0,0,24
76,2016-10-21,31.91,31.95,31.47,31.73,609548.0,31.91,0.0,31.95,31.47,31.73,1.0,609548.0,4,21
77,2016-10-20,31.89,31.97,31.56,31.91,1595745.0,31.89,0.0,31.97,31.56,31.91,1.0,1595745.0,3,20
78,2016-10-19,32.02,32.1,31.28,31.36,837631.0,32.02,0.0,32.1,31.28,31.36,1.0,837631.0,2,19
79,2016-10-18,31.46,31.575,30.9703,31.2,896213.0,31.46,0.0,31.575,30.9703,31.2,1.0,896213.0,1,18
80,2016-10-17,31.01,31.41,30.89,31.41,1146226.0,31.01,0.0,31.41,30.89,31.41,1.0,1146226.0,0,17
81,2016-10-14,31.12,31.48,30.82,30.82,1804497.0,31.12,0.0,31.48,30.82,30.82,1.0,1804497.0,4,14
82,2016-10-13,30.62,30.876,30.25,30.75,1923729.0,30.62,0.0,30.876,30.25,30.75,1.0,1923729.0,3,13
83,2016-10-12,31.03,31.585,30.68,31.4,4033176.0,31.03,0.0,31.585,30.68,31.4,1.0,4033176.0,2,12
84,2016-10-11,31.8,31.92,31.435,31.56,3063234.0,31.8,0.0,31.92,31.435,31.56,1.0,3063234.0,1,11
85,2016-10-10,31.98,32.05,31.63,31.67,2121056.0,31.98,0.0,32.05,31.63,31.67,1.0,2121056.0,0,10
86,2016-10-07,31.62,31.72,31.26,31.5,2550349.0,31.62,0.0,31.72,31.26,31.5,1.0,2550349.0,4,07
87,2016-10-06,31.41,31.46,30.69,30.83,1777928.0,31.41,0.0,31.46,30.69,30.83,1.0,1777928.0,3,06
88,2016-10-05,30.88,30.89,30.27,30.41,2824345.0,30.88,0.0,30.89,30.27,30.41,1.0,2824345.0,2,05
89,2016-10-04,30.19,30.68,30.02,30.45,946733.0,30.19,0.0,30.68,30.02,30.45,1.0,946733.0,1,04
90,2016-10-03,30.23,30.66,29.88,30.11,2027732.0,30.23,0.0,30.66,29.88,30.11,1.0,2027732.0,0,03
91,2016-09-30,30.11,30.295,29.57,30.03,1930276.0,30.11,0.0,30.295,29.57,30.03,1.0,1930276.0,4,30
92,2016-09-29,30.06,30.57,30.02,30.44,1191412.0,30.06,0.0,30.57,30.02,30.44,1.0,1191412.0,3,29
93,2016-09-28,30.46,30.8,30.285,30.49,897697.0,30.46,0.0,30.8,30.285,30.49,1.0,897697.0,2,28
94,2016-09-27,30.51,30.555,30.07,30.3,1227574.0,30.51,0.0,30.555,30.07,30.3,1.0,1227574.0,1,27
95,2016-09-26,30.25,30.33,30.045,30.33,752331.0,30.25,0.0,30.33,30.045,30.33,1.0,752331.0,0,26
96,2016-09-23,30.28,30.78,30.23,30.62,821476.0,30.28,0.0,30.78,30.23,30.62,1.0,821476.0,4,23
97,2016-09-22,30.79,30.95,30.53,30.92,1912731.0,30.79,0.0,30.95,30.53,30.92,1.0,1912731.0,3,22
98,2016-09-21,30.64,30.75,30.11,30.65,7570583.0,30.64,0.0,30.75,30.11,30.65,1.0,7570583.0,2,21
99,2016-09-20,30.83,31.1699,30.51,31.01,1603994.0,30.83,0.0,31.1699,30.51,31.01,1.0,1603994.0,1,20
100,2016-09-19,31.07,31.47,30.52,30.52,1710889.0,31.07,0.0,31.47,30.52,30.52,1.0,1710889.0,0,19
101,2016-09-16,30.5,30.6,29.9,30.38,1849489.0,30.5,0.0,30.6,29.9,30.38,1.0,1849489.0,4,16
102,2016-09-15,30.38,30.62,29.38,29.59,1039010.0,30.38,0.0,30.62,29.38,29.59,1.0,1039010.0,3,15
103,2016-09-14,29.5,29.87,29.35,29.41,894969.0,29.5,0.0,29.87,29.35,29.41,1.0,894969.0,2,14
104,2016-09-13,29.41,29.79,29.21,29.65,1704573.0,29.41,0.0,29.79,29.21,29.65,1.0,1704573.0,1,13
105,2016-09-12,29.88,29.98,29.03,29.55,2318533.0,29.88,0.0,29.98,29.03,29.55,1.0,2318533.0,0,12
106,2016-09-09,29.76,29.77,29.28,29.5,2084395.0,29.76,0.0,29.77,29.28,29.5,1.0,2084395.0,4,09
107,2016-09-08,29.73,29.95,29.61,29.82,648983.0,29.73,0.0,29.95,29.61,29.82,1.0,648983.0,3,08
108,2016-09-07,29.95,30.34,29.67,29.92,1366513.0,29.95,0.0,30.34,29.67,29.92,1.0,1366513.0,2,07
109,2016-09-06,29.84,30.03,29.59,30.0,807085.0,29.84,0.0,30.03,29.59,30.0,1.0,807085.0,1,06
110,2016-09-02,29.87,30.09,29.68,29.82,1250566.0,29.87,0.0,30.09,29.68,29.82,1.0,1250566.0,4,02
111,2016-09-01,29.8,29.87,29.455,29.55,968349.0,29.8,0.0,29.87,29.455,29.55,1.0,968349.0,3,01
112,2016-08-31,29.57,29.63,29.03,29.54,1241985.0,29.57,0.0,29.63,29.03,29.54,1.0,1241985.0,2,31
113,2016-08-30,29.52,29.87,29.34,29.6,825059.0,29.52,0.0,29.87,29.34,29.6,1.0,825059.0,1,30
114,2016-08-29,29.56,29.83,29.38,29.6,1217981.0,29.56,0.0,29.83,29.38,29.6,1.0,1217981.0,0,29
115,2016-08-26,29.44,29.85,29.25,29.63,1004710.0,29.44,0.0,29.85,29.25,29.63,1.0,1004710.0,4,26
116,2016-08-25,29.77,30.28,29.575,29.92,1053197.0,29.77,0.0,30.28,29.575,29.92,1.0,1053197.0,3,25
117,2016-08-24,29.95,30.54,29.41,29.45,4913803.0,29.95,0.0,30.54,29.41,29.45,1.0,4913803.0,2,24
118,2016-08-23,29.19,29.39,28.74,28.74,1091235.0,29.19,0.0,29.39,28.74,28.74,1.0,1091235.0,1,23
119,2016-08-22,28.75,28.99,28.5,28.76,866186.0,28.75,0.0,28.99,28.5,28.76,1.0,866186.0,0,22
120,2016-08-19,28.58,28.775,28.32,28.42,668252.0,28.58,0.0,28.775,28.32,28.42,1.0,668252.0,4,19
121,2016-08-18,28.54,28.83,28.44,28.56,580023.0,28.54,0.0,28.83,28.44,28.56,1.0,580023.0,3,18
122,2016-08-17,28.59,29.07,28.405,28.98,1369045.0,28.59,0.0,29.07,28.405,28.98,1.0,1369045.0,2,17
123,2016-08-16,28.99,29.14,28.79,29.12,848491.0,28.99,0.0,29.14,28.79,29.12,1.0,848491.0,1,16
124,2016-08-15,29.08,29.21,28.815,29.01,1307957.0,29.08,0.0,29.21,28.815,29.01,1.0,1307957.0,0,15
125,2016-08-12,28.81,28.88,28.28,28.52,903848.0,28.81,0.0,28.88,28.28,28.52,1.0,903848.0,4,12
126,2016-08-11,28.54,29.1865,28.49,29.06,1011576.0,28.54,0.0,29.1865,28.49,29.06,1.0,1011576.0,3,11
127,2016-08-10,28.89,29.19,28.66,28.76,1273730.0,28.89,0.0,29.19,28.66,28.76,1.0,1273730.0,2,10
128,2016-08-09,28.82,28.91,28.43,28.47,1481743.0,28.82,0.0,28.91,28.43,28.47,1.0,1481743.0,1,09
129,2016-08-08,28.46,29.56,28.32,29.23,3462758.0,28.46,0.0,29.56,28.32,29.23,1.0,3462758.0,0,08
130,2016-08-05,29.22,29.58,28.9,28.95,1156180.0,29.22,0.0,29.58,28.9,28.95,1.0,1156180.0,4,05
131,2016-08-04,28.76,29.56,28.68,29.03,1878266.0,28.76,0.0,29.56,28.68,29.03,1.0,1878266.0,3,04
132,2016-08-03,29.03,29.08,28.65,28.72,1580411.0,29.03,0.0,29.08,28.65,28.72,1.0,1580411.0,2,03
133,2016-08-02,28.66,29.89,28.55,29.65,3018141.0,28.66,0.0,29.89,28.55,29.65,1.0,3018141.0,1,02
134,2016-08-01,29.59,30.32,29.41,29.95,2688301.0,29.59,0.0,30.32,29.41,29.95,1.0,2688301.0,0,01
135,2016-07-29,29.95,30.22,29.54,30.06,1802146.0,29.95,0.0,30.22,29.54,30.06,1.0,1802146.0,4,29
136,2016-07-28,29.98,31.63,28.84,30.5,5469502.0,29.98,0.0,31.63,28.84,30.5,1.0,5469502.0,3,28
137,2016-07-27,31.82,31.84,31.15,31.5,1713413.0,31.82,0.0,31.84,31.15,31.5,1.0,1713413.0,2,27
138,2016-07-26,31.48,32.05,31.34,31.62,850953.0,31.48,0.0,32.05,31.34,31.62,1.0,850953.0,1,26
139,2016-07-25,31.53,31.83,31.36,31.63,1329234.0,31.53,0.0,31.83,31.36,31.63,1.0,1329234.0,0,25
140,2016-07-22,31.63,31.78,31.29,31.71,1499651.0,31.63,0.0,31.78,31.29,31.71,1.0,1499651.0,4,22
141,2016-07-21,31.59,32.285,31.44,32.01,866325.0,31.59,0.0,32.285,31.44,32.01,1.0,866325.0,3,21
142,2016-07-20,31.98,32.21,31.64,31.69,762167.0,31.98,0.0,32.21,31.64,31.69,1.0,762167.0,2,20
143,2016-07-19,31.56,31.76,31.41,31.65,897850.0,31.56,0.0,31.76,31.41,31.65,1.0,897850.0,1,19
144,2016-07-18,31.67,32.104,31.64,31.94,1639978.0,31.67,0.0,32.104,31.64,31.94,1.0,1639978.0,0,18
145,2016-07-15,31.9,32.76,31.73,32.25,1363540.0,31.9,0.0,32.76,31.73,32.25,1.0,1363540.0,4,15
146,2016-07-14,32.09,32.21,31.73,32.21,766035.0,32.09,0.0,32.21,31.73,32.21,1.0,766035.0,3,14
147,2016-07-13,31.75,32.77,31.74,32.67,1135585.0,31.75,0.0,32.77,31.74,32.67,1.0,1135585.0,2,13
148,2016-07-12,32.47,32.51,31.64,31.64,1633818.0,32.47,0.0,32.51,31.64,31.64,1.0,1633818.0,1,12
149,2016-07-11,32.14,32.72,31.97,32.34,997903.0,32.14,0.0,32.72,31.97,32.34,1.0,997903.0,0,11
150,2016-07-08,32.24,32.45,31.39,31.49,990392.0,32.24,0.0,32.45,31.39,31.49,1.0,990392.0,4,08
151,2016-07-07,31.14,31.43,30.63,30.74,583610.0,31.14,0.0,31.43,30.63,30.74,1.0,583610.0,3,07
152,2016-07-06,30.71,30.76,29.55,30.01,1198345.0,30.71,0.0,30.76,29.55,30.01,1.0,1198345.0,2,06
153,2016-07-05,30.14,30.7,29.9,30.7,665715.0,30.14,0.0,30.7,29.9,30.7,1.0,665715.0,1,05
154,2016-07-01,30.79,31.47,30.58,31.04,914247.0,30.79,0.0,31.47,30.58,31.04,1.0,914247.0,4,01
155,2016-06-30,31.03,31.03,30.13,30.28,1301841.0,31.03,0.0,31.03,30.13,30.28,1.0,1301841.0,3,30
156,2016-06-29,30.35,30.51,29.16,29.24,940871.0,30.35,0.0,30.51,29.16,29.24,1.0,940871.0,2,29
157,2016-06-28,29.01,29.14,28.66,28.99,1343181.0,29.01,0.0,29.14,28.66,28.99,1.0,1343181.0,1,28
158,2016-06-27,28.52,30.0,27.88,29.58,2096559.0,28.52,0.0,30.0,27.88,29.58,1.0,2096559.0,0,27
159,2016-06-24,29.86,31.09,29.8,30.62,4128835.0,29.86,0.0,31.09,29.8,30.62,1.0,4128835.0,4,24
160,2016-06-23,32.13,32.3,31.7699,32.0,1903817.0,32.13,0.0,32.3,31.7699,32.0,1.0,1903817.0,3,23
161,2016-06-22,32.0,32.44,31.92,32.22,1253792.0,32.0,0.0,32.44,31.92,32.22,1.0,1253792.0,2,22
162,2016-06-21,32.15,32.26,31.72,32.16,615011.0,32.15,0.0,32.26,31.72,32.16,1.0,615011.0,1,21
163,2016-06-20,32.2,33.09,32.18,32.99,1010884.0,32.2,0.0,33.09,32.18,32.99,1.0,1010884.0,0,20
164,2016-06-17,32.56,32.82,32.36,32.82,979437.0,32.56,0.0,32.82,32.36,32.82,1.0,979437.0,4,17
165,2016-06-16,32.34,32.41,31.56,31.63,990736.0,32.34,0.0,32.41,31.56,31.63,1.0,990736.0,3,16
166,2016-06-15,31.66,32.03,31.47,31.57,542870.0,31.66,0.0,32.03,31.47,31.57,1.0,542870.0,2,15
167,2016-06-14,31.45,31.89,31.23,31.44,660499.0,31.45,0.0,31.89,31.23,31.44,1.0,660499.0,1,14
168,2016-06-13,31.55,32.15,31.53,31.83,1320993.0,31.55,0.0,32.15,31.53,31.83,1.0,1320993.0,0,13
169,2016-06-10,32.03,32.4,31.78,32.1,877777.0,32.03,0.0,32.4,31.78,32.1,1.0,877777.0,4,10
170,2016-06-09,32.4,32.68,32.25,32.42,666865.0,32.4,0.0,32.68,32.25,32.42,1.0,666865.0,3,09
171,2016-06-08,32.5,32.55,32.03,32.26,814043.0,32.5,0.0,32.55,32.03,32.26,1.0,814043.0,2,08
172,2016-06-07,32.16,32.48,31.84,32.17,1034933.0,32.16,0.0,32.48,31.84,32.17,1.0,1034933.0,1,07
173,2016-06-06,32.16,32.19,31.76,31.93,969565.0,32.16,0.0,32.19,31.76,31.93,1.0,969565.0,0,06
174,2016-06-03,31.92,31.96,31.575,31.68,643271.0,31.92,0.0,31.96,31.575,31.68,1.0,643271.0,4,03
175,2016-06-02,31.81,31.96,31.46,31.46,840091.0,31.81,0.0,31.96,31.46,31.46,1.0,840091.0,3,02
176,2016-06-01,31.56,31.57,30.7,30.9,1132187.0,31.56,0.0,31.57,30.7,30.9,1.0,1132187.0,2,01
177,2016-05-31,31.15,31.27,30.92,31.08,1064303.0,31.15,0.0,31.27,30.92,31.08,1.0,1064303.0,1,31
178,2016-05-27,31.05,31.2,30.83,30.93,585527.0,31.05,0.0,31.2,30.83,30.93,1.0,585527.0,4,27
179,2016-05-26,30.88,31.2,30.77,31.01,566364.0,30.88,0.0,31.2,30.77,31.01,1.0,566364.0,3,26
180,2016-05-25,30.99,31.23,30.74,30.79,1140076.0,30.99,0.0,31.23,30.74,30.79,1.0,1140076.0,2,25
181,2016-05-24,30.56,30.62,29.84,30.12,1073055.0,30.56,0.0,30.62,29.84,30.12,1.0,1073055.0,1,24
182,2016-05-23,29.82,30.12,29.69,29.89,791273.0,29.82,0.0,30.12,29.69,29.89,1.0,791273.0,0,23
183,2016-05-20,29.88,30.135,29.47,29.66,900624.0,29.88,0.0,30.135,29.47,29.66,1.0,900624.0,4,20
184,2016-05-19,29.5,30.05,29.21,29.54,607242.0,29.5,0.0,30.05,29.21,29.54,1.0,607242.0,3,19
185,2016-05-18,29.69,30.47,29.38,29.7,756180.0,29.69,0.0,30.47,29.38,29.7,1.0,756180.0,2,18
186,2016-05-17,29.71,30.31,29.63,29.85,1960026.0,29.71,0.0,30.31,29.63,29.85,1.0,1960026.0,1,17
187,2016-05-16,30.11,30.24,29.58,29.86,1534753.0,30.11,0.0,30.24,29.58,29.86,1.0,1534753.0,0,16
188,2016-05-13,29.88,30.18,29.62,29.81,3039857.0,29.88,0.0,30.18,29.62,29.81,1.0,3039857.0,4,13
189,2016-05-12,29.77,30.24,29.495,29.89,1165644.0,29.77,0.0,30.24,29.495,29.89,1.0,1165644.0,3,12
190,2016-05-11,29.86,30.3,29.03,29.58,2628237.0,29.86,0.0,30.3,29.03,29.58,1.0,2628237.0,2,11
191,2016-05-10,29.8,29.85,29.4,29.57,2002599.0,29.8,0.0,29.85,29.4,29.57,1.0,2002599.0,1,10
192,2016-05-09,29.56,30.6,29.46,30.35,2721773.0,29.56,0.0,30.6,29.46,30.35,1.0,2721773.0,0,09
193,2016-05-06,29.55,29.56,28.9,29.06,1696139.0,29.55,0.0,29.56,28.9,29.06,1.0,1696139.0,4,06
194,2016-05-05,29.1,29.6,28.9608,29.32,1931058.0,29.1,0.0,29.6,28.9608,29.32,1.0,1931058.0,3,05
195,2016-05-04,29.04,29.13,28.65,28.65,2572452.0,29.04,0.0,29.13,28.65,28.65,1.0,2572452.0,2,04
196,2016-05-03,28.77,29.25,28.6,28.75,12250510.0,28.77,0.0,29.25,28.6,28.75,1.0,12250510.0,1,03
197,2016-05-02,30.34,30.62,30.14,30.5,1445777.0,30.34,0.0,30.62,30.14,30.5,1.0,1445777.0,0,02
198,2016-04-29,30.41,30.96,30.0,30.59,2843491.0,30.41,0.0,30.96,30.0,30.59,1.0,2843491.0,4,29
199,2016-04-28,30.54,31.7,29.74,30.0,5047791.0,30.54,0.0,31.7,29.74,30.0,1.0,5047791.0,3,28
200,2016-04-27,26.73,28.0,26.21,26.82,1970483.0,26.73,0.0,28.0,26.21,26.82,1.0,1970483.0,2,27
201,2016-04-26,26.88,27.01,26.35,26.54,577272.0,26.88,0.0,27.01,26.35,26.54,1.0,577272.0,1,26
202,2016-04-25,26.44,26.76,26.23,26.54,465634.0,26.44,0.0,26.76,26.23,26.54,1.0,465634.0,0,25
203,2016-04-22,26.76,26.92,26.175,26.27,639294.0,26.76,0.0,26.92,26.175,26.27,1.0,639294.0,4,22
204,2016-04-21,26.4,26.85,26.16,26.85,1722672.0,26.4,0.0,26.85,26.16,26.85,1.0,1722672.0,3,21
205,2016-04-20,26.75,26.82,26.41,26.67,911128.0,26.75,0.0,26.82,26.41,26.67,1.0,911128.0,2,20
206,2016-04-19,26.62,27.07,26.55,26.67,1244919.0,26.62,0.0,27.07,26.55,26.67,1.0,1244919.0,1,19
207,2016-04-18,26.59,26.8425,26.345,26.7,1492018.0,26.59,0.0,26.8425,26.345,26.7,1.0,1492018.0,0,18
208,2016-04-15,26.91,27.61,26.79,27.42,1845092.0,26.91,0.0,27.61,26.79,27.42,1.0,1845092.0,4,15
209,2016-04-14,27.61,28.41,27.6,28.41,1231293.0,27.61,0.0,28.41,27.6,28.41,1.0,1231293.0,3,14
210,2016-04-13,28.31,28.31,27.23,27.26,907151.0,28.31,0.0,28.31,27.23,27.26,1.0,907151.0,2,13
211,2016-04-12,27.04,27.31,26.52,27.24,1572102.0,27.04,0.0,27.31,26.52,27.24,1.0,1572102.0,1,12
212,2016-04-11,27.44,27.88,27.13,27.72,479758.0,27.44,0.0,27.88,27.13,27.72,1.0,479758.0,0,11
213,2016-04-08,27.64,27.82,27.1124,27.49,468666.0,27.64,0.0,27.82,27.1124,27.49,1.0,468666.0,4,08
214,2016-04-07,27.15,27.82,26.95,27.66,508219.0,27.15,0.0,27.82,26.95,27.66,1.0,508219.0,3,07
215,2016-04-06,27.88,27.96,27.36,27.52,934857.0,27.88,0.0,27.96,27.36,27.52,1.0,934857.0,2,06
216,2016-04-05,27.52,27.67,27.17,27.37,1402570.0,27.52,0.0,27.67,27.17,27.37,1.0,1402570.0,1,05
217,2016-04-04,27.71,28.04,27.17,27.71,1019298.0,27.71,0.0,28.04,27.17,27.71,1.0,1019298.0,0,04
218,2016-04-01,27.64,27.78,27.27,27.56,966120.0,27.64,0.0,27.78,27.27,27.56,1.0,966120.0,4,01
219,2016-03-31,27.92,28.01,27.29,27.36,1284825.0,27.92,0.0,28.01,27.29,27.36,1.0,1284825.0,3,31
220,2016-03-30,27.32,27.88,27.14,27.14,1401005.0,27.32,0.0,27.88,27.14,27.14,1.0,1401005.0,2,30
221,2016-03-29,26.84,26.97,26.16,26.23,625173.0,26.84,0.0,26.97,26.16,26.23,1.0,625173.0,1,29
222,2016-03-28,26.43,26.85,26.26,26.73,575585.0,26.43,0.0,26.85,26.26,26.73,1.0,575585.0,0,28
223,2016-03-24,26.52,26.52,25.91,26.2,431804.0,26.52,0.0,26.52,25.91,26.2,1.0,431804.0,3,24
224,2016-03-23,26.45,27.22,26.4,27.17,577199.0,26.45,0.0,27.22,26.4,27.17,1.0,577199.0,2,23
225,2016-03-22,27.15,27.3,26.87,27.1,925402.0,27.15,0.0,27.3,26.87,27.1,1.0,925402.0,1,22
226,2016-03-21,27.21,27.7,26.92,27.45,876139.0,27.21,0.0,27.7,26.92,27.45,1.0,876139.0,0,21
227,2016-03-18,27.24,28.14,27.22,27.54,1223911.0,27.24,0.0,28.14,27.22,27.54,1.0,1223911.0,4,18
228,2016-03-17,27.57,27.74,26.99,27.12,524483.0,27.57,0.0,27.74,26.99,27.12,1.0,524483.0,3,17
229,2016-03-16,27.11,27.265,26.39,26.41,746764.0,27.11,0.0,27.265,26.39,26.41,1.0,746764.0,2,16
230,2016-03-15,26.61,26.78,26.42,26.65,438979.0,26.61,0.0,26.78,26.42,26.65,1.0,438979.0,1,15
231,2016-03-14,26.89,26.98,26.52,26.75,651334.0,26.89,0.0,26.98,26.52,26.75,1.0,651334.0,0,14
232,2016-03-11,26.88,26.89,26.17,26.45,999155.0,26.88,0.0,26.89,26.17,26.45,1.0,999155.0,4,11
233,2016-03-10,26.21,26.93,25.59,26.39,1089817.0,26.21,0.0,26.93,25.59,26.39,1.0,1089817.0,3,10
234,2016-03-09,26.2,26.66,25.73,26.08,1098993.0,26.2,0.0,26.66,25.73,26.08,1.0,1098993.0,2,09
235,2016-03-08,25.82,26.97,25.79,26.91,1717855.0,25.82,0.0,26.97,25.79,26.91,1.0,1717855.0,1,08
236,2016-03-07,26.96,27.41,26.44,27.2,1491937.0,26.96,0.0,27.41,26.44,27.2,1.0,1491937.0,0,07
237,2016-03-04,27.43,27.74,27.07,27.15,1173744.0,27.43,0.0,27.74,27.07,27.15,1.0,1173744.0,4,04
238,2016-03-03,27.12,27.56,26.44,27.2,2302566.0,27.12,0.0,27.56,26.44,27.2,1.0,2302566.0,3,03
239,2016-03-02,27.2,27.32,26.28,26.28,1729511.0,27.2,0.0,27.32,26.28,26.28,1.0,1729511.0,2,02
240,2016-03-01,26.41,26.73,24.7,25.3,2339167.0,26.41,0.0,26.73,24.7,25.3,1.0,2339167.0,1,01
241,2016-02-29,25.19,25.71,24.73,25.01,2482618.0,25.19,0.0,25.71,24.73,25.01,1.0,2482618.0,0,29
242,2016-02-26,25.06,25.17,23.295,25.03,1005108.0,25.06,0.0,25.17,23.295,25.03,1.0,1005108.0,4,26
243,2016-02-25,24.84,25.84,24.48,25.11,1031160.0,24.84,0.0,25.84,24.48,25.11,1.0,1031160.0,3,25
244,2016-02-24,25.22,25.32,24.02,24.57,1929068.0,25.22,0.0,25.32,24.02,24.57,1.0,1929068.0,2,24
245,2016-02-23,24.94,25.22,24.73,25.08,1716859.0,24.94,0.0,25.22,24.73,25.08,1.0,1716859.0,1,23
246,2016-02-22,25.12,25.2,23.88,24.43,2363521.0,25.12,0.0,25.2,23.88,24.43,1.0,2363521.0,0,22
247,2016-02-19,24.05,24.89,23.46,24.68,3239858.0,24.05,0.0,24.89,23.46,24.68,1.0,3239858.0,4,19
248,2016-02-18,22.53,23.9592,22.38,23.21,3001342.0,22.53,0.0,23.9592,22.38,23.21,1.0,3001342.0,3,18
249,2016-02-17,23.09,23.32,22.22,22.26,2449484.0,23.09,0.0,23.32,22.22,22.26,1.0,2449484.0,2,17
250,2016-02-16,22.18,22.29,21.3,21.3,1726427.0,22.18,0.0,22.29,21.3,21.3,1.0,1726427.0,1,16
251,2016-02-12,20.54,20.64,19.78,19.97,1202239.0,20.54,0.0,20.64,19.78,19.97,1.0,1202239.0,4,12
252,2016-02-11,19.8,20.43,19.37,20.18,1441763.0,19.8,0.0,20.43,19.37,20.18,1.0,1441763.0,3,11
253,2016-02-10,20.5,20.92,20.08,20.41,1686423.0,20.5,0.0,20.92,20.08,20.41,1.0,1686423.0,2,10
254,2016-02-09,20.21,20.8,20.0,20.0,1821592.0,20.21,0.0,20.8,20.0,20.0,1.0,1821592.0,1,09
255,2016-02-08,20.23,21.11,19.76,21.1,2171468.0,20.23,0.0,21.11,19.76,21.1,1.0,2171468.0,0,08
256,2016-02-05,21.4,22.495,21.29,21.97,1551808.0,21.4,0.0,22.495,21.29,21.97,1.0,1551808.0,4,05
257,2016-02-04,22.12,22.23,21.77,21.79,845188.0,22.12,0.0,22.23,21.77,21.79,1.0,845188.0,3,04
258,2016-02-03,21.83,22.11,20.53,21.68,1597722.0,21.83,0.0,22.11,20.53,21.68,1.0,1597722.0,2,03
259,2016-02-02,21.46,23.28,21.39,22.87,1618741.0,21.46,0.0,23.28,21.39,22.87,1.0,1618741.0,1,02
260,2016-02-01,23.04,23.185,21.95,22.24,1740206.0,23.04,0.0,23.185,21.95,22.24,1.0,1740206.0,0,01
261,2016-01-29,22.42,22.46,21.27,21.42,1774223.0,22.42,0.0,22.46,21.27,21.42,1.0,1774223.0,4,29
262,2016-01-28,21.33,21.86,21.14,21.76,1209334.0,21.33,0.0,21.86,21.14,21.76,1.0,1209334.0,3,28
263,2016-01-27,21.51,22.29,21.41,22.1,1069384.0,21.51,0.0,22.29,21.41,22.1,1.0,1069384.0,2,27
264,2016-01-26,22.35,22.59,21.85,21.86,922853.0,22.35,0.0,22.59,21.85,21.86,1.0,922853.0,1,26
265,2016-01-25,21.71,22.59,21.69,22.31,1405043.0,21.71,0.0,22.59,21.69,22.31,1.0,1405043.0,0,25
266,2016-01-22,22.52,22.805,21.9,22.2,1640210.0,22.52,0.0,22.805,21.9,22.2,1.0,1640210.0,4,22
267,2016-01-21,21.91,22.83,21.41,21.96,1470221.0,21.91,0.0,22.83,21.41,21.96,1.0,1470221.0,3,21
268,2016-01-20,21.77,22.01,20.79,21.97,4232134.0,21.77,0.0,22.01,20.79,21.97,1.0,4232134.0,2,20
269,2016-01-19,22.32,23.11,22.1,22.92,1930027.0,22.32,0.0,23.11,22.1,22.92,1.0,1930027.0,1,19
270,2016-01-15,22.73,23.03,22.41,22.76,1954273.0,22.73,0.0,23.03,22.41,22.76,1.0,1954273.0,4,15
271,2016-01-14,23.31,23.35,22.835,23.2,2802980.0,23.31,0.0,23.35,22.835,23.2,1.0,2802980.0,3,14
272,2016-01-13,23.06,24.2,22.23,23.63,2181305.0,23.06,0.0,24.2,22.23,23.63,1.0,2181305.0,2,13
273,2016-01-12,23.51,23.65,22.66,23.58,2617994.0,23.51,0.0,23.65,22.66,23.58,1.0,2617994.0,1,12
274,2016-01-11,23.28,23.7,22.77,23.54,1493271.0,23.28,0.0,23.7,22.77,23.54,1.0,1493271.0,0,11
275,2016-01-08,23.36,24.4099,23.025,23.59,1779934.0,23.36,0.0,24.4099,23.025,23.59,1.0,1779934.0,4,08
276,2016-01-07,23.42,24.33,23.075,24.03,1841272.0,23.42,0.0,24.33,23.075,24.03,1.0,1841272.0,3,07
277,2016-01-06,24.44,25.14,23.95,24.87,2638237.0,24.44,0.0,25.14,23.95,24.87,1.0,2638237.0,2,06
278,2016-01-05,25.115,25.8,24.645,25.6,2388299.0,25.115,0.0,25.8,24.645,25.6,1.0,2388299.0,1,05
279,2016-01-04,25.6,25.945,25.04,25.61,1024203.0,25.6,0.0,25.945,25.04,25.61,1.0,1024203.0,0,04
280,2015-12-31,25.89,26.0801,25.655,25.9,930622.0,25.89,0.0,26.0801,25.655,25.9,1.0,930622.0,3,31
281,2015-12-30,25.95,26.41,25.81,26.24,708869.0,25.95,0.0,26.41,25.81,26.24,1.0,708869.0,2,30
282,2015-12-29,26.31,26.465,26.06,26.23,810153.0,26.31,0.0,26.465,26.06,26.23,1.0,810153.0,1,29
283,2015-12-28,26.13,26.27,25.96,26.24,866748.0,26.13,0.0,26.27,25.96,26.24,1.0,866748.0,0,28
284,2015-12-24,26.33,26.56,26.26,26.4,262436.0,26.33,0.0,26.56,26.26,26.4,1.0,262436.0,3,24
285,2015-12-23,26.34,26.54,25.48,25.55,1016863.0,26.34,0.0,26.54,25.48,25.55,1.0,1016863.0,2,23
286,2015-12-22,25.44,25.61,24.97,25.3,621593.0,25.44,0.0,25.61,24.97,25.3,1.0,621593.0,1,22
287,2015-12-21,25.18,25.33,24.92,25.29,830587.0,25.18,0.0,25.33,24.92,25.29,1.0,830587.0,0,21
288,2015-12-18,25.0,25.83,24.85,25.58,2822548.0,25.0,0.0,25.83,24.85,25.58,1.0,2822548.0,4,18
289,2015-12-17,25.84,27.54,25.83,26.9,1682006.0,25.84,0.0,27.54,25.83,26.9,1.0,1682006.0,3,17
290,2015-12-16,25.36,25.63,24.975,25.28,1381668.0,25.36,0.0,25.63,24.975,25.28,1.0,1381668.0,2,16
291,2015-12-15,25.18,26.02,25.14,25.65,1280776.0,25.18,0.0,26.02,25.14,25.65,1.0,1280776.0,1,15
292,2015-12-14,25.53,26.0,25.4,26.0,1329424.0,25.53,0.0,26.0,25.4,26.0,1.0,1329424.0,0,14
293,2015-12-11,25.86,26.16,25.48,25.75,1163503.0,25.86,0.0,26.16,25.48,25.75,1.0,1163503.0,4,11
294,2015-12-10,26.22,26.3,25.21,25.86,1604356.0,26.22,0.0,26.3,25.21,25.86,1.0,1604356.0,3,10
295,2015-12-09,25.8,26.72,25.58,26.44,889279.0,25.8,0.0,26.72,25.58,26.44,1.0,889279.0,2,09
296,2015-12-08,26.53,26.75,26.09,26.4,825629.0,26.53,0.0,26.75,26.09,26.4,1.0,825629.0,1,08
297,2015-12-07,26.72,27.62,26.59,27.41,842507.0,26.72,0.0,27.62,26.59,27.41,1.0,842507.0,0,07
298,2015-12-04,27.51,27.52,26.9,27.05,1065287.0,27.51,0.0,27.52,26.9,27.05,1.0,1065287.0,4,04
299,2015-12-03,26.99,27.96,26.865,27.88,1315227.0,26.99,0.0,27.96,26.865,27.88,1.0,1315227.0,3,03
300,2015-12-02,27.73,28.45,27.69,28.37,1311335.0,27.73,0.0,28.45,27.69,28.37,1.0,1311335.0,2,02
301,2015-12-01,28.53,28.73,28.16,28.47,1143467.0,28.53,0.0,28.73,28.16,28.47,1.0,1143467.0,1,01
302,2015-11-30,28.62,29.65,28.42,28.7,1002760.0,28.62,0.0,29.65,28.42,28.7,1.0,1002760.0,0,30
303,2015-11-27,28.6,29.9,28.17,28.17,239776.0,28.6,0.0,29.9,28.17,28.17,1.0,239776.0,4,27
304,2015-11-25,28.24,28.57,28.13,28.46,1029603.0,28.24,0.0,28.57,28.13,28.46,1.0,1029603.0,2,25
305,2015-11-24,28.41,29.13,28.33,28.72,1609284.0,28.41,0.0,29.13,28.33,28.72,1.0,1609284.0,1,24
306,2015-11-23,28.96,29.27,28.23,28.23,1785992.0,28.96,0.0,29.27,28.23,28.23,1.0,1785992.0,0,23
307,2015-11-20,28.3,28.32,27.35,27.49,1958335.0,28.3,0.0,28.32,27.35,27.49,1.0,1958335.0,4,20
308,2015-11-19,27.37,27.52,27.11,27.24,1079128.0,27.37,0.0,27.52,27.11,27.24,1.0,1079128.0,3,19
309,2015-11-18,27.35,27.47,26.26,27.25,3920068.0,27.35,0.0,27.47,26.26,27.25,1.0,3920068.0,2,18
310,2015-11-17,26.5,26.87,26.25,26.63,1678778.0,26.5,0.0,26.87,26.25,26.63,1.0,1678778.0,1,17
311,2015-11-16,26.5,26.69,25.99,26.42,2671905.0,26.5,0.0,26.69,25.99,26.42,1.0,2671905.0,0,16
312,2015-11-13,26.5,27.13,26.27,27.08,2141263.0,26.5,0.0,27.13,26.27,27.08,1.0,2141263.0,4,13
313,2015-11-12,27.2,27.5,26.77,27.46,3074761.0,27.2,0.0,27.5,26.77,27.46,1.0,3074761.0,3,12
314,2015-11-11,27.485,27.78,26.76,27.51,3869745.0,27.485,0.0,27.78,26.76,27.51,1.0,3869745.0,2,11
315,2015-11-10,27.79,27.96,26.31,27.85,8845069.0,27.79,0.0,27.96,26.31,27.85,1.0,8845069.0,1,10
316,2015-11-09,28.49,30.65,26.555,30.4,9271742.0,28.49,0.0,30.65,26.555,30.4,1.0,9271742.0,0,09
317,2015-11-06,32.31,32.44,31.3,32.25,3400847.0,32.31,0.0,32.44,31.3,32.25,1.0,3400847.0,4,06
318,2015-11-05,32.34,33.15,31.99,32.26,1090792.0,32.34,0.0,33.15,31.99,32.26,1.0,1090792.0,3,05
319,2015-11-04,32.25,33.54,32.21,33.39,1571927.0,32.25,0.0,33.54,32.21,33.39,1.0,1571927.0,2,04
320,2015-11-03,33.21,33.47,32.36,32.89,1048265.0,33.21,0.0,33.47,32.36,32.89,1.0,1048265.0,1,03
321,2015-11-02,32.8,32.93,32.405,32.61,961598.0,32.8,0.0,32.93,32.405,32.61,1.0,961598.0,0,02
322,2015-10-30,32.43,32.85,32.35,32.48,610969.0,32.43,0.0,32.85,32.35,32.48,1.0,610969.0,4,30
323,2015-10-29,32.46,32.78,31.84,32.78,525604.0,32.46,0.0,32.78,31.84,32.78,1.0,525604.0,3,29
324,2015-10-28,32.62,32.78,31.495,31.77,712197.0,32.62,0.0,32.78,31.495,31.77,1.0,712197.0,2,28
325,2015-10-27,31.6,32.135,31.41,32.06,1040804.0,31.6,0.0,32.135,31.41,32.06,1.0,1040804.0,1,27
326,2015-10-26,32.26,32.42,31.855,32.02,799166.0,32.26,0.0,32.42,31.855,32.02,1.0,799166.0,0,26
327,2015-10-23,32.14,32.26,31.6,31.6,680897.0,32.14,0.0,32.26,31.6,31.6,1.0,680897.0,4,23
328,2015-10-22,31.7,32.3,31.44,31.48,864685.0,31.7,0.0,32.3,31.44,31.48,1.0,864685.0,3,22
329,2015-10-21,31.34,31.99,31.25,31.8,285929.0,31.34,0.0,31.99,31.25,31.8,1.0,285929.0,2,21
330,2015-10-20,31.85,31.99,31.48,31.64,509000.0,31.85,0.0,31.99,31.48,31.64,1.0,509000.0,1,20
331,2015-10-19,31.71,32.08,31.4,31.63,667883.0,31.71,0.0,32.08,31.4,31.63,1.0,667883.0,0,19
332,2015-10-16,31.76,31.84,31.07,31.17,605690.0,31.76,0.0,31.84,31.07,31.17,1.0,605690.0,4,16
333,2015-10-15,31.22,31.22,30.77,30.86,492375.0,31.22,0.0,31.22,30.77,30.86,1.0,492375.0,3,15
334,2015-10-14,30.81,31.13,30.48,30.57,503166.0,30.81,0.0,31.13,30.48,30.57,1.0,503166.0,2,14
335,2015-10-13,30.6,31.19,30.56,31.0,1107260.0,30.6,0.0,31.19,30.56,31.0,1.0,1107260.0,1,13
336,2015-10-12,31.07,31.22,30.645,30.75,726488.0,31.07,0.0,31.22,30.645,30.75,1.0,726488.0,0,12
337,2015-10-09,30.71,31.04,30.45,30.67,658628.0,30.71,0.0,31.04,30.45,30.67,1.0,658628.0,4,09
338,2015-10-08,30.73,30.8,29.94,30.21,679093.0,30.73,0.0,30.8,29.94,30.21,1.0,679093.0,3,08
339,2015-10-07,30.45,30.65,29.44,29.68,942086.0,30.45,0.0,30.65,29.44,29.68,1.0,942086.0,2,07
340,2015-10-06,29.56,30.09,29.17,29.93,615801.0,29.56,0.0,30.09,29.17,29.93,1.0,615801.0,1,06
341,2015-10-05,29.92,30.49,29.11,29.77,1058710.0,29.92,0.0,30.49,29.11,29.77,1.0,1058710.0,0,05
342,2015-10-02,29.48,29.94,28.91,29.76,2100004.0,29.48,0.0,29.94,28.91,29.76,1.0,2100004.0,4,02
343,2015-10-01,30.09,30.14,28.814,29.56,2187394.0,30.09,0.0,30.14,28.814,29.56,1.0,2187394.0,3,01
344,2015-09-30,30.03,30.14,29.32,29.53,1349936.0,30.03,0.0,30.14,29.32,29.53,1.0,1349936.0,2,30
345,2015-09-29,29.03,29.57,28.87,29.52,1506702.0,29.03,0.0,29.57,28.87,29.52,1.0,1506702.0,1,29
346,2015-09-28,29.42,30.06,28.93,29.95,1438483.0,29.42,0.0,30.06,28.93,29.95,1.0,1438483.0,0,28
347,2015-09-25,30.22,31.16,30.11,31.09,751052.0,30.22,0.0,31.16,30.11,31.09,1.0,751052.0,4,25
348,2015-09-24,30.77,30.85,29.97,30.66,1138608.0,30.77,0.0,30.85,29.97,30.66,1.0,1138608.0,3,24
349,2015-09-23,30.88,31.39,30.77,30.77,928375.0,30.88,0.0,31.39,30.77,30.77,1.0,928375.0,2,23
350,2015-09-22,31.21,31.25,30.6,30.72,1017899.0,31.21,0.0,31.25,30.6,30.72,1.0,1017899.0,1,22
351,2015-09-21,31.26,31.84,31.04,31.52,565141.0,31.26,0.0,31.84,31.04,31.52,1.0,565141.0,0,21
352,2015-09-18,31.39,31.73,31.23,31.59,1417845.0,31.39,0.0,31.73,31.23,31.59,1.0,1417845.0,4,18
353,2015-09-17,31.89,32.64,31.85,32.43,1186865.0,31.89,0.0,32.64,31.85,32.43,1.0,1186865.0,3,17
354,2015-09-16,32.39,32.73,31.85,31.93,1163955.0,32.39,0.0,32.73,31.85,31.93,1.0,1163955.0,2,16
355,2015-09-15,31.83,32.02,31.46,31.77,1096164.0,31.83,0.0,32.02,31.46,31.77,1.0,1096164.0,1,15
356,2015-09-14,31.7,31.95,31.551,31.79,868436.0,31.7,0.0,31.95,31.551,31.79,1.0,868436.0,0,14
357,2015-09-11,31.65,32.945,31.445,32.82,3894361.0,31.65,0.0,32.945,31.445,32.82,1.0,3894361.0,4,11
358,2015-09-10,32.9,34.03,32.84,33.57,1317331.0,32.9,0.0,34.03,32.84,33.57,1.0,1317331.0,3,10
359,2015-09-09,33.41,34.12,33.3,33.76,1382288.0,33.41,0.0,34.12,33.3,33.76,1.0,1382288.0,2,09
360,2015-09-08,33.45,33.5,32.6503,33.06,1394224.0,33.45,0.0,33.5,32.6503,33.06,1.0,1394224.0,1,08
361,2015-09-04,32.65,32.9,32.3001,32.5,550579.0,32.65,0.0,32.9,32.3001,32.5,1.0,550579.0,4,04
362,2015-09-03,32.92,33.16,32.13,32.22,890689.0,32.92,0.0,33.16,32.13,32.22,1.0,890689.0,3,03
363,2015-09-02,32.225,32.304,31.65,32.24,1378219.0,32.225,0.0,32.304,31.65,32.24,1.0,1378219.0,2,02
364,2015-09-01,31.79,32.48,31.53,32.0,1450561.0,31.79,0.0,32.48,31.53,32.0,1.0,1450561.0,1,01
365,2015-08-31,32.35,32.65,31.49,32.1,1737465.0,32.35,0.0,32.65,31.49,32.1,1.0,1737465.0,0,31
366,2015-08-28,31.9,31.91,30.84,30.84,1041012.0,31.9,0.0,31.91,30.84,30.84,1.0,1041012.0,4,28
367,2015-08-27,30.73,31.1,29.4,29.83,1504828.0,30.73,0.0,31.1,29.4,29.83,1.0,1504828.0,3,27
368,2015-08-26,29.5,29.56,28.31,28.76,1345314.0,29.5,0.0,29.56,28.31,28.76,1.0,1345314.0,2,26
369,2015-08-25,28.17,28.76,27.96,28.33,1319375.0,28.17,0.0,28.76,27.96,28.33,1.0,1319375.0,1,25
370,2015-08-24,27.64,29.03,26.87,27.99,2267441.0,27.64,0.0,29.03,26.87,27.99,1.0,2267441.0,0,24
371,2015-08-21,29.31,30.53,29.1201,30.23,1514461.0,29.31,0.0,30.53,29.1201,30.23,1.0,1514461.0,4,21
372,2015-08-20,30.58,31.53,30.4101,31.15,999908.0,30.58,0.0,31.53,30.4101,31.15,1.0,999908.0,3,20
373,2015-08-19,31.53,31.62,31.02,31.33,1017174.0,31.53,0.0,31.62,31.02,31.33,1.0,1017174.0,2,19
374,2015-08-18,31.34,31.89,31.32,31.88,554043.0,31.34,0.0,31.89,31.32,31.88,1.0,554043.0,1,18
375,2015-08-17,31.82,31.88,31.31,31.5,905192.0,31.82,0.0,31.88,31.31,31.5,1.0,905192.0,0,17
376,2015-08-14,31.6,31.64,31.33,31.6,594704.0,31.6,0.0,31.64,31.33,31.6,1.0,594704.0,4,14
377,2015-08-13,31.51,31.95,31.37,31.61,1278195.0,31.51,0.0,31.95,31.37,31.61,1.0,1278195.0,3,13
378,2015-08-12,31.76,31.94,30.19,30.61,2073952.0,31.76,0.0,31.94,30.19,30.61,1.0,2073952.0,2,12
379,2015-08-11,30.5,31.5,30.405,31.5,1227014.0,30.5,0.0,31.5,30.405,31.5,1.0,1227014.0,1,11
380,2015-08-10,31.59,31.87,31.34,31.53,1596598.0,31.59,0.0,31.87,31.34,31.53,1.0,1596598.0,0,10
381,2015-08-07,31.28,31.44,30.95,31.24,797828.0,31.28,0.0,31.44,30.95,31.24,1.0,797828.0,4,07
382,2015-08-06,31.17,31.7,30.64,31.67,595008.0,31.17,0.0,31.7,30.64,31.67,1.0,595008.0,3,06
383,2015-08-05,31.54,31.8,31.05,31.4,763757.0,31.54,0.0,31.8,31.05,31.4,1.0,763757.0,2,05
384,2015-08-04,31.12,31.31,29.9001,30.97,971326.0,31.12,0.0,31.31,29.9001,30.97,1.0,971326.0,1,04
385,2015-08-03,30.86,31.766,30.46,31.38,723712.0,30.86,0.0,31.766,30.46,31.38,1.0,723712.0,0,03
386,2015-07-31,31.37,31.699,30.58,31.35,737897.0,31.37,0.0,31.699,30.58,31.35,1.0,737897.0,4,31
387,2015-07-30,31.21,31.55,29.95,30.6,2075742.0,31.21,0.0,31.55,29.95,30.6,1.0,2075742.0,3,30
388,2015-07-29,30.71,31.02,29.57,31.02,1961973.0,30.71,0.0,31.02,29.57,31.02,1.0,1961973.0,2,29
389,2015-07-28,31.14,31.87,29.07,29.07,2471466.0,31.14,0.0,31.87,29.07,29.07,1.0,2471466.0,1,28
390,2015-07-27,29.9,30.54,29.4,30.54,1717010.0,29.9,0.0,30.54,29.4,30.54,1.0,1717010.0,0,27
391,2015-07-24,30.65,31.12,30.59,30.75,679798.0,30.65,0.0,31.12,30.59,30.75,1.0,679798.0,4,24
392,2015-07-23,30.79,31.46,30.68,31.2,797877.0,30.79,0.0,31.46,30.68,31.2,1.0,797877.0,3,23
393,2015-07-22,30.86,31.02,30.34,30.54,612562.0,30.86,0.0,31.02,30.34,30.54,1.0,612562.0,2,22
394,2015-07-21,30.85,31.496,30.49,31.42,881582.0,30.85,0.0,31.496,30.49,31.42,1.0,881582.0,1,21
395,2015-07-20,31.29,31.58,31.06,31.41,660614.0,31.29,0.0,31.58,31.06,31.41,1.0,660614.0,0,20
396,2015-07-17,31.36,31.54,30.59,30.75,994023.0,31.36,0.0,31.54,30.59,30.75,1.0,994023.0,4,17
397,2015-07-16,30.67,30.9,30.41,30.57,750673.0,30.67,0.0,30.9,30.41,30.57,1.0,750673.0,3,16
398,2015-07-15,30.39,30.76,30.27,30.52,561371.0,30.39,0.0,30.76,30.27,30.52,1.0,561371.0,2,15
399,2015-07-14,30.56,31.0,30.07,30.3,959177.0,30.56,0.0,31.0,30.07,30.3,1.0,959177.0,1,14
400,2015-07-13,30.36,30.42,29.61,30.01,1102885.0,30.36,0.0,30.42,29.61,30.01,1.0,1102885.0,0,13
401,2015-07-10,29.79,30.05,29.36,30.01,701599.0,29.79,0.0,30.05,29.36,30.01,1.0,701599.0,4,10
402,2015-07-09,29.69,30.42,29.45,29.9,1085807.0,29.69,0.0,30.42,29.45,29.9,1.0,1085807.0,3,09
403,2015-07-08,29.53,30.29,28.92,30.07,3216631.0,29.53,0.0,30.29,28.92,30.07,1.0,3216631.0,2,08
404,2015-07-07,30.44,30.57,30.04,30.57,1196781.0,30.44,0.0,30.57,30.04,30.57,1.0,1196781.0,1,07
405,2015-07-06,30.58,30.66,30.19,30.49,853561.0,30.58,0.0,30.66,30.19,30.49,1.0,853561.0,0,06
406,2015-07-02,30.78,30.93,30.339,30.8,598888.0,30.78,0.0,30.93,30.339,30.8,1.0,598888.0,3,02
407,2015-07-01,30.8,30.94,30.4,30.83,655984.0,30.8,0.0,30.94,30.4,30.83,1.0,655984.0,2,01
408,2015-06-30,30.51,30.71,30.21,30.62,655991.0,30.51,0.0,30.71,30.21,30.62,1.0,655991.0,1,30
409,2015-06-29,30.37,30.96,30.33,30.94,635538.0,30.37,0.0,30.96,30.33,30.94,1.0,635538.0,0,29
410,2015-06-26,31.04,31.51,30.93,31.45,3460763.0,31.04,0.0,31.51,30.93,31.45,1.0,3460763.0,4,26
411,2015-06-25,31.37,31.76,31.19,31.59,666947.0,31.37,0.0,31.76,31.19,31.59,1.0,666947.0,3,25
412,2015-06-24,31.47,32.0,31.33,31.74,554109.0,31.47,0.0,32.0,31.33,31.74,1.0,554109.0,2,24
413,2015-06-23,31.89,32.094,31.63,31.87,861146.0,31.89,0.0,32.094,31.63,31.87,1.0,861146.0,1,23
414,2015-06-22,31.86,32.07,31.715,31.91,437491.0,31.86,0.0,32.07,31.715,31.91,1.0,437491.0,0,22
415,2015-06-19,31.79,32.09,31.38,31.95,1910729.0,31.79,0.0,32.09,31.38,31.95,1.0,1910729.0,4,19
416,2015-06-18,31.88,32.28,31.72,31.96,739425.0,31.88,0.0,32.28,31.72,31.96,1.0,739425.0,3,18
417,2015-06-17,31.955,32.24,31.58,31.64,1534581.0,31.955,0.0,32.24,31.58,31.64,1.0,1534581.0,2,17
418,2015-06-16,31.5,31.55,30.81,30.95,1096480.0,31.5,0.0,31.55,30.81,30.95,1.0,1096480.0,1,16
419,2015-06-15,30.98,31.23,30.675,30.95,1120462.0,30.98,0.0,31.23,30.675,30.95,1.0,1120462.0,0,15
420,2015-06-12,31.12,31.285,30.56,31.23,1937973.0,31.12,0.0,31.285,30.56,31.23,1.0,1937973.0,4,12
421,2015-06-11,31.17,31.39,30.4,30.5,9382694.0,31.17,0.0,31.39,30.4,30.5,1.0,9382694.0,3,11
422,2015-06-10,32.415,32.53,32.04,32.07,435412.0,32.415,0.0,32.53,32.04,32.07,1.0,435412.0,2,10
423,2015-06-09,31.89,31.955,31.21,31.77,454830.0,31.89,0.0,31.955,31.21,31.77,1.0,454830.0,1,09
424,2015-06-08,31.82,32.38,31.66,32.05,736338.0,31.82,0.0,32.38,31.66,32.05,1.0,736338.0,0,08
425,2015-06-05,32.2,32.465,31.865,31.94,1705795.0,32.2,0.0,32.465,31.865,31.94,1.0,1705795.0,4,05
426,2015-06-04,31.96,32.2,31.8,32.05,824188.0,31.96,0.0,32.2,31.8,32.05,1.0,824188.0,3,04
427,2015-06-03,32.18,32.43,31.66,31.74,1397916.0,32.18,0.0,32.43,31.66,31.74,1.0,1397916.0,2,03
428,2015-06-02,31.745,31.91,31.14,31.14,1601296.0,31.745,0.0,31.91,31.14,31.14,1.0,1601296.0,1,02
429,2015-06-01,31.265,31.425,30.93,31.25,815810.0,31.265,0.0,31.425,30.93,31.25,1.0,815810.0,0,01
430,2015-05-29,31.17,31.48,30.84,31.33,855205.0,31.17,0.0,31.48,30.84,31.33,1.0,855205.0,4,29
431,2015-05-28,31.3,31.36,30.86,30.86,743317.0,31.3,0.0,31.36,30.86,30.86,1.0,743317.0,3,28
432,2015-05-27,30.905,31.21,30.3,30.44,947934.0,30.905,0.0,31.21,30.3,30.44,1.0,947934.0,2,27
433,2015-05-26,30.87,31.3,30.74,31.15,493331.0,30.87,0.0,31.3,30.74,31.15,1.0,493331.0,1,26
434,2015-05-22,31.23,31.53,31.15,31.15,314088.0,31.23,0.0,31.53,31.15,31.15,1.0,314088.0,4,22
435,2015-05-21,31.25,31.52,30.82,31.09,407692.0,31.25,0.0,31.52,30.82,31.09,1.0,407692.0,3,21
436,2015-05-20,31.17,31.69,31.11,31.39,499341.0,31.17,0.0,31.69,31.11,31.39,1.0,499341.0,2,20
437,2015-05-19,31.38,31.56,31.25,31.25,565243.0,31.38,0.0,31.56,31.25,31.25,1.0,565243.0,1,19
438,2015-05-18,31.33,31.43,30.86,30.86,1021853.0,31.33,0.0,31.43,30.86,30.86,1.0,1021853.0,0,18
439,2015-05-15,30.95,30.98,30.46,30.65,660308.0,30.95,0.0,30.98,30.46,30.65,1.0,660308.0,4,15
440,2015-05-14,30.73,30.75,29.96,30.09,592346.0,30.73,0.0,30.75,29.96,30.09,1.0,592346.0,3,14
441,2015-05-13,30.09,30.55,30.06,30.22,573259.0,30.09,0.0,30.55,30.06,30.22,1.0,573259.0,2,13
442,2015-05-12,30.21,30.34,29.86,30.26,1059259.0,30.21,0.0,30.34,29.86,30.26,1.0,1059259.0,1,12
443,2015-05-11,30.34,30.41,29.72,29.85,1233049.0,30.34,0.0,30.41,29.72,29.85,1.0,1233049.0,0,11
444,2015-05-08,29.85,29.9,29.41,29.53,889637.0,29.85,0.0,29.9,29.41,29.53,1.0,889637.0,4,08
445,2015-05-07,29.39,29.52,28.7901,29.12,762156.0,29.39,0.0,29.52,28.7901,29.12,1.0,762156.0,3,07
446,2015-05-06,29.18,29.39,28.925,29.39,749135.0,29.18,0.0,29.39,28.925,29.39,1.0,749135.0,2,06
447,2015-05-05,29.29,30.22,29.14,30.15,1487095.0,29.29,0.0,30.22,29.14,30.15,1.0,1487095.0,1,05
448,2015-05-04,29.39,29.62,29.16,29.3,1149740.0,29.39,0.0,29.62,29.16,29.3,1.0,1149740.0,0,04
449,2015-05-01,29.32,29.59,28.29,29.42,2309413.0,29.32,0.0,29.59,28.29,29.42,1.0,2309413.0,4,01
450,2015-04-30,29.51,29.93,29.3,29.8,3445410.0,29.51,0.0,29.93,29.3,29.8,1.0,3445410.0,3,30
451,2015-04-29,27.77,28.55,27.75,28.55,1572534.0,27.77,0.0,28.55,27.75,28.55,1.0,1572534.0,2,29
452,2015-04-28,28.59,28.74,28.16,28.25,1376771.0,28.59,0.0,28.74,28.16,28.25,1.0,1376771.0,1,28
453,2015-04-27,28.175,28.77,28.13,28.21,756033.0,28.175,0.0,28.77,28.13,28.21,1.0,756033.0,0,27
454,2015-04-24,28.215,29.6,27.95,29.6,2133327.0,28.215,0.0,29.6,27.95,29.6,1.0,2133327.0,4,24
455,2015-04-23,29.3,29.64,29.28,29.59,922248.0,29.3,0.0,29.64,29.28,29.59,1.0,922248.0,3,23
456,2015-04-22,29.8,29.98,29.64,29.9,792083.0,29.8,0.0,29.98,29.64,29.9,1.0,792083.0,2,22
457,2015-04-21,29.81,29.88,29.46,29.66,1174123.0,29.81,0.0,29.88,29.46,29.66,1.0,1174123.0,1,21
458,2015-04-20,29.48,29.74,29.22,29.37,716066.0,29.48,0.0,29.74,29.22,29.37,1.0,716066.0,0,20
459,2015-04-17,29.14,29.45,28.88,29.38,506539.0,29.14,0.0,29.45,28.88,29.38,1.0,506539.0,4,17
460,2015-04-16,29.6,29.77,29.4,29.77,455939.0,29.6,0.0,29.77,29.4,29.77,1.0,455939.0,3,16
461,2015-04-15,29.79,29.79,29.345,29.43,1046030.0,29.79,0.0,29.79,29.345,29.43,1.0,1046030.0,2,15
462,2015-04-14,29.41,29.62,29.265,29.44,680759.0,29.41,0.0,29.62,29.265,29.44,1.0,680759.0,1,14
463,2015-04-13,29.3,29.65,29.29,29.3,780051.0,29.3,0.0,29.65,29.29,29.3,1.0,780051.0,0,13
464,2015-04-10,29.41,29.78,29.09,29.52,1140372.0,29.41,0.0,29.78,29.09,29.52,1.0,1140372.0,4,10
465,2015-04-09,29.455,29.67,29.0,29.3,991907.0,29.455,0.0,29.67,29.0,29.3,1.0,991907.0,3,09
466,2015-04-08,29.32,29.64,29.0,29.24,964509.0,29.32,0.0,29.64,29.0,29.24,1.0,964509.0,2,08
467,2015-04-07,29.23,29.68,29.0,29.03,1093310.0,29.23,0.0,29.68,29.0,29.03,1.0,1093310.0,1,07
468,2015-04-06,28.9,29.23,28.61,28.93,851535.0,28.9,0.0,29.23,28.61,28.93,1.0,851535.0,0,06
469,2015-04-02,28.95,29.04,28.64,28.64,1058548.0,28.95,0.0,29.04,28.64,28.64,1.0,1058548.0,3,02
470,2015-04-01,28.625,28.86,28.18,28.5,1849206.0,28.625,0.0,28.86,28.18,28.5,1.0,1849206.0,2,01
471,2015-03-31,28.54,29.17,28.51,29.12,1142728.0,28.54,0.0,29.17,28.51,29.12,1.0,1142728.0,1,31
472,2015-03-30,29.15,29.41,28.95,29.12,865171.0,29.15,0.0,29.41,28.95,29.12,1.0,865171.0,0,30
473,2015-03-27,28.99,29.13,28.615,28.98,1307153.0,28.99,0.0,29.13,28.615,28.98,1.0,1307153.0,4,27
474,2015-03-26,28.87,29.892,28.69,29.51,1537410.0,28.87,0.0,29.892,28.69,29.51,1.0,1537410.0,3,26
475,2015-03-25,29.61,30.445,29.535,30.25,530003.0,29.61,0.0,30.445,29.535,30.25,1.0,530003.0,2,25
476,2015-03-24,30.27,30.81,30.2,30.66,571662.0,30.27,0.0,30.81,30.2,30.66,1.0,571662.0,1,24
477,2015-03-23,30.77,31.11,30.7,30.97,688209.0,30.77,0.0,31.11,30.7,30.97,1.0,688209.0,0,23
478,2015-03-20,30.86,31.07,30.65,30.81,1392254.0,30.86,0.0,31.07,30.65,30.81,1.0,1392254.0,4,20
479,2015-03-19,30.61,31.0,30.51,30.71,766951.0,30.61,0.0,31.0,30.51,30.71,1.0,766951.0,3,19
480,2015-03-18,30.68,31.0,30.08,30.25,1157457.0,30.68,0.0,31.0,30.08,30.25,1.0,1157457.0,2,18
481,2015-03-17,30.22,30.415,29.22,29.44,1385544.0,30.22,0.0,30.415,29.22,29.44,1.0,1385544.0,1,17
482,2015-03-16,30.22,30.25,29.66,29.66,752177.0,30.22,0.0,30.25,29.66,29.66,1.0,752177.0,0,16
483,2015-03-13,29.65,29.93,29.4,29.83,1342947.0,29.65,0.0,29.93,29.4,29.83,1.0,1342947.0,4,13
484,2015-03-12,29.8,29.89,29.36,29.55,840484.0,29.8,0.0,29.89,29.36,29.55,1.0,840484.0,3,12
485,2015-03-11,29.55,29.78,29.1,29.21,900705.0,29.55,0.0,29.78,29.1,29.21,1.0,900705.0,2,11
486,2015-03-10,29.07,29.92,28.97,29.72,1374251.0,29.07,0.0,29.92,28.97,29.72,1.0,1374251.0,1,10
487,2015-03-09,29.9,30.34,29.85,30.0,1250567.0,29.9,0.0,30.34,29.85,30.0,1.0,1250567.0,0,09
488,2015-03-06,29.72,30.54,29.49,30.2,2277402.0,29.72,0.0,30.54,29.49,30.2,1.0,2277402.0,4,06
489,2015-03-05,30.3,30.76,29.91,30.64,5882702.0,30.3,0.0,30.76,29.91,30.64,1.0,5882702.0,3,05
490,2015-03-04,31.18,31.82,31.05,31.55,952354.0,31.18,0.0,31.82,31.05,31.55,1.0,952354.0,2,04
491,2015-03-03,31.56,32.0,31.27,31.36,991001.0,31.56,0.0,32.0,31.27,31.36,1.0,991001.0,1,03
492,2015-03-02,31.47,31.97,30.6,31.33,1393005.0,31.47,0.0,31.97,30.6,31.33,1.0,1393005.0,0,02
493,2015-02-27,31.5,31.52,30.68,31.07,1041232.0,31.5,0.0,31.52,30.68,31.07,1.0,1041232.0,4,27
494,2015-02-26,31.3,31.37,30.72,30.89,621273.0,31.3,0.0,31.37,30.72,30.89,1.0,621273.0,3,26
495,2015-02-25,30.82,31.08,30.18,30.18,1259701.0,30.82,0.0,31.08,30.18,30.18,1.0,1259701.0,2,25
496,2015-02-24,30.76,31.322,29.5,29.86,2016008.0,30.76,0.0,31.322,29.5,29.86,1.0,2016008.0,1,24
497,2015-02-23,30.72,31.5,29.931,31.35,1765420.0,30.72,0.0,31.5,29.931,31.35,1.0,1765420.0,0,23
498,2015-02-20,31.1,31.95,29.76,30.64,4259545.0,31.1,0.0,31.95,29.76,30.64,1.0,4259545.0,4,20
499,2015-02-19,30.24,31.116,30.15,31.09,2125139.0,30.24,0.0,31.116,30.15,31.09,1.0,2125139.0,3,19
500,2015-02-18,31.13,31.19,30.07,30.07,2040650.0,31.13,0.0,31.19,30.07,30.07,1.0,2040650.0,2,18
501,2015-02-17,30.35,30.94,30.18,30.35,1044645.0,30.35,0.0,30.94,30.18,30.35,1.0,1044645.0,1,17
502,2015-02-13,30.4,30.83,30.3,30.53,874995.0,30.4,0.0,30.83,30.3,30.53,1.0,874995.0,4,13
503,2015-02-12,30.23,31.07,30.06,30.47,1230165.0,30.23,0.0,31.07,30.06,30.47,1.0,1230165.0,3,12
504,2015-02-11,30.45,30.6,29.36,29.36,1218818.0,30.45,0.0,30.6,29.36,29.36,1.0,1218818.0,2,11
505,2015-02-10,29.73,30.0,29.33,29.83,824130.0,29.73,0.0,30.0,29.33,29.83,1.0,824130.0,1,10
506,2015-02-09,29.68,29.91,29.21,29.67,1032537.0,29.68,0.0,29.91,29.21,29.67,1.0,1032537.0,0,09
507,2015-02-06,29.62,30.0,29.25,29.45,763224.0,29.62,0.0,30.0,29.25,29.45,1.0,763224.0,4,06
508,2015-02-05,29.44,30.2,29.42,30.18,1084384.0,29.44,0.0,30.2,29.42,30.18,1.0,1084384.0,3,05
509,2015-02-04,30.03,30.06,29.17,29.3,1266732.0,30.03,0.0,30.06,29.17,29.3,1.0,1266732.0,2,04
510,2015-02-03,29.39,29.6757,28.66,29.0,1768032.0,29.39,0.0,29.6757,28.66,29.0,1.0,1768032.0,1,03
511,2015-02-02,28.98,29.21,27.9104,28.13,2012173.0,28.98,0.0,29.21,27.9104,28.13,1.0,2012173.0,0,02
512,2015-01-30,28.105,28.66,27.803,27.9,2629398.0,28.105,0.0,28.66,27.803,27.9,1.0,2629398.0,4,30
513,2015-01-29,28.08,28.1,26.68,27.15,2756766.0,28.08,0.0,28.1,26.68,27.15,1.0,2756766.0,3,29
514,2015-01-28,27.13,28.68,26.26,26.26,8039407.0,27.13,0.0,28.68,26.26,26.26,1.0,8039407.0,2,28
515,2015-01-27,25.57,26.18,22.58,22.75,10535515.0,25.57,0.0,26.18,22.58,22.75,1.0,10535515.0,1,27
516,2015-01-26,21.61,21.68,20.9601,21.0,949841.0,21.61,0.0,21.68,20.9601,21.0,1.0,949841.0,0,26
517,2015-01-23,21.65,21.76,21.0,21.28,685340.0,21.65,0.0,21.76,21.0,21.28,1.0,685340.0,4,23
518,2015-01-22,21.3,21.41,20.63,21.29,805438.0,21.3,0.0,21.41,20.63,21.29,1.0,805438.0,3,22
519,2015-01-21,21.14,21.51,20.95,21.18,499341.0,21.14,0.0,21.51,20.95,21.18,1.0,499341.0,2,21
520,2015-01-20,21.27,21.4,20.87,21.15,861009.0,21.27,0.0,21.4,20.87,21.15,1.0,861009.0,1,20
521,2015-01-16,21.03,21.035,20.19,20.71,2708140.0,21.03,0.0,21.035,20.19,20.71,1.0,2708140.0,4,16
522,2015-01-15,20.78,21.54,20.67,21.31,982901.0,20.78,0.0,21.54,20.67,21.31,1.0,982901.0,3,15
523,2015-01-14,21.38,21.42,21.02,21.23,1290179.0,21.38,0.0,21.42,21.02,21.23,1.0,1290179.0,2,14
524,2015-01-13,21.41,22.545,21.34,22.07,979534.0,21.41,0.0,22.545,21.34,22.07,1.0,979534.0,1,13
525,2015-01-12,22.03,23.0,21.93,23.0,1588248.0,22.03,0.0,23.0,21.93,23.0,1.0,1588248.0,0,12
526,2015-01-09,23.02,23.7,23.0,23.7,788530.0,23.02,0.0,23.7,23.0,23.7,1.0,788530.0,4,09
527,2015-01-08,23.71,24.04,23.37,23.47,873355.0,23.71,0.0,24.04,23.37,23.47,1.0,873355.0,3,08
528,2015-01-07,23.31,23.43,22.71,23.25,1676976.0,23.31,0.0,23.43,22.71,23.25,1.0,1676976.0,2,07
529,2015-01-06,23.18,23.27,22.45,23.15,1595916.0,23.18,0.0,23.27,22.45,23.15,1.0,1595916.0,1,06
530,2015-01-05,23.1,23.17,22.54,22.94,1186097.0,23.1,0.0,23.17,22.54,22.94,1.0,1186097.0,0,05
531,2015-01-02,22.97,23.36,22.84,22.97,964932.0,22.97,0.0,23.36,22.84,22.97,1.0,964932.0,4,02
532,2014-12-31,22.83,23.25,22.79,22.98,544091.0,22.83,0.0,23.25,22.79,22.98,1.0,544091.0,2,31
533,2014-12-30,22.97,23.14,22.83,23.01,715615.0,22.97,0.0,23.14,22.83,23.01,1.0,715615.0,1,30
534,2014-12-29,23.11,23.44,23.03,23.24,318452.0,23.11,0.0,23.44,23.03,23.24,1.0,318452.0,0,29
535,2014-12-26,23.24,23.26,23.07,23.22,158781.0,23.24,0.0,23.26,23.07,23.22,1.0,158781.0,4,26
536,2014-12-24,23.19,23.26,22.836,23.02,131563.0,23.19,0.0,23.26,22.836,23.02,1.0,131563.0,2,24
537,2014-12-23,23.0,23.08,22.61,22.8,635425.0,23.0,0.0,23.08,22.61,22.8,1.0,635425.0,1,23
538,2014-12-22,22.75,22.8,22.22,22.54,622806.0,22.75,0.0,22.8,22.22,22.54,1.0,622806.0,0,22
539,2014-12-19,22.48,22.54,21.825,22.1,665450.0,22.48,0.0,22.54,21.825,22.1,1.0,665450.0,4,19
540,2014-12-18,22.08,22.4,21.74,22.05,1706214.0,22.08,0.0,22.4,21.74,22.05,1.0,1706214.0,3,18
541,2014-12-17,21.75,21.99,21.53,21.78,889241.0,21.75,0.0,21.99,21.53,21.78,1.0,889241.0,2,17
542,2014-12-16,21.8,22.14,21.64,21.82,688093.0,21.8,0.0,22.14,21.64,21.82,1.0,688093.0,1,16
543,2014-12-15,21.955,22.21,21.77,22.05,1551234.0,21.955,0.0,22.21,21.77,22.05,1.0,1551234.0,0,15
544,2014-12-12,21.99,22.59,21.86,22.1,1288769.0,21.99,0.0,22.59,21.86,22.1,1.0,1288769.0,4,12
545,2014-12-11,22.3,22.82,22.13,22.75,1412390.0,22.3,0.0,22.82,22.13,22.75,1.0,1412390.0,3,11
546,2014-12-10,22.55,23.49,22.33,23.26,2232331.0,22.55,0.0,23.49,22.33,23.26,1.0,2232331.0,2,10
547,2014-12-09,23.35,23.65,23.28,23.33,1503832.0,23.35,0.0,23.65,23.28,23.33,1.0,1503832.0,1,09
548,2014-12-08,23.59,24.06,23.5,23.8,5369923.0,23.59,0.0,24.06,23.5,23.8,1.0,5369923.0,0,08
549,2014-12-05,23.83,23.96,23.35,23.35,847342.0,23.83,0.0,23.96,23.35,23.35,1.0,847342.0,4,05
550,2014-12-04,23.41,23.66,22.72,23.01,3463025.0,23.41,0.0,23.66,22.72,23.01,1.0,3463025.0,3,04
551,2014-12-03,23.1,23.19,22.35,22.51,668924.0,23.1,0.0,23.19,22.35,22.51,1.0,668924.0,2,03
552,2014-12-02,22.5,22.57,22.0,22.14,408385.0,22.5,0.0,22.57,22.0,22.14,1.0,408385.0,1,02
553,2014-12-01,22.22,22.36,21.8942,22.1,855665.0,22.22,0.0,22.36,21.8942,22.1,1.0,855665.0,0,01
554,2014-11-28,22.2,22.58,22.06,22.56,470614.0,22.2,0.0,22.58,22.06,22.56,1.0,470614.0,4,28
555,2014-11-26,22.51,22.52,22.2065,22.24,490712.0,22.51,0.0,22.52,22.2065,22.24,1.0,490712.0,2,26
556,2014-11-25,22.19,22.48,21.91,22.22,802976.0,22.19,0.0,22.48,21.91,22.22,1.0,802976.0,1,25
557,2014-11-24,22.05,22.2,21.55,21.85,904142.0,22.05,0.0,22.2,21.55,21.85,1.0,904142.0,0,24
558,2014-11-21,21.78,22.11,21.74,21.91,575488.0,21.78,0.0,22.11,21.74,21.91,1.0,575488.0,4,21
559,2014-11-20,21.67,21.8,21.3201,21.4,462886.0,21.67,0.0,21.8,21.3201,21.4,1.0,462886.0,3,20
560,2014-11-19,21.47,21.85,21.3701,21.62,559064.0,21.47,0.0,21.85,21.3701,21.62,1.0,559064.0,2,19
561,2014-11-18,21.58,21.87,20.78,20.83,849155.0,21.58,0.0,21.87,20.78,20.83,1.0,849155.0,1,18
562,2014-11-17,20.78,21.22,20.7,21.21,696325.0,20.78,0.0,21.22,20.7,21.21,1.0,696325.0,0,17
563,2014-11-14,21.2,21.42,20.76,20.78,600141.0,21.2,0.0,21.42,20.76,20.78,1.0,600141.0,4,14
564,2014-11-13,20.88,21.515,20.77,21.16,1278050.0,20.88,0.0,21.515,20.77,21.16,1.0,1278050.0,3,13
565,2014-11-12,21.12,21.13,20.77,20.98,701412.0,21.12,0.0,21.13,20.77,20.98,1.0,701412.0,2,12
566,2014-11-11,21.1,21.16,20.73,20.83,924525.0,21.1,0.0,21.16,20.73,20.83,1.0,924525.0,1,11
567,2014-11-10,20.77,21.95,20.49,21.72,3023573.0,20.77,0.0,21.95,20.49,21.72,1.0,3023573.0,0,10
568,2014-11-07,22.59,22.79,22.21,22.25,981073.0,22.59,0.0,22.79,22.21,22.25,1.0,981073.0,4,07
569,2014-11-06,22.2,22.22,21.47,21.6,735088.0,22.2,0.0,22.22,21.47,21.6,1.0,735088.0,3,06
570,2014-11-05,21.6,22.0,21.38,21.76,895201.0,21.6,0.0,22.0,21.38,21.76,1.0,895201.0,2,05
571,2014-11-04,21.56,21.73,20.21,20.21,1698962.0,21.56,0.0,21.73,20.21,20.21,1.0,1698962.0,1,04
572,2014-11-03,21.09,21.69,20.96,21.25,2406460.0,21.09,0.0,21.69,20.96,21.25,1.0,2406460.0,0,03
573,2014-10-31,21.54,22.66,20.76,21.6,6253674.0,21.54,0.0,22.66,20.76,21.6,1.0,6253674.0,4,31
574,2014-10-30,23.25,23.37,22.693,22.79,1368225.0,23.25,0.0,23.37,22.693,22.79,1.0,1368225.0,3,30
575,2014-10-29,22.82,23.06,22.4483,22.76,575481.0,22.82,0.0,23.06,22.4483,22.76,1.0,575481.0,2,29
576,2014-10-28,22.7,22.885,22.34,22.42,687727.0,22.7,0.0,22.885,22.34,22.42,1.0,687727.0,1,28
577,2014-10-27,22.4,22.42,20.5,20.81,1511832.0,22.4,0.0,22.42,20.5,20.81,1.0,1511832.0,0,27
578,2014-10-24,22.82,23.12,22.6433,23.08,467238.0,22.82,0.0,23.12,22.6433,23.08,1.0,467238.0,4,24
579,2014-10-23,23.03,23.05,22.334,22.54,584247.0,23.03,0.0,23.05,22.334,22.54,1.0,584247.0,3,23
580,2014-10-22,22.36,23.16,22.32,22.85,412292.0,22.36,0.0,23.16,22.32,22.85,1.0,412292.0,2,22
581,2014-10-21,22.77,22.97,22.205,22.29,573332.0,22.77,0.0,22.97,22.205,22.29,1.0,573332.0,1,21
582,2014-10-20,22.18,22.34,21.8501,21.99,416861.0,22.18,0.0,22.34,21.8501,21.99,1.0,416861.0,0,20
583,2014-10-17,22.07,22.54,21.11,21.19,1079398.0,22.07,0.0,22.54,21.11,21.19,1.0,1079398.0,4,17
584,2014-10-16,21.0,21.28,19.76,19.87,1226499.0,21.0,0.0,21.28,19.76,19.87,1.0,1226499.0,3,16
585,2014-10-15,20.19,21.0,19.68,20.99,2268412.0,20.19,0.0,21.0,19.68,20.99,1.0,2268412.0,2,15
586,2014-10-14,21.25,21.69,21.08,21.27,752512.0,21.25,0.0,21.69,21.08,21.27,1.0,752512.0,1,14
587,2014-10-13,21.29,21.85,20.81,21.45,1226664.0,21.29,0.0,21.85,20.81,21.45,1.0,1226664.0,0,13
588,2014-10-10,21.56,23.11,21.36,22.87,1815675.0,21.56,0.0,23.11,21.36,22.87,1.0,1815675.0,4,10
589,2014-10-09,23.03,23.33,22.56,23.23,938686.0,23.03,0.0,23.33,22.56,23.23,1.0,938686.0,3,09
590,2014-10-08,23.49,23.57,22.88,23.1,1443665.0,23.49,0.0,23.57,22.88,23.1,1.0,1443665.0,2,08
591,2014-10-07,23.15,23.59,22.95,23.28,507475.0,23.15,0.0,23.59,22.95,23.28,1.0,507475.0,1,07
592,2014-10-06,23.45,23.96,23.19,23.96,949248.0,23.45,0.0,23.96,23.19,23.96,1.0,949248.0,0,06
593,2014-10-03,23.81,24.43,23.563,24.2,772726.0,23.81,0.0,24.43,23.563,24.2,1.0,772726.0,4,03
594,2014-10-02,24.11,24.31,23.7,24.02,419183.0,24.11,0.0,24.31,23.7,24.02,1.0,419183.0,3,02
595,2014-10-01,23.94,24.24,23.6617,23.82,714390.0,23.94,0.0,24.24,23.6617,23.82,1.0,714390.0,2,01
596,2014-09-30,23.91,24.3,23.82,24.27,587343.0,23.91,0.0,24.3,23.82,24.27,1.0,587343.0,1,30
597,2014-09-29,24.28,24.37,23.93,24.06,286663.0,24.28,0.0,24.37,23.93,24.06,1.0,286663.0,0,29
598,2014-09-26,24.22,24.55,24.13,24.3,318210.0,24.22,0.0,24.55,24.13,24.3,1.0,318210.0,4,26
599,2014-09-25,24.31,24.52,24.22,24.5,445347.0,24.31,0.0,24.52,24.22,24.5,1.0,445347.0,3,25
600,2014-09-24,24.48,24.72,24.04,24.1,534220.0,24.48,0.0,24.72,24.04,24.1,1.0,534220.0,2,24
601,2014-09-23,24.17,24.4,23.94,24.2,1190200.0,24.17,0.0,24.4,23.94,24.2,1.0,1190200.0,1,23
602,2014-09-22,24.23,24.69,24.13,24.45,551800.0,24.23,0.0,24.69,24.13,24.45,1.0,551800.0,0,22
603,2014-09-19,24.64,25.0,24.43,24.86,1340900.0,24.64,0.0,25.0,24.43,24.86,1.0,1340900.0,4,19
604,2014-09-18,24.77,25.11,24.3,24.4,661700.0,24.77,0.0,25.11,24.3,24.4,1.0,661700.0,3,18
605,2014-09-17,24.25,24.77,24.1,24.6,652600.0,24.25,0.0,24.77,24.1,24.6,1.0,652600.0,2,17
606,2014-09-16,24.63,24.75,24.28,24.67,806700.0,24.63,0.0,24.75,24.28,24.67,1.0,806700.0,1,16
607,2014-09-15,24.68,25.37,24.44,25.2,1010500.0,24.68,0.0,25.37,24.44,25.2,1.0,1010500.0,0,15
608,2014-09-12,25.19,25.86,24.72,25.79,1311000.0,25.19,0.0,25.86,24.72,25.79,1.0,1311000.0,4,12
609,2014-09-11,25.8,26.09,25.6,25.61,779100.0,25.8,0.0,26.09,25.6,25.61,1.0,779100.0,3,11
610,2014-09-10,25.7,25.78,25.2908,25.36,451000.0,25.7,0.0,25.78,25.2908,25.36,1.0,451000.0,2,10
611,2014-09-09,25.36,26.11,25.29,26.11,464800.0,25.36,0.0,26.11,25.29,26.11,1.0,464800.0,1,09
612,2014-09-08,26.1,26.37,25.9,26.37,414200.0,26.1,0.0,26.37,25.9,26.37,1.0,414200.0,0,08
613,2014-09-05,26.24,26.59,25.91,26.28,432500.0,26.24,0.0,26.59,25.91,26.28,1.0,432500.0,4,05
614,2014-09-04,26.14,26.89,25.91,26.22,1323400.0,26.14,0.0,26.89,25.91,26.22,1.0,1323400.0,3,04
615,2014-09-03,26.32,26.71,26.1,26.53,948300.0,26.32,0.0,26.71,26.1,26.53,1.0,948300.0,2,03
616,2014-09-02,26.5,26.71,25.476,25.49,1249600.0,26.5,0.0,26.71,25.476,25.49,1.0,1249600.0,1,02
617,2014-08-29,25.76,25.88,25.34,25.77,337100.0,25.76,0.0,25.88,25.34,25.77,1.0,337100.0,4,29
618,2014-08-28,25.69,25.91,25.3801,25.67,358500.0,25.69,0.0,25.91,25.3801,25.67,1.0,358500.0,3,28
619,2014-08-27,25.73,26.06,25.62,25.77,472000.0,25.73,0.0,26.06,25.62,25.77,1.0,472000.0,2,27
620,2014-08-26,25.86,26.49,25.66,26.0,1085600.0,25.86,0.0,26.49,25.66,26.0,1.0,1085600.0,1,26
621,2014-08-25,25.99,26.06,25.67,25.92,1276400.0,25.99,0.0,26.06,25.67,25.92,1.0,1276400.0,0,25
622,2014-08-22,25.89,25.9825,25.63,25.92,597900.0,25.89,0.0,25.9825,25.63,25.92,1.0,597900.0,4,22
623,2014-08-21,26.08,26.1,25.47,25.47,720500.0,26.08,0.0,26.1,25.47,25.47,1.0,720500.0,3,21
624,2014-08-20,25.4,25.6,24.916,24.93,1058400.0,25.4,0.0,25.6,24.916,24.93,1.0,1058400.0,2,20
625,2014-08-19,24.97,25.15,24.85,24.92,477800.0,24.97,0.0,25.15,24.85,24.92,1.0,477800.0,1,19
626,2014-08-18,24.87,25.25,24.82,25.18,642600.0,24.87,0.0,25.25,24.82,25.18,1.0,642600.0,0,18
627,2014-08-15,24.97,25.5805,24.77,25.47,795200.0,24.97,0.0,25.5805,24.77,25.47,1.0,795200.0,4,15
628,2014-08-14,25.43,25.76,25.0,25.15,1175300.0,25.43,0.0,25.76,25.0,25.15,1.0,1175300.0,3,14
629,2014-08-13,25.26,25.27,24.46,24.67,732900.0,25.26,0.0,25.27,24.46,24.67,1.0,732900.0,2,13
630,2014-08-12,24.62,24.735,24.18,24.32,1040000.0,24.62,0.0,24.735,24.18,24.32,1.0,1040000.0,1,12
631,2014-08-11,24.43,24.91,24.34,24.66,484000.0,24.43,0.0,24.91,24.34,24.66,1.0,484000.0,0,11
632,2014-08-08,24.6,24.805,24.53,24.73,523200.0,24.6,0.0,24.805,24.53,24.73,1.0,523200.0,4,08
633,2014-08-07,24.7,25.02,24.39,24.98,503700.0,24.7,0.0,25.02,24.39,24.98,1.0,503700.0,3,07
634,2014-08-06,24.79,25.12,24.76,24.95,558100.0,24.79,0.0,25.12,24.76,24.95,1.0,558100.0,2,06
635,2014-08-05,25.01,25.18,24.74,24.91,1334700.0,25.01,0.0,25.18,24.74,24.91,1.0,1334700.0,1,05
636,2014-08-04,25.42,25.69,24.81,24.95,1638100.0,25.42,0.0,25.69,24.81,24.95,1.0,1638100.0,0,04
637,2014-08-01,24.89,25.04,23.99,24.41,1596600.0,24.89,0.0,25.04,23.99,24.41,1.0,1596600.0,4,01
638,2014-07-31,24.64,25.8,24.38,24.56,2715500.0,24.64,0.0,25.8,24.38,24.56,1.0,2715500.0,3,31
639,2014-07-30,24.07,24.19,23.81,24.03,2304500.0,24.07,0.0,24.19,23.81,24.03,1.0,2304500.0,2,30
640,2014-07-29,24.01,24.21,23.45,23.99,2199000.0,24.01,0.0,24.21,23.45,23.99,1.0,2199000.0,1,29
641,2014-07-28,24.09,24.16,23.13,23.44,1205300.0,24.09,0.0,24.16,23.13,23.44,1.0,1205300.0,0,28
642,2014-07-25,23.4,23.46,22.774,22.94,1066900.0,23.4,0.0,23.46,22.774,22.94,1.0,1066900.0,4,25
643,2014-07-24,23.06,23.33,22.79,23.22,987300.0,23.06,0.0,23.33,22.79,23.22,1.0,987300.0,3,24
644,2014-07-23,23.26,24.16,23.06,24.16,1312600.0,23.26,0.0,24.16,23.06,24.16,1.0,1312600.0,2,23
645,2014-07-22,24.08,24.36,23.5,24.0,483100.0,24.08,0.0,24.36,23.5,24.0,1.0,483100.0,1,22
646,2014-07-21,23.96,23.98,21.85,23.66,509200.0,23.96,0.0,23.98,21.85,23.66,1.0,509200.0,0,21
647,2014-07-18,23.8,24.0,22.87,23.17,1411600.0,23.8,0.0,24.0,22.87,23.17,1.0,1411600.0,4,18
648,2014-07-17,23.02,23.476,22.97,23.35,1316900.0,23.02,0.0,23.476,22.97,23.35,1.0,1316900.0,3,17
649,2014-07-16,23.34,23.38,22.74,23.0,756900.0,23.34,0.0,23.38,22.74,23.0,1.0,756900.0,2,16
650,2014-07-15,22.85,23.18,22.61,23.0,633100.0,22.85,0.0,23.18,22.61,23.0,1.0,633100.0,1,15
651,2014-07-14,23.05,23.26,22.7,22.7,604600.0,23.05,0.0,23.26,22.7,22.7,1.0,604600.0,0,14
652,2014-07-11,22.5,22.67,22.188,22.26,510200.0,22.5,0.0,22.67,22.188,22.26,1.0,510200.0,4,11
653,2014-07-10,22.26,22.6,21.79,22.13,803800.0,22.26,0.0,22.6,21.79,22.13,1.0,803800.0,3,10
654,2014-07-09,22.46,22.77,22.25,22.34,855700.0,22.46,0.0,22.77,22.25,22.34,1.0,855700.0,2,09
655,2014-07-08,22.24,22.75,21.81,22.68,1465200.0,22.24,0.0,22.75,21.81,22.68,1.0,1465200.0,1,08
656,2014-07-07,22.765,23.42,22.66,23.42,827000.0,22.765,0.0,23.42,22.66,23.42,1.0,827000.0,0,07
657,2014-07-03,23.34,23.6,23.31,23.49,667600.0,23.34,0.0,23.6,23.31,23.49,1.0,667600.0,3,03
658,2014-07-02,23.35,23.63,23.058,23.06,1157500.0,23.35,0.0,23.63,23.058,23.06,1.0,1157500.0,2,02
659,2014-07-01,23.1,23.45,22.7,23.18,1218900.0,23.1,0.0,23.45,22.7,23.18,1.0,1218900.0,1,01
660,2014-06-30,23.13,23.52,23.0,23.3,1120700.0,23.13,0.0,23.52,23.0,23.3,1.0,1120700.0,0,30
661,2014-06-27,23.26,23.6,22.99,23.12,2619800.0,23.26,0.0,23.6,22.99,23.12,1.0,2619800.0,4,27
662,2014-06-26,23.29,23.47,23.03,23.37,706200.0,23.29,0.0,23.47,23.03,23.37,1.0,706200.0,3,26
663,2014-06-25,23.3,23.78,23.07,23.73,1431800.0,23.3,0.0,23.78,23.07,23.73,1.0,1431800.0,2,25
664,2014-06-24,23.8,24.46,23.68,24.37,1339900.0,23.8,0.0,24.46,23.68,24.37,1.0,1339900.0,1,24
665,2014-06-23,24.31,24.41,23.99,23.99,1278000.0,24.31,0.0,24.41,23.99,23.99,1.0,1278000.0,0,23
666,2014-06-20,24.11,24.13,23.32,23.83,2381400.0,24.11,0.0,24.13,23.32,23.83,1.0,2381400.0,4,20
667,2014-06-19,23.79,23.83,23.08,23.32,1535400.0,23.79,0.0,23.83,23.08,23.32,1.0,1535400.0,3,19
668,2014-06-18,23.35,23.42,23.0,23.15,1391200.0,23.35,0.0,23.42,23.0,23.15,1.0,1391200.0,2,18
669,2014-06-17,23.2,23.35,22.97,23.22,1155200.0,23.2,0.0,23.35,22.97,23.22,1.0,1155200.0,1,17
670,2014-06-16,23.21,23.4,22.9,23.19,1590600.0,23.21,0.0,23.4,22.9,23.19,1.0,1590600.0,0,16
671,2014-06-13,23.12,23.32,22.66,23.21,8812600.0,23.12,0.0,23.32,22.66,23.21,1.0,8812600.0,4,13
672,2014-06-12,23.63,24.19,23.43,23.87,1443900.0,23.63,0.0,24.19,23.43,23.87,1.0,1443900.0,3,12
673,2014-06-11,24.63,25.12,24.305,24.68,671600.0,24.63,0.0,25.12,24.305,24.68,1.0,671600.0,2,11
674,2014-06-10,24.85,25.0,23.92,24.99,844300.0,24.85,0.0,25.0,23.92,24.99,1.0,844300.0,1,10
675,2014-06-09,25.01,25.8978,24.66,25.7,1194400.0,25.01,0.0,25.8978,24.66,25.7,1.0,1194400.0,0,09
676,2014-06-06,24.89,25.03,24.27,24.38,571200.0,24.89,0.0,25.03,24.27,24.38,1.0,571200.0,4,06
677,2014-06-05,24.4,25.06,24.26,25.0,729200.0,24.4,0.0,25.06,24.26,25.0,1.0,729200.0,3,05
678,2014-06-04,24.88,25.03,24.28,24.54,934000.0,24.88,0.0,25.03,24.28,24.54,1.0,934000.0,2,04
679,2014-06-03,24.52,25.04,23.57,23.59,792200.0,24.52,0.0,25.04,23.57,23.59,1.0,792200.0,1,03
680,2014-06-02,24.9,26.64,23.52,26.2,2445300.0,24.9,0.0,26.64,23.52,26.2,1.0,2445300.0,0,02
681,2014-05-30,26.44,27.25,26.28,26.92,1045800.0,26.44,0.0,27.25,26.28,26.92,1.0,1045800.0,4,30
682,2014-05-29,27.0,27.24,26.29,26.81,343100.0,27.0,0.0,27.24,26.29,26.81,1.0,343100.0,3,29
683,2014-05-28,26.78,27.16,25.9683,26.56,358800.0,26.78,0.0,27.16,25.9683,26.56,1.0,358800.0,2,28
684,2014-05-27,26.49,27.18,26.445,26.59,455900.0,26.49,0.0,27.18,26.445,26.59,1.0,455900.0,1,27
685,2014-05-23,26.44,26.55,25.82,26.17,387600.0,26.44,0.0,26.55,25.82,26.17,1.0,387600.0,4,23
686,2014-05-22,26.44,26.61,25.81,26.0,1221400.0,26.44,0.0,26.61,25.81,26.0,1.0,1221400.0,3,22
687,2014-05-21,25.9,26.21,25.4,25.48,664800.0,25.9,0.0,26.21,25.4,25.48,1.0,664800.0,2,21
688,2014-05-20,25.27,25.47,24.67,24.83,460300.0,25.27,0.0,25.47,24.67,24.83,1.0,460300.0,1,20
689,2014-05-19,24.79,24.9,24.33,24.46,431000.0,24.79,0.0,24.9,24.33,24.46,1.0,431000.0,0,19
690,2014-05-16,24.41,24.98,24.34,24.98,484500.0,24.41,0.0,24.98,24.34,24.98,1.0,484500.0,4,16
691,2014-05-15,24.92,25.15,24.17,24.99,526000.0,24.92,0.0,25.15,24.17,24.99,1.0,526000.0,3,15
692,2014-05-14,24.95,25.28,24.8155,24.89,285900.0,24.95,0.0,25.28,24.8155,24.89,1.0,285900.0,2,14
693,2014-05-13,25.02,25.48,24.1,25.48,630100.0,25.02,0.0,25.48,24.1,25.48,1.0,630100.0,1,13
694,2014-05-12,25.4,26.07,25.25,25.65,437600.0,25.4,0.0,26.07,25.25,25.65,1.0,437600.0,0,12
695,2014-05-09,25.48,25.82,24.93,25.74,340800.0,25.48,0.0,25.82,24.93,25.74,1.0,340800.0,4,09
696,2014-05-08,25.69,26.495,25.57,26.06,669100.0,25.69,0.0,26.495,25.57,26.06,1.0,669100.0,3,08
697,2014-05-07,26.03,26.86,25.69,26.8,871900.0,26.03,0.0,26.86,25.69,26.8,1.0,871900.0,2,07
698,2014-05-06,26.88,27.34,26.79,27.21,290200.0,26.88,0.0,27.34,26.79,27.21,1.0,290200.0,1,06
699,2014-05-05,27.32,27.84,27.08,27.61,296000.0,27.32,0.0,27.84,27.08,27.61,1.0,296000.0,0,05
700,2014-05-02,27.84,27.96,27.07,27.63,581800.0,27.84,0.0,27.96,27.07,27.63,1.0,581800.0,4,02
701,2014-05-01,27.68,27.8,26.5732,26.8,1237700.0,27.68,0.0,27.8,26.5732,26.8,1.0,1237700.0,3,01
702,2014-04-30,26.68,26.84,24.81,25.67,1904200.0,26.68,0.0,26.84,24.81,25.67,1.0,1904200.0,2,30
703,2014-04-29,25.34,25.5,24.32,24.32,752400.0,25.34,0.0,25.5,24.32,24.32,1.0,752400.0,1,29
704,2014-04-28,24.51,25.525,24.3,24.79,528200.0,24.51,0.0,25.525,24.3,24.79,1.0,528200.0,0,28
705,2014-04-25,24.65,25.14,24.23,25.08,212700.0,24.65,0.0,25.14,24.23,25.08,1.0,212700.0,4,25
706,2014-04-24,25.13,25.82,25.085,25.51,344000.0,25.13,0.0,25.82,25.085,25.51,1.0,344000.0,3,24
707,2014-04-23,25.39,25.44,24.6009,25.09,277900.0,25.39,0.0,25.44,24.6009,25.09,1.0,277900.0,2,23
708,2014-04-22,25.02,25.99,24.51,25.99,933200.0,25.02,0.0,25.99,24.51,25.99,1.0,933200.0,1,22
709,2014-04-21,25.31,25.7,24.32,24.94,608800.0,25.31,0.0,25.7,24.32,24.94,1.0,608800.0,0,21
710,2014-04-17,24.81,24.9,24.12,24.29,178000.0,24.81,0.0,24.9,24.12,24.29,1.0,178000.0,3,17
711,2014-04-16,24.39,24.4,23.25,23.81,328600.0,24.39,0.0,24.4,23.25,23.81,1.0,328600.0,2,16
712,2014-04-15,23.68,24.28,23.18,23.94,590600.0,23.68,0.0,24.28,23.18,23.94,1.0,590600.0,1,15
713,2014-04-14,23.83,23.91,23.02,23.66,345800.0,23.83,0.0,23.91,23.02,23.66,1.0,345800.0,0,14
714,2014-04-11,23.51,23.97,23.03,23.53,463100.0,23.51,0.0,23.97,23.03,23.53,1.0,463100.0,4,11
715,2014-04-10,23.72,24.86,23.58,24.77,432600.0,23.72,0.0,24.86,23.58,24.77,1.0,432600.0,3,10
716,2014-04-09,24.82,24.87,23.94,24.24,382600.0,24.82,0.0,24.87,23.94,24.24,1.0,382600.0,2,09
717,2014-04-08,24.44,24.47,23.54,24.33,752700.0,24.44,0.0,24.47,23.54,24.33,1.0,752700.0,1,08
718,2014-04-07,24.39,24.82,23.86,24.72,543100.0,24.39,0.0,24.82,23.86,24.72,1.0,543100.0,0,07
719,2014-04-04,24.68,25.48,24.3,24.88,1265000.0,24.68,0.0,25.48,24.3,24.88,1.0,1265000.0,4,04
720,2014-04-03,24.89,25.69,24.43,25.52,1243200.0,24.89,0.0,25.69,24.43,25.52,1.0,1243200.0,3,03
721,2014-04-02,25.71,26.53,24.65,25.22,1020600.0,25.71,0.0,26.53,24.65,25.22,1.0,1020600.0,2,02
722,2014-04-01,25.36,25.835,24.29,24.61,898700.0,25.36,0.0,25.835,24.29,24.61,1.0,898700.0,1,01
723,2014-03-31,24.68,25.18,22.93,22.96,1821100.0,24.68,0.0,25.18,22.93,22.96,1.0,1821100.0,0,31
724,2014-03-28,22.94,23.3,21.89,22.37,8905800.0,22.94,0.0,23.3,21.89,22.37,1.0,8905800.0,4,28
725,2014-03-27,23.1,23.94,22.51,23.63,1610300.0,23.1,0.0,23.94,22.51,23.63,1.0,1610300.0,3,27
726,2014-03-26,23.85,24.7,23.7,24.49,1071200.0,23.85,0.0,24.7,23.7,24.49,1.0,1071200.0,2,26
727,2014-03-25,24.49,24.87,23.16,23.97,906600.0,24.49,0.0,24.87,23.16,23.97,1.0,906600.0,1,25
728,2014-03-24,24.43,25.5,24.23,24.94,492900.0,24.43,0.0,25.5,24.23,24.94,1.0,492900.0,0,24
729,2014-03-21,24.37,25.89,23.99,25.78,1145300.0,24.37,0.0,25.89,23.99,25.78,1.0,1145300.0,4,21
730,2014-03-20,22.13,22.27,21.68,22.01,169400.0,22.13,0.0,22.27,21.68,22.01,1.0,169400.0,3,20
731,2014-03-19,22.08,22.3,21.73,22.0,224900.0,22.08,0.0,22.3,21.73,22.0,1.0,224900.0,2,19
732,2014-03-18,22.02,22.27,21.575,21.73,419800.0,22.02,0.0,22.27,21.575,21.73,1.0,419800.0,1,18
733,2014-03-17,21.68,22.01,21.58,21.69,215500.0,21.68,0.0,22.01,21.58,21.69,1.0,215500.0,0,17
734,2014-03-14,21.69,22.03,21.33,21.79,272700.0,21.69,0.0,22.03,21.33,21.79,1.0,272700.0,4,14
735,2014-03-13,21.95,22.01,21.358,21.48,411200.0,21.95,0.0,22.01,21.358,21.48,1.0,411200.0,3,13
736,2014-03-12,21.32,21.73,20.91,21.45,790300.0,21.32,0.0,21.73,20.91,21.45,1.0,790300.0,2,12
737,2014-03-11,21.99,22.9899,21.94,22.67,500800.0,21.99,0.0,22.9899,21.94,22.67,1.0,500800.0,1,11
738,2014-03-10,22.71,23.36,22.61,22.88,448800.0,22.71,0.0,23.36,22.61,22.88,1.0,448800.0,0,10
739,2014-03-07,22.9,23.72,22.79,23.72,463300.0,22.9,0.0,23.72,22.79,23.72,1.0,463300.0,4,07
740,2014-03-06,23.49,24.07,23.2,23.98,361200.0,23.49,0.0,24.07,23.2,23.98,1.0,361200.0,3,06
741,2014-03-05,24.05,24.99,23.79,24.26,356200.0,24.05,0.0,24.99,23.79,24.26,1.0,356200.0,2,05
742,2014-03-04,24.13,24.725,23.96,24.38,446500.0,24.13,0.0,24.725,23.96,24.38,1.0,446500.0,1,04
743,2014-03-03,24.24,24.52,23.55,23.94,637700.0,24.24,0.0,24.52,23.55,23.94,1.0,637700.0,0,03
744,2014-02-28,24.22,24.22,23.3,23.7,550700.0,24.22,0.0,24.22,23.3,23.7,1.0,550700.0,4,28
745,2014-02-27,23.63,23.83,23.18,23.52,345200.0,23.63,0.0,23.83,23.18,23.52,1.0,345200.0,3,27
746,2014-02-26,23.36,23.51,22.944,23.04,421600.0,23.36,0.0,23.51,22.944,23.04,1.0,421600.0,2,26
747,2014-02-25,23.0,23.41,22.7,22.88,458300.0,23.0,0.0,23.41,22.7,22.88,1.0,458300.0,1,25
748,2014-02-24,22.92,23.05,22.04,22.05,960800.0,22.92,0.0,23.05,22.04,22.05,1.0,960800.0,0,24
749,2014-02-21,21.92,24.38,21.82,23.5,2771000.0,21.92,0.0,24.38,21.82,23.5,1.0,2771000.0,4,21
750,2014-02-20,18.97,19.21,18.63,18.975,1037600.0,18.97,0.0,19.21,18.63,18.975,1.0,1037600.0,3,20
751,2014-02-19,18.94,19.17,18.76,18.94,110800.0,18.94,0.0,19.17,18.76,18.94,1.0,110800.0,2,19
752,2014-02-18,19.02,19.1,18.83,18.84,286100.0,19.02,0.0,19.1,18.83,18.84,1.0,286100.0,1,18
753,2014-02-14,18.81,19.0,18.7,18.71,220700.0,18.81,0.0,19.0,18.7,18.71,1.0,220700.0,4,14
754,2014-02-13,18.77,18.91,18.34,18.41,192600.0,18.77,0.0,18.91,18.34,18.41,1.0,192600.0,3,13
755,2014-02-12,18.6,19.34,18.52,18.86,172800.0,18.6,0.0,19.34,18.52,18.86,1.0,172800.0,2,12
756,2014-02-11,18.89,18.99,18.2804,18.54,372400.0,18.89,0.0,18.99,18.2804,18.54,1.0,372400.0,1,11
757,2014-02-10,18.58,18.9,18.16,18.16,412700.0,18.58,0.0,18.9,18.16,18.16,1.0,412700.0,0,10
758,2014-02-07,18.21,18.7,18.09,18.28,292700.0,18.21,0.0,18.7,18.09,18.28,1.0,292700.0,4,07
759,2014-02-06,18.46,18.71,18.2,18.48,555300.0,18.46,0.0,18.71,18.2,18.48,1.0,555300.0,3,06
760,2014-02-05,18.5,18.66,17.94,18.26,789000.0,18.5,0.0,18.66,17.94,18.26,1.0,789000.0,2,05
761,2014-02-04,18.26,18.58,17.81,18.08,345700.0,18.26,0.0,18.58,17.81,18.08,1.0,345700.0,1,04
762,2014-02-03,18.0,18.77,17.65,17.93,941800.0,18.0,0.0,18.77,17.65,17.93,1.0,941800.0,0,03
763,2014-01-31,17.93,18.03,17.13,17.3,719100.0,17.93,0.0,18.03,17.13,17.3,1.0,719100.0,4,31
764,2014-01-30,17.51,17.57,17.195,17.57,409800.0,17.51,0.0,17.57,17.195,17.57,1.0,409800.0,3,30
765,2014-01-29,17.34,17.772,17.08,17.49,375500.0,17.34,0.0,17.772,17.08,17.49,1.0,375500.0,2,29
766,2014-01-28,17.61,18.05,17.138,17.41,365300.0,17.61,0.0,18.05,17.138,17.41,1.0,365300.0,1,28
767,2014-01-27,17.31,17.96,16.86,17.96,493200.0,17.31,0.0,17.96,16.86,17.96,1.0,493200.0,0,27
768,2014-01-24,17.81,18.01,17.5,17.74,374600.0,17.81,0.0,18.01,17.5,17.74,1.0,374600.0,4,24
769,2014-01-23,17.88,18.49,17.78,18.19,192800.0,17.88,0.0,18.49,17.78,18.19,1.0,192800.0,3,23
770,2014-01-22,18.37,18.44,18.14,18.23,428400.0,18.37,0.0,18.44,18.14,18.23,1.0,428400.0,2,22
771,2014-01-21,18.25,18.5,18.12,18.32,249700.0,18.25,0.0,18.5,18.12,18.32,1.0,249700.0,1,21
772,2014-01-17,18.3,18.55,18.19,18.44,164200.0,18.3,0.0,18.55,18.19,18.44,1.0,164200.0,4,17
773,2014-01-16,18.68,18.71,18.25,18.31,388300.0,18.68,0.0,18.71,18.25,18.31,1.0,388300.0,3,16
774,2014-01-15,18.43,18.49,17.78,18.0,242600.0,18.43,0.0,18.49,17.78,18.0,1.0,242600.0,2,15
775,2014-01-14,17.96,18.29,17.73,18.29,261300.0,17.96,0.0,18.29,17.73,18.29,1.0,261300.0,1,14
776,2014-01-13,18.35,18.88,18.35,18.88,162300.0,18.35,0.0,18.88,18.35,18.88,1.0,162300.0,0,13
777,2014-01-10,18.67,19.1375,18.39,18.95,481600.0,18.67,0.0,19.1375,18.39,18.95,1.0,481600.0,4,10
778,2014-01-09,18.93,19.24,18.856,19.0,706700.0,18.93,0.0,19.24,18.856,19.0,1.0,706700.0,3,09
779,2014-01-08,18.99,19.1,18.74,18.74,322200.0,18.99,0.0,19.1,18.74,18.74,1.0,322200.0,2,08
780,2014-01-07,19.03,19.26,18.72,19.25,404000.0,19.03,0.0,19.26,18.72,19.25,1.0,404000.0,1,07
781,2014-01-06,19.3,19.64,19.19,19.35,2171000.0,19.3,0.0,19.64,19.19,19.35,1.0,2171000.0,0,06
782,2014-01-03,19.19,19.31,18.84,18.92,846900.0,19.19,0.0,19.31,18.84,18.92,1.0,846900.0,4,03
783,2014-01-02,18.77,18.89,18.48,18.77,415700.0,18.77,0.0,18.89,18.48,18.77,1.0,415700.0,3,02
784,2013-12-31,18.93,19.02,18.52,18.57,327100.0,18.93,0.0,19.02,18.52,18.57,1.0,327100.0,1,31
785,2013-12-30,18.48,18.56,18.0,18.19,276700.0,18.48,0.0,18.56,18.0,18.19,1.0,276700.0,0,30
786,2013-12-27,18.28,18.31,17.95,18.01,350300.0,18.28,0.0,18.31,17.95,18.01,1.0,350300.0,4,27
787,2013-12-26,18.1,18.13,17.733,18.0,148800.0,18.1,0.0,18.13,17.733,18.0,1.0,148800.0,3,26
788,2013-12-24,18.03,18.13,17.69,17.93,171800.0,18.03,0.0,18.13,17.69,17.93,1.0,171800.0,1,24
789,2013-12-23,18.05,18.15,17.47,17.84,352500.0,18.05,0.0,18.15,17.47,17.84,1.0,352500.0,0,23
790,2013-12-20,17.84,18.05,17.15,17.45,4762300.0,17.84,0.0,18.05,17.15,17.45,1.0,4762300.0,4,20
791,2013-12-19,17.49,17.8,17.22,17.65,430400.0,17.49,0.0,17.8,17.22,17.65,1.0,430400.0,3,19
792,2013-12-18,17.8,17.84,17.15,17.68,560600.0,17.8,0.0,17.84,17.15,17.68,1.0,560600.0,2,18
793,2013-12-17,17.68,17.86,17.4301,17.72,595800.0,17.68,0.0,17.86,17.4301,17.72,1.0,595800.0,1,17
794,2013-12-16,17.59,17.91,17.4,17.48,796400.0,17.59,0.0,17.91,17.4,17.48,1.0,796400.0,0,16
795,2013-12-13,17.4,17.579,17.12,17.36,413500.0,17.4,0.0,17.579,17.12,17.36,1.0,413500.0,4,13
796,2013-12-12,17.33,17.46,17.275,17.46,332700.0,17.33,0.0,17.46,17.275,17.46,1.0,332700.0,3,12
797,2013-12-11,17.36,17.55,17.3,17.35,815000.0,17.36,0.0,17.55,17.3,17.35,1.0,815000.0,2,11
798,2013-12-10,17.37,17.45,17.0701,17.34,532800.0,17.37,0.0,17.45,17.0701,17.34,1.0,532800.0,1,10
799,2013-12-09,17.35,17.46,17.05,17.05,484500.0,17.35,0.0,17.46,17.05,17.05,1.0,484500.0,0,09
800,2013-12-06,17.05,17.2,16.78,16.8,872300.0,17.05,0.0,17.2,16.78,16.8,1.0,872300.0,4,06
801,2013-12-05,16.81,17.25,16.73,16.74,438200.0,16.81,0.0,17.25,16.73,16.74,1.0,438200.0,3,05
802,2013-12-04,17.02,17.4,16.715,17.35,1192400.0,17.02,0.0,17.4,16.715,17.35,1.0,1192400.0,2,04
803,2013-12-03,16.96,17.12,16.3331,16.56,612500.0,16.96,0.0,17.12,16.3331,16.56,1.0,612500.0,1,03
804,2013-12-02,16.74,16.8,15.71,15.71,604400.0,16.74,0.0,16.8,15.71,15.71,1.0,604400.0,0,02
805,2013-11-29,16.09,16.21,15.847,16.2,160000.0,16.09,0.0,16.21,15.847,16.2,1.0,160000.0,4,29
806,2013-11-27,16.19,16.19,15.47,15.47,409300.0,16.19,0.0,16.19,15.47,15.47,1.0,409300.0,2,27
807,2013-11-26,15.46,15.67,15.1575,15.4,147800.0,15.46,0.0,15.67,15.1575,15.4,1.0,147800.0,1,26
808,2013-11-25,15.44,15.5,15.33,15.5,133900.0,15.44,0.0,15.5,15.33,15.5,1.0,133900.0,0,25
809,2013-11-22,15.5,15.56,15.1,15.17,240900.0,15.5,0.0,15.56,15.1,15.17,1.0,240900.0,4,22
810,2013-11-21,15.18,15.48,15.04,15.2,71800.0,15.18,0.0,15.48,15.04,15.2,1.0,71800.0,3,21
811,2013-11-20,15.13,15.31,15.09,15.21,523500.0,15.13,0.0,15.31,15.09,15.21,1.0,523500.0,2,20
812,2013-11-19,15.34,15.4,15.0,15.26,140400.0,15.34,0.0,15.4,15.0,15.26,1.0,140400.0,1,19
813,2013-11-18,15.67,15.75,15.57,15.72,116700.0,15.67,0.0,15.75,15.57,15.72,1.0,116700.0,0,18
814,2013-11-15,15.79,15.87,15.56,15.86,218100.0,15.79,0.0,15.87,15.56,15.86,1.0,218100.0,4,15
815,2013-11-14,15.8,15.98,15.41,15.89,513300.0,15.8,0.0,15.98,15.41,15.89,1.0,513300.0,3,14
816,2013-11-13,15.82,15.9,15.35,15.59,306500.0,15.82,0.0,15.9,15.35,15.59,1.0,306500.0,2,13
817,2013-11-12,15.75,16.17,15.59,16.04,241600.0,15.75,0.0,16.17,15.59,16.04,1.0,241600.0,1,12
818,2013-11-11,16.14,16.22,15.09,15.1,433900.0,16.14,0.0,16.22,15.09,15.1,1.0,433900.0,0,11
819,2013-11-08,15.27,15.3,14.86,14.95,249000.0,15.27,0.0,15.3,14.86,14.95,1.0,249000.0,4,08
820,2013-11-07,14.97,15.14,14.7801,14.9,589100.0,14.97,0.0,15.14,14.7801,14.9,1.0,589100.0,3,07
821,2013-11-06,15.0,15.09,14.78,15.0,1002300.0,15.0,0.0,15.09,14.78,15.0,1.0,1002300.0,2,06
822,2013-11-05,15.01,15.4,14.85,15.03,721800.0,15.01,0.0,15.4,14.85,15.03,1.0,721800.0,1,05
823,2013-11-04,15.29,15.85,15.13,15.83,530100.0,15.29,0.0,15.85,15.13,15.83,1.0,530100.0,0,04
824,2013-11-01,15.58,15.83,15.2,15.44,2311800.0,15.58,0.0,15.83,15.2,15.44,1.0,2311800.0,4,01
825,2013-10-31,15.28,15.54,14.85,15.54,506800.0,15.28,0.0,15.54,14.85,15.54,1.0,506800.0,3,31
826,2013-10-30,15.43,15.6,15.0,15.23,1549100.0,15.43,0.0,15.6,15.0,15.23,1.0,1549100.0,2,30
827,2013-10-29,15.25,15.25,14.81,14.84,1190900.0,15.25,0.0,15.25,14.81,14.84,1.0,1190900.0,1,29
828,2013-10-28,14.88,15.02,14.77,14.82,1480200.0,14.88,0.0,15.02,14.77,14.82,1.0,1480200.0,0,28
829,2013-10-25,14.99,15.42,14.72,15.0,21874500.0,14.99,0.0,15.42,14.72,15.0,1.0,21874500.0,4,25
