,Unnamed: 0,adj_close,adj_high,adj_low,adj_open,adj_volume,close,ex_dividend,high,low,open,split_ratio,volume,Day of Week
0,2017-02-10,0.479,0.4849,0.46,0.4785,62279.0,0.479,0.0,0.4849,0.46,0.4785,1.0,62279.0,4
1,2017-02-09,0.45,0.485,0.4207,0.4604,43664.0,0.45,0.0,0.485,0.4207,0.4604,1.0,43664.0,3
2,2017-02-08,0.4895,0.494,0.46,0.47100000000000003,39308.0,0.4895,0.0,0.494,0.46,0.47100000000000003,1.0,39308.0,2
3,2017-02-07,0.499,0.5,0.47100000000000003,0.48,40145.0,0.499,0.0,0.5,0.47100000000000003,0.48,1.0,40145.0,1
4,2017-02-06,0.499,0.5,0.48,0.48,46135.0,0.499,0.0,0.5,0.48,0.48,1.0,46135.0,0
5,2017-02-03,0.49,0.515,0.4801,0.515,15959.0,0.49,0.0,0.515,0.4801,0.515,1.0,15959.0,4
6,2017-02-02,0.51,0.519,0.49,0.5,57453.0,0.51,0.0,0.519,0.49,0.5,1.0,57453.0,3
7,2017-02-01,0.52,0.525,0.5,0.5,54883.0,0.52,0.0,0.525,0.5,0.5,1.0,54883.0,2
8,2017-01-31,0.54,0.54,0.46,0.5004,187251.0,0.54,0.0,0.54,0.46,0.5004,1.0,187251.0,1
9,2017-01-30,0.5002,0.5355,0.5,0.5355,39966.0,0.5002,0.0,0.5355,0.5,0.5355,1.0,39966.0,0
10,2017-01-27,0.51,0.545,0.47100000000000003,0.53,203103.0,0.51,0.0,0.545,0.47100000000000003,0.53,1.0,203103.0,4
11,2017-01-26,0.4701,0.55,0.4701,0.546,347080.0,0.4701,0.0,0.55,0.4701,0.546,1.0,347080.0,3
12,2017-01-25,0.5006,0.6,0.4905,0.55,625983.0,0.5006,0.0,0.6,0.4905,0.55,1.0,625983.0,2
13,2017-01-24,0.48,0.5364,0.475,0.5364,156732.0,0.48,0.0,0.5364,0.475,0.5364,1.0,156732.0,1
14,2017-01-23,0.52,0.5939,0.5,0.58,230385.0,0.52,0.0,0.5939,0.5,0.58,1.0,230385.0,0
15,2017-01-20,0.57,0.62,0.5561,0.62,126001.0,0.57,0.0,0.62,0.5561,0.62,1.0,126001.0,4
16,2017-01-19,0.6,0.63,0.55,0.6,410057.0,0.6,0.0,0.63,0.55,0.6,1.0,410057.0,3
17,2017-01-18,0.61,0.67,0.6,0.67,104666.0,0.61,0.0,0.67,0.6,0.67,1.0,104666.0,2
18,2017-01-17,0.6396,0.6583,0.6103,0.6583,118362.0,0.6396,0.0,0.6583,0.6103,0.6583,1.0,118362.0,1
19,2017-01-13,0.627,0.64,0.6161,0.63,49593.0,0.627,0.0,0.64,0.6161,0.63,1.0,49593.0,4
20,2017-01-12,0.632,0.665,0.625,0.65,100167.0,0.632,0.0,0.665,0.625,0.65,1.0,100167.0,3
21,2017-01-11,0.6501,0.7,0.625,0.7,98839.0,0.6501,0.0,0.7,0.625,0.7,1.0,98839.0,2
22,2017-01-10,0.6643,0.73,0.64,0.7,115653.0,0.6643,0.0,0.73,0.64,0.7,1.0,115653.0,1
23,2017-01-09,0.6761,0.713,0.62,0.713,287608.0,0.6761,0.0,0.713,0.62,0.713,1.0,287608.0,0
24,2017-01-06,0.69,0.77,0.61,0.77,2041342.0,0.69,0.0,0.77,0.61,0.77,1.0,2041342.0,4
25,2017-01-05,1.0301,1.28,0.98,1.1,667597.0,1.0301,0.0,1.28,0.98,1.1,1.0,667597.0,3
26,2017-01-04,1.04,1.08,0.75,0.7724,397899.0,1.04,0.0,1.08,0.75,0.7724,1.0,397899.0,2
27,2017-01-03,0.76,0.8691,0.75,0.8505,68800.0,0.76,0.0,0.8691,0.75,0.8505,1.0,68800.0,1
28,2016-12-30,0.8191,0.85,0.8003,0.84,42531.0,0.8191,0.0,0.85,0.8003,0.84,1.0,42531.0,4
29,2016-12-29,0.87,0.9,0.8001,0.8001,46919.0,0.87,0.0,0.9,0.8001,0.8001,1.0,46919.0,3
30,2016-12-28,0.81,0.8497,0.77,0.78,69131.0,0.81,0.0,0.8497,0.77,0.78,1.0,69131.0,2
31,2016-12-27,0.8109999999999999,0.8379,0.7824,0.8,52526.0,0.8109999999999999,0.0,0.8379,0.7824,0.8,1.0,52526.0,1
32,2016-12-23,0.805,0.8482,0.7809999999999999,0.8353,42941.0,0.805,0.0,0.8482,0.7809999999999999,0.8353,1.0,42941.0,4
33,2016-12-22,0.8567,0.87,0.8103,0.86,9670.0,0.8567,0.0,0.87,0.8103,0.86,1.0,9670.0,3
34,2016-12-21,0.8687,0.8715,0.84,0.84,2876.0,0.8687,0.0,0.8715,0.84,0.84,1.0,2876.0,2
35,2016-12-20,0.83,0.9,0.8205,0.9,44130.0,0.83,0.0,0.9,0.8205,0.9,1.0,44130.0,1
36,2016-12-19,0.81,0.955,0.81,0.95,103220.0,0.81,0.0,0.955,0.81,0.95,1.0,103220.0,0
37,2016-12-16,0.83,1.0,0.8093,0.8401,138567.0,0.83,0.0,1.0,0.8093,0.8401,1.0,138567.0,4
38,2016-12-15,0.84,0.915,0.7505,0.85,67616.0,0.84,0.0,0.915,0.7505,0.85,1.0,67616.0,3
39,2016-12-14,0.85,0.9384,0.82,0.9,55438.0,0.85,0.0,0.9384,0.82,0.9,1.0,55438.0,2
40,2016-12-13,0.9,0.94,0.81,0.94,105455.0,0.9,0.0,0.94,0.81,0.94,1.0,105455.0,1
41,2016-12-12,0.96,1.0,0.96,1.0,3105.0,0.96,0.0,1.0,0.96,1.0,1.0,3105.0,0
42,2016-12-09,0.95,1.0249,0.95,1.02,11111.0,0.95,0.0,1.0249,0.95,1.02,1.0,11111.0,4
43,2016-12-08,1.02,1.09,0.9169,0.92,92721.0,1.02,0.0,1.09,0.9169,0.92,1.0,92721.0,3
44,2016-12-07,0.9,1.05,0.9,1.0,162601.0,0.9,0.0,1.05,0.9,1.0,1.0,162601.0,2
45,2016-12-06,0.97,0.9840000000000001,0.92,0.95,78104.0,0.97,0.0,0.9840000000000001,0.92,0.95,1.0,78104.0,1
46,2016-12-05,0.98,1.0,0.9521,1.0,40371.0,0.98,0.0,1.0,0.9521,1.0,1.0,40371.0,0
47,2016-12-02,0.98,1.0,0.9328,1.0,4095.0,0.98,0.0,1.0,0.9328,1.0,1.0,4095.0,4
48,2016-12-01,1.0,1.04,0.93,1.04,73703.0,1.0,0.0,1.04,0.93,1.04,1.0,73703.0,3
49,2016-11-30,1.01,1.0390000000000001,0.98,0.98,37555.0,1.01,0.0,1.0390000000000001,0.98,0.98,1.0,37555.0,2
50,2016-11-29,0.9749,1.0099,0.9383,0.9383,41876.0,0.9749,0.0,1.0099,0.9383,0.9383,1.0,41876.0,1
51,2016-11-28,0.92,1.0,0.92,0.93,144169.0,0.92,0.0,1.0,0.92,0.93,1.0,144169.0,0
52,2016-11-25,0.9229999999999999,0.96,0.92,0.92,6426.0,0.9229999999999999,0.0,0.96,0.92,0.92,1.0,6426.0,4
53,2016-11-23,0.92,1.03,0.92,1.03,28768.0,0.92,0.0,1.03,0.92,1.03,1.0,28768.0,2
54,2016-11-22,0.95,1.0414,0.95,1.0414,12416.0,0.95,0.0,1.0414,0.95,1.0414,1.0,12416.0,1
55,2016-11-21,1.0,1.061,0.9592,1.05,56847.0,1.0,0.0,1.061,0.9592,1.05,1.0,56847.0,0
56,2016-11-18,1.05,1.1,1.0,1.1,29664.0,1.05,0.0,1.1,1.0,1.1,1.0,29664.0,4
57,2016-11-17,1.1,1.1,0.91,1.05,92553.0,1.1,0.0,1.1,0.91,1.05,1.0,92553.0,3
58,2016-11-16,1.0,1.06,0.95,0.95,70926.0,1.0,0.0,1.06,0.95,0.95,1.0,70926.0,2
59,2016-11-15,0.95,0.96,0.94,0.9586,22025.0,0.95,0.0,0.96,0.94,0.9586,1.0,22025.0,1
60,2016-11-14,0.92,0.9440000000000001,0.92,0.9326,7348.0,0.92,0.0,0.9440000000000001,0.92,0.9326,1.0,7348.0,0
61,2016-11-11,0.91,0.9378,0.91,0.9378,15584.0,0.91,0.0,0.9378,0.91,0.9378,1.0,15584.0,4
62,2016-11-10,0.91,0.9986,0.8944,0.9986,23921.0,0.91,0.0,0.9986,0.8944,0.9986,1.0,23921.0,3
63,2016-11-09,0.89,0.9363,0.84,0.87,32985.0,0.89,0.0,0.9363,0.84,0.87,1.0,32985.0,2
64,2016-11-08,0.89,0.9386,0.89,0.9,39701.0,0.89,0.0,0.9386,0.89,0.9,1.0,39701.0,1
65,2016-11-07,0.8874,0.89,0.84,0.86,15866.0,0.8874,0.0,0.89,0.84,0.86,1.0,15866.0,0
66,2016-11-04,0.84,0.8423,0.821,0.8401,37933.0,0.84,0.0,0.8423,0.821,0.8401,1.0,37933.0,4
67,2016-11-03,0.82,0.88,0.82,0.861,29810.0,0.82,0.0,0.88,0.82,0.861,1.0,29810.0,3
68,2016-11-02,0.82,0.8628,0.82,0.85,35920.0,0.82,0.0,0.8628,0.82,0.85,1.0,35920.0,2
69,2016-11-01,0.82,0.9,0.82,0.88,16050.0,0.82,0.0,0.9,0.82,0.88,1.0,16050.0,1
70,2016-10-31,0.8681,0.95,0.8303,0.95,19015.0,0.8681,0.0,0.95,0.8303,0.95,1.0,19015.0,0
71,2016-10-28,0.88,0.95,0.85,0.88,97354.0,0.88,0.0,0.95,0.85,0.88,1.0,97354.0,4
72,2016-10-27,0.85,1.0,0.82,0.96,116573.0,0.85,0.0,1.0,0.82,0.96,1.0,116573.0,3
73,2016-10-26,0.94,1.05,0.82,0.8233,400582.0,0.94,0.0,1.05,0.82,0.8233,1.0,400582.0,2
74,2016-10-25,0.7841,0.9,0.7301,0.9,5519.0,0.7841,0.0,0.9,0.7301,0.9,1.0,5519.0,1
75,2016-10-24,0.75,0.85,0.72,0.72,20284.0,0.75,0.0,0.85,0.72,0.72,1.0,20284.0,0
76,2016-10-21,0.7067,0.736,0.68,0.7051,34111.0,0.7067,0.0,0.736,0.68,0.7051,1.0,34111.0,4
77,2016-10-20,0.7,0.711,0.6407,0.711,24119.0,0.7,0.0,0.711,0.6407,0.711,1.0,24119.0,3
78,2016-10-19,0.69,0.7175,0.665,0.7175,14393.0,0.69,0.0,0.7175,0.665,0.7175,1.0,14393.0,2
79,2016-10-18,0.71,0.7827,0.7031,0.7827,21056.0,0.71,0.0,0.7827,0.7031,0.7827,1.0,21056.0,1
80,2016-10-17,0.76,0.8169,0.7120000000000001,0.8169,13328.0,0.76,0.0,0.8169,0.7120000000000001,0.8169,1.0,13328.0,0
81,2016-10-14,0.778,0.8002,0.76,0.8002,14737.0,0.778,0.0,0.8002,0.76,0.8002,1.0,14737.0,4
82,2016-10-13,0.83,0.978,0.75,0.82,90317.0,0.83,0.0,0.978,0.75,0.82,1.0,90317.0,3
83,2016-10-12,0.85,0.86,0.78,0.7814,14599.0,0.85,0.0,0.86,0.78,0.7814,1.0,14599.0,2
84,2016-10-11,0.78,0.85,0.74,0.82,59414.0,0.78,0.0,0.85,0.74,0.82,1.0,59414.0,1
85,2016-10-10,0.85,1.1,0.68,0.68,628423.0,0.85,0.0,1.1,0.68,0.68,1.0,628423.0,0
86,2016-10-07,0.7,0.7,0.68,0.7,16249.0,0.7,0.0,0.7,0.68,0.7,1.0,16249.0,4
87,2016-10-06,0.7,0.75,0.68,0.75,52807.0,0.7,0.0,0.75,0.68,0.75,1.0,52807.0,3
88,2016-10-05,0.74,0.74,0.7,0.7133,9027.0,0.74,0.0,0.74,0.7,0.7133,1.0,9027.0,2
89,2016-10-04,0.7125,0.74,0.7,0.74,22619.0,0.7125,0.0,0.74,0.7,0.74,1.0,22619.0,1
90,2016-10-03,0.74,0.75,0.68,0.6891,30434.0,0.74,0.0,0.75,0.68,0.6891,1.0,30434.0,0
91,2016-09-30,0.7,0.76,0.5901,0.74,129831.0,0.7,0.0,0.76,0.5901,0.74,1.0,129831.0,4
92,2016-09-29,0.7625,0.8158,0.632,0.7503,48608.0,0.7625,0.0,0.8158,0.632,0.7503,1.0,48608.0,3
93,2016-09-28,0.75,0.8228,0.75,0.8,53479.0,0.75,0.0,0.8228,0.75,0.8,1.0,53479.0,2
94,2016-09-27,0.8,0.858,0.7762,0.83,7735.0,0.8,0.0,0.858,0.7762,0.83,1.0,7735.0,1
95,2016-09-26,0.81,0.898,0.8,0.8708,22987.0,0.81,0.0,0.898,0.8,0.8708,1.0,22987.0,0
96,2016-09-23,0.86,0.95,0.86,0.9499,15575.0,0.86,0.0,0.95,0.86,0.9499,1.0,15575.0,4
97,2016-09-22,0.89,0.93,0.86,0.86,9502.0,0.89,0.0,0.93,0.86,0.86,1.0,9502.0,3
98,2016-09-21,0.8601,0.8767,0.75,0.84,10115.0,0.8601,0.0,0.8767,0.75,0.84,1.0,10115.0,2
99,2016-09-20,0.86,0.9,0.86,0.9,30309.0,0.86,0.0,0.9,0.86,0.9,1.0,30309.0,1
100,2016-09-19,0.8908,0.95,0.87,0.9,24045.0,0.8908,0.0,0.95,0.87,0.9,1.0,24045.0,0
101,2016-09-16,0.9294,0.94,0.83,0.94,29635.0,0.9294,0.0,0.94,0.83,0.94,1.0,29635.0,4
102,2016-09-15,0.94,0.94,0.84,0.85,73175.0,0.94,0.0,0.94,0.84,0.85,1.0,73175.0,3
103,2016-09-14,0.84,0.8999,0.83,0.83,22651.0,0.84,0.0,0.8999,0.83,0.83,1.0,22651.0,2
104,2016-09-13,0.85,0.9,0.85,0.89,21634.0,0.85,0.0,0.9,0.85,0.89,1.0,21634.0,1
105,2016-09-12,0.88,0.93,0.85,0.9,57139.0,0.88,0.0,0.93,0.85,0.9,1.0,57139.0,0
106,2016-09-09,0.93,1.0,0.9,0.98,32809.0,0.93,0.0,1.0,0.9,0.98,1.0,32809.0,4
107,2016-09-08,1.0,1.1,0.98,1.1,59505.0,1.0,0.0,1.1,0.98,1.1,1.0,59505.0,3
108,2016-09-07,1.0,1.11,1.0,1.11,53374.0,1.0,0.0,1.11,1.0,1.11,1.0,53374.0,2
109,2016-09-06,1.13,1.15,1.05,1.1,58203.0,1.13,0.0,1.15,1.05,1.1,1.0,58203.0,1
110,2016-09-02,1.08,1.1,0.841,0.9933,257520.0,1.08,0.0,1.1,0.841,0.9933,1.0,257520.0,4
111,2016-09-01,1.0,1.16,0.96,0.98,23796.0,1.0,0.0,1.16,0.96,0.98,1.0,23796.0,3
112,2016-08-31,1.0,1.07,1.0,1.07,23248.0,1.0,0.0,1.07,1.0,1.07,1.0,23248.0,2
113,2016-08-30,1.04,1.06,1.01,1.03,46198.0,1.04,0.0,1.06,1.01,1.03,1.0,46198.0,1
114,2016-08-29,1.0201,1.0926,1.0,1.0,92566.0,1.0201,0.0,1.0926,1.0,1.0,1.0,92566.0,0
115,2016-08-26,1.06,1.15,1.0,1.11,177819.0,1.06,0.0,1.15,1.0,1.11,1.0,177819.0,4
116,2016-08-25,1.115,1.21,1.09,1.15,25933.0,1.115,0.0,1.21,1.09,1.15,1.0,25933.0,3
117,2016-08-24,1.13,1.29,1.08,1.29,64156.0,1.13,0.0,1.29,1.08,1.29,1.0,64156.0,2
118,2016-08-23,1.25,1.48,1.25,1.3399,53122.0,1.25,0.0,1.48,1.25,1.3399,1.0,53122.0,1
119,2016-08-22,1.28,1.35,1.25,1.31,12795.0,1.28,0.0,1.35,1.25,1.31,1.0,12795.0,0
120,2016-08-19,1.3,1.35,1.29,1.29,8468.0,1.3,0.0,1.35,1.29,1.29,1.0,8468.0,4
121,2016-08-18,1.2705,1.454,1.12,1.4,174746.0,1.2705,0.0,1.454,1.12,1.4,1.0,174746.0,3
122,2016-08-17,1.4,1.45,1.4,1.43,18374.0,1.4,0.0,1.45,1.4,1.43,1.0,18374.0,2
123,2016-08-16,1.46,1.46,1.4,1.41,129676.0,1.46,0.0,1.46,1.4,1.41,1.0,129676.0,1
124,2016-08-15,1.48,1.4899,1.44,1.46,12191.0,1.48,0.0,1.4899,1.44,1.46,1.0,12191.0,0
125,2016-08-12,1.46,1.535,1.41,1.5,51576.0,1.46,0.0,1.535,1.41,1.5,1.0,51576.0,4
126,2016-08-11,1.53,1.55,1.41,1.52,52848.0,1.53,0.0,1.55,1.41,1.52,1.0,52848.0,3
127,2016-08-10,1.55,1.55,1.46,1.51,86853.0,1.55,0.0,1.55,1.46,1.51,1.0,86853.0,2
128,2016-08-09,1.55,1.55,1.4632,1.52,30102.0,1.55,0.0,1.55,1.4632,1.52,1.0,30102.0,1
129,2016-08-08,1.56,1.57,1.5,1.57,24474.0,1.56,0.0,1.57,1.5,1.57,1.0,24474.0,0
130,2016-08-05,1.52,1.5655,1.47,1.51,82588.0,1.52,0.0,1.5655,1.47,1.51,1.0,82588.0,4
131,2016-08-04,1.53,1.59,1.51,1.51,17697.0,1.53,0.0,1.59,1.51,1.51,1.0,17697.0,3
132,2016-08-03,1.52,1.65,1.5016,1.5016,135672.0,1.52,0.0,1.65,1.5016,1.5016,1.0,135672.0,2
133,2016-08-02,1.5,1.51,1.43,1.4369999999999998,25186.0,1.5,0.0,1.51,1.43,1.4369999999999998,1.0,25186.0,1
134,2016-08-01,1.48,1.53,1.4,1.51,41537.0,1.48,0.0,1.53,1.4,1.51,1.0,41537.0,0
135,2016-07-29,1.49,1.6,1.4,1.5599,128876.0,1.49,0.0,1.6,1.4,1.5599,1.0,128876.0,4
136,2016-07-28,1.5,1.554,1.4535,1.53,13684.0,1.5,0.0,1.554,1.4535,1.53,1.0,13684.0,3
137,2016-07-27,1.51,1.59,1.37,1.46,153584.0,1.51,0.0,1.59,1.37,1.46,1.0,153584.0,2
138,2016-07-26,1.47,1.48,1.4,1.48,39183.0,1.47,0.0,1.48,1.4,1.48,1.0,39183.0,1
139,2016-07-25,1.48,1.57,1.43,1.57,93661.0,1.48,0.0,1.57,1.43,1.57,1.0,93661.0,0
140,2016-07-22,1.58,1.6293,1.53,1.6,59681.0,1.58,0.0,1.6293,1.53,1.6,1.0,59681.0,4
141,2016-07-21,1.58,1.67,1.5,1.67,95849.0,1.58,0.0,1.67,1.5,1.67,1.0,95849.0,3
142,2016-07-20,1.67,1.67,1.55,1.63,68553.0,1.67,0.0,1.67,1.55,1.63,1.0,68553.0,2
143,2016-07-19,1.61,1.85,1.51,1.63,761538.0,1.61,0.0,1.85,1.51,1.63,1.0,761538.0,1
144,2016-07-18,1.53,1.6519,1.48,1.51,225359.0,1.53,0.0,1.6519,1.48,1.51,1.0,225359.0,0
145,2016-07-15,1.41,1.57,1.4,1.45,141289.0,1.41,0.0,1.57,1.4,1.45,1.0,141289.0,4
146,2016-07-14,1.47,1.53,1.4156,1.42,93971.0,1.47,0.0,1.53,1.4156,1.42,1.0,93971.0,3
147,2016-07-13,1.42,1.43,1.37,1.43,37151.0,1.42,0.0,1.43,1.37,1.43,1.0,37151.0,2
148,2016-07-12,1.43,1.5,1.39,1.48,77443.0,1.43,0.0,1.5,1.39,1.48,1.0,77443.0,1
149,2016-07-11,1.45,1.5576,1.35,1.52,336365.0,1.45,0.0,1.5576,1.35,1.52,1.0,336365.0,0
150,2016-07-08,1.5285,1.75,1.38,1.38,1351403.0,1.5285,0.0,1.75,1.38,1.38,1.0,1351403.0,4
151,2016-07-07,1.34,1.48,1.33,1.38,146179.0,1.34,0.0,1.48,1.33,1.38,1.0,146179.0,3
152,2016-07-06,1.3,1.45,1.3,1.37,37007.0,1.3,0.0,1.45,1.3,1.37,1.0,37007.0,2
153,2016-07-05,1.41,1.49,1.24,1.33,133344.0,1.41,0.0,1.49,1.24,1.33,1.0,133344.0,1
154,2016-07-01,1.29,1.43,1.29,1.31,10057.0,1.29,0.0,1.43,1.29,1.31,1.0,10057.0,4
155,2016-06-30,1.3,1.39,1.27,1.38,36293.0,1.3,0.0,1.39,1.27,1.38,1.0,36293.0,3
156,2016-06-29,1.34,1.45,1.3201,1.42,48786.0,1.34,0.0,1.45,1.3201,1.42,1.0,48786.0,2
157,2016-06-28,1.38,1.41,1.24,1.26,66068.0,1.38,0.0,1.41,1.24,1.26,1.0,66068.0,1
158,2016-06-27,1.24,1.3881,1.21,1.36,99144.0,1.24,0.0,1.3881,1.21,1.36,1.0,99144.0,0
159,2016-06-24,1.32,1.5499,1.2,1.262,693569.0,1.32,0.0,1.5499,1.2,1.262,1.0,693569.0,4
160,2016-06-23,1.22,1.2779,1.2,1.2779,47127.0,1.22,0.0,1.2779,1.2,1.2779,1.0,47127.0,3
161,2016-06-22,1.25,1.34,1.21,1.26,28295.0,1.25,0.0,1.34,1.21,1.26,1.0,28295.0,2
162,2016-06-21,1.26,1.3399,1.2201,1.26,50834.0,1.26,0.0,1.3399,1.2201,1.26,1.0,50834.0,1
163,2016-06-20,1.27,1.35,1.15,1.35,313055.0,1.27,0.0,1.35,1.15,1.35,1.0,313055.0,0
164,2016-06-17,1.35,1.36,1.3,1.32,50667.0,1.35,0.0,1.36,1.3,1.32,1.0,50667.0,4
165,2016-06-16,1.33,1.45,1.2928,1.4,54826.0,1.33,0.0,1.45,1.2928,1.4,1.0,54826.0,3
166,2016-06-15,1.38,1.4895,1.35,1.42,78822.0,1.38,0.0,1.4895,1.35,1.42,1.0,78822.0,2
167,2016-06-14,1.42,1.48,1.3301,1.48,304381.0,1.42,0.0,1.48,1.3301,1.48,1.0,304381.0,1
168,2016-06-13,1.27,2.4,1.15,1.35,3733587.0,1.27,0.0,2.4,1.15,1.35,1.0,3733587.0,0
169,2016-06-10,1.14,1.1817,1.07,1.17,100614.0,1.14,0.0,1.1817,1.07,1.17,1.0,100614.0,4
170,2016-06-09,1.21,1.42,1.15,1.31,178285.0,1.21,0.0,1.42,1.15,1.31,1.0,178285.0,3
171,2016-06-08,1.3,1.5,1.25,1.29,92682.0,1.3,0.0,1.5,1.25,1.29,1.0,92682.0,2
172,2016-06-07,1.36,1.5219999999999998,1.185,1.5004,72154.0,1.36,0.0,1.5219999999999998,1.185,1.5004,1.0,72154.0,1
173,2016-06-06,1.43,1.71,1.4,1.56,77690.0,1.43,0.0,1.71,1.4,1.56,1.0,77690.0,0
174,2016-06-03,1.45,1.8,1.45,1.79,157504.0,1.45,0.0,1.8,1.45,1.79,1.0,157504.0,4
175,2016-06-02,1.74,1.79,1.7,1.79,25340.0,1.74,0.0,1.79,1.7,1.79,1.0,25340.0,3
176,2016-06-01,1.8,1.8,1.69,1.74,13326.0,1.8,0.0,1.8,1.69,1.74,1.0,13326.0,2
177,2016-05-31,1.7,1.77,1.69,1.7,15137.0,1.7,0.0,1.77,1.69,1.7,1.0,15137.0,1
178,2016-05-27,1.71,1.73,1.69,1.69,14425.0,1.71,0.0,1.73,1.69,1.69,1.0,14425.0,4
179,2016-05-26,1.79,1.79,1.69,1.69,12381.0,1.79,0.0,1.79,1.69,1.69,1.0,12381.0,3
180,2016-05-25,1.8,1.8,1.6601,1.6601,26268.0,1.8,0.0,1.8,1.6601,1.6601,1.0,26268.0,2
181,2016-05-24,1.75,1.827,1.66,1.827,23533.0,1.75,0.0,1.827,1.66,1.827,1.0,23533.0,1
182,2016-05-23,1.8001,1.81,1.62,1.74,85948.0,1.8001,0.0,1.81,1.62,1.74,1.0,85948.0,0
183,2016-05-20,1.76,1.9,1.74,1.9,28044.0,1.76,0.0,1.9,1.74,1.9,1.0,28044.0,4
184,2016-05-19,1.74,1.8425,1.74,1.83,711.0,1.74,0.0,1.8425,1.74,1.83,1.0,711.0,3
185,2016-05-18,1.83,1.84,1.75,1.79,42546.0,1.83,0.0,1.84,1.75,1.79,1.0,42546.0,2
186,2016-05-17,1.82,1.98,1.78,1.86,63016.0,1.82,0.0,1.98,1.78,1.86,1.0,63016.0,1
187,2016-05-16,1.89,1.96,1.86,1.96,31651.0,1.89,0.0,1.96,1.86,1.96,1.0,31651.0,0
188,2016-05-13,1.9,1.99,1.86,1.9172,17694.0,1.9,0.0,1.99,1.86,1.9172,1.0,17694.0,4
189,2016-05-12,1.86,2.063,1.86,2.063,29779.0,1.86,0.0,2.063,1.86,2.063,1.0,29779.0,3
190,2016-05-11,1.96,2.1499,1.83,1.99,42903.0,1.96,0.0,2.1499,1.83,1.99,1.0,42903.0,2
191,2016-05-10,1.96,2.18,1.6808,1.75,317563.0,1.96,0.0,2.18,1.6808,1.75,1.0,317563.0,1
192,2016-05-09,1.73,1.88,1.68,1.77,34528.0,1.73,0.0,1.88,1.68,1.77,1.0,34528.0,0
193,2016-05-06,1.76,1.7825,1.66,1.66,42099.0,1.76,0.0,1.7825,1.66,1.66,1.0,42099.0,4
194,2016-05-05,1.7,1.95,1.68,1.95,50796.0,1.7,0.0,1.95,1.68,1.95,1.0,50796.0,3
195,2016-05-04,1.95,1.95,1.7,1.75,61122.0,1.95,0.0,1.95,1.7,1.75,1.0,61122.0,2
196,2016-05-03,1.75,1.89,1.75,1.78,25528.0,1.75,0.0,1.89,1.75,1.78,1.0,25528.0,1
197,2016-05-02,1.78,1.87,1.78,1.87,34408.0,1.78,0.0,1.87,1.78,1.87,1.0,34408.0,0
198,2016-04-29,1.93,1.93,1.8519999999999999,1.87,9975.0,1.93,0.0,1.93,1.8519999999999999,1.87,1.0,9975.0,4
199,2016-04-28,1.89,1.93,1.85,1.85,12501.0,1.89,0.0,1.93,1.85,1.85,1.0,12501.0,3
200,2016-04-27,1.85,1.85,1.84,1.84,1751.0,1.85,0.0,1.85,1.84,1.84,1.0,1751.0,2
201,2016-04-26,1.82,1.9469999999999998,1.7677,1.9469999999999998,47928.0,1.82,0.0,1.9469999999999998,1.7677,1.9469999999999998,1.0,47928.0,1
202,2016-04-25,1.89,1.94,1.85,1.85,12013.0,1.89,0.0,1.94,1.85,1.85,1.0,12013.0,0
203,2016-04-22,1.86,1.93,1.85,1.86,54847.0,1.86,0.0,1.93,1.85,1.86,1.0,54847.0,4
204,2016-04-21,1.93,1.93,1.86,1.89,5588.0,1.93,0.0,1.93,1.86,1.89,1.0,5588.0,3
205,2016-04-20,1.93,1.93,1.786,1.85,15036.0,1.93,0.0,1.93,1.786,1.85,1.0,15036.0,2
206,2016-04-19,1.8601,1.915,1.78,1.8288,10774.0,1.8601,0.0,1.915,1.78,1.8288,1.0,10774.0,1
207,2016-04-18,1.8399,1.94,1.76,1.94,34477.0,1.8399,0.0,1.94,1.76,1.94,1.0,34477.0,0
208,2016-04-15,1.9,2.08,1.86,2.08,73416.0,1.9,0.0,2.08,1.86,2.08,1.0,73416.0,4
209,2016-04-14,1.97,2.66,1.95,2.17,822578.0,1.97,0.0,2.66,1.95,2.17,1.0,822578.0,3
210,2016-04-13,1.88,1.98,1.88,1.9,1888.0,1.88,0.0,1.98,1.88,1.9,1.0,1888.0,2
211,2016-04-12,1.86,1.8628,1.81,1.86,19532.0,1.86,0.0,1.8628,1.81,1.86,1.0,19532.0,1
212,2016-04-11,1.8145,1.8254,1.8,1.82,2083.0,1.8145,0.0,1.8254,1.8,1.82,1.0,2083.0,0
213,2016-04-08,1.87,2.015,1.8,1.9956,5301.0,1.87,0.0,2.015,1.8,1.9956,1.0,5301.0,4
214,2016-04-07,1.75,1.87,1.74,1.87,6917.0,1.75,0.0,1.87,1.74,1.87,1.0,6917.0,3
215,2016-04-06,1.867,1.867,1.867,1.867,308.0,1.867,0.0,1.867,1.867,1.867,1.0,308.0,2
216,2016-04-05,1.8,1.8,1.7,1.7,2870.0,1.8,0.0,1.8,1.7,1.7,1.0,2870.0,1
217,2016-04-04,1.7001,1.74,1.62,1.74,10960.0,1.7001,0.0,1.74,1.62,1.74,1.0,10960.0,0
218,2016-04-01,1.74,1.81,1.74,1.8,8012.0,1.74,0.0,1.81,1.74,1.8,1.0,8012.0,4
219,2016-03-31,1.84,1.93,1.71,1.84,54550.0,1.84,0.0,1.93,1.71,1.84,1.0,54550.0,3
220,2016-03-30,1.84,1.91,1.84,1.91,2406.0,1.84,0.0,1.91,1.84,1.91,1.0,2406.0,2
221,2016-03-29,1.85,1.91,1.8,1.9,5995.0,1.85,0.0,1.91,1.8,1.9,1.0,5995.0,1
222,2016-03-28,1.8589,2.06,1.76,2.05,50085.0,1.8589,0.0,2.06,1.76,2.05,1.0,50085.0,0
223,2016-03-24,1.95,2.0199,1.8501,1.95,20587.0,1.95,0.0,2.0199,1.8501,1.95,1.0,20587.0,3
224,2016-03-23,1.98,2.03,1.798,1.8958,111133.0,1.98,0.0,2.03,1.798,1.8958,1.0,111133.0,2
225,2016-03-22,1.84,1.9483,1.79,1.9201,24662.0,1.84,0.0,1.9483,1.79,1.9201,1.0,24662.0,1
226,2016-03-21,1.78,1.82,1.77,1.82,5762.0,1.78,0.0,1.82,1.77,1.82,1.0,5762.0,0
227,2016-03-18,1.84,1.86,1.77,1.8082,16136.0,1.84,0.0,1.86,1.77,1.8082,1.0,16136.0,4
228,2016-03-17,1.82,1.839,1.76,1.8,32312.0,1.82,0.0,1.839,1.76,1.8,1.0,32312.0,3
229,2016-03-16,1.75,1.75,1.73,1.75,1367.0,1.75,0.0,1.75,1.73,1.75,1.0,1367.0,2
230,2016-03-15,1.69,1.78,1.6899,1.6899,9647.0,1.69,0.0,1.78,1.6899,1.6899,1.0,9647.0,1
231,2016-03-14,1.7036,1.7036,1.7036,1.7036,621.0,1.7036,0.0,1.7036,1.7036,1.7036,1.0,621.0,0
232,2016-03-11,1.61,1.6758,1.5401,1.6758,1861.0,1.61,0.0,1.6758,1.5401,1.6758,1.0,1861.0,4
233,2016-03-10,1.53,1.57,1.53,1.5585,1066.0,1.53,0.0,1.57,1.53,1.5585,1.0,1066.0,3
234,2016-03-09,1.58,1.67,1.5501,1.64,30438.0,1.58,0.0,1.67,1.5501,1.64,1.0,30438.0,2
235,2016-03-08,1.64,1.8296,1.64,1.7,74317.0,1.64,0.0,1.8296,1.64,1.7,1.0,74317.0,1
236,2016-03-07,1.78,1.78,1.4399,1.69,75154.0,1.78,0.0,1.78,1.4399,1.69,1.0,75154.0,0
237,2016-03-04,1.66,1.7156,1.63,1.63,12108.0,1.66,0.0,1.7156,1.63,1.63,1.0,12108.0,4
238,2016-03-03,1.65,1.8,1.65,1.8,9237.0,1.65,0.0,1.8,1.65,1.8,1.0,9237.0,3
239,2016-03-02,1.7616,1.795,1.75,1.7948,6134.0,1.7616,0.0,1.795,1.75,1.7948,1.0,6134.0,2
240,2016-03-01,1.72,1.743,1.65,1.65,4677.0,1.72,0.0,1.743,1.65,1.65,1.0,4677.0,1
241,2016-02-29,1.57,1.74,1.57,1.74,4364.0,1.57,0.0,1.74,1.57,1.74,1.0,4364.0,0
242,2016-02-26,1.62,1.7177,1.62,1.7177,3063.0,1.62,0.0,1.7177,1.62,1.7177,1.0,3063.0,4
243,2016-02-25,1.695,1.81,1.62,1.71,13140.0,1.695,0.0,1.81,1.62,1.71,1.0,13140.0,3
244,2016-02-24,1.767,1.78,1.73,1.73,2194.0,1.767,0.0,1.78,1.73,1.73,1.0,2194.0,2
245,2016-02-23,1.66,1.69,1.63,1.66,8747.0,1.66,0.0,1.69,1.63,1.66,1.0,8747.0,1
246,2016-02-22,1.69,1.7896,1.65,1.67,3884.0,1.69,0.0,1.7896,1.65,1.67,1.0,3884.0,0
247,2016-02-19,1.72,1.98,1.63,1.88,52437.0,1.72,0.0,1.98,1.63,1.88,1.0,52437.0,4
248,2016-02-18,1.82,1.85,1.385,1.74,66105.0,1.82,0.0,1.85,1.385,1.74,1.0,66105.0,3
249,2016-02-17,1.66,1.72,1.54,1.72,17680.0,1.66,0.0,1.72,1.54,1.72,1.0,17680.0,2
250,2016-02-16,1.72,2.03,1.5,2.0,93707.0,1.72,0.0,2.03,1.5,2.0,1.0,93707.0,1
251,2016-02-12,1.81,1.9,1.81,1.89,4393.0,1.81,0.0,1.9,1.81,1.89,1.0,4393.0,4
252,2016-02-11,1.7719999999999998,1.7879,1.7,1.7879,11123.0,1.7719999999999998,0.0,1.7879,1.7,1.7879,1.0,11123.0,3
253,2016-02-10,1.71,2.0299,1.65,2.0299,18344.0,1.71,0.0,2.0299,1.65,2.0299,1.0,18344.0,2
254,2016-02-09,1.67,1.7653,1.67,1.7405,4716.0,1.67,0.0,1.7653,1.67,1.7405,1.0,4716.0,1
255,2016-02-08,1.77,1.91,1.75,1.89,12366.0,1.77,0.0,1.91,1.75,1.89,1.0,12366.0,0
256,2016-02-05,1.91,2.01,1.85,2.01,28994.0,1.91,0.0,2.01,1.85,2.01,1.0,28994.0,4
257,2016-02-04,2.05,2.14,1.91,2.14,30613.0,2.05,0.0,2.14,1.91,2.14,1.0,30613.0,3
258,2016-02-03,2.0199,2.16,1.92,2.06,7696.0,2.0199,0.0,2.16,1.92,2.06,1.0,7696.0,2
259,2016-02-02,2.01,2.15,1.88,1.8999,34381.0,2.01,0.0,2.15,1.88,1.8999,1.0,34381.0,1
260,2016-02-01,1.83,1.9199,1.76,1.8199,24338.0,1.83,0.0,1.9199,1.76,1.8199,1.0,24338.0,0
261,2016-01-29,1.7599,1.82,1.7309999999999999,1.7539,6539.0,1.7599,0.0,1.82,1.7309999999999999,1.7539,1.0,6539.0,4
262,2016-01-28,1.6626,1.7763,1.65,1.65,3448.0,1.6626,0.0,1.7763,1.65,1.65,1.0,3448.0,3
263,2016-01-27,1.7158,1.9299,1.6,1.9299,13342.0,1.7158,0.0,1.9299,1.6,1.9299,1.0,13342.0,2
264,2016-01-26,1.7042,1.88,1.6,1.7999,19796.0,1.7042,0.0,1.88,1.6,1.7999,1.0,19796.0,1
265,2016-01-25,1.8799,1.892,1.68,1.8,12656.0,1.8799,0.0,1.892,1.68,1.8,1.0,12656.0,0
266,2016-01-22,1.8399,1.8399,1.66,1.68,9057.0,1.8399,0.0,1.8399,1.66,1.68,1.0,9057.0,4
267,2016-01-21,1.746,1.7797,1.66,1.73,989.0,1.746,0.0,1.7797,1.66,1.73,1.0,989.0,3
268,2016-01-20,1.7129,1.83,1.58,1.82,2044.0,1.7129,0.0,1.83,1.58,1.82,1.0,2044.0,2
269,2016-01-19,1.7702,1.94,1.57,1.94,27860.0,1.7702,0.0,1.94,1.57,1.94,1.0,27860.0,1
270,2016-01-15,1.74,1.92,1.55,1.92,36768.0,1.74,0.0,1.92,1.55,1.92,1.0,36768.0,4
271,2016-01-14,1.87,2.1001,1.66,1.7790000000000001,55575.0,1.87,0.0,2.1001,1.66,1.7790000000000001,1.0,55575.0,3
272,2016-01-13,1.58,1.86,1.56,1.57,16693.0,1.58,0.0,1.86,1.56,1.57,1.0,16693.0,2
273,2016-01-12,1.6,1.8259999999999998,1.49,1.58,13807.0,1.6,0.0,1.8259999999999998,1.49,1.58,1.0,13807.0,1
274,2016-01-11,1.642,1.9199,1.48,1.9199,62930.0,1.642,0.0,1.9199,1.48,1.9199,1.0,62930.0,0
275,2016-01-08,1.8,2.2115,1.58,2.1344,25290.0,1.8,0.0,2.2115,1.58,2.1344,1.0,25290.0,4
276,2016-01-07,2.09,2.25,2.06,2.2,5792.0,2.09,0.0,2.25,2.06,2.2,1.0,5792.0,3
277,2016-01-06,2.22,2.36,2.1,2.1,1906.0,2.22,0.0,2.36,2.1,2.1,1.0,1906.0,2
278,2016-01-05,2.09,2.1,1.9484,2.1,16370.0,2.09,0.0,2.1,1.9484,2.1,1.0,16370.0,1
279,2016-01-04,1.994,2.0899,1.78,1.78,8760.0,1.994,0.0,2.0899,1.78,1.78,1.0,8760.0,0
