,Unnamed: 0,adj_close,adj_high,adj_low,adj_open,adj_volume,close,ex_dividend,high,low,open,split_ratio,volume,Day of Week,Day
0,2017-02-10,0.045,0.045,0.0375,0.0375,2622.0,0.045,0.0,0.045,0.0375,0.0375,1.0,2622.0,4,10
1,2017-02-08,0.0399,0.0399,0.0255,0.0256,4400.0,0.0399,0.0,0.0399,0.0255,0.0256,1.0,4400.0,2,08
2,2017-02-06,0.0448,0.0448,0.0448,0.0448,150.0,0.0448,0.0,0.0448,0.0448,0.0448,1.0,150.0,0,06
3,2017-01-30,0.045,0.045,0.045,0.045,225071.0,0.045,0.0,0.045,0.045,0.045,1.0,225071.0,0,30
4,2017-01-27,0.045,0.057,0.0361,0.057,3173.0,0.045,0.0,0.057,0.0361,0.057,1.0,3173.0,4,27
5,2017-01-26,0.06,0.06,0.06,0.06,1500.0,0.06,0.0,0.06,0.06,0.06,1.0,1500.0,3,26
6,2017-01-25,0.06,0.099,0.05,0.05,6001.0,0.06,0.0,0.099,0.05,0.05,1.0,6001.0,2,25
7,2017-01-24,0.0499,0.058,0.0312,0.058,22671.0,0.0499,0.0,0.058,0.0312,0.058,1.0,22671.0,1,24
8,2017-01-23,0.1,0.1,0.0509,0.051,10370.0,0.1,0.0,0.1,0.0509,0.051,1.0,10370.0,0,23
9,2017-01-17,0.1,0.139,0.1,0.1,16700.0,0.1,0.0,0.139,0.1,0.1,1.0,16700.0,1,17
10,2017-01-11,0.1,0.12,0.1,0.12,3000.0,0.1,0.0,0.12,0.1,0.12,1.0,3000.0,2,11
11,2017-01-09,0.15,0.15,0.15,0.15,1000.0,0.15,0.0,0.15,0.15,0.15,1.0,1000.0,0,09
12,2017-01-06,0.125,0.15,0.1,0.15,48622.0,0.125,0.0,0.15,0.1,0.15,1.0,48622.0,4,06
13,2017-01-05,0.1899,0.1899,0.1899,0.1899,100.0,0.1899,0.0,0.1899,0.1899,0.1899,1.0,100.0,3,05
14,2017-01-04,0.1825,0.185,0.165,0.18,1700.0,0.1825,0.0,0.185,0.165,0.18,1.0,1700.0,2,04
15,2017-01-03,0.13,0.1411,0.13,0.13,600.0,0.13,0.0,0.1411,0.13,0.13,1.0,600.0,1,03
16,2016-12-30,0.1105,0.13,0.1105,0.13,500.0,0.1105,0.0,0.13,0.1105,0.13,1.0,500.0,4,30
17,2016-12-29,0.115,0.145,0.115,0.145,1200.0,0.115,0.0,0.145,0.115,0.145,1.0,1200.0,3,29
18,2016-12-28,0.15,0.15,0.15,0.15,107.0,0.15,0.0,0.15,0.15,0.15,1.0,107.0,2,28
19,2016-12-27,0.165,0.165,0.1001,0.14,27200.0,0.165,0.0,0.165,0.1001,0.14,1.0,27200.0,1,27
20,2016-12-21,0.15,0.15,0.12,0.15,7600.0,0.15,0.0,0.15,0.12,0.15,1.0,7600.0,2,21
21,2016-12-20,0.16,0.16,0.16,0.16,100.0,0.16,0.0,0.16,0.16,0.16,1.0,100.0,1,20
22,2016-12-19,0.1947,0.1947,0.16,0.16,5100.0,0.1947,0.0,0.1947,0.16,0.16,1.0,5100.0,0,19
23,2016-12-13,0.16,0.16,0.16,0.16,100.0,0.16,0.0,0.16,0.16,0.16,1.0,100.0,1,13
24,2016-12-12,0.1637,0.1637,0.1254,0.1552,400.0,0.1637,0.0,0.1637,0.1254,0.1552,1.0,400.0,0,12
25,2016-12-09,0.1658,0.1658,0.165,0.165,200.0,0.1658,0.0,0.1658,0.165,0.165,1.0,200.0,4,09
26,2016-12-06,0.1825,0.1825,0.1825,0.1825,100.0,0.1825,0.0,0.1825,0.1825,0.1825,1.0,100.0,1,06
27,2016-12-05,0.2,0.2,0.2,0.2,100.0,0.2,0.0,0.2,0.2,0.2,1.0,100.0,0,05
28,2016-12-02,0.19,0.19,0.19,0.19,100.0,0.19,0.0,0.19,0.19,0.19,1.0,100.0,4,02
29,2016-12-01,0.2,0.2,0.2,0.2,102.0,0.2,0.0,0.2,0.2,0.2,1.0,102.0,3,01
30,2016-11-30,0.19,0.2,0.19,0.2,3802.0,0.19,0.0,0.2,0.19,0.2,1.0,3802.0,2,30
31,2016-11-29,0.2,0.2,0.19,0.19,16200.0,0.2,0.0,0.2,0.19,0.19,1.0,16200.0,1,29
32,2016-11-28,0.19,0.19,0.18,0.18,3300.0,0.19,0.0,0.19,0.18,0.18,1.0,3300.0,0,28
33,2016-11-25,0.1749,0.1749,0.1749,0.1749,0.0,0.1749,0.0,0.1749,0.1749,0.1749,1.0,0.0,4,25
34,2016-11-23,0.1749,0.1749,0.1749,0.1749,0.0,0.1749,0.0,0.1749,0.1749,0.1749,1.0,0.0,2,23
35,2016-11-22,0.1749,0.1749,0.1749,0.1749,200.0,0.1749,0.0,0.1749,0.1749,0.1749,1.0,200.0,1,22
36,2016-11-21,0.1799,0.1799,0.1799,0.1799,100.0,0.1799,0.0,0.1799,0.1799,0.1799,1.0,100.0,0,21
37,2016-11-18,0.1812,0.1812,0.1812,0.1812,100.0,0.1812,0.0,0.1812,0.1812,0.1812,1.0,100.0,4,18
38,2016-11-17,0.1765,0.1765,0.1765,0.1765,100.0,0.1765,0.0,0.1765,0.1765,0.1765,1.0,100.0,3,17
39,2016-11-16,0.1813,0.1813,0.1813,0.1813,100.0,0.1813,0.0,0.1813,0.1813,0.1813,1.0,100.0,2,16
40,2016-11-15,0.18,0.18,0.145,0.18,1600.0,0.18,0.0,0.18,0.145,0.18,1.0,1600.0,1,15
41,2016-11-14,0.17,0.17,0.17,0.17,0.0,0.17,0.0,0.17,0.17,0.17,1.0,0.0,0,14
42,2016-11-11,0.17,0.17,0.17,0.17,100.0,0.17,0.0,0.17,0.17,0.17,1.0,100.0,4,11
43,2016-11-10,0.18,0.18,0.18,0.18,100.0,0.18,0.0,0.18,0.18,0.18,1.0,100.0,3,10
44,2016-11-09,0.1814,0.1814,0.1627,0.1814,1300.0,0.1814,0.0,0.1814,0.1627,0.1814,1.0,1300.0,2,09
45,2016-11-08,0.1899,0.1899,0.18,0.18,600.0,0.1899,0.0,0.1899,0.18,0.18,1.0,600.0,1,08
46,2016-11-07,0.19,0.19,0.1777,0.1777,800.0,0.19,0.0,0.19,0.1777,0.1777,1.0,800.0,0,07
47,2016-11-04,0.1699,0.1699,0.15,0.15,2100.0,0.1699,0.0,0.1699,0.15,0.15,1.0,2100.0,4,04
48,2016-11-03,0.17,0.17,0.17,0.17,100.0,0.17,0.0,0.17,0.17,0.17,1.0,100.0,3,03
49,2016-11-02,0.16,0.17,0.15,0.15,5418.0,0.16,0.0,0.17,0.15,0.15,1.0,5418.0,2,02
50,2016-11-01,0.1738,0.1738,0.1738,0.1738,0.0,0.1738,0.0,0.1738,0.1738,0.1738,1.0,0.0,1,01
51,2016-10-31,0.1738,0.1738,0.1598,0.1598,3200.0,0.1738,0.0,0.1738,0.1598,0.1598,1.0,3200.0,0,31
52,2016-10-28,0.1598,0.1598,0.1598,0.1598,100.0,0.1598,0.0,0.1598,0.1598,0.1598,1.0,100.0,4,28
53,2016-10-27,0.1598,0.18,0.15,0.16,12200.0,0.1598,0.0,0.18,0.15,0.16,1.0,12200.0,3,27
54,2016-10-26,0.1492,0.1492,0.1399,0.1399,1200.0,0.1492,0.0,0.1492,0.1399,0.1399,1.0,1200.0,2,26
55,2016-10-25,0.1494,0.1494,0.125,0.125,200.0,0.1494,0.0,0.1494,0.125,0.125,1.0,200.0,1,25
56,2016-10-24,0.13,0.1442,0.0767,0.12,4000.0,0.13,0.0,0.1442,0.0767,0.12,1.0,4000.0,0,24
57,2016-10-21,0.1531,0.1531,0.145,0.1531,1000.0,0.1531,0.0,0.1531,0.145,0.1531,1.0,1000.0,4,21
58,2016-10-20,0.1596,0.1596,0.1596,0.1596,100.0,0.1596,0.0,0.1596,0.1596,0.1596,1.0,100.0,3,20
59,2016-10-19,0.145,0.145,0.145,0.145,0.0,0.145,0.0,0.145,0.145,0.145,1.0,0.0,2,19
60,2016-10-18,0.145,0.145,0.145,0.145,0.0,0.145,0.0,0.145,0.145,0.145,1.0,0.0,1,18
61,2016-10-17,0.145,0.145,0.145,0.145,0.0,0.145,0.0,0.145,0.145,0.145,1.0,0.0,0,17
62,2016-10-14,0.145,0.145,0.145,0.145,0.0,0.145,0.0,0.145,0.145,0.145,1.0,0.0,4,14
63,2016-10-13,0.145,0.145,0.145,0.145,100.0,0.145,0.0,0.145,0.145,0.145,1.0,100.0,3,13
64,2016-10-12,0.1497,0.1497,0.1497,0.1497,0.0,0.1497,0.0,0.1497,0.1497,0.1497,1.0,0.0,2,12
65,2016-10-11,0.1497,0.1497,0.1497,0.1497,100.0,0.1497,0.0,0.1497,0.1497,0.1497,1.0,100.0,1,11
66,2016-10-10,0.15,0.1797,0.13,0.13,2900.0,0.15,0.0,0.1797,0.13,0.13,1.0,2900.0,0,10
67,2016-10-07,0.135,0.135,0.135,0.135,100.0,0.135,0.0,0.135,0.135,0.135,1.0,100.0,4,07
68,2016-10-06,0.1352,0.1352,0.1,0.1,6000.0,0.1352,0.0,0.1352,0.1,0.1,1.0,6000.0,3,06
69,2016-10-05,0.096,0.096,0.07,0.096,1000.0,0.096,0.0,0.096,0.07,0.096,1.0,1000.0,2,05
70,2016-10-04,0.095,0.095,0.0933,0.0933,600.0,0.095,0.0,0.095,0.0933,0.0933,1.0,600.0,1,04
71,2016-10-03,0.09,0.09,0.09,0.09,0.0,0.09,0.0,0.09,0.09,0.09,1.0,0.0,0,03
72,2016-09-30,0.09,0.09,0.09,0.09,500.0,0.09,0.0,0.09,0.09,0.09,1.0,500.0,4,30
73,2016-09-29,0.0913,0.0913,0.0913,0.0913,10000.0,0.0913,0.0,0.0913,0.0913,0.0913,1.0,10000.0,3,29
74,2016-09-28,0.082,0.082,0.082,0.082,0.0,0.082,0.0,0.082,0.082,0.082,1.0,0.0,2,28
75,2016-09-27,0.082,0.082,0.082,0.082,0.0,0.082,0.0,0.082,0.082,0.082,1.0,0.0,1,27
76,2016-09-26,0.082,0.082,0.082,0.082,0.0,0.082,0.0,0.082,0.082,0.082,1.0,0.0,0,26
77,2016-09-23,0.082,0.082,0.082,0.082,0.0,0.082,0.0,0.082,0.082,0.082,1.0,0.0,4,23
78,2016-09-22,0.082,0.082,0.082,0.082,0.0,0.082,0.0,0.082,0.082,0.082,1.0,0.0,3,22
79,2016-09-21,0.082,0.082,0.082,0.082,0.0,0.082,0.0,0.082,0.082,0.082,1.0,0.0,2,21
80,2016-09-20,0.082,0.082,0.082,0.082,0.0,0.082,0.0,0.082,0.082,0.082,1.0,0.0,1,20
81,2016-09-19,0.082,0.082,0.082,0.082,0.0,0.082,0.0,0.082,0.082,0.082,1.0,0.0,0,19
82,2016-09-16,0.082,0.082,0.082,0.082,0.0,0.082,0.0,0.082,0.082,0.082,1.0,0.0,4,16
83,2016-09-15,0.082,0.082,0.082,0.082,0.0,0.082,0.0,0.082,0.082,0.082,1.0,0.0,3,15
84,2016-09-14,0.082,0.117,0.0805,0.117,1350.0,0.082,0.0,0.117,0.0805,0.117,1.0,1350.0,2,14
85,2016-09-13,0.1446,0.1446,0.1113,0.1142,2907.0,0.1446,0.0,0.1446,0.1113,0.1142,1.0,2907.0,1,13
86,2016-09-12,0.18,0.18,0.18,0.18,0.0,0.18,0.0,0.18,0.18,0.18,1.0,0.0,0,12
87,2016-09-09,0.18,0.18,0.18,0.18,0.0,0.18,0.0,0.18,0.18,0.18,1.0,0.0,4,09
88,2016-09-08,0.18,0.18,0.18,0.18,0.0,0.18,0.0,0.18,0.18,0.18,1.0,0.0,3,08
89,2016-09-07,0.18,0.18,0.18,0.18,0.0,0.18,0.0,0.18,0.18,0.18,1.0,0.0,2,07
90,2016-09-06,0.18,0.18,0.18,0.18,0.0,0.18,0.0,0.18,0.18,0.18,1.0,0.0,1,06
91,2016-09-02,0.18,0.18,0.18,0.18,200.0,0.18,0.0,0.18,0.18,0.18,1.0,200.0,4,02
92,2016-09-01,0.2,0.2,0.2,0.2,0.0,0.2,0.0,0.2,0.2,0.2,1.0,0.0,3,01
93,2016-08-31,0.2,0.2,0.2,0.2,10000.0,0.2,0.0,0.2,0.2,0.2,1.0,10000.0,2,31
94,2016-08-30,0.2,0.2,0.2,0.2,0.0,0.2,0.0,0.2,0.2,0.2,1.0,0.0,1,30
95,2016-08-29,0.2,0.2,0.2,0.2,0.0,0.2,0.0,0.2,0.2,0.2,1.0,0.0,0,29
96,2016-08-26,0.2,0.2,0.2,0.2,800.0,0.2,0.0,0.2,0.2,0.2,1.0,800.0,4,26
97,2016-08-25,0.2,0.2,0.2,0.2,100.0,0.2,0.0,0.2,0.2,0.2,1.0,100.0,3,25
98,2016-08-24,0.1853,0.1853,0.1853,0.1853,0.0,0.1853,0.0,0.1853,0.1853,0.1853,1.0,0.0,2,24
99,2016-08-23,0.1853,0.1853,0.1853,0.1853,100.0,0.1853,0.0,0.1853,0.1853,0.1853,1.0,100.0,1,23
100,2016-08-22,0.1853,0.1853,0.1853,0.1853,300.0,0.1853,0.0,0.1853,0.1853,0.1853,1.0,300.0,0,22
101,2016-08-19,0.185,0.185,0.185,0.185,200.0,0.185,0.0,0.185,0.185,0.185,1.0,200.0,4,19
102,2016-08-18,0.1853,0.1853,0.1853,0.1853,100.0,0.1853,0.0,0.1853,0.1853,0.1853,1.0,100.0,3,18
103,2016-08-17,0.1651,0.1651,0.1651,0.1651,0.0,0.1651,0.0,0.1651,0.1651,0.1651,1.0,0.0,2,17
104,2016-08-16,0.1651,0.1651,0.1651,0.1651,0.0,0.1651,0.0,0.1651,0.1651,0.1651,1.0,0.0,1,16
105,2016-08-15,0.1651,0.1651,0.1651,0.1651,400.0,0.1651,0.0,0.1651,0.1651,0.1651,1.0,400.0,0,15
106,2016-08-12,0.1799,0.18,0.15,0.15,10975.0,0.1799,0.0,0.18,0.15,0.15,1.0,10975.0,4,12
107,2016-08-11,0.18,0.18,0.18,0.18,0.0,0.18,0.0,0.18,0.18,0.18,1.0,0.0,3,11
108,2016-08-10,0.18,0.19,0.18,0.19,3300.0,0.18,0.0,0.19,0.18,0.19,1.0,3300.0,2,10
109,2016-08-09,0.2,0.2,0.2,0.2,0.0,0.2,0.0,0.2,0.2,0.2,1.0,0.0,1,09
110,2016-08-08,0.2,0.2,0.2,0.2,0.0,0.2,0.0,0.2,0.2,0.2,1.0,0.0,0,08
111,2016-08-05,0.2,0.2,0.2,0.2,0.0,0.2,0.0,0.2,0.2,0.2,1.0,0.0,4,05
112,2016-08-04,0.2,0.2,0.2,0.2,0.0,0.2,0.0,0.2,0.2,0.2,1.0,0.0,3,04
113,2016-08-03,0.2,0.2,0.2,0.2,0.0,0.2,0.0,0.2,0.2,0.2,1.0,0.0,2,03
114,2016-08-02,0.2,0.22,0.2,0.22,200.0,0.2,0.0,0.22,0.2,0.22,1.0,200.0,1,02
115,2016-08-01,0.22,0.24,0.22,0.24,300.0,0.22,0.0,0.24,0.22,0.24,1.0,300.0,0,01
116,2016-07-29,0.23,0.2531,0.1861,0.23,2200.0,0.23,0.0,0.2531,0.1861,0.23,1.0,2200.0,4,29
117,2016-07-28,0.24,0.24,0.24,0.24,100.0,0.24,0.0,0.24,0.24,0.24,1.0,100.0,3,28
118,2016-07-27,0.25,0.25,0.25,0.25,100.0,0.25,0.0,0.25,0.25,0.25,1.0,100.0,2,27
119,2016-07-26,0.26,0.26,0.26,0.26,100.0,0.26,0.0,0.26,0.26,0.26,1.0,100.0,1,26
120,2016-07-25,0.24,0.24,0.24,0.24,200.0,0.24,0.0,0.24,0.24,0.24,1.0,200.0,0,25
121,2016-07-22,0.23,0.23,0.23,0.23,300.0,0.23,0.0,0.23,0.23,0.23,1.0,300.0,4,22
122,2016-07-21,0.2522,0.2522,0.2522,0.2522,0.0,0.2522,0.0,0.2522,0.2522,0.2522,1.0,0.0,3,21
123,2016-07-20,0.2522,0.2522,0.2522,0.2522,0.0,0.2522,0.0,0.2522,0.2522,0.2522,1.0,0.0,2,20
124,2016-07-19,0.2522,0.27,0.2295,0.27,3000.0,0.2522,0.0,0.27,0.2295,0.27,1.0,3000.0,1,19
125,2016-07-18,0.25,0.25,0.25,0.25,0.0,0.25,0.0,0.25,0.25,0.25,1.0,0.0,0,18
126,2016-07-15,0.25,0.25,0.25,0.25,0.0,0.25,0.0,0.25,0.25,0.25,1.0,0.0,4,15
127,2016-07-14,0.25,0.25,0.25,0.25,0.0,0.25,0.0,0.25,0.25,0.25,1.0,0.0,3,14
128,2016-07-13,0.25,0.25,0.25,0.25,100.0,0.25,0.0,0.25,0.25,0.25,1.0,100.0,2,13
129,2016-07-12,0.259,0.259,0.259,0.259,100.0,0.259,0.0,0.259,0.259,0.259,1.0,100.0,1,12
130,2016-07-11,0.28,0.28,0.26,0.26,2200.0,0.28,0.0,0.28,0.26,0.26,1.0,2200.0,0,11
131,2016-07-08,0.2885,0.298,0.2797,0.2797,6312.0,0.2885,0.0,0.298,0.2797,0.2797,1.0,6312.0,4,08
132,2016-07-07,0.25,0.2796,0.25,0.2796,4900.0,0.25,0.0,0.2796,0.25,0.2796,1.0,4900.0,3,07
133,2016-07-06,0.24,0.24,0.24,0.24,100.0,0.24,0.0,0.24,0.24,0.24,1.0,100.0,2,06
134,2016-07-05,0.25,0.25,0.25,0.25,112.0,0.25,0.0,0.25,0.25,0.25,1.0,112.0,1,05
135,2016-07-01,0.26,0.26,0.26,0.26,100.0,0.26,0.0,0.26,0.26,0.26,1.0,100.0,4,01
136,2016-06-30,0.27,0.271,0.2,0.26,4800.0,0.27,0.0,0.271,0.2,0.26,1.0,4800.0,3,30
137,2016-06-29,0.265,0.265,0.24,0.2501,2200.0,0.265,0.0,0.265,0.24,0.2501,1.0,2200.0,2,29
138,2016-06-28,0.285,0.285,0.285,0.285,300.0,0.285,0.0,0.285,0.285,0.285,1.0,300.0,1,28
139,2016-06-27,0.3,0.3,0.3,0.3,100.0,0.3,0.0,0.3,0.3,0.3,1.0,100.0,0,27
140,2016-06-24,0.28,0.28,0.28,0.28,100.0,0.28,0.0,0.28,0.28,0.28,1.0,100.0,4,24
141,2016-06-23,0.2501,0.3,0.25,0.2671,8795.0,0.2501,0.0,0.3,0.25,0.2671,1.0,8795.0,3,23
142,2016-06-22,0.2774,0.2774,0.2774,0.2774,100.0,0.2774,0.0,0.2774,0.2774,0.2774,1.0,100.0,2,22
143,2016-06-21,0.29,0.29,0.29,0.29,100.0,0.29,0.0,0.29,0.29,0.29,1.0,100.0,1,21
144,2016-06-20,0.298,0.3,0.298,0.3,400.0,0.298,0.0,0.3,0.298,0.3,1.0,400.0,0,20
145,2016-06-17,0.3,0.3,0.3,0.3,100.0,0.3,0.0,0.3,0.3,0.3,1.0,100.0,4,17
146,2016-06-16,0.3,0.3,0.275,0.275,203.0,0.3,0.0,0.3,0.275,0.275,1.0,203.0,3,16
147,2016-06-15,0.3,0.3,0.3,0.3,100.0,0.3,0.0,0.3,0.3,0.3,1.0,100.0,2,15
148,2016-06-14,0.2997,0.3,0.2997,0.2997,1500.0,0.2997,0.0,0.3,0.2997,0.2997,1.0,1500.0,1,14
149,2016-06-13,0.2502,0.43,0.2502,0.35,41291.0,0.2502,0.0,0.43,0.2502,0.35,1.0,41291.0,0,13
150,2016-06-10,0.2579,0.2579,0.2579,0.2579,100.0,0.2579,0.0,0.2579,0.2579,0.2579,1.0,100.0,4,10
151,2016-06-09,0.2103,0.268,0.2103,0.268,900.0,0.2103,0.0,0.268,0.2103,0.268,1.0,900.0,3,09
152,2016-06-08,0.2699,0.2699,0.1706,0.1706,5263.0,0.2699,0.0,0.2699,0.1706,0.1706,1.0,5263.0,2,08
153,2016-06-07,0.3047,0.3047,0.3047,0.3047,100.0,0.3047,0.0,0.3047,0.3047,0.3047,1.0,100.0,1,07
154,2016-06-06,0.305,0.305,0.3,0.3,300.0,0.305,0.0,0.305,0.3,0.3,1.0,300.0,0,06
155,2016-06-03,0.339,0.36,0.2702,0.35,30325.0,0.339,0.0,0.36,0.2702,0.35,1.0,30325.0,4,03
156,2016-06-02,0.4096,0.4096,0.4096,0.4096,100.0,0.4096,0.0,0.4096,0.4096,0.4096,1.0,100.0,3,02
157,2016-06-01,0.4025,0.4025,0.4025,0.4025,0.0,0.4025,0.0,0.4025,0.4025,0.4025,1.0,0.0,2,01
158,2016-05-31,0.4025,0.4025,0.4025,0.4025,100.0,0.4025,0.0,0.4025,0.4025,0.4025,1.0,100.0,1,31
159,2016-05-27,0.4126,0.4185,0.4125,0.4185,1000.0,0.4126,0.0,0.4185,0.4125,0.4185,1.0,1000.0,4,27
160,2016-05-26,0.4296,0.4296,0.4296,0.4296,0.0,0.4296,0.0,0.4296,0.4296,0.4296,1.0,0.0,3,26
161,2016-05-25,0.4296,0.4296,0.4296,0.4296,100.0,0.4296,0.0,0.4296,0.4296,0.4296,1.0,100.0,2,25
162,2016-05-24,0.41,0.41,0.32,0.4,8800.0,0.41,0.0,0.41,0.32,0.4,1.0,8800.0,1,24
163,2016-05-23,0.4297,0.4297,0.4,0.4297,1200.0,0.4297,0.0,0.4297,0.4,0.4297,1.0,1200.0,0,23
164,2016-05-20,0.44,0.44,0.44,0.44,0.0,0.44,0.0,0.44,0.44,0.44,1.0,0.0,4,20
165,2016-05-19,0.44,0.44,0.44,0.44,100.0,0.44,0.0,0.44,0.44,0.44,1.0,100.0,3,19
166,2016-05-18,0.45,0.45,0.45,0.45,100.0,0.45,0.0,0.45,0.45,0.45,1.0,100.0,2,18
167,2016-05-17,0.455,0.455,0.455,0.455,100.0,0.455,0.0,0.455,0.455,0.455,1.0,100.0,1,17
168,2016-05-16,0.4596,0.4596,0.4596,0.4596,100.0,0.4596,0.0,0.4596,0.4596,0.4596,1.0,100.0,0,16
169,2016-05-13,0.46,0.46,0.3503,0.46,800.0,0.46,0.0,0.46,0.3503,0.46,1.0,800.0,4,13
170,2016-05-12,0.46,0.46,0.46,0.46,100.0,0.46,0.0,0.46,0.46,0.46,1.0,100.0,3,12
171,2016-05-11,0.4425,0.4436,0.4079,0.4436,600.0,0.4425,0.0,0.4436,0.4079,0.4436,1.0,600.0,2,11
172,2016-05-10,0.4693,0.479,0.2408,0.2408,13482.0,0.4693,0.0,0.479,0.2408,0.2408,1.0,13482.0,1,10
173,2016-05-09,0.476,0.4797,0.3117,0.4797,4100.0,0.476,0.0,0.4797,0.3117,0.4797,1.0,4100.0,0,09
174,2016-05-06,0.4797,0.4797,0.4797,0.4797,200.0,0.4797,0.0,0.4797,0.4797,0.4797,1.0,200.0,4,06
175,2016-05-05,0.455,0.4899,0.3,0.4028,5900.0,0.455,0.0,0.4899,0.3,0.4028,1.0,5900.0,3,05
176,2016-05-04,0.49,0.49,0.49,0.49,0.0,0.49,0.0,0.49,0.49,0.49,1.0,0.0,2,04
177,2016-05-03,0.49,0.49,0.49,0.49,100.0,0.49,0.0,0.49,0.49,0.49,1.0,100.0,1,03
178,2016-05-02,0.425,0.425,0.425,0.425,300.0,0.425,0.0,0.425,0.425,0.425,1.0,300.0,0,02
179,2016-04-29,0.49,0.49,0.49,0.49,0.0,0.49,0.0,0.49,0.49,0.49,1.0,0.0,4,29
180,2016-04-28,0.49,0.49,0.49,0.49,0.0,0.49,0.0,0.49,0.49,0.49,1.0,0.0,3,28
181,2016-04-27,0.49,0.49,0.49,0.49,100.0,0.49,0.0,0.49,0.49,0.49,1.0,100.0,2,27
182,2016-04-26,0.499,0.499,0.499,0.499,0.0,0.499,0.0,0.499,0.499,0.499,1.0,0.0,1,26
183,2016-04-25,0.499,0.509,0.3,0.41,11700.0,0.499,0.0,0.509,0.3,0.41,1.0,11700.0,0,25
184,2016-04-22,0.55,0.55,0.55,0.55,0.0,0.55,0.0,0.55,0.55,0.55,1.0,0.0,4,22
185,2016-04-21,0.55,0.55,0.55,0.55,1000.0,0.55,0.0,0.55,0.55,0.55,1.0,1000.0,3,21
186,2016-04-20,0.54,0.54,0.54,0.54,200.0,0.54,0.0,0.54,0.54,0.54,1.0,200.0,2,20
187,2016-04-19,0.55,0.55,0.55,0.55,200.0,0.55,0.0,0.55,0.55,0.55,1.0,200.0,1,19
188,2016-04-18,0.51,0.55,0.4,0.41,3050.0,0.51,0.0,0.55,0.4,0.41,1.0,3050.0,0,18
189,2016-04-15,0.5,0.509,0.45,0.509,3759.0,0.5,0.0,0.509,0.45,0.509,1.0,3759.0,4,15
190,2016-04-14,0.51,0.7,0.49,0.599,101645.0,0.51,0.0,0.7,0.49,0.599,1.0,101645.0,3,14
191,2016-04-13,0.518,0.518,0.518,0.518,100.0,0.518,0.0,0.518,0.518,0.518,1.0,100.0,2,13
192,2016-04-12,0.52,0.58,0.52,0.58,600.0,0.52,0.0,0.58,0.52,0.58,1.0,600.0,1,12
193,2016-04-11,0.585,0.585,0.585,0.585,0.0,0.585,0.0,0.585,0.585,0.585,1.0,0.0,0,11
194,2016-04-08,0.585,0.585,0.585,0.585,0.0,0.585,0.0,0.585,0.585,0.585,1.0,0.0,4,08
195,2016-04-07,0.585,0.585,0.585,0.585,100.0,0.585,0.0,0.585,0.585,0.585,1.0,100.0,3,07
196,2016-04-06,0.549,0.549,0.549,0.549,0.0,0.549,0.0,0.549,0.549,0.549,1.0,0.0,2,06
197,2016-04-05,0.549,0.549,0.549,0.549,0.0,0.549,0.0,0.549,0.549,0.549,1.0,0.0,1,05
198,2016-04-04,0.549,0.549,0.5,0.5,300.0,0.549,0.0,0.549,0.5,0.5,1.0,300.0,0,04
199,2016-04-01,0.579,0.579,0.579,0.579,0.0,0.579,0.0,0.579,0.579,0.579,1.0,0.0,4,01
200,2016-03-31,0.579,0.579,0.579,0.579,100.0,0.579,0.0,0.579,0.579,0.579,1.0,100.0,3,31
201,2016-03-30,0.577,0.577,0.577,0.577,100.0,0.577,0.0,0.577,0.577,0.577,1.0,100.0,2,30
202,2016-03-29,0.53,0.53,0.53,0.53,100.0,0.53,0.0,0.53,0.53,0.53,1.0,100.0,1,29
203,2016-03-28,0.549,0.549,0.549,0.549,200.0,0.549,0.0,0.549,0.549,0.549,1.0,200.0,0,28
204,2016-03-24,0.588,0.588,0.588,0.588,0.0,0.588,0.0,0.588,0.588,0.588,1.0,0.0,3,24
205,2016-03-23,0.588,0.588,0.588,0.588,200.0,0.588,0.0,0.588,0.588,0.588,1.0,200.0,2,23
206,2016-03-22,0.6,0.6,0.499,0.6,9150.0,0.6,0.0,0.6,0.499,0.6,1.0,9150.0,1,22
207,2016-03-21,0.509,0.509,0.509,0.509,100.0,0.509,0.0,0.509,0.509,0.509,1.0,100.0,0,21
208,2016-03-18,0.52,0.52,0.52,0.52,155.0,0.52,0.0,0.52,0.52,0.52,1.0,155.0,4,18
209,2016-03-17,0.519,0.52,0.49,0.5198,6918.0,0.519,0.0,0.52,0.49,0.5198,1.0,6918.0,3,17
210,2016-03-16,0.529,0.529,0.4,0.4,500.0,0.529,0.0,0.529,0.4,0.4,1.0,500.0,2,16
211,2016-03-15,0.53,0.59,0.207,0.59,5400.0,0.53,0.0,0.59,0.207,0.59,1.0,5400.0,1,15
212,2016-03-14,0.5537,0.5537,0.5537,0.5537,0.0,0.5537,0.0,0.5537,0.5537,0.5537,1.0,0.0,0,14
213,2016-03-11,0.5537,0.5537,0.55,0.55,6230.0,0.5537,0.0,0.5537,0.55,0.55,1.0,6230.0,4,11
214,2016-03-10,0.58,0.58,0.58,0.58,3000.0,0.58,0.0,0.58,0.58,0.58,1.0,3000.0,3,10
215,2016-03-09,0.5,0.5,0.46,0.46,200.0,0.5,0.0,0.5,0.46,0.46,1.0,200.0,2,09
216,2016-03-08,0.5,0.5,0.5,0.5,600.0,0.5,0.0,0.5,0.5,0.5,1.0,600.0,1,08
217,2016-03-07,0.5,0.5,0.327,0.48,2600.0,0.5,0.0,0.5,0.327,0.48,1.0,2600.0,0,07
218,2016-03-04,0.52,0.52,0.52,0.52,100.0,0.52,0.0,0.52,0.52,0.52,1.0,100.0,4,04
219,2016-03-03,0.51,0.51,0.48,0.5099,23000.0,0.51,0.0,0.51,0.48,0.5099,1.0,23000.0,3,03
220,2016-03-02,0.51,0.51,0.4014,0.475,3200.0,0.51,0.0,0.51,0.4014,0.475,1.0,3200.0,2,02
221,2016-03-01,0.4916,0.55,0.4916,0.55,11329.0,0.4916,0.0,0.55,0.4916,0.55,1.0,11329.0,1,01
222,2016-02-29,0.5499,0.5499,0.5499,0.5499,1000.0,0.5499,0.0,0.5499,0.5499,0.5499,1.0,1000.0,0,29
223,2016-02-26,0.5,0.5,0.5,0.5,100.0,0.5,0.0,0.5,0.5,0.5,1.0,100.0,4,26
224,2016-02-25,0.53,0.53,0.53,0.53,0.0,0.53,0.0,0.53,0.53,0.53,1.0,0.0,3,25
225,2016-02-24,0.53,0.53,0.53,0.53,2000.0,0.53,0.0,0.53,0.53,0.53,1.0,2000.0,2,24
226,2016-02-23,0.54,0.54,0.49,0.49,237.0,0.54,0.0,0.54,0.49,0.49,1.0,237.0,1,23
227,2016-02-22,0.51,0.51,0.51,0.51,0.0,0.51,0.0,0.51,0.51,0.51,1.0,0.0,0,22
228,2016-02-19,0.51,0.51,0.51,0.51,0.0,0.51,0.0,0.51,0.51,0.51,1.0,0.0,4,19
229,2016-02-18,0.51,0.6,0.51,0.55,3800.0,0.51,0.0,0.6,0.51,0.55,1.0,3800.0,3,18
230,2016-02-17,0.6,0.6,0.55,0.55,1300.0,0.6,0.0,0.6,0.55,0.55,1.0,1300.0,2,17
231,2016-02-16,0.6,0.6,0.6,0.6,100.0,0.6,0.0,0.6,0.6,0.6,1.0,100.0,1,16
232,2016-02-12,0.6,0.6,0.6,0.6,0.0,0.6,0.0,0.6,0.6,0.6,1.0,0.0,4,12
233,2016-02-11,0.6,0.6,0.6,0.6,100.0,0.6,0.0,0.6,0.6,0.6,1.0,100.0,3,11
234,2016-02-10,0.5999,0.5999,0.5999,0.5999,336.0,0.5999,0.0,0.5999,0.5999,0.5999,1.0,336.0,2,10
235,2016-02-09,0.5999,0.5999,0.5999,0.5999,0.0,0.5999,0.0,0.5999,0.5999,0.5999,1.0,0.0,1,09
236,2016-02-08,0.5999,0.5999,0.5,0.53,2360.0,0.5999,0.0,0.5999,0.5,0.53,1.0,2360.0,0,08
237,2016-02-05,0.53,0.53,0.53,0.53,0.0,0.53,0.0,0.53,0.53,0.53,1.0,0.0,4,05
238,2016-02-04,0.53,0.53,0.5099,0.51,3600.0,0.53,0.0,0.53,0.5099,0.51,1.0,3600.0,3,04
239,2016-02-03,0.47,0.48,0.47,0.48,12300.0,0.47,0.0,0.48,0.47,0.48,1.0,12300.0,2,03
240,2016-02-02,0.46,0.46,0.398,0.398,25500.0,0.46,0.0,0.46,0.398,0.398,1.0,25500.0,1,02
241,2016-02-01,0.31,0.4,0.25,0.395,9000.0,0.31,0.0,0.4,0.25,0.395,1.0,9000.0,0,01
242,2016-01-29,0.51,0.51,0.375,0.375,2500.0,0.51,0.0,0.51,0.375,0.375,1.0,2500.0,4,29
243,2016-01-28,0.51,0.51,0.51,0.51,100.0,0.51,0.0,0.51,0.51,0.51,1.0,100.0,3,28
244,2016-01-27,0.5,0.5,0.41,0.48,2000.0,0.5,0.0,0.5,0.41,0.48,1.0,2000.0,2,27
245,2016-01-26,0.5,0.5,0.5,0.5,0.0,0.5,0.0,0.5,0.5,0.5,1.0,0.0,1,26
246,2016-01-25,0.5,0.5,0.49,0.49,200.0,0.5,0.0,0.5,0.49,0.49,1.0,200.0,0,25
247,2016-01-22,0.4999,0.4999,0.4999,0.4999,1000.0,0.4999,0.0,0.4999,0.4999,0.4999,1.0,1000.0,4,22
248,2016-01-21,0.49,0.49,0.49,0.49,0.0,0.49,0.0,0.49,0.49,0.49,1.0,0.0,3,21
249,2016-01-20,0.49,0.49,0.49,0.49,100.0,0.49,0.0,0.49,0.49,0.49,1.0,100.0,2,20
250,2016-01-19,0.49,0.49,0.49,0.49,100.0,0.49,0.0,0.49,0.49,0.49,1.0,100.0,1,19
251,2016-01-15,0.5,0.5,0.34,0.41,2700.0,0.5,0.0,0.5,0.34,0.41,1.0,2700.0,4,15
252,2016-01-14,0.51,0.51,0.51,0.51,0.0,0.51,0.0,0.51,0.51,0.51,1.0,0.0,3,14
253,2016-01-13,0.51,0.51,0.51,0.51,100.0,0.51,0.0,0.51,0.51,0.51,1.0,100.0,2,13
254,2016-01-12,0.51,0.51,0.51,0.51,100.0,0.51,0.0,0.51,0.51,0.51,1.0,100.0,1,12
255,2016-01-11,0.409,0.5,0.2975,0.5,3901.0,0.409,0.0,0.5,0.2975,0.5,1.0,3901.0,0,11
256,2016-01-08,0.5,0.6,0.5,0.6,3800.0,0.5,0.0,0.6,0.5,0.6,1.0,3800.0,4,08
257,2016-01-07,0.56,0.56,0.56,0.56,0.0,0.56,0.0,0.56,0.56,0.56,1.0,0.0,3,07
258,2016-01-06,0.56,0.6299,0.56,0.6299,4422.0,0.56,0.0,0.6299,0.56,0.6299,1.0,4422.0,2,06
259,2016-01-05,0.6299,0.6299,0.55,0.55,8200.0,0.6299,0.0,0.6299,0.55,0.55,1.0,8200.0,1,05
260,2016-01-04,0.55,0.57,0.54,0.54,5000.0,0.55,0.0,0.57,0.54,0.54,1.0,5000.0,0,04
261,2015-12-31,0.5,0.55,0.5,0.5,39402.0,0.5,0.0,0.55,0.5,0.5,1.0,39402.0,3,31
262,2015-12-30,0.48,0.55,0.48,0.48,17100.0,0.48,0.0,0.55,0.48,0.48,1.0,17100.0,2,30
263,2015-12-29,0.55,0.63,0.514,0.55,23550.0,0.55,0.0,0.63,0.514,0.55,1.0,23550.0,1,29
264,2015-12-28,0.55,0.55,0.5,0.5,35200.0,0.55,0.0,0.55,0.5,0.5,1.0,35200.0,0,28
265,2015-12-24,0.55,0.55,0.5,0.55,13611.0,0.55,0.0,0.55,0.5,0.55,1.0,13611.0,3,24
266,2015-12-23,0.55,0.55,0.5,0.5,25675.0,0.55,0.0,0.55,0.5,0.5,1.0,25675.0,2,23
267,2015-12-22,0.5788,0.5788,0.5788,0.5788,0.0,0.5788,0.0,0.5788,0.5788,0.5788,1.0,0.0,1,22
268,2015-12-21,0.5788,0.5788,0.5788,0.5788,0.0,0.5788,0.0,0.5788,0.5788,0.5788,1.0,0.0,0,21
269,2015-12-18,0.5788,0.5788,0.53,0.57,6800.0,0.5788,0.0,0.5788,0.53,0.57,1.0,6800.0,4,18
270,2015-12-17,0.6,0.63,0.57,0.57,2300.0,0.6,0.0,0.63,0.57,0.57,1.0,2300.0,3,17
271,2015-12-16,0.5,0.56,0.5,0.56,11800.0,0.5,0.0,0.56,0.5,0.56,1.0,11800.0,2,16
272,2015-12-15,0.63,0.63,0.59,0.59,5115.0,0.63,0.0,0.63,0.59,0.59,1.0,5115.0,1,15
273,2015-12-14,0.62,0.63,0.62,0.63,2620.0,0.62,0.0,0.63,0.62,0.63,1.0,2620.0,0,14
274,2015-12-11,0.61,0.63,0.551,0.63,7020.0,0.61,0.0,0.63,0.551,0.63,1.0,7020.0,4,11
275,2015-12-10,0.55,0.55,0.52,0.53,2100.0,0.55,0.0,0.55,0.52,0.53,1.0,2100.0,3,10
276,2015-12-09,0.55,0.5742,0.55,0.5742,2200.0,0.55,0.0,0.5742,0.55,0.5742,1.0,2200.0,2,09
277,2015-12-08,0.63,0.63,0.52,0.585,14000.0,0.63,0.0,0.63,0.52,0.585,1.0,14000.0,1,08
278,2015-12-07,0.573,0.6,0.505,0.6,15612.0,0.573,0.0,0.6,0.505,0.6,1.0,15612.0,0,07
279,2015-12-04,0.6,0.65,0.5,0.6001,34530.0,0.6,0.0,0.65,0.5,0.6001,1.0,34530.0,4,04
280,2015-12-03,0.6,0.74,0.5,0.74,101680.0,0.6,0.0,0.74,0.5,0.74,1.0,101680.0,3,03
281,2015-12-02,0.6,0.6,0.6,0.6,900.0,0.6,0.0,0.6,0.6,0.6,1.0,900.0,2,02
282,2015-12-01,0.74,0.8,0.65,0.8,17260.0,0.74,0.0,0.8,0.65,0.8,1.0,17260.0,1,01
283,2015-11-30,0.6,0.74,0.6,0.6501,60700.0,0.6,0.0,0.74,0.6,0.6501,1.0,60700.0,0,30
284,2015-11-27,0.6,0.6,0.6,0.6,0.0,0.6,0.0,0.6,0.6,0.6,1.0,0.0,4,27
285,2015-11-25,0.6,0.7,0.6,0.66,12901.0,0.6,0.0,0.7,0.6,0.66,1.0,12901.0,2,25
286,2015-11-24,0.66,0.66,0.6,0.6,15600.0,0.66,0.0,0.66,0.6,0.6,1.0,15600.0,1,24
287,2015-11-23,0.5699,0.57,0.5699,0.57,200.0,0.5699,0.0,0.57,0.5699,0.57,1.0,200.0,0,23
288,2015-11-20,0.49,0.51,0.49,0.51,20600.0,0.49,0.0,0.51,0.49,0.51,1.0,20600.0,4,20
289,2015-11-19,0.54,0.6,0.5,0.6,104918.0,0.54,0.0,0.6,0.5,0.6,1.0,104918.0,3,19
290,2015-11-18,0.57,0.6,0.5496,0.56,18356.0,0.57,0.0,0.6,0.5496,0.56,1.0,18356.0,2,18
291,2015-11-17,0.56,0.62,0.54,0.6,31600.0,0.56,0.0,0.62,0.54,0.6,1.0,31600.0,1,17
292,2015-11-16,0.55,0.67,0.55,0.67,44018.0,0.55,0.0,0.67,0.55,0.67,1.0,44018.0,0,16
293,2015-11-13,0.65,0.75,0.62,0.75,76150.0,0.65,0.0,0.75,0.62,0.75,1.0,76150.0,4,13
