,Unnamed: 0,adj_close,adj_high,adj_low,adj_open,adj_volume,close,ex_dividend,high,low,open,split_ratio,volume,Day of Week
0,2017-02-10,5.04,5.08,4.98,5.02,14402.0,5.04,0.0,5.08,4.98,5.02,1.0,14402.0,4
1,2017-02-09,5.02,5.135,4.95,4.95,28188.0,5.02,0.0,5.135,4.95,4.95,1.0,28188.0,3
2,2017-02-08,4.94,5.184,4.92,4.98,44279.0,4.94,0.0,5.184,4.92,4.98,1.0,44279.0,2
3,2017-02-07,5.02,5.16,4.98,5.07,38189.0,5.02,0.0,5.16,4.98,5.07,1.0,38189.0,1
4,2017-02-06,5.05,5.07,4.915,4.97,46908.0,5.05,0.0,5.07,4.915,4.97,1.0,46908.0,0
5,2017-02-03,5.0,5.05,4.86,4.95,37991.0,5.0,0.0,5.05,4.86,4.95,1.0,37991.0,4
6,2017-02-02,4.94,4.975,4.87,4.89,76755.0,4.94,0.0,4.975,4.87,4.89,1.0,76755.0,3
7,2017-02-01,4.87,4.985,4.75,4.84,21957.0,4.87,0.0,4.985,4.75,4.84,1.0,21957.0,2
8,2017-01-31,4.78,4.94,4.75,4.88,35637.0,4.78,0.0,4.94,4.75,4.88,1.0,35637.0,1
9,2017-01-30,4.94,5.04,4.93,4.95,25978.0,4.94,0.0,5.04,4.93,4.95,1.0,25978.0,0
10,2017-01-27,4.99,5.04,4.91,4.98,48889.0,4.99,0.0,5.04,4.91,4.98,1.0,48889.0,4
11,2017-01-26,4.93,4.98,4.86,4.9,22004.0,4.93,0.0,4.98,4.86,4.9,1.0,22004.0,3
12,2017-01-25,4.9,5.04,4.86,4.9373,41792.0,4.9,0.0,5.04,4.86,4.9373,1.0,41792.0,2
13,2017-01-24,4.91,5.01,4.855,5.0,22552.0,4.91,0.0,5.01,4.855,5.0,1.0,22552.0,1
14,2017-01-23,4.95,4.99,4.82,4.86,54595.0,4.95,0.0,4.99,4.82,4.86,1.0,54595.0,0
15,2017-01-20,4.9,5.0889999999999995,4.81,5.0627,26764.0,4.9,0.0,5.0889999999999995,4.81,5.0627,1.0,26764.0,4
16,2017-01-19,4.91,4.99,4.85,4.89,63784.0,4.91,0.0,4.99,4.85,4.89,1.0,63784.0,3
17,2017-01-18,4.89,5.04,4.87,4.9693,78948.0,4.89,0.0,5.04,4.87,4.9693,1.0,78948.0,2
18,2017-01-17,4.99,5.0953,4.96,5.05,37862.0,4.99,0.0,5.0953,4.96,5.05,1.0,37862.0,1
19,2017-01-13,5.06,5.2138,5.05,5.2138,17947.0,5.06,0.0,5.2138,5.05,5.2138,1.0,17947.0,4
20,2017-01-12,5.17,5.21,5.1015,5.18,18073.0,5.17,0.0,5.21,5.1015,5.18,1.0,18073.0,3
21,2017-01-11,5.22,5.23,5.01,5.06,12226.0,5.22,0.0,5.23,5.01,5.06,1.0,12226.0,2
22,2017-01-10,5.1,5.22,5.0676,5.11,18525.0,5.1,0.0,5.22,5.0676,5.11,1.0,18525.0,1
23,2017-01-09,5.09,5.125,5.04,5.09,13004.0,5.09,0.0,5.125,5.04,5.09,1.0,13004.0,0
24,2017-01-06,5.09,5.17,4.987,5.01,22875.0,5.09,0.0,5.17,4.987,5.01,1.0,22875.0,4
25,2017-01-05,5.03,5.15,4.8901,5.15,29969.0,5.03,0.0,5.15,4.8901,5.15,1.0,29969.0,3
26,2017-01-04,5.13,5.18,5.1,5.1047,57819.0,5.13,0.0,5.18,5.1,5.1047,1.0,57819.0,2
27,2017-01-03,5.11,5.199,5.02,5.16,54379.0,5.11,0.0,5.199,5.02,5.16,1.0,54379.0,1
28,2016-12-30,5.12,5.18,4.8501,4.995,41829.0,5.12,0.0,5.18,4.8501,4.995,1.0,41829.0,4
29,2016-12-29,4.95,5.1,4.91,5.07,12006.0,4.95,0.0,5.1,4.91,5.07,1.0,12006.0,3
30,2016-12-28,5.01,5.14,4.99,5.09,44489.0,5.01,0.0,5.14,4.99,5.09,1.0,44489.0,2
31,2016-12-27,5.09,5.172000000000001,5.06,5.13,14416.0,5.09,0.0,5.172000000000001,5.06,5.13,1.0,14416.0,1
32,2016-12-23,5.15,5.19,5.14,5.1671,4927.0,5.15,0.0,5.19,5.14,5.1671,1.0,4927.0,4
33,2016-12-22,5.13,5.1813,5.09,5.1813,7502.0,5.13,0.0,5.1813,5.09,5.1813,1.0,7502.0,3
34,2016-12-21,5.13,5.19,5.09,5.1,20589.0,5.13,0.0,5.19,5.09,5.1,1.0,20589.0,2
35,2016-12-20,5.19,5.21,5.0,5.11,76871.0,5.19,0.0,5.21,5.0,5.11,1.0,76871.0,1
36,2016-12-19,5.09,5.33,5.03,5.13,72825.0,5.09,0.0,5.33,5.03,5.13,1.0,72825.0,0
37,2016-12-16,5.18,5.3452,5.15,5.34,133931.0,5.18,0.0,5.3452,5.15,5.34,1.0,133931.0,4
38,2016-12-15,5.3,5.41,5.18,5.3,58492.0,5.3,0.0,5.41,5.18,5.3,1.0,58492.0,3
39,2016-12-14,5.25,5.4837,5.13,5.4837,78977.0,5.25,0.0,5.4837,5.13,5.4837,1.0,78977.0,2
40,2016-12-13,5.39,5.64,5.27,5.53,82221.0,5.39,0.0,5.64,5.27,5.53,1.0,82221.0,1
41,2016-12-12,5.48,5.9631,5.38,5.85,82494.0,5.48,0.0,5.9631,5.38,5.85,1.0,82494.0,0
42,2016-12-09,5.83,6.0464,5.37,5.5,196506.0,5.83,0.0,6.0464,5.37,5.5,1.0,196506.0,4
43,2016-12-08,5.55,5.6448,5.4006,5.57,67967.0,5.55,0.0,5.6448,5.4006,5.57,1.0,67967.0,3
44,2016-12-07,5.54,5.8,5.15,5.23,118771.0,5.54,0.0,5.8,5.15,5.23,1.0,118771.0,2
45,2016-12-06,5.32,5.95,5.27,5.57,153555.0,5.32,0.0,5.95,5.27,5.57,1.0,153555.0,1
46,2016-12-05,5.75,5.83,5.1,5.19,174160.0,5.75,0.0,5.83,5.1,5.19,1.0,174160.0,0
47,2016-12-02,5.23,5.29,4.92,4.95,67749.0,5.23,0.0,5.29,4.92,4.95,1.0,67749.0,4
48,2016-12-01,4.96,5.3,4.95,5.03,174609.0,4.96,0.0,5.3,4.95,5.03,1.0,174609.0,3
49,2016-11-30,5.05,5.24,4.98,5.21,53779.0,5.05,0.0,5.24,4.98,5.21,1.0,53779.0,2
50,2016-11-29,5.15,5.17,4.81,4.91,124722.0,5.15,0.0,5.17,4.81,4.91,1.0,124722.0,1
51,2016-11-28,4.87,4.92,4.65,4.84,90643.0,4.87,0.0,4.92,4.65,4.84,1.0,90643.0,0
52,2016-11-25,4.82,4.85,4.65,4.78,18915.0,4.82,0.0,4.85,4.65,4.78,1.0,18915.0,4
53,2016-11-23,4.72,4.88,4.67,4.83,44010.0,4.72,0.0,4.88,4.67,4.83,1.0,44010.0,2
54,2016-11-22,4.88,4.99,4.7,4.7,70463.0,4.88,0.0,4.99,4.7,4.7,1.0,70463.0,1
55,2016-11-21,4.68,4.72,4.44,4.6,69077.0,4.68,0.0,4.72,4.44,4.6,1.0,69077.0,0
56,2016-11-18,4.68,5.14,4.65,5.1,35872.0,4.68,0.0,5.14,4.65,5.1,1.0,35872.0,4
57,2016-11-17,5.08,5.12,4.51,4.89,76685.0,5.08,0.0,5.12,4.51,4.89,1.0,76685.0,3
58,2016-11-16,4.89,5.24,4.75,5.08,61248.0,4.89,0.0,5.24,4.75,5.08,1.0,61248.0,2
59,2016-11-15,5.13,5.24,4.85,4.87,118558.0,5.13,0.0,5.24,4.85,4.87,1.0,118558.0,1
60,2016-11-14,4.86,4.89,4.51,4.82,115887.0,4.86,0.0,4.89,4.51,4.82,1.0,115887.0,0
61,2016-11-11,4.82,4.93,4.6,4.6,48910.0,4.82,0.0,4.93,4.6,4.6,1.0,48910.0,4
62,2016-11-10,4.73,4.95,4.41,4.42,97109.0,4.73,0.0,4.95,4.41,4.42,1.0,97109.0,3
63,2016-11-09,4.34,4.44,3.94,4.0,28783.0,4.34,0.0,4.44,3.94,4.0,1.0,28783.0,2
64,2016-11-08,4.07,4.51,4.03,4.31,69782.0,4.07,0.0,4.51,4.03,4.31,1.0,69782.0,1
65,2016-11-07,4.38,4.45,4.07,4.3,26810.0,4.38,0.0,4.45,4.07,4.3,1.0,26810.0,0
66,2016-11-04,4.16,4.3,4.05,4.16,31542.0,4.16,0.0,4.3,4.05,4.16,1.0,31542.0,4
67,2016-11-03,4.2,4.48,4.19,4.3,37761.0,4.2,0.0,4.48,4.19,4.3,1.0,37761.0,3
68,2016-11-02,4.31,4.49,4.272,4.36,25780.0,4.31,0.0,4.49,4.272,4.36,1.0,25780.0,2
69,2016-11-01,4.37,4.59,4.1,4.455,80835.0,4.37,0.0,4.59,4.1,4.455,1.0,80835.0,1
70,2016-10-31,4.48,4.75,4.47,4.56,33271.0,4.48,0.0,4.75,4.47,4.56,1.0,33271.0,0
71,2016-10-28,4.53,4.61,4.36,4.51,10598.0,4.53,0.0,4.61,4.36,4.51,1.0,10598.0,4
72,2016-10-27,4.5,4.56,4.44,4.54,60098.0,4.5,0.0,4.56,4.44,4.54,1.0,60098.0,3
73,2016-10-26,4.49,4.67,4.47,4.49,27141.0,4.49,0.0,4.67,4.47,4.49,1.0,27141.0,2
74,2016-10-25,4.53,4.59,4.3,4.37,83188.0,4.53,0.0,4.59,4.3,4.37,1.0,83188.0,1
75,2016-10-24,4.36,4.59,4.33,4.35,29134.0,4.36,0.0,4.59,4.33,4.35,1.0,29134.0,0
76,2016-10-21,4.38,4.56,4.34,4.46,32111.0,4.38,0.0,4.56,4.34,4.46,1.0,32111.0,4
77,2016-10-20,4.38,4.45,4.25,4.25,29880.0,4.38,0.0,4.45,4.25,4.25,1.0,29880.0,3
78,2016-10-19,4.31,4.42,4.19,4.19,49912.0,4.31,0.0,4.42,4.19,4.19,1.0,49912.0,2
79,2016-10-18,4.25,4.45,4.14,4.14,152522.0,4.25,0.0,4.45,4.14,4.14,1.0,152522.0,1
80,2016-10-17,4.79,4.81,4.66,4.66,55856.0,4.79,0.0,4.81,4.66,4.66,1.0,55856.0,0
81,2016-10-14,4.71,4.72,4.49,4.51,44454.0,4.71,0.0,4.72,4.49,4.51,1.0,44454.0,4
82,2016-10-13,4.49,4.79,4.46,4.62,178517.0,4.49,0.0,4.79,4.46,4.62,1.0,178517.0,3
83,2016-10-12,4.56,4.61,4.18,4.4,39986.0,4.56,0.0,4.61,4.18,4.4,1.0,39986.0,2
84,2016-10-11,4.32,4.3876,4.22,4.37,50020.0,4.32,0.0,4.3876,4.22,4.37,1.0,50020.0,1
85,2016-10-10,4.41,4.55,4.35,4.55,27198.0,4.41,0.0,4.55,4.35,4.55,1.0,27198.0,0
86,2016-10-07,4.48,4.57,4.4,4.49,26085.0,4.48,0.0,4.57,4.4,4.49,1.0,26085.0,4
87,2016-10-06,4.48,4.59,4.4,4.4,32922.0,4.48,0.0,4.59,4.4,4.4,1.0,32922.0,3
88,2016-10-05,4.425,4.5489999999999995,4.4,4.5489999999999995,46065.0,4.425,0.0,4.5489999999999995,4.4,4.5489999999999995,1.0,46065.0,2
89,2016-10-04,4.4,4.57,4.293,4.51,41654.0,4.4,0.0,4.57,4.293,4.51,1.0,41654.0,1
90,2016-10-03,4.49,4.55,4.45,4.53,25038.0,4.49,0.0,4.55,4.45,4.53,1.0,25038.0,0
91,2016-09-30,4.59,4.619,4.39,4.47,31328.0,4.59,0.0,4.619,4.39,4.47,1.0,31328.0,4
92,2016-09-29,4.47,4.55,4.45,4.5,24303.0,4.47,0.0,4.55,4.45,4.5,1.0,24303.0,3
93,2016-09-28,4.51,4.565,4.36,4.4,38292.0,4.51,0.0,4.565,4.36,4.4,1.0,38292.0,2
94,2016-09-27,4.37,4.38,4.24,4.32,46057.0,4.37,0.0,4.38,4.24,4.32,1.0,46057.0,1
95,2016-09-26,4.25,4.445,4.25,4.29,50135.0,4.25,0.0,4.445,4.25,4.29,1.0,50135.0,0
96,2016-09-23,4.29,4.32,4.1836,4.1836,22355.0,4.29,0.0,4.32,4.1836,4.1836,1.0,22355.0,4
97,2016-09-22,4.23,4.29,4.12,4.23,17752.0,4.23,0.0,4.29,4.12,4.23,1.0,17752.0,3
98,2016-09-21,4.16,4.26,4.13,4.13,15905.0,4.16,0.0,4.26,4.13,4.13,1.0,15905.0,2
99,2016-09-20,4.15,4.23,4.1,4.1,29671.0,4.15,0.0,4.23,4.1,4.1,1.0,29671.0,1
100,2016-09-19,4.12,4.2,3.9801,4.04,44414.0,4.12,0.0,4.2,3.9801,4.04,1.0,44414.0,0
101,2016-09-16,4.05,4.2384,3.96,4.17,114096.0,4.05,0.0,4.2384,3.96,4.17,1.0,114096.0,4
102,2016-09-15,4.24,4.28,4.11,4.2,19465.0,4.24,0.0,4.28,4.11,4.2,1.0,19465.0,3
103,2016-09-14,4.2,4.31,4.0016,4.05,50851.0,4.2,0.0,4.31,4.0016,4.05,1.0,50851.0,2
104,2016-09-13,4.11,4.25,4.04,4.12,53525.0,4.11,0.0,4.25,4.04,4.12,1.0,53525.0,1
105,2016-09-12,4.15,4.22,3.86,3.89,115096.0,4.15,0.0,4.22,3.86,3.89,1.0,115096.0,0
106,2016-09-09,3.89,3.94,3.76,3.8,86879.0,3.89,0.0,3.94,3.76,3.8,1.0,86879.0,4
107,2016-09-08,3.83,3.88,3.72,3.78,26695.0,3.83,0.0,3.88,3.72,3.78,1.0,26695.0,3
108,2016-09-07,3.77,3.9,3.75,3.86,47173.0,3.77,0.0,3.9,3.75,3.86,1.0,47173.0,2
109,2016-09-06,3.89,3.91,3.84,3.84,19743.0,3.89,0.0,3.91,3.84,3.84,1.0,19743.0,1
110,2016-09-02,3.85,3.95,3.8,3.84,41831.0,3.85,0.0,3.95,3.8,3.84,1.0,41831.0,4
111,2016-09-01,3.86,3.9,3.75,3.84,48048.0,3.86,0.0,3.9,3.75,3.84,1.0,48048.0,3
112,2016-08-31,3.84,4.07,3.83,3.985,97345.0,3.84,0.0,4.07,3.83,3.985,1.0,97345.0,2
113,2016-08-30,3.85,4.15,3.83,4.1,55880.0,3.85,0.0,4.15,3.83,4.1,1.0,55880.0,1
114,2016-08-29,4.07,4.15,3.995,4.03,32776.0,4.07,0.0,4.15,3.995,4.03,1.0,32776.0,0
115,2016-08-26,4.03,4.06,4.0,4.02,20292.0,4.03,0.0,4.06,4.0,4.02,1.0,20292.0,4
116,2016-08-25,4.01,4.03,3.92,3.95,9516.0,4.01,0.0,4.03,3.92,3.95,1.0,9516.0,3
117,2016-08-24,3.97,4.18,3.93,4.18,46923.0,3.97,0.0,4.18,3.93,4.18,1.0,46923.0,2
118,2016-08-23,4.15,4.15,3.9901,3.9901,8947.0,4.15,0.0,4.15,3.9901,3.9901,1.0,8947.0,1
119,2016-08-22,4.02,4.02,3.96,4.0,16127.0,4.02,0.0,4.02,3.96,4.0,1.0,16127.0,0
120,2016-08-19,4.0,4.12,4.0,4.07,17103.0,4.0,0.0,4.12,4.0,4.07,1.0,17103.0,4
121,2016-08-18,4.08,4.1,3.95,3.95,17734.0,4.08,0.0,4.1,3.95,3.95,1.0,17734.0,3
122,2016-08-17,3.99,4.071000000000001,3.91,4.02,44851.0,3.99,0.0,4.071000000000001,3.91,4.02,1.0,44851.0,2
123,2016-08-16,4.05,4.213,4.01,4.1,24647.0,4.05,0.0,4.213,4.01,4.1,1.0,24647.0,1
124,2016-08-15,4.15,4.15,4.07,4.12,30763.0,4.15,0.0,4.15,4.07,4.12,1.0,30763.0,0
125,2016-08-12,4.1,4.204,4.05,4.14,7597.0,4.1,0.0,4.204,4.05,4.14,1.0,7597.0,4
126,2016-08-11,4.15,4.16,4.052,4.052,15468.0,4.15,0.0,4.16,4.052,4.052,1.0,15468.0,3
127,2016-08-10,4.05,4.12,4.01,4.095,87377.0,4.05,0.0,4.12,4.01,4.095,1.0,87377.0,2
128,2016-08-09,4.05,4.24,4.03,4.2,51312.0,4.05,0.0,4.24,4.03,4.2,1.0,51312.0,1
129,2016-08-08,4.23,4.25,4.1,4.21,14518.0,4.23,0.0,4.25,4.1,4.21,1.0,14518.0,0
130,2016-08-05,4.18,4.25,4.0301,4.07,55336.0,4.18,0.0,4.25,4.0301,4.07,1.0,55336.0,4
131,2016-08-04,4.01,4.285,4.01,4.13,57699.0,4.01,0.0,4.285,4.01,4.13,1.0,57699.0,3
132,2016-08-03,4.15,4.497,4.08,4.41,39972.0,4.15,0.0,4.497,4.08,4.41,1.0,39972.0,2
133,2016-08-02,4.37,4.61,4.37,4.6,49855.0,4.37,0.0,4.61,4.37,4.6,1.0,49855.0,1
134,2016-08-01,4.58,4.65,4.15,4.25,201700.0,4.58,0.0,4.65,4.15,4.25,1.0,201700.0,0
135,2016-07-29,4.24,4.45,4.07,4.15,121622.0,4.24,0.0,4.45,4.07,4.15,1.0,121622.0,4
136,2016-07-28,4.13,4.45,3.83,3.88,459516.0,4.13,0.0,4.45,3.83,3.88,1.0,459516.0,3
137,2016-07-27,3.85,3.9589999999999996,3.75,3.84,57362.0,3.85,0.0,3.9589999999999996,3.75,3.84,1.0,57362.0,2
138,2016-07-26,3.84,4.04,3.67,3.95,120502.0,3.84,0.0,4.04,3.67,3.95,1.0,120502.0,1
139,2016-07-25,3.98,4.0,3.8416,3.91,80188.0,3.98,0.0,4.0,3.8416,3.91,1.0,80188.0,0
140,2016-07-22,3.9,3.97,3.87,3.89,35375.0,3.9,0.0,3.97,3.87,3.89,1.0,35375.0,4
141,2016-07-21,3.905,4.0,3.85,3.88,38994.0,3.905,0.0,4.0,3.85,3.88,1.0,38994.0,3
142,2016-07-20,3.89,3.94,3.85,3.9,51799.0,3.89,0.0,3.94,3.85,3.9,1.0,51799.0,2
143,2016-07-19,3.88,3.93,3.76,3.863,79237.0,3.88,0.0,3.93,3.76,3.863,1.0,79237.0,1
144,2016-07-18,3.88,4.0,3.585,3.96,179668.0,3.88,0.0,4.0,3.585,3.96,1.0,179668.0,0
145,2016-07-15,3.96,4.09,3.92,4.09,68199.0,3.96,0.0,4.09,3.92,4.09,1.0,68199.0,4
146,2016-07-14,4.07,4.09,3.98,4.08,45360.0,4.07,0.0,4.09,3.98,4.08,1.0,45360.0,3
147,2016-07-13,4.07,4.09,3.95,3.9637,100587.0,4.07,0.0,4.09,3.95,3.9637,1.0,100587.0,2
148,2016-07-12,3.96,4.0,3.91,3.91,49645.0,3.96,0.0,4.0,3.91,3.91,1.0,49645.0,1
149,2016-07-11,3.92,3.98,3.91,3.95,39016.0,3.92,0.0,3.98,3.91,3.95,1.0,39016.0,0
150,2016-07-08,3.9,3.937,3.82,3.82,40123.0,3.9,0.0,3.937,3.82,3.82,1.0,40123.0,4
151,2016-07-07,3.8,3.86,3.75,3.79,27650.0,3.8,0.0,3.86,3.75,3.79,1.0,27650.0,3
152,2016-07-06,3.77,3.9,3.74,3.79,55466.0,3.77,0.0,3.9,3.74,3.79,1.0,55466.0,2
153,2016-07-05,3.83,3.87,3.54,3.8185,76508.0,3.83,0.0,3.87,3.54,3.8185,1.0,76508.0,1
154,2016-07-01,3.8,3.87,3.655,3.81,59320.0,3.8,0.0,3.87,3.655,3.81,1.0,59320.0,4
155,2016-06-30,3.77,3.89,3.71,3.79,35980.0,3.77,0.0,3.89,3.71,3.79,1.0,35980.0,3
156,2016-06-29,3.76,3.83,3.6,3.6,46872.0,3.76,0.0,3.83,3.6,3.6,1.0,46872.0,2
157,2016-06-28,3.58,3.65,3.4,3.4,64698.0,3.58,0.0,3.65,3.4,3.4,1.0,64698.0,1
158,2016-06-27,3.33,3.54,3.31,3.49,59033.0,3.33,0.0,3.54,3.31,3.49,1.0,59033.0,0
159,2016-06-24,3.48,3.725,3.48,3.6,79126.0,3.48,0.0,3.725,3.48,3.6,1.0,79126.0,4
160,2016-06-23,3.67,3.74,3.6001,3.66,50138.0,3.67,0.0,3.74,3.6001,3.66,1.0,50138.0,3
161,2016-06-22,3.64,3.69,3.61,3.68,58726.0,3.64,0.0,3.69,3.61,3.68,1.0,58726.0,2
162,2016-06-21,3.63,3.78,3.6,3.77,44020.0,3.63,0.0,3.78,3.6,3.77,1.0,44020.0,1
163,2016-06-20,3.7499,3.82,3.66,3.66,50298.0,3.7499,0.0,3.82,3.66,3.66,1.0,50298.0,0
164,2016-06-17,3.6,3.7,3.57,3.57,80448.0,3.6,0.0,3.7,3.57,3.57,1.0,80448.0,4
165,2016-06-16,3.6,3.71,3.56,3.6472,44946.0,3.6,0.0,3.71,3.56,3.6472,1.0,44946.0,3
166,2016-06-15,3.65,3.82,3.65,3.69,41143.0,3.65,0.0,3.82,3.65,3.69,1.0,41143.0,2
167,2016-06-14,3.67,3.9599,3.65,3.88,79685.0,3.67,0.0,3.9599,3.65,3.88,1.0,79685.0,1
168,2016-06-13,3.905,4.03,3.89,3.93,65837.0,3.905,0.0,4.03,3.89,3.93,1.0,65837.0,0
169,2016-06-10,3.95,4.09,3.94,3.97,26287.0,3.95,0.0,4.09,3.94,3.97,1.0,26287.0,4
170,2016-06-09,3.97,4.035,3.9011,3.94,28290.0,3.97,0.0,4.035,3.9011,3.94,1.0,28290.0,3
171,2016-06-08,4.0,4.09,3.98,4.0,21327.0,4.0,0.0,4.09,3.98,4.0,1.0,21327.0,2
172,2016-06-07,4.01,4.185,3.97,4.06,75152.0,4.01,0.0,4.185,3.97,4.06,1.0,75152.0,1
173,2016-06-06,4.04,4.11,3.9401,3.96,63210.0,4.04,0.0,4.11,3.9401,3.96,1.0,63210.0,0
174,2016-06-03,3.93,4.0,3.9001,4.0,64651.0,3.93,0.0,4.0,3.9001,4.0,1.0,64651.0,4
175,2016-06-02,3.97,4.12,3.9,3.96,69357.0,3.97,0.0,4.12,3.9,3.96,1.0,69357.0,3
176,2016-06-01,3.99,4.14,3.87,3.98,52156.0,3.99,0.0,4.14,3.87,3.98,1.0,52156.0,2
177,2016-05-31,3.91,4.1,3.82,3.93,67400.0,3.91,0.0,4.1,3.82,3.93,1.0,67400.0,1
178,2016-05-27,3.92,4.269,3.88,3.96,76243.0,3.92,0.0,4.269,3.88,3.96,1.0,76243.0,4
179,2016-05-26,3.97,4.12,3.87,3.9,47414.0,3.97,0.0,4.12,3.87,3.9,1.0,47414.0,3
180,2016-05-25,3.87,4.18,3.81,3.94,72986.0,3.87,0.0,4.18,3.81,3.94,1.0,72986.0,2
181,2016-05-24,3.95,4.0,3.67,3.72,78149.0,3.95,0.0,4.0,3.67,3.72,1.0,78149.0,1
182,2016-05-23,3.83,4.0,3.72,3.77,55418.0,3.83,0.0,4.0,3.72,3.77,1.0,55418.0,0
183,2016-05-20,3.79,3.86,3.58,3.69,44050.0,3.79,0.0,3.86,3.58,3.69,1.0,44050.0,4
184,2016-05-19,3.7,3.963,3.66,3.78,44059.0,3.7,0.0,3.963,3.66,3.78,1.0,44059.0,3
185,2016-05-18,3.8,3.8,3.61,3.63,42658.0,3.8,0.0,3.8,3.61,3.63,1.0,42658.0,2
186,2016-05-17,3.63,3.73,3.45,3.45,121726.0,3.63,0.0,3.73,3.45,3.45,1.0,121726.0,1
187,2016-05-16,3.48,3.5,3.43,3.47,62307.0,3.48,0.0,3.5,3.43,3.47,1.0,62307.0,0
188,2016-05-13,3.46,3.5,3.36,3.49,93493.0,3.46,0.0,3.5,3.36,3.49,1.0,93493.0,4
189,2016-05-12,3.48,3.75,3.43,3.6772,106311.0,3.48,0.0,3.75,3.43,3.6772,1.0,106311.0,3
190,2016-05-11,3.67,3.79,3.64,3.79,51937.0,3.67,0.0,3.79,3.64,3.79,1.0,51937.0,2
191,2016-05-10,3.78,3.88,3.69,3.72,32324.0,3.78,0.0,3.88,3.69,3.72,1.0,32324.0,1
192,2016-05-09,3.72,3.86,3.69,3.82,86800.0,3.72,0.0,3.86,3.69,3.82,1.0,86800.0,0
193,2016-05-06,3.78,3.97,3.7,3.7,54980.0,3.78,0.0,3.97,3.7,3.7,1.0,54980.0,4
194,2016-05-05,3.74,3.9199,3.68,3.7,68704.0,3.74,0.0,3.9199,3.68,3.7,1.0,68704.0,3
195,2016-05-04,3.68,4.02,3.64,3.75,125937.0,3.68,0.0,4.02,3.64,3.75,1.0,125937.0,2
196,2016-05-03,3.77,4.02,3.73,3.82,110099.0,3.77,0.0,4.02,3.73,3.82,1.0,110099.0,1
197,2016-05-02,3.82,4.08,3.82,3.94,94884.0,3.82,0.0,4.08,3.82,3.94,1.0,94884.0,0
198,2016-04-29,3.95,4.05,3.95,3.95,56001.0,3.95,0.0,4.05,3.95,3.95,1.0,56001.0,4
199,2016-04-28,3.97,4.22,3.97,4.09,73448.0,3.97,0.0,4.22,3.97,4.09,1.0,73448.0,3
200,2016-04-27,4.12,4.36,4.0,4.18,70842.0,4.12,0.0,4.36,4.0,4.18,1.0,70842.0,2
201,2016-04-26,4.2,4.5,4.19,4.5,102750.0,4.2,0.0,4.5,4.19,4.5,1.0,102750.0,1
202,2016-04-25,4.44,4.47,4.36,4.4,87077.0,4.44,0.0,4.47,4.36,4.4,1.0,87077.0,0
203,2016-04-22,4.4,4.46,4.28,4.28,50692.0,4.4,0.0,4.46,4.28,4.28,1.0,50692.0,4
204,2016-04-21,4.26,4.39,4.25,4.37,47372.0,4.26,0.0,4.39,4.25,4.37,1.0,47372.0,3
205,2016-04-20,4.35,4.435,4.34,4.36,41913.0,4.35,0.0,4.435,4.34,4.36,1.0,41913.0,2
206,2016-04-19,4.38,4.45,4.35,4.45,17799.0,4.38,0.0,4.45,4.35,4.45,1.0,17799.0,1
207,2016-04-18,4.42,4.47,4.34,4.34,37110.0,4.42,0.0,4.47,4.34,4.34,1.0,37110.0,0
208,2016-04-15,4.35,4.45,4.33,4.38,30006.0,4.35,0.0,4.45,4.33,4.38,1.0,30006.0,4
209,2016-04-14,4.33,4.46,4.31,4.43,31537.0,4.33,0.0,4.46,4.31,4.43,1.0,31537.0,3
210,2016-04-13,4.4,4.44,4.35,4.41,36391.0,4.4,0.0,4.44,4.35,4.41,1.0,36391.0,2
211,2016-04-12,4.34,4.495,4.31,4.31,113101.0,4.34,0.0,4.495,4.31,4.31,1.0,113101.0,1
212,2016-04-11,4.26,4.3,4.21,4.21,57446.0,4.26,0.0,4.3,4.21,4.21,1.0,57446.0,0
213,2016-04-08,4.23,4.32,4.16,4.26,64355.0,4.23,0.0,4.32,4.16,4.26,1.0,64355.0,4
214,2016-04-07,4.25,4.31,4.08,4.14,55306.0,4.25,0.0,4.31,4.08,4.14,1.0,55306.0,3
215,2016-04-06,4.17,4.35,4.13,4.25,71843.0,4.17,0.0,4.35,4.13,4.25,1.0,71843.0,2
216,2016-04-05,4.25,4.28,4.1662,4.19,36285.0,4.25,0.0,4.28,4.1662,4.19,1.0,36285.0,1
217,2016-04-04,4.24,4.32,4.09,4.18,37303.0,4.24,0.0,4.32,4.09,4.18,1.0,37303.0,0
218,2016-04-01,4.19,4.3,4.15,4.2,28904.0,4.19,0.0,4.3,4.15,4.2,1.0,28904.0,4
219,2016-03-31,4.23,4.31,4.12,4.21,43436.0,4.23,0.0,4.31,4.12,4.21,1.0,43436.0,3
220,2016-03-30,4.26,4.36,4.195,4.3,70976.0,4.26,0.0,4.36,4.195,4.3,1.0,70976.0,2
221,2016-03-29,4.29,4.35,4.07,4.17,58901.0,4.29,0.0,4.35,4.07,4.17,1.0,58901.0,1
222,2016-03-28,4.2,4.33,4.14,4.17,60762.0,4.2,0.0,4.33,4.14,4.17,1.0,60762.0,0
223,2016-03-24,4.18,4.25,3.9,4.04,53241.0,4.18,0.0,4.25,3.9,4.04,1.0,53241.0,3
224,2016-03-23,4.07,4.19,3.95,3.95,55999.0,4.07,0.0,4.19,3.95,3.95,1.0,55999.0,2
225,2016-03-22,3.98,4.1745,3.93,4.05,81579.0,3.98,0.0,4.1745,3.93,4.05,1.0,81579.0,1
226,2016-03-21,4.07,4.254,4.07,4.23,70233.0,4.07,0.0,4.254,4.07,4.23,1.0,70233.0,0
227,2016-03-18,4.25,4.33,3.78,3.78,179907.0,4.25,0.0,4.33,3.78,3.78,1.0,179907.0,4
228,2016-03-17,3.76,3.94,3.72,3.81,104077.0,3.76,0.0,3.94,3.72,3.81,1.0,104077.0,3
229,2016-03-16,3.81,4.0192,3.73,3.86,148165.0,3.81,0.0,4.0192,3.73,3.86,1.0,148165.0,2
230,2016-03-15,3.92,4.21,3.91,4.05,109408.0,3.92,0.0,4.21,3.91,4.05,1.0,109408.0,1
231,2016-03-14,4.08,4.25,4.025,4.08,83168.0,4.08,0.0,4.25,4.025,4.08,1.0,83168.0,0
232,2016-03-11,4.14,4.329,4.13,4.25,133921.0,4.14,0.0,4.329,4.13,4.25,1.0,133921.0,4
233,2016-03-10,4.21,4.34,4.19,4.28,34978.0,4.21,0.0,4.34,4.19,4.28,1.0,34978.0,3
234,2016-03-09,4.28,4.38,4.27,4.38,65976.0,4.28,0.0,4.38,4.27,4.38,1.0,65976.0,2
235,2016-03-08,4.34,4.41,4.22,4.33,47971.0,4.34,0.0,4.41,4.22,4.33,1.0,47971.0,1
236,2016-03-07,4.32,4.65,4.19,4.57,60117.0,4.32,0.0,4.65,4.19,4.57,1.0,60117.0,0
237,2016-03-04,4.57,4.769,4.55,4.73,35801.0,4.57,0.0,4.769,4.55,4.73,1.0,35801.0,4
238,2016-03-03,4.71,4.99,4.66,4.68,75068.0,4.71,0.0,4.99,4.66,4.68,1.0,75068.0,3
239,2016-03-02,4.65,4.77,4.44,4.5,51882.0,4.65,0.0,4.77,4.44,4.5,1.0,51882.0,2
240,2016-03-01,4.5,4.52,4.34,4.46,26856.0,4.5,0.0,4.52,4.34,4.46,1.0,26856.0,1
241,2016-02-29,4.39,4.58,4.05,4.12,77259.0,4.39,0.0,4.58,4.05,4.12,1.0,77259.0,0
242,2016-02-26,4.15,4.33,4.13,4.2,70353.0,4.15,0.0,4.33,4.13,4.2,1.0,70353.0,4
243,2016-02-25,4.2,4.435,3.98,4.35,121507.0,4.2,0.0,4.435,3.98,4.35,1.0,121507.0,3
244,2016-02-24,4.37,4.51,3.91,4.31,147039.0,4.37,0.0,4.51,3.91,4.31,1.0,147039.0,2
245,2016-02-23,4.28,4.32,4.25,4.31,82069.0,4.28,0.0,4.32,4.25,4.31,1.0,82069.0,1
246,2016-02-22,4.29,4.36,4.26,4.33,33005.0,4.29,0.0,4.36,4.26,4.33,1.0,33005.0,0
247,2016-02-19,4.31,4.4399,4.2,4.37,67991.0,4.31,0.0,4.4399,4.2,4.37,1.0,67991.0,4
248,2016-02-18,4.36,4.42,4.152,4.29,27757.0,4.36,0.0,4.42,4.152,4.29,1.0,27757.0,3
249,2016-02-17,4.25,4.31,4.16,4.17,45739.0,4.25,0.0,4.31,4.16,4.17,1.0,45739.0,2
250,2016-02-16,4.14,4.21,4.01,4.01,65835.0,4.14,0.0,4.21,4.01,4.01,1.0,65835.0,1
251,2016-02-12,3.99,4.05,3.9,3.96,68086.0,3.99,0.0,4.05,3.9,3.96,1.0,68086.0,4
252,2016-02-11,3.97,4.07,3.9,3.9,35899.0,3.97,0.0,4.07,3.9,3.9,1.0,35899.0,3
253,2016-02-10,3.97,4.0855,3.83,3.83,56326.0,3.97,0.0,4.0855,3.83,3.83,1.0,56326.0,2
254,2016-02-09,4.03,4.3,3.93,4.24,109884.0,4.03,0.0,4.3,3.93,4.24,1.0,109884.0,1
255,2016-02-08,4.37,4.42,4.18,4.4,52220.0,4.37,0.0,4.42,4.18,4.4,1.0,52220.0,0
256,2016-02-05,4.43,4.59,4.37,4.42,36630.0,4.43,0.0,4.59,4.37,4.42,1.0,36630.0,4
257,2016-02-04,4.41,4.49,4.145,4.26,37958.0,4.41,0.0,4.49,4.145,4.26,1.0,37958.0,3
258,2016-02-03,4.27,4.32,4.01,4.18,51197.0,4.27,0.0,4.32,4.01,4.18,1.0,51197.0,2
259,2016-02-02,4.13,4.37,4.12,4.35,108118.0,4.13,0.0,4.37,4.12,4.35,1.0,108118.0,1
260,2016-02-01,4.37,4.51,4.31,4.44,58896.0,4.37,0.0,4.51,4.31,4.44,1.0,58896.0,0
261,2016-01-29,4.44,4.52,4.29,4.29,98623.0,4.44,0.0,4.52,4.29,4.29,1.0,98623.0,4
262,2016-01-28,4.29,4.45,4.22,4.45,64318.0,4.29,0.0,4.45,4.22,4.45,1.0,64318.0,3
263,2016-01-27,4.41,4.56,4.21,4.4,95990.0,4.41,0.0,4.56,4.21,4.4,1.0,95990.0,2
264,2016-01-26,4.45,4.53,4.18,4.21,62924.0,4.45,0.0,4.53,4.18,4.21,1.0,62924.0,1
265,2016-01-25,4.17,4.48,4.13,4.32,93770.0,4.17,0.0,4.48,4.13,4.32,1.0,93770.0,0
266,2016-01-22,4.3,4.312,3.9,4.1,109703.0,4.3,0.0,4.312,3.9,4.1,1.0,109703.0,4
267,2016-01-21,4.04,4.1501,3.92,4.0,145322.0,4.04,0.0,4.1501,3.92,4.0,1.0,145322.0,3
268,2016-01-20,3.87,4.0199,3.64,3.77,115006.0,3.87,0.0,4.0199,3.64,3.77,1.0,115006.0,2
269,2016-01-19,3.83,3.9530000000000003,3.76,3.92,85180.0,3.83,0.0,3.9530000000000003,3.76,3.92,1.0,85180.0,1
270,2016-01-15,3.9,4.06,3.75,4.06,189121.0,3.9,0.0,4.06,3.75,4.06,1.0,189121.0,4
271,2016-01-14,4.16,4.61,4.07,4.41,134709.0,4.16,0.0,4.61,4.07,4.41,1.0,134709.0,3
272,2016-01-13,4.41,4.998,4.05,4.68,135193.0,4.41,0.0,4.998,4.05,4.68,1.0,135193.0,2
273,2016-01-12,4.68,4.7,4.26,4.66,171470.0,4.68,0.0,4.7,4.26,4.66,1.0,171470.0,1
274,2016-01-11,4.61,4.77,4.53,4.74,93921.0,4.61,0.0,4.77,4.53,4.74,1.0,93921.0,0
275,2016-01-08,4.72,4.92,4.7,4.9,38509.0,4.72,0.0,4.92,4.7,4.9,1.0,38509.0,4
276,2016-01-07,4.87,4.93,4.796,4.93,81497.0,4.87,0.0,4.93,4.796,4.93,1.0,81497.0,3
277,2016-01-06,4.99,5.08,4.75,4.75,67290.0,4.99,0.0,5.08,4.75,4.75,1.0,67290.0,2
278,2016-01-05,4.79,5.01,4.74,4.97,97736.0,4.79,0.0,5.01,4.74,4.97,1.0,97736.0,1
279,2016-01-04,4.97,5.11,4.815,5.08,87763.0,4.97,0.0,5.11,4.815,5.08,1.0,87763.0,0
