,Unnamed: 0,adj_close,adj_high,adj_low,adj_open,adj_volume,close,ex_dividend,high,low,open,split_ratio,volume,Day of Week
0,2017-02-10,25.79,25.85,25.4,25.75,1292990.0,25.79,0.0,25.85,25.4,25.75,1.0,1292990.0,4
1,2017-02-09,25.71,26.83,25.68,26.28,3008111.0,25.71,0.0,26.83,25.68,26.28,1.0,3008111.0,3
2,2017-02-08,27.95,28.0,27.68,27.93,537713.0,27.95,0.0,28.0,27.68,27.93,1.0,537713.0,2
3,2017-02-07,27.94,28.22,27.85,28.1,666749.0,27.94,0.0,28.22,27.85,28.1,1.0,666749.0,1
4,2017-02-06,28.08,28.21,27.945,28.14,444073.0,28.08,0.0,28.21,27.945,28.14,1.0,444073.0,0
5,2017-02-03,28.19,28.3,27.8234,27.99,657042.0,28.19,0.0,28.3,27.8234,27.99,1.0,657042.0,4
6,2017-02-02,27.83,28.09,27.73,27.8,1280513.0,27.83,0.0,28.09,27.73,27.8,1.0,1280513.0,3
7,2017-02-01,27.82,28.03,27.3,27.78,1222865.0,27.82,0.0,28.03,27.3,27.78,1.0,1222865.0,2
8,2017-01-31,27.58,27.79,27.35,27.56,1283059.0,27.58,0.0,27.79,27.35,27.56,1.0,1283059.0,1
9,2017-01-30,27.73,28.31,27.36,28.29,1797995.0,27.73,0.0,28.31,27.36,28.29,1.0,1797995.0,0
10,2017-01-27,28.32,28.77,28.15,28.63,1159683.0,28.32,0.0,28.77,28.15,28.63,1.0,1159683.0,4
11,2017-01-26,28.52,29.73,28.45,28.98,3014746.0,28.52,0.0,29.73,28.45,28.98,1.0,3014746.0,3
12,2017-01-25,28.83,31.64,28.22,28.71,11420933.0,28.83,0.0,31.64,28.22,28.71,1.0,11420933.0,2
13,2017-01-24,27.41,27.6029,27.21,27.52,2638964.0,27.41,0.0,27.6029,27.21,27.52,1.0,2638964.0,1
14,2017-01-23,27.49,28.03,27.43,27.82,1100687.0,27.49,0.0,28.03,27.43,27.82,1.0,1100687.0,0
15,2017-01-20,28.045,28.05,27.57,27.82,716706.0,28.045,0.0,28.05,27.57,27.82,1.0,716706.0,4
16,2017-01-19,27.62,28.05,27.4412,27.85,729249.0,27.62,0.0,28.05,27.4412,27.85,1.0,729249.0,3
17,2017-01-18,27.78,27.8,27.39,27.62,552723.0,27.78,0.0,27.8,27.39,27.62,1.0,552723.0,2
18,2017-01-17,27.45,27.695,27.2,27.51,701951.0,27.45,0.0,27.695,27.2,27.51,1.0,701951.0,1
19,2017-01-13,27.59,27.88,27.07,27.5,783651.0,27.59,0.0,27.88,27.07,27.5,1.0,783651.0,4
20,2017-01-12,27.5,27.57,26.8,27.56,552700.0,27.5,0.0,27.57,26.8,27.56,1.0,552700.0,3
21,2017-01-11,27.57,27.76,27.22,27.48,663050.0,27.57,0.0,27.76,27.22,27.48,1.0,663050.0,2
22,2017-01-10,27.48,27.52,27.15,27.26,506472.0,27.48,0.0,27.52,27.15,27.26,1.0,506472.0,1
23,2017-01-09,27.13,27.19,26.46,26.7,878790.0,27.13,0.0,27.19,26.46,26.7,1.0,878790.0,0
24,2017-01-06,27.28,27.42,26.97,27.07,563911.0,27.28,0.0,27.42,26.97,27.07,1.0,563911.0,4
25,2017-01-05,27.14,27.44,26.89,27.34,874452.0,27.14,0.0,27.44,26.89,27.34,1.0,874452.0,3
26,2017-01-04,27.35,27.45,26.54,26.67,1121298.0,27.35,0.0,27.45,26.54,26.67,1.0,1121298.0,2
27,2017-01-03,26.6,27.0,26.29,26.63,1034856.0,26.6,0.0,27.0,26.29,26.63,1.0,1034856.0,1
28,2016-12-30,26.39,26.94,26.32,26.94,934041.0,26.39,0.0,26.94,26.32,26.94,1.0,934041.0,4
29,2016-12-29,26.95,27.25,26.725,26.87,882461.0,26.95,0.0,27.25,26.725,26.87,1.0,882461.0,3
30,2016-12-28,26.97,27.87,26.95,27.83,673385.0,26.97,0.0,27.87,26.95,27.83,1.0,673385.0,2
31,2016-12-27,27.72,27.9,27.33,27.45,589471.0,27.72,0.0,27.9,27.33,27.45,1.0,589471.0,1
32,2016-12-23,27.46,27.5733,27.18,27.21,628092.0,27.46,0.0,27.5733,27.18,27.21,1.0,628092.0,4
33,2016-12-22,27.24,27.6447,27.2,27.55,874505.0,27.24,0.0,27.6447,27.2,27.55,1.0,874505.0,3
34,2016-12-21,27.4,27.73,27.3,27.46,868849.0,27.4,0.0,27.73,27.3,27.46,1.0,868849.0,2
35,2016-12-20,27.58,28.22,27.36,27.52,1031439.0,27.58,0.0,28.22,27.36,27.52,1.0,1031439.0,1
36,2016-12-19,27.47,27.75,27.06,27.09,800970.0,27.47,0.0,27.75,27.06,27.09,1.0,800970.0,0
37,2016-12-16,27.07,27.4,26.9,27.06,2751226.0,27.07,0.0,27.4,26.9,27.06,1.0,2751226.0,4
38,2016-12-15,27.07,27.31,26.67,26.83,897542.0,27.07,0.0,27.31,26.67,26.83,1.0,897542.0,3
39,2016-12-14,26.82,27.4,26.815,27.22,974610.0,26.82,0.0,27.4,26.815,27.22,1.0,974610.0,2
40,2016-12-13,27.25,27.4,26.81,27.0,993506.0,27.25,0.0,27.4,26.81,27.0,1.0,993506.0,1
41,2016-12-12,26.98,27.0,26.61,26.73,708316.0,26.98,0.0,27.0,26.61,26.73,1.0,708316.0,0
42,2016-12-09,26.86,27.04,26.63,26.72,819667.0,26.86,0.0,27.04,26.63,26.72,1.0,819667.0,4
43,2016-12-08,26.85,27.23,26.69,26.99,1266091.0,26.85,0.0,27.23,26.69,26.99,1.0,1266091.0,3
44,2016-12-07,26.68,26.74,25.92,26.09,950749.0,26.68,0.0,26.74,25.92,26.09,1.0,950749.0,2
45,2016-12-06,26.07,26.175,25.55,25.62,680987.0,26.07,0.0,26.175,25.55,25.62,1.0,680987.0,1
46,2016-12-05,25.64,25.68,25.03,25.25,1060063.0,25.64,0.0,25.68,25.03,25.25,1.0,1060063.0,0
47,2016-12-02,25.08,25.43,24.91,24.96,952637.0,25.08,0.0,25.43,24.91,24.96,1.0,952637.0,4
48,2016-12-01,25.18,25.6,24.88,25.36,1143423.0,25.18,0.0,25.6,24.88,25.36,1.0,1143423.0,3
49,2016-11-30,25.32,25.83,25.26,25.65,715749.0,25.32,0.0,25.83,25.26,25.65,1.0,715749.0,2
50,2016-11-29,25.63,25.74,25.28,25.53,1031452.0,25.63,0.0,25.74,25.28,25.53,1.0,1031452.0,1
51,2016-11-28,25.61,25.84,25.41,25.61,678249.0,25.61,0.0,25.84,25.41,25.61,1.0,678249.0,0
52,2016-11-25,25.72,25.87,25.2388,25.34,355174.0,25.72,0.0,25.87,25.2388,25.34,1.0,355174.0,4
53,2016-11-23,25.24,25.79,25.1901,25.38,997673.0,25.24,0.0,25.79,25.1901,25.38,1.0,997673.0,2
54,2016-11-22,25.41,25.41,24.83,25.17,1293324.0,25.41,0.0,25.41,24.83,25.17,1.0,1293324.0,1
55,2016-11-21,25.14,25.3,24.91,25.08,1059241.0,25.14,0.0,25.3,24.91,25.08,1.0,1059241.0,0
56,2016-11-18,24.95,25.26,24.8,25.26,672646.0,24.95,0.0,25.26,24.8,25.26,1.0,672646.0,4
57,2016-11-17,25.15,25.31,24.72,24.85,856428.0,25.15,0.0,25.31,24.72,24.85,1.0,856428.0,3
58,2016-11-16,24.96,25.0,24.54,24.68,1074711.0,24.96,0.0,25.0,24.54,24.68,1.0,1074711.0,2
59,2016-11-15,24.69,24.73,24.42,24.51,1195932.0,24.69,0.0,24.73,24.42,24.51,1.0,1195932.0,1
60,2016-11-14,24.49,24.75,24.09,24.18,1287225.0,24.49,0.0,24.75,24.09,24.18,1.0,1287225.0,0
61,2016-11-11,24.18,24.23,23.0,23.19,1489623.0,24.18,0.0,24.23,23.0,23.19,1.0,1489623.0,4
62,2016-11-10,23.21,23.37,22.62,22.96,2047326.0,23.21,0.0,23.37,22.62,22.96,1.0,2047326.0,3
63,2016-11-09,22.72,22.82,21.44,21.44,1470520.0,22.72,0.0,22.82,21.44,21.44,1.0,1470520.0,2
64,2016-11-08,21.82,21.92,21.528000000000002,21.59,825539.0,21.82,0.0,21.92,21.528000000000002,21.59,1.0,825539.0,1
65,2016-11-07,21.7,21.72,21.22,21.38,1219259.0,21.7,0.0,21.72,21.22,21.38,1.0,1219259.0,0
66,2016-11-04,21.12,21.31,20.75,21.0,1136260.0,21.12,0.0,21.31,20.75,21.0,1.0,1136260.0,4
67,2016-11-03,21.12,21.53,21.05,21.39,1078766.0,21.12,0.0,21.53,21.05,21.39,1.0,1078766.0,3
68,2016-11-02,21.25,21.72,21.18,21.6,1307274.0,21.25,0.0,21.72,21.18,21.6,1.0,1307274.0,2
69,2016-11-01,21.68,22.25,21.44,22.17,1390056.0,21.68,0.0,22.25,21.44,22.17,1.0,1390056.0,1
70,2016-10-31,22.3,22.42,22.07,22.19,1224995.0,22.3,0.0,22.42,22.07,22.19,1.0,1224995.0,0
71,2016-10-28,22.19,23.01,22.16,22.78,1158081.0,22.19,0.0,23.01,22.16,22.78,1.0,1158081.0,4
72,2016-10-27,22.67,23.05,22.54,22.99,965037.0,22.67,0.0,23.05,22.54,22.99,1.0,965037.0,3
73,2016-10-26,22.73,23.11,22.63,22.8,1370537.0,22.73,0.0,23.11,22.63,22.8,1.0,1370537.0,2
74,2016-10-25,22.83,23.19,22.67,23.0,1857934.0,22.83,0.0,23.19,22.67,23.0,1.0,1857934.0,1
75,2016-10-24,22.85,23.23,22.18,22.2,2810210.0,22.85,0.0,23.23,22.18,22.2,1.0,2810210.0,0
76,2016-10-21,22.12,22.35,21.97,22.31,2220561.0,22.12,0.0,22.35,21.97,22.31,1.0,2220561.0,4
77,2016-10-20,22.31,22.4,22.0,22.26,2995648.0,22.31,0.0,22.4,22.0,22.26,1.0,2995648.0,3
78,2016-10-19,22.41,22.99,21.5,22.55,11273856.0,22.41,0.0,22.99,21.5,22.55,1.0,11273856.0,2
79,2016-10-18,25.2,25.56,23.76,25.06,2201344.0,25.2,0.0,25.56,23.76,25.06,1.0,2201344.0,1
80,2016-10-17,24.8,25.15,24.72,24.79,558756.0,24.8,0.0,25.15,24.72,24.79,1.0,558756.0,0
81,2016-10-14,24.92,25.42,24.8,24.8,563807.0,24.92,0.0,25.42,24.8,24.8,1.0,563807.0,4
82,2016-10-13,24.64,24.86,24.4,24.86,544465.0,24.64,0.0,24.86,24.4,24.86,1.0,544465.0,3
83,2016-10-12,25.0,25.15,24.66,24.91,708836.0,25.0,0.0,25.15,24.66,24.91,1.0,708836.0,2
84,2016-10-11,24.98,25.339000000000002,24.62,25.31,924671.0,24.98,0.0,25.339000000000002,24.62,25.31,1.0,924671.0,1
85,2016-10-10,25.47,25.7,25.29,25.45,403907.0,25.47,0.0,25.7,25.29,25.45,1.0,403907.0,0
86,2016-10-07,25.29,25.46,25.04,25.44,785804.0,25.29,0.0,25.46,25.04,25.44,1.0,785804.0,4
87,2016-10-06,25.46,25.48,24.82,25.2,621372.0,25.46,0.0,25.48,24.82,25.2,1.0,621372.0,3
88,2016-10-05,25.3,25.46,25.095,25.2,822699.0,25.3,0.0,25.46,25.095,25.2,1.0,822699.0,2
89,2016-10-04,25.21,25.68,24.93,25.51,879654.0,25.21,0.0,25.68,24.93,25.51,1.0,879654.0,1
90,2016-10-03,25.53,25.97,25.53,25.6,837201.0,25.53,0.0,25.97,25.53,25.6,1.0,837201.0,0
91,2016-09-30,25.72,25.83,25.31,25.49,962005.0,25.72,0.0,25.83,25.31,25.49,1.0,962005.0,4
92,2016-09-29,25.33,25.55,25.07,25.49,846275.0,25.33,0.0,25.55,25.07,25.49,1.0,846275.0,3
93,2016-09-28,25.52,25.715,25.205,25.49,855439.0,25.52,0.0,25.715,25.205,25.49,1.0,855439.0,2
94,2016-09-27,25.36,25.37,24.91,24.94,527185.0,25.36,0.0,25.37,24.91,24.94,1.0,527185.0,1
95,2016-09-26,24.89,25.11,24.53,24.79,416622.0,24.89,0.0,25.11,24.53,24.79,1.0,416622.0,0
96,2016-09-23,24.97,25.215,24.8,24.93,537263.0,24.97,0.0,25.215,24.8,24.93,1.0,537263.0,4
97,2016-09-22,25.04,25.12,24.43,24.65,716461.0,25.04,0.0,25.12,24.43,24.65,1.0,716461.0,3
98,2016-09-21,24.58,24.62,24.2,24.37,399523.0,24.58,0.0,24.62,24.2,24.37,1.0,399523.0,2
99,2016-09-20,24.28,24.82,24.28,24.42,632964.0,24.28,0.0,24.82,24.28,24.42,1.0,632964.0,1
100,2016-09-19,24.34,24.61,24.065,24.16,546198.0,24.34,0.0,24.61,24.065,24.16,1.0,546198.0,0
101,2016-09-16,23.96,24.24,23.76,23.96,1138367.0,23.96,0.0,24.24,23.76,23.96,1.0,1138367.0,4
102,2016-09-15,23.97,24.03,23.645,23.75,1178932.0,23.97,0.0,24.03,23.645,23.75,1.0,1178932.0,3
103,2016-09-14,23.8,24.13,23.68,24.04,618101.0,23.8,0.0,24.13,23.68,24.04,1.0,618101.0,2
104,2016-09-13,23.94,24.02,23.57,23.79,927267.0,23.94,0.0,24.02,23.57,23.79,1.0,927267.0,1
105,2016-09-12,24.01,24.24,23.55,23.78,1121649.0,24.01,0.0,24.24,23.55,23.78,1.0,1121649.0,0
106,2016-09-09,24.16,24.73,24.04,24.7,872611.0,24.16,0.0,24.73,24.04,24.7,1.0,872611.0,4
107,2016-09-08,24.86,25.02,24.5277,24.89,776299.0,24.86,0.0,25.02,24.5277,24.89,1.0,776299.0,3
108,2016-09-07,25.15,25.9,24.51,24.56,1867870.0,25.15,0.0,25.9,24.51,24.56,1.0,1867870.0,2
109,2016-09-06,24.63,24.84,24.41,24.81,618053.0,24.63,0.0,24.84,24.41,24.81,1.0,618053.0,1
110,2016-09-02,24.65,24.93,24.18,24.24,1040333.0,24.65,0.0,24.93,24.18,24.24,1.0,1040333.0,4
111,2016-09-01,24.38,24.42,23.98,23.98,894936.0,24.38,0.0,24.42,23.98,23.98,1.0,894936.0,3
112,2016-08-31,24.01,24.3,23.98,24.05,934050.0,24.01,0.0,24.3,23.98,24.05,1.0,934050.0,2
113,2016-08-30,24.17,24.5,24.065,24.29,874225.0,24.17,0.0,24.5,24.065,24.29,1.0,874225.0,1
114,2016-08-29,24.23,24.38,24.01,24.02,868283.0,24.23,0.0,24.38,24.01,24.02,1.0,868283.0,0
115,2016-08-26,24.0,24.24,23.66,24.01,1036270.0,24.0,0.0,24.24,23.66,24.01,1.0,1036270.0,4
116,2016-08-25,23.88,24.39,23.61,23.9,1405995.0,23.88,0.0,24.39,23.61,23.9,1.0,1405995.0,3
117,2016-08-24,23.53,23.8728,23.43,23.83,916825.0,23.53,0.0,23.8728,23.43,23.83,1.0,916825.0,2
118,2016-08-23,23.82,24.21,23.8,24.11,838354.0,23.82,0.0,24.21,23.8,24.11,1.0,838354.0,1
119,2016-08-22,23.97,24.14,23.66,23.78,1472599.0,23.97,0.0,24.14,23.66,23.78,1.0,1472599.0,0
120,2016-08-19,24.0,24.05,23.65,23.74,1550981.0,24.0,0.0,24.05,23.65,23.74,1.0,1550981.0,4
121,2016-08-18,23.63,23.95,23.32,23.33,2158236.0,23.63,0.0,23.95,23.32,23.33,1.0,2158236.0,3
122,2016-08-17,23.38,25.27,23.0,25.27,9836321.0,23.38,0.0,25.27,23.0,25.27,1.0,9836321.0,2
123,2016-08-16,27.48,28.18,27.38,28.14,2250243.0,27.48,0.0,28.18,27.38,28.14,1.0,2250243.0,1
124,2016-08-15,28.04,28.24,27.75,27.91,835600.0,28.04,0.0,28.24,27.75,27.91,1.0,835600.0,0
125,2016-08-12,27.76,27.88,27.53,27.65,501995.0,27.76,0.0,27.88,27.53,27.65,1.0,501995.0,4
126,2016-08-11,27.83,28.19,27.73,28.1,288518.0,27.83,0.0,28.19,27.73,28.1,1.0,288518.0,3
127,2016-08-10,27.9,27.965,27.73,27.96,389109.0,27.9,0.0,27.965,27.73,27.96,1.0,389109.0,2
128,2016-08-09,27.86,28.35,27.77,27.77,494568.0,27.86,0.0,28.35,27.77,27.77,1.0,494568.0,1
129,2016-08-08,27.78,28.355,27.68,27.94,524840.0,27.78,0.0,28.355,27.68,27.94,1.0,524840.0,0
130,2016-08-05,27.93,28.208000000000002,27.46,27.5,780373.0,27.93,0.0,28.208000000000002,27.46,27.5,1.0,780373.0,4
131,2016-08-04,27.33,27.595,27.2,27.47,632345.0,27.33,0.0,27.595,27.2,27.47,1.0,632345.0,3
132,2016-08-03,27.46,27.979,27.37,27.75,708498.0,27.46,0.0,27.979,27.37,27.75,1.0,708498.0,2
133,2016-08-02,27.85,28.888,27.71,28.63,739077.0,27.85,0.0,28.888,27.71,28.63,1.0,739077.0,1
134,2016-08-01,28.63,29.14,28.35,28.53,1408720.0,28.63,0.0,29.14,28.35,28.53,1.0,1408720.0,0
135,2016-07-29,28.6,28.85,28.31,28.74,746232.0,28.6,0.0,28.85,28.31,28.74,1.0,746232.0,4
136,2016-07-28,28.66,29.08,28.505,28.9,619922.0,28.66,0.0,29.08,28.505,28.9,1.0,619922.0,3
137,2016-07-27,28.98,29.1,28.73,28.91,514508.0,28.98,0.0,29.1,28.73,28.91,1.0,514508.0,2
138,2016-07-26,28.91,29.03,28.64,28.75,576889.0,28.91,0.0,29.03,28.64,28.75,1.0,576889.0,1
139,2016-07-25,28.74,28.82,28.46,28.46,718953.0,28.74,0.0,28.82,28.46,28.46,1.0,718953.0,0
140,2016-07-22,28.48,28.5,28.1,28.36,644582.0,28.48,0.0,28.5,28.1,28.36,1.0,644582.0,4
141,2016-07-21,28.44,28.64,28.26,28.41,517786.0,28.44,0.0,28.64,28.26,28.41,1.0,517786.0,3
142,2016-07-20,28.47,28.71,28.3,28.36,727516.0,28.47,0.0,28.71,28.3,28.36,1.0,727516.0,2
143,2016-07-19,28.41,28.42,27.71,27.79,1004217.0,28.41,0.0,28.42,27.71,27.79,1.0,1004217.0,1
144,2016-07-18,27.83,28.09,27.6,27.81,764912.0,27.83,0.0,28.09,27.6,27.81,1.0,764912.0,0
145,2016-07-15,27.62,27.87,27.42,27.87,1077197.0,27.62,0.0,27.87,27.42,27.87,1.0,1077197.0,4
146,2016-07-14,27.74,28.319000000000003,26.88,27.38,5434351.0,27.74,0.0,28.319000000000003,26.88,27.38,1.0,5434351.0,3
147,2016-07-13,25.08,25.3513,25.02,25.28,429543.0,25.08,0.0,25.3513,25.02,25.28,1.0,429543.0,2
148,2016-07-12,25.23,25.36,24.78,25.11,637560.0,25.23,0.0,25.36,24.78,25.11,1.0,637560.0,1
149,2016-07-11,25.04,25.95,25.0,25.64,1087770.0,25.04,0.0,25.95,25.0,25.64,1.0,1087770.0,0
150,2016-07-08,25.61,25.79,24.8515,25.13,947298.0,25.61,0.0,25.79,24.8515,25.13,1.0,947298.0,4
151,2016-07-07,24.87,25.12,24.39,24.4,857393.0,24.87,0.0,25.12,24.39,24.4,1.0,857393.0,3
152,2016-07-06,24.45,24.495,23.5,23.77,953858.0,24.45,0.0,24.495,23.5,23.77,1.0,953858.0,2
153,2016-07-05,23.96,24.45,23.77,24.29,873145.0,23.96,0.0,24.45,23.77,24.29,1.0,873145.0,1
154,2016-07-01,24.51,24.59,24.27,24.32,544825.0,24.51,0.0,24.59,24.27,24.32,1.0,544825.0,4
155,2016-06-30,24.44,24.647,23.73,23.88,935319.0,24.44,0.0,24.647,23.73,23.88,1.0,935319.0,3
156,2016-06-29,23.82,23.97,23.57,23.8,725488.0,23.82,0.0,23.97,23.57,23.8,1.0,725488.0,2
157,2016-06-28,23.48,23.66,23.14,23.47,705681.0,23.48,0.0,23.66,23.14,23.47,1.0,705681.0,1
158,2016-06-27,23.19,23.7,22.72,23.7,1057411.0,23.19,0.0,23.7,22.72,23.7,1.0,1057411.0,0
159,2016-06-24,23.9,24.53,23.86,24.17,1909333.0,23.9,0.0,24.53,23.86,24.17,1.0,1909333.0,4
160,2016-06-23,25.2,25.59,25.08,25.46,796964.0,25.2,0.0,25.59,25.08,25.46,1.0,796964.0,3
161,2016-06-22,25.14,25.67,25.12,25.38,594117.0,25.14,0.0,25.67,25.12,25.38,1.0,594117.0,2
162,2016-06-21,25.42,25.63,25.18,25.5,915998.0,25.42,0.0,25.63,25.18,25.5,1.0,915998.0,1
163,2016-06-20,25.35,26.04,24.91,24.99,1814180.0,25.35,0.0,26.04,24.91,24.99,1.0,1814180.0,0
164,2016-06-17,24.69,24.87,24.56,24.81,1401117.0,24.69,0.0,24.87,24.56,24.81,1.0,1401117.0,4
165,2016-06-16,24.75,24.77,24.4,24.5,892257.0,24.75,0.0,24.77,24.4,24.5,1.0,892257.0,3
166,2016-06-15,24.67,24.87,24.53,24.71,931313.0,24.67,0.0,24.87,24.53,24.71,1.0,931313.0,2
167,2016-06-14,24.62,24.745,23.91,23.98,983988.0,24.62,0.0,24.745,23.91,23.98,1.0,983988.0,1
168,2016-06-13,24.16,24.38,23.98,24.05,819178.0,24.16,0.0,24.38,23.98,24.05,1.0,819178.0,0
169,2016-06-10,24.24,24.27,23.75,24.01,955304.0,24.24,0.0,24.27,23.75,24.01,1.0,955304.0,4
170,2016-06-09,24.37,24.52,23.9,24.34,886620.0,24.37,0.0,24.52,23.9,24.34,1.0,886620.0,3
171,2016-06-08,24.65,24.87,24.55,24.65,785300.0,24.65,0.0,24.87,24.55,24.65,1.0,785300.0,2
172,2016-06-07,24.65,24.72,24.2,24.32,813842.0,24.65,0.0,24.72,24.2,24.32,1.0,813842.0,1
173,2016-06-06,24.37,24.49,24.0,24.05,588299.0,24.37,0.0,24.49,24.0,24.05,1.0,588299.0,0
174,2016-06-03,23.97,24.24,23.72,24.17,737279.0,23.97,0.0,24.24,23.72,24.17,1.0,737279.0,4
175,2016-06-02,24.18,24.21,23.8,23.85,782487.0,24.18,0.0,24.21,23.8,23.85,1.0,782487.0,3
176,2016-06-01,23.95,24.07,23.6308,23.92,769993.0,23.95,0.0,24.07,23.6308,23.92,1.0,769993.0,2
177,2016-05-31,24.08,24.28,24.0,24.18,728476.0,24.08,0.0,24.28,24.0,24.18,1.0,728476.0,1
178,2016-05-27,24.06,24.16,23.85,23.99,759785.0,24.06,0.0,24.16,23.85,23.99,1.0,759785.0,4
179,2016-05-26,24.03,24.29,23.73,24.26,847548.0,24.03,0.0,24.29,23.73,24.26,1.0,847548.0,3
180,2016-05-25,24.18,24.22,23.9,23.9,834451.0,24.18,0.0,24.22,23.9,23.9,1.0,834451.0,2
181,2016-05-24,23.84,23.97,23.3,23.3,747853.0,23.84,0.0,23.97,23.3,23.3,1.0,747853.0,1
182,2016-05-23,23.28,23.76,23.19,23.29,1295484.0,23.28,0.0,23.76,23.19,23.29,1.0,1295484.0,0
183,2016-05-20,23.25,23.39,22.52,22.78,1387576.0,23.25,0.0,23.39,22.52,22.78,1.0,1387576.0,4
184,2016-05-19,22.52,23.04,22.43,22.64,1029076.0,22.52,0.0,23.04,22.43,22.64,1.0,1029076.0,3
185,2016-05-18,22.66,22.96,22.5315,22.6,804861.0,22.66,0.0,22.96,22.5315,22.6,1.0,804861.0,2
186,2016-05-17,22.75,22.93,22.27,22.54,1180226.0,22.75,0.0,22.93,22.27,22.54,1.0,1180226.0,1
187,2016-05-16,22.55,23.0,22.32,22.42,987597.0,22.55,0.0,23.0,22.32,22.42,1.0,987597.0,0
188,2016-05-13,22.43,22.82,22.26,22.52,762301.0,22.43,0.0,22.82,22.26,22.52,1.0,762301.0,4
189,2016-05-12,22.47,22.98,22.18,22.97,1554546.0,22.47,0.0,22.98,22.18,22.97,1.0,1554546.0,3
190,2016-05-11,22.9,23.26,22.87,23.08,810642.0,22.9,0.0,23.26,22.87,23.08,1.0,810642.0,2
191,2016-05-10,23.21,23.3,22.99,23.14,920672.0,23.21,0.0,23.3,22.99,23.14,1.0,920672.0,1
192,2016-05-09,23.15,23.3889,23.03,23.27,874847.0,23.15,0.0,23.3889,23.03,23.27,1.0,874847.0,0
193,2016-05-06,23.24,23.24,22.7,22.96,956365.0,23.24,0.0,23.24,22.7,22.96,1.0,956365.0,4
194,2016-05-05,23.01,23.64,22.96,23.35,1153937.0,23.01,0.0,23.64,22.96,23.35,1.0,1153937.0,3
195,2016-05-04,23.21,23.52,23.16,23.43,1306122.0,23.21,0.0,23.52,23.16,23.43,1.0,1306122.0,2
196,2016-05-03,23.57,24.22,23.44,24.05,1840704.0,23.57,0.0,24.22,23.44,24.05,1.0,1840704.0,1
197,2016-05-02,24.32,24.495,24.15,24.4,1375571.0,24.32,0.0,24.495,24.15,24.4,1.0,1375571.0,0
198,2016-04-29,24.51,25.25,24.29,25.12,1165904.0,24.51,0.0,25.25,24.29,25.12,1.0,1165904.0,4
199,2016-04-28,25.26,25.88,25.205,25.72,1715967.0,25.26,0.0,25.88,25.205,25.72,1.0,1715967.0,3
200,2016-04-27,26.0,26.19,25.12,25.25,2964723.0,26.0,0.0,26.19,25.12,25.25,1.0,2964723.0,2
201,2016-04-26,24.59,25.11,24.28,24.48,1748476.0,24.59,0.0,25.11,24.28,24.48,1.0,1748476.0,1
202,2016-04-25,24.19,24.66,23.96,24.27,1329558.0,24.19,0.0,24.66,23.96,24.27,1.0,1329558.0,0
203,2016-04-22,24.5,24.94,24.25,24.25,902596.0,24.5,0.0,24.94,24.25,24.25,1.0,902596.0,4
204,2016-04-21,24.31,24.7605,24.22,24.47,857645.0,24.31,0.0,24.7605,24.22,24.47,1.0,857645.0,3
205,2016-04-20,24.37,24.98,24.19,24.24,1452333.0,24.37,0.0,24.98,24.19,24.24,1.0,1452333.0,2
206,2016-04-19,24.19,24.47,23.91,23.98,2135030.0,24.19,0.0,24.47,23.91,23.98,1.0,2135030.0,1
207,2016-04-18,24.02,24.79,24.0,24.4,1382190.0,24.02,0.0,24.79,24.0,24.4,1.0,1382190.0,0
208,2016-04-15,24.51,24.84,24.38,24.47,1036654.0,24.51,0.0,24.84,24.38,24.47,1.0,1036654.0,4
209,2016-04-14,24.47,24.66,24.35,24.4,595327.0,24.47,0.0,24.66,24.35,24.4,1.0,595327.0,3
210,2016-04-13,24.5,24.63,24.11,24.15,1207923.0,24.5,0.0,24.63,24.11,24.15,1.0,1207923.0,2
211,2016-04-12,24.18,24.57,24.0,24.52,998087.0,24.18,0.0,24.57,24.0,24.52,1.0,998087.0,1
212,2016-04-11,24.34,24.58,24.0,24.25,1439899.0,24.34,0.0,24.58,24.0,24.25,1.0,1439899.0,0
213,2016-04-08,24.15,25.35,24.1,25.12,1965805.0,24.15,0.0,25.35,24.1,25.12,1.0,1965805.0,4
214,2016-04-07,25.08,25.33,24.06,24.63,4135616.0,25.08,0.0,25.33,24.06,24.63,1.0,4135616.0,3
215,2016-04-06,24.81,25.15,23.75,23.84,14769444.0,24.81,0.0,25.15,23.75,23.84,1.0,14769444.0,2
216,2016-04-05,29.05,29.52,28.98,29.0,944419.0,29.05,0.0,29.52,28.98,29.0,1.0,944419.0,1
217,2016-04-04,29.22,29.66,29.1,29.49,751663.0,29.22,0.0,29.66,29.1,29.49,1.0,751663.0,0
218,2016-04-01,29.55,29.83,28.7,29.0,1141668.0,29.55,0.0,29.83,28.7,29.0,1.0,1141668.0,4
219,2016-03-31,29.1,30.15,29.06,30.15,1324686.0,29.1,0.0,30.15,29.06,30.15,1.0,1324686.0,3
220,2016-03-30,30.14,30.44,29.26,29.51,1078701.0,30.14,0.0,30.44,29.26,29.51,1.0,1078701.0,2
221,2016-03-29,29.46,29.49,28.94,29.02,940713.0,29.46,0.0,29.49,28.94,29.02,1.0,940713.0,1
222,2016-03-28,29.15,29.4,29.0828,29.2,474133.0,29.15,0.0,29.4,29.0828,29.2,1.0,474133.0,0
223,2016-03-24,29.16,29.255,28.4,28.77,724609.0,29.16,0.0,29.255,28.4,28.77,1.0,724609.0,3
224,2016-03-23,28.97,29.7,28.96,29.6,807872.0,28.97,0.0,29.7,28.96,29.6,1.0,807872.0,2
225,2016-03-22,29.64,29.87,29.38,29.52,789046.0,29.64,0.0,29.87,29.38,29.52,1.0,789046.0,1
226,2016-03-21,29.69,29.87,29.22,29.62,668705.0,29.69,0.0,29.87,29.22,29.62,1.0,668705.0,0
227,2016-03-18,29.77,30.24,29.51,29.62,1239118.0,29.77,0.0,30.24,29.51,29.62,1.0,1239118.0,4
228,2016-03-17,29.67,29.72,29.1,29.32,651211.0,29.67,0.0,29.72,29.1,29.32,1.0,651211.0,3
229,2016-03-16,29.39,29.44,28.93,29.09,607327.0,29.39,0.0,29.44,28.93,29.09,1.0,607327.0,2
230,2016-03-15,28.96,29.3,28.48,29.17,970998.0,28.96,0.0,29.3,28.48,29.17,1.0,970998.0,1
231,2016-03-14,29.31,29.87,28.95,29.75,793363.0,29.31,0.0,29.87,28.95,29.75,1.0,793363.0,0
232,2016-03-11,29.9,30.3275,29.48,29.87,1069472.0,29.9,0.0,30.3275,29.48,29.87,1.0,1069472.0,4
233,2016-03-10,29.54,29.605,29.025,29.09,1165346.0,29.54,0.0,29.605,29.025,29.09,1.0,1165346.0,3
234,2016-03-09,28.99,29.17,28.43,28.53,1224701.0,28.99,0.0,29.17,28.43,28.53,1.0,1224701.0,2
235,2016-03-08,28.35,28.78,28.33,28.42,1213043.0,28.35,0.0,28.78,28.33,28.42,1.0,1213043.0,1
236,2016-03-07,28.57,31.0285,27.86,31.0,4145415.0,28.57,0.0,31.0285,27.86,31.0,1.0,4145415.0,0
237,2016-03-04,31.39,31.7,31.03,31.56,1202813.0,31.39,0.0,31.7,31.03,31.56,1.0,1202813.0,4
238,2016-03-03,31.76,32.675,31.54,32.45,1341860.0,31.76,0.0,32.675,31.54,32.45,1.0,1341860.0,3
239,2016-03-02,32.44,32.92,32.102,32.27,747059.0,32.44,0.0,32.92,32.102,32.27,1.0,747059.0,2
240,2016-03-01,32.44,32.5,31.791,32.17,1070901.0,32.44,0.0,32.5,31.791,32.17,1.0,1070901.0,1
241,2016-02-29,31.74,32.41,31.47,31.51,901388.0,31.74,0.0,32.41,31.47,31.51,1.0,901388.0,0
242,2016-02-26,31.53,31.64,31.21,31.37,610627.0,31.53,0.0,31.64,31.21,31.37,1.0,610627.0,4
243,2016-02-25,31.19,31.39,30.41,30.59,956577.0,31.19,0.0,31.39,30.41,30.59,1.0,956577.0,3
244,2016-02-24,30.6,31.5,30.05,31.08,2013398.0,30.6,0.0,31.5,30.05,31.08,1.0,2013398.0,2
245,2016-02-23,31.33,31.78,31.2,31.42,872465.0,31.33,0.0,31.78,31.2,31.42,1.0,872465.0,1
246,2016-02-22,31.49,31.91,31.37,31.7,1720081.0,31.49,0.0,31.91,31.37,31.7,1.0,1720081.0,0
247,2016-02-19,30.3,30.516,30.01,30.32,1133230.0,30.3,0.0,30.516,30.01,30.32,1.0,1133230.0,4
248,2016-02-18,30.57,31.06,30.28,31.06,866859.0,30.57,0.0,31.06,30.28,31.06,1.0,866859.0,3
249,2016-02-17,30.89,31.205,30.72,31.0,1683710.0,30.89,0.0,31.205,30.72,31.0,1.0,1683710.0,2
250,2016-02-16,30.62,30.85,29.43,29.57,1608662.0,30.62,0.0,30.85,29.43,29.57,1.0,1608662.0,1
251,2016-02-12,29.23,29.4,28.31,28.72,1827120.0,29.23,0.0,29.4,28.31,28.72,1.0,1827120.0,4
252,2016-02-11,28.44,29.24,27.95,29.01,1254574.0,28.44,0.0,29.24,27.95,29.01,1.0,1254574.0,3
253,2016-02-10,29.3,29.9,29.23,29.6,1666691.0,29.3,0.0,29.9,29.23,29.6,1.0,1666691.0,2
254,2016-02-09,29.36,29.85,28.48,28.62,2548657.0,29.36,0.0,29.85,28.48,28.62,1.0,2548657.0,1
255,2016-02-08,28.93,29.52,28.35,28.35,2512347.0,28.93,0.0,29.52,28.35,28.35,1.0,2512347.0,0
256,2016-02-05,28.88,29.65,28.65,28.71,2118472.0,28.88,0.0,29.65,28.65,28.71,1.0,2118472.0,4
257,2016-02-04,29.55,29.87,28.19,28.25,1617251.0,29.55,0.0,29.87,28.19,28.25,1.0,1617251.0,3
258,2016-02-03,28.04,28.305,27.33,28.02,782156.0,28.04,0.0,28.305,27.33,28.02,1.0,782156.0,2
259,2016-02-02,27.86,28.16,27.6467,27.81,1109311.0,27.86,0.0,28.16,27.6467,27.81,1.0,1109311.0,1
260,2016-02-01,28.11,28.29,27.42,27.87,1133167.0,28.11,0.0,28.29,27.42,27.87,1.0,1133167.0,0
261,2016-01-29,28.03,28.03,27.12,27.12,2015088.0,28.03,0.0,28.03,27.12,27.12,1.0,2015088.0,4
262,2016-01-28,27.05,27.57,26.61,26.61,1083074.0,27.05,0.0,27.57,26.61,26.61,1.0,1083074.0,3
263,2016-01-27,26.91,27.86,26.665,27.64,1503835.0,26.91,0.0,27.86,26.665,27.64,1.0,1503835.0,2
264,2016-01-26,27.72,28.07,27.34,27.78,1349259.0,27.72,0.0,28.07,27.34,27.78,1.0,1349259.0,1
265,2016-01-25,27.54,28.17,27.4989,28.11,1481147.0,27.54,0.0,28.17,27.4989,28.11,1.0,1481147.0,0
266,2016-01-22,28.03,28.65,27.58,28.06,2206685.0,28.03,0.0,28.65,27.58,28.06,1.0,2206685.0,4
267,2016-01-21,27.71,27.97,26.21,26.32,2653098.0,27.71,0.0,27.97,26.21,26.32,1.0,2653098.0,3
268,2016-01-20,26.31,26.72,23.57,25.25,5409556.0,26.31,0.0,26.72,23.57,25.25,1.0,5409556.0,2
269,2016-01-19,24.29,24.6,24.02,24.5,2682122.0,24.29,0.0,24.6,24.02,24.5,1.0,2682122.0,1
270,2016-01-15,24.14,24.22,23.5,23.5,1874105.0,24.14,0.0,24.22,23.5,23.5,1.0,1874105.0,4
271,2016-01-14,24.55,24.69,23.8,24.31,1070139.0,24.55,0.0,24.69,23.8,24.31,1.0,1070139.0,3
272,2016-01-13,24.23,24.99,24.06,24.46,1176375.0,24.23,0.0,24.99,24.06,24.46,1.0,1176375.0,2
273,2016-01-12,24.44,24.53,23.76,24.44,739116.0,24.44,0.0,24.53,23.76,24.44,1.0,739116.0,1
274,2016-01-11,24.07,24.76,23.88,24.66,1065460.0,24.07,0.0,24.76,23.88,24.66,1.0,1065460.0,0
275,2016-01-08,24.66,25.48,24.46,25.35,1033287.0,24.66,0.0,25.48,24.46,25.35,1.0,1033287.0,4
276,2016-01-07,25.14,25.75,24.98,25.3,1001937.0,25.14,0.0,25.75,24.98,25.3,1.0,1001937.0,3
277,2016-01-06,25.81,26.25,25.711,25.96,838856.0,25.81,0.0,26.25,25.711,25.96,1.0,838856.0,2
278,2016-01-05,26.35,27.03,26.12,26.94,979836.0,26.35,0.0,27.03,26.12,26.94,1.0,979836.0,1
279,2016-01-04,26.82,26.98,26.08,26.25,1086962.0,26.82,0.0,26.98,26.08,26.25,1.0,1086962.0,0
