,Unnamed: 0,adj_close,adj_high,adj_low,adj_open,adj_volume,close,ex_dividend,high,low,open,split_ratio,volume,Day of Week,Day
0,2017-02-10,28.14,28.76,28.114,28.76,32156.0,28.14,0.0,28.76,28.114,28.76,1.0,32156.0,4,10
1,2017-02-09,28.05,28.16,27.99,28.0,32007.0,28.05,0.0,28.16,27.99,28.0,1.0,32007.0,3,09
2,2017-02-08,28.01,28.109,27.96,28.0244,39100.0,28.01,0.0,28.109,27.96,28.0244,1.0,39100.0,2,08
3,2017-02-07,27.99,28.2,27.9197,28.2,13134.0,27.99,0.0,28.2,27.9197,28.2,1.0,13134.0,1,07
4,2017-02-06,28.11,28.12,28.02,28.12,14200.0,28.11,0.0,28.12,28.02,28.12,1.0,14200.0,0,06
5,2017-02-03,28.08,28.1344,27.9406,27.96,25239.0,28.08,0.0,28.1344,27.9406,27.96,1.0,25239.0,4,03
6,2017-02-02,27.9424,27.9596,27.68,27.68,10803.0,27.9424,0.0,27.9596,27.68,27.68,1.0,10803.0,3,02
7,2017-02-01,27.83,27.95,27.62,27.62,23355.0,27.83,0.0,27.95,27.62,27.62,1.0,23355.0,2,01
8,2017-01-31,27.8,27.95,27.6418,27.95,16069.0,27.8,0.0,27.95,27.6418,27.95,1.0,16069.0,1,31
9,2017-01-30,27.76,27.8,27.6387,27.77,8370.0,27.76,0.0,27.8,27.6387,27.77,1.0,8370.0,0,30
10,2017-01-27,27.87,27.926,27.801,27.87,18842.0,27.87,0.0,27.926,27.801,27.87,1.0,18842.0,4,27
11,2017-01-26,27.86,27.96,27.8111,27.96,17021.0,27.86,0.0,27.96,27.8111,27.96,1.0,17021.0,3,26
12,2017-01-25,27.85,27.93,27.7501,27.8,45457.0,27.85,0.0,27.93,27.7501,27.8,1.0,45457.0,2,25
13,2017-01-24,27.85,27.86,27.6676,27.82,33899.0,27.85,0.0,27.86,27.6676,27.82,1.0,33899.0,1,24
14,2017-01-23,27.735,27.75,27.554,27.57,10073.0,27.735,0.0,27.75,27.554,27.57,1.0,10073.0,0,23
15,2017-01-20,27.5544,27.6547,27.5016,27.6015,21850.0,27.5544,0.0,27.6547,27.5016,27.6015,1.0,21850.0,4,20
16,2017-01-19,27.5187,27.69,27.5,27.69,9584.0,27.5187,0.0,27.69,27.5,27.69,1.0,9584.0,3,19
17,2017-01-18,27.74,27.8093,27.7,27.7719,18219.0,27.74,0.0,27.8093,27.7,27.7719,1.0,18219.0,2,18
18,2017-01-17,27.71,27.81,27.6901,27.8,23146.0,27.71,0.0,27.81,27.6901,27.8,1.0,23146.0,1,17
19,2017-01-13,27.72,27.72,27.5122,27.53,30566.0,27.72,0.0,27.72,27.5122,27.53,1.0,30566.0,4,13
20,2017-01-12,27.74,27.82,27.5963,27.6,67605.0,27.74,0.0,27.82,27.5963,27.6,1.0,67605.0,3,12
21,2017-01-11,27.75,27.81,27.6,27.6,41214.0,27.75,0.0,27.81,27.6,27.6,1.0,41214.0,2,11
22,2017-01-10,27.64,27.7961,27.59,27.7961,11276.0,27.64,0.0,27.7961,27.59,27.7961,1.0,11276.0,1,10
23,2017-01-09,27.66,27.79,27.64,27.64,47649.0,27.66,0.0,27.79,27.64,27.64,1.0,47649.0,0,09
24,2017-01-06,27.71,27.9537,27.71,27.75,9136.0,27.71,0.0,27.9537,27.71,27.75,1.0,9136.0,4,06
25,2017-01-05,27.71,27.7439,27.56,27.56,26458.0,27.71,0.0,27.7439,27.56,27.56,1.0,26458.0,3,05
26,2017-01-04,27.71,27.7255,27.5534,27.5534,24906.0,27.71,0.0,27.7255,27.5534,27.5534,1.0,24906.0,2,04
27,2017-01-03,27.49,27.62,27.4427,27.5264,43187.0,27.49,0.0,27.62,27.4427,27.5264,1.0,43187.0,1,03
28,2016-12-30,27.37,27.438,27.3016,27.38,22910.0,27.37,0.0,27.438,27.3016,27.38,1.0,22910.0,4,30
29,2016-12-29,27.2301,27.33,27.2001,27.306,29765.0,27.2301,0.0,27.33,27.2001,27.306,1.0,29765.0,3,29
30,2016-12-28,27.24,27.4371,27.1201,27.4371,23827.0,27.24,0.0,27.4371,27.1201,27.4371,1.0,23827.0,2,28
31,2016-12-27,27.26,27.409,27.2168,27.27,55877.0,27.26,0.0,27.409,27.2168,27.27,1.0,55877.0,1,27
32,2016-12-23,27.22,27.26,27.161,27.22,16262.0,27.22,0.0,27.26,27.161,27.22,1.0,16262.0,4,23
33,2016-12-22,27.2112,27.2347,26.95,26.95,70399.0,27.2112,0.0,27.2347,26.95,26.95,1.0,70399.0,3,22
34,2016-12-21,27.15,27.24,27.03,27.03,104849.0,27.15,0.0,27.24,27.03,27.03,1.0,104849.0,2,21
35,2016-12-20,27.18,27.21,27.0668,27.1,15249.0,27.18,0.0,27.21,27.0668,27.1,1.0,15249.0,1,20
36,2016-12-19,27.1,27.17,26.82,26.82,6038.0,27.1,0.0,27.17,26.82,26.82,1.0,6038.0,0,19
37,2016-12-16,26.97,27.04,26.956,27.01,8506.0,26.97,0.0,27.04,26.956,27.01,1.0,8506.0,4,16
38,2016-12-15,26.88,26.96,26.8,26.87,27733.0,26.88,0.0,26.96,26.8,26.87,1.0,27733.0,3,15
39,2016-12-14,27.0,27.27,26.9313,27.13,15880.0,27.0,0.0,27.27,26.9313,27.13,1.0,15880.0,2,14
40,2016-12-13,27.22,27.2692,27.06,27.06,23701.0,27.22,0.0,27.2692,27.06,27.06,1.0,23701.0,1,13
41,2016-12-12,27.21,27.2683,27.01,27.01,34645.0,27.21,0.0,27.2683,27.01,27.01,1.0,34645.0,0,12
42,2016-12-09,27.14,27.2692,27.06,27.06,27951.0,27.14,0.0,27.2692,27.06,27.06,1.0,27951.0,4,09
43,2016-12-08,27.1902,27.3205,26.79,26.79,17086.0,27.1902,0.0,27.3205,26.79,26.79,1.0,17086.0,3,08
44,2016-12-07,27.19,27.21,27.0512,27.074,36555.0,27.19,0.0,27.21,27.0512,27.074,1.0,36555.0,2,07
45,2016-12-06,26.92,27.01,26.71,26.71,9251.0,26.92,0.0,27.01,26.71,26.71,1.0,9251.0,1,06
46,2016-12-05,26.84,27.21,26.771,27.21,19695.0,26.84,0.0,27.21,26.771,27.21,1.0,19695.0,0,05
47,2016-12-02,26.78,26.894,26.59,26.59,30995.0,26.78,0.0,26.894,26.59,26.59,1.0,30995.0,4,02
48,2016-12-01,26.67,26.921,26.62,26.86,37945.0,26.67,0.0,26.921,26.62,26.86,1.0,37945.0,3,01
49,2016-11-30,26.88,27.05,26.86,27.05,38953.0,26.88,0.0,27.05,26.86,27.05,1.0,38953.0,2,30
50,2016-11-29,26.89,26.92,26.79,26.825,29073.0,26.89,0.0,26.92,26.79,26.825,1.0,29073.0,1,29
51,2016-11-28,26.9,27.0,26.8,26.8,19893.0,26.9,0.0,27.0,26.8,26.8,1.0,19893.0,0,28
52,2016-11-25,26.95,27.015,26.79,26.79,8097.0,26.95,0.0,27.015,26.79,26.79,1.0,8097.0,4,25
53,2016-11-23,26.96,26.9782,26.68,26.68,15581.0,26.96,0.0,26.9782,26.68,26.68,1.0,15581.0,2,23
54,2016-11-22,26.99,27.0289,26.9,26.999,43216.0,26.99,0.0,27.0289,26.9,26.999,1.0,43216.0,1,22
55,2016-11-21,26.85,26.931,26.7,26.7,79271.0,26.85,0.0,26.931,26.7,26.7,1.0,79271.0,0,21
56,2016-11-18,26.76,26.78,26.7027,26.7748,17385.0,26.76,0.0,26.78,26.7027,26.7748,1.0,17385.0,4,18
57,2016-11-17,26.71,26.9199,26.7,26.71,80146.0,26.71,0.0,26.9199,26.7,26.71,1.0,80146.0,3,17
58,2016-11-16,26.77,26.84,26.74,26.8188,45477.0,26.77,0.0,26.84,26.74,26.8188,1.0,45477.0,2,16
59,2016-11-15,26.84,26.8699,26.36,26.36,23959.0,26.84,0.0,26.8699,26.36,26.36,1.0,23959.0,1,15
60,2016-11-14,26.66,26.91,26.4751,26.91,37363.0,26.66,0.0,26.91,26.4751,26.91,1.0,37363.0,0,14
61,2016-11-11,26.54,26.66,26.49,26.5925,22296.0,26.54,0.0,26.66,26.49,26.5925,1.0,22296.0,4,11
62,2016-11-10,26.56,26.88,26.56,26.7912,207670.0,26.56,0.0,26.88,26.56,26.7912,1.0,207670.0,3,10
63,2016-11-09,26.97,27.069,26.5208,26.5208,42081.0,26.97,0.0,27.069,26.5208,26.5208,1.0,42081.0,2,09
64,2016-11-08,26.72,26.89,26.7042,26.89,12445.0,26.72,0.0,26.89,26.7042,26.89,1.0,12445.0,1,08
65,2016-11-07,26.67,26.76,26.3,26.4,147478.0,26.67,0.0,26.76,26.3,26.4,1.0,147478.0,0,07
66,2016-11-04,26.47,26.5981,26.31,26.31,33923.0,26.47,0.0,26.5981,26.31,26.31,1.0,33923.0,4,04
67,2016-11-03,26.4601,26.6223,26.4601,26.55,9625.0,26.4601,0.0,26.6223,26.4601,26.55,1.0,9625.0,3,03
68,2016-11-02,26.62,26.7756,26.46,26.56,115617.0,26.62,0.0,26.7756,26.46,26.56,1.0,115617.0,2,02
69,2016-11-01,26.71,27.0699,26.71,27.05,43872.0,26.71,0.0,27.0699,26.71,27.05,1.0,43872.0,1,01
70,2016-10-31,27.05,27.13,26.9401,27.13,18490.0,27.05,0.0,27.13,26.9401,27.13,1.0,18490.0,0,31
71,2016-10-28,27.05,27.15,26.982,27.04,23815.0,27.05,0.0,27.15,26.982,27.04,1.0,23815.0,4,28
72,2016-10-27,27.11,27.196,27.07,27.1652,16732.0,27.11,0.0,27.196,27.07,27.1652,1.0,16732.0,3,27
73,2016-10-26,27.35,27.47,27.2523,27.47,32377.0,27.35,0.0,27.47,27.2523,27.47,1.0,32377.0,2,26
74,2016-10-25,27.5,27.5088,27.4201,27.4417,6966.0,27.5,0.0,27.5088,27.4201,27.4417,1.0,6966.0,1,25
75,2016-10-24,27.58,27.62,27.36,27.36,16607.0,27.58,0.0,27.62,27.36,27.36,1.0,16607.0,0,24
76,2016-10-21,27.51,27.51,27.13,27.13,14293.0,27.51,0.0,27.51,27.13,27.13,1.0,14293.0,4,21
77,2016-10-20,27.482,27.62,27.4001,27.62,9215.0,27.482,0.0,27.62,27.4001,27.62,1.0,9215.0,3,20
78,2016-10-19,27.46,27.5,27.4058,27.42,28593.0,27.46,0.0,27.5,27.4058,27.42,1.0,28593.0,2,19
79,2016-10-18,27.41,27.43,27.27,27.27,6728.0,27.41,0.0,27.43,27.27,27.27,1.0,6728.0,1,18
80,2016-10-17,27.27,27.338,27.246,27.26,20429.0,27.27,0.0,27.338,27.246,27.26,1.0,20429.0,0,17
81,2016-10-14,27.28,27.4099,27.2108,27.3599,35527.0,27.28,0.0,27.4099,27.2108,27.3599,1.0,35527.0,4,14
82,2016-10-13,27.39,27.42,27.21,27.21,25569.0,27.39,0.0,27.42,27.21,27.21,1.0,25569.0,3,13
83,2016-10-12,27.32,27.43,27.2,27.43,6515.0,27.32,0.0,27.43,27.2,27.43,1.0,6515.0,2,12
84,2016-10-11,27.26,27.3699,27.2028,27.35,26337.0,27.26,0.0,27.3699,27.2028,27.35,1.0,26337.0,1,11
85,2016-10-10,27.49,27.49,27.45,27.46,4576.0,27.49,0.0,27.49,27.45,27.46,1.0,4576.0,0,10
86,2016-10-07,27.34,27.43,27.3124,27.38,28779.0,27.34,0.0,27.43,27.3124,27.38,1.0,28779.0,4,07
87,2016-10-06,27.34,27.4157,27.2401,27.28,13781.0,27.34,0.0,27.4157,27.2401,27.28,1.0,13781.0,3,06
88,2016-10-05,27.38,27.72,27.3684,27.72,9072.0,27.38,0.0,27.72,27.3684,27.72,1.0,9072.0,2,05
89,2016-10-04,27.56,27.78,27.5299,27.78,28949.0,27.56,0.0,27.78,27.5299,27.78,1.0,28949.0,1,04
90,2016-10-03,27.75,27.89,27.69,27.89,8405.0,27.75,0.0,27.89,27.69,27.89,1.0,8405.0,0,03
91,2016-09-30,27.83,27.86,27.7452,27.83,50145.0,27.83,0.0,27.86,27.7452,27.83,1.0,50145.0,4,30
92,2016-09-29,27.77,27.99,27.75,27.99,7480.0,27.77,0.0,27.99,27.75,27.99,1.0,7480.0,3,29
93,2016-09-28,27.92,27.92,27.6928,27.7899,23738.0,27.92,0.0,27.92,27.6928,27.7899,1.0,23738.0,2,28
94,2016-09-27,27.72,28.11,27.72,28.11,12994.0,27.72,0.0,28.11,27.72,28.11,1.0,12994.0,1,27
95,2016-09-26,27.91,28.07,27.87,28.07,36696.0,27.91,0.0,28.07,27.87,28.07,1.0,36696.0,0,26
96,2016-09-23,28.0,28.0099,27.8808,27.92,23831.0,28.0,0.0,28.0099,27.8808,27.92,1.0,23831.0,4,23
97,2016-09-22,27.95,27.9852,27.8001,27.8014,32600.0,27.95,0.0,27.9852,27.8001,27.8014,1.0,32600.0,3,22
98,2016-09-21,27.73,27.73,27.31,27.31,25338.0,27.73,0.0,27.73,27.31,27.31,1.0,25338.0,2,21
99,2016-09-20,27.37,27.5,27.33,27.33,13118.0,27.37,0.0,27.5,27.33,27.33,1.0,13118.0,1,20
100,2016-09-19,27.4001,27.46,27.32,27.34,11597.0,27.4001,0.0,27.46,27.32,27.34,1.0,11597.0,0,19
101,2016-09-16,27.25,27.3257,27.06,27.06,20240.0,27.25,0.0,27.3257,27.06,27.06,1.0,20240.0,4,16
102,2016-09-15,27.2901,27.3899,27.22,27.23,12570.0,27.2901,0.0,27.3899,27.22,27.23,1.0,12570.0,3,15
103,2016-09-14,27.33,27.5031,27.25,27.25,29309.0,27.33,0.0,27.5031,27.25,27.25,1.0,29309.0,2,14
104,2016-09-13,27.28,27.6995,27.28,27.6995,131320.0,27.28,0.0,27.6995,27.28,27.6995,1.0,131320.0,1,13
105,2016-09-12,27.81,27.87,27.56,27.7,27598.0,27.81,0.0,27.87,27.56,27.7,1.0,27598.0,0,12
106,2016-09-09,27.79,28.2,27.721,28.2,37988.0,27.79,0.0,28.2,27.721,28.2,1.0,37988.0,4,09
107,2016-09-08,28.35,28.41,28.25,28.3824,124624.0,28.35,0.0,28.41,28.25,28.3824,1.0,124624.0,3,08
108,2016-09-07,28.38,28.4,28.2444,28.39,63066.0,28.38,0.0,28.4,28.2444,28.39,1.0,63066.0,2,07
109,2016-09-06,28.26,28.28,28.178,28.178,31145.0,28.26,0.0,28.28,28.178,28.178,1.0,31145.0,1,06
110,2016-09-02,28.17,28.52,28.1,28.52,32957.0,28.17,0.0,28.52,28.1,28.52,1.0,32957.0,4,02
111,2016-09-01,28.04,28.11,27.9403,28.11,26483.0,28.04,0.0,28.11,27.9403,28.11,1.0,26483.0,3,01
112,2016-08-31,28.13,28.13,28.0,28.0,20173.0,28.13,0.0,28.13,28.0,28.0,1.0,20173.0,2,31
113,2016-08-30,28.08,28.09,27.9988,28.0534,19065.0,28.08,0.0,28.09,27.9988,28.0534,1.0,19065.0,1,30
114,2016-08-29,28.09,28.1,28.02,28.07,100624.0,28.09,0.0,28.1,28.02,28.07,1.0,100624.0,0,29
115,2016-08-26,27.98,28.14,27.91,28.13,76497.0,27.98,0.0,28.14,27.91,28.13,1.0,76497.0,4,26
116,2016-08-25,28.05,28.06,27.9614,28.06,25554.0,28.05,0.0,28.06,27.9614,28.06,1.0,25554.0,3,25
117,2016-08-24,27.99,28.06,27.95,28.0449,16293.0,27.99,0.0,28.06,27.95,28.0449,1.0,16293.0,2,24
118,2016-08-23,28.11,28.14,28.0201,28.14,34736.0,28.11,0.0,28.14,28.0201,28.14,1.0,34736.0,1,23
119,2016-08-22,28.02,28.19,27.96,28.19,42637.0,28.02,0.0,28.19,27.96,28.19,1.0,42637.0,0,22
120,2016-08-19,28.04,28.11,28.0,28.09,70045.0,28.04,0.0,28.11,28.0,28.09,1.0,70045.0,4,19
121,2016-08-18,28.12,28.4,28.0401,28.24,32683.0,28.12,0.0,28.4,28.0401,28.24,1.0,32683.0,3,18
122,2016-08-17,28.16,28.16,28.018,28.02,24053.0,28.16,0.0,28.16,28.018,28.02,1.0,24053.0,2,17
123,2016-08-16,28.13,28.19,28.13,28.1799,213599.0,28.13,0.0,28.19,28.13,28.1799,1.0,213599.0,1,16
124,2016-08-15,28.25,28.57,28.187,28.57,54360.0,28.25,0.0,28.57,28.187,28.57,1.0,54360.0,0,15
125,2016-08-12,28.29,28.37,28.19,28.309,101611.0,28.29,0.0,28.37,28.19,28.309,1.0,101611.0,4,12
126,2016-08-11,28.18,28.26,28.09,28.26,48248.0,28.18,0.0,28.26,28.09,28.26,1.0,48248.0,3,11
127,2016-08-10,28.37,28.855,28.2324,28.7648,29485.0,28.37,0.0,28.855,28.2324,28.7648,1.0,29485.0,2,10
128,2016-08-09,28.27,28.34,28.1971,28.34,51649.0,28.27,0.0,28.34,28.1971,28.34,1.0,51649.0,1,09
129,2016-08-08,28.2779,28.31,28.189,28.25,24431.0,28.2779,0.0,28.31,28.189,28.25,1.0,24431.0,0,08
130,2016-08-05,28.03,28.17,28.01,28.01,26054.0,28.03,0.0,28.17,28.01,28.01,1.0,26054.0,4,05
131,2016-08-04,28.05,28.06,27.87,27.87,56983.0,28.05,0.0,28.06,27.87,27.87,1.0,56983.0,3,04
132,2016-08-03,27.988,27.99,27.84,27.89,28422.0,27.988,0.0,27.99,27.84,27.89,1.0,28422.0,2,03
133,2016-08-02,27.93,28.25,27.761,28.25,19311.0,27.93,0.0,28.25,27.761,28.25,1.0,19311.0,1,02
134,2016-08-01,28.04,28.21,27.951,28.21,87281.0,28.04,0.0,28.21,27.951,28.21,1.0,87281.0,0,01
135,2016-07-29,28.13,28.18,27.97,28.04,7284.0,28.13,0.0,28.18,27.97,28.04,1.0,7284.0,4,29
136,2016-07-28,27.98,27.9985,27.85,27.85,19525.0,27.98,0.0,27.9985,27.85,27.85,1.0,19525.0,3,28
137,2016-07-27,27.94,28.001,27.8254,27.9992,63446.0,27.94,0.0,28.001,27.8254,27.9992,1.0,63446.0,2,27
138,2016-07-26,27.92,28.22,27.91,28.22,52349.0,27.92,0.0,28.22,27.91,28.22,1.0,52349.0,1,26
139,2016-07-25,28.04,28.05,28.0083,28.02,34340.0,28.04,0.0,28.05,28.0083,28.02,1.0,34340.0,0,25
140,2016-07-22,28.07,28.1,28.01,28.01,27616.0,28.07,0.0,28.1,28.01,28.01,1.0,27616.0,4,22
141,2016-07-21,28.0,28.13,27.95,28.13,33338.0,28.0,0.0,28.13,27.95,28.13,1.0,33338.0,3,21
142,2016-07-20,27.99,28.25,27.87,28.25,35958.0,27.99,0.0,28.25,27.87,28.25,1.0,35958.0,2,20
143,2016-07-19,27.96,27.97,27.825,27.89,98069.0,27.96,0.0,27.97,27.825,27.89,1.0,98069.0,1,19
144,2016-07-18,27.92,28.11,27.816,28.11,42759.0,27.92,0.0,28.11,27.816,28.11,1.0,42759.0,0,18
145,2016-07-15,27.89,28.14,27.701,28.14,81051.0,27.89,0.0,28.14,27.701,28.14,1.0,81051.0,4,15
146,2016-07-14,27.91,28.2,27.8806,28.2,34923.0,27.91,0.0,28.2,27.8806,28.2,1.0,34923.0,3,14
147,2016-07-13,27.93,28.0,27.86,28.0,20961.0,27.93,0.0,28.0,27.86,28.0,1.0,20961.0,2,13
148,2016-07-12,27.93,27.98,27.862,27.9031,91865.0,27.93,0.0,27.98,27.862,27.9031,1.0,91865.0,1,12
149,2016-07-11,27.83,27.85,27.6406,27.8,23308.0,27.83,0.0,27.85,27.6406,27.8,1.0,23308.0,0,11
150,2016-07-08,27.69,27.71,27.4801,27.5988,22696.0,27.69,0.0,27.71,27.4801,27.5988,1.0,22696.0,4,08
151,2016-07-07,27.44,27.79,27.3929,27.79,25870.0,27.44,0.0,27.79,27.3929,27.79,1.0,25870.0,3,07
152,2016-07-06,27.48,27.5,27.2701,27.38,51756.0,27.48,0.0,27.5,27.2701,27.38,1.0,51756.0,2,06
153,2016-07-05,27.51,27.51,27.38,27.38,20881.0,27.51,0.0,27.51,27.38,27.38,1.0,20881.0,1,05
154,2016-07-01,27.52,27.59,27.47,27.58,156680.0,27.52,0.0,27.59,27.47,27.58,1.0,156680.0,4,01
155,2016-06-30,27.42,27.56,27.26,27.56,36537.0,27.42,0.0,27.56,27.26,27.56,1.0,36537.0,3,30
156,2016-06-29,27.34,27.4,27.214,27.4,22591.0,27.34,0.0,27.4,27.214,27.4,1.0,22591.0,2,29
157,2016-06-28,27.11,27.11,26.8803,27.11,17918.0,27.11,0.0,27.11,26.8803,27.11,1.0,17918.0,1,28
158,2016-06-27,26.68,26.93,26.5101,26.93,29954.0,26.68,0.0,26.93,26.5101,26.93,1.0,29954.0,0,27
159,2016-06-24,26.9875,27.16,26.7935,27.16,28113.0,26.9875,0.0,27.16,26.7935,27.16,1.0,28113.0,4,24
160,2016-06-23,27.26,27.26,27.162,27.18,39525.0,27.26,0.0,27.26,27.162,27.18,1.0,39525.0,3,23
161,2016-06-22,27.08,27.14,27.04,27.0767,57648.0,27.08,0.0,27.14,27.04,27.0767,1.0,57648.0,2,22
162,2016-06-21,27.12,27.14,26.9904,27.03,42502.0,27.12,0.0,27.14,26.9904,27.03,1.0,42502.0,1,21
163,2016-06-20,26.99,27.08,26.946,26.946,23890.0,26.99,0.0,27.08,26.946,26.946,1.0,23890.0,0,20
164,2016-06-17,26.83,26.92,26.77,26.92,33813.0,26.83,0.0,26.92,26.77,26.92,1.0,33813.0,4,17
165,2016-06-16,26.8,26.81,26.555,26.5963,54704.0,26.8,0.0,26.81,26.555,26.5963,1.0,54704.0,3,16
166,2016-06-15,26.8199,26.86,26.6355,26.7,58174.0,26.8199,0.0,26.86,26.6355,26.7,1.0,58174.0,2,15
167,2016-06-14,26.74,26.86,26.5901,26.85,29834.0,26.74,0.0,26.86,26.5901,26.85,1.0,29834.0,1,14
168,2016-06-13,26.84,26.9964,26.84,26.9964,147802.0,26.84,0.0,26.9964,26.84,26.9964,1.0,147802.0,0,13
169,2016-06-10,27.1,27.26,27.0201,27.26,142888.0,27.1,0.0,27.26,27.0201,27.26,1.0,142888.0,4,10
170,2016-06-09,27.27,27.27,27.11,27.22,26523.0,27.27,0.0,27.27,27.11,27.22,1.0,26523.0,3,09
171,2016-06-08,27.27,27.47,27.17,27.47,177544.0,27.27,0.0,27.47,27.17,27.47,1.0,177544.0,2,08
172,2016-06-07,27.17,27.22,27.1027,27.12,90107.0,27.17,0.0,27.22,27.1027,27.12,1.0,90107.0,1,07
173,2016-06-06,27.04,27.21,26.99,27.19,41636.0,27.04,0.0,27.21,26.99,27.19,1.0,41636.0,0,06
174,2016-06-03,26.95,26.97,26.8131,26.87,37783.0,26.95,0.0,26.97,26.8131,26.87,1.0,37783.0,4,03
175,2016-06-02,26.84,26.85,26.699,26.85,28619.0,26.84,0.0,26.85,26.699,26.85,1.0,28619.0,3,02
176,2016-06-01,26.72,26.9,26.5485,26.9,42464.0,26.72,0.0,26.9,26.5485,26.9,1.0,42464.0,2,01
177,2016-05-31,26.56,26.65,26.4989,26.55,68748.0,26.56,0.0,26.65,26.4989,26.55,1.0,68748.0,1,31
178,2016-05-27,26.52,26.73,26.494,26.73,120419.0,26.52,0.0,26.73,26.494,26.73,1.0,120419.0,4,27
179,2016-05-26,26.5,26.57,26.47,26.54,51908.0,26.5,0.0,26.57,26.47,26.54,1.0,51908.0,3,26
180,2016-05-25,26.53,26.64,26.4301,26.64,34961.0,26.53,0.0,26.64,26.4301,26.64,1.0,34961.0,2,25
181,2016-05-24,26.46,26.64,26.41,26.64,30281.0,26.46,0.0,26.64,26.41,26.64,1.0,30281.0,1,24
182,2016-05-23,26.4099,26.48,26.3652,26.384,38449.0,26.4099,0.0,26.48,26.3652,26.384,1.0,38449.0,0,23
183,2016-05-20,26.46,26.46,26.2915,26.34,57538.0,26.46,0.0,26.46,26.2915,26.34,1.0,57538.0,4,20
184,2016-05-19,26.28,26.3,26.0801,26.3,26175.0,26.28,0.0,26.3,26.0801,26.3,1.0,26175.0,3,19
185,2016-05-18,26.29,26.51,26.2768,26.5095,46989.0,26.29,0.0,26.51,26.2768,26.5095,1.0,46989.0,2,18
186,2016-05-17,26.57,26.76,26.5,26.76,14788.0,26.57,0.0,26.76,26.5,26.76,1.0,14788.0,1,17
187,2016-05-16,26.63,26.63,26.4565,26.4565,15469.0,26.63,0.0,26.63,26.4565,26.4565,1.0,15469.0,0,16
188,2016-05-13,26.41,26.56,26.29,26.56,39046.0,26.41,0.0,26.56,26.29,26.56,1.0,39046.0,4,13
189,2016-05-12,26.57,26.58,26.48,26.5299,88850.0,26.57,0.0,26.58,26.48,26.5299,1.0,88850.0,3,12
190,2016-05-11,26.43,26.54,26.3,26.54,148315.0,26.43,0.0,26.54,26.3,26.54,1.0,148315.0,2,11
191,2016-05-10,26.4434,26.52,26.4,26.52,94887.0,26.4434,0.0,26.52,26.4,26.52,1.0,94887.0,1,10
192,2016-05-09,26.435,26.49,26.3,26.49,32314.0,26.435,0.0,26.49,26.3,26.49,1.0,32314.0,0,09
193,2016-05-06,26.48,26.52,26.3602,26.4451,224862.0,26.48,0.0,26.52,26.3602,26.4451,1.0,224862.0,4,06
194,2016-05-05,26.44,26.5099,26.3707,26.5099,38823.0,26.44,0.0,26.5099,26.3707,26.5099,1.0,38823.0,3,05
195,2016-05-04,26.29,26.29,26.17,26.25,38440.0,26.29,0.0,26.29,26.17,26.25,1.0,38440.0,2,04
196,2016-05-03,26.18,26.4,26.04,26.4,39687.0,26.18,0.0,26.4,26.04,26.4,1.0,39687.0,1,03
197,2016-05-02,26.33,26.42,26.25,26.42,23786.0,26.33,0.0,26.42,26.25,26.42,1.0,23786.0,0,02
198,2016-04-29,26.33,26.33,26.19,26.2599,27049.0,26.33,0.0,26.33,26.19,26.2599,1.0,27049.0,4,29
199,2016-04-28,26.2,26.29,26.16,26.28,32747.0,26.2,0.0,26.29,26.16,26.28,1.0,32747.0,3,28
200,2016-04-27,26.21,26.22,26.1,26.15,49382.0,26.21,0.0,26.22,26.1,26.15,1.0,49382.0,2,27
201,2016-04-26,26.035,26.22,25.99,26.22,82790.0,26.035,0.0,26.22,25.99,26.22,1.0,82790.0,1,26
202,2016-04-25,26.09,26.17,26.05,26.17,17716.0,26.09,0.0,26.17,26.05,26.17,1.0,17716.0,0,25
203,2016-04-22,26.22,26.22,26.1,26.2,12029.0,26.22,0.0,26.22,26.1,26.2,1.0,12029.0,4,22
204,2016-04-21,26.1,26.2344,26.1,26.18,29314.0,26.1,0.0,26.2344,26.1,26.18,1.0,29314.0,3,21
205,2016-04-20,26.2,26.26,26.0952,26.18,26227.0,26.2,0.0,26.26,26.0952,26.18,1.0,26227.0,2,20
206,2016-04-19,26.09,26.09,25.95,25.99,31587.0,26.09,0.0,26.09,25.95,25.99,1.0,31587.0,1,19
207,2016-04-18,25.82,25.82,25.53,25.572,30683.0,25.82,0.0,25.82,25.53,25.572,1.0,30683.0,0,18
208,2016-04-15,25.67,25.96,25.6,25.96,142103.0,25.67,0.0,25.96,25.6,25.96,1.0,142103.0,4,15
209,2016-04-14,25.776,25.79,25.51,25.51,368293.0,25.776,0.0,25.79,25.51,25.51,1.0,368293.0,3,14
210,2016-04-13,25.75,25.83,25.72,25.74,171190.0,25.75,0.0,25.83,25.72,25.74,1.0,171190.0,2,13
211,2016-04-12,25.705,25.7399,25.58,25.58,80314.0,25.705,0.0,25.7399,25.58,25.58,1.0,80314.0,1,12
212,2016-04-11,25.54,25.7,25.52,25.7,136549.0,25.54,0.0,25.7,25.52,25.7,1.0,136549.0,0,11
213,2016-04-08,25.43,26.1,25.43,26.1,46048.0,25.43,0.0,26.1,25.43,26.1,1.0,46048.0,4,08
214,2016-04-07,25.35,25.38,25.28,25.35,25523.0,25.35,0.0,25.38,25.28,25.35,1.0,25523.0,3,07
215,2016-04-06,25.335,25.3699,25.2199,25.23,42334.0,25.335,0.0,25.3699,25.2199,25.23,1.0,42334.0,2,06
216,2016-04-05,25.1536,25.83,25.12,25.83,27436.0,25.1536,0.0,25.83,25.12,25.83,1.0,27436.0,1,05
217,2016-04-04,25.22,25.4399,25.2,25.4399,23956.0,25.22,0.0,25.4399,25.2,25.4399,1.0,23956.0,0,04
218,2016-04-01,25.31,25.5099,25.31,25.5,25974.0,25.31,0.0,25.5099,25.31,25.5,1.0,25974.0,4,01
219,2016-03-31,25.55,25.62,25.46,25.62,22703.0,25.55,0.0,25.62,25.46,25.62,1.0,22703.0,3,31
220,2016-03-30,25.52,25.54,25.44,25.5399,53985.0,25.52,0.0,25.54,25.44,25.5399,1.0,53985.0,2,30
221,2016-03-29,25.45,25.49,25.325,25.3599,13256.0,25.45,0.0,25.49,25.325,25.3599,1.0,13256.0,1,29
222,2016-03-28,25.37,25.4,25.31,25.37,15074.0,25.37,0.0,25.4,25.31,25.37,1.0,15074.0,0,28
223,2016-03-24,25.36,25.36,25.28,25.28,11921.0,25.36,0.0,25.36,25.28,25.28,1.0,11921.0,3,24
224,2016-03-23,25.325,25.3999,25.325,25.3999,29844.0,25.325,0.0,25.3999,25.325,25.3999,1.0,29844.0,2,23
225,2016-03-22,25.44,25.48,25.42,25.44,39011.0,25.44,0.0,25.48,25.42,25.44,1.0,39011.0,1,22
226,2016-03-21,25.45,25.94,25.41,25.94,35887.0,25.45,0.0,25.94,25.41,25.94,1.0,35887.0,0,21
227,2016-03-18,25.4565,25.5085,25.418,25.5085,26319.0,25.4565,0.0,25.5085,25.418,25.5085,1.0,26319.0,4,18
228,2016-03-17,25.45,25.46,25.29,25.29,88731.0,25.45,0.0,25.46,25.29,25.29,1.0,88731.0,3,17
229,2016-03-16,25.25,26.28,25.12,26.28,163443.0,25.25,0.0,26.28,25.12,26.28,1.0,163443.0,2,16
230,2016-03-15,25.16,25.2158,25.11,25.215,58615.0,25.16,0.0,25.2158,25.11,25.215,1.0,58615.0,1,15
231,2016-03-14,25.2,25.2,25.2,25.2,1390.0,25.2,0.0,25.2,25.2,25.2,1.0,1390.0,0,14
232,2016-03-11,25.1806,25.21,25.1715,25.18,9192.0,25.1806,0.0,25.21,25.1715,25.18,1.0,9192.0,4,11
233,2016-03-10,25.07,25.07,25.043,25.043,6062.0,25.07,0.0,25.07,25.043,25.043,1.0,6062.0,3,10
