,Unnamed: 0,adj_close,adj_high,adj_low,adj_open,adj_volume,close,ex_dividend,high,low,open,split_ratio,volume,Day of Week,Day
0,2017-02-10,59.24,59.24,59.24,59.24,442.0,59.24,0.0,59.24,59.24,59.24,1.0,442.0,4,10
1,2017-02-09,58.52,58.52,58.52,58.52,254.0,58.52,0.0,58.52,58.52,58.52,1.0,254.0,3,09
2,2017-02-08,58.52,58.52,58.52,58.52,683.0,58.52,0.0,58.52,58.52,58.52,1.0,683.0,2,08
3,2017-02-07,58.32,58.67,58.31,58.67,1163.0,58.32,0.0,58.67,58.31,58.67,1.0,1163.0,1,07
4,2017-02-06,58.1392,58.1392,58.1392,58.1392,71.0,58.1392,0.0,58.1392,58.1392,58.1392,1.0,71.0,0,06
5,2017-02-03,58.1392,58.1392,58.1392,58.1392,9.0,58.1392,0.0,58.1392,58.1392,58.1392,1.0,9.0,4,03
6,2017-02-02,58.1392,58.16,58.1392,58.16,474.0,58.1392,0.0,58.16,58.1392,58.16,1.0,474.0,3,02
7,2017-02-01,57.68,57.68,57.68,57.68,1.0,57.68,0.0,57.68,57.68,57.68,1.0,1.0,2,01
8,2017-01-31,57.68,57.68,57.68,57.68,86.0,57.68,0.0,57.68,57.68,57.68,1.0,86.0,1,31
9,2017-01-30,57.68,57.68,57.62,57.62,1519.0,57.68,0.0,57.68,57.62,57.62,1.0,1519.0,0,30
10,2017-01-27,58.06,58.1,58.06,58.1,329.0,58.06,0.0,58.1,58.06,58.1,1.0,329.0,4,27
11,2017-01-26,58.1,58.13,58.1,58.13,389.0,58.1,0.0,58.13,58.1,58.13,1.0,389.0,3,26
12,2017-01-25,58.2052,58.2052,58.2052,58.2052,325.0,58.2052,0.0,58.2052,58.2052,58.2052,1.0,325.0,2,25
13,2017-01-24,57.73,57.87,57.7,57.87,711.0,57.73,0.0,57.87,57.7,57.87,1.0,711.0,1,24
14,2017-01-23,57.4497,57.4497,56.82,56.82,657.0,57.4497,0.0,57.4497,56.82,56.82,1.0,657.0,0,23
15,2017-01-20,56.68,56.7672,56.53,56.7672,562.0,56.68,0.0,56.7672,56.53,56.7672,1.0,562.0,4,20
16,2017-01-19,56.62,56.6599,56.44,56.6599,1074.0,56.62,0.0,56.6599,56.44,56.6599,1.0,1074.0,3,19
17,2017-01-18,57.0,57.0,57.0,57.0,1.0,57.0,0.0,57.0,57.0,57.0,1.0,1.0,2,18
18,2017-01-17,57.0,57.0,57.0,57.0,418.0,57.0,0.0,57.0,57.0,57.0,1.0,418.0,1,17
19,2017-01-13,56.7783,56.79,56.7783,56.79,543.0,56.7783,0.0,56.79,56.7783,56.79,1.0,543.0,4,13
20,2017-01-12,57.02,57.02,56.85,56.89,4556.0,57.02,0.0,57.02,56.85,56.89,1.0,4556.0,3,12
21,2017-01-11,56.69,56.69,56.14,56.25,2011.0,56.69,0.0,56.69,56.14,56.25,1.0,2011.0,2,11
22,2017-01-10,56.22,56.22,56.22,56.22,163.0,56.22,0.0,56.22,56.22,56.22,1.0,163.0,1,10
23,2017-01-09,56.06,56.06,56.06,56.06,11.0,56.06,0.0,56.06,56.06,56.06,1.0,11.0,0,09
24,2017-01-06,56.06,56.06,56.06,56.06,72.0,56.06,0.0,56.06,56.06,56.06,1.0,72.0,4,06
25,2017-01-05,56.06,56.06,55.8,55.98,1494.0,56.06,0.0,56.06,55.8,55.98,1.0,1494.0,3,05
26,2017-01-04,55.4495,55.4495,55.4495,55.4495,274.0,55.4495,0.0,55.4495,55.4495,55.4495,1.0,274.0,2,04
27,2017-01-03,54.2751,54.2751,54.2751,54.2751,169.0,54.2751,0.0,54.2751,54.2751,54.2751,1.0,169.0,1,03
28,2016-12-30,54.2751,54.29,54.2751,54.29,428.0,54.2751,0.0,54.29,54.2751,54.29,1.0,428.0,4,30
29,2016-12-29,54.6162,54.66,54.38,54.38,1857.0,54.6162,0.0,54.66,54.38,54.38,1.0,1857.0,3,29
30,2016-12-28,53.86,54.01,53.69,53.69,10603.0,53.86,0.0,54.01,53.69,53.69,1.0,10603.0,2,28
31,2016-12-27,53.616,53.67,53.616,53.67,1990.0,53.616,0.0,53.67,53.616,53.67,1.0,1990.0,1,27
32,2016-12-23,53.52,53.52,53.52,53.52,235.0,53.52,0.0,53.52,53.52,53.52,1.0,235.0,4,23
33,2016-12-22,53.7032,53.7032,53.7032,53.7032,80.0,53.7032,0.0,53.7032,53.7032,53.7032,1.0,80.0,3,22
34,2016-12-21,53.7032,53.75,53.7032,53.75,2098.0,53.7032,0.0,53.75,53.7032,53.75,1.0,2098.0,2,21
35,2016-12-20,53.97,53.97,53.97,53.97,7697.0,53.97,0.0,53.97,53.97,53.97,1.0,7697.0,1,20
36,2016-12-19,53.836,54.14,53.836,54.14,1061.0,53.836,0.0,54.14,53.836,54.14,1.0,1061.0,0,19
37,2016-12-16,54.25,54.25,54.24,54.24,397.0,54.25,0.0,54.25,54.24,54.24,1.0,397.0,4,16
38,2016-12-15,55.1027,55.1027,55.1027,55.1027,45.0,55.1027,0.0,55.1027,55.1027,55.1027,1.0,45.0,3,15
39,2016-12-14,55.1027,55.1027,55.1027,55.1027,38.0,55.1027,0.0,55.1027,55.1027,55.1027,1.0,38.0,2,14
40,2016-12-13,55.1027,55.1027,55.1027,55.1027,2.0,55.1027,0.0,55.1027,55.1027,55.1027,1.0,2.0,1,13
41,2016-12-12,55.1027,55.4,55.09,55.4,529.0,55.1027,0.0,55.4,55.09,55.4,1.0,529.0,0,12
42,2016-12-09,55.3882,55.3882,55.3882,55.3882,259.0,55.3882,0.0,55.3882,55.3882,55.3882,1.0,259.0,4,09
43,2016-12-08,54.25,54.25,54.25,54.25,8.0,54.25,0.0,54.25,54.25,54.25,1.0,8.0,3,08
44,2016-12-07,54.25,54.25,54.25,54.25,2.0,54.25,0.0,54.25,54.25,54.25,1.0,2.0,2,07
45,2016-12-06,54.25,54.25,54.25,54.25,64.0,54.25,0.0,54.25,54.25,54.25,1.0,64.0,1,06
46,2016-12-05,54.25,54.25,54.25,54.25,140.0,54.25,0.0,54.25,54.25,54.25,1.0,140.0,0,05
47,2016-12-02,54.6099,54.6099,54.6099,54.6099,32.0,54.6099,0.0,54.6099,54.6099,54.6099,1.0,32.0,4,02
48,2016-12-01,54.6099,54.6099,54.6099,54.6099,1.0,54.6099,0.0,54.6099,54.6099,54.6099,1.0,1.0,3,01
49,2016-11-30,54.6099,54.6099,54.6099,54.6099,1.0,54.6099,0.0,54.6099,54.6099,54.6099,1.0,1.0,2,30
50,2016-11-29,54.6099,54.6099,54.6099,54.6099,200.0,54.6099,0.0,54.6099,54.6099,54.6099,1.0,200.0,1,29
51,2016-11-28,54.6099,54.6099,54.6099,54.6099,140.0,54.6099,0.0,54.6099,54.6099,54.6099,1.0,140.0,0,28
52,2016-11-25,54.17,54.17,54.17,54.17,5.0,54.17,0.0,54.17,54.17,54.17,1.0,5.0,4,25
53,2016-11-23,54.17,54.18,53.92,54.18,484.0,54.17,0.0,54.18,53.92,54.18,1.0,484.0,2,23
54,2016-11-22,54.6001,54.6001,54.4102,54.53,468.0,54.6001,0.0,54.6001,54.4102,54.53,1.0,468.0,1,22
55,2016-11-21,53.9611,54.21,53.92,54.21,963.0,53.9611,0.0,54.21,53.92,54.21,1.0,963.0,0,21
56,2016-11-18,53.91,53.91,53.91,53.91,398.0,53.91,0.0,53.91,53.91,53.91,1.0,398.0,4,18
57,2016-11-17,53.89,53.89,53.89,53.89,459.0,53.89,0.0,53.89,53.89,53.89,1.0,459.0,3,17
58,2016-11-16,53.488,53.5195,53.45,53.45,588.0,53.488,0.0,53.5195,53.45,53.45,1.0,588.0,2,16
59,2016-11-15,53.0188,53.0188,53.0188,53.0188,205.0,53.0188,0.0,53.0188,53.0188,53.0188,1.0,205.0,1,15
60,2016-11-14,53.0188,53.04,52.75,52.96,2105.0,53.0188,0.0,53.04,52.75,52.96,1.0,2105.0,0,14
61,2016-11-11,53.47,53.5447,53.47,53.5447,922.0,53.47,0.0,53.5447,53.47,53.5447,1.0,922.0,4,11
62,2016-11-10,54.657,56.21,54.657,56.21,684.0,54.657,0.0,56.21,54.657,56.21,1.0,684.0,3,10
63,2016-11-09,56.3,56.76,56.1,56.76,3125.0,56.3,0.0,56.76,56.1,56.76,1.0,3125.0,2,09
64,2016-11-08,57.1301,57.14,57.1301,57.14,514.0,57.1301,0.0,57.14,57.1301,57.14,1.0,514.0,1,08
65,2016-11-07,57.36,57.36,57.36,57.36,500.0,57.36,0.0,57.36,57.36,57.36,1.0,500.0,0,07
66,2016-11-04,55.74,55.89,55.59,55.59,545.0,55.74,0.0,55.89,55.59,55.59,1.0,545.0,4,04
67,2016-11-03,56.08,56.08,56.08,56.08,100.0,56.08,0.0,56.08,56.08,56.08,1.0,100.0,3,03
68,2016-11-02,55.97,55.97,55.97,55.97,225.0,55.97,0.0,55.97,55.97,55.97,1.0,225.0,2,02
69,2016-11-01,56.74,57.3,56.42,57.3,3205.0,56.74,0.0,57.3,56.42,57.3,1.0,3205.0,1,01
70,2016-10-31,56.84,56.84,56.84,56.84,42.0,56.84,0.0,56.84,56.84,56.84,1.0,42.0,0,31
71,2016-10-28,56.84,57.21,56.76,57.14,1812.0,56.84,0.0,57.21,56.76,57.14,1.0,1812.0,4,28
72,2016-10-27,57.36,57.36,57.156,57.179,792.0,57.36,0.0,57.36,57.156,57.179,1.0,792.0,3,27
73,2016-10-26,58.17,58.17,58.17,58.17,89.0,58.17,0.0,58.17,58.17,58.17,1.0,89.0,2,26
74,2016-10-25,58.17,58.17,58.17,58.17,0.0,58.17,0.0,58.17,58.17,58.17,1.0,0.0,1,25
75,2016-10-24,58.17,58.59,58.17,58.59,572.0,58.17,0.0,58.59,58.17,58.59,1.0,572.0,0,24
76,2016-10-21,57.6812,57.69,57.6812,57.69,1006.0,57.6812,0.0,57.69,57.6812,57.69,1.0,1006.0,4,21
77,2016-10-20,58.01,58.068,58.01,58.04,1123.0,58.01,0.0,58.068,58.01,58.04,1.0,1123.0,3,20
78,2016-10-19,56.85,56.85,56.85,56.85,0.0,56.85,0.0,56.85,56.85,56.85,1.0,0.0,2,19
79,2016-10-18,56.85,56.85,56.85,56.85,0.0,56.85,0.0,56.85,56.85,56.85,1.0,0.0,1,18
80,2016-10-17,56.85,56.85,56.79,56.79,746.0,56.85,0.0,56.85,56.79,56.79,1.0,746.0,0,17
81,2016-10-14,56.8497,57.01,56.805,57.01,773.0,56.8497,0.0,57.01,56.805,57.01,1.0,773.0,4,14
82,2016-10-13,56.909,56.909,56.32,56.61,2010.0,56.909,0.0,56.909,56.32,56.61,1.0,2010.0,3,13
83,2016-10-12,57.2,57.22,56.9399,56.99,1100.0,57.2,0.0,57.22,56.9399,56.99,1.0,1100.0,2,12
84,2016-10-11,57.32,57.67,57.32,57.67,400.0,57.32,0.0,57.67,57.32,57.67,1.0,400.0,1,11
85,2016-10-10,57.92,57.92,57.92,57.92,26.0,57.92,0.0,57.92,57.92,57.92,1.0,26.0,0,10
86,2016-10-07,57.92,58.1299,57.66,58.1299,900.0,57.92,0.0,58.1299,57.66,58.1299,1.0,900.0,4,07
87,2016-10-06,58.1499,58.19,57.81,57.81,2365.0,58.1499,0.0,58.19,57.81,57.81,1.0,2365.0,3,06
88,2016-10-05,57.94,58.0099,57.89,58.0099,763.0,57.94,0.0,58.0099,57.89,58.0099,1.0,763.0,2,05
89,2016-10-04,57.65,58.0,57.65,58.0,1527.0,57.65,0.0,58.0,57.65,58.0,1.0,1527.0,1,04
90,2016-10-03,58.0,58.0,57.64,57.64,1342.0,58.0,0.0,58.0,57.64,57.64,1.0,1342.0,0,03
91,2016-09-30,57.67,57.78,57.5,57.5,3602.0,57.67,0.0,57.78,57.5,57.5,1.0,3602.0,4,30
92,2016-09-29,57.54,58.1,57.53,58.1,3932.0,57.54,0.0,58.1,57.53,58.1,1.0,3932.0,3,29
93,2016-09-28,58.23,58.23,57.53,57.94,1953.0,58.23,0.0,58.23,57.53,57.94,1.0,1953.0,2,28
94,2016-09-27,57.8,57.8,57.63,57.63,348.0,57.8,0.0,57.8,57.63,57.63,1.0,348.0,1,27
95,2016-09-26,57.1,57.62,57.1,57.62,5825.0,57.1,0.0,57.62,57.1,57.62,1.0,5825.0,0,26
96,2016-09-23,58.34,58.34,58.34,58.34,153.0,58.34,0.0,58.34,58.34,58.34,1.0,153.0,4,23
97,2016-09-22,56.95,56.95,56.95,56.95,1.0,56.95,0.0,56.95,56.95,56.95,1.0,1.0,3,22
98,2016-09-21,56.95,56.95,56.95,56.95,0.0,56.95,0.0,56.95,56.95,56.95,1.0,0.0,2,21
99,2016-09-20,56.95,56.95,56.95,56.95,2.0,56.95,0.0,56.95,56.95,56.95,1.0,2.0,1,20
100,2016-09-19,56.95,56.95,56.95,56.95,12644.0,56.95,0.0,56.95,56.95,56.95,1.0,12644.0,0,19
101,2016-09-16,56.15,56.15,56.15,56.15,100.0,56.15,0.0,56.15,56.15,56.15,1.0,100.0,4,16
102,2016-09-15,56.04,56.04,56.04,56.04,0.0,56.04,0.0,56.04,56.04,56.04,1.0,0.0,3,15
103,2016-09-14,56.04,56.04,56.04,56.04,1.0,56.04,0.0,56.04,56.04,56.04,1.0,1.0,2,14
104,2016-09-13,56.04,56.04,56.04,56.04,31.0,56.04,0.0,56.04,56.04,56.04,1.0,31.0,1,13
105,2016-09-12,56.04,56.19,56.04,56.19,256.0,56.04,0.0,56.19,56.04,56.19,1.0,256.0,0,12
106,2016-09-09,56.87,57.87,56.87,57.87,20912.0,56.87,0.0,57.87,56.87,57.87,1.0,20912.0,4,09
107,2016-09-08,58.65,58.9,58.65,58.9,645.0,58.65,0.0,58.9,58.65,58.9,1.0,645.0,3,08
108,2016-09-07,58.82,58.9,58.82,58.88,3446.0,58.82,0.0,58.9,58.82,58.88,1.0,3446.0,2,07
109,2016-09-06,57.31,57.31,57.31,57.31,68.0,57.31,0.0,57.31,57.31,57.31,1.0,68.0,1,06
110,2016-09-02,57.31,57.31,57.31,57.31,256.0,57.31,0.0,57.31,57.31,57.31,1.0,256.0,4,02
111,2016-09-01,56.68,56.68,56.59,56.59,254.0,56.68,0.0,56.68,56.59,56.59,1.0,254.0,3,01
112,2016-08-31,56.52,56.79,56.52,56.79,360.0,56.52,0.0,56.79,56.52,56.79,1.0,360.0,2,31
113,2016-08-30,56.77,56.77,56.77,56.77,10.0,56.77,0.0,56.77,56.77,56.77,1.0,10.0,1,30
114,2016-08-29,56.77,56.77,56.73,56.73,3360.0,56.77,0.0,56.77,56.73,56.73,1.0,3360.0,0,29
115,2016-08-26,57.0,57.0,57.0,57.0,5.0,57.0,0.0,57.0,57.0,57.0,1.0,5.0,4,26
116,2016-08-25,57.0,57.0,57.0,57.0,74.0,57.0,0.0,57.0,57.0,57.0,1.0,74.0,3,25
117,2016-08-24,57.0,57.16,57.0,57.02,5629.0,57.0,0.0,57.16,57.0,57.02,1.0,5629.0,2,24
118,2016-08-23,57.44,57.44,57.44,57.44,100.0,57.44,0.0,57.44,57.44,57.44,1.0,100.0,1,23
119,2016-08-22,57.2,57.58,57.2,57.58,375.0,57.2,0.0,57.58,57.2,57.58,1.0,375.0,0,22
120,2016-08-19,57.61,57.61,57.61,57.61,256.0,57.61,0.0,57.61,57.61,57.61,1.0,256.0,4,19
121,2016-08-18,57.575,57.575,57.575,57.575,3.0,57.575,0.0,57.575,57.575,57.575,1.0,3.0,3,18
122,2016-08-17,57.575,57.6,57.1787,57.6,1376.0,57.575,0.0,57.6,57.1787,57.6,1.0,1376.0,2,17
123,2016-08-16,57.43,57.43,57.43,57.43,0.0,57.43,0.0,57.43,57.43,57.43,1.0,0.0,1,16
124,2016-08-15,57.43,57.43,57.43,57.43,0.0,57.43,0.0,57.43,57.43,57.43,1.0,0.0,0,15
125,2016-08-12,57.43,57.43,57.43,57.43,0.0,57.43,0.0,57.43,57.43,57.43,1.0,0.0,4,12
126,2016-08-11,57.43,57.43,57.43,57.43,268.0,57.43,0.0,57.43,57.43,57.43,1.0,268.0,3,11
127,2016-08-10,57.16,57.16,57.16,57.16,100.0,57.16,0.0,57.16,57.16,57.16,1.0,100.0,2,10
128,2016-08-09,56.936,56.98,56.936,56.98,669.0,56.936,0.0,56.98,56.936,56.98,1.0,669.0,1,09
129,2016-08-08,56.5899,56.59,56.5899,56.59,206.0,56.5899,0.0,56.59,56.5899,56.59,1.0,206.0,0,08
130,2016-08-05,54.85,54.85,54.85,54.85,0.0,54.85,0.0,54.85,54.85,54.85,1.0,0.0,4,05
131,2016-08-04,54.85,54.85,54.85,54.85,0.0,54.85,0.0,54.85,54.85,54.85,1.0,0.0,3,04
132,2016-08-03,54.85,54.85,54.85,54.85,8.0,54.85,0.0,54.85,54.85,54.85,1.0,8.0,2,03
133,2016-08-02,54.85,54.85,54.83,54.83,282.0,54.85,0.0,54.85,54.83,54.83,1.0,282.0,1,02
134,2016-08-01,55.1,55.1,55.1,55.1,0.0,55.1,0.0,55.1,55.1,55.1,1.0,0.0,0,01
135,2016-07-29,55.1,55.1,55.1,55.1,0.0,55.1,0.0,55.1,55.1,55.1,1.0,0.0,4,29
136,2016-07-28,55.1,55.1,55.1,55.1,100.0,55.1,0.0,55.1,55.1,55.1,1.0,100.0,3,28
137,2016-07-27,54.5895,54.5895,54.5895,54.5895,0.0,54.5895,0.0,54.5895,54.5895,54.5895,1.0,0.0,2,27
138,2016-07-26,54.5895,54.5895,54.5895,54.5895,0.0,54.5895,0.0,54.5895,54.5895,54.5895,1.0,0.0,1,26
139,2016-07-25,54.5895,54.6,54.5895,54.6,980.0,54.5895,0.0,54.6,54.5895,54.6,1.0,980.0,0,25
140,2016-07-22,54.9,54.9,54.9,54.9,0.0,54.9,0.0,54.9,54.9,54.9,1.0,0.0,4,22
141,2016-07-21,54.9,54.9,54.9,54.9,300.0,54.9,0.0,54.9,54.9,54.9,1.0,300.0,3,21
142,2016-07-20,54.82,54.82,54.82,54.82,100.0,54.82,0.0,54.82,54.82,54.82,1.0,100.0,2,20
