,Unnamed: 0,adj_close,adj_high,adj_low,adj_open,adj_volume,close,ex_dividend,high,low,open,split_ratio,volume,Day of Week
0,2017-02-10,29.04,29.12,29.04,29.12,720.0,29.04,0.0,29.12,29.04,29.12,1.0,720.0,4
1,2017-02-09,29.06,29.06,28.975,29.04,1505.0,29.06,0.0,29.06,28.975,29.04,1.0,1505.0,3
2,2017-02-08,29.1899,29.1899,29.098000000000003,29.13,2786.0,29.1899,0.0,29.1899,29.098000000000003,29.13,1.0,2786.0,2
3,2017-02-07,29.15,29.19,28.9601,28.9601,4138.0,29.15,0.0,29.19,28.9601,28.9601,1.0,4138.0,1
4,2017-02-06,29.17,29.17,29.1448,29.17,1289.0,29.17,0.0,29.17,29.1448,29.17,1.0,1289.0,0
5,2017-02-03,29.0899,29.0899,29.06,29.06,255.0,29.0899,0.0,29.0899,29.06,29.06,1.0,255.0,4
6,2017-02-02,29.01,29.04,28.95,29.04,6660.0,29.01,0.0,29.04,28.95,29.04,1.0,6660.0,3
7,2017-02-01,28.9812,28.9812,28.9812,28.9812,100.0,28.9812,0.0,28.9812,28.9812,28.9812,1.0,100.0,2
8,2017-01-31,28.9001,29.031999999999996,28.9001,29.031999999999996,468.0,28.9001,0.0,29.031999999999996,28.9001,29.031999999999996,1.0,468.0,1
9,2017-01-30,28.99,28.99,28.87,28.87,417.0,28.99,0.0,28.99,28.87,28.87,1.0,417.0,0
10,2017-01-27,29.12,29.14,28.99,28.99,3930.0,29.12,0.0,29.14,28.99,28.99,1.0,3930.0,4
11,2017-01-26,29.0,29.9999,29.0,29.16,764.0,29.0,0.0,29.9999,29.0,29.16,1.0,764.0,3
12,2017-01-25,29.19,29.19,29.19,29.19,245.0,29.19,0.0,29.19,29.19,29.19,1.0,245.0,2
13,2017-01-24,29.2,29.2,29.1081,29.2,2260.0,29.2,0.0,29.2,29.1081,29.2,1.0,2260.0,1
14,2017-01-23,29.13,29.13,29.0333,29.0333,453.0,29.13,0.0,29.13,29.0333,29.0333,1.0,453.0,0
15,2017-01-20,29.0913,29.14,28.9483,28.97,24010.0,29.0913,0.0,29.14,28.9483,28.97,1.0,24010.0,4
16,2017-01-19,28.9567,28.9567,28.88,28.88,1655.0,28.9567,0.0,28.9567,28.88,28.88,1.0,1655.0,3
17,2017-01-18,28.87,28.87,28.815,28.8405,2018.0,28.87,0.0,28.87,28.815,28.8405,1.0,2018.0,2
18,2017-01-17,28.84,28.86,28.7232,28.85,2989.0,28.84,0.0,28.86,28.7232,28.85,1.0,2989.0,1
19,2017-01-12,28.6646,28.6646,28.6646,28.6646,223.0,28.6646,0.0,28.6646,28.6646,28.6646,1.0,223.0,3
20,2017-01-11,28.73,28.74,28.73,28.74,1026.0,28.73,0.0,28.74,28.73,28.74,1.0,1026.0,2
21,2017-01-10,28.49,28.6599,28.49,28.6199,1860.0,28.49,0.0,28.6599,28.49,28.6199,1.0,1860.0,1
22,2017-01-09,28.41,28.41,28.25,28.41,7537.0,28.41,0.0,28.41,28.25,28.41,1.0,7537.0,0
23,2017-01-06,28.46,28.46,28.43,28.45,1636.0,28.46,0.0,28.46,28.43,28.45,1.0,1636.0,4
24,2017-01-05,28.52,28.52,28.52,28.52,81.0,28.52,0.0,28.52,28.52,28.52,1.0,81.0,3
25,2017-01-04,28.52,28.89,28.51,28.89,13904.0,28.52,0.0,28.89,28.51,28.89,1.0,13904.0,2
26,2017-01-03,28.74,28.74,28.74,28.74,50.0,28.74,0.0,28.74,28.74,28.74,1.0,50.0,1
27,2016-12-30,28.74,28.8254,28.74,28.8254,802.0,28.74,0.0,28.8254,28.74,28.8254,1.0,802.0,4
28,2016-12-29,28.7936,28.8036,28.7914,28.7914,1555.0,28.7936,0.0,28.8036,28.7914,28.7914,1.0,1555.0,3
29,2016-12-28,28.83,28.83,28.77,28.77,2183.0,28.83,0.0,28.83,28.77,28.77,1.0,2183.0,2
30,2016-12-27,28.77,28.78,28.7,28.7,2931.0,28.77,0.0,28.78,28.7,28.7,1.0,2931.0,1
31,2016-12-23,28.8,28.8,28.7799,28.8,1259.0,28.8,0.0,28.8,28.7799,28.8,1.0,1259.0,4
32,2016-12-22,28.79,28.8,28.7805,28.8,1711.0,28.79,0.0,28.8,28.7805,28.8,1.0,1711.0,3
33,2016-12-20,28.8,28.8,28.7,28.78,3713.0,28.8,0.0,28.8,28.7,28.78,1.0,3713.0,1
34,2016-12-19,28.83,28.85,28.746,28.79,21700.0,28.83,0.0,28.85,28.746,28.79,1.0,21700.0,0
35,2016-12-16,28.8699,28.91,28.8,28.8596,1579.0,28.8699,0.0,28.91,28.8,28.8596,1.0,1579.0,4
36,2016-12-15,28.93,28.93,28.9,28.915,1589.0,28.93,0.0,28.93,28.9,28.915,1.0,1589.0,3
37,2016-12-14,28.96,28.96,28.96,28.96,664.0,28.96,0.0,28.96,28.96,28.96,1.0,664.0,2
38,2016-12-12,28.9299,28.9299,28.9299,28.9299,384.0,28.9299,0.0,28.9299,28.9299,28.9299,1.0,384.0,0
39,2016-12-09,28.87,28.87,28.87,28.87,2263.0,28.87,0.0,28.87,28.87,28.87,1.0,2263.0,4
40,2016-12-08,28.92,28.92,28.8073,28.8073,58398.0,28.92,0.0,28.92,28.8073,28.8073,1.0,58398.0,3
41,2016-12-07,29.13,29.13,29.13,29.13,64.0,29.13,0.0,29.13,29.13,29.13,1.0,64.0,2
42,2016-12-06,29.13,29.13,29.08,29.08,2113.0,29.13,0.0,29.13,29.08,29.08,1.0,2113.0,1
43,2016-12-05,29.08,29.12,29.01,29.12,513.0,29.08,0.0,29.12,29.01,29.12,1.0,513.0,0
44,2016-12-02,29.14,29.15,29.14,29.15,339.0,29.14,0.0,29.15,29.14,29.15,1.0,339.0,4
45,2016-12-01,29.0547,29.0547,29.0547,29.0547,1.0,29.0547,0.0,29.0547,29.0547,29.0547,1.0,1.0,3
46,2016-11-30,29.0547,29.0547,29.0547,29.0547,345.0,29.0547,0.0,29.0547,29.0547,29.0547,1.0,345.0,2
47,2016-11-29,29.16,29.16,29.0928,29.0928,1239.0,29.16,0.0,29.16,29.0928,29.0928,1.0,1239.0,1
48,2016-11-28,29.33,29.3399,29.229,29.3399,1722.0,29.33,0.0,29.3399,29.229,29.3399,1.0,1722.0,0
49,2016-11-25,29.22,29.22,29.2067,29.2099,916.0,29.22,0.0,29.22,29.2067,29.2099,1.0,916.0,4
50,2016-11-23,29.11,29.11,29.0076,29.039,820.0,29.11,0.0,29.11,29.0076,29.039,1.0,820.0,2
51,2016-11-22,28.98,28.99,28.91,28.93,2849.0,28.98,0.0,28.99,28.91,28.93,1.0,2849.0,1
52,2016-11-21,28.87,28.93,28.8699,28.93,1406.0,28.87,0.0,28.93,28.8699,28.93,1.0,1406.0,0
53,2016-11-18,28.72,28.72,28.72,28.72,361.0,28.72,0.0,28.72,28.72,28.72,1.0,361.0,4
54,2016-11-17,28.7778,28.7778,28.7778,28.7778,0.0,28.7778,0.0,28.7778,28.7778,28.7778,1.0,0.0,3
55,2016-11-16,28.7778,28.7939,28.7778,28.7939,464.0,28.7778,0.0,28.7939,28.7778,28.7939,1.0,464.0,2
56,2016-11-15,28.8667,28.9088,28.8271,28.87,1258.0,28.8667,0.0,28.9088,28.8271,28.87,1.0,1258.0,1
57,2016-11-14,28.7837,28.7837,28.7837,28.7837,228.0,28.7837,0.0,28.7837,28.7837,28.7837,1.0,228.0,0
58,2016-11-11,28.8067,28.81,28.8067,28.8099,3547.0,28.8067,0.0,28.81,28.8067,28.8099,1.0,3547.0,4
59,2016-11-10,28.89,28.97,28.89,28.97,290.0,28.89,0.0,28.97,28.89,28.97,1.0,290.0,3
60,2016-11-09,28.87,28.89,28.87,28.89,715.0,28.87,0.0,28.89,28.87,28.89,1.0,715.0,2
61,2016-11-08,28.788,28.7942,28.788,28.7942,446.0,28.788,0.0,28.7942,28.788,28.7942,1.0,446.0,1
62,2016-11-07,28.84,28.84,28.84,28.84,0.0,28.84,0.0,28.84,28.84,28.84,1.0,0.0,0
63,2016-11-04,28.84,28.84,28.7342,28.79,1600.0,28.84,0.0,28.84,28.7342,28.79,1.0,1600.0,4
64,2016-11-03,28.8283,28.8283,28.8283,28.8283,0.0,28.8283,0.0,28.8283,28.8283,28.8283,1.0,0.0,3
65,2016-11-02,28.8283,28.8283,28.8283,28.8283,121.0,28.8283,0.0,28.8283,28.8283,28.8283,1.0,121.0,2
66,2016-11-01,28.9,28.9,28.9,28.9,214.0,28.9,0.0,28.9,28.9,28.9,1.0,214.0,1
67,2016-10-31,29.0813,29.0813,29.0813,29.0813,69.0,29.0813,0.0,29.0813,29.0813,29.0813,1.0,69.0,0
68,2016-10-28,29.0813,29.0813,29.0813,29.0813,0.0,29.0813,0.0,29.0813,29.0813,29.0813,1.0,0.0,4
69,2016-10-27,29.0813,29.0813,29.0813,29.0813,0.0,29.0813,0.0,29.0813,29.0813,29.0813,1.0,0.0,3
70,2016-10-26,29.0813,29.0813,29.0813,29.0813,0.0,29.0813,0.0,29.0813,29.0813,29.0813,1.0,0.0,2
71,2016-10-25,29.0813,29.0813,29.0813,29.0813,0.0,29.0813,0.0,29.0813,29.0813,29.0813,1.0,0.0,1
72,2016-10-24,29.0813,29.0813,29.0813,29.0813,46.0,29.0813,0.0,29.0813,29.0813,29.0813,1.0,46.0,0
73,2016-10-21,29.0813,29.0813,29.0813,29.0813,0.0,29.0813,0.0,29.0813,29.0813,29.0813,1.0,0.0,4
74,2016-10-20,29.0813,29.0813,29.0813,29.0813,1.0,29.0813,0.0,29.0813,29.0813,29.0813,1.0,1.0,3
75,2016-10-19,29.0813,29.0813,29.0813,29.0813,0.0,29.0813,0.0,29.0813,29.0813,29.0813,1.0,0.0,2
76,2016-10-18,29.0813,29.0813,29.0813,29.0813,0.0,29.0813,0.0,29.0813,29.0813,29.0813,1.0,0.0,1
77,2016-10-17,29.0813,29.0813,29.0813,29.0813,0.0,29.0813,0.0,29.0813,29.0813,29.0813,1.0,0.0,0
78,2016-10-14,29.0813,29.0813,29.0813,29.0813,0.0,29.0813,0.0,29.0813,29.0813,29.0813,1.0,0.0,4
79,2016-10-13,29.0813,29.0813,29.0813,29.0813,1.0,29.0813,0.0,29.0813,29.0813,29.0813,1.0,1.0,3
80,2016-10-12,29.0813,29.0813,29.0813,29.0813,0.0,29.0813,0.0,29.0813,29.0813,29.0813,1.0,0.0,2
81,2016-10-11,29.0813,29.0813,29.0813,29.0813,0.0,29.0813,0.0,29.0813,29.0813,29.0813,1.0,0.0,1
82,2016-10-10,29.0813,29.1257,29.0813,29.1257,900.0,29.0813,0.0,29.1257,29.0813,29.1257,1.0,900.0,0
83,2016-10-07,29.29,29.29,29.29,29.29,150.0,29.29,0.0,29.29,29.29,29.29,1.0,150.0,4
84,2016-10-06,29.2485,29.2485,29.2485,29.2485,0.0,29.2485,0.0,29.2485,29.2485,29.2485,1.0,0.0,3
85,2016-10-05,29.2485,29.2485,29.2485,29.2485,0.0,29.2485,0.0,29.2485,29.2485,29.2485,1.0,0.0,2
86,2016-10-04,29.2485,29.2485,29.2485,29.2485,0.0,29.2485,0.0,29.2485,29.2485,29.2485,1.0,0.0,1
87,2016-10-03,29.2485,29.2485,29.2485,29.2485,200.0,29.2485,0.0,29.2485,29.2485,29.2485,1.0,200.0,0
88,2016-09-30,29.265,29.265,29.265,29.265,800.0,29.265,0.0,29.265,29.265,29.265,1.0,800.0,4
89,2016-09-29,29.2599,29.2599,29.2599,29.2599,266.0,29.2599,0.0,29.2599,29.2599,29.2599,1.0,266.0,3
90,2016-09-28,29.13,29.13,29.13,29.13,0.0,29.13,0.0,29.13,29.13,29.13,1.0,0.0,2
91,2016-09-27,29.13,29.13,29.13,29.13,0.0,29.13,0.0,29.13,29.13,29.13,1.0,0.0,1
92,2016-09-26,29.13,29.13,29.13,29.13,0.0,29.13,0.0,29.13,29.13,29.13,1.0,0.0,0
93,2016-09-23,29.13,29.13,29.13,29.13,53.0,29.13,0.0,29.13,29.13,29.13,1.0,53.0,4
94,2016-09-22,29.13,29.13,29.13,29.13,0.0,29.13,0.0,29.13,29.13,29.13,1.0,0.0,3
95,2016-09-21,29.13,29.13,29.13,29.13,15.0,29.13,0.0,29.13,29.13,29.13,1.0,15.0,2
96,2016-09-20,29.13,29.13,29.13,29.13,0.0,29.13,0.0,29.13,29.13,29.13,1.0,0.0,1
97,2016-09-19,29.13,29.13,29.13,29.13,0.0,29.13,0.0,29.13,29.13,29.13,1.0,0.0,0
98,2016-09-16,29.13,29.13,29.13,29.13,68.0,29.13,0.0,29.13,29.13,29.13,1.0,68.0,4
99,2016-09-15,29.13,29.13,29.13,29.13,0.0,29.13,0.0,29.13,29.13,29.13,1.0,0.0,3
100,2016-09-14,29.13,29.13,29.13,29.13,0.0,29.13,0.0,29.13,29.13,29.13,1.0,0.0,2
101,2016-09-13,29.13,29.13,29.13,29.13,0.0,29.13,0.0,29.13,29.13,29.13,1.0,0.0,1
102,2016-09-12,29.13,29.13,29.13,29.13,0.0,29.13,0.0,29.13,29.13,29.13,1.0,0.0,0
103,2016-09-09,29.13,29.13,29.13,29.13,173.0,29.13,0.0,29.13,29.13,29.13,1.0,173.0,4
104,2016-09-08,29.13,29.13,29.13,29.13,0.0,29.13,0.0,29.13,29.13,29.13,1.0,0.0,3
105,2016-09-07,29.13,29.13,29.13,29.13,9621.0,29.13,0.0,29.13,29.13,29.13,1.0,9621.0,2
106,2016-09-06,29.2,29.2,29.2,29.2,0.0,29.2,0.0,29.2,29.2,29.2,1.0,0.0,1
107,2016-09-02,29.2,29.2,29.2,29.2,0.0,29.2,0.0,29.2,29.2,29.2,1.0,0.0,4
108,2016-09-01,29.2,29.2,29.2,29.2,68.0,29.2,0.0,29.2,29.2,29.2,1.0,68.0,3
109,2016-08-31,29.2,29.2,29.2,29.2,199.0,29.2,0.0,29.2,29.2,29.2,1.0,199.0,2
110,2016-08-30,29.156,29.156,29.156,29.156,1.0,29.156,0.0,29.156,29.156,29.156,1.0,1.0,1
111,2016-08-29,29.156,29.156,29.156,29.156,3.0,29.156,0.0,29.156,29.156,29.156,1.0,3.0,0
112,2016-08-26,29.156,29.156,29.156,29.156,0.0,29.156,0.0,29.156,29.156,29.156,1.0,0.0,4
113,2016-08-25,29.156,29.17,29.156,29.17,1804.0,29.156,0.0,29.17,29.156,29.17,1.0,1804.0,3
114,2016-08-24,29.16,29.22,29.16,29.1792,370.0,29.16,0.0,29.22,29.16,29.1792,1.0,370.0,2
115,2016-08-23,29.2993,29.3,29.2993,29.3,300.0,29.2993,0.0,29.3,29.2993,29.3,1.0,300.0,1
116,2016-08-22,29.09,29.09,29.09,29.09,68.0,29.09,0.0,29.09,29.09,29.09,1.0,68.0,0
117,2016-08-19,29.09,29.13,29.08,29.08,337.0,29.09,0.0,29.13,29.08,29.08,1.0,337.0,4
118,2016-08-18,29.415,29.415,29.415,29.415,0.0,29.415,0.0,29.415,29.415,29.415,1.0,0.0,3
119,2016-08-17,29.415,29.415,29.415,29.415,0.0,29.415,0.0,29.415,29.415,29.415,1.0,0.0,2
120,2016-08-16,29.415,29.415,29.415,29.415,0.0,29.415,0.0,29.415,29.415,29.415,1.0,0.0,1
121,2016-08-15,29.415,29.415,29.415,29.415,6.0,29.415,0.0,29.415,29.415,29.415,1.0,6.0,0
122,2016-08-12,29.415,29.415,29.415,29.415,337.0,29.415,0.0,29.415,29.415,29.415,1.0,337.0,4
123,2016-08-11,29.73,29.73,29.73,29.73,0.0,29.73,0.0,29.73,29.73,29.73,1.0,0.0,3
124,2016-08-10,29.73,29.8,29.7,29.8,2060.0,29.73,0.0,29.8,29.7,29.8,1.0,2060.0,2
125,2016-08-09,29.78,29.78,29.78,29.78,657.0,29.78,0.0,29.78,29.78,29.78,1.0,657.0,1
126,2016-08-08,29.82,29.82,29.82,29.82,698.0,29.82,0.0,29.82,29.82,29.82,1.0,698.0,0
127,2016-08-05,29.78,29.78,29.78,29.78,200.0,29.78,0.0,29.78,29.78,29.78,1.0,200.0,4
128,2016-08-04,29.78,29.78,29.78,29.78,0.0,29.78,0.0,29.78,29.78,29.78,1.0,0.0,3
129,2016-08-03,29.78,32.0,29.56,29.63,13555.0,29.78,0.0,32.0,29.56,29.63,1.0,13555.0,2
130,2016-08-02,29.6799,29.6799,29.6799,29.6799,1000.0,29.6799,0.0,29.6799,29.6799,29.6799,1.0,1000.0,1
131,2016-08-01,29.6271,29.63,29.6271,29.63,350.0,29.6271,0.0,29.63,29.6271,29.63,1.0,350.0,0
132,2016-07-29,29.49,29.49,29.49,29.49,0.0,29.49,0.0,29.49,29.49,29.49,1.0,0.0,4
133,2016-07-28,29.49,29.49,29.49,29.49,0.0,29.49,0.0,29.49,29.49,29.49,1.0,0.0,3
134,2016-07-27,29.49,29.49,29.49,29.49,0.0,29.49,0.0,29.49,29.49,29.49,1.0,0.0,2
135,2016-07-26,29.49,29.49,29.49,29.49,1000.0,29.49,0.0,29.49,29.49,29.49,1.0,1000.0,1
136,2016-07-25,29.34,29.41,29.34,29.41,201.0,29.34,0.0,29.41,29.34,29.41,1.0,201.0,0
137,2016-07-22,29.625,29.625,29.625,29.625,0.0,29.625,0.0,29.625,29.625,29.625,1.0,0.0,4
138,2016-07-21,29.625,29.625,29.625,29.625,48.0,29.625,0.0,29.625,29.625,29.625,1.0,48.0,3
139,2016-07-20,29.625,29.625,29.625,29.625,7.0,29.625,0.0,29.625,29.625,29.625,1.0,7.0,2
140,2016-07-19,29.625,29.625,29.625,29.625,600.0,29.625,0.0,29.625,29.625,29.625,1.0,600.0,1
141,2016-07-18,30.2,30.2,30.2,30.2,7.0,30.2,0.0,30.2,30.2,30.2,1.0,7.0,0
142,2016-07-15,30.2,30.2,30.2,30.2,0.0,30.2,0.0,30.2,30.2,30.2,1.0,0.0,4
143,2016-07-14,30.2,30.2,30.2,30.2,55.0,30.2,0.0,30.2,30.2,30.2,1.0,55.0,3
144,2016-07-13,30.2,30.2,29.94,30.02,550.0,30.2,0.0,30.2,29.94,30.02,1.0,550.0,2
145,2016-07-12,30.03,30.03,30.03,30.03,0.0,30.03,0.0,30.03,30.03,30.03,1.0,0.0,1
146,2016-07-11,30.03,30.03,29.93,29.93,316.0,30.03,0.0,30.03,29.93,29.93,1.0,316.0,0
147,2016-07-08,29.95,29.95,29.95,29.95,0.0,29.95,0.0,29.95,29.95,29.95,1.0,0.0,4
148,2016-07-07,29.95,29.95,29.95,29.95,75.0,29.95,0.0,29.95,29.95,29.95,1.0,75.0,3
149,2016-07-06,29.95,29.95,29.95,29.95,0.0,29.95,0.0,29.95,29.95,29.95,1.0,0.0,2
150,2016-07-05,29.95,29.95,29.95,29.95,200.0,29.95,0.0,29.95,29.95,29.95,1.0,200.0,1
151,2016-07-01,29.57,29.57,29.57,29.57,0.0,29.57,0.0,29.57,29.57,29.57,1.0,0.0,4
152,2016-06-30,29.57,29.57,29.57,29.57,0.0,29.57,0.0,29.57,29.57,29.57,1.0,0.0,3
153,2016-06-29,29.57,29.57,29.57,29.57,0.0,29.57,0.0,29.57,29.57,29.57,1.0,0.0,2
154,2016-06-28,29.57,29.57,29.57,29.57,0.0,29.57,0.0,29.57,29.57,29.57,1.0,0.0,1
155,2016-06-27,29.57,29.57,29.55,29.55,200.0,29.57,0.0,29.57,29.55,29.55,1.0,200.0,0
156,2016-06-24,29.6,29.6,29.6,29.6,100.0,29.6,0.0,29.6,29.6,29.6,1.0,100.0,4
157,2016-06-23,29.6,29.6,29.6,29.6,200.0,29.6,0.0,29.6,29.6,29.6,1.0,200.0,3
158,2016-06-22,29.5505,29.5505,29.5505,29.5505,0.0,29.5505,0.0,29.5505,29.5505,29.5505,1.0,0.0,2
159,2016-06-21,29.5505,29.5505,29.51,29.51,400.0,29.5505,0.0,29.5505,29.51,29.51,1.0,400.0,1
160,2016-06-20,29.75,29.75,29.75,29.75,500.0,29.75,0.0,29.75,29.75,29.75,1.0,500.0,0
161,2016-06-17,29.85,29.92,29.85,29.92,2804.0,29.85,0.0,29.92,29.85,29.92,1.0,2804.0,4
162,2016-06-16,29.86,29.86,29.86,29.86,0.0,29.86,0.0,29.86,29.86,29.86,1.0,0.0,3
163,2016-06-15,29.86,29.86,29.86,29.86,0.0,29.86,0.0,29.86,29.86,29.86,1.0,0.0,2
164,2016-06-14,29.86,29.86,29.86,29.86,0.0,29.86,0.0,29.86,29.86,29.86,1.0,0.0,1
165,2016-06-13,29.86,29.86,29.86,29.86,0.0,29.86,0.0,29.86,29.86,29.86,1.0,0.0,0
166,2016-06-10,29.86,29.86,29.86,29.86,36.0,29.86,0.0,29.86,29.86,29.86,1.0,36.0,4
167,2016-06-09,29.86,29.86,29.86,29.86,0.0,29.86,0.0,29.86,29.86,29.86,1.0,0.0,3
168,2016-06-08,29.86,29.86,29.86,29.86,0.0,29.86,0.0,29.86,29.86,29.86,1.0,0.0,2
169,2016-06-07,29.86,29.86,29.86,29.86,10.0,29.86,0.0,29.86,29.86,29.86,1.0,10.0,1
170,2016-06-06,29.86,29.86,29.86,29.86,0.0,29.86,0.0,29.86,29.86,29.86,1.0,0.0,0
171,2016-06-03,29.86,29.86,29.86,29.86,200.0,29.86,0.0,29.86,29.86,29.86,1.0,200.0,4
172,2016-06-02,29.9171,31.0,29.9171,31.0,336.0,29.9171,0.0,31.0,29.9171,31.0,1.0,336.0,3
173,2016-06-01,29.7501,29.79,29.7501,29.79,300.0,29.7501,0.0,29.79,29.7501,29.79,1.0,300.0,2
174,2016-05-31,30.0,30.0,30.0,30.0,220.0,30.0,0.0,30.0,30.0,30.0,1.0,220.0,1
175,2016-05-27,29.9001,29.95,29.8901,29.9299,1400.0,29.9001,0.0,29.95,29.8901,29.9299,1.0,1400.0,4
176,2016-05-26,29.8701,29.8701,29.8701,29.8701,95.0,29.8701,0.0,29.8701,29.8701,29.8701,1.0,95.0,3
177,2016-05-25,29.8701,29.8701,29.8701,29.8701,0.0,29.8701,0.0,29.8701,29.8701,29.8701,1.0,0.0,2
178,2016-05-24,29.8701,29.8701,29.8701,29.8701,0.0,29.8701,0.0,29.8701,29.8701,29.8701,1.0,0.0,1
179,2016-05-23,29.8701,29.93,29.87,29.87,515.0,29.8701,0.0,29.93,29.87,29.87,1.0,515.0,0
