,Unnamed: 0,adj_close,adj_high,adj_low,adj_open,adj_volume,close,ex_dividend,high,low,open,split_ratio,volume,Day of Week
0,2017-02-10,26.93,26.96,26.75,26.8999,4625.0,26.93,0.0,26.96,26.75,26.8999,1.0,4625.0,4
1,2017-02-09,26.8,26.89,26.8,26.85,4885.0,26.8,0.0,26.89,26.8,26.85,1.0,4885.0,3
2,2017-02-08,26.73,26.73,26.7146,26.73,2344.0,26.73,0.0,26.73,26.7146,26.73,1.0,2344.0,2
3,2017-02-07,26.74,26.7499,26.72,26.72,1890.0,26.74,0.0,26.7499,26.72,26.72,1.0,1890.0,1
4,2017-02-06,26.5733,26.6326,26.5733,26.6326,1675.0,26.5733,0.0,26.6326,26.5733,26.6326,1.0,1675.0,0
5,2017-02-03,26.71,26.73,26.52,26.73,6834.0,26.71,0.0,26.73,26.52,26.73,1.0,6834.0,4
6,2017-02-02,26.38,26.39,26.204,26.32,12371.0,26.38,0.0,26.39,26.204,26.32,1.0,12371.0,3
7,2017-02-01,26.3525,26.5,26.2805,26.33,98992.0,26.3525,0.0,26.5,26.2805,26.33,1.0,98992.0,2
8,2017-01-31,26.3699,26.3699,26.2188,26.2188,3352.0,26.3699,0.0,26.3699,26.2188,26.2188,1.0,3352.0,1
9,2017-01-30,26.4499,26.4499,26.4499,26.4499,30.0,26.4499,0.0,26.4499,26.4499,26.4499,1.0,30.0,0
10,2017-01-27,26.4499,26.45,26.426,26.4499,3839.0,26.4499,0.0,26.45,26.426,26.4499,1.0,3839.0,4
11,2017-01-26,26.4558,26.4558,26.4558,26.4558,252.0,26.4558,0.0,26.4558,26.4558,26.4558,1.0,252.0,3
12,2017-01-25,26.27,26.52,26.27,26.311,14559.0,26.27,0.0,26.52,26.27,26.311,1.0,14559.0,2
13,2017-01-24,26.325,26.325,26.19,26.19,3845.0,26.325,0.0,26.325,26.19,26.19,1.0,3845.0,1
14,2017-01-23,26.19,26.19,26.0001,26.1344,6370.0,26.19,0.0,26.19,26.0001,26.1344,1.0,6370.0,0
15,2017-01-20,26.1999,26.3541,26.1999,26.3541,371.0,26.1999,0.03,26.3541,26.1999,26.3541,1.0,371.0,4
16,2017-01-19,26.1999998856267,26.2399541363101,26.0301943202223,26.1391695389613,8441.0,26.23,0.0,26.27,26.06,26.1691,1.0,8441.0,3
17,2017-01-18,26.289896949664303,26.289896949664303,26.0102171948806,26.180022760285002,15479.0,26.32,0.0,26.32,26.04,26.21,1.0,15479.0,2
18,2017-01-17,26.319862637676803,28.327463848890005,26.172031910148302,26.2199770109684,21356.0,26.35,0.0,28.3599,26.201999999999998,26.25,1.0,21356.0,1
19,2017-01-13,26.4796796404104,26.484673921745802,26.180821845298702,26.2399541363101,12857.0,26.51,0.0,26.515,26.2108,26.27,1.0,12857.0,4
20,2017-01-12,26.289896949664303,26.289896949664303,26.0593609232212,26.2099884482976,4809.0,26.32,0.0,26.32,26.0892,26.24,1.0,4809.0,3
21,2017-01-11,26.1500570722725,26.1900113229559,26.100214144545003,26.1900113229559,2014.0,26.18,0.0,26.22,26.1301,26.22,1.0,2014.0,2
22,2017-01-10,26.180022760285002,26.180022760285002,26.180022760285002,26.180022760285002,0.0,26.21,0.0,26.21,26.21,26.21,1.0,0.0,1
23,2017-01-09,26.180022760285002,26.2099884482976,26.134275143252502,26.2099884482976,1620.0,26.21,0.0,26.24,26.1642,26.24,1.0,1620.0,0
24,2017-01-06,26.0002286322098,26.0002286322098,25.9345038898356,25.9345038898356,2897.0,26.03,0.0,26.03,25.9642,25.9642,1.0,2897.0,4
25,2017-01-05,26.0301943202223,26.050171445563997,26.004224057278105,26.050171445563997,3481.0,26.06,0.0,26.08,26.034000000000002,26.08,1.0,3481.0,3
26,2017-01-04,25.8903544428305,25.8903544428305,25.835417348140897,25.8404116294763,8550.0,25.92,0.0,25.92,25.865,25.87,1.0,8550.0,2
27,2017-01-03,25.800457378792895,27.406818027518202,25.790468816122104,25.9602743815264,15568.0,25.83,0.0,27.4382,25.82,25.99,1.0,15568.0,1
28,2016-12-30,25.9702629441973,26.050171445563997,25.9702629441973,26.050171445563997,338.0,26.0,0.0,26.08,26.0,26.08,1.0,338.0,4
29,2016-12-29,25.9702629441973,26.1699343119875,25.9702629441973,26.131078803197898,19232.0,26.0,0.0,26.1999,26.0,26.160999999999998,1.0,19232.0,3
30,2016-12-28,25.810745598343896,25.810745598343896,25.791267901135697,25.791267901135697,631.0,25.8403,0.0,25.8403,25.8208,25.8208,1.0,631.0,2
31,2016-12-27,25.760403242482802,25.860388754818,25.760403242482802,25.860388754818,3153.0,25.7899,0.0,25.89,25.7899,25.89,1.0,3153.0,1
32,2016-12-23,25.771290775794,25.800457378792895,25.771290775794,25.7876720185742,701.0,25.8008,0.0,25.83,25.8008,25.8172,1.0,701.0,4
33,2016-12-22,25.780380367824502,25.780380367824502,25.780380367824502,25.780380367824502,475.0,25.8099,0.0,25.8099,25.8099,25.8099,1.0,475.0,3
34,2016-12-21,25.8404116294763,25.850400192147102,25.3773418640559,25.634647238456896,6316.0,25.87,0.1599,25.88,25.4064,25.664,1.0,6316.0,2
35,2016-12-20,25.741635953921104,25.870292512232197,25.741635953921104,25.761093272925,24099.0,25.9304,0.0,26.06,25.9304,25.95,1.0,24099.0,1
36,2016-12-19,25.810729290791897,27.299809826799102,25.5228403871638,25.6221124228976,62726.0,26.0,0.0,27.5,25.71,25.81,1.0,62726.0,0
37,2016-12-16,26.1283998051401,26.2475262480207,25.5625492014573,25.612185219324196,10596.0,26.32,0.0,26.44,25.75,25.8,1.0,10596.0,4
38,2016-12-15,25.8319735064389,25.850438105085395,25.520854946449102,25.721384458631395,76021.0,26.0214,0.0,26.04,25.708000000000002,25.91,1.0,76021.0,3
39,2016-12-14,25.9556664629632,26.0092733622595,25.8305836979386,26.0092733622595,5604.0,26.146,0.0,26.2,26.02,26.2,1.0,5604.0,2
40,2016-12-13,25.969564547965998,25.979491751539395,25.8747597538402,25.8747597538402,5726.0,26.16,0.0,26.17,26.0645,26.0645,1.0,5726.0,1
41,2016-12-12,25.710067446557805,25.949710140819203,25.710067446557805,25.949710140819203,2424.0,25.8986,0.0,26.14,25.8986,26.14,1.0,2424.0,0
42,2016-12-09,26.060597004733896,26.217744637300502,25.9298557336725,26.0092733622595,9421.0,26.2517,0.0,26.41,26.12,26.2,1.0,9421.0,4
43,2016-12-08,26.0589093801264,26.0589093801264,25.8675128952316,25.9192336258489,8938.0,26.25,0.0,26.25,26.0572,26.1093,1.0,8938.0,3
44,2016-12-07,25.4136411478566,25.9199285300991,25.4136411478566,25.552621997884003,9555.0,25.6,0.0,26.11,25.6,25.74,1.0,9555.0,2
45,2016-12-06,25.7710204764984,25.8305836979386,25.2744617537578,25.2744617537578,44130.0,25.96,0.0,26.02,25.4598,25.4598,1.0,44130.0,1
46,2016-12-05,25.294316160904604,25.5625492014573,25.294316160904604,25.5327675907372,7026.0,25.4798,0.0,25.75,25.4798,25.72,1.0,7026.0,0
47,2016-12-02,25.3822711845647,25.4037139442832,25.3822711845647,25.4037139442832,633.0,25.5684,0.0,25.59,25.5684,25.59,1.0,633.0,4
48,2016-12-01,25.6841574452313,25.7511660693516,25.6841574452313,25.747493004029398,4070.0,25.8725,0.0,25.94,25.8725,25.9363,1.0,4070.0,3
49,2016-11-30,25.612185219324196,25.612185219324196,25.483131572870303,25.612185219324196,3042.0,25.8,0.0,25.8,25.67,25.8,1.0,3042.0,2
50,2016-11-29,25.6928933843758,25.7313116622048,25.6452428072236,25.7312123901691,1496.0,25.8813,0.0,25.92,25.8333,25.9199,1.0,1496.0,1
51,2016-11-28,25.6737338814792,25.810729290791897,25.6737338814792,25.761093272925,1039.0,25.862,0.0,26.0,25.862,25.95,1.0,1039.0,0
52,2016-11-25,25.671252080585898,25.671252080585898,25.671252080585898,25.671252080585898,0.0,25.8595,0.0,25.8595,25.8595,25.8595,1.0,0.0,4
53,2016-11-23,25.671252080585898,25.711457255058104,25.671252080585898,25.7015300514847,1068.0,25.8595,0.0,25.9,25.8595,25.89,1.0,1068.0,2
54,2016-11-22,25.6618212371912,25.681675644337897,25.6180422694325,25.623402959362195,218351.0,25.85,0.03,25.87,25.8059,25.8113,1.0,218351.0,1
55,2016-11-21,25.6815534722228,25.6816526291828,25.384181749308098,25.4337602292872,45635.0,25.8999,0.0,25.9,25.6,25.65,1.0,45635.0,0
56,2016-11-18,25.5824956692246,25.7411468051577,25.5824956692246,25.6816526291828,5707.0,25.8,0.0,25.96,25.8,25.9,1.0,5707.0,4
57,2016-11-17,25.711399717170302,25.711399717170302,25.185867829391604,25.215614917379103,8289.0,25.93,0.0,25.93,25.4,25.43,1.0,8289.0,3
58,2016-11-16,25.0867108694334,25.0867108694334,25.017300997462602,25.017300997462602,2085.0,25.3,0.0,25.3,25.23,25.23,1.0,2085.0,2
59,2016-11-15,25.2453620053666,25.2453620053666,25.0272166934584,25.185867829391604,2360.0,25.46,0.0,25.46,25.24,25.4,1.0,2360.0,1
60,2016-11-14,24.878481253521105,24.918144037504398,24.838818469537802,24.838818469537802,800.0,25.09,0.0,25.13,25.05,25.05,1.0,800.0,0
61,2016-11-11,25.136289349412497,25.136289349412497,24.828902773541998,24.838818469537802,14470.0,25.35,0.0,25.35,25.04,25.05,1.0,14470.0,4
62,2016-11-10,25.0272166934584,25.0272166934584,24.847841752894002,24.888396949516896,7127.0,25.24,0.0,25.24,25.0591,25.1,1.0,7127.0,3
63,2016-11-09,24.8983126455127,25.0866117124734,24.7396615095796,24.9875539094752,15689.0,25.11,0.0,25.2999,24.95,25.2,1.0,15689.0,2
64,2016-11-08,24.957806821487697,25.0272166934584,24.789239989558702,24.789239989558702,36310.0,25.17,0.0,25.24,25.0,25.0,1.0,36310.0,1
65,2016-11-07,24.709914421592103,24.858649861529496,24.600841765638,24.650420245617198,103813.0,24.92,0.0,25.07,24.81,24.86,1.0,103813.0,0
66,2016-11-04,24.9180448805444,24.9180448805444,24.6405045496213,24.6405045496213,16520.0,25.1299,0.0,25.1299,24.85,24.85,1.0,16520.0,4
67,2016-11-03,24.8103604220298,24.8103604220298,24.660335941613003,24.759592058531197,6554.0,25.0213,0.0,25.0213,24.87,24.9701,1.0,6554.0,3
68,2016-11-02,24.8487341655336,24.918144037504398,24.759492901571196,24.789239989558702,13400.0,25.06,0.0,25.13,24.97,25.0,1.0,13400.0,2
69,2016-11-01,25.044965789291002,25.1759521333958,24.9875539094752,24.9875539094752,5521.0,25.2579,0.0,25.39,25.2,25.2,1.0,5521.0,1
70,2016-10-31,25.215714074339104,25.215714074339104,25.215714074339104,25.215714074339104,549.0,25.4301,0.0,25.4301,25.4301,25.4301,1.0,549.0,0
71,2016-10-28,25.242387296567802,25.384181749308098,24.957806821487697,25.2056992213833,1620.0,25.456999999999997,0.0,25.6,25.17,25.42,1.0,1620.0,4
72,2016-10-27,25.275109093354,25.275109093354,25.124489671177503,25.2453620053666,1775.0,25.49,0.0,25.49,25.3381,25.46,1.0,1775.0,3
73,2016-10-26,25.314771877337304,25.314771877337304,25.314771877337304,25.314771877337304,22.0,25.53,0.0,25.53,25.53,25.53,1.0,22.0,2
74,2016-10-25,25.314771877337304,25.314771877337304,25.314771877337304,25.314771877337304,47.0,25.53,0.0,25.53,25.53,25.53,1.0,47.0,1
75,2016-10-24,25.314771877337304,25.314771877337304,25.314771877337304,25.314771877337304,16.0,25.53,0.0,25.53,25.53,25.53,1.0,16.0,0
76,2016-10-21,25.314771877337304,25.334504112369,25.314771877337304,25.334504112369,718.0,25.53,0.03,25.5499,25.53,25.5499,1.0,718.0,4
77,2016-10-20,25.294963761627397,25.3246759351923,25.255347530207402,25.255347530207402,3981.0,25.54,0.0,25.57,25.5,25.5,1.0,3981.0,3
78,2016-10-19,25.2652515880624,25.2652515880624,25.2652515880624,25.2652515880624,850.0,25.51,0.0,25.51,25.51,25.51,1.0,850.0,2
79,2016-10-18,25.027752280699897,25.041320839961198,25.0213146430942,25.041320839961198,1327.0,25.2702,0.0,25.2839,25.2637,25.2839,1.0,1327.0,1
80,2016-10-17,25.0201261561516,25.0201261561516,25.0201261561516,25.0201261561516,162.0,25.2625,0.0,25.2625,25.2625,25.2625,1.0,162.0,0
81,2016-10-14,25.161258980585103,26.2457533157058,24.9978420259779,26.2457533157058,130023.0,25.405,0.0,26.5,25.24,26.5,1.0,130023.0,4
82,2016-10-13,25.1364988359476,25.1464028938026,24.9978420259779,25.1018346334552,230622.0,25.38,0.0,25.39,25.24,25.345,1.0,230622.0,3
83,2016-10-12,25.3306183699053,25.3444840509023,25.275155645917398,25.275155645917398,2090.0,25.576,0.0,25.59,25.52,25.52,1.0,2090.0,2
84,2016-10-11,25.869399117216396,25.869399117216396,25.869399117216396,25.869399117216396,0.0,26.12,0.0,26.12,26.12,26.12,1.0,0.0,1
85,2016-10-10,25.869399117216396,25.869399117216396,25.869399117216396,25.869399117216396,0.0,26.12,0.0,26.12,26.12,26.12,1.0,0.0,0
86,2016-10-07,25.869399117216396,25.869399117216396,25.869399117216396,25.869399117216396,286.0,26.12,0.0,26.12,26.12,26.12,1.0,286.0,4
87,2016-10-06,25.8396869436514,25.8396869436514,25.8396869436514,25.8396869436514,186.0,26.09,0.0,26.09,26.09,26.09,1.0,186.0,3
88,2016-10-05,25.9684396957662,25.9684396957662,25.9684396957662,25.9684396957662,0.0,26.22,0.0,26.22,26.22,26.22,1.0,0.0,2
89,2016-10-04,25.9684396957662,25.9684396957662,25.9684396957662,25.9684396957662,1.0,26.22,0.0,26.22,26.22,26.22,1.0,1.0,1
90,2016-10-03,25.9684396957662,25.9684396957662,25.9684396957662,25.9684396957662,0.0,26.22,0.0,26.22,26.22,26.22,1.0,0.0,0
91,2016-09-30,25.9684396957662,25.9684396957662,25.9684396957662,25.9684396957662,0.0,26.22,0.0,26.22,26.22,26.22,1.0,0.0,4
92,2016-09-29,25.9684396957662,25.9684396957662,25.9585356379112,25.9683406551877,629.0,26.22,0.0,26.22,26.21,26.2199,1.0,629.0,3
93,2016-09-28,25.8495910015064,25.8495910015064,25.8495910015064,25.8495910015064,0.0,26.1,0.0,26.1,26.1,26.1,1.0,0.0,2
94,2016-09-27,25.8495910015064,25.8495910015064,25.8495910015064,25.8495910015064,2.0,26.1,0.0,26.1,26.1,26.1,1.0,2.0,1
95,2016-09-26,25.8495910015064,25.8495910015064,25.8495910015064,25.8495910015064,0.0,26.1,0.0,26.1,26.1,26.1,1.0,0.0,0
96,2016-09-23,25.8495910015064,25.8495910015064,25.8495910015064,25.8495910015064,0.0,26.1,0.0,26.1,26.1,26.1,1.0,0.0,4
97,2016-09-22,25.8495910015064,25.8495910015064,25.8396869436514,25.8396869436514,2291.0,26.1,0.0,26.1,26.09,26.09,1.0,2291.0,3
98,2016-09-21,25.7406463651016,25.7406463651016,25.7406463651016,25.7406463651016,0.0,25.99,0.03,25.99,25.99,25.99,1.0,0.0,2
99,2016-09-20,25.7109684484624,25.958284420456,25.7109684484624,25.9384991426965,794.0,25.99,0.0,26.24,25.99,26.22,1.0,794.0,1
100,2016-09-19,24.9393426158421,24.9393426158421,24.929548903351197,24.929548903351197,1294.0,25.21,0.0,25.21,25.2001,25.2001,1.0,1294.0,0
101,2016-09-16,25.473545115348397,25.473545115348397,25.473545115348397,25.473545115348397,0.0,25.75,0.0,25.75,25.75,25.75,1.0,0.0,4
102,2016-09-15,25.473545115348397,25.473545115348397,25.473545115348397,25.473545115348397,0.0,25.75,0.0,25.75,25.75,25.75,1.0,0.0,3
103,2016-09-14,25.473545115348397,25.473545115348397,25.473545115348397,25.473545115348397,0.0,25.75,0.0,25.75,25.75,25.75,1.0,0.0,2
104,2016-09-13,25.473545115348397,25.473545115348397,25.473545115348397,25.473545115348397,1.0,25.75,0.0,25.75,25.75,25.75,1.0,1.0,1
105,2016-09-12,25.473545115348397,25.473545115348397,25.473545115348397,25.473545115348397,447.0,25.75,0.0,25.75,25.75,25.75,1.0,447.0,0
106,2016-09-09,25.839572753899102,25.839572753899102,25.839572753899102,25.839572753899102,250.0,26.12,0.0,26.12,26.12,26.12,1.0,250.0,4
107,2016-09-08,25.829680115019304,25.829680115019304,25.829680115019304,25.829680115019304,0.0,26.11,0.0,26.11,26.11,26.11,1.0,0.0,3
108,2016-09-07,25.829680115019304,25.829680115019304,25.829680115019304,25.829680115019304,0.0,26.11,0.0,26.11,26.11,26.11,1.0,0.0,2
109,2016-09-06,25.829680115019304,25.829680115019304,25.829680115019304,25.829680115019304,0.0,26.11,0.0,26.11,26.11,26.11,1.0,0.0,1
110,2016-09-02,25.829680115019304,25.829680115019304,25.829680115019304,25.829680115019304,0.0,26.11,0.0,26.11,26.11,26.11,1.0,0.0,4
111,2016-09-01,25.829680115019304,25.829680115019304,25.829680115019304,25.829680115019304,0.0,26.11,0.0,26.11,26.11,26.11,1.0,0.0,3
112,2016-08-31,25.829680115019304,25.829680115019304,25.829680115019304,25.829680115019304,0.0,26.11,0.0,26.11,26.11,26.11,1.0,0.0,2
113,2016-08-30,25.829680115019304,25.829680115019304,25.829680115019304,25.829680115019304,0.0,26.11,0.0,26.11,26.11,26.11,1.0,0.0,1
114,2016-08-29,25.829680115019304,25.829680115019304,25.829680115019304,25.829680115019304,0.0,26.11,0.0,26.11,26.11,26.11,1.0,0.0,0
115,2016-08-26,25.829680115019304,25.829680115019304,25.829680115019304,25.829680115019304,2.0,26.11,0.0,26.11,26.11,26.11,1.0,2.0,4
116,2016-08-25,25.8593580316586,25.8593580316586,25.8593580316586,25.8593580316586,0.0,26.14,0.0,26.14,26.14,26.14,1.0,0.0,3
117,2016-08-24,25.8593580316586,25.8593580316586,25.8593580316586,25.8593580316586,0.0,26.14,0.0,26.14,26.14,26.14,1.0,0.0,2
118,2016-08-23,25.8593580316586,25.8593580316586,25.8593580316586,25.8593580316586,0.0,26.14,0.03,26.14,26.14,26.14,1.0,0.0,1
119,2016-08-22,25.829714136322302,25.829714136322302,25.829714136322302,25.829714136322302,6.0,26.14,0.0,26.14,26.14,26.14,1.0,6.0,0
120,2016-08-19,25.829714136322302,25.829714136322302,25.829714136322302,25.829714136322302,0.0,26.14,0.0,26.14,26.14,26.14,1.0,0.0,4
121,2016-08-18,25.829714136322302,25.829714136322302,25.829714136322302,25.829714136322302,0.0,26.14,0.0,26.14,26.14,26.14,1.0,0.0,3
122,2016-08-17,25.829714136322302,25.829714136322302,25.829714136322302,25.829714136322302,0.0,26.14,0.0,26.14,26.14,26.14,1.0,0.0,2
123,2016-08-16,25.829714136322302,25.829714136322302,25.829714136322302,25.829714136322302,0.0,26.14,0.0,26.14,26.14,26.14,1.0,0.0,1
124,2016-08-15,25.829714136322302,25.829714136322302,25.6222068689685,25.6222068689685,1600.0,26.14,0.0,26.14,25.93,25.93,1.0,1600.0,0
125,2016-08-12,25.869239330103998,25.869239330103998,25.869239330103998,25.869239330103998,0.0,26.18,0.0,26.18,26.18,26.18,1.0,0.0,4
126,2016-08-11,25.869239330103998,25.869239330103998,25.869239330103998,25.869239330103998,0.0,26.18,0.0,26.18,26.18,26.18,1.0,0.0,3
127,2016-08-10,25.869239330103998,25.869239330103998,25.869239330103998,25.869239330103998,200.0,26.18,0.0,26.18,26.18,26.18,1.0,200.0,2
128,2016-08-09,25.3455305124968,25.3455305124968,25.3455305124968,25.3455305124968,0.0,25.65,0.0,25.65,25.65,25.65,1.0,0.0,1
129,2016-08-08,25.3455305124968,25.3455305124968,25.3455305124968,25.3455305124968,0.0,25.65,0.0,25.65,25.65,25.65,1.0,0.0,0
130,2016-08-05,25.3455305124968,25.3455305124968,25.3455305124968,25.3455305124968,0.0,25.65,0.0,25.65,25.65,25.65,1.0,0.0,4
131,2016-08-04,25.3455305124968,25.3455305124968,25.3455305124968,25.3455305124968,0.0,25.65,0.0,25.65,25.65,25.65,1.0,0.0,3
132,2016-08-03,25.3455305124968,25.3455305124968,25.3455305124968,25.3455305124968,10000.0,25.65,0.0,25.65,25.65,25.65,1.0,10000.0,2
133,2016-08-02,25.5470101877989,25.5470101877989,25.5470101877989,25.5470101877989,200.0,25.8539,0.0,25.8539,25.8539,25.8539,1.0,200.0,1
134,2016-08-01,25.681494659641,25.681494659641,25.681494659641,25.681494659641,0.0,25.99,0.0,25.99,25.99,25.99,1.0,0.0,0
135,2016-07-29,25.681494659641,25.681494659641,25.681494659641,25.681494659641,0.0,25.99,0.0,25.99,25.99,25.99,1.0,0.0,4
136,2016-07-28,25.681494659641,25.681494659641,25.681494659641,25.681494659641,2497.0,25.99,0.0,25.99,25.99,25.99,1.0,2497.0,3
137,2016-07-27,25.6419694658594,25.6419694658594,25.6419694658594,25.6419694658594,60.0,25.95,0.0,25.95,25.95,25.95,1.0,60.0,2
138,2016-07-26,25.6419694658594,25.6617320627502,25.6419694658594,25.6518507643048,915.0,25.95,0.0,25.97,25.95,25.96,1.0,915.0,1
139,2016-07-25,24.9996850669072,24.9996850669072,24.9996850669072,24.9996850669072,0.0,25.3,0.0,25.3,25.3,25.3,1.0,0.0,0
140,2016-07-22,24.9996850669072,24.9996850669072,24.9996850669072,24.9996850669072,0.0,25.3,0.0,25.3,25.3,25.3,1.0,0.0,4
141,2016-07-21,24.9996850669072,24.9996850669072,24.9996850669072,24.9996850669072,0.0,25.3,0.03,25.3,25.3,25.3,1.0,0.0,3
142,2016-07-20,24.9700762808035,24.9700762808035,24.9700762808035,24.9700762808035,0.0,25.3,0.0,25.3,25.3,25.3,1.0,0.0,2
143,2016-07-19,24.9700762808035,24.9700762808035,24.9700762808035,24.9700762808035,0.0,25.3,0.0,25.3,25.3,25.3,1.0,0.0,1
144,2016-07-18,24.9700762808035,24.9700762808035,24.9700762808035,24.9700762808035,1000.0,25.3,0.0,25.3,25.3,25.3,1.0,1000.0,0
145,2016-07-15,24.9700762808035,24.9700762808035,24.9700762808035,24.9700762808035,0.0,25.3,0.0,25.3,25.3,25.3,1.0,0.0,4
146,2016-07-14,24.9700762808035,24.9700762808035,24.9700762808035,24.9700762808035,0.0,25.3,0.0,25.3,25.3,25.3,1.0,0.0,3
147,2016-07-13,24.9700762808035,24.9700762808035,24.9700762808035,24.9700762808035,4000.0,25.3,0.0,25.3,25.3,25.3,1.0,4000.0,2
148,2016-07-12,25.9471662222262,25.9471662222262,25.0095546622751,25.0095546622751,2900.0,26.29,0.0,26.29,25.34,25.34,1.0,2900.0,1
149,2016-07-11,24.910858708596102,24.910858708596102,24.881249922492298,24.900989113228103,816.0,25.24,0.0,25.24,25.21,25.23,1.0,816.0,0
150,2016-07-08,24.7529451827095,24.950337090067702,24.7529451827095,24.8713803271244,2800.0,25.08,0.0,25.28,25.08,25.2,1.0,2800.0,4
151,2016-07-07,25.4635560491988,25.878079054650897,24.7628147780775,24.7628147780775,3700.0,25.8,0.0,26.22,25.09,25.09,1.0,3700.0,3
152,2016-07-06,24.673988419766303,24.7628147780775,24.673988419766303,24.673988419766303,1700.0,25.0,0.0,25.09,25.0,25.0,1.0,1700.0,2
153,2016-07-05,24.8516411363886,24.8516411363886,24.3779005587291,24.3779005587291,1870.0,25.18,0.0,25.18,24.7,24.7,1.0,1870.0,1
154,2016-07-01,24.3581613679933,24.5851620614551,24.3581613679933,24.506106602558198,3484.0,24.68,0.0,24.91,24.68,24.8299,1.0,3484.0,4
155,2016-06-30,24.2890742004179,24.2890742004179,24.2890742004179,24.2890742004179,0.0,24.61,0.0,24.61,24.61,24.61,1.0,0.0,3
156,2016-06-29,24.2890742004179,24.5259444892477,24.219987032842603,24.219987032842603,2200.0,24.61,0.0,24.85,24.54,24.54,1.0,2200.0,2
157,2016-06-28,24.673988419766303,24.673988419766303,24.673988419766303,24.673988419766303,3005.0,25.0,0.0,25.0,25.0,25.0,1.0,3005.0,1
158,2016-06-27,25.2859033325765,25.2859033325765,24.5259444892477,24.5259444892477,11510.0,25.62,0.0,25.62,24.85,24.85,1.0,11510.0,0
159,2016-06-24,24.940467494699803,25.0490330437467,24.575193770133602,24.575193770133602,6231.0,25.27,0.0,25.38,24.8999,24.8999,1.0,6231.0,4
160,2016-06-23,24.5357153886619,24.5357153886619,24.5357153886619,24.5357153886619,0.0,24.8599,0.0,24.8599,24.8599,24.8599,1.0,0.0,3
161,2016-06-22,24.5357153886619,24.5357153886619,24.486466107776103,24.486466107776103,1106.0,24.8599,0.03,24.8599,24.81,24.81,1.0,1106.0,2
162,2016-06-21,24.4963831678009,24.5456716651205,24.3484190988477,24.4963831678009,4600.0,24.85,0.0,24.9,24.6999,24.85,1.0,4600.0,1
163,2016-06-20,24.742825654398498,24.752683353862402,24.315494382638303,24.447094670481402,6772.0,25.1,0.0,25.11,24.6665,24.8,1.0,6772.0,0
164,2016-06-17,24.486525468337003,24.486525468337003,24.486525468337003,24.486525468337003,116.0,24.84,0.0,24.84,24.84,24.84,1.0,116.0,4
165,2016-06-16,24.3683316517648,24.5751461865175,24.1217905881726,24.2400829817394,4378.0,24.7201,0.0,24.9299,24.47,24.59,1.0,4378.0,3
166,2016-06-15,24.3189445774507,24.7427270774039,24.141505987100395,24.2597983806673,5510.0,24.67,0.0,25.0999,24.49,24.61,1.0,5510.0,2
167,2016-06-14,24.3878498967034,24.3878498967034,24.3878498967034,24.3878498967034,200.0,24.7399,0.0,24.7399,24.7399,24.7399,1.0,200.0,1
168,2016-06-13,24.4860325833639,24.594861585445297,24.052786691925302,24.3682330747702,8400.0,24.8395,0.0,24.9499,24.4,24.72,1.0,8400.0,0
169,2016-06-10,24.3741476944485,24.437236971017498,24.3741476944485,24.3780907742341,1372.0,24.726,0.0,24.79,24.726,24.73,1.0,1372.0,4
170,2016-06-09,24.4668100694092,24.4668100694092,24.4668100694092,24.4668100694092,0.0,24.82,0.0,24.82,24.82,24.82,1.0,0.0,3
171,2016-06-08,24.4668100694092,24.4668100694092,24.4668100694092,24.4668100694092,0.0,24.82,0.0,24.82,24.82,24.82,1.0,0.0,2
172,2016-06-07,24.4668100694092,24.4668100694092,24.4668100694092,24.4668100694092,0.0,24.82,0.0,24.82,24.82,24.82,1.0,0.0,1
173,2016-06-06,24.4668100694092,24.4668100694092,24.4668100694092,24.4668100694092,0.0,24.82,0.0,24.82,24.82,24.82,1.0,0.0,0
174,2016-06-03,24.4668100694092,24.4668100694092,24.4668100694092,24.4668100694092,400.0,24.82,0.0,24.82,24.82,24.82,1.0,400.0,4
175,2016-06-02,24.2006521838838,24.2006521838838,24.1317468646311,24.1907944844199,951.0,24.55,0.0,24.55,24.4801,24.54,1.0,951.0,3
176,2016-06-01,24.034845678901,24.2598969576619,23.914778899430598,24.2498421042087,10203.0,24.3818,0.0,24.6101,24.26,24.5999,1.0,10203.0,2
177,2016-05-31,23.855731279641798,24.249940681203398,23.8556327026472,24.2104113063531,15005.0,24.2001,0.0,24.6,24.2,24.5599,1.0,15005.0,1
178,2016-05-27,24.180936784956003,24.338659976378498,23.8654904021111,24.220269005817,7100.0,24.53,0.0,24.69,24.21,24.5699,1.0,7100.0,4
179,2016-05-26,23.7669134074721,23.7669134074721,23.7669134074721,23.7669134074721,0.0,24.11,0.0,24.11,24.11,24.11,1.0,0.0,3
180,2016-05-25,23.7669134074721,23.7669134074721,23.7669134074721,23.7669134074721,1.0,24.11,0.0,24.11,24.11,24.11,1.0,1.0,2
181,2016-05-24,23.7669134074721,23.7669134074721,23.7669134074721,23.7669134074721,0.0,24.11,0.0,24.11,24.11,24.11,1.0,0.0,1
182,2016-05-23,23.7669134074721,23.7669134074721,23.7669134074721,23.7669134074721,0.0,24.11,0.0,24.11,24.11,24.11,1.0,0.0,0
183,2016-05-20,23.7669134074721,23.7669134074721,23.7669134074721,23.7669134074721,0.0,24.11,0.03,24.11,24.11,24.11,1.0,0.0,4
184,2016-05-19,23.7373770610668,23.7373770610668,23.7373770610668,23.7373770610668,0.0,24.11,0.0,24.11,24.11,24.11,1.0,0.0,3
185,2016-05-18,23.7373770610668,23.7373770610668,23.7373770610668,23.7373770610668,0.0,24.11,0.0,24.11,24.11,24.11,1.0,0.0,2
186,2016-05-17,23.7373770610668,23.8062952026791,23.7373770610668,23.786604305075603,2700.0,24.11,0.0,24.18,24.11,24.16,1.0,2700.0,1
187,2016-05-16,23.9244405883004,23.9244405883004,23.9244405883004,23.9244405883004,0.0,24.3,0.0,24.3,24.3,24.3,1.0,0.0,0
188,2016-05-13,23.9244405883004,23.9244405883004,23.9244405883004,23.9244405883004,51.0,24.3,0.0,24.3,24.3,24.3,1.0,51.0,4
189,2016-05-12,23.9244405883004,23.9244405883004,23.9244405883004,23.9244405883004,165.0,24.3,0.0,24.3,24.3,24.3,1.0,165.0,3
190,2016-05-11,23.6979952658597,23.6979952658597,23.6979952658597,23.6979952658597,0.0,24.07,0.0,24.07,24.07,24.07,1.0,0.0,2
191,2016-05-10,23.6979952658597,23.875213344291502,23.6783043682561,23.6783043682561,1105.0,24.07,0.0,24.25,24.05,24.05,1.0,1105.0,1
192,2016-05-09,23.5306226362296,23.5306226362296,23.5306226362296,23.5306226362296,0.0,23.9,0.0,23.9,23.9,23.9,1.0,0.0,0
193,2016-05-06,23.5306226362296,23.5306226362296,23.5306226362296,23.5306226362296,265.0,23.9,0.0,23.9,23.9,23.9,1.0,265.0,4
194,2016-05-05,23.3041773137889,23.3041773137889,23.3041773137889,23.3041773137889,0.0,23.67,0.0,23.67,23.67,23.67,1.0,0.0,3
195,2016-05-04,23.3041773137889,23.8456769978862,23.3041773137889,23.8161406514809,3515.0,23.67,0.0,24.22,23.67,24.19,1.0,3515.0,2
196,2016-05-03,23.963723929019398,23.963723929019398,23.963723929019398,23.963723929019398,800.0,24.3399,0.0,24.3399,24.3399,24.3399,1.0,800.0,1
197,2016-05-02,24.219804052353503,24.219804052353503,24.219804052353503,24.219804052353503,0.0,24.6,0.0,24.6,24.6,24.6,1.0,0.0,0
198,2016-04-29,24.219804052353503,24.219804052353503,24.219804052353503,24.219804052353503,0.0,24.6,0.0,24.6,24.6,24.6,1.0,0.0,4
199,2016-04-28,24.219804052353503,24.219804052353503,24.219804052353503,24.219804052353503,0.0,24.6,0.0,24.6,24.6,24.6,1.0,0.0,3
200,2016-04-27,24.219804052353503,24.219804052353503,24.219804052353503,24.219804052353503,0.0,24.6,0.0,24.6,24.6,24.6,1.0,0.0,2
201,2016-04-26,24.219804052353503,24.219804052353503,24.219804052353503,24.219804052353503,1.0,24.6,0.0,24.6,24.6,24.6,1.0,1.0,1
202,2016-04-25,24.219804052353503,24.219804052353503,24.219804052353503,24.219804052353503,0.0,24.6,0.0,24.6,24.6,24.6,1.0,0.0,0
203,2016-04-22,24.219804052353503,24.219804052353503,24.219804052353503,24.219804052353503,0.0,24.6,0.0,24.6,24.6,24.6,1.0,0.0,4
204,2016-04-21,24.219804052353503,24.219804052353503,24.219804052353503,24.219804052353503,699.0,24.6,0.03,24.6,24.6,24.6,1.0,699.0,3
205,2016-04-20,29.156199356568397,29.156199356568397,24.200137138790897,24.200137138790897,1105.0,29.65,0.0,29.65,24.61,24.61,1.0,1105.0,2
206,2016-04-19,24.2254091227188,24.2254091227188,24.2254091227188,24.2254091227188,0.0,24.6357,0.0,24.6357,24.6357,24.6357,1.0,0.0,1
207,2016-04-18,24.2254091227188,24.2254091227188,24.2254091227188,24.2254091227188,0.0,24.6357,0.0,24.6357,24.6357,24.6357,1.0,0.0,0
208,2016-04-15,24.2254091227188,24.2254091227188,24.2254091227188,24.2254091227188,0.0,24.6357,0.0,24.6357,24.6357,24.6357,1.0,0.0,4
209,2016-04-14,24.2254091227188,24.2254091227188,24.2254091227188,24.2254091227188,0.0,24.6357,0.0,24.6357,24.6357,24.6357,1.0,0.0,3
210,2016-04-13,24.2254091227188,24.2254091227188,23.8756330650078,23.8756330650078,1925.0,24.6357,0.0,24.6357,24.28,24.28,1.0,1925.0,2
211,2016-04-12,23.8067005329709,23.8067005329709,23.8067005329709,23.8067005329709,0.0,24.2099,0.0,24.2099,24.2099,24.2099,1.0,0.0,1
212,2016-04-11,23.8067005329709,23.8067005329709,23.8067005329709,23.8067005329709,1.0,24.2099,0.0,24.2099,24.2099,24.2099,1.0,1.0,0
213,2016-04-08,23.8067005329709,23.8067005329709,23.8067005329709,23.8067005329709,0.0,24.2099,0.0,24.2099,24.2099,24.2099,1.0,0.0,4
214,2016-04-07,23.8067005329709,23.8067005329709,23.8067005329709,23.8067005329709,0.0,24.2099,0.0,24.2099,24.2099,24.2099,1.0,0.0,3
215,2016-04-06,23.8067005329709,23.8067005329709,23.8067005329709,23.8067005329709,0.0,24.2099,0.0,24.2099,24.2099,24.2099,1.0,0.0,2
216,2016-04-05,23.8067005329709,23.8067005329709,23.8067005329709,23.8067005329709,519.0,24.2099,0.0,24.2099,24.2099,24.2099,1.0,519.0,1
217,2016-04-04,23.698630842944304,23.698630842944304,23.698630842944304,23.698630842944304,0.0,24.1,0.0,24.1,24.1,24.1,1.0,0.0,0
218,2016-04-01,23.698630842944304,23.698630842944304,23.659297015819103,23.659395350386895,1500.0,24.1,0.0,24.1,24.06,24.0601,1.0,1500.0,4
219,2016-03-31,23.7182977565069,23.7182977565069,23.7182977565069,23.7182977565069,405.0,24.12,0.0,24.12,24.12,24.12,1.0,405.0,3
220,2016-03-30,23.59046281835,23.59046281835,23.59046281835,23.59046281835,0.0,23.99,0.0,23.99,23.99,23.99,1.0,0.0,2
221,2016-03-29,23.59046281835,23.59046281835,23.59046281835,23.59046281835,1.0,23.99,0.0,23.99,23.99,23.99,1.0,1.0,1
222,2016-03-28,23.59046281835,23.59046281835,23.59046281835,23.59046281835,0.0,23.99,0.0,23.99,23.99,23.99,1.0,0.0,0
223,2016-03-24,23.59046281835,23.59046281835,23.59046281835,23.59046281835,0.0,23.99,0.0,23.99,23.99,23.99,1.0,0.0,3
224,2016-03-23,23.59046281835,23.610129731912604,23.59046281835,23.610129731912604,308.0,23.99,0.03,24.01,23.99,24.01,1.0,308.0,2
225,2016-03-22,23.7672439718597,23.7672439718597,23.757422796664702,23.757422796664702,224.0,24.2,0.0,24.2,24.19,24.19,1.0,224.0,1
226,2016-03-21,23.5201432039539,23.5201432039539,23.5201432039539,23.5201432039539,0.0,23.9484,0.0,23.9484,23.9484,23.9484,1.0,0.0,0
227,2016-03-18,23.5201432039539,23.5201432039539,23.5201432039539,23.5201432039539,0.0,23.9484,0.0,23.9484,23.9484,23.9484,1.0,0.0,4
228,2016-03-17,23.5201432039539,23.521714591985102,23.5201432039539,23.521714591985102,410.0,23.9484,0.0,23.95,23.9484,23.95,1.0,410.0,3
229,2016-03-16,23.688674570299803,23.688674570299803,23.688674570299803,23.688674570299803,0.0,24.12,0.0,24.12,24.12,24.12,1.0,0.0,2
230,2016-03-15,23.688674570299803,23.688674570299803,23.688674570299803,23.688674570299803,300.0,24.12,0.0,24.12,24.12,24.12,1.0,300.0,1
231,2016-03-14,23.0009958831471,23.4627875408152,22.981549956261002,23.4627875408152,1000.0,23.4198,0.0,23.89,23.4,23.89,1.0,1000.0,0
232,2016-03-11,23.3252910880854,23.3252910880854,23.3252910880854,23.3252910880854,0.0,23.75,0.0,23.75,23.75,23.75,1.0,0.0,4
233,2016-03-10,23.3252910880854,23.3252910880854,23.3252910880854,23.3252910880854,0.0,23.75,0.0,23.75,23.75,23.75,1.0,0.0,3
234,2016-03-09,23.3252910880854,26.517173026455,23.3252910880854,24.435083885118498,2992.0,23.75,0.0,27.0,23.75,24.88,1.0,2992.0,2
235,2016-03-08,22.9373546678836,22.9373546678836,22.9373546678836,22.9373546678836,22.0,23.355,0.0,23.355,23.355,23.355,1.0,22.0,1
236,2016-03-07,22.9373546678836,22.9373546678836,22.9373546678836,22.9373546678836,4.0,23.355,0.0,23.355,23.355,23.355,1.0,4.0,0
237,2016-03-04,22.9373546678836,22.9373546678836,22.9373546678836,22.9373546678836,0.0,23.355,0.0,23.355,23.355,23.355,1.0,0.0,4
238,2016-03-03,22.9373546678836,22.9373546678836,22.9373546678836,22.9373546678836,0.0,23.355,0.0,23.355,23.355,23.355,1.0,0.0,3
239,2016-03-02,22.9373546678836,22.9373546678836,22.9373546678836,22.9373546678836,0.0,23.355,0.0,23.355,23.355,23.355,1.0,0.0,2
240,2016-03-01,22.9373546678836,22.9373546678836,22.9373546678836,22.9373546678836,0.0,23.355,0.0,23.355,23.355,23.355,1.0,0.0,1
241,2016-02-29,22.9373546678836,22.9373546678836,22.9373546678836,22.9373546678836,100.0,23.355,0.0,23.355,23.355,23.355,1.0,100.0,0
242,2016-02-26,23.1287693724338,23.1287693724338,23.1287693724338,23.1287693724338,1.0,23.5499,0.0,23.5499,23.5499,23.5499,1.0,1.0,4
243,2016-02-25,23.1287693724338,23.1287693724338,23.1287693724338,23.1287693724338,850.0,23.5499,0.0,23.5499,23.5499,23.5499,1.0,850.0,3
244,2016-02-24,22.7753052771664,22.7753052771664,22.7753052771664,22.7753052771664,0.0,23.19,0.0,23.19,23.19,23.19,1.0,0.0,2
245,2016-02-23,22.7753052771664,22.7753052771664,22.7753052771664,22.7753052771664,400.0,23.19,0.03,23.19,23.19,23.19,1.0,400.0,1
246,2016-02-22,22.0690942608201,22.0690942608201,22.0690942608201,22.0690942608201,0.0,22.5,0.0,22.5,22.5,22.5,1.0,0.0,0
247,2016-02-19,22.0690942608201,22.0690942608201,22.0690942608201,22.0690942608201,0.0,22.5,0.0,22.5,22.5,22.5,1.0,0.0,4
248,2016-02-18,22.0690942608201,22.0690942608201,22.0690942608201,22.0690942608201,1193.0,22.5,0.0,22.5,22.5,22.5,1.0,1193.0,3
249,2016-02-17,22.874174819454797,22.874174819454797,22.874174819454797,22.874174819454797,100.0,23.3208,0.0,23.3208,23.3208,23.3208,1.0,100.0,2
250,2016-02-16,22.0789027471583,22.147562151525197,22.0789027471583,22.147562151525197,507.0,22.51,0.0,22.58,22.51,22.58,1.0,507.0,1
251,2016-02-12,21.9710093974387,22.333923391949895,21.9710093974387,22.333923391949895,1007.0,22.4,0.0,22.77,22.4,22.77,1.0,1007.0,4
252,2016-02-11,22.167081039338196,22.167081039338196,21.8140736160284,22.0494772881438,6927.0,22.5999,0.0,22.5999,22.24,22.48,1.0,6927.0,3
253,2016-02-10,22.8831986268859,22.8831986268859,22.8831986268859,22.8831986268859,1.0,23.33,0.0,23.33,23.33,23.33,1.0,1.0,2
254,2016-02-09,22.8831986268859,22.8831986268859,22.8831986268859,22.8831986268859,0.0,23.33,0.0,23.33,23.33,23.33,1.0,0.0,1
255,2016-02-08,22.8831986268859,22.8831986268859,22.4123912826551,22.4123912826551,470.0,23.33,0.0,23.33,22.85,22.85,1.0,470.0,0
256,2016-02-05,22.932241058576604,22.932241058576604,22.932241058576604,22.932241058576604,101.0,23.38,0.0,23.38,23.38,23.38,1.0,101.0,4
257,2016-02-04,22.843964681533297,22.9224325722385,22.7164543591375,22.7164543591375,821.0,23.29,0.0,23.37,23.16,23.16,1.0,821.0,3
258,2016-02-03,23.3638144574549,23.3638144574549,23.0597513809725,23.0597513809725,500.0,23.82,0.0,23.82,23.51,23.51,1.0,500.0,2
259,2016-02-02,24.2073442825351,24.2073442825351,22.912526001037,22.912526001037,1920.0,24.68,0.0,24.68,23.3599,23.3599,1.0,1920.0,1
260,2016-02-01,23.069559867310602,23.069559867310602,23.0499428946343,23.0499428946343,1330.0,23.52,0.0,23.52,23.5,23.5,1.0,1330.0,0
261,2016-01-29,22.9518580312529,22.9518580312529,22.9518580312529,22.9518580312529,0.0,23.4,0.0,23.4,23.4,23.4,1.0,0.0,4
262,2016-01-28,22.9518580312529,22.9518580312529,22.9518580312529,22.9518580312529,0.0,23.4,0.0,23.4,23.4,23.4,1.0,0.0,3
263,2016-01-27,22.9518580312529,22.9518580312529,22.9518580312529,22.9518580312529,0.0,23.4,0.0,23.4,23.4,23.4,1.0,0.0,2
264,2016-01-26,22.9518580312529,22.981185405404002,22.9518580312529,22.981185405404002,1000.0,23.4,0.0,23.4299,23.4,23.4299,1.0,1000.0,1
265,2016-01-25,22.747939600282898,22.747939600282898,22.747939600282898,22.747939600282898,0.0,23.1921,0.0,23.1921,23.1921,23.1921,1.0,0.0,0
266,2016-01-22,22.747939600282898,22.8537731678715,22.747939600282898,22.8537731678715,917.0,23.1921,0.0,23.3,23.1921,23.3,1.0,917.0,4
267,2016-01-21,22.814539222518896,22.814539222518896,22.814539222518896,22.814539222518896,0.0,23.26,0.03,23.26,23.26,23.26,1.0,0.0,3
268,2016-01-20,22.785151666628998,22.785151666628998,22.6773972950328,22.6773972950328,311.0,23.26,0.0,23.26,23.15,23.15,1.0,311.0,2
269,2016-01-19,22.961477001968397,22.961477001968397,22.961477001968397,22.961477001968397,1100.0,23.44,0.0,23.44,23.44,23.44,1.0,1100.0,1
270,2016-01-15,23.1220310156468,23.1220310156468,23.1220310156468,23.1220310156468,0.0,23.6039,0.0,23.6039,23.6039,23.6039,1.0,0.0,4
271,2016-01-14,23.1220310156468,23.1573940412343,23.1220310156468,23.1573940412343,1000.0,23.6039,0.0,23.64,23.6039,23.64,1.0,1000.0,3
272,2016-01-13,23.3631069324636,23.3729027844269,23.3631069324636,23.3729027844269,1617.0,23.85,0.0,23.86,23.85,23.86,1.0,1617.0,2
273,2016-01-12,23.441473748169898,23.441473748169898,23.441473748169898,23.441473748169898,0.0,23.93,0.0,23.93,23.93,23.93,1.0,0.0,1
274,2016-01-11,23.441473748169898,23.451269600133198,23.4218820442433,23.431677896206605,1360.0,23.93,0.0,23.94,23.91,23.92,1.0,1360.0,0
275,2016-01-08,23.451269600133198,23.6177990835093,23.451269600133198,23.6177990835093,200.0,23.94,0.0,24.11,23.94,24.11,1.0,200.0,4
276,2016-01-07,23.686370047252396,23.843103678665106,23.686370047252396,23.833307826701798,4100.0,24.18,0.0,24.34,24.18,24.33,1.0,4100.0,3
277,2016-01-06,24.0194290140045,27.3402228295622,23.9214704943715,23.999837310077897,3045.0,24.52,0.0,27.91,24.42,24.5,1.0,3045.0,2
278,2016-01-05,23.999837310077897,23.999837310077897,23.999837310077897,23.999837310077897,800.0,24.5,0.0,24.5,24.5,24.5,1.0,800.0,1
279,2016-01-04,23.999837310077897,24.0781061672646,23.999837310077897,24.0781061672646,960.0,24.5,0.0,24.5799,24.5,24.5799,1.0,960.0,0
280,2015-12-31,24.0488165698944,24.146775089527303,24.0488165698944,24.0488165698944,1411.0,24.55,0.0,24.65,24.55,24.55,1.0,1411.0,3
281,2015-12-30,24.0096331620412,24.0096331620412,24.0096331620412,24.0096331620412,0.0,24.51,0.0,24.51,24.51,24.51,1.0,0.0,2
282,2015-12-29,24.0096331620412,24.0096331620412,24.0096331620412,24.0096331620412,0.0,24.51,0.0,24.51,24.51,24.51,1.0,0.0,1
283,2015-12-28,24.0096331620412,24.0096331620412,24.0096331620412,24.0096331620412,0.0,24.51,0.0,24.51,24.51,24.51,1.0,0.0,0
284,2015-12-24,24.0096331620412,24.0096331620412,24.0096331620412,24.0096331620412,0.0,24.51,0.0,24.51,24.51,24.51,1.0,0.0,3
285,2015-12-23,24.0096331620412,24.0096331620412,24.0096331620412,24.0096331620412,0.0,24.51,0.1452,24.51,24.51,24.51,1.0,0.0,2
286,2015-12-22,23.868235049873,23.868235049873,23.8000679159076,23.8000679159076,400.0,24.51,0.0,24.51,24.44,24.44,1.0,400.0,1
287,2015-12-21,23.834151482890302,23.8877113738631,23.7903297539126,23.7903297539126,1804.0,24.475,0.0,24.53,24.43,24.43,1.0,1804.0,0
288,2015-12-18,24.053260127779,24.053260127779,23.8779732118681,24.053260127779,1007.0,24.7,0.0,24.7,24.52,24.7,1.0,1007.0,4
289,2015-12-17,25.0562908132694,25.0562908132694,24.1798562337147,24.1895943957097,1000.0,25.73,0.0,25.73,24.83,24.84,1.0,1000.0,3
290,2015-12-16,24.1895943957097,24.1895943957097,24.1895943957097,24.1895943957097,108.0,24.84,0.0,24.84,24.84,24.84,1.0,108.0,2
291,2015-12-15,24.121427261744397,24.121427261744397,24.121427261744397,24.121427261744397,15000.0,24.77,0.0,24.77,24.77,24.77,1.0,15000.0,1
292,2015-12-14,24.121427261744397,24.121427261744397,24.121427261744397,24.121427261744397,0.0,24.77,0.0,24.77,24.77,24.77,1.0,0.0,0
293,2015-12-11,24.121427261744397,24.140903585734502,23.9656166698235,24.140903585734502,2120.0,24.77,0.0,24.79,24.61,24.79,1.0,2120.0,4
294,2015-12-10,24.101950937754303,24.2869760156603,24.101950937754303,24.2869760156603,2208.0,24.75,0.0,24.94,24.75,24.94,1.0,2208.0,3
295,2015-12-09,24.2845414751615,24.2845414751615,24.2845414751615,24.2845414751615,0.0,24.9375,0.0,24.9375,24.9375,24.9375,1.0,0.0,2
296,2015-12-08,24.2845414751615,24.2845414751615,24.2845414751615,24.2845414751615,0.0,24.9375,0.0,24.9375,24.9375,24.9375,1.0,0.0,1
297,2015-12-07,24.2845414751615,24.413572121595898,24.2845414751615,24.3843576356108,1600.0,24.9375,0.0,25.07,24.9375,25.04,1.0,1600.0,0
298,2015-12-04,24.2869760156603,24.2967141776553,24.2772378536652,24.2772378536652,5000.0,24.94,0.0,24.95,24.93,24.93,1.0,5000.0,4
299,2015-12-03,24.3648813116207,24.3746194736157,24.3648813116207,24.3746194736157,900.0,25.02,0.0,25.03,25.02,25.03,1.0,900.0,3
300,2015-12-02,24.520691903541497,24.530430065536603,24.520691903541497,24.530430065536603,800.0,25.18,0.0,25.19,25.18,25.19,1.0,800.0,2
301,2015-12-01,24.3843576356108,24.3843576356108,24.3843576356108,24.3843576356108,0.0,25.04,0.0,25.04,25.04,25.04,1.0,0.0,1
302,2015-11-30,24.3843576356108,24.3843576356108,24.3843576356108,24.3843576356108,866.0,25.04,0.0,25.04,25.04,25.04,1.0,866.0,0
303,2015-11-27,24.3551431496256,24.3551431496256,24.3551431496256,24.3551431496256,0.0,25.01,0.0,25.01,25.01,25.01,1.0,0.0,4
304,2015-11-25,24.3551431496256,24.481739255561298,24.3454049876306,24.481739255561298,300.0,25.01,0.0,25.14,25.0,25.14,1.0,300.0,2
305,2015-11-24,24.287073397280196,24.287073397280196,24.287073397280196,24.287073397280196,100.0,24.9401,0.0,24.9401,24.9401,24.9401,1.0,100.0,1
306,2015-11-23,24.423310283591,24.423310283591,24.423310283591,24.423310283591,0.0,25.08,0.0,25.08,25.08,25.08,1.0,0.0,0
307,2015-11-20,24.423310283591,24.423310283591,24.423310283591,24.423310283591,256.0,25.08,0.0,25.08,25.08,25.08,1.0,256.0,4
308,2015-11-19,25.2445294846337,25.2445294846337,25.2445294846337,25.2445294846337,5038.0,25.9233,0.0,25.9233,25.9233,25.9233,1.0,5038.0,3
309,2015-11-18,25.2445294846337,25.2445294846337,25.2445294846337,25.2445294846337,0.0,25.9233,0.0,25.9233,25.9233,25.9233,1.0,0.0,2
310,2015-11-17,25.2445294846337,25.2445294846337,24.413572121595898,24.413572121595898,250.0,25.9233,0.0,25.9233,25.07,25.07,1.0,250.0,1
311,2015-11-16,24.569382713516802,24.569382713516802,24.569382713516802,24.569382713516802,0.0,25.23,0.0,25.23,25.23,25.23,1.0,0.0,0
312,2015-11-13,24.569382713516802,24.569382713516802,24.403833959600895,24.559644551521696,900.0,25.23,0.0,25.23,25.06,25.22,1.0,900.0,4
313,2015-11-12,24.442786607581102,24.442786607581102,24.442786607581102,24.442786607581102,100.0,25.1,0.0,25.1,25.1,25.1,1.0,100.0,3
314,2015-11-11,24.579120875511798,24.579120875511798,24.579120875511798,24.579120875511798,0.0,25.24,0.0,25.24,25.24,25.24,1.0,0.0,2
315,2015-11-10,24.579120875511798,24.579120875511798,24.579120875511798,24.579120875511798,0.0,25.24,0.0,25.24,25.24,25.24,1.0,0.0,1
316,2015-11-09,24.579120875511798,24.579120875511798,24.579120875511798,24.579120875511798,0.0,25.24,0.0,25.24,25.24,25.24,1.0,0.0,0
317,2015-11-06,24.579120875511798,24.579120875511798,24.579120875511798,24.579120875511798,1000.0,25.24,0.0,25.24,25.24,25.24,1.0,1000.0,4
318,2015-11-05,24.5303326839166,24.5303326839166,24.5303326839166,24.5303326839166,0.0,25.1899,0.0,25.1899,25.1899,25.1899,1.0,0.0,3
319,2015-11-04,24.5303326839166,24.5303326839166,24.481739255561298,24.481739255561298,200.0,25.1899,0.0,25.1899,25.14,25.14,1.0,200.0,2
