,Unnamed: 0,adj_close,adj_high,adj_low,adj_open,adj_volume,close,ex_dividend,high,low,open,split_ratio,volume,Day of Week
0,2017-02-10,54.88,56.37,51.5,51.5,375830.0,54.88,0.0,56.37,51.5,51.5,1.0,375830.0,4
1,2017-02-09,51.32,51.5,50.89,51.09,95388.0,51.32,0.0,51.5,50.89,51.09,1.0,95388.0,3
2,2017-02-08,50.86,51.21,50.185,50.4,60601.0,50.86,0.0,51.21,50.185,50.4,1.0,60601.0,2
3,2017-02-07,50.19,50.32,49.8,49.8,182768.0,50.19,0.0,50.32,49.8,49.8,1.0,182768.0,1
4,2017-02-06,49.85,49.9771,49.55,49.69,24029.0,49.85,0.0,49.9771,49.55,49.69,1.0,24029.0,0
5,2017-02-03,49.94,50.46,49.89,50.0,39636.0,49.94,0.0,50.46,49.89,50.0,1.0,39636.0,4
6,2017-02-02,50.03,50.15,49.95,50.15,85920.0,50.03,0.0,50.15,49.95,50.15,1.0,85920.0,3
7,2017-02-01,50.17,50.35,49.43,49.75,128784.0,50.17,0.0,50.35,49.43,49.75,1.0,128784.0,2
8,2017-01-31,49.89,50.17,49.85,50.06,32604.0,49.89,0.0,50.17,49.85,50.06,1.0,32604.0,1
9,2017-01-30,49.56,49.83,49.07,49.36,20133.0,49.56,0.0,49.83,49.07,49.36,1.0,20133.0,0
10,2017-01-27,49.82,49.85,49.37,49.54,26241.0,49.82,0.0,49.85,49.37,49.54,1.0,26241.0,4
11,2017-01-26,49.71,50.43,49.66,50.02,17984.0,49.71,0.0,50.43,49.66,50.02,1.0,17984.0,3
12,2017-01-25,50.04,50.04,49.42,49.59,15226.0,50.04,0.0,50.04,49.42,49.59,1.0,15226.0,2
13,2017-01-24,49.29,50.09,49.19,49.25,32304.0,49.29,0.0,50.09,49.19,49.25,1.0,32304.0,1
14,2017-01-23,49.23,49.49,48.76,48.83,28112.0,49.23,0.0,49.49,48.76,48.83,1.0,28112.0,0
15,2017-01-20,49.2,49.42,47.6,48.71,95572.0,49.2,0.0,49.42,47.6,48.71,1.0,95572.0,4
16,2017-01-19,48.8,49.1,48.73,49.0,122051.0,48.8,0.0,49.1,48.73,49.0,1.0,122051.0,3
17,2017-01-18,49.04,49.54,48.88,49.28,38518.0,49.04,0.0,49.54,48.88,49.28,1.0,38518.0,2
18,2017-01-17,49.42,49.82,49.22,49.79,13554.0,49.42,0.0,49.82,49.22,49.79,1.0,13554.0,1
19,2017-01-13,49.8,49.96,49.19,49.25,17195.0,49.8,0.0,49.96,49.19,49.25,1.0,17195.0,4
20,2017-01-12,49.5,49.56,49.0609,49.52,35076.0,49.5,0.0,49.56,49.0609,49.52,1.0,35076.0,3
21,2017-01-11,49.45,49.45,48.45,48.46,52787.0,49.45,0.0,49.45,48.45,48.46,1.0,52787.0,2
22,2017-01-10,48.45,48.62,48.23,48.27,26419.0,48.45,0.0,48.62,48.23,48.27,1.0,26419.0,1
23,2017-01-09,48.19,48.3,47.82,48.06,25196.0,48.19,0.0,48.3,47.82,48.06,1.0,25196.0,0
24,2017-01-06,48.11,48.29,47.81,47.83,49661.0,48.11,0.0,48.29,47.81,47.83,1.0,49661.0,4
25,2017-01-05,47.87,48.25,47.59,47.81,74345.0,47.87,0.0,48.25,47.59,47.81,1.0,74345.0,3
26,2017-01-04,47.9,48.19,47.75,48.12,29950.0,47.9,0.0,48.19,47.75,48.12,1.0,29950.0,2
27,2017-01-03,47.64,47.96,47.11,47.68,35761.0,47.64,0.0,47.96,47.11,47.68,1.0,35761.0,1
28,2016-12-30,47.48,47.8,47.42,47.79,7845.0,47.48,0.0,47.8,47.42,47.79,1.0,7845.0,4
29,2016-12-29,47.69,47.78,47.29,47.3,9948.0,47.69,0.0,47.78,47.29,47.3,1.0,9948.0,3
30,2016-12-28,47.26,47.4,46.98,47.28,22334.0,47.26,0.11,47.4,46.98,47.28,1.0,22334.0,2
31,2016-12-27,47.2799535571037,47.7588389275913,46.880882415030605,47.200139328689005,22753.0,47.39,0.0,47.87,46.99,47.31,1.0,22753.0,1
32,2016-12-23,46.910812750686105,47.080417986067104,46.1525775807473,46.2922524804729,104207.0,47.02,0.0,47.19,46.26,46.4,1.0,104207.0,4
33,2016-12-22,46.19248469495461,46.4119738230948,45.933088452607095,45.933088452607095,12627.0,46.3,0.0,46.52,46.04,46.04,1.0,12627.0,3
34,2016-12-21,46.322182816128304,46.850952079375105,46.2423685877137,46.7711378509605,15437.0,46.43,0.0,46.96,46.35,46.88,1.0,15437.0,2
35,2016-12-20,46.7112771796496,46.7112771796496,46.2024614735064,46.302229259024706,28450.0,46.82,0.0,46.82,46.31,46.41,1.0,28450.0,1
36,2016-12-19,46.42195060164661,46.641439729786796,46.172531137851,46.641439729786796,17270.0,46.53,0.0,46.75,46.28,46.75,1.0,17270.0,0
37,2016-12-16,46.3820434874393,46.74120751530501,45.853274224192496,45.9031581169517,38953.0,46.49,0.0,46.85,45.96,46.01,1.0,38953.0,4
38,2016-12-15,46.0129026810217,46.581579058475796,45.84329744564071,46.2623221448174,46412.0,46.12,0.0,46.69,45.95,46.37,1.0,46412.0,3
39,2016-12-14,46.850952079375105,47.3697445640701,46.631462951235,47.16023221448171,53312.0,46.96,0.0,47.48,46.74,47.27,1.0,53312.0,2
40,2016-12-13,47.070441207515294,47.4994426852438,46.821021743719704,47.1702089930336,92708.0,47.18,0.0,47.61,46.93,47.28,1.0,92708.0,1
41,2016-12-12,46.9407430863416,48.068119062697896,46.11267046654,46.11267046654,82085.0,47.05,0.0,48.18,46.22,46.22,1.0,82085.0,0
42,2016-12-09,45.22473717542751,45.463182182816105,44.7857589191471,45.2446907325311,33556.0,45.33,0.0,45.568999999999996,44.89,45.35,1.0,33556.0,4
43,2016-12-08,44.9453873759764,45.095039054253704,44.047477306312,44.2071057631412,25762.0,45.05,0.0,45.2,44.15,44.31,1.0,25762.0,3
44,2016-12-07,44.276943213003996,44.2968967701077,43.992605024277,44.2968967701077,28664.0,44.38,0.0,44.4,44.095,44.4,1.0,28664.0,2
45,2016-12-06,44.22705932024489,44.3567574414186,43.688313278446294,43.9377327422419,19344.0,44.33,0.0,44.46,43.79,44.04,1.0,19344.0,1
46,2016-12-05,43.9078024065864,43.9078024065864,43.638429385687104,43.81801139962,28929.0,44.01,0.0,44.01,43.74,43.92,1.0,28929.0,0
47,2016-12-02,43.6084990500317,44.3667342199704,43.4788009288579,43.588545492928,42635.0,43.71,0.0,44.47,43.58,43.69,1.0,42635.0,4
48,2016-12-01,43.7481739497572,43.8379649567237,43.209427907958606,43.6084990500317,41439.0,43.85,0.0,43.94,43.31,43.71,1.0,41439.0,3
49,2016-11-30,43.309195693476894,43.438893814650605,42.900147772852,43.408963478995105,47755.0,43.41,0.0,43.54,43.0,43.51,1.0,47755.0,2
50,2016-11-29,43.339126029132395,43.4788009288579,42.4013088452607,42.5509605235381,57124.0,43.44,0.0,43.58,42.5,42.65,1.0,57124.0,1
51,2016-11-28,42.4611695165717,42.5609373020899,40.8648849482795,40.8748617268313,78673.0,42.56,0.0,42.66,40.96,40.97,1.0,78673.0,0
52,2016-11-25,40.79504749841671,41.214072197593396,40.665349377243,41.0943508549715,17133.0,40.89,0.0,41.31,40.76,41.19,1.0,17133.0,4
53,2016-11-23,40.9247456195905,41.1342579691788,40.226371120962604,40.4558370276546,57933.0,41.02,0.0,41.23,40.32,40.55,1.0,57933.0,2
54,2016-11-22,40.4957441418619,40.70525649145029,40.0966729997889,40.286231792273604,161561.0,40.59,0.0,40.8,40.19,40.38,1.0,161561.0,1
55,2016-11-21,40.3460924635845,41.3337935402153,40.1266033354444,40.7651171627612,53517.0,40.44,0.0,41.43,40.22,40.86,1.0,53517.0,0
56,2016-11-18,40.7750939413131,41.303863204559796,40.7750939413131,41.1941186404898,58042.0,40.87,0.0,41.4,40.87,41.29,1.0,58042.0,4
57,2016-11-17,41.0943508549715,41.1841418619379,40.5510154950391,40.6853029343466,71528.0,41.19,0.0,41.28,40.6454,40.78,1.0,71528.0,3
58,2016-11-16,40.5156976989656,41.3138399831117,40.056765885581605,41.3138399831117,46281.0,40.61,0.0,41.41,40.15,41.41,1.0,46281.0,2
59,2016-11-15,41.1841418619379,41.623120118218296,41.0843740764197,41.244002533248896,45866.0,41.28,0.0,41.72,41.18,41.34,1.0,45866.0,1
60,2016-11-14,40.954675955245904,41.124281190626995,40.605488705932004,41.124281190626995,27956.0,41.05,0.0,41.22,40.7,41.22,1.0,27956.0,0
61,2016-11-11,41.0045598480051,41.0742975300823,40.605488705932004,40.61546548448379,54140.0,41.1,0.0,41.1699,40.7,40.71,1.0,54140.0,4
62,2016-11-10,40.70525649145029,41.4335613257336,40.4059531348955,41.4335613257336,51323.0,40.8,0.0,41.53,40.5,41.53,1.0,51323.0,3
63,2016-11-09,41.1342579691788,41.2739328689044,40.3411040743086,40.6853029343466,38185.0,41.23,0.0,41.37,40.435,40.78,1.0,38185.0,2
64,2016-11-08,41.1342579691788,41.1641883048343,40.695279712898504,40.695279712898504,35533.0,41.23,0.0,41.26,40.79,40.79,1.0,35533.0,1
65,2016-11-07,40.70525649145029,40.9247456195905,40.1764872282035,40.4259066919992,42915.0,40.8,0.0,41.02,40.27,40.52,1.0,42915.0,0
66,2016-11-04,40.15653367109989,41.593189782562796,39.757462529026796,40.2563014566181,69041.0,40.25,0.0,41.69,39.85,40.35,1.0,69041.0,4
67,2016-11-03,40.316162127929104,40.9646527337978,39.27857715853921,39.27857715853921,80980.0,40.41,0.0,41.06,39.37,39.37,1.0,80980.0,3
68,2016-11-02,39.3085074941946,39.677648300612205,38.95932024488071,39.677648300612205,88741.0,39.4,0.0,39.77,39.05,39.77,1.0,88741.0,2
69,2016-11-01,39.5778805150939,40.5655815917247,39.3284610512983,40.5655815917247,82117.0,39.67,0.0,40.66,39.42,40.66,1.0,82117.0,1
70,2016-10-31,40.4658138062065,41.099339244247396,40.3660460206882,41.099339244247396,43691.0,40.56,0.0,41.195,40.46,41.195,1.0,43691.0,0
71,2016-10-28,40.9646527337978,42.0521215959468,40.834954612624,41.742841460840204,49644.0,41.06,0.0,42.15,40.93,41.84,1.0,49644.0,4
72,2016-10-27,41.982284146084,42.5310069664345,41.8226556892548,42.43123918091621,42050.0,42.08,0.0,42.63,41.92,42.53,1.0,42050.0,3
73,2016-10-26,42.3015410597424,44.7258982478362,42.121959045809604,44.636107240869705,54970.0,42.4,0.0,44.83,42.22,44.74,1.0,54970.0,2
74,2016-10-25,44.17717542748571,44.6660375765252,43.8828604602069,44.6660375765252,25171.0,44.28,0.0,44.77,43.985,44.77,1.0,25171.0,1
75,2016-10-24,44.566269791007,44.8156892548026,44.276943213003996,44.7258982478362,12113.0,44.67,0.0,44.92,44.38,44.83,1.0,12113.0,0
76,2016-10-21,44.6660375765252,44.825666033354395,44.1971289845894,44.795735697699,34740.0,44.77,0.0,44.93,44.3,44.9,1.0,34740.0,4
77,2016-10-20,44.855596369009895,45.424272746464005,44.64608401942161,45.025201604391,26319.0,44.96,0.0,45.53,44.75,45.13,1.0,26319.0,3
78,2016-10-19,45.254667511083,45.713599324467,45.0152248258391,45.5240405319823,22099.0,45.36,0.0,45.82,45.12,45.63,1.0,22099.0,2
79,2016-10-18,45.5839012032932,45.823343888536996,45.19480683977199,45.454203082119506,16278.0,45.69,0.0,45.93,45.3,45.56,1.0,16278.0,1
80,2016-10-17,44.985294490183705,45.1149926113574,44.22705932024489,44.5113975089719,52778.0,45.09,0.0,45.22,44.33,44.615,1.0,52778.0,0
81,2016-10-14,44.34678066286679,44.64608401942161,44.1372683132784,44.1572218703821,72572.0,44.45,0.0,44.75,44.24,44.26,1.0,72572.0,4
82,2016-10-13,43.9876166350011,44.3268271057631,43.7282203926536,43.82798817817179,57556.0,44.09,0.0,44.43,43.83,43.93,1.0,57556.0,3
83,2016-10-12,44.0973611990711,44.416618112729594,43.6783364998944,44.416618112729594,55560.0,44.2,0.0,44.52,43.78,44.52,1.0,55560.0,2
84,2016-10-11,44.2370360987967,45.4741566392231,43.7481739497572,44.566269791007,15385.0,44.34,0.0,45.58,43.85,44.67,1.0,15385.0,1
85,2016-10-10,44.5163858982478,45.424272746464005,44.4265948912814,45.424272746464005,25194.0,44.62,0.0,45.53,44.53,45.53,1.0,25194.0,0
86,2016-10-07,44.52636267679971,45.1548997255647,44.2669664344522,45.1548997255647,15635.0,44.63,0.0,45.26,44.37,45.26,1.0,15635.0,4
87,2016-10-06,45.184830061220204,45.3444585180494,44.7159214692844,45.1449229470129,15774.0,45.29,0.0,45.45,44.82,45.25,1.0,15774.0,3
88,2016-10-05,45.1548997255647,45.61383153894871,45.0152248258391,45.61383153894871,31499.0,45.26,0.0,45.72,45.12,45.72,1.0,31499.0,2
89,2016-10-04,44.895503483217205,45.4941101963268,43.408963478995105,45.005248047287296,21127.0,45.0,0.0,45.6,43.51,45.11,1.0,21127.0,1
90,2016-10-03,44.99527126873551,46.12763563436771,44.825666033354395,46.11267046654,60548.0,45.1,0.0,46.235,44.93,46.22,1.0,60548.0,0
91,2016-09-30,46.571602279924,46.870905636478795,45.5240405319823,46.1825079164028,32894.0,46.68,0.0,46.98,45.63,46.29,1.0,32894.0,4
92,2016-09-29,45.9829723453663,47.3398142284146,45.41429596791221,47.3398142284146,22983.0,46.09,0.0,47.45,45.52,47.45,1.0,22983.0,3
93,2016-09-28,47.2250812750686,47.2799535571037,46.5416719442685,46.801068186616,9838.0,47.335,0.11,47.39,46.65,46.91,1.0,9838.0,2
94,2016-09-27,46.563163706348604,47.4291310518921,46.503441820449105,47.4291310518921,17731.0,46.78,0.0,47.65,46.72,47.65,1.0,17731.0,1
95,2016-09-26,47.6779722431402,48.0761181491372,47.4291310518921,47.9467207296882,7536.0,47.9,0.0,48.3,47.65,48.17,1.0,7536.0,0
96,2016-09-23,48.2254228638861,48.9619927899805,48.0562108538373,48.9619927899805,9378.0,48.45,0.0,49.19,48.28,49.19,1.0,9378.0,4
97,2016-09-22,48.97194643763039,49.190926685928794,48.5937078269333,48.5937078269333,108563.0,49.2,0.0,49.42,48.82,48.82,1.0,108563.0,3
98,2016-09-21,48.573800531633395,48.8823636087811,48.0761181491372,48.3548202833351,81905.0,48.8,0.0,49.11,48.3,48.58,1.0,81905.0,2
99,2016-09-20,47.9367670820382,48.4444031121844,44.9805337300105,46.6627001828479,98229.0,48.16,0.0,48.67,45.19,46.88,1.0,98229.0,1
100,2016-09-19,45.74696459905479,46.2048323909513,45.2990504548081,45.4583088172069,108619.0,45.96,0.0,46.42,45.51,45.67,1.0,108619.0,0
101,2016-09-16,45.2691895118584,46.4138589915997,44.910858196461106,46.284461572150704,15958.0,45.48,0.0,46.63,45.12,46.5,1.0,15958.0,4
102,2016-09-15,46.21478603860121,47.0309851458951,46.115249562102,46.9513559646957,10649.0,46.43,0.0,47.25,46.33,47.17,1.0,10649.0,3
103,2016-09-14,46.1252032097519,46.9812169076455,45.9161766091035,46.5447494581962,15764.0,46.34,0.0,47.2,46.13,46.7615,1.0,15764.0,2
104,2016-09-13,46.403905343949795,46.8120048975967,46.015713085602705,46.7622366593471,13727.0,46.62,0.0,47.03,46.23,46.98,1.0,13727.0,1
105,2016-09-12,46.82195854524671,47.09070703179461,45.4583088172069,45.995805790302896,21653.0,47.04,0.0,47.31,45.67,46.21,1.0,21653.0,0
106,2016-09-09,46.46362722984939,48.4742640551342,46.334229810400295,48.32495934038529,16051.0,46.68,0.0,48.7,46.55,48.55,1.0,16051.0,4
107,2016-09-08,48.653429712832796,48.653429712832796,48.4145421692346,48.5140786457339,18253.0,48.88,0.0,48.88,48.64,48.74,1.0,18253.0,3
108,2016-09-07,48.2950983974355,48.782827132281895,48.1955619209363,48.643476065182895,10656.0,48.52,0.0,49.01,48.42,48.87,1.0,10656.0,2
109,2016-09-06,48.862456313481296,49.38004599127729,48.5439395886837,49.081436561779604,25441.0,49.09,0.0,49.61,48.77,49.31,1.0,25441.0,1
110,2016-09-02,48.862456313481296,48.8823636087811,48.2851447497856,48.2851447497856,20279.0,49.09,0.0,49.11,48.51,48.51,1.0,20279.0,4
111,2016-09-01,48.0263499108876,48.25528380683579,47.3893164612924,47.8272769578891,18138.0,48.25,0.0,48.48,47.61,48.05,1.0,18138.0,3
112,2016-08-31,47.7177868337399,48.1856082732864,47.130621158870795,47.130621158870795,118244.0,47.94,0.0,48.41,47.3501,47.3501,1.0,118244.0,2
113,2016-08-30,47.568482118991,48.653429712832796,47.468945642491796,48.633522417532994,14030.0,47.79,0.0,48.88,47.69,48.86,1.0,14030.0,1
114,2016-08-29,48.703197951082494,49.04162197117989,48.32495934038529,49.04162197117989,12986.0,48.93,0.0,49.27,48.55,49.27,1.0,12986.0,0
115,2016-08-26,49.051575618829794,49.514420234551295,48.5538932363336,49.419860581877,13393.0,49.28,0.0,49.745,48.78,49.65,1.0,13393.0,4
116,2016-08-25,49.290463162428,49.4795824677766,49.119459495802296,49.220787628878604,16539.0,49.52,0.0,49.71,49.3482,49.45,1.0,16539.0,3
117,2016-08-24,49.161065742979005,49.3103704577279,49.081436561779604,49.081436561779604,9596.0,49.39,0.0,49.54,49.31,49.31,1.0,9596.0,2
118,2016-08-23,49.4397678771769,49.867774726123706,49.091390209429505,49.091390209429505,26847.0,49.67,0.0,50.1,49.32,49.32,1.0,26847.0,1
119,2016-08-22,49.220787628878604,49.768238249624396,49.061529266479795,49.2008803335787,22501.0,49.45,0.0,50.0,49.29,49.43,1.0,22501.0,0
120,2016-08-19,49.3700923436274,50.873093138766095,49.21581080505361,50.733642535190604,34554.0,49.6,0.0,51.11,49.445,50.9699,1.0,34554.0,4
121,2016-08-18,50.9029540817159,51.11198068236429,50.7735566622668,50.952722319965496,5530.0,51.14,0.0,51.35,51.01,51.19,1.0,5530.0,3
122,2016-08-17,50.97262961526529,51.261285397113106,50.698904304892395,51.261285397113106,11297.0,51.21,0.0,51.5,50.935,51.5,1.0,11297.0,2
123,2016-08-16,51.2413781018133,51.739060484309505,51.0920733870644,51.2712390447631,7740.0,51.48,0.0,51.98,51.33,51.51,1.0,7740.0,1
124,2016-08-15,51.2214708065135,51.948087084958,51.1717025682638,51.639524007810294,9910.0,51.46,0.0,52.19,51.41,51.88,1.0,9910.0,0
125,2016-08-12,51.460358350111704,51.6096630648605,50.6043446522181,51.5300338836611,13676.0,51.7,0.0,51.85,50.84,51.77,1.0,13676.0,4
126,2016-08-11,51.231424454163395,51.778875074909294,50.9626759676154,51.778875074909294,26483.0,51.47,0.0,52.02,51.2,52.02,1.0,26483.0,3
127,2016-08-10,51.450404702461704,52.5950741822031,51.2015635112136,52.18697462855621,9719.0,51.69,0.0,52.84,51.44,52.43,1.0,9719.0,2
128,2016-08-09,52.286511105055396,52.903637259350795,51.8983188467083,52.2566501621056,30667.0,52.53,0.0,53.15,52.14,52.5,1.0,30667.0,1
129,2016-08-08,52.04762356145721,52.3064184003553,51.0323515011649,51.0323515011649,29491.0,52.29,0.0,52.55,51.27,51.27,1.0,29491.0,0
130,2016-08-05,51.0622124441146,51.321007283012705,50.046940383822296,50.952722319965496,26166.0,51.3,0.0,51.56,50.28,51.19,1.0,26166.0,4
131,2016-08-04,50.9129077293658,51.11198068236429,49.6487944778253,49.7085163637249,12341.0,51.15,0.0,51.35,49.88,49.94,1.0,12341.0,3
132,2016-08-03,50.0817781505971,50.63420559516789,49.768238249624396,50.63420559516789,27389.0,50.315,0.0,50.87,50.0,50.87,1.0,27389.0,2
133,2016-08-02,50.6043446522181,51.0323515011649,49.73837730667461,49.768238249624396,51512.0,50.84,0.0,51.27,49.97,50.0,1.0,51512.0,1
134,2016-08-01,49.91754296437329,50.0170794408725,48.5538932363336,48.97194643763039,36094.0,50.15,0.0,50.25,48.78,49.2,1.0,36094.0,0
135,2016-07-29,48.9420854946807,49.18097303827889,47.040938793544996,47.040938793544996,42362.0,49.17,0.0,49.41,47.26,47.26,1.0,42362.0,4
136,2016-07-28,47.2897799847931,47.2897799847931,43.8159569549693,43.8159569549693,62839.0,47.51,0.0,47.51,44.02,44.02,1.0,62839.0,3
137,2016-07-27,44.831229015261705,44.9705800823606,43.606930354320895,43.606930354320895,30326.0,45.04,0.0,45.18,43.81,43.81,1.0,30326.0,2
138,2016-07-26,44.124520032117005,44.6222024146133,43.507393877821706,43.9055397838187,17938.0,44.33,0.0,44.83,43.71,44.11,1.0,17938.0,1
139,2016-07-25,43.756235069069795,44.43308310926471,43.5681111284862,44.43308310926471,35021.0,43.96,0.0,44.64,43.771,44.64,1.0,35021.0,0
140,2016-07-22,44.323592985115496,44.51271229046411,44.2141028609663,44.22405650861629,19120.0,44.53,0.0,44.72,44.42,44.43,1.0,19120.0,4
141,2016-07-21,44.3534539280653,44.910858196461106,44.03493720326771,44.3534539280653,22455.0,44.56,0.0,45.12,44.24,44.56,1.0,22455.0,3
142,2016-07-20,44.4032221663149,44.801368072311895,43.776142364369605,44.15438097506679,19324.0,44.61,0.0,45.01,43.98,44.36,1.0,19324.0,2
143,2016-07-19,44.015029907967794,44.791414424662,43.6407727563307,44.791414424662,23598.0,44.22,0.0,45.0,43.843999999999994,45.0,1.0,23598.0,1
144,2016-07-18,44.950672787060796,44.950672787060796,44.1145663844671,44.1145663844671,9859.0,45.16,0.0,45.16,44.32,44.32,1.0,9859.0,0
145,2016-07-15,44.3634075757152,44.5724341763636,43.8856324885188,44.393268518664996,29240.0,44.57,0.0,44.78,44.09,44.6,1.0,29240.0,4
146,2016-07-14,44.3136393374656,45.4583088172069,44.2439638039161,45.1497457400593,23999.0,44.52,0.0,45.67,44.45,45.36,1.0,23999.0,3
147,2016-07-13,44.841182662911606,44.9705800823606,44.50275864281421,44.9705800823606,9122.0,45.05,0.0,45.18,44.71,45.18,1.0,9122.0,2
148,2016-07-12,45.1198847971095,45.4682624648569,44.492904531640704,45.418394690130704,26216.0,45.33,0.0,45.68,44.7001,45.6299,1.0,26216.0,1
149,2016-07-11,44.532619585763904,45.169653035359104,44.49280499516421,44.6819243005128,13025.0,44.74,0.0,45.38,44.7,44.89,1.0,13025.0,0
150,2016-07-08,44.7515998340623,44.831229015261705,43.606930354320895,43.6268376496208,17513.0,44.96,0.0,45.04,43.81,43.83,1.0,17513.0,4
151,2016-07-07,43.776142364369605,44.2340101562662,43.766188716719704,44.0448908509176,10875.0,43.98,0.0,44.44,43.97,44.25,1.0,10875.0,3
152,2016-07-06,43.825910602619295,44.890950901161204,43.457625639572,44.890950901161204,29719.0,44.03,0.0,45.1,43.66,45.1,1.0,29719.0,2
153,2016-07-05,45.249282216558505,45.4284478742572,44.9805337300105,45.4184942266072,17865.0,45.46,0.0,45.64,45.19,45.63,1.0,17865.0,1
154,2016-07-01,45.955991199703206,46.224739686251205,45.4583088172069,45.6673354178554,47509.0,46.17,0.0,46.44,45.67,45.88,1.0,47509.0,4
155,2016-06-30,45.6175671796057,45.6175671796057,44.462944052214496,44.6321560622632,24727.0,45.83,0.0,45.83,44.67,44.84,1.0,24727.0,3
156,2016-06-29,44.6022951193134,45.020348320610196,43.487486582521804,43.487486582521804,21888.0,44.81,0.0,45.23,43.69,43.69,1.0,21888.0,2
157,2016-06-28,44.3833148710151,44.880997253511296,43.776142364369605,44.3335466327654,38885.0,44.59,0.11,45.09,43.98,44.54,1.0,38885.0,1
158,2016-06-27,44.154944347070206,44.41310233066,43.410257855945794,44.35352741137011,21554.0,44.47,0.0,44.73,43.72,44.67,1.0,21554.0,0
159,2016-06-24,45.0485681364195,45.6046007164591,42.6159255987465,44.8102684592597,24001.0,45.37,0.0,45.93,42.92,45.13,1.0,24001.0,4
160,2016-06-23,46.1705624497136,46.25992482864861,45.1925408580369,45.1925408580369,13825.0,46.5,0.0,46.59,45.515,45.515,1.0,13825.0,3
161,2016-06-22,45.1379305153545,45.4556634182342,44.373385717800105,45.3960884989443,20831.0,45.46,0.0,45.78,44.69,45.72,1.0,20831.0,2
162,2016-06-21,45.4655925714492,46.0216251514888,45.247151200719394,45.247151200719394,9317.0,45.79,0.0,46.35,45.57,45.57,1.0,9317.0,1
163,2016-06-20,45.1379305153545,45.6144305781419,45.0485681364195,45.2967969667943,13541.0,45.46,0.0,45.9399,45.37,45.62,1.0,13541.0,0
164,2016-06-17,44.8996308381946,45.0882847492795,44.482606403165,44.51239386281,11475.0,45.22,0.0,45.41,44.8,44.83,1.0,11475.0,4
165,2016-06-16,44.5521104756699,44.76062269318479,43.8074239845455,44.293952492080095,15040.0,44.87,0.0,45.08,44.12,44.61,1.0,15040.0,3
166,2016-06-15,44.423031483875,44.502464709595,43.7379199120406,44.214519266360206,52868.0,44.74,0.0,44.82,44.05,44.53,1.0,52868.0,2
167,2016-06-14,44.45281894352,45.1280013621395,44.075511121350296,44.194660959930204,16342.0,44.77,0.0,45.45,44.39,44.51,1.0,16342.0,1
168,2016-06-13,44.6116853949599,45.167618683467296,44.442889790305,44.830126765689705,20777.0,44.93,0.0,45.4899,44.76,45.15,1.0,20777.0,0
169,2016-06-10,45.1577888217844,46.0216251514888,44.77055184639979,46.0216251514888,22516.0,45.48,0.0,46.35,45.09,46.35,1.0,22516.0,4
170,2016-06-09,45.664175635749,46.0216251514888,45.1280013621395,45.3464427328693,49515.0,45.99,0.0,46.35,45.45,45.67,1.0,49515.0,3
171,2016-06-08,45.703892248609,45.9819085386288,45.594671563244106,45.80318378075889,21524.0,46.03,0.0,46.31,45.92,46.13,1.0,21524.0,2
172,2016-06-07,46.061341764348704,46.7265950297532,45.425975250121404,45.852829546833895,52339.0,46.39,0.0,47.06,45.7501,46.18,1.0,52339.0,1
173,2016-06-06,46.786169949043206,47.4712815208776,46.6074451911733,47.4712815208776,13892.0,47.12,0.0,47.81,46.94,47.81,1.0,13892.0,0
174,2016-06-03,47.1138320051379,47.3918482951577,46.7663116426132,46.7663116426132,12511.0,47.45,0.0,47.73,47.1,47.1,1.0,12511.0,4
175,2016-06-02,46.67694926367821,47.1376619728539,46.5081536590234,46.756382489398206,15973.0,47.01,0.0,47.474,46.84,47.09,1.0,15973.0,3
176,2016-06-01,47.371989988727705,47.525891863560105,45.9322627725538,47.501068980522604,25196.0,47.71,0.0,47.865,46.26,47.84,1.0,25196.0,2
177,2016-05-31,46.92517809405311,46.945036400483,45.9223336193388,46.67694926367821,22374.0,47.26,0.0,47.28,46.25,47.01,1.0,22374.0,1
178,2016-05-27,46.6372326508183,46.7762407958282,46.1606332964987,46.2897122882936,12696.0,46.97,0.0,47.11,46.49,46.62,1.0,12696.0,4
179,2016-05-26,45.872687853263905,46.3194997479385,45.4179326360172,46.3194997479385,20368.0,46.2,0.0,46.65,45.742,46.65,1.0,20368.0,3
180,2016-05-25,46.091129223993704,46.547870271883404,45.763467167899,45.763467167899,23411.0,46.42,0.0,46.88,46.09,46.09,1.0,23411.0,2
181,2016-05-24,45.852829546833895,45.86275870004889,45.3067261200093,45.3414781562618,14198.0,46.18,0.0,46.19,45.63,45.665,1.0,14198.0,1
182,2016-05-23,44.8599142253347,45.19750543464439,44.8251621890822,45.19750543464439,4544.0,45.18,0.0,45.52,45.145,45.52,1.0,4544.0,0
183,2016-05-20,45.237222047504396,45.5450257971691,44.6514020078198,45.5450257971691,13252.0,45.56,0.0,45.87,44.97,45.87,1.0,13252.0,4
184,2016-05-19,44.8102684592597,45.336513579654294,43.68827414596561,44.1251568874253,21806.0,45.13,0.0,45.66,44.0,44.44,1.0,21806.0,3
185,2016-05-18,44.313810798510104,44.6017562417449,43.956361282770395,43.9662904359854,28603.0,44.63,0.0,44.92,44.27,44.28,1.0,28603.0,2
186,2016-05-17,44.2641650324351,44.979064063914606,44.0556528149203,44.7804809996147,17490.0,44.58,0.0,45.3,44.37,45.1,1.0,17490.0,1
187,2016-05-16,44.9592057574846,45.753538014684,44.800339306044705,45.2272928942894,37417.0,45.28,0.0,46.08,45.12,45.55,1.0,37417.0,0
188,2016-05-13,45.2272928942894,45.594671563244106,44.45281894352,45.3861593457293,26629.0,45.55,0.0,45.92,44.77,45.71,1.0,26629.0,4
189,2016-05-12,45.5152383375242,46.7166658765382,45.0882847492795,46.3989329736585,52291.0,45.84,0.0,47.05,45.41,46.73,1.0,52291.0,3
190,2016-05-11,46.468437046163395,46.7762407958282,44.6116853949599,44.6116853949599,44128.0,46.8,0.0,47.11,44.93,44.93,1.0,44128.0,2
191,2016-05-10,44.7804809996147,45.4854508778792,44.7407643867548,45.0882847492795,42114.0,45.1,0.0,45.81,45.06,45.41,1.0,42114.0,1
192,2016-05-09,45.0982139024945,46.56772857831329,45.0187806767746,46.56772857831329,105444.0,45.42,0.0,46.9,45.34,46.9,1.0,105444.0,0
193,2016-05-06,46.528011965453395,46.6074451911733,44.661331161034795,44.661331161034795,43182.0,46.86,0.0,46.94,44.98,44.98,1.0,43182.0,4
194,2016-05-05,44.691118620679795,44.9393474510546,44.224448419575204,44.8102684592597,73118.0,45.01,0.0,45.26,44.54,45.13,1.0,73118.0,3
195,2016-05-04,44.2343775727902,44.35352741137011,43.8273815825076,44.0258653552753,91761.0,44.55,0.0,44.67,44.1401,44.34,1.0,91761.0,2
196,2016-05-03,44.830126765689705,45.684033942179006,44.631543701389894,45.64431732931911,32514.0,45.15,0.0,46.01,44.95,45.97,1.0,32514.0,1
197,2016-05-02,45.743608861469,45.9322627725538,44.8201976124747,44.8201976124747,98434.0,46.07,0.0,46.26,45.14,45.14,1.0,98434.0,0
198,2016-04-29,44.691118620679795,44.7804809996147,44.105298580995296,44.403173177445005,79557.0,45.01,0.0,45.1,44.42,44.72,1.0,79557.0,4
199,2016-04-28,44.2542358792202,44.5620396288849,43.5294076945257,43.5294076945257,44322.0,44.57,0.0,44.88,43.84,43.84,1.0,44322.0,3
200,2016-04-27,43.469832775235794,45.097220987173,43.2712497109359,43.2712497109359,40433.0,43.78,0.0,45.419,43.58,43.58,1.0,40433.0,2
201,2016-04-26,43.07266664663611,43.53933684774071,42.8641544291212,43.1024541062811,50111.0,43.38,0.0,43.85,43.17,43.41,1.0,50111.0,1
202,2016-04-25,42.725146284111396,42.9535168080562,42.1095387847818,42.179042857286795,34402.0,43.03,0.0,43.26,42.41,42.48,1.0,34402.0,0
203,2016-04-22,42.318051002296706,42.9634459612712,42.318051002296706,42.9138001951962,46248.0,42.62,0.0,43.27,42.62,43.22,1.0,46248.0,4
204,2016-04-21,42.6755005180364,43.162029025571,42.6258547519614,43.082595799851106,49503.0,42.98,0.0,43.47,42.93,43.39,1.0,49503.0,3
205,2016-04-20,43.171958178786,43.469832775235794,43.07266664663611,43.132241565926,24289.0,43.48,0.0,43.78,43.38,43.44,1.0,24289.0,2
206,2016-04-19,43.152099872356004,43.380470396300794,42.80457950983129,42.80457950983129,58068.0,43.46,0.0,43.69,43.11,43.11,1.0,58068.0,1
207,2016-04-18,42.8145086630463,43.1024541062811,42.3081218490817,42.5364923730265,68978.0,43.12,0.0,43.41,42.61,42.84,1.0,68978.0,0
208,2016-04-15,42.6755005180364,43.003162574131096,42.4669883005216,42.4669883005216,32735.0,42.98,0.0,43.31,42.77,42.77,1.0,32735.0,4
209,2016-04-14,42.7350754373264,43.5294076945257,42.5662798326715,43.519478541310704,57160.0,43.04,0.0,43.84,42.87,43.83,1.0,57160.0,3
210,2016-04-13,43.7180616056106,43.7379199120406,43.132241565926,43.3109663237959,39258.0,44.03,0.0,44.05,43.44,43.62,1.0,39258.0,2
211,2016-04-12,43.3208954770109,43.7577782184705,43.003162574131096,43.003162574131096,41026.0,43.63,0.0,44.07,43.31,43.31,1.0,41026.0,1
212,2016-04-11,43.211674791646004,43.4201870091608,42.18897201050179,42.2584760830067,35682.0,43.52,0.0,43.73,42.49,42.56,1.0,35682.0,0
213,2016-04-08,42.0102472526319,42.9138001951962,41.7918058819021,42.208830316931795,15614.0,42.31,0.0,43.22,42.09,42.51,1.0,15614.0,4
214,2016-04-07,42.0301055590619,42.6159255987465,41.831522494762105,42.1095387847818,26703.0,42.33,0.0,42.92,42.13,42.41,1.0,26703.0,3
215,2016-04-06,42.3081218490817,43.7428844886481,41.2258441486475,41.2258441486475,73596.0,42.61,0.0,44.055,41.52,41.52,1.0,73596.0,2
216,2016-04-05,41.1464109229276,41.2655607615075,39.7364711663987,40.123708141783396,25229.0,41.44,0.0,41.56,40.02,40.41,1.0,25229.0,1
217,2016-04-04,40.391795278588205,40.7095281814679,39.9052667710536,40.5208742703831,31950.0,40.68,0.0,41.0,40.19,40.81,1.0,31950.0,0
218,2016-04-01,40.1336372949984,40.590378342887995,39.8854084646236,40.4612993510931,31718.0,40.42,0.0,40.88,40.17,40.75,1.0,31718.0,4
219,2016-03-31,40.649953262178,40.9676861650577,40.2726454400083,40.9676861650577,23832.0,40.94,0.0,41.26,40.56,41.26,1.0,23832.0,3
220,2016-03-30,40.1435664482134,40.689669875038,39.9151959242686,40.0740623757085,57081.0,40.43,0.0,40.98,40.2,40.36,1.0,57081.0,2
221,2016-03-29,39.9350542306986,40.7393156411129,39.776187779258706,39.776187779258706,54683.0,40.22,0.11,41.03,40.06,40.06,1.0,54683.0,1
222,2016-03-28,39.8657397304221,39.9449563021666,39.5884817293163,39.5884817293163,21252.0,40.26,0.0,40.34,39.98,39.98,1.0,21252.0,0
223,2016-03-24,39.8558376589541,39.9548583736347,39.1923988705938,39.380538228487,39939.0,40.25,0.0,40.35,39.58,39.77,1.0,39939.0,3
224,2016-03-23,39.717208658401205,40.1033894456556,39.420146514359296,39.64789415812471,27689.0,40.11,0.0,40.5,39.81,40.04,1.0,27689.0,2
225,2016-03-22,40.0934873741876,40.430157804101704,39.420146514359296,39.420146514359296,24423.0,40.49,0.0,40.83,39.81,39.81,1.0,24423.0,1
226,2016-03-21,39.9251521592305,40.8024756913009,39.687502443997005,40.2023111396216,45663.0,40.32,0.0,41.206,40.08,40.5999,1.0,45663.0,0
227,2016-03-18,40.1528998029959,40.3806474467614,39.891485116239096,39.891485116239096,38257.0,40.55,0.0,40.78,40.286,40.286,1.0,38257.0,4
228,2016-03-17,40.197459124602204,40.667807519335206,39.370636157019,40.667807519335206,25276.0,40.595,0.0,41.07,39.76,41.07,1.0,25276.0,3
229,2016-03-16,40.2618225891446,40.6480033763991,39.67760037252889,39.67760037252889,19067.0,40.66,0.0,41.05,40.07,40.07,1.0,19067.0,2
230,2016-03-15,39.6181879437205,39.8558376589541,39.3607340855509,39.7271107298692,39286.0,40.01,0.0,40.25,39.75,40.12,1.0,39286.0,1
231,2016-03-14,40.0241728739111,40.133095660059794,39.8360335160179,40.133095660059794,24074.0,40.42,0.0,40.53,40.23,40.53,1.0,24074.0,0
232,2016-03-11,40.1033894456556,40.469766089974,39.8954459448263,40.182606017400104,68278.0,40.5,0.0,40.87,40.29,40.58,1.0,68278.0,4
233,2016-03-10,39.7568169442734,40.281626732080795,39.222105084998,40.162801874464,22883.0,40.15,0.0,40.68,39.61,40.56,1.0,22883.0,3
234,2016-03-09,40.2420184462085,40.3410391608892,39.558775514912206,39.568677586380204,11238.0,40.64,0.0,40.74,39.95,39.96,1.0,11238.0,2
235,2016-03-08,39.4300485858273,39.5191672290399,38.9547491553603,39.251811299402206,25680.0,39.82,0.0,39.91,39.34,39.64,1.0,25680.0,1
236,2016-03-07,39.5983838007844,40.4994723043782,39.504314121837794,40.4994723043782,24528.0,39.99,0.0,40.9,39.895,40.9,1.0,24528.0,0
237,2016-03-04,39.875641801890204,40.3014308750169,39.4399506572954,40.2964798392829,32952.0,40.27,0.0,40.7,39.83,40.695,1.0,32952.0,4
238,2016-03-03,40.192607109582895,40.6143363334077,39.9449563021666,39.9449563021666,55295.0,40.5901,0.0,41.016000000000005,40.34,40.34,1.0,55295.0,3
239,2016-03-02,39.8657397304221,40.420255732633706,38.5091559392975,38.6675890827865,43801.0,40.26,0.0,40.82,38.89,39.05,1.0,43801.0,2
240,2016-03-01,38.6774911542545,38.8953367265519,38.390331081680706,38.390331081680706,24815.0,39.06,0.0,39.28,38.77,38.77,1.0,24815.0,1
241,2016-02-29,38.6081766539781,38.8458263692116,38.390331081680706,38.5537152609038,44757.0,38.99,0.0,39.23,38.77,38.935,1.0,44757.0,0
242,2016-02-26,38.6180787254462,38.8458263692116,37.9546399370859,37.964542008554,41454.0,39.0,0.0,39.23,38.33,38.34,1.0,41454.0,4
243,2016-02-25,38.0338565088304,38.122975152043,37.400123934874394,37.5288508639592,113127.0,38.41,0.0,38.5,37.77,37.9,1.0,113127.0,3
244,2016-02-24,37.0832576478964,37.241690791385395,36.340602287791704,36.708563263544896,26268.0,37.45,0.0,37.61,36.7,37.0716,1.0,26268.0,2
245,2016-02-23,37.0535514334922,37.7466964362566,36.934726575875395,37.509046721023104,27354.0,37.42,0.0,38.12,37.3,37.88,1.0,27354.0,1
246,2016-02-22,37.479340506618904,38.766609797467105,37.459536363682794,38.766609797467105,19784.0,37.85,0.0,39.15,37.83,39.15,1.0,19784.0,0
247,2016-02-19,38.6774911542545,38.925042940956104,38.4002331531488,38.6675890827865,20870.0,39.06,0.0,39.31,38.78,39.05,1.0,20870.0,4
248,2016-02-18,38.7369035830629,39.3013216567425,38.7369035830629,38.8161201548074,33855.0,39.12,0.0,39.69,39.12,39.2,1.0,33855.0,3
249,2016-02-17,38.26160415259589,38.4992538678294,37.2713970057896,37.2812990772576,14455.0,38.64,0.0,38.88,37.64,37.65,1.0,14455.0,2
250,2016-02-16,37.1921804340451,37.439732220746706,36.5980561459613,36.5980561459613,14809.0,37.56,0.0,37.81,36.96,36.96,1.0,14809.0,1
251,2016-02-12,36.4594271454084,36.6772727177058,35.7464779997079,35.7464779997079,23388.0,36.82,0.0,37.04,36.1,36.1,1.0,23388.0,4
252,2016-02-11,35.607848999155,35.825694571452395,33.5086098479256,33.696749205818804,26917.0,35.96,0.0,36.18,33.84,34.03,1.0,26917.0,3
253,2016-02-10,33.5185119193937,34.1423424218816,32.8253669166292,33.5581202052659,36325.0,33.85,0.0,34.48,33.15,33.89,1.0,36325.0,2
254,2016-02-09,32.8550731310334,33.577924348202,32.3896757720345,32.5580109869915,34740.0,33.18,0.0,33.91,32.71,32.88,1.0,34740.0,1
255,2016-02-08,33.4789036335214,35.3801013553895,33.4293932761811,35.3701992839215,14587.0,33.81,0.0,35.73,33.76,35.72,1.0,14587.0,0
256,2016-02-05,35.5880448562189,36.439623002472295,35.0038226396031,36.083148429622,17249.0,35.94,0.0,36.8,35.35,36.44,1.0,17249.0,4
257,2016-02-04,36.489133359812605,36.6871747891739,35.696967642367504,36.1574139656325,28386.0,36.85,0.0,37.05,36.05,36.515,1.0,28386.0,3
258,2016-02-03,36.0138339293456,37.0040410761519,35.5286324274105,37.0040410761519,61584.0,36.37,0.0,37.37,35.88,37.37,1.0,61584.0,2
259,2016-02-02,36.44952507394029,36.7861955038545,36.3009940019194,36.5980561459613,10383.0,36.81,0.0,37.15,36.66,36.96,1.0,10383.0,1
260,2016-02-01,37.37041772047021,37.5783612212995,36.0138339293456,37.0832576478964,36743.0,37.74,0.0,37.95,36.37,37.45,1.0,36743.0,0
261,2016-01-29,37.806108865065,38.459645581957204,36.895118290003204,37.0139431476199,60983.0,38.18,0.0,38.84,37.26,37.38,1.0,60983.0,4
262,2016-01-28,36.895118290003204,37.400123934874394,36.0138339293456,36.231679501643,13465.0,37.26,0.0,37.77,36.37,36.59,1.0,13465.0,3
263,2016-01-27,37.1921804340451,37.816010936533104,36.7366851465142,37.816010936533104,17262.0,37.56,0.0,38.19,37.1,38.19,1.0,17262.0,2
264,2016-01-26,37.8952275082776,38.1427792949791,36.7267830750461,36.866402282745796,27417.0,38.27,0.0,38.52,37.09,37.231,1.0,27417.0,1
265,2016-01-25,36.70697893211,37.1921804340451,36.2019732872388,36.3009940019194,37141.0,37.07,0.0,37.56,36.56,36.66,1.0,37141.0,0
266,2016-01-22,36.5188395742168,36.865412075599,35.6672614279634,35.95442150053721,24246.0,36.88,0.0,37.23,36.02,36.31,1.0,24246.0,4
267,2016-01-21,35.231570283368605,35.3206889265811,34.1423424218816,35.1077943900178,40349.0,35.58,0.0,35.67,34.48,35.455,1.0,40349.0,3
268,2016-01-20,34.5483273520722,34.9048019249225,32.7362482734167,33.0729187033308,80612.0,34.89,0.0,35.25,33.06,33.4,1.0,80612.0,2
269,2016-01-19,33.459099490585295,33.607630562606204,33.0729187033308,33.4690015620533,53113.0,33.79,0.0,33.94,33.4,33.8,1.0,53113.0,1
270,2016-01-15,34.3205797083068,34.60773978088061,33.7660637060952,33.9443009925204,44181.0,34.66,0.0,34.95,34.1,34.28,1.0,44181.0,4
271,2016-01-14,34.657250138220896,34.8750957105183,33.6175326340743,34.0878810288073,36173.0,35.0,0.0,35.22,33.95,34.425,1.0,36173.0,3
272,2016-01-13,34.191852779222,35.6375552135592,33.974007206924604,35.0929412828157,27755.0,34.53,0.0,35.99,34.31,35.44,1.0,27755.0,2
273,2016-01-12,35.0236267825393,35.1820599260283,34.597837709412495,34.597837709412495,12079.0,35.37,0.0,35.53,34.94,34.94,1.0,12079.0,1
274,2016-01-11,34.7562708529016,35.7464779997079,34.558229423540304,35.479122070070204,30876.0,35.1,0.0,36.1,34.9,35.83,1.0,30876.0,0
275,2016-01-08,35.6375552135592,36.4990354312807,34.9246060678586,35.55833864181471,44771.0,35.99,0.0,36.86,35.27,35.91,1.0,44771.0,4
276,2016-01-07,34.8404384603801,35.617751070623,34.657250138220896,35.4197096412618,89167.0,35.185,0.0,35.97,35.0,35.77,1.0,89167.0,3
277,2016-01-06,35.8851070002607,36.865412075599,35.825694571452395,36.41981885953621,12138.0,36.24,0.0,37.23,36.18,36.78,1.0,12138.0,2
278,2016-01-05,36.9149224329393,38.301212438468106,36.7861955038545,38.301212438468106,20529.0,37.28,0.0,38.68,37.15,38.68,1.0,20529.0,1
279,2016-01-04,39.1032802273813,39.8360335160179,38.301212438468106,39.8360335160179,30080.0,39.49,0.0,40.23,38.68,40.23,1.0,30080.0,0
280,2015-12-31,40.0340749453792,40.2915288035488,39.7766210872096,39.816229373081796,68679.0,40.43,0.0,40.69,40.17,40.21,1.0,68679.0,3
281,2015-12-30,39.8261314445499,40.004368730974996,39.6900769825787,39.816229373081796,45598.0,40.22,0.0,40.4,40.0826,40.21,1.0,45598.0,2
282,2015-12-29,40.0340749453792,40.4499619470378,39.9548583736347,40.073683231251394,48764.0,40.43,0.1,40.85,40.35,40.47,1.0,48764.0,1
283,2015-12-28,39.4809271050285,40.300771225548296,38.3845090643335,38.819125224608996,17057.0,39.97,0.0,40.8,38.86,39.3,1.0,17057.0,0
284,2015-12-24,39.4019059849784,39.6686022651475,39.352517784947096,39.648846985135,22398.0,39.89,0.0,40.16,39.84,40.14,1.0,22398.0,3
285,2015-12-23,39.5895811450974,40.715632105811295,39.382150704965895,40.0143196653667,39814.0,40.08,0.0,41.22,39.87,40.51,1.0,39814.0,2
286,2015-12-22,39.797011585228894,40.0735855054042,39.5006823850411,39.569825865084894,37171.0,40.29,0.0,40.57,39.99,40.06,1.0,37171.0,1
287,2015-12-21,39.382150704965895,40.942817825955295,39.352517784947096,40.942817825955295,12149.0,39.87,0.0,41.45,39.84,41.45,1.0,12149.0,0
288,2015-12-18,40.6761215457862,41.3675563462245,40.6761215457862,41.0020836659928,15071.0,41.18,0.0,41.88,41.18,41.51,1.0,15071.0,4
289,2015-12-17,40.7847755858551,41.7527843064688,40.6958768257987,41.545353866337294,30490.0,41.29,0.0,42.27,41.2,42.06,1.0,30490.0,3
290,2015-12-16,41.574986786356,41.7922948664938,39.154964984821895,39.609336425109895,19945.0,42.09,0.0,42.31,39.64,40.1,1.0,19945.0,2
291,2015-12-15,39.3623954249534,39.3623954249534,38.591939504464996,39.046310944752996,11082.0,39.85,0.0,39.85,39.07,39.53,1.0,11082.0,1
292,2015-12-14,38.967289824702895,39.3130072249221,38.6907159045276,38.927779264677895,31326.0,39.45,0.0,39.8,39.17,39.41,1.0,31326.0,0
293,2015-12-11,38.8092475846027,39.0561885847593,38.552428944439896,38.9080239846653,18023.0,39.29,0.0,39.54,39.03,39.39,1.0,18023.0,4
294,2015-12-10,39.273496664896996,39.4957435650379,37.8807494240141,37.8807494240141,26914.0,39.76,0.0,39.985,38.35,38.35,1.0,26914.0,3
295,2015-12-09,37.8412388639891,38.6709606245151,37.3671121436885,38.2758550242646,8509.0,38.31,0.0,39.15,37.83,38.75,1.0,8509.0,2
296,2015-12-08,38.5425513044337,39.303129584915794,37.831361223982796,37.831361223982796,26228.0,39.02,0.0,39.79,38.3,38.3,1.0,26228.0,1
297,2015-12-07,38.819125224608996,38.829002864615205,38.325243224295896,38.7346714025554,13135.0,39.3,0.0,39.31,38.8,39.2145,1.0,13135.0,0
298,2015-12-04,38.977167464709204,39.273496664896996,38.819125224608996,39.194475544846895,32677.0,39.46,0.0,39.76,39.3,39.68,1.0,32677.0,4
299,2015-12-03,39.194475544846895,39.8463997852602,38.7697370245777,38.7697370245777,65080.0,39.68,0.0,40.34,39.25,39.25,1.0,65080.0,3
300,2015-12-02,39.9550538253291,41.4959656663059,39.5205364414536,41.4959656663059,30655.0,40.45,0.0,42.01,40.0101,42.01,1.0,30655.0,2
301,2015-12-01,41.673763186418704,41.6935184664312,40.095316313418,40.3995476256109,32970.0,42.19,0.0,42.21,40.592,40.9,1.0,32970.0,1
302,2015-11-30,40.2019948254856,40.251383025517,39.9056656252978,39.9125799733022,22749.0,40.7,0.0,40.75,40.4,40.407,1.0,22749.0,0
303,2015-11-27,40.0735855054042,40.216811285495,39.7377457451913,40.216811285495,3895.0,40.57,0.0,40.715,40.23,40.715,1.0,3895.0,4
304,2015-11-25,40.3699147055921,40.834163785886396,39.490804745034794,39.490804745034794,18110.0,40.87,0.0,41.34,39.98,39.98,1.0,18110.0,2
305,2015-11-24,39.2241084648657,39.8661550652727,38.661082984508795,39.016678024734205,39450.0,39.71,0.0,40.36,39.14,39.5,1.0,39450.0,1
306,2015-11-23,39.1352097048094,39.273496664896996,37.6831966238889,37.6831966238889,32945.0,39.62,0.0,39.76,38.15,38.15,1.0,32945.0,0
307,2015-11-20,37.5449096638012,37.9795258240767,36.4484916231061,36.4484916231061,33291.0,38.01,0.0,38.45,36.9,36.9,1.0,33291.0,4
308,2015-11-19,36.4287363430936,36.4534304431093,36.053386022855705,36.053386022855705,16968.0,36.88,0.0,36.905,36.5,36.5,1.0,16968.0,3
309,2015-11-18,36.2509388229809,36.4386139830999,35.905221422761706,35.924976702774295,12104.0,36.7,0.0,36.89,36.35,36.37,1.0,12104.0,2
310,2015-11-17,36.102774222887,36.458369263112395,35.5595040225426,35.7175462626428,17294.0,36.55,0.0,36.91,36.0,36.16,1.0,17294.0,1
311,2015-11-16,35.6582804226052,36.053386022855705,35.233541902335894,35.233541902335894,6543.0,36.1,0.0,36.5,35.67,35.67,1.0,6543.0,0
312,2015-11-13,35.4014617824424,35.895343782755496,35.3026853823798,35.895343782755496,5577.0,35.84,0.0,36.34,35.74,36.34,1.0,5577.0,4
313,2015-11-12,35.5792593025551,35.7669344626741,35.263174822354706,35.7669344626741,8547.0,36.02,0.0,36.21,35.7,36.21,1.0,8547.0,3
314,2015-11-11,35.9447319827868,36.557145663175,35.9447319827868,36.329959943031,4512.0,36.39,0.0,37.01,36.39,36.78,1.0,4512.0,2
315,2015-11-10,36.231183542968395,36.6559220632376,34.9273350621418,34.9668456221669,9026.0,36.68,0.0,37.11,35.36,35.4,1.0,9026.0,1
316,2015-11-09,34.9668456221669,36.191672982943295,34.873008042107394,36.191672982943295,8475.0,35.4,0.0,36.64,35.305,36.64,1.0,8475.0,0
317,2015-11-06,36.537390383162496,36.843597223356596,35.8459555827242,36.320082303024705,13456.0,36.99,0.0,37.3,36.29,36.77,1.0,13456.0,4
318,2015-11-05,36.339837583037294,36.6213503232157,35.4310947024612,35.4310947024612,13519.0,36.79,0.0,37.075,35.87,35.87,1.0,13519.0,3
319,2015-11-04,35.4706052624862,35.6286475025864,34.5223518218851,34.5223518218851,17166.0,35.91,0.0,36.07,34.95,34.95,1.0,17166.0,2
320,2015-11-03,35.282930102367295,35.6484027825989,34.680394061985304,34.858191582097994,15583.0,35.72,0.0,36.09,35.11,35.29,1.0,15583.0,1
321,2015-11-02,35.4212170624549,36.843597223356596,35.223664262329706,35.223664262329706,17127.0,35.86,0.0,37.3,35.66,35.66,1.0,17127.0,0
322,2015-10-30,34.7692928220416,35.3915841424361,33.534587821258896,33.534587821258896,22220.0,35.2,0.0,35.83,33.95,33.95,1.0,22220.0,4
323,2015-10-29,33.722262981377895,34.3840648617974,31.7862455401506,31.7862455401506,35006.0,34.14,0.0,34.81,32.18,32.18,1.0,35006.0,3
324,2015-10-28,31.845511380188103,34.7890481020542,31.717102060106697,33.3963008611712,91024.0,32.24,0.0,35.22,32.11,33.81,1.0,91024.0,2
325,2015-10-27,32.4875579805952,32.971562340902,32.102428796751,32.252075042845895,69155.0,32.89,0.0,33.38,32.5001,32.6516,1.0,69155.0,1
326,2015-10-26,32.4579250605764,32.7937648207893,32.3393933805012,32.4875579805952,45069.0,32.86,0.0,33.2,32.74,32.89,1.0,45069.0,0
327,2015-10-23,32.36902630052,32.6456002206953,32.181351140401,32.6456002206953,6423.0,32.77,0.0,33.05,32.58,33.05,1.0,6423.0,4
328,2015-10-22,32.497435620601394,32.5468238206327,32.3986592205388,32.4875579805952,9010.0,32.9,0.0,32.95,32.8,32.89,1.0,9010.0,3
329,2015-10-21,32.3887815805325,32.8530306608268,32.3196381004887,32.724621340745394,7538.0,32.79,0.0,33.26,32.72,33.13,1.0,7538.0,2
330,2015-10-20,32.7147437007392,32.8230026352078,32.161595860388495,32.5665791006452,7598.0,33.12,0.0,33.2296,32.56,32.97,1.0,7598.0,1
331,2015-10-19,31.914654860232,32.0717093363315,31.618325660044103,32.0717093363315,26739.0,32.31,0.0,32.469,32.01,32.469,1.0,26739.0,0
332,2015-10-16,32.349271020507494,32.8727859408394,32.2603722604511,32.3986592205388,5125.0,32.75,0.0,33.28,32.66,32.8,1.0,5125.0,4
333,2015-10-15,32.5468238206327,32.960696936895104,32.5369461806265,32.7740095407767,14174.0,32.95,0.0,33.369,32.94,33.18,1.0,14174.0,3
334,2015-10-14,32.8036424607955,32.8332753808143,32.5863343806578,32.596212020664,23311.0,33.21,0.0,33.24,32.99,33.0,1.0,23311.0,2
335,2015-10-13,32.556701460639,32.7048660607329,31.875144300206898,32.161595860388495,31020.0,32.96,0.0,33.11,32.27,32.56,1.0,31020.0,1
336,2015-10-12,32.3393933805012,33.0900940209771,31.173831859762302,32.4480474205701,15437.0,32.74,0.0,33.5,31.56,32.85,1.0,15437.0,0
337,2015-10-09,32.497435620601394,32.8826635808456,31.9640430602633,32.7147437007392,14188.0,32.9,0.0,33.29,32.36,33.12,1.0,14188.0,4
338,2015-10-08,32.5863343806578,32.783887180783,32.438169780563804,32.596212020664,6655.0,32.99,0.0,33.19,32.84,33.0,1.0,6655.0,3
339,2015-10-07,32.8620193132325,33.2283809810648,32.724621340745394,33.2283809810648,18353.0,33.2691,0.0,33.64,33.13,33.64,1.0,18353.0,2
340,2015-10-06,33.2975244611086,33.3172797411211,32.8826635808456,33.2876468211024,18299.0,33.71,0.0,33.73,33.29,33.7,1.0,18299.0,1
341,2015-10-05,33.2876468211024,33.761773541402896,33.011072900927,33.080216380970896,26178.0,33.7,0.0,34.18,33.42,33.49,1.0,26178.0,0
342,2015-10-02,32.8727859408394,33.2086257010523,32.8431530208206,32.91229650086439,35683.0,33.28,0.0,33.62,33.25,33.32,1.0,35683.0,4
343,2015-10-01,32.8629083008331,32.902320084458104,32.171473500394804,32.270249900457394,27641.0,33.27,0.0,33.3099,32.57,32.67,1.0,27641.0,3
344,2015-09-30,31.8948995802194,32.0529418203196,30.9861566996434,32.0529418203196,45546.0,32.29,0.0,32.45,31.37,32.45,1.0,45546.0,2
345,2015-09-29,31.7763679001443,32.7740095407767,31.3615070198813,32.1122076603572,63683.0,32.17,0.0,33.18,31.75,32.51,1.0,63683.0,1
346,2015-09-28,32.6456002206953,33.5148325412464,32.349271020507494,33.5148325412464,78555.0,33.05,0.1,33.93,32.75,33.93,1.0,78555.0,0
347,2015-09-25,33.650080227486,33.7682543459319,33.2463186561289,33.4137319905941,57872.0,34.17,0.0,34.29,33.76,33.93,1.0,57872.0,4
348,2015-09-24,33.216775126517504,33.39403630418639,32.5687870437055,33.0395139488485,11949.0,33.73,0.0,33.91,33.071999999999996,33.55,1.0,11949.0,3
349,2015-09-23,32.60620884788,33.1182966944792,32.438795513414895,32.438795513414895,11474.0,33.11,0.0,33.63,32.94,32.94,1.0,11474.0,2
350,2015-09-22,32.7736221823451,33.2660143425366,32.241838649338305,32.4584911998226,26436.0,33.28,0.0,33.78,32.74,32.96,1.0,26436.0,1
351,2015-09-21,32.6751437503068,32.8228613983643,32.0054904124464,32.2319908061345,20280.0,33.18,0.0,33.33,32.5,32.73,1.0,20280.0,0
352,2015-09-18,32.0251860988541,32.5175782590456,31.680511586719998,32.0448817852617,64861.0,32.52,0.0,33.02,32.17,32.54,1.0,64861.0,4
353,2015-09-17,32.2910778653575,32.60620884788,32.0153382556502,32.1187406092905,11582.0,32.79,0.0,33.11,32.51,32.615,1.0,11582.0,3
354,2015-09-16,32.0448817852617,32.1236645308924,31.8774684507966,32.0153382556502,64429.0,32.54,0.0,32.62,32.37,32.51,1.0,64429.0,2
355,2015-09-15,31.513098252254895,31.852848842787104,31.1585758969171,31.3555327609937,18258.0,32.0,0.0,32.345,31.64,31.84,1.0,18258.0,1
356,2015-09-14,31.0207060920634,31.542641781866397,30.932075503228997,31.542641781866397,16808.0,31.5,0.0,32.03,31.41,32.03,1.0,16808.0,0
357,2015-09-11,31.168423740120897,31.611576684293198,30.735118639152397,31.454011193032,7142.0,31.65,0.0,32.1,31.21,31.94,1.0,7142.0,4
358,2015-09-10,31.385076290605102,31.5623374682741,30.9123798168213,31.001010405655798,23734.0,31.87,0.0,32.05,31.39,31.48,1.0,23734.0,3
359,2015-09-09,30.9123798168213,31.9857947260388,30.7646621687639,31.847924921185104,29424.0,31.39,0.0,32.48,31.24,32.34,1.0,29424.0,2
360,2015-09-08,31.582033154681696,32.0350339420579,31.5229460954588,32.0350339420579,14280.0,32.07,0.0,32.53,32.01,32.53,1.0,14280.0,1
361,2015-09-04,31.680511586719998,31.864075384039396,31.1782715833247,31.1782715833247,29059.0,32.17,0.0,32.3564,31.66,31.66,1.0,29059.0,4
362,2015-09-03,31.4441633498281,31.9464033532234,31.316141388178302,31.9464033532234,29160.0,31.93,0.0,32.44,31.8,32.44,1.0,29160.0,3
363,2015-09-02,31.7346747243411,31.808533548369798,31.1191845241017,31.1191845241017,60962.0,32.225,0.0,32.3,31.6,31.6,1.0,60962.0,2
364,2015-09-01,31.079793151286395,31.1191845241017,30.705575109540895,30.9419233464328,67559.0,31.56,0.0,31.6,31.18,31.42,1.0,67559.0,1
365,2015-08-31,31.4441633498281,31.5229460954588,30.410139813426,30.7449664823562,18880.0,31.93,0.0,32.01,30.88,31.22,1.0,18880.0,0
366,2015-08-28,30.932075503228997,30.996086484053897,30.5677053046873,30.872988444006,19001.0,31.41,0.0,31.475,31.04,31.35,1.0,19001.0,4
367,2015-08-27,30.9123798168213,31.079793151286395,30.528313931872,31.079793151286395,9486.0,31.39,0.0,31.56,31.0,31.56,1.0,9486.0,3
368,2015-08-26,30.7646621687639,31.1881194265286,30.0260739284766,31.1881194265286,47664.0,31.24,0.0,31.67,30.49,31.67,1.0,47664.0,2
369,2015-08-25,30.607096677502604,31.1191845241017,30.429835499833697,30.794205698375396,22748.0,31.08,0.0,31.6,30.9,31.27,1.0,22748.0,1
370,2015-08-24,30.0753131444958,30.2821178517762,29.3682380024608,30.0162260852728,36663.0,30.54,0.0,30.75,29.822,30.48,1.0,36663.0,0
371,2015-08-21,31.316141388178302,31.887316294000502,31.207815112936203,31.7297508027392,26491.0,31.8,0.0,32.38,31.69,32.22,1.0,26491.0,4
372,2015-08-20,31.7888378619622,31.808533548369798,31.2472064857515,31.5623374682741,19630.0,32.28,0.0,32.3,31.73,32.05,1.0,19630.0,3
373,2015-08-19,31.8676206075928,32.202447276522996,29.661703729935002,31.7888378619622,29420.0,32.36,0.0,32.7,30.12,32.28,1.0,29420.0,2
374,2015-08-18,32.1335123740962,33.7879500323396,31.6608159003124,33.226622969721305,25833.0,32.63,0.0,34.31,32.15,33.74,1.0,25833.0,1
375,2015-08-17,33.3251014017596,33.6008410114668,32.1433602173,32.7342308095298,26605.0,33.84,0.0,34.12,32.64,33.24,1.0,26605.0,0
376,2015-08-14,32.0054904124464,32.566817475064695,31.739598645942998,31.7592943323507,18789.0,32.5,0.0,33.07,32.23,32.25,1.0,18789.0,4
377,2015-08-13,31.9070119804081,32.0448817852617,30.8926841304137,31.168423740120897,16225.0,32.4,0.0,32.54,31.37,31.65,1.0,16225.0,3
378,2015-08-12,31.306293544974498,31.4638590362358,31.0305539352673,31.0994888376941,52221.0,31.79,0.0,31.95,31.51,31.58,1.0,52221.0,2
379,2015-08-11,31.168423740120897,31.6312723707009,30.863140600802197,30.863140600802197,82001.0,31.65,0.0,32.12,31.34,31.34,1.0,82001.0,1
380,2015-08-10,31.542641781866397,31.7691421755545,31.2865978585668,31.513098252254895,48012.0,32.03,0.0,32.26,31.77,32.0,1.0,48012.0,0
381,2015-08-07,31.4638590362358,32.0054904124464,30.863140600802197,30.863140600802197,36802.0,31.95,0.0,32.5,31.34,31.34,1.0,36802.0,4
382,2015-08-06,31.109336680897897,31.375228447401298,30.705575109540895,31.375228447401298,19483.0,31.59,0.0,31.86,31.18,31.86,1.0,19483.0,3
383,2015-08-05,30.597248834298803,30.823749227986898,30.538161775075803,30.823749227986898,19978.0,31.07,0.0,31.3,31.01,31.3,1.0,19978.0,2
384,2015-08-04,30.5480096182796,32.2516864925422,30.183639419737897,30.774510011967696,38137.0,31.02,0.0,32.75,30.65,31.25,1.0,38137.0,1
385,2015-08-03,30.528313931872,31.2964457017707,29.858660594011504,31.217662956140003,25906.0,31.0,0.0,31.78,30.32,31.7,1.0,25906.0,0
386,2015-07-31,29.3367249042086,29.592670349076098,28.6867672527558,29.179159412947303,21265.0,29.79,0.0,30.0499,29.13,29.63,1.0,21265.0,4
387,2015-07-30,28.9526590192592,30.498770402260497,28.9526590192592,30.1344002037188,5651.0,29.4,0.0,30.97,29.4,30.6,1.0,5651.0,3
388,2015-07-29,29.3958119634316,29.6124645139158,28.1155923469337,28.5981366639213,15487.0,29.85,0.0,30.07,28.55,29.04,1.0,15487.0,2
389,2015-07-28,28.440571172660103,28.529201761494498,27.1800472425699,27.4459390090733,20444.0,28.88,0.0,28.97,27.6,27.87,1.0,20444.0,1
390,2015-07-27,27.209590772181397,27.4656346954809,26.9240033192703,27.406547636258,106286.0,27.63,0.0,27.89,27.34,27.83,1.0,106286.0,0
391,2015-07-24,27.6724394027614,27.7413743051882,27.1997429289775,27.4853303818886,33320.0,28.1,0.0,28.17,27.62,27.91,1.0,33320.0,4
392,2015-07-23,27.898939796449397,28.4504190158639,27.7413743051882,28.1155923469337,19489.0,28.33,0.0,28.89,28.17,28.55,1.0,19489.0,3
393,2015-07-22,28.1155923469337,28.844332744017102,28.066353130914504,28.184822684656602,12378.0,28.55,0.0,29.29,28.5,28.6203,1.0,12378.0,2
394,2015-07-21,28.962506862463,29.7010951027503,28.814789214405604,29.198953577786998,11606.0,29.41,0.0,30.16,29.26,29.6501,1.0,11606.0,1
395,2015-07-20,29.110224510520503,29.878356280419197,29.0412896080937,29.789725691584703,15881.0,29.56,0.0,30.34,29.49,30.25,1.0,15881.0,0
396,2015-07-17,29.5041382386737,29.7404864755656,29.2776378449856,29.385964120227698,13720.0,29.96,0.0,30.2,29.73,29.84,1.0,13720.0,4
397,2015-07-16,29.464746865858398,29.513986081877498,27.4853303818886,27.785689599605398,27011.0,29.92,0.0,29.97,27.91,28.215,1.0,27011.0,3
398,2015-07-15,27.583808813926897,27.761069991595804,27.406547636258,27.692135089169003,14360.0,28.01,0.0,28.19,27.83,28.12,1.0,14360.0,2
399,2015-07-14,27.9284833260609,28.0686181348514,27.761069991595804,27.9481790124686,19895.0,28.36,0.0,28.5023,28.19,28.38,1.0,19895.0,1
400,2015-07-13,28.302701367806502,28.4208754862524,27.9777225420801,27.9777225420801,17705.0,28.74,0.0,28.86,28.41,28.41,1.0,17705.0,0
401,2015-07-10,28.736006468775,29.248094315374104,27.731526461984302,27.761069991595804,44934.0,29.18,0.0,29.7,28.16,28.19,1.0,44934.0,4
402,2015-07-09,27.4360911658694,27.8889934748136,26.480850375098,27.721678618780498,17980.0,27.86,0.0,28.3199,26.89,28.15,1.0,17980.0,3
403,2015-07-08,27.7413743051882,28.6818433311539,27.2686778314043,28.5193539182907,8441.0,28.17,0.0,29.125,27.69,28.96,1.0,8441.0,2
404,2015-07-07,28.903419803240105,29.2776378449856,28.2407584340544,29.2776378449856,37894.0,29.35,0.0,29.73,28.6771,29.73,1.0,37894.0,1
405,2015-07-06,29.356420590616196,29.425355493043,28.017113914895397,28.302701367806502,18903.0,29.81,0.0,29.88,28.45,28.74,1.0,18903.0,0
406,2015-07-02,28.6473758799405,30.0359217716805,27.386851949850303,27.386851949850303,51766.0,29.09,0.0,30.5,27.81,27.81,1.0,51766.0,3
407,2015-07-01,27.564113127519196,27.6724394027614,27.3080692042197,27.327764890627304,41426.0,27.99,0.0,28.1,27.73,27.75,1.0,41426.0,2
408,2015-06-30,27.347460577034997,27.5739609707231,25.6438821812045,26.303589197428998,39533.0,27.77,0.0,28.0,26.0401,26.71,1.0,39533.0,1
409,2015-06-29,26.274045667817504,26.6975029255822,25.318804877046105,25.466522525103503,52041.0,26.68,0.0,27.11,25.71,25.86,1.0,52041.0,0
410,2015-06-26,26.4710025318941,26.6581115527669,25.771805664422196,26.3725240998558,46632.0,26.88,0.1,27.07,26.17,26.78,1.0,46632.0,4
411,2015-06-25,25.990246740914603,26.0098694262607,25.607604376665602,25.9411900275493,42179.0,26.49,0.0,26.51,26.1,26.44,1.0,42179.0,3
412,2015-06-24,25.4310002085506,25.5781703486464,25.0946673817184,25.4113775232045,56042.0,25.92,0.0,26.07,25.5772,25.9,1.0,56042.0,2
413,2015-06-23,25.4113775232045,26.274775678433105,24.5185453399568,25.0679805296477,44062.0,25.9,0.0,26.78,24.99,25.55,1.0,44062.0,1
414,2015-06-22,24.783451592129197,24.852130990840603,24.371375199861003,24.4498659412454,118284.0,25.26,0.0,25.33,24.84,24.92,1.0,118284.0,0
415,2015-06-19,24.479299969264602,24.6460927947065,24.1162802903617,24.2143937170922,211054.0,24.95,0.0,25.12,24.58,24.68,1.0,211054.0,4
416,2015-06-18,24.4106205705532,25.0287351589555,24.234016402438304,24.4106205705532,40570.0,24.88,0.0,25.51,24.7,24.88,1.0,40570.0,3
417,2015-06-17,24.4400545985724,24.479299969264602,24.0868462623425,24.3419411718419,10190.0,24.91,0.0,24.95,24.55,24.81,1.0,10190.0,2
418,2015-06-16,24.4302432558993,25.0728862009842,24.0868462623425,24.960055760244103,65263.0,24.9,0.0,25.555,24.55,25.44,1.0,65263.0,1
419,2015-06-15,24.940433074898,25.117037243013,24.5283566826299,24.547979367975998,35437.0,25.42,0.0,25.6,25.0,25.02,1.0,35437.0,0
420,2015-06-12,25.470245579242803,25.5310759038158,25.048357844301602,25.372132152512304,114754.0,25.96,0.0,26.022,25.53,25.86,1.0,114754.0,4
421,2015-06-11,25.538924977954196,25.921567342203197,24.98958790169,25.538924977954196,121151.0,26.03,0.0,26.42,25.4701,26.03,1.0,121151.0,3
422,2015-06-10,25.559136343860697,25.9411900275493,24.8423196481675,25.7351518314152,84759.0,26.0506,0.0,26.44,25.32,26.23,1.0,84759.0,2
423,2015-06-09,25.313264096474,27.609118281968197,25.018923816282502,27.579684253948997,55681.0,25.8,0.0,28.14,25.5,28.11,1.0,55681.0,1
424,2015-06-08,27.442325456526298,27.913269904832802,26.6868520707013,27.354023372468802,48962.0,27.97,0.0,28.45,27.2,27.88,1.0,48962.0,0
425,2015-06-05,27.3344006871227,27.6385523099873,27.1185511483156,27.471759484545398,16751.0,27.86,0.0,28.17,27.64,28.0,1.0,16751.0,4
426,2015-06-04,27.3442120297958,27.962326618198,27.030249064258104,27.295155316430503,57691.0,27.87,0.0,28.5,27.55,27.82,1.0,57691.0,3
427,2015-06-03,27.5306275405837,28.433271066504503,26.4808138745672,26.4906252172402,41907.0,28.06,0.0,28.98,26.99,27.0,1.0,41907.0,2
428,2015-06-02,27.471759484545398,27.471759484545398,21.632048325544897,23.988732835612,22210.0,28.0,0.0,28.0,22.048000000000002,24.45,1.0,22210.0,1
