,Unnamed: 0,adj_close,adj_high,adj_low,adj_open,adj_volume,close,ex_dividend,high,low,open,split_ratio,volume,Day of Week,Day
0,2017-02-10,21.45,21.45,21.31,21.31,3077.0,21.45,0.0,21.45,21.31,21.31,1.0,3077.0,4,10
1,2017-02-09,21.37,21.4001,21.37,21.4,12116.0,21.37,0.0,21.4001,21.37,21.4,1.0,12116.0,3,09
2,2017-02-08,21.27,21.27,21.18,21.21,8558.0,21.27,0.0,21.27,21.18,21.21,1.0,8558.0,2,08
3,2017-02-07,21.2805,21.3878,21.2805,21.38,3626.0,21.2805,0.0,21.3878,21.2805,21.38,1.0,3626.0,1,07
4,2017-02-06,21.36,21.38,21.26,21.26,7671.0,21.36,0.0,21.38,21.26,21.26,1.0,7671.0,0,06
5,2017-02-03,21.43,21.4472,21.4106,21.43,6345.0,21.43,0.0,21.4472,21.4106,21.43,1.0,6345.0,4,03
6,2017-02-02,21.3,21.3,21.221,21.24,2354.0,21.3,0.0,21.3,21.221,21.24,1.0,2354.0,3,02
7,2017-02-01,21.2001,21.2001,21.2001,21.2001,725.0,21.2001,0.0,21.2001,21.2001,21.2001,1.0,725.0,2,01
8,2017-01-31,21.2,21.32,21.102,21.32,4584.0,21.2,0.0,21.32,21.102,21.32,1.0,4584.0,1,31
9,2017-01-30,21.18,21.22,21.085,21.22,5352.0,21.18,0.0,21.22,21.085,21.22,1.0,5352.0,0,30
10,2017-01-27,21.3,21.3104,21.28,21.3104,2395.0,21.3,0.0,21.3104,21.28,21.3104,1.0,2395.0,4,27
11,2017-01-26,21.39,21.4922,21.39,21.4922,1514.0,21.39,0.0,21.4922,21.39,21.4922,1.0,1514.0,3,26
12,2017-01-25,21.455,21.5768,21.4354,21.4354,9567.0,21.455,0.0,21.5768,21.4354,21.4354,1.0,9567.0,2,25
13,2017-01-24,21.42,21.4332,21.1,21.1,13439.0,21.42,0.0,21.4332,21.1,21.1,1.0,13439.0,1,24
14,2017-01-23,21.1902,21.22,21.1001,21.22,8101.0,21.1902,0.0,21.22,21.1001,21.22,1.0,8101.0,0,23
15,2017-01-20,21.3461,21.384,21.31,21.35,1124.0,21.3461,0.0775,21.384,21.31,21.35,1.0,1124.0,4,20
16,2017-01-19,21.2428747736,21.2827300734,21.2329109487,21.2827300734,2675.0,21.32,0.0,21.36,21.31,21.36,1.0,2675.0,3,19
17,2017-01-18,21.392431786,21.3973140602,21.342513023,21.3973140602,3209.0,21.4701,0.0,21.475,21.42,21.475,1.0,3209.0,2,18
18,2017-01-17,21.3523772097,21.5716809967,21.2837264559,21.5716809967,5136.0,21.4299,0.0,21.65,21.361,21.65,1.0,5136.0,1,17
19,2017-01-13,21.474334427,21.5224597015,21.474334427,21.4920700354,3779.0,21.5523,0.0,21.6006,21.5523,21.5701,1.0,3779.0,4,13
20,2017-01-12,21.4022959727,21.4122597976,21.352476848,21.352476848,983.0,21.48,0.0,21.49,21.43,21.43,1.0,983.0,3,12
21,2017-01-11,21.515086471,21.515086471,21.4330841917,21.4330841917,14619.0,21.5932,0.0,21.5932,21.5109,21.5109,1.0,14619.0,2,11
22,2017-01-10,21.4620789223,21.5156843005,21.3773864103,21.3773864103,2561.0,21.54,0.0,21.5938,21.455,21.455,1.0,2561.0,1,10
23,2017-01-09,21.342513023,21.4074771616,21.3249766911,21.4074771616,5591.0,21.42,0.0,21.4852,21.4024,21.4852,1.0,5591.0,0,09
24,2017-01-06,21.4952584594,21.4952584594,21.392431786,21.392431786,1784.0,21.5733,0.0,21.5733,21.4701,21.4701,1.0,1784.0,4,06
25,2017-01-05,21.4215261548,21.6215001214,21.3993068252,21.6215001214,3130.0,21.4993,0.0,21.7,21.477,21.7,1.0,3130.0,3,05
26,2017-01-04,21.5417895218,21.5716809967,21.5346155679,21.5716809967,5483.0,21.62,0.0,21.65,21.6128,21.65,1.0,5483.0,2,04
27,2017-01-03,21.342513023,21.4619792841,21.2628024235,21.3793791753,13023.0,21.42,0.0,21.5399,21.34,21.457,1.0,13023.0,1,03
28,2016-12-30,21.183091824,21.304949403,21.1631641741,21.2727662484,12529.0,21.26,0.0,21.3823,21.24,21.35,1.0,12529.0,4,30
29,2016-12-29,21.2844239236,21.3255745206,21.2844239236,21.3255745206,1697.0,21.3617,0.0,21.403,21.3617,21.403,1.0,1697.0,3,29
30,2016-12-28,21.2129832988,21.4521150974,21.2129832988,21.4521150974,6436.0,21.29,0.0,21.53,21.29,21.53,1.0,6436.0,2,28
31,2016-12-27,21.4720427473,21.5417895218,21.4511187149,21.5417895218,7681.0,21.55,0.0,21.62,21.529,21.62,1.0,7681.0,1,27
32,2016-12-23,21.4620789223,21.4620789223,21.3588536959,21.3983104427,2983.0,21.54,0.0,21.54,21.4364,21.476,1.0,2983.0,4,23
33,2016-12-22,21.3287629446,21.4444429522,21.3287629446,21.4444429522,3205.0,21.4062,0.0,21.5223,21.4062,21.5223,1.0,3205.0,3,22
34,2016-12-21,21.4820065722,21.6015724715,21.3923321477,21.3923321477,9718.0,21.56,0.0775,21.68,21.47,21.47,1.0,9718.0,2,21
35,2016-12-20,21.57384184,21.6284465939,21.3752790988,21.3752790988,19359.0,21.73,0.0,21.785,21.53,21.53,1.0,19359.0,1,20
36,2016-12-19,21.4646323323,21.5763238743,21.3653509617,21.3951353729,67114.0,21.62,0.0,21.7325,21.52,21.55,1.0,67114.0,0,19
37,2016-12-16,21.3752790988,21.6036262512,21.2362851799,21.2362851799,14950.0,21.53,0.0,21.76,21.39,21.39,1.0,14950.0,4,16
38,2016-12-15,21.4050635099,21.5259882194,21.3368572083,21.3368572083,5497.0,21.56,0.0,21.6818,21.4913,21.4913,1.0,5497.0,3,15
39,2016-12-14,21.372399939,21.414991647,21.3157102764,21.3454946876,3390.0,21.5271,0.0,21.57,21.47,21.5,1.0,3390.0,2,14
40,2016-12-13,21.3554228246,21.6234825254,21.3554228246,21.5629208893,8141.0,21.51,0.0,21.78,21.51,21.719,1.0,8141.0,1,13
41,2016-12-12,21.4050635099,21.5043448806,21.2521701992,21.3355665505,13679.0,21.56,0.0,21.66,21.406,21.49,1.0,13679.0,0,12
42,2016-12-09,21.4844886065,21.5242011547,21.1965726316,21.1965726316,28882.0,21.64,0.0,21.68,21.35,21.35,1.0,28882.0,4,09
43,2016-12-08,21.4050635099,21.4903462073,21.266863842,21.266863842,2542.0,21.56,0.0,21.6459,21.4208,21.4208,1.0,2542.0,3,08
44,2016-12-07,21.375080536,21.3752790988,20.9980098903,20.9980098903,7287.0,21.5298,0.0,21.53,21.15,21.15,1.0,7287.0,2,07
45,2016-12-06,21.1270756722,21.2461140356,21.0460620737,21.084980371,6827.0,21.28,0.0,21.3999,21.1984,21.2376,1.0,6827.0,1,06
46,2016-12-05,20.9945350423,21.0337511838,20.9945350423,20.9980098903,5066.0,21.1465,0.0,21.186,21.1465,21.15,1.0,5066.0,0,05
47,2016-12-02,20.8490878344,20.948369205,20.6902376413,20.6902376413,17641.0,21.0,0.0,21.1,20.84,20.84,1.0,17641.0,4,02
48,2016-12-01,20.7795908749,21.0367296249,20.7498064637,20.7498064637,7742.0,20.93,0.0,21.189,20.9,20.9,1.0,7742.0,3,01
49,2016-11-30,20.9582973421,20.9582973421,20.8490878344,20.8490878344,12714.0,21.11,0.0,21.11,21.0,21.0,1.0,12714.0,2,30
50,2016-11-29,20.9086566567,21.0079380274,20.6803095043,20.6803095043,16782.0,21.06,0.0,21.16,20.83,20.83,1.0,16782.0,1,29
51,2016-11-28,20.8193034232,20.9781536162,20.8193034232,20.8662635115,4631.0,20.97,0.0,21.13,20.97,21.0173,1.0,4631.0,0,28
52,2016-11-25,21.0213410124,21.0287871152,20.9185847938,20.9185847938,13287.0,21.1735,0.0,21.181,21.07,21.07,1.0,13287.0,4,25
53,2016-11-23,20.8689441085,20.8689441085,20.7597346008,20.7740311182,30648.0,21.02,0.0,21.02,20.91,20.9244,1.0,30648.0,2,23
54,2016-11-22,20.8391596973,21.7922608554,20.7398783267,21.1370038092,8046.0,20.99,0.0775,21.95,20.89,21.29,1.0,8046.0,1,22
55,2016-11-21,20.7229332222,20.7229332222,20.585439775,20.6254018992,14189.0,20.95,0.0,20.95,20.811,20.8514,1.0,14189.0,0,21
56,2016-11-18,20.5943422284,20.6339086881,20.5660522098,20.6339086881,6804.0,20.82,0.0,20.86,20.7914,20.86,1.0,6804.0,4,18
57,2016-11-17,20.6042338433,20.6339086881,20.1532751199,20.534992539,17295.0,20.83,0.0,20.86,20.3741,20.76,1.0,17295.0,3,17
58,2016-11-16,20.5646673837,20.5646673837,19.9118208001,20.1887860174,24769.0,20.79,0.0,20.79,20.13,20.41,1.0,24769.0,2,16
59,2016-11-15,20.43607639,20.5745589986,19.9908548032,20.4854355484,88756.0,20.66,0.0,20.8,20.2099,20.7099,1.0,88756.0,1,15
60,2016-11-14,20.4656523186,20.4957228279,19.4412766792,19.8920375703,37393.0,20.6899,0.0,20.7203,19.6543,20.11,1.0,37393.0,0,14
61,2016-11-11,20.1474390671,20.2481357068,19.5062645891,20.0008453343,64387.0,20.3682,0.0,20.47,19.72,20.22,1.0,64387.0,4,11
62,2016-11-10,20.2679189366,20.2679189366,19.4073484401,19.7931214213,69655.0,20.49,0.0,20.49,19.62,20.01,1.0,69655.0,3,10
63,2016-11-09,19.9810621044,19.9810621044,19.263920024,19.6348555828,138269.0,20.2,0.0,20.2,19.475,19.85,1.0,138269.0,2,09
64,2016-11-08,19.7827352256,19.8439643219,19.0995213843,19.5755058934,108984.0,19.9995,0.0,20.0614,19.3088,19.79,1.0,108984.0,1,08
65,2016-11-07,19.6644315114,19.6644315114,18.8781470427,19.3578903655,147741.0,19.8799,0.0,19.8799,19.085,19.57,1.0,147741.0,0,07
66,2016-11-04,19.3677819804,19.4271316699,18.9070305583,19.3183239059,68115.0,19.58,0.0,19.64,19.1142,19.53,1.0,68115.0,4,04
67,2016-11-03,19.3183239059,19.4765897444,19.3183239059,19.4367265363,11072.0,19.53,0.0,19.69,19.53,19.6497,1.0,11072.0,3,03
68,2016-11-02,19.3974568252,19.5062645891,18.6358024776,18.6358024776,61189.0,19.61,0.0,19.72,18.84,18.84,1.0,61189.0,2,02
69,2016-11-01,19.4790626481,19.5952891232,19.0571852725,19.0571852725,84873.0,19.6925,0.0,19.81,19.266,19.266,1.0,84873.0,1,01
70,2016-10-31,19.5853975083,19.6348555828,19.5355437692,19.5458310487,95462.0,19.8,0.0,19.85,19.7496,19.76,1.0,95462.0,0,31
71,2016-10-28,19.615072353,19.6744220424,19.5458310487,19.6744220424,75000.0,19.83,0.0,19.89,19.76,19.89,1.0,75000.0,4,28
72,2016-10-27,19.6313935176,19.7337717319,19.6313935176,19.6645304275,30364.0,19.8465,0.0,19.95,19.8465,19.88,1.0,30364.0,3,27
73,2016-10-26,19.7337717319,19.7436633468,19.6645304275,19.6645304275,80346.0,19.95,0.0,19.96,19.88,19.88,1.0,80346.0,2,26
74,2016-10-25,19.7560278654,19.9316040299,19.7560278654,19.921712415,59893.0,19.9725,0.0,20.15,19.9725,20.14,1.0,59893.0,1,25
75,2016-10-24,19.9413967287,19.9413967287,19.9413967287,19.9413967287,525.0,20.1599,0.0,20.1599,20.1599,20.1599,1.0,525.0,0,24
76,2016-10-21,19.7885712784,19.7885712784,19.7885712784,19.7885712784,0.0,20.0054,0.0,20.0054,20.0054,20.0054,1.0,0.0,4,21
77,2016-10-20,19.7885712784,19.7885712784,19.7885712784,19.7885712784,200.0,20.0054,0.0,20.0054,20.0054,20.0054,1.0,200.0,3,20
78,2016-10-19,19.9513872597,20.0504023249,19.9513872597,20.0427857814,2700.0,20.17,0.0775,20.2701,20.17,20.2624,1.0,2700.0,2,19
79,2016-10-18,19.9045819309,19.973558205,19.9045819309,19.9439969447,5960.0,20.2,0.0,20.27,20.2,20.24,1.0,5960.0,1,18
80,2016-10-17,19.8958120904,19.8958120904,19.8958120904,19.8958120904,348.0,20.1911,0.0,20.1911,20.1911,20.1911,1.0,348.0,0,17
81,2016-10-14,19.9637044515,20.0228269721,19.9144356844,19.9144356844,18980.0,20.26,0.0,20.32,20.21,20.21,1.0,18980.0,4,14
82,2016-10-13,20.0015428647,20.0015428647,20.0015428647,20.0015428647,60.0,20.2984,0.0,20.2984,20.2984,20.2984,1.0,60.0,3,13
83,2016-10-12,20.0015428647,20.0015428647,19.9637044515,19.9637044515,585.0,20.2984,0.0,20.2984,20.26,20.26,1.0,585.0,2,12
84,2016-10-11,19.973558205,20.2396095476,19.973558205,20.2396095476,220.0,20.27,0.0,20.54,20.27,20.54,1.0,220.0,1,11
85,2016-10-10,20.2987320682,20.2987320682,20.2987320682,20.2987320682,850.0,20.6,0.0,20.6,20.6,20.6,1.0,850.0,0,10
86,2016-10-07,20.2179312901,20.2179312901,20.2179312901,20.2179312901,0.0,20.518,0.0,20.518,20.518,20.518,1.0,0.0,4,07
87,2016-10-06,20.2179312901,20.2179312901,20.1706332736,20.1706332736,1000.0,20.518,0.0,20.518,20.47,20.47,1.0,1000.0,3,06
88,2016-10-05,20.21073805,20.312527323,20.1016569996,20.1016569996,872.0,20.5107,0.0,20.614,20.4,20.4,1.0,872.0,2,05
89,2016-10-04,20.1410720133,20.1410720133,20.1410720133,20.1410720133,2.0,20.44,0.0,20.44,20.44,20.44,1.0,2.0,1,04
90,2016-10-03,20.1410720133,20.2122161131,20.1312182599,20.1313167974,2466.0,20.44,0.0,20.5122,20.43,20.4301,1.0,2466.0,0,03
91,2016-09-30,20.4056452929,20.4056452929,20.0276553113,20.0276553113,5571.0,20.7085,0.0,20.7085,20.3249,20.3249,1.0,5571.0,4,30
92,2016-09-29,20.2199020407,20.2199020407,20.2199020407,20.2199020407,577.0,20.52,0.0,20.52,20.52,20.52,1.0,577.0,3,29
93,2016-09-28,20.0562311962,20.0562311962,19.9878461474,20.0326807255,1528.0,20.3539,0.0,20.3539,20.2845,20.33,1.0,1528.0,2,28
94,2016-09-27,19.876006046,19.9471501458,19.876006046,19.9471501458,1639.0,20.171,0.0,20.2432,20.171,20.2432,1.0,1639.0,1,27
95,2016-09-26,19.8947281775,20.1903407804,19.8947281775,19.9528653228,9300.0,20.19,0.0,20.49,20.19,20.249,1.0,9300.0,0,26
96,2016-09-23,20.0228269721,20.0228269721,20.0228269721,20.0228269721,0.0,20.32,0.0,20.32,20.32,20.32,1.0,0.0,4,23
97,2016-09-22,20.0228269721,20.0822451053,19.8553131638,19.8553131638,5075.0,20.32,0.0,20.3803,20.15,20.15,1.0,5075.0,3,22
98,2016-09-21,19.6484828793,19.6484828793,19.6484828793,19.6484828793,357.0,19.9401,0.0775,19.9401,19.9401,19.9401,1.0,357.0,2,21
99,2016-09-20,19.7293634538,19.9539444667,19.7097322464,19.9539444667,331.0,20.1,0.0,20.3288,20.08,20.3288,1.0,331.0,1,20
100,2016-09-19,19.801409985,19.801409985,19.7686258687,19.7686258687,500.0,20.1734,0.0,20.1734,20.14,20.14,1.0,500.0,0,19
101,2016-09-16,19.7293634538,19.7293634538,19.7293634538,19.7293634538,69.0,20.1,0.0,20.1,20.1,20.1,1.0,69.0,4,16
102,2016-09-15,19.7293634538,19.7293634538,19.7195478501,19.7195478501,1700.0,20.1,0.0,20.1,20.09,20.09,1.0,1700.0,3,15
103,2016-09-14,19.7242593399,19.8077901275,19.7242593399,19.8077901275,786.0,20.0948,0.0,20.1799,20.0948,20.1799,1.0,786.0,2,14
104,2016-09-13,19.8031767937,19.8944619082,19.5526825871,19.5624981908,3802.0,20.1752,0.0,20.2682,19.92,19.93,1.0,3802.0,1,13
105,2016-09-12,19.7859013312,19.7859013312,19.7859013312,19.7859013312,815.0,20.1576,0.0,20.1576,20.1576,20.1576,1.0,815.0,0,12
106,2016-09-09,19.7588102649,19.8275194909,19.7588102649,19.8265379305,506.0,20.13,0.0,20.2,20.13,20.199,1.0,506.0,4,09
107,2016-09-08,19.9354911317,19.9354911317,19.925675528,19.9354911317,14462.0,20.31,0.0,20.31,20.3,20.31,1.0,14462.0,3,08
108,2016-09-07,19.8864131132,19.8962287169,19.8864131132,19.8865112692,3800.0,20.26,0.0,20.27,20.26,20.2601,1.0,3800.0,2,07
109,2016-09-06,19.9060443206,19.9060443206,19.9060443206,19.9060443206,35.0,20.28,0.0,20.28,20.28,20.28,1.0,35.0,1,06
110,2016-09-02,19.9060443206,19.9060443206,19.9060443206,19.9060443206,0.0,20.28,0.0,20.28,20.28,20.28,1.0,0.0,4,02
111,2016-09-01,19.9060443206,19.9060443206,19.9060443206,19.9060443206,12.0,20.28,0.0,20.28,20.28,20.28,1.0,12.0,3,01
112,2016-08-31,19.9060443206,19.9158599243,19.9060443206,19.9158599243,1536.0,20.28,0.0,20.29,20.28,20.29,1.0,1536.0,2,31
113,2016-08-30,19.9060443206,20.1219876022,19.9060443206,20.1219876022,700.0,20.28,0.0,20.5,20.28,20.5,1.0,700.0,1,30
114,2016-08-29,20.0827251873,20.2555779686,20.0827251873,20.2555779686,705.0,20.46,0.0,20.6361,20.46,20.6361,1.0,705.0,0,29
115,2016-08-26,19.8471506983,19.8471506983,19.8471506983,19.8471506983,64.0,20.22,0.0,20.22,20.22,20.22,1.0,64.0,4,26
116,2016-08-25,19.8471506983,19.8471506983,19.8471506983,19.8471506983,28.0,20.22,0.0,20.22,20.22,20.22,1.0,28.0,3,25
117,2016-08-24,19.8471506983,20.1319013619,19.8275194909,19.8373350946,9552.0,20.22,0.0,20.5101,20.2,20.21,1.0,9552.0,2,24
118,2016-08-23,19.9453067354,20.0729095836,19.9453067354,20.0729095836,1900.0,20.32,0.0775,20.45,20.32,20.45,1.0,1900.0,1,23
119,2016-08-22,19.9673079317,20.0650910264,19.8010766708,19.8430256184,5062.0,20.42,0.0,20.52,20.25,20.2929,1.0,5062.0,0,22
120,2016-08-19,20.3192292894,20.3192292894,20.0455344074,20.0455344074,1142.0,20.7799,0.0,20.7799,20.5,20.5,1.0,1142.0,4,19
121,2016-08-18,19.9883312971,20.016199479,19.9867667675,19.9966428601,11367.0,20.4415,0.0,20.47,20.4399,20.45,1.0,11367.0,3,18
122,2016-08-17,20.016199479,20.016199479,20.016199479,20.016199479,695.0,20.47,0.0,20.47,20.47,20.47,1.0,695.0,2,17
123,2016-08-16,19.9698502922,19.9698502922,19.9698502922,19.9698502922,236.0,20.4226,0.0,20.4226,20.4226,20.4226,1.0,236.0,1,16
124,2016-08-15,20.1497711864,20.1497711864,20.0944259548,20.0944259548,1050.0,20.6066,0.0,20.6066,20.55,20.55,1.0,1050.0,0,15
125,2016-08-12,20.0932525576,20.0932525576,20.0932525576,20.0932525576,0.0,20.5488,0.0,20.5488,20.5488,20.5488,1.0,0.0,4,12
126,2016-08-11,20.0932525576,20.1335391926,20.0932525576,20.1335391926,1050.0,20.5488,0.0,20.59,20.5488,20.59,1.0,1050.0,3,11
127,2016-08-10,19.3219395069,19.3219395069,19.3219395069,19.3219395069,615.0,19.76,0.0,19.76,19.76,19.76,1.0,615.0,2,10
128,2016-08-09,19.5859538625,20.0553127169,19.5859538625,20.0455344074,770.0,20.03,0.0,20.51,20.03,20.5,1.0,770.0,1,09
129,2016-08-08,19.3079565243,19.3079565243,19.0872600797,19.0872600797,289.0,19.7457,0.0,19.7457,19.52,19.52,1.0,289.0,0,08
130,2016-08-05,19.1739936846,19.1739936846,19.1739936846,19.1739936846,0.0,19.6087,0.0,19.6087,19.6087,19.6087,1.0,0.0,4,05
131,2016-08-04,19.1739936846,19.1739936846,18.9405854377,18.989476985,618.0,19.6087,0.0,19.6087,19.37,19.42,1.0,618.0,3,04
132,2016-08-03,19.7130718856,19.7619634329,19.5210258876,19.5210258876,6057.0,20.16,0.0,20.21,19.9636,19.9636,1.0,6057.0,2,03
133,2016-08-02,19.8353007539,19.8353007539,19.8353007539,19.8353007539,1.0,20.285,0.0,20.285,20.285,20.285,1.0,1.0,1,02
134,2016-08-01,19.8353007539,19.8353007539,19.8353007539,19.8353007539,291.0,20.285,0.0,20.285,20.285,20.285,1.0,291.0,0,01
135,2016-07-29,20.1237608832,20.1237608832,20.1237608832,20.1237608832,167.0,20.58,0.0,20.58,20.58,20.58,1.0,167.0,4,29
136,2016-07-28,19.9966428601,19.9966428601,19.9966428601,19.9966428601,0.0,20.45,0.0,20.45,20.45,20.45,1.0,0.0,3,28
137,2016-07-27,19.9966428601,20.0944259548,19.1850431743,19.8499682181,7700.0,20.45,0.0,20.55,19.62,20.3,1.0,7700.0,2,27
138,2016-07-26,19.4979490773,19.4980468604,19.4979490773,19.4980468604,985.0,19.94,0.0,19.9401,19.94,19.9401,1.0,985.0,1,26
139,2016-07-25,19.6544020288,19.6544020288,19.6544020288,19.6544020288,0.0,20.1,0.0,20.1,20.1,20.1,1.0,0.0,0,25
140,2016-07-22,19.6544020288,19.9477513128,19.6544020288,19.9379730033,1377.0,20.1,0.0,20.4,20.1,20.39,1.0,1377.0,4,22
141,2016-07-21,19.9887224294,20.1726524305,19.6798256334,20.1726524305,647.0,20.4419,0.0775,20.63,20.126,20.63,1.0,647.0,3,21
142,2016-07-20,20.1841344648,20.1841344648,19.8431862475,20.1354275767,1450.0,20.72,0.0,20.72,20.37,20.67,1.0,1450.0,2,20
143,2016-07-19,19.6483586948,19.8626690028,19.6483586948,19.6775828277,910.0,20.17,0.0,20.39,20.17,20.2,1.0,910.0,1,19
144,2016-07-18,20.0477551779,20.0477551779,20.0477551779,20.0477551779,510.0,20.58,0.0,20.58,20.58,20.58,1.0,510.0,0,18
145,2016-07-15,19.5022380302,19.5022380302,19.5022380302,19.5022380302,105.0,20.02,0.0,20.02,20.02,20.02,1.0,105.0,4,15
146,2016-07-14,19.4730138973,19.4730138973,19.4730138973,19.4730138973,1000.0,19.99,0.0,19.99,19.99,19.99,1.0,1000.0,3,14
147,2016-07-13,19.8237034923,19.8237034923,19.8237034923,19.8237034923,0.0,20.35,0.0,20.35,20.35,20.35,1.0,0.0,2,13
148,2016-07-12,19.8237034923,19.8641302095,19.7457724712,19.7457724712,15239.0,20.35,0.0,20.3915,20.27,20.27,1.0,15239.0,1,12
149,2016-07-11,19.7207371306,19.7207371306,19.6775828277,19.6775828277,1074.0,20.2443,0.0,20.2443,20.2,20.2,1.0,1074.0,0,11
150,2016-07-08,19.5036018231,19.5036018231,19.5036018231,19.5036018231,428.0,20.0214,0.0,20.0214,20.0214,20.0214,1.0,428.0,4,08
151,2016-07-07,19.4366785587,19.4366785587,19.405213909,19.405213909,1000.0,19.9527,0.0,19.9527,19.9204,19.9204,1.0,1000.0,3,07
152,2016-07-06,19.3652742606,19.4730138973,19.1519380904,19.1519380904,3462.0,19.8794,0.0,19.99,19.6604,19.6604,1.0,3462.0,2,06
153,2016-07-05,19.3853414986,19.4632725197,19.3658587433,19.4632725197,567.0,19.9,0.0,19.98,19.88,19.98,1.0,567.0,1,05
154,2016-07-01,19.2587035893,19.2587035893,19.2587035893,19.2587035893,8.0,19.77,0.0,19.77,19.77,19.77,1.0,8.0,4,01
155,2016-06-30,19.2587035893,19.2587035893,19.2587035893,19.2587035893,1.0,19.77,0.0,19.77,19.77,19.77,1.0,1.0,3,30
156,2016-06-29,19.2587035893,19.5412035408,19.1481389531,19.5412035408,1975.0,19.77,0.0,20.06,19.6565,20.06,1.0,1975.0,2,29
157,2016-06-28,18.8831734814,18.8831734814,18.8831734814,18.8831734814,375.0,19.3845,0.0,19.3845,19.3845,19.3845,1.0,375.0,1,28
158,2016-06-27,19.0736174142,19.0736174142,19.0736174142,19.0736174142,141.0,19.58,0.0,19.58,19.58,19.58,1.0,141.0,0,27
159,2016-06-24,19.0736174142,19.239220834,18.9839967399,19.239220834,1995.0,19.58,0.0,19.75,19.488,19.75,1.0,1995.0,4,24
160,2016-06-23,19.5605888823,19.560686296,19.5509449184,19.5509449184,2292.0,20.0799,0.0,20.08,20.07,20.07,1.0,2292.0,3,23
161,2016-06-22,19.3103328908,19.5216233717,19.3103328908,19.5216233717,583.0,19.823,0.0775,20.0399,19.823,20.0399,1.0,583.0,2,22
162,2016-06-21,19.556606225,19.556606225,19.556606225,19.556606225,39.0,20.1543,0.0,20.1543,20.1543,20.1543,1.0,39.0,1,21
163,2016-06-20,19.556606225,19.556606225,19.4068821294,19.4068821294,916.0,20.1543,0.0,20.1543,20.0,20.0,1.0,916.0,0,20
164,2016-06-17,19.2744301588,19.3482733453,19.2744301588,19.3482733453,1132.0,19.8635,0.0,19.9396,19.8635,19.9396,1.0,1132.0,4,17
165,2016-06-16,19.114032278,19.114032278,19.114032278,19.114032278,0.0,19.6982,0.0,19.6982,19.6982,19.6982,1.0,0.0,3,16
166,2016-06-15,19.114032278,19.114032278,19.114032278,19.114032278,0.0,19.6982,0.0,19.6982,19.6982,19.6982,1.0,0.0,2,15
167,2016-06-14,19.114032278,19.114032278,19.114032278,19.114032278,101.0,19.6982,0.0,19.6982,19.6982,19.6982,1.0,101.0,1,14
168,2016-06-13,19.2826780837,19.4068821294,19.2826780837,19.4068821294,490.0,19.872,0.0,20.0,19.872,20.0,1.0,490.0,0,13
169,2016-06-10,19.5038195056,19.5038195056,19.5038195056,19.5038195056,954.0,20.0999,0.0,20.0999,20.0999,20.0999,1.0,954.0,4,10
170,2016-06-09,19.4651027757,19.4651998102,19.4651027757,19.4651027757,3505.0,20.06,0.0,20.0601,20.06,20.06,1.0,3505.0,3,09
171,2016-06-08,19.6777051695,19.6777051695,19.5877542708,19.5877542708,627.0,20.2791,0.0,20.2791,20.1864,20.1864,1.0,627.0,2,08
172,2016-06-07,19.4748062168,19.5815440685,19.4748062168,19.5621371864,2350.0,20.07,0.0,20.18,20.07,20.16,1.0,2350.0,1,07
173,2016-06-06,19.3310012202,19.5135229467,19.3098477187,19.3098477187,2554.0,19.9218,0.0,20.1099,19.9,19.9,1.0,2554.0,0,06
174,2016-06-03,19.2710339545,19.2710339545,19.2710339545,19.2710339545,127.0,19.86,0.0,19.86,19.86,19.86,1.0,127.0,4,03
175,2016-06-02,19.3098477187,19.3098477187,19.2132014457,19.2132014457,329.0,19.9,0.0,19.9,19.8004,19.8004,1.0,329.0,3,02
176,2016-06-01,19.2278536417,19.2278536417,19.2278536417,19.2278536417,283.0,19.8155,0.0,19.8155,19.8155,19.8155,1.0,283.0,2,01
177,2016-05-31,19.2531796229,19.2531796229,19.1351857795,19.1351857795,721.0,19.8416,0.0,19.8416,19.72,19.72,1.0,721.0,1,31
178,2016-05-27,19.2806403611,19.2806403611,19.2806403611,19.2806403611,30.0,19.8699,0.0,19.8699,19.8699,19.8699,1.0,30.0,4,27
179,2016-05-26,19.2806403611,19.2806403611,19.2806403611,19.2806403611,0.0,19.8699,0.0,19.8699,19.8699,19.8699,1.0,0.0,3,26
180,2016-05-25,19.2806403611,19.2806403611,19.2806403611,19.2806403611,330.0,19.8699,0.0,19.8699,19.8699,19.8699,1.0,330.0,2,25
181,2016-05-24,18.8634894297,18.8634894297,18.8634894297,18.8634894297,0.0,19.44,0.0,19.44,19.44,19.44,1.0,0.0,1,24
182,2016-05-23,18.8634894297,18.8634894297,18.8634894297,18.8634894297,0.0,19.44,0.0,19.44,19.44,19.44,1.0,0.0,0,23
183,2016-05-20,18.8634894297,18.8634894297,18.8439855132,18.8634894297,601.0,19.44,0.0775,19.44,19.4199,19.44,1.0,601.0,4,20
184,2016-05-19,18.875473919,18.875473919,18.5567251646,18.5567251646,819.0,19.5299,0.0,19.5299,19.2001,19.2001,1.0,819.0,3,19
185,2016-05-18,18.8562407467,18.8562407467,18.7097207007,18.7097207007,1270.0,19.51,0.0,19.51,19.3584,19.3584,1.0,1270.0,2,18
186,2016-05-17,18.9625547643,18.9625547643,18.7113637356,18.7113637356,1859.0,19.62,0.0,19.62,19.3601,19.3601,1.0,1859.0,1,17
187,2016-05-16,19.0456729962,19.057270889,18.8204805772,18.8204805772,1588.0,19.706,0.0,19.718,19.473,19.473,1.0,1588.0,0,16
188,2016-05-13,18.9335600322,18.9335600322,18.846575836,18.846575836,2351.0,19.59,0.0,19.59,19.5,19.5,1.0,2351.0,4,13
189,2016-05-12,18.8852354788,18.9335600322,18.846575836,18.8755705681,2102.0,19.54,0.0,19.59,19.5,19.53,1.0,2102.0,3,12
190,2016-05-11,19.0263431748,19.1170966861,19.0263431748,19.1170966861,588.0,19.686,0.0,19.7799,19.686,19.7799,1.0,588.0,2,11
191,2016-05-10,19.1759559922,19.1872639377,19.0340751033,19.0881986032,2275.0,19.8408,0.0,19.8525,19.694,19.75,1.0,2275.0,1,10
192,2016-05-09,19.0688687818,19.0688687818,19.0688687818,19.0688687818,0.0,19.73,0.0,19.73,19.73,19.73,1.0,0.0,0,09
193,2016-05-06,19.0688687818,19.0688687818,18.8988630028,18.8988630028,3008.0,19.73,0.0,19.73,19.5541,19.5541,1.0,3008.0,4,06
194,2016-05-05,18.8079161933,18.8079161933,18.8079161933,18.8079161933,0.0,19.46,0.0,19.46,19.46,19.46,1.0,0.0,3,05
195,2016-05-04,18.8079161933,19.0317555248,18.8079161933,18.8852354788,6599.0,19.46,0.0,19.6916,19.46,19.54,1.0,6599.0,2,04
196,2016-05-03,19.142322103,19.142322103,19.142322103,19.142322103,21.0,19.806,0.0,19.806,19.806,19.806,1.0,21.0,1,03
197,2016-05-02,19.142322103,19.142322103,19.142322103,19.142322103,538.0,19.806,0.0,19.806,19.806,19.806,1.0,538.0,0,02
198,2016-04-29,18.8370075745,18.8562407467,18.8369109254,18.8562407467,7195.0,19.4901,0.0,19.51,19.49,19.51,1.0,7195.0,4,29
199,2016-04-28,19.2235073528,19.2235073528,19.2235073528,19.2235073528,200.0,19.89,0.0,19.89,19.89,19.89,1.0,200.0,3,28
200,2016-04-27,19.3104915489,19.3104915489,19.1171933352,19.1171933352,1686.0,19.98,0.0,19.98,19.78,19.78,1.0,1686.0,2,27
201,2016-04-26,19.1944159716,19.1944159716,19.1944159716,19.1944159716,96.0,19.8599,0.0,19.8599,19.8599,19.8599,1.0,96.0,1,26
202,2016-04-25,19.1944159716,19.1945126207,19.1944159716,19.1945126207,275.0,19.8599,0.0,19.86,19.8599,19.86,1.0,275.0,0,25
203,2016-04-22,19.0768906577,19.1751827993,18.9915494963,18.9915494963,1210.0,19.7383,0.0,19.84,19.65,19.65,1.0,1210.0,4,22
204,2016-04-21,19.1655178886,19.2718319062,19.1655178886,19.2235073528,3277.0,19.83,0.0775,19.94,19.83,19.89,1.0,3277.0,3,21
205,2016-04-20,19.328507826,19.3796287101,19.3036694304,19.3796287101,5062.0,20.0768,0.0,20.1299,20.051,20.1299,1.0,5062.0,2,20
206,2016-04-19,19.3027067019,19.3027067019,19.3027067019,19.3027067019,0.0,20.05,0.0,20.05,20.05,20.05,1.0,0.0,1,19
207,2016-04-18,19.3027067019,19.3027067019,19.3027067019,19.3027067019,225.0,20.05,0.0,20.05,20.05,20.05,1.0,225.0,0,18
208,2016-04-15,19.3122377142,19.3122377142,19.3122377142,19.3122377142,157.0,20.0599,0.0,20.0599,20.0599,20.0599,1.0,157.0,4,15
209,2016-04-14,19.3122377142,19.3122377142,19.1789960878,19.1789960878,1112.0,20.0599,0.0,20.0599,19.9215,19.9215,1.0,1112.0,3,14
210,2016-04-13,19.1929556513,19.1929556513,19.1606079732,19.1606079732,200.0,19.936,0.0,19.936,19.9024,19.9024,1.0,200.0,2,13
211,2016-04-12,19.0653941232,19.0653941232,19.0653941232,19.0653941232,0.0,19.8035,0.0,19.8035,19.8035,19.8035,1.0,0.0,1,12
212,2016-04-11,19.0653941232,19.1246019268,19.0653941232,19.1246019268,1351.0,19.8035,0.0,19.865,19.8035,19.865,1.0,1351.0,0,11
213,2016-04-08,19.163977523,19.163977523,19.100533714,19.1101609991,1100.0,19.9059,0.0,19.9059,19.84,19.85,1.0,1100.0,4,08
214,2016-04-07,19.100533714,19.1197882842,19.100533714,19.1197882842,761.0,19.84,0.0,19.86,19.84,19.86,1.0,761.0,3,07
215,2016-04-06,19.1197882842,19.1197882842,19.1197882842,19.1197882842,60.0,19.86,0.0,19.86,19.86,19.86,1.0,60.0,2,06
216,2016-04-05,19.1197882842,19.2064338505,19.1197882842,19.173701081,1468.0,19.86,0.0,19.95,19.86,19.916,1.0,1468.0,1,05
217,2016-04-04,19.100533714,19.2834521316,19.100533714,19.100533714,8011.0,19.84,0.0,20.03,19.84,19.84,1.0,8011.0,0,04
218,2016-04-01,19.2353157059,19.2353157059,19.0909064288,19.0909064288,206.0,19.98,0.0,19.98,19.83,19.83,1.0,206.0,4,01
219,2016-03-31,19.1917041042,19.1917041042,19.1917041042,19.1917041042,0.0,19.9347,0.0,19.9347,19.9347,19.9347,1.0,0.0,3,31
220,2016-03-30,19.1917041042,19.3315885573,18.965751722,18.965751722,1300.0,19.9347,0.0,20.08,19.7,19.7,1.0,1300.0,2,30
221,2016-03-29,19.0139844206,19.0139844206,19.0139844206,19.0139844206,177.0,19.7501,0.0,19.7501,19.7501,19.7501,1.0,177.0,1,29
222,2016-03-28,19.0139844206,19.0139844206,18.9946335774,18.9946335774,1610.0,19.7501,0.0,19.7501,19.73,19.73,1.0,1610.0,0,28
223,2016-03-24,18.9368698666,18.9369661395,18.9368698666,18.9369661395,608.0,19.67,0.0,19.6701,19.67,19.6701,1.0,608.0,3,24
224,2016-03-23,19.1823656376,19.1823656376,19.1823656376,19.1823656376,1661.0,19.925,0.08,19.925,19.925,19.925,1.0,1661.0,2,23
225,2016-03-22,19.0337394605,19.0337394605,19.0337394605,19.0337394605,0.0,19.85,0.0,19.85,19.85,19.85,1.0,0.0,1,22
226,2016-03-21,19.0337394605,19.5323563129,19.0337394605,19.5323563129,1281.0,19.85,0.0,20.37,19.85,20.37,1.0,1281.0,0,21
227,2016-03-18,19.0241506749,19.1583936736,19.0241506749,19.1583936736,1595.0,19.84,0.0,19.98,19.84,19.98,1.0,1595.0,4,18
228,2016-03-17,19.1296273167,19.1296273167,19.0802450708,19.0816833886,5469.0,19.95,0.0,19.95,19.8985,19.9,1.0,5469.0,3,17
229,2016-03-16,18.9856996445,18.9856996445,18.7748422487,18.7748422487,9552.0,19.7999,0.0,19.7999,19.58,19.58,1.0,9552.0,2,16
230,2016-03-15,18.7460758918,18.7460758918,18.7364871062,18.7364871062,3000.0,19.55,0.0,19.55,19.54,19.54,1.0,3000.0,1,15
231,2016-03-14,18.7653493509,18.7653493509,18.7365829941,18.7365829941,2158.0,19.5701,0.0,19.5701,19.5401,19.5401,1.0,2158.0,0,14
232,2016-03-11,18.7747463608,18.7747463608,18.7747463608,18.7747463608,0.0,19.5799,0.0,19.5799,19.5799,19.5799,1.0,0.0,4,11
233,2016-03-10,18.7747463608,18.7747463608,18.7747463608,18.7747463608,0.0,19.5799,0.0,19.5799,19.5799,19.5799,1.0,0.0,3,10
234,2016-03-09,18.7747463608,18.7747463608,18.7747463608,18.7747463608,0.0,19.5799,0.0,19.5799,19.5799,19.5799,1.0,0.0,2,09
235,2016-03-08,18.7747463608,18.7747463608,18.6023399953,18.6981319637,1158.0,19.5799,0.0,19.5799,19.4001,19.5,1.0,1158.0,1,08
236,2016-03-07,18.5855596205,18.5855596205,18.5855596205,18.5855596205,212.0,19.3826,0.0,19.3826,19.3826,19.3826,1.0,212.0,0,07
237,2016-03-04,18.7460758918,18.7460758918,18.6022441075,18.6022441075,635.0,19.55,0.0,19.55,19.4,19.4,1.0,635.0,4,04
238,2016-03-03,18.5830665362,18.5830665362,18.5830665362,18.5830665362,100.0,19.38,0.0,19.38,19.38,19.38,1.0,100.0,3,03
239,2016-03-02,18.5693545728,18.5821076577,18.5693545728,18.5816282184,809.0,19.3657,0.0,19.379,19.3657,19.3785,1.0,809.0,2,02
240,2016-03-01,18.3145805388,18.3145805388,18.3145805388,18.3145805388,7.0,19.1,0.0,19.1,19.1,19.1,1.0,7.0,1,01
241,2016-02-29,18.3145805388,18.355812317,18.3145805388,18.3338539979,6626.0,19.1,0.0,19.143,19.1,19.1201,1.0,6626.0,0,29
242,2016-02-26,18.3820855896,18.3820855896,18.3820855896,18.3820855896,593.0,19.1704,0.0,19.1704,19.1704,19.1704,1.0,593.0,4,26
243,2016-02-25,17.9981506133,17.9981506133,17.9981506133,17.9981506133,0.0,18.77,0.0,18.77,18.77,18.77,1.0,0.0,3,25
244,2016-02-24,17.9981506133,17.9981506133,17.9981506133,17.9981506133,0.0,18.77,0.0,18.77,18.77,18.77,1.0,0.0,2,24
245,2016-02-23,17.9981506133,17.9981506133,17.9981506133,17.9981506133,51.0,18.77,0.08,18.77,18.77,18.77,1.0,51.0,1,23
246,2016-02-22,17.9981506133,17.9981506133,17.9981506133,17.9981506133,0.0,18.85,0.0,18.85,18.85,18.85,1.0,0.0,0,22
247,2016-02-19,17.9981506133,17.9981506133,17.9981506133,17.9981506133,0.0,18.85,0.0,18.85,18.85,18.85,1.0,0.0,4,19
248,2016-02-18,17.9981506133,17.9981506133,17.9981506133,17.9981506133,0.0,18.85,0.0,18.85,18.85,18.85,1.0,0.0,3,18
249,2016-02-17,17.9981506133,17.9981506133,17.9981506133,17.9981506133,623.0,18.85,0.0,18.85,18.85,18.85,1.0,623.0,2,17
250,2016-02-16,17.6735155359,17.6735155359,17.6735155359,17.6735155359,81.0,18.51,0.0,18.51,18.51,18.51,1.0,81.0,1,16
251,2016-02-12,17.6735155359,17.6735155359,17.6735155359,17.6735155359,0.0,18.51,0.0,18.51,18.51,18.51,1.0,0.0,4,12
252,2016-02-11,17.6735155359,17.6735155359,17.6735155359,17.6735155359,30.0,18.51,0.0,18.51,18.51,18.51,1.0,30.0,3,11
253,2016-02-10,17.6735155359,17.6735155359,17.6735155359,17.6735155359,0.0,18.51,0.0,18.51,18.51,18.51,1.0,0.0,2,10
254,2016-02-09,17.6735155359,17.6735155359,17.6735155359,17.6735155359,0.0,18.51,0.0,18.51,18.51,18.51,1.0,0.0,1,09
255,2016-02-08,17.6735155359,17.6735155359,16.8810240235,16.8810240235,422.0,18.51,0.0,18.51,17.68,17.68,1.0,422.0,0,08
256,2016-02-05,18.0404486542,18.0404486542,18.0404486542,18.0404486542,40.0,18.8943,0.0,18.8943,18.8943,18.8943,1.0,40.0,4,05
257,2016-02-04,18.0404486542,18.0404486542,18.0404486542,18.0404486542,415.0,18.8943,0.0,18.8943,18.8943,18.8943,1.0,415.0,3,04
258,2016-02-03,17.8301042203,17.9217658892,17.8301042203,17.9217658892,1050.0,18.674,0.0,18.77,18.674,18.77,1.0,1050.0,2,03
259,2016-02-02,17.8740254366,17.8740254366,17.8740254366,17.8740254366,52.0,18.72,0.0,18.72,18.72,18.72,1.0,52.0,1,02
260,2016-02-01,17.8740254366,17.8740254366,17.8740254366,17.8740254366,144.0,18.72,0.0,18.72,18.72,18.72,1.0,144.0,0,01
261,2016-01-29,17.8740254366,17.8740254366,17.8740254366,17.8740254366,3.0,18.72,0.0,18.72,18.72,18.72,1.0,3.0,4,29
262,2016-01-28,17.8740254366,17.8740254366,17.8740254366,17.8740254366,0.0,18.72,0.0,18.72,18.72,18.72,1.0,0.0,3,28
263,2016-01-27,17.8740254366,17.8740254366,17.8549292556,17.8549292556,230.0,18.72,0.0,18.72,18.7,18.7,1.0,230.0,2,27
264,2016-01-26,17.9025742273,17.9025742273,17.730804079,17.7594483505,1766.0,18.7499,0.0,18.7499,18.57,18.6,1.0,1766.0,1,26
265,2016-01-25,17.4453161727,17.4453161727,17.4453161727,17.4453161727,0.0,18.271,0.0,18.271,18.271,18.271,1.0,0.0,0,25
266,2016-01-22,17.4453161727,17.4453161727,17.4453161727,17.4453161727,0.0,18.271,0.0,18.271,18.271,18.271,1.0,0.0,4,22
267,2016-01-21,17.4453161727,17.4453161727,17.4453161727,17.4453161727,251.0,18.271,0.08,18.271,18.271,18.271,1.0,251.0,3,21
268,2016-01-20,17.0831198094,17.2351282044,17.0831198094,17.2351282044,315.0,17.97,0.0,18.1299,17.97,18.1299,1.0,315.0,2,20
269,2016-01-19,17.5964689857,17.8531435738,17.5775511179,17.8531435738,1243.0,18.51,0.0,18.78,18.4901,18.78,1.0,1243.0,1,19
270,2016-01-15,17.8531435738,17.8531435738,17.7152998135,17.7152998135,995.0,18.78,0.0,18.78,18.635,18.635,1.0,995.0,4,15
271,2016-01-14,18.1288310944,18.1288310944,18.1288310944,18.1288310944,120.0,19.07,0.0,19.07,19.07,19.07,1.0,120.0,3,14
272,2016-01-13,18.1573504931,18.1573504931,18.1573504931,18.1573504931,235.0,19.1,0.0,19.1,19.1,19.1,1.0,235.0,2,13
273,2016-01-12,18.1573504931,18.1573504931,18.1573504931,18.1573504931,6.0,19.1,0.0,19.1,19.1,19.1,1.0,6.0,1,12
274,2016-01-11,18.1573504931,18.1573504931,18.1155220417,18.1155220417,400.0,19.1,0.0,19.1,19.056,19.056,1.0,400.0,0,11
275,2016-01-08,18.3553701846,18.3553701846,18.3522330507,18.3522330507,2500.0,19.3083,0.0,19.3083,19.305,19.305,1.0,2500.0,4,08
276,2016-01-07,18.1479390915,18.4425444799,18.1479390915,18.4425444799,355.0,19.0901,0.0,19.4,19.0901,19.4,1.0,355.0,3,07
277,2016-01-06,18.5970245561,18.676403549,18.5970245561,18.6754529024,736.0,19.5625,0.0,19.646,19.5625,19.645,1.0,736.0,2,06
278,2016-01-05,18.8037901965,18.8037901965,18.8037901965,18.8037901965,504.0,19.78,0.0,19.78,19.78,19.78,1.0,504.0,1,05
279,2016-01-04,18.6873359852,18.714429414,18.6873359852,18.714429414,837.0,19.6575,0.0,19.686,19.6575,19.686,1.0,837.0,0,04
280,2015-12-31,19.0793826524,19.0793826524,19.0793826524,19.0793826524,246.0,20.0699,0.0,20.0699,20.0699,20.0699,1.0,246.0,3,31
281,2015-12-30,19.2116175976,19.2116175976,19.2116175976,19.2116175976,100.0,20.209,0.0,20.209,20.209,20.209,1.0,100.0,2,30
282,2015-12-29,18.3398746446,18.3398746446,18.3398746446,18.3398746446,1089.0,19.292,0.0,19.292,19.292,19.292,1.0,1089.0,1,29
283,2015-12-28,19.1555294469,19.1745423793,19.1555294469,19.1745423793,493.0,20.15,0.0,20.17,20.15,20.17,1.0,493.0,0,28
284,2015-12-24,19.2695119769,19.2695119769,19.2695119769,19.2695119769,0.0,20.2699,0.0,20.2699,20.2699,20.2699,1.0,0.0,3,24
285,2015-12-23,19.2695119769,19.2695119769,19.2695119769,19.2695119769,387.0,20.2699,0.08,20.2699,20.2699,20.2699,1.0,387.0,2,23
286,2015-12-22,18.9381883714,18.9476574656,18.8773967867,18.8804268968,1335.0,20.0,0.0,20.01,19.9358,19.939,1.0,1335.0,1,22
287,2015-12-21,18.9760647481,18.9760647481,18.9760647481,18.9760647481,2.0,20.04,0.0,20.04,20.04,20.04,1.0,2.0,0,21
288,2015-12-18,18.9760647481,18.9760647481,18.9760647481,18.9760647481,18.0,20.04,0.0,20.04,20.04,20.04,1.0,18.0,4,18
289,2015-12-17,18.9760647481,19.0898832602,18.9760647481,19.0898832602,2016.0,20.04,0.0,20.1602,20.04,20.1602,1.0,2016.0,3,17
290,2015-12-16,19.0754902371,19.0754902371,19.0754902371,19.0754902371,23.0,20.145,0.0,20.145,20.145,20.145,1.0,23.0,2,16
291,2015-12-15,19.0754902371,19.2601375737,19.041401498,19.2601375737,901.0,20.145,0.0,20.34,20.109,20.34,1.0,901.0,1,15
292,2015-12-14,18.8579851436,18.8579851436,18.8579851436,18.8579851436,285.0,19.9153,0.0,19.9153,19.9153,19.9153,1.0,285.0,0,14
293,2015-12-11,18.9381883714,19.0423484074,18.9381883714,19.0423484074,1241.0,20.0,0.0,20.11,20.0,20.11,1.0,1241.0,4,11
294,2015-12-10,19.0803194751,19.0803194751,19.0519121925,19.0519121925,955.0,20.1501,0.0,20.1501,20.1201,20.1201,1.0,955.0,3,10
295,2015-12-09,19.2790757621,19.2790757621,19.2790757621,19.2790757621,2.0,20.36,0.0,20.36,20.36,20.36,1.0,2.0,2,09
296,2015-12-08,19.2790757621,19.2790757621,19.2696066679,19.2696066679,475.0,20.36,0.0,20.36,20.35,20.35,1.0,475.0,1,08
297,2015-12-07,19.0803194751,19.686246812,19.0803194751,19.686246812,1464.0,20.1501,0.0,20.79,20.1501,20.79,1.0,1464.0,0,07
298,2015-12-04,19.1275702551,19.1275702551,19.1275702551,19.1275702551,0.0,20.2,0.0,20.2,20.2,20.2,1.0,0.0,4,04
299,2015-12-03,19.1275702551,19.1275702551,19.1275702551,19.1275702551,1000.0,20.2,0.0,20.2,20.2,20.2,1.0,1000.0,3,03
300,2015-12-02,19.3642029188,19.3642029188,19.3642029188,19.3642029188,1.0,20.4499,0.0,20.4499,20.4499,20.4499,1.0,1.0,2,02
301,2015-12-01,19.3642029188,19.3642029188,19.2317302911,19.2317302911,1684.0,20.4499,0.0,20.4499,20.31,20.31,1.0,1684.0,1,01
302,2015-11-30,19.3453594214,19.3453594214,19.3453594214,19.3453594214,126.0,20.43,0.0,20.43,20.43,20.43,1.0,126.0,0,30
303,2015-11-27,19.3453594214,19.3453594214,19.3453594214,19.3453594214,0.0,20.43,0.0,20.43,20.43,20.43,1.0,0.0,4,27
304,2015-11-25,19.3453594214,19.3453594214,19.3453594214,19.3453594214,263.0,20.43,0.0,20.43,20.43,20.43,1.0,263.0,2,25
305,2015-11-24,20.1122613595,20.1122613595,18.2942899667,18.2942899667,636.0,21.2399,0.0,21.2399,19.32,19.32,1.0,636.0,1,24
306,2015-11-23,19.3310610891,19.3310610891,19.1990619162,19.2885448562,598.0,20.4149,0.0,20.4149,20.2755,20.37,1.0,598.0,0,23
307,2015-11-20,19.2885448562,19.3325761442,19.2885448562,19.326421233,10072.0,20.37,0.08,20.4165,20.37,20.41,1.0,10072.0,4,20
308,2015-11-19,19.2074292153,19.2074292153,19.0804738051,19.0804738051,724.0,20.364,0.0,20.364,20.2294,20.2294,1.0,724.0,3,19
309,2015-11-18,19.1857354974,19.1857354974,18.9359747796,19.0527435744,3674.0,20.341,0.0,20.341,20.0762,20.2,1.0,3674.0,2,18
310,2015-11-17,19.0433115231,19.0810397282,19.0197313949,19.0197313949,1032.0,20.19,0.0,20.23,20.165,20.165,1.0,1032.0,1,17
311,2015-11-16,18.9584230616,18.9584230616,18.9584230616,18.9584230616,0.0,20.1,0.0,20.1,20.1,20.1,1.0,0.0,0,16
312,2015-11-13,18.9584230616,18.9584230616,18.9584230616,18.9584230616,0.0,20.1,0.0,20.1,20.1,20.1,1.0,0.0,4,13
313,2015-11-12,18.9584230616,18.9584230616,18.9584230616,18.9584230616,508.0,20.1,0.0,20.1,20.1,20.1,1.0,508.0,3,12
314,2015-11-11,19.0890569718,19.0890569718,19.0890569718,19.0890569718,0.0,20.2385,0.0,20.2385,20.2385,20.2385,1.0,0.0,2,11
315,2015-11-10,19.0890569718,19.1281999846,19.0362374847,19.0362374847,672.0,20.2385,0.0,20.28,20.1825,20.1825,1.0,672.0,1,10
316,2015-11-09,19.005583318,19.005583318,19.005583318,19.005583318,386.0,20.15,0.0,20.15,20.15,20.15,1.0,386.0,0,09
317,2015-11-06,19.1541381256,19.2036563948,19.1541381256,19.2036563948,210.0,20.3075,0.0,20.36,20.3075,20.36,1.0,210.0,4,06
318,2015-11-05,19.1847922922,20.0242448557,19.1847922922,20.0242448557,700.0,20.34,0.0,21.23,20.34,21.23,1.0,700.0,3,05
319,2015-11-04,19.2418562024,19.2418562024,19.2418562024,19.2418562024,0.0,20.4005,0.0,20.4005,20.4005,20.4005,1.0,0.0,2,04
320,2015-11-03,19.2418562024,19.2885448562,19.1730022281,19.2225204973,791.0,20.4005,0.0,20.45,20.3275,20.38,1.0,791.0,1,03
321,2015-11-02,19.1470640871,19.1470640871,19.1470640871,19.1470640871,948.0,20.3,0.0,20.3,20.3,20.3,1.0,948.0,0,02
322,2015-10-30,19.0150153693,19.0150153693,18.8452384463,18.8452384463,293.0,20.16,0.0,20.16,19.98,19.98,1.0,293.0,4,30
323,2015-10-29,18.9654971001,18.9923784462,18.9301269078,18.9301269078,490.0,20.1075,0.0,20.136,20.07,20.07,1.0,490.0,3,29
324,2015-10-28,18.8740062027,18.9772871642,18.7886461387,18.7886461387,3256.0,20.0105,0.0,20.12,19.92,19.92,1.0,3256.0,2,28
325,2015-10-27,18.8828723309,18.9301269078,18.7933621643,18.9301269078,505.0,20.0199,0.0,20.07,19.925,20.07,1.0,505.0,1,27
326,2015-10-26,18.9494626129,18.9678551129,18.9489910104,18.9489910104,1465.0,20.0905,0.0,20.11,20.09,20.09,1.0,1465.0,0,26
327,2015-10-23,19.0244474206,19.0244474206,18.8829666514,19.005583318,1673.0,20.17,0.0,20.17,20.02,20.15,1.0,1673.0,4,23
328,2015-10-22,18.8226015233,18.8358063951,18.8169422925,18.8169422925,2836.0,19.956,0.0,19.97,19.95,19.95,1.0,2836.0,3,22
329,2015-10-21,18.7413915618,18.7413915618,18.7413915618,18.7413915618,0.0,19.8699,0.08,19.8699,19.8699,19.8699,1.0,0.0,2,21
330,2015-10-20,18.6662377352,18.6662377352,18.562995166,18.6287547642,19513.0,19.8699,0.0,19.8699,19.76,19.83,1.0,19513.0,1,20
331,2015-10-19,18.6484826437,18.6484826437,18.6484826437,18.6484826437,0.0,19.851,0.0,19.851,19.851,19.851,1.0,0.0,0,19
332,2015-10-16,18.6484826437,18.6484826437,18.6006660215,18.6006660215,775.0,19.851,0.0,19.851,19.8001,19.8001,1.0,775.0,4,16
333,2015-10-15,18.6757259058,18.6757259058,18.44096414,18.5817836226,3841.0,19.88,0.0,19.88,19.6301,19.78,1.0,3841.0,3,15
334,2015-10-14,18.4032932845,18.4032932845,18.3938990562,18.3938990562,400.0,19.59,0.0,19.59,19.58,19.58,1.0,400.0,2,14
335,2015-10-13,18.6531797579,18.8072451024,18.6531797579,18.8072451024,4015.0,19.856,0.0,20.02,19.856,20.02,1.0,4015.0,1,13
336,2015-10-12,18.7297427187,18.7753047261,18.7203484904,18.7226970475,781.0,19.9375,0.0,19.986,19.9275,19.93,1.0,781.0,0,12
337,2015-10-09,18.5630891082,18.7133028191,18.562995166,18.7133028191,525.0,19.7601,0.0,19.92,19.76,19.92,1.0,525.0,4,09
338,2015-10-08,18.5723893943,18.5723893943,18.5723893943,18.5723893943,195.0,19.77,0.0,19.77,19.77,19.77,1.0,195.0,3,08
339,2015-10-07,18.5075692189,18.5536009376,18.3845048278,18.4126875128,1096.0,19.701,0.0,19.75,19.57,19.6,1.0,1096.0,2,07
340,2015-10-06,18.506629796,18.506629796,18.506629796,18.506629796,100.0,19.7,0.0,19.7,19.7,19.7,1.0,100.0,1,06
341,2015-10-05,18.3880746346,18.4314759694,18.3504977213,18.4010386697,3397.0,19.5738,0.0,19.62,19.5338,19.5876,1.0,3397.0,0,05
342,2015-10-02,18.0285575167,18.0285575167,18.0275241516,18.0275241516,771.0,19.1911,0.0,19.1911,19.19,19.19,1.0,771.0,4,02
343,2015-10-01,17.9021112034,17.9617645533,17.8490338134,17.952370325,1269.0,19.0565,0.0,19.12,19.0,19.11,1.0,1269.0,3,01
344,2015-09-30,17.9053991834,17.9053991834,17.9053991834,17.9053991834,1.0,19.06,0.0,19.06,19.06,19.06,1.0,1.0,2,30
345,2015-09-28,17.9053991834,17.9053991834,17.9053991834,17.9053991834,300.0,19.06,0.0,19.06,19.06,19.06,1.0,300.0,0,28
346,2015-09-25,18.0369183799,18.271774088,18.0369183799,18.1685315187,2750.0,19.2,0.0,19.45,19.2,19.3401,1.0,2750.0,4,25
347,2015-09-24,18.0181299232,18.0181299232,18.0181299232,18.0181299232,5000.0,19.18,0.0,19.18,19.18,19.18,1.0,5000.0,3,24
348,2015-09-23,18.2139995838,18.2139995838,18.2139995838,18.2139995838,517.0,19.3885,0.08,19.3885,19.3885,19.3885,1.0,517.0,2,23
349,2015-09-22,18.1499135488,18.2434698042,18.0750685445,18.2434698042,1759.0,19.4,0.0,19.5,19.32,19.5,1.0,1759.0,1,22
350,2015-09-21,18.3837106311,18.5896279492,18.3370260596,18.5896279492,1757.0,19.6499,0.0,19.87,19.6,19.87,1.0,1757.0,0,21
351,2015-09-18,18.2509543047,18.7112510813,18.2509543047,18.7112510813,2900.0,19.508,0.0,20.0,19.508,20.0,1.0,2900.0,4,18
352,2015-09-17,20.1239505379,20.1239505379,20.1239505379,20.1239505379,0.0,21.51,0.0,21.51,21.51,21.51,1.0,0.0,3,17
353,2015-09-16,20.1239505379,20.1239505379,20.1239505379,20.1239505379,635.0,21.51,0.0,21.51,21.51,21.51,1.0,635.0,2,16
354,2015-09-15,19.1696767327,19.1696767327,19.1696767327,19.1696767327,856.0,20.49,0.0,20.49,20.49,20.49,1.0,856.0,1,15
355,2015-09-14,18.9638529708,18.9638529708,18.9638529708,18.9638529708,500.0,20.27,0.0,20.27,20.27,20.27,1.0,500.0,0,14
356,2015-09-11,18.9684372274,19.0761204773,18.9684372274,19.0761204773,2978.0,20.2749,0.0,20.39,20.2749,20.39,1.0,2978.0,4,11
357,2015-09-10,18.3370260596,18.7832893979,18.3370260596,18.7832893979,7604.0,19.6,0.0,20.077,19.6,20.077,1.0,7604.0,3,10
358,2015-09-09,18.3838041873,18.5709166981,18.2472120544,18.2472120544,394.0,19.65,0.0,19.85,19.504,19.504,1.0,394.0,2,09
359,2015-09-08,18.2154029276,18.2154029276,18.0282904168,18.0282904168,851.0,19.47,0.0,19.47,19.27,19.27,1.0,851.0,1,08
360,2015-09-04,17.9253785358,17.9908679146,17.8505335315,17.9908679146,3301.0,19.16,0.0,19.23,19.08,19.23,1.0,3301.0,4,04
361,2015-09-03,18.0470016679,18.0470016679,18.0470016679,18.0470016679,100.0,19.29,0.0,19.29,19.29,19.29,1.0,100.0,3,03
362,2015-09-02,17.9908679146,18.1405579233,17.8552113443,18.1405579233,1637.0,19.23,0.0,19.39,19.085,19.39,1.0,1637.0,2,02
363,2015-09-01,17.7195547739,17.7195547739,17.7195547739,17.7195547739,164.0,18.94,0.0,18.94,18.94,18.94,1.0,164.0,1,01
364,2015-08-31,18.2621810553,18.6457617025,18.1625436433,18.6457617025,1541.0,19.52,0.0,19.93,19.4135,19.93,1.0,1541.0,0,31
365,2015-08-28,18.2434698042,18.2807987501,18.1218466722,18.1218466722,2710.0,19.5,0.0,19.5399,19.37,19.37,1.0,2710.0,4,28
366,2015-08-27,18.1218466722,18.1489779863,18.0657129189,18.1349445479,3377.0,19.37,0.0,19.399,19.31,19.384,1.0,3377.0,3,27
367,2015-08-26,17.8037554038,17.8037554038,17.4098835686,17.4856641354,18835.0,19.03,0.0,19.03,18.609,18.69,1.0,18835.0,2,26
368,2015-08-25,17.9294950111,18.0656193627,17.9294950111,18.0282904168,2698.0,19.1644,0.0,19.3099,19.1644,19.27,1.0,2698.0,1,25
369,2015-08-24,17.5417978887,17.5417978887,17.5417978887,17.5417978887,196.0,18.75,0.0,18.75,18.75,18.75,1.0,196.0,0,24
370,2015-08-21,18.1405579233,19.5813242565,18.1405579233,19.5813242565,22468.0,19.39,0.085,20.93,19.39,20.93,1.0,22468.0,4,21
371,2015-08-20,18.7041028549,19.4586010278,18.7041028549,19.4586010278,7691.0,20.08,0.0,20.89,20.08,20.89,1.0,7691.0,3,20
372,2015-08-19,19.2257312214,19.2257312214,19.2257312214,19.2257312214,162.0,20.64,0.0,20.64,20.64,20.64,1.0,162.0,2,19
373,2015-08-18,19.2257312214,19.2257312214,19.2257312214,19.2257312214,55.0,20.64,0.0,20.64,20.64,20.64,1.0,55.0,1,18
374,2015-08-17,19.2257312214,19.5144897814,19.1418980911,19.5144897814,1953.0,20.64,0.0,20.95,20.55,20.95,1.0,1953.0,0,17
375,2015-08-14,19.1325832988,19.7566743801,19.067379753,19.7566743801,1969.0,20.54,0.0,21.21,20.47,21.21,1.0,1969.0,4,14
376,2015-08-13,19.2071016369,19.2071016369,19.0395285241,19.1977868446,1445.0,20.62,0.0,20.62,20.4401,20.61,1.0,1445.0,3,13
377,2015-08-12,19.0953241298,19.0953241298,19.0953241298,19.0953241298,675.0,20.5,0.0,20.5,20.5,20.5,1.0,675.0,2,12
378,2015-08-11,19.0943926505,19.0943926505,19.0943926505,19.0943926505,280.0,20.499,0.0,20.499,20.499,20.499,1.0,280.0,1,11
379,2015-08-10,18.999940657,18.999940657,18.999940657,18.999940657,55.0,20.3976,0.0,20.3976,20.3976,20.3976,1.0,55.0,0,10
380,2015-08-07,18.999940657,19.0580649607,18.9928614149,19.0580649607,1553.0,20.3976,0.0,20.46,20.39,20.46,1.0,1553.0,4,07
381,2015-08-06,18.9743249783,19.2071016369,18.9556022459,19.2071016369,5865.0,20.3701,0.0,20.62,20.35,20.62,1.0,5865.0,3,06
382,2015-08-05,19.2164164291,19.3002495594,18.8438247388,18.8438247388,2940.0,20.63,0.0,20.72,20.23,20.23,1.0,2940.0,2,05
383,2015-08-04,19.133514778,19.1418980911,19.133514778,19.1418049431,2082.0,20.541,0.0,20.55,20.541,20.5499,1.0,2082.0,1,04
384,2015-08-03,19.0953241298,19.0953241298,19.0953241298,19.0953241298,182.0,20.5,0.0,20.5,20.5,20.5,1.0,182.0,0,03
385,2015-07-31,19.1982525842,19.2257312214,19.1982525842,19.2257312214,1700.0,20.6105,0.0,20.64,20.6105,20.64,1.0,1700.0,4,31
386,2015-07-30,19.1418980911,19.3281939362,18.980752185,19.3281939362,4596.0,20.55,0.0,20.75,20.377,20.75,1.0,4596.0,3,30
387,2015-07-29,19.1418980911,19.1418980911,19.1418980911,19.1418980911,2410.0,20.55,0.0,20.55,20.55,20.55,1.0,2410.0,2,29
388,2015-07-28,18.9649170381,18.9649170381,18.9649170381,18.9649170381,18.0,20.36,0.0,20.36,20.36,20.36,1.0,18.0,1,28
389,2015-07-27,18.9649170381,18.9649170381,18.9649170381,18.9649170381,0.0,20.36,0.0,20.36,20.36,20.36,1.0,0.0,0,27
390,2015-07-24,18.9649170381,19.356138313,18.9649170381,19.356138313,800.0,20.36,0.0,20.78,20.36,20.78,1.0,800.0,4,24
391,2015-07-23,19.0860093375,19.1139537143,19.0860093375,19.1139537143,922.0,20.49,0.0,20.52,20.49,20.52,1.0,922.0,3,23
392,2015-07-22,19.1324901509,19.1324901509,19.1324901509,19.1324901509,200.0,20.5399,0.0,20.5399,20.5399,20.5399,1.0,200.0,2,22
393,2015-07-21,19.2374678596,19.2374678596,19.2374678596,19.2374678596,1.0,20.6526,0.085,20.6526,20.6526,20.6526,1.0,1.0,1,21
394,2015-07-20,19.2374678596,19.2545368266,19.2359836016,19.2545368266,977.0,20.7376,0.0,20.756,20.736,20.756,1.0,977.0,0,20
395,2015-07-17,19.2838509219,19.2897879539,19.2838509219,19.2860773089,3500.0,20.7876,0.0,20.794,20.7876,20.79,1.0,3500.0,4,17
396,2015-07-16,19.3231837588,19.3323676051,19.2981369051,19.3139071463,7117.0,20.83,0.0,20.8399,20.803,20.82,1.0,7117.0,3,16
397,2015-07-15,19.2396942466,19.2860773089,19.2211410217,19.2860773089,1100.0,20.74,0.0,20.79,20.72,20.79,1.0,1100.0,2,15
398,2015-07-14,19.3046305339,19.3046305339,19.2119571754,19.2452602141,3776.0,20.81,0.0,20.81,20.7101,20.746,1.0,3776.0,1,14
399,2015-07-13,19.1803239269,19.1803239269,19.1725315724,19.1747579594,2600.0,20.676,0.0,20.676,20.6676,20.67,1.0,2600.0,0,13
400,2015-07-10,19.0541619974,19.0541619974,18.9985023226,19.0077789351,18111.0,20.54,0.0,20.54,20.48,20.49,1.0,18111.0,4,10
401,2015-07-09,18.8593531357,19.4066732709,18.8370892658,19.4066732709,5227.0,20.33,0.0,20.92,20.306,20.92,1.0,5227.0,3,09
402,2015-07-08,18.8315232983,18.8316160644,18.785140236,18.785140236,3408.0,20.3,0.0,20.3001,20.25,20.25,1.0,3408.0,2,08
403,2015-07-07,18.8779063606,18.9335660354,18.6923741113,18.9335660354,8364.0,20.35,0.0,20.41,20.15,20.41,1.0,8364.0,1,07
404,2015-07-06,18.8964595855,19.0448853849,18.8130628395,18.9521192603,2168.0,20.37,0.0,20.53,20.2801,20.43,1.0,2168.0,0,06
405,2015-07-02,18.9335660354,19.0633458437,18.9335660354,19.0633458437,1792.0,20.41,0.0,20.5499,20.41,20.5499,1.0,1792.0,3,02
406,2015-07-01,18.9437703091,19.1562047345,18.9405234947,19.1562047345,4990.0,20.421,0.0,20.65,20.4175,20.65,1.0,4990.0,2,01
407,2015-06-30,18.9892257101,19.1376515095,18.9335660354,19.1376515095,4300.0,20.47,0.0,20.63,20.41,20.63,1.0,4300.0,1,30
408,2015-06-29,18.9113021655,19.7962909943,18.9113021655,19.7962909943,6325.0,20.386,0.0,21.34,20.386,21.34,1.0,6325.0,0,29
409,2015-06-26,19.2582474715,19.3695668211,19.2304176342,19.2573198103,8007.0,20.76,0.0,20.88,20.73,20.759,1.0,8007.0,4,26
410,2015-06-25,19.2281912472,19.2860773089,19.1747579594,19.2860773089,1901.0,20.7276,0.0,20.79,20.67,20.79,1.0,1901.0,3,25
411,2015-06-24,19.2582474715,19.6200353576,19.2582474715,19.6200353576,2324.0,20.76,0.085,21.15,20.76,21.15,1.0,2324.0,2,24
412,2015-06-23,19.392209855,19.7894776129,19.392209855,19.7894776129,11500.0,20.99,0.0,21.42,20.99,21.42,1.0,11500.0,1,23
413,2015-06-22,19.1612402283,19.3552547147,19.1612402283,19.3182071866,17559.0,20.74,0.0,20.95,20.74,20.9099,1.0,17559.0,0,22
414,2015-06-19,19.2259117238,20.0389248097,19.2259117238,19.4014486401,1150.0,20.81,0.0,21.69,20.81,21.0,1.0,1150.0,4,19
415,2015-06-18,19.3187615137,19.3187615137,19.3187615137,19.3187615137,500.0,20.9105,0.0,20.9105,20.9105,20.9105,1.0,500.0,3,18
416,2015-06-17,19.0596135926,19.0596135926,19.0503748075,19.0503748075,800.0,20.63,0.0,20.63,20.62,20.62,1.0,800.0,2,17
417,2015-06-16,19.5030752758,19.5030752758,19.0318972374,19.0318972374,2531.0,21.11,0.0,21.11,20.6,20.6,1.0,2531.0,1,16
418,2015-06-15,19.1242850881,19.1242850881,19.1242850881,19.1242850881,0.0,20.7,0.0,20.7,20.7,20.7,1.0,0.0,0,15
419,2015-06-12,19.1242850881,19.1242850881,19.1242850881,19.1242850881,500.0,20.7,0.0,20.7,20.7,20.7,1.0,500.0,4,12
420,2015-06-11,19.1520014433,19.1520014433,19.1520014433,19.1520014433,0.0,20.73,0.0,20.73,20.73,20.73,1.0,0.0,3,11
421,2015-06-10,19.1520014433,19.1889565835,19.0318972374,19.1889565835,2734.0,20.73,0.0,20.77,20.6,20.77,1.0,2734.0,2,10
422,2015-06-09,18.8933154614,18.8933154614,18.8933154614,18.8933154614,100.0,20.45,0.0,20.45,20.45,20.45,1.0,100.0,1,09
423,2015-06-08,18.8822289193,18.8822289193,18.8748378913,18.8748378913,307.0,20.438,0.0,20.438,20.43,20.43,1.0,307.0,0,08
424,2015-06-05,19.0226584523,19.0226584523,19.0226584523,19.0226584523,96.0,20.59,0.0,20.59,20.59,20.59,1.0,96.0,4,05
425,2015-06-04,19.0226584523,19.253628079,19.0226584523,19.1797177985,3421.0,20.59,0.0,20.84,20.59,20.76,1.0,3421.0,3,04
426,2015-06-03,19.2781108594,19.9650145291,19.2781108594,19.9650145291,653.0,20.8665,0.0,21.61,20.8665,21.61,1.0,653.0,2,03
427,2015-06-02,19.2535356912,19.2535356912,19.2535356912,19.2535356912,307.0,20.8399,0.0,20.8399,20.8399,20.8399,1.0,307.0,1,02
428,2015-06-01,19.2259117238,19.5862243414,19.1981953686,19.5862243414,3130.0,20.81,0.0,21.2,20.78,21.2,1.0,3130.0,0,01
429,2015-05-29,19.7340449025,19.7340449025,19.7340449025,19.7340449025,0.0,21.36,0.0,21.36,21.36,21.36,1.0,0.0,4,29
430,2015-05-28,19.7340449025,19.7340449025,19.7340449025,19.7340449025,576.0,21.36,0.0,21.36,21.36,21.36,1.0,576.0,3,28
431,2015-05-27,19.253628079,19.2721056491,19.1981953686,19.2711817706,4875.0,20.84,0.0,20.86,20.78,20.859,1.0,4875.0,2,27
432,2015-05-26,19.1510775648,19.1538492003,19.1196656955,19.1242850881,7640.0,20.729,0.0,20.732,20.695,20.7,1.0,7640.0,1,26
433,2015-05-22,19.5862243414,19.5862243414,19.5862243414,19.5862243414,500.0,21.2,0.0,21.2,21.2,21.2,1.0,500.0,4,22
434,2015-05-21,19.4744350421,19.4836738272,19.4014486401,19.4661201355,12713.0,21.079,0.085,21.089,21.0,21.07,1.0,12713.0,3,21
435,2015-05-20,19.3511325333,19.3511325333,19.3511325333,19.3511325333,0.0,21.03,0.0,21.03,21.03,21.03,1.0,0.0,2,20
436,2015-05-19,19.3511325333,19.3603342131,19.3235274941,19.3235274941,5299.0,21.03,0.0,21.04,21.0,21.0,1.0,5299.0,1,19
437,2015-05-18,19.3051241345,19.3234354773,19.3051241345,19.3234354773,1059.0,20.98,0.0,20.9999,20.98,20.9999,1.0,1059.0,0,18
438,2015-05-15,19.0806031484,19.0806031484,19.0806031484,19.0806031484,0.0,20.736,0.0,20.736,20.736,20.736,1.0,0.0,4,15
439,2015-05-14,19.0806031484,19.0806031484,19.0806031484,19.0806031484,0.0,20.736,0.0,20.736,20.736,20.736,1.0,0.0,3,14
440,2015-05-13,19.0806031484,19.0806031484,19.0806031484,19.0806031484,0.0,20.736,0.0,20.736,20.736,20.736,1.0,0.0,2,13
441,2015-05-12,19.0806031484,19.0806031484,19.0806031484,19.0806031484,0.0,20.736,0.0,20.736,20.736,20.736,1.0,0.0,1,12
442,2015-05-11,19.0806031484,19.0806031484,19.0806031484,19.0806031484,0.0,20.736,0.0,20.736,20.736,20.736,1.0,0.0,0,11
443,2015-05-08,19.0806031484,19.0806031484,19.0621997889,19.0621997889,1040.0,20.736,0.0,20.736,20.716,20.716,1.0,1040.0,4,08
444,2015-05-07,18.7714267085,18.7714267085,18.7714267085,18.7714267085,500.0,20.4,0.0,20.4,20.4,20.4,1.0,500.0,3,07
445,2015-05-06,18.9315359363,18.9361367762,18.9094519049,18.9094519049,2025.0,20.574,0.0,20.579,20.55,20.55,1.0,2025.0,2,06
446,2015-05-05,19.0990065079,19.1210905394,19.0990065079,19.1210905394,1090.0,20.756,0.0,20.78,20.756,20.78,1.0,1090.0,1,05
447,2015-05-04,19.2591157357,19.2775190953,19.2591157357,19.2775190953,1307.0,20.93,0.0,20.95,20.93,20.95,1.0,1307.0,0,04
448,2015-05-01,18.7806283883,18.7806283883,18.7806283883,18.7806283883,45.0,20.41,0.0,20.41,20.41,20.41,1.0,45.0,4,01
449,2015-04-30,18.7806283883,18.7806283883,18.7806283883,18.7806283883,167.0,20.41,0.0,20.41,20.41,20.41,1.0,167.0,3,30
450,2015-04-29,18.7806283883,18.7806283883,18.7806283883,18.7806283883,2000.0,20.41,0.0,20.41,20.41,20.41,1.0,2000.0,2,29
451,2015-04-28,19.212647253,19.212647253,19.1578972584,19.1670989381,984.0,20.8795,0.0,20.8795,20.82,20.83,1.0,984.0,1,28
452,2015-04-27,19.3226073261,19.3226073261,19.3226073261,19.3226073261,273.0,20.999,0.0,20.999,20.999,20.999,1.0,273.0,0,27
453,2015-04-24,19.2339031332,19.2339031332,19.2339031332,19.2339031332,0.0,20.9026,0.0,20.9026,20.9026,20.9026,1.0,0.0,4,24
454,2015-04-23,19.2339031332,19.2339031332,19.2339031332,19.2339031332,0.0,20.9026,0.0,20.9026,20.9026,20.9026,1.0,0.0,3,23
455,2015-04-22,19.2339031332,19.2339031332,19.2339031332,19.2339031332,1.0,20.9026,0.0,20.9026,20.9026,20.9026,1.0,1.0,2,22
456,2015-04-21,19.2339031332,19.2339031332,19.2013291869,19.2013291869,600.0,20.9026,0.085,20.9026,20.8672,20.8672,1.0,600.0,1,21
457,2015-04-20,19.1170568692,19.1178816664,19.1170568692,19.1178816664,938.0,20.8601,0.0,20.861,20.8601,20.861,1.0,938.0,0,20
458,2015-04-17,19.061978748,19.0894719865,18.985730833,18.985730833,1922.0,20.8,0.0,20.83,20.7168,20.7168,1.0,1922.0,4,17
459,2015-04-16,19.190280528,19.648501171,19.1078924564,19.648501171,2508.0,20.94,0.0,21.44,20.8501,21.44,1.0,2508.0,3,16
460,2015-04-15,19.2452670051,19.2635958309,19.1994449408,19.2177737666,527.0,21.0,0.0,21.02,20.95,20.97,1.0,527.0,2,15
461,2015-04-14,19.1352940508,19.136118848,19.1352940508,19.1352940508,1200.0,20.88,0.0,20.8809,20.88,20.88,1.0,1200.0,1,14
462,2015-04-13,19.1056013532,19.1352940508,19.1056013532,19.1352940508,753.0,20.8476,0.0,20.88,20.8476,20.88,1.0,753.0,0,13
463,2015-04-10,19.1352940508,19.1352940508,19.1352940508,19.1352940508,1.0,20.88,0.0,20.88,20.88,20.88,1.0,1.0,4,10
464,2015-04-09,19.1352940508,19.1352940508,19.0344855094,19.0357685272,797.0,20.88,0.0,20.88,20.77,20.7714,1.0,797.0,3,09
465,2015-04-08,19.0106580359,19.108350677,19.0106580359,19.108350677,1466.0,20.744,0.0,20.8506,20.744,20.8506,1.0,1466.0,2,08
466,2015-04-07,19.0161566837,19.0986363994,19.0069922708,19.0986363994,4259.0,20.75,0.0,20.84,20.74,20.84,1.0,4259.0,1,07
467,2015-04-06,18.8511972522,18.8511972522,18.8511972522,18.8511972522,0.0,20.57,0.0,20.57,20.57,20.57,1.0,0.0,0,06
468,2015-04-02,18.8511972522,18.8521136935,18.8511972522,18.8521136935,896.0,20.57,0.0,20.571,20.57,20.571,1.0,896.0,3,02
469,2015-04-01,18.8782322701,18.9226796725,18.8115153445,18.8115153445,2720.0,20.5995,0.0,20.648,20.5267,20.5267,1.0,2720.0,2,01
470,2015-03-31,18.9814235589,19.0893803424,18.9814235589,19.0289868617,7810.0,20.7121,0.0,20.8299,20.7121,20.764,1.0,7810.0,1,31
471,2015-03-30,19.1169652251,19.1169652251,18.8145396007,18.8328684265,2914.0,20.86,0.0,20.86,20.53,20.55,1.0,2914.0,0,30
472,2015-03-27,18.8878549036,18.8878549036,18.8878549036,18.8878549036,155.0,20.61,0.0,20.61,20.61,20.61,1.0,155.0,4,27
473,2015-03-26,18.8878549036,18.8878549036,18.8869384623,18.8869384623,700.0,20.61,0.0,20.61,20.609,20.609,1.0,700.0,3,26
474,2015-03-25,19.2727602437,19.2727602437,19.2727602437,19.2727602437,0.0,21.03,0.085,21.03,21.03,21.03,1.0,0.0,2,25
475,2015-03-24,19.1951763166,19.1951763166,19.1951763166,19.1951763166,5.0,21.03,0.0,21.03,21.03,21.03,1.0,5.0,1,24
476,2015-03-23,19.1951763166,19.2125186062,19.1820326866,19.2125186062,604.0,21.03,0.0,21.049,21.0156,21.049,1.0,604.0,0,23
477,2015-03-20,19.2189078708,19.2773240041,19.0591762562,19.2773240041,3400.0,21.056,0.0,21.12,20.881,21.12,1.0,3400.0,4,20
478,2015-03-19,19.0765185458,19.0765185458,19.0765185458,19.0765185458,1000.0,20.9,0.0,20.9,20.9,20.9,1.0,1000.0,3,19
479,2015-03-18,18.7785962657,18.9304782124,18.7785962657,18.9304782124,543.0,20.5736,0.0,20.74,20.5736,20.74,1.0,543.0,2,18
480,2015-03-17,18.9574956741,18.9830527324,18.952201712,18.9830527324,1062.0,20.7696,0.0,20.7976,20.7638,20.7976,1.0,1062.0,1,17
481,2015-03-16,18.839203004,18.8716969782,18.839203004,18.8702365749,1070.0,20.64,0.0,20.6756,20.64,20.674,1.0,1070.0,0,16
482,2015-03-13,18.7114177124,18.7843466038,18.7114177124,18.7843466038,7570.0,20.5,0.0,20.5799,20.5,20.5799,1.0,7570.0,4,13
483,2015-03-12,18.7843466038,18.7843466038,18.7843466038,18.7843466038,0.0,20.5799,0.0,20.5799,20.5799,20.5799,1.0,0.0,3,12
484,2015-03-11,18.7843466038,18.7843466038,18.7843466038,18.7843466038,0.0,20.5799,0.0,20.5799,20.5799,20.5799,1.0,0.0,2,11
485,2015-03-10,18.7843466038,18.7843466038,18.7843466038,18.7843466038,501.0,20.5799,0.0,20.5799,20.5799,20.5799,1.0,501.0,1,10
486,2015-03-09,18.9030956499,18.9030956499,18.9030956499,18.9030956499,1.0,20.71,0.0,20.71,20.71,20.71,1.0,1.0,0,09
487,2015-03-06,18.9030956499,18.9304782124,18.9030956499,18.9122231707,1344.0,20.71,0.0,20.74,20.71,20.72,1.0,1344.0,4,06
488,2015-03-05,19.1859575206,19.1859575206,19.1859575206,19.1859575206,50.0,21.0199,0.0,21.0199,21.0199,21.0199,1.0,50.0,3,05
489,2015-03-04,19.1859575206,19.1859575206,19.1677937541,19.1677937541,600.0,21.0199,0.0,21.0199,21.0,21.0,1.0,600.0,2,04
490,2015-03-03,19.2498501664,19.3503441708,19.2043038375,19.2043038375,12021.0,21.0899,0.0,21.2,21.04,21.04,1.0,12021.0,1,03
491,2015-03-02,19.198827325,19.198827325,19.198827325,19.198827325,228.0,21.034,0.0,21.034,21.034,21.034,1.0,228.0,0,02
492,2015-02-27,19.1586662333,19.176921275,19.1495387124,19.1677937541,8598.0,20.99,0.0,21.01,20.98,21.0,1.0,8598.0,4,27
493,2015-02-26,19.1495387124,19.1495387124,19.1495387124,19.1495387124,0.0,20.98,0.0,20.98,20.98,20.98,1.0,0.0,3,26
494,2015-02-25,19.1495387124,19.1495387124,19.1495387124,19.1495387124,23.0,20.98,0.0,20.98,20.98,20.98,1.0,23.0,2,25
495,2015-02-24,19.1495387124,19.1495387124,19.1495387124,19.1495387124,225.0,20.98,0.0,20.98,20.98,20.98,1.0,225.0,1,24
496,2015-02-23,19.3320891292,19.3320891292,19.3320891292,19.3320891292,270.0,21.18,0.0,21.18,21.18,21.18,1.0,270.0,0,23
497,2015-02-20,19.0673910249,19.0673910249,19.0673910249,19.0673910249,700.0,20.89,0.085,20.89,20.89,20.89,1.0,700.0,4,20
498,2015-02-19,19.1028441,19.1028441,19.1028441,19.1028441,775.0,21.014,0.0,21.014,21.014,21.014,1.0,775.0,3,19
499,2015-02-18,19.0264836306,19.0264836306,19.0264836306,19.0264836306,0.0,20.93,0.0,20.93,20.93,20.93,1.0,0.0,2,18
500,2015-02-17,19.0264836306,19.0264836306,19.0264836306,19.0264836306,21.0,20.93,0.0,20.93,20.93,20.93,1.0,21.0,1,17
501,2015-02-13,19.0264836306,19.0264836306,19.0083025665,19.0264836306,2370.0,20.93,0.0,20.93,20.91,20.93,1.0,2370.0,4,13
502,2015-02-12,18.9446688419,18.9446688419,18.9446688419,18.9446688419,265.0,20.84,0.0,20.84,20.84,20.84,1.0,265.0,3,12
503,2015-02-11,18.8083108608,18.8083108608,18.8083108608,18.8083108608,0.0,20.69,0.0,20.69,20.69,20.69,1.0,0.0,2,11
504,2015-02-10,18.8083108608,18.8584905979,18.1992452119,18.1992452119,5540.0,20.69,0.0,20.7452,20.02,20.02,1.0,5540.0,1,10
505,2015-02-09,18.9083067136,18.9083067136,18.9083067136,18.9083067136,0.0,20.8,0.0,20.8,20.8,20.8,1.0,0.0,0,09
506,2015-02-06,18.9083067136,18.9083067136,18.9083067136,18.9083067136,24.0,20.8,0.0,20.8,20.8,20.8,1.0,24.0,4,06
507,2015-02-05,18.9083067136,18.9355783099,18.826491925,18.826491925,29994.0,20.8,0.0,20.83,20.71,20.71,1.0,29994.0,3,05
508,2015-02-04,18.6846796246,18.7171328241,18.6446812835,18.7171328241,2100.0,20.554,0.0,20.5897,20.51,20.5897,1.0,2100.0,2,04
509,2015-02-03,18.6446812835,18.7123148421,18.5719570269,18.7123148421,685.0,20.51,0.0,20.5844,20.43,20.5844,1.0,685.0,1,03
510,2015-02-02,18.3735107117,18.3896918588,17.9265292497,18.2537884043,77695.0,20.2117,0.0,20.2295,19.72,20.08,1.0,77695.0,0,02
511,2015-01-30,18.499141865,18.5166865919,18.499141865,18.5166865919,522.0,20.3499,0.0,20.3692,20.3499,20.3692,1.0,522.0,4,30
512,2015-01-29,18.6006831083,18.6006831083,18.6006831083,18.6006831083,0.0,20.4616,0.0,20.4616,20.4616,20.4616,1.0,0.0,3,29
513,2015-01-28,18.6006831083,18.6374088578,18.4446895779,18.4446895779,1234.0,20.4616,0.0,20.502,20.29,20.29,1.0,1234.0,2,28
514,2015-01-27,18.5355948986,18.6627714423,18.0447061666,18.5628664948,10013.0,20.39,0.0,20.5299,19.85,20.42,1.0,10013.0,1,27
515,2015-01-26,18.6810434118,18.6810434118,18.6810434118,18.6810434118,28.0,20.55,0.0,20.55,20.55,20.55,1.0,28.0,0,26
516,2015-01-23,18.6810434118,18.7264960722,18.6628623476,18.7264960722,3410.0,20.55,0.0,20.6,20.53,20.6,1.0,3410.0,4,23
517,2015-01-22,18.7446771363,18.7446771363,18.5174138345,18.5265043665,9172.0,20.62,0.0,20.62,20.37,20.38,1.0,9172.0,3,22
518,2015-01-21,18.3946916515,18.3946916515,18.3946916515,18.3946916515,280.0,20.235,0.085,20.235,20.235,20.235,1.0,280.0,2,21
519,2015-01-20,18.3946916515,18.3946916515,18.3946916515,18.3946916515,0.0,20.32,0.0,20.32,20.32,20.32,1.0,0.0,1,20
520,2015-01-16,18.3946916515,18.4028389066,18.3032613436,18.3032613436,885.0,20.32,0.0,20.329,20.219,20.219,1.0,885.0,4,16
521,2015-01-15,18.3788497664,18.4309016744,18.3222716056,18.4299964238,3175.0,20.3025,0.0,20.36,20.24,20.359,1.0,3175.0,3,15
522,2015-01-14,18.3338588129,18.3338588129,18.2589040655,18.2589040655,2243.0,20.2528,0.0,20.2528,20.17,20.17,1.0,2243.0,2,14
523,2015-01-13,18.7106241016,18.7567918808,18.7106241016,18.7558866303,5150.0,20.669,0.0,20.72,20.669,20.719,1.0,5150.0,1,13
524,2015-01-12,18.5476789984,18.5485842489,18.5304792375,18.5444200963,7256.0,20.489,0.0,20.49,20.47,20.4854,1.0,7256.0,0,12
525,2015-01-09,18.6472565614,18.6472565614,18.6472565614,18.6472565614,930.0,20.599,0.0,20.599,20.599,20.599,1.0,930.0,4,09
526,2015-01-08,18.7386868694,18.7567918808,18.7386868694,18.74764885,930.0,20.7,0.0,20.72,20.7,20.7099,1.0,930.0,3,08
527,2015-01-07,18.2860615827,18.2860615827,18.2860615827,18.2860615827,33.0,20.2,0.0,20.2,20.2,20.2,1.0,33.0,2,07
528,2015-01-06,18.2860615827,18.3132190999,18.2136415368,18.2136415368,951.0,20.2,0.0,20.23,20.12,20.12,1.0,951.0,1,06
529,2015-01-05,18.5576367547,18.5576367547,18.5576367547,18.5576367547,1.0,20.5,0.0,20.5,20.5,20.5,1.0,1.0,0,05
530,2015-01-02,18.5576367547,18.5576367547,18.5213362067,18.5485842489,2303.0,20.5,0.0,20.5,20.4599,20.49,1.0,2303.0,4,02
531,2014-12-31,18.6028087583,18.7377816188,18.6028087583,18.7377816188,8123.0,20.5499,0.0,20.699,20.5499,20.699,1.0,8123.0,2,31
532,2014-12-30,18.8192541704,18.8192541704,18.8192541704,18.8192541704,0.0,20.789,0.0,20.789,20.789,20.789,1.0,0.0,1,30
533,2014-12-29,18.8192541704,18.8192541704,18.8192541704,18.8192541704,12.0,20.789,0.0,20.789,20.789,20.789,1.0,12.0,0,29
534,2014-12-26,18.8192541704,18.8192541704,18.8192541704,18.8192541704,0.0,20.789,0.0,20.789,20.789,20.789,1.0,0.0,4,26
535,2014-12-24,18.8192541704,18.8192541704,18.8192541704,18.8192541704,582.0,20.789,0.0,20.789,20.789,20.789,1.0,582.0,2,24
536,2014-12-23,18.6581195683,18.6581195683,18.6581195683,18.6581195683,200.0,20.611,0.085,20.611,20.611,20.611,1.0,200.0,1,23
537,2014-12-22,18.6436048928,18.6527103725,18.6436048928,18.6527103725,405.0,20.6799,0.0,20.69,20.6799,20.69,1.0,405.0,0,22
538,2014-12-19,18.4994498233,18.6346797196,18.4994498233,18.633778187,1805.0,20.52,0.0,20.67,20.52,20.669,1.0,1805.0,4,19
539,2014-12-18,18.4453578647,19.0034065704,18.3732352533,19.0034065704,5827.0,20.46,0.0,21.079,20.38,21.079,1.0,5827.0,3,18
540,2014-12-17,18.0946616668,18.0946616668,18.0667141549,18.0667141549,1468.0,20.071,0.0,20.071,20.04,20.04,1.0,1468.0,2,17
541,2014-12-16,18.1477619394,18.1559658865,18.1477619394,18.1559658865,1206.0,20.1299,0.0,20.139,20.1299,20.139,1.0,1206.0,1,16
542,2014-12-15,17.9585302378,18.1839133984,17.9585302378,18.1839133984,6595.0,19.92,0.0,20.17,19.92,20.17,1.0,6595.0,0,15
543,2014-12-12,18.2830819891,18.3011126419,18.2740666626,18.2740666626,1453.0,20.28,0.0,20.3,20.27,20.27,1.0,1453.0,4,12
544,2014-12-11,18.4814191704,18.4814191704,18.4354410056,18.4354410056,475.0,20.5,0.0,20.5,20.449,20.449,1.0,475.0,3,11
545,2014-12-10,18.3706208086,18.4715023113,18.3371739476,18.4715023113,2180.0,20.3771,0.0,20.489,20.34,20.489,1.0,2180.0,2,10
546,2014-12-09,18.3119310336,18.4814191704,18.3119310336,18.4814191704,8400.0,20.312,0.0,20.5,20.312,20.5,1.0,8400.0,1,09
547,2014-12-08,18.5715724346,18.6209764235,18.5715724346,18.6209764235,975.0,20.6,0.0,20.6548,20.6,20.6548,1.0,975.0,0,08
548,2014-12-05,18.6345895664,18.6427935134,18.6345895664,18.6427935134,515.0,20.6699,0.0,20.679,20.6699,20.679,1.0,515.0,4,05
549,2014-12-04,18.5715724346,18.5715724346,18.5715724346,18.5715724346,735.0,20.6,0.0,20.6,20.6,20.6,1.0,735.0,3,04
550,2014-12-03,18.6067322077,18.6067322077,18.5445264554,18.5445264554,2338.0,20.639,0.0,20.639,20.57,20.57,1.0,2338.0,2,03
551,2014-12-02,18.5535417818,18.5715724346,18.5181115489,18.5445264554,642.0,20.58,0.0,20.6,20.5407,20.57,1.0,642.0,1,02
552,2014-12-01,18.5805877611,18.5805877611,18.5805877611,18.5805877611,1.0,20.61,0.0,20.61,20.61,20.61,1.0,1.0,0,01
553,2014-11-28,18.5805877611,18.6346797196,18.5805877611,18.6256643932,1140.0,20.61,0.0,20.67,20.61,20.66,1.0,1140.0,4,28
554,2014-11-26,18.6076337403,18.6076337403,18.5346095963,18.570670902,3712.0,20.64,0.0,20.64,20.559,20.599,1.0,3712.0,2,26
555,2014-11-25,18.5445264554,18.5715724346,18.5355111289,18.5715724346,2014.0,20.57,0.0,20.6,20.56,20.6,1.0,2014.0,1,25
556,2014-11-24,18.5264958025,18.5264958025,18.5264958025,18.5264958025,0.0,20.55,0.0,20.55,20.55,20.55,1.0,0.0,0,24
557,2014-11-21,18.5264958025,18.5445264554,18.5264958025,18.5445264554,1000.0,20.55,0.085,20.57,20.55,20.57,1.0,1000.0,4,21
558,2014-11-20,18.4950721363,18.4950721363,18.4950721363,18.4950721363,1000.0,20.6,0.0,20.6,20.6,20.6,1.0,1000.0,3,20
559,2014-11-19,18.4501811845,18.4501811845,18.4375219361,18.4375219361,1351.0,20.55,0.0,20.55,20.5359,20.5359,1.0,1351.0,2,19
560,2014-11-18,18.5659998401,18.5659998401,18.5389754871,18.5389754871,2180.0,20.679,0.0,20.679,20.6489,20.6489,1.0,2180.0,1,18
561,2014-11-17,18.4762179365,18.4762179365,18.4762179365,18.4762179365,0.0,20.579,0.0,20.579,20.579,20.579,1.0,0.0,0,17
562,2014-11-14,18.4762179365,18.4763077184,18.4761281546,18.4763077184,1180.0,20.579,0.0,20.5791,20.5789,20.5791,1.0,1180.0,4,14
563,2014-11-13,18.4771157556,18.5300870787,18.4475775093,18.4771157556,3916.0,20.58,0.0,20.639,20.5471,20.58,1.0,3916.0,3,13
564,2014-11-12,18.4052902327,18.4052902327,18.4052902327,18.4052902327,1.0,20.5,0.0,20.5,20.5,20.5,1.0,1.0,2,12
565,2014-11-11,18.4052902327,18.513028517,18.3963120423,18.4949823544,5270.0,20.5,0.0,20.62,20.49,20.5999,1.0,5270.0,1,11
566,2014-11-10,18.5220067073,18.5220067073,18.5129387351,18.5129387351,902.0,20.63,0.0,20.63,20.6199,20.6199,1.0,902.0,0,10
567,2014-11-07,18.3603992809,18.3603992809,18.3603992809,18.3603992809,0.0,20.45,0.0,20.45,20.45,20.45,1.0,0.0,4,07
568,2014-11-06,18.3603992809,18.3603992809,18.3603992809,18.3603992809,2200.0,20.45,0.0,20.45,20.45,20.45,1.0,2200.0,3,06
569,2014-11-05,18.4412029941,18.4412029941,18.4411132122,18.4411132122,1300.0,20.54,0.0,20.54,20.5399,20.5399,1.0,1300.0,2,05
570,2014-11-04,18.3693774713,18.3693774713,18.3684796522,18.3684796522,1800.0,20.46,0.0,20.46,20.459,20.459,1.0,1800.0,1,04
571,2014-11-03,18.3514210906,18.3514210906,18.3514210906,18.3514210906,3.0,20.44,0.0,20.44,20.44,20.44,1.0,3.0,0,03
572,2014-10-31,18.3514210906,18.3514210906,18.3513313087,18.3513313087,1738.0,20.44,0.0,20.44,20.4399,20.4399,1.0,1738.0,4,31
573,2014-10-30,18.1718572834,18.1718572834,18.1090099509,18.1090997328,1083.0,20.24,0.0,20.24,20.17,20.1701,1.0,1083.0,3,30
574,2014-10-29,18.2144139057,18.261639187,18.1785011443,18.2615494051,3820.0,20.2874,0.0,20.34,20.2474,20.3399,1.0,3820.0,2,29
575,2014-10-28,18.1449227123,18.1450124942,18.1252604755,18.1449227123,2931.0,20.21,0.0,20.2101,20.1881,20.21,1.0,2931.0,1,28
576,2014-10-27,18.1179881413,18.1179881413,18.0551408088,18.1000317605,4263.0,20.18,0.0,20.18,20.11,20.16,1.0,4263.0,0,27
577,2014-10-24,17.9653589052,17.9653589052,17.9653589052,17.9653589052,201.0,20.01,0.0,20.01,20.01,20.01,1.0,201.0,4,24
578,2014-10-23,18.0012716666,18.0012716666,18.0012716666,18.0012716666,150.0,20.05,0.0,20.05,20.05,20.05,1.0,150.0,3,23
579,2014-10-22,17.8665988113,17.911489763,17.8665988113,17.911489763,681.0,19.9,0.0,19.95,19.9,19.95,1.0,681.0,2,22
580,2014-10-20,17.6314531631,17.9354437349,17.5509850706,17.9354437349,2420.0,19.72,0.0,20.06,19.63,20.06,1.0,2420.0,0,20
581,2014-10-17,17.4526351797,17.5420441714,17.4526351797,17.5420441714,2274.0,19.52,0.0,19.62,19.52,19.62,1.0,2274.0,4,17
582,2014-10-16,17.3274625913,17.3453443896,17.3273731823,17.3364034905,1750.0,19.38,0.0,19.4,19.3799,19.39,1.0,1750.0,3,16
583,2014-10-15,17.0055902212,17.2687208838,16.8535949353,17.2112309021,7940.0,19.02,0.0,19.3143,18.85,19.25,1.0,7940.0,2,15
584,2014-10-14,17.4436942805,17.944384634,17.416782174,17.5687774599,3840.0,19.51,0.0,20.07,19.4799,19.6499,1.0,3840.0,1,14
585,2014-10-13,17.416871583,18.0606163232,17.416782174,17.5152214739,13218.0,19.48,0.0,20.2,19.4799,19.59,1.0,13218.0,0,13
586,2014-10-10,17.890739239,17.890739239,17.890739239,17.890739239,240.0,20.01,0.0,20.01,20.01,20.01,1.0,240.0,4,10
587,2014-10-09,17.9087104463,18.0874390208,17.9087104463,18.0874390208,464.0,20.0301,0.0,20.23,20.0301,20.23,1.0,464.0,3,09
588,2014-10-08,17.8102711465,17.8549756423,17.8102711465,17.8549756423,2330.0,19.92,0.0,19.97,19.92,19.97,1.0,2330.0,2,08
589,2014-10-07,17.9265028357,18.0606163232,17.9265028357,18.0460426576,6377.0,20.05,0.0,20.2,20.05,20.1837,1.0,6377.0,1,07
590,2014-10-06,18.1529758117,18.1529758117,18.1529758117,18.1529758117,393.0,20.3033,0.0,20.3033,20.3033,20.3033,1.0,393.0,0,06
591,2014-10-03,18.1339316964,18.1410844158,18.1053208191,18.1053208191,1023.0,20.282,0.0,20.29,20.25,20.25,1.0,1023.0,4,03
592,2014-10-02,17.8817983398,17.8817983398,17.8817983398,17.8817983398,302.0,20.0,0.0,20.0,20.0,20.0,1.0,302.0,3,02
593,2014-10-01,18.0337936257,18.1075560439,18.0337936257,18.1075560439,1658.0,20.17,0.0,20.2525,20.17,20.2525,1.0,1658.0,2,01
594,2014-09-30,18.1857889116,18.2215525083,18.1857889116,18.2215525083,1097.0,20.34,0.0,20.38,20.34,20.38,1.0,1097.0,1,30
595,2014-09-29,18.20367071,18.20367071,18.20367071,18.20367071,200.0,20.36,0.0,20.36,20.36,20.36,1.0,200.0,0,29
596,2014-09-26,18.1410844158,18.1857889116,18.1410844158,18.1857889116,908.0,20.29,0.0,20.34,20.29,20.34,1.0,908.0,4,26
597,2014-09-25,18.1866830015,18.20367071,18.1866830015,18.20367071,3151.0,20.341,0.0,20.36,20.341,20.36,1.0,3151.0,3,25
598,2014-09-24,18.2394343066,18.2483752058,18.2394343066,18.2483752058,2000.0,20.4,0.0,20.41,20.4,20.41,1.0,2000.0,2,24
599,2014-09-23,18.278774263,18.7401246602,18.2304934075,18.7401246602,6300.0,20.444,0.0857,20.96,20.39,20.96,1.0,6300.0,1,23
600,2014-09-22,18.4660164647,18.4660164647,18.4660164647,18.4660164647,0.0,20.74,0.0,20.74,20.74,20.74,1.0,0.0,0,22
601,2014-09-19,18.4660164647,18.4660164647,18.4562225311,18.457023853,2000.0,20.74,0.0,20.74,20.729,20.7299,1.0,2000.0,4,19
602,2014-09-18,18.4641467137,18.4838236165,18.4641467137,18.4749200406,800.0,20.7379,0.0,20.76,20.7379,20.75,1.0,800.0,3,18
603,2014-09-17,18.430402161,18.430402161,18.3235592499,18.3413664017,8200.0,20.7,0.0,20.7,20.58,20.6,1.0,8200.0,2,17
604,2014-09-16,18.314655674,18.3858842813,18.314655674,18.3858842813,5700.0,20.57,0.0,20.65,20.57,20.65,1.0,5700.0,1,16
605,2014-09-15,18.2879449462,18.2879449462,18.2879449462,18.2879449462,0.0,20.54,0.0,20.54,20.54,20.54,1.0,0.0,0,15
606,2014-09-12,18.2879449462,18.3413664017,18.2878559104,18.3413664017,2800.0,20.54,0.0,20.6,20.5399,20.6,1.0,2800.0,4,12
607,2014-09-11,18.305752098,18.3173267467,18.2879449462,18.2879449462,3300.0,20.56,0.0,20.573,20.54,20.54,1.0,3300.0,3,11
608,2014-09-10,18.2879449462,18.2879449462,18.2879449462,18.2879449462,1200.0,20.54,0.0,20.54,20.54,20.54,1.0,1200.0,2,10
609,2014-09-09,18.3235592499,18.3235592499,18.2701377943,18.2790413703,3200.0,20.58,0.0,20.58,20.52,20.53,1.0,3200.0,1,09
610,2014-09-08,18.3502699777,18.3681661653,18.3413664017,18.3413664017,1400.0,20.61,0.0,20.6301,20.6,20.6,1.0,1400.0,0,08
611,2014-09-05,18.2523306425,18.3137653164,18.2523306425,18.3137653164,700.0,20.5,0.0,20.569,20.5,20.569,1.0,700.0,4,05
612,2014-09-04,18.305752098,18.305752098,18.305752098,18.305752098,0.0,20.56,0.0,20.56,20.56,20.56,1.0,0.0,3,04
613,2014-09-03,18.305752098,18.305752098,18.2968485221,18.2968485221,5000.0,20.56,0.0,20.56,20.55,20.55,1.0,5000.0,2,03
614,2014-09-02,18.2485911406,18.2485911406,18.2485911406,18.2485911406,1000.0,20.4958,0.0,20.4958,20.4958,20.4958,1.0,1000.0,1,02
615,2014-08-29,18.2167163388,18.3502699777,18.2167163388,18.3324628258,1400.0,20.46,0.0,20.61,20.46,20.59,1.0,1400.0,4,29
616,2014-08-28,18.2523306425,18.2523306425,18.2167163388,18.2167163388,800.0,20.5,0.0,20.5,20.46,20.46,1.0,800.0,3,28
617,2014-08-27,18.2167163388,18.2167163388,18.2167163388,18.2167163388,200.0,20.46,0.0,20.46,20.46,20.46,1.0,200.0,2,27
618,2014-08-26,18.2790413703,19.1693989626,18.2790413703,19.1693989626,500.0,20.53,0.0,21.53,20.53,21.53,1.0,500.0,1,26
619,2014-08-25,18.1989982227,18.2434270666,18.1989982227,18.2225926989,800.0,20.4401,0.0,20.49,20.4401,20.4666,1.0,800.0,0,25
620,2014-08-22,18.1760269968,18.2256199147,18.1760269968,18.2256199147,5100.0,20.4143,0.0,20.47,20.4143,20.47,1.0,5100.0,4,22
621,2014-08-21,18.225530879,18.2345234906,18.1632948833,18.1632948833,2100.0,20.4699,0.0834,20.48,20.4,20.4,1.0,2100.0,3,21
622,2014-08-20,18.1401373595,18.1605324888,18.1271908861,18.1605324888,1600.0,20.457,0.0,20.48,20.4424,20.48,1.0,1600.0,2,20
623,2014-08-19,18.1516650413,18.1693999363,18.1161952512,18.1161952512,6000.0,20.47,0.0,20.49,20.43,20.43,1.0,6000.0,1,19
624,2014-08-18,17.8679067211,17.8679067211,17.8679067211,17.8679067211,500.0,20.15,0.0,20.15,20.15,20.15,1.0,500.0,0,18
625,2014-08-15,18.0053521574,18.0053521574,17.9388463012,17.9388463012,900.0,20.305,0.0,20.305,20.23,20.23,1.0,900.0,4,15
626,2014-08-14,18.0268113804,18.0268113804,18.0268113804,18.0268113804,300.0,20.3292,0.0,20.3292,20.3292,20.3292,1.0,300.0,3,14
627,2014-08-13,17.9211114061,17.9831835387,17.9081649328,17.9081649328,5500.0,20.21,0.0,20.28,20.1954,20.1954,1.0,5500.0,2,13
628,2014-08-12,17.8856416161,17.9388463012,17.8856416161,17.9388463012,5700.0,20.17,0.0,20.23,20.17,20.23,1.0,5700.0,1,12
629,2014-08-11,17.9743160912,18.0452556712,17.9033765111,18.0452556712,3600.0,20.27,0.0,20.35,20.19,20.35,1.0,3600.0,0,11
630,2014-08-08,17.8413043786,17.8413043786,17.7170714391,17.7170714391,4100.0,20.12,0.0,20.12,19.9799,19.9799,1.0,4100.0,4,08
631,2014-08-07,17.690557771,17.690557771,17.690557771,17.690557771,1700.0,19.95,0.0,19.95,19.95,19.95,1.0,1700.0,3,07
632,2014-08-06,17.708292666,17.708292666,17.708292666,17.708292666,0.0,19.97,0.0,19.97,19.97,19.97,1.0,0.0,2,06
633,2014-08-05,17.7125490408,17.7969671411,17.7125490408,17.7894298107,10100.0,19.9748,0.0,20.07,19.9748,20.0615,1.0,10100.0,1,05
634,2014-08-04,17.7348063341,17.7348063341,17.7348063341,17.7348063341,1000.0,19.9999,0.0,19.9999,19.9999,19.9999,1.0,1000.0,0,04
635,2014-08-01,17.7783455013,17.7792322461,17.6816903235,17.7792322461,2800.0,20.049,0.0,20.05,19.94,20.05,1.0,2800.0,4,01
636,2014-07-31,17.7792322461,17.8413043786,17.7792322461,17.8413043786,3500.0,20.05,0.0,20.12,20.05,20.12,1.0,3500.0,3,31
637,2014-07-30,17.9388463012,17.9477137487,17.8324369311,17.8679067211,25400.0,20.23,0.0,20.24,20.11,20.15,1.0,25400.0,2,30
638,2014-07-29,18.0541231187,18.0985490307,17.9831835387,18.0009184337,61700.0,20.36,0.0,20.4101,20.28,20.3,1.0,61700.0,1,29
639,2014-07-28,18.0009184337,18.0364768982,17.9387576267,18.0009184337,49000.0,20.3,0.0,20.3401,20.2299,20.3,1.0,49000.0,0,28
640,2014-07-25,18.0736315032,18.1161952512,18.0514628845,18.0629018917,17700.0,20.382,0.0,20.43,20.357,20.3699,1.0,17700.0,4,25
641,2014-07-24,18.1340188207,18.1445710833,18.0983716818,18.1251513732,63500.0,20.4501,0.0,20.462,20.4099,20.4401,1.0,63500.0,3,24
642,2014-07-23,18.1427975938,18.1685131915,18.1294964225,18.1685131915,3700.0,20.46,0.0,20.489,20.445,20.489,1.0,3700.0,2,23
643,2014-07-22,18.230585324,18.230585324,18.230585324,18.230585324,0.0,20.559,0.0854,20.559,20.559,20.559,1.0,0.0,1,22
644,2014-07-21,18.1656791983,18.1656791983,18.1560536641,18.1560536641,3200.0,20.5709,0.0,20.5709,20.56,20.56,1.0,3200.0,0,21
645,2014-07-18,18.1472228987,18.2266997873,18.0412537139,18.0412537139,14300.0,20.55,0.0,20.64,20.43,20.43,1.0,14300.0,4,18
646,2014-07-17,18.0677460101,18.2266997873,18.0500844793,18.1648844295,63600.0,20.46,0.0,20.64,20.44,20.57,1.0,63600.0,3,17
647,2014-07-16,18.1564952023,18.2973459105,18.1559653564,18.1560536641,7500.0,20.5605,0.0,20.72,20.5599,20.56,1.0,7500.0,2,16
648,2014-07-15,18.1648844295,18.3591612683,18.1295613679,18.3591612683,27200.0,20.57,0.0,20.79,20.53,20.79,1.0,27200.0,1,15
649,2014-07-14,18.2002074911,18.2974342181,18.1030690717,18.1030690717,85400.0,20.61,0.0,20.7201,20.5,20.5,1.0,85400.0,0,14
650,2014-07-11,18.1738035025,18.2090382565,18.0765767755,18.1118115294,60200.0,20.5801,0.0,20.62,20.47,20.5099,1.0,60200.0,4,11
651,2014-07-10,18.2091265641,18.2266997873,18.0500844793,18.0500844793,103400.0,20.6201,0.0,20.64,20.44,20.44,1.0,103400.0,3,10
652,2014-07-09,18.2001191834,18.2179573295,18.1295613679,18.1472228987,95400.0,20.6099,0.0,20.6301,20.53,20.55,1.0,95400.0,2,09
653,2014-07-08,18.1913767257,18.1949090318,18.102980764,18.1030690717,99900.0,20.6,0.0,20.604,20.4999,20.5,1.0,99900.0,1,08
654,2014-07-07,18.3220720536,18.3238382067,18.2266114796,18.2443613181,12300.0,20.748,0.0,20.75,20.6399,20.66,1.0,12300.0,0,07
655,2014-07-03,18.3326689721,18.3326689721,18.2619345412,18.3062649835,29300.0,20.76,0.0,20.76,20.6799,20.7301,1.0,29300.0,3,03
656,2014-07-02,18.2355305527,18.2444496257,18.1913767257,18.2002074911,7800.0,20.65,0.0,20.6601,20.6,20.61,1.0,7800.0,2,02
657,2014-07-01,18.2090382565,18.2531920835,18.1030690717,18.1648844295,14200.0,20.62,0.0,20.67,20.5,20.57,1.0,14200.0,1,01
658,2014-06-30,18.2153964076,18.2356188603,18.1118115294,18.1207306025,8200.0,20.6272,0.0,20.6501,20.5099,20.52,1.0,8200.0,0,30
659,2014-06-27,18.0858490791,18.1560536641,18.0147614176,18.142807516,12600.0,20.4805,0.0,20.56,20.4,20.545,1.0,12600.0,4,27
660,2014-06-26,18.0942383063,18.1913767257,18.0411654062,18.0854075409,19700.0,20.49,0.0,20.6,20.4299,20.48,1.0,19700.0,3,26
661,2014-06-25,18.1560536641,18.1649727371,18.0412537139,18.0412537139,39700.0,20.56,0.0,20.5701,20.43,20.43,1.0,39700.0,2,25
662,2014-06-24,18.1295613679,18.2261699413,18.0676577024,18.2261699413,11200.0,20.53,0.0852,20.6394,20.4599,20.6394,1.0,11200.0,1,24
663,2014-06-23,18.2129310377,18.2217253067,18.0986055411,18.2041367687,17800.0,20.71,0.0,20.72,20.58,20.7,1.0,17800.0,0,23
664,2014-06-20,18.2832851895,18.2832851895,18.1693994063,18.1693994063,300.0,20.79,0.0,20.79,20.6605,20.6605,1.0,300.0,4,20
665,2014-06-19,18.1777539618,18.1777539618,18.1777539618,18.1777539618,0.0,20.67,0.0,20.67,20.67,20.67,1.0,0.0,3,19
666,2014-06-18,18.0194571204,18.0722227342,18.0106628514,18.0282513893,10700.0,20.49,0.0,20.55,20.48,20.5,1.0,10700.0,2,18
667,2014-06-17,17.9754857755,17.9754857755,17.9754857755,17.9754857755,0.0,20.44,0.0,20.44,20.44,20.44,1.0,0.0,1,17
668,2014-06-16,17.9754857755,18.1689596928,17.9666035638,18.1689596928,10200.0,20.44,0.0,20.66,20.4299,20.66,1.0,10200.0,0,16
669,2014-06-13,17.9763652024,18.0194571204,17.9743425205,17.9842800445,8700.0,20.441,0.0,20.49,20.4387,20.45,1.0,8700.0,4,13
670,2014-06-12,17.9684503603,18.0106628514,17.9051316237,17.9754857755,40300.0,20.432,0.0,20.48,20.36,20.44,1.0,40300.0,3,12
671,2014-06-11,18.0018685824,18.0370456583,17.9578092949,17.9930743134,56600.0,20.47,0.0,20.51,20.4199,20.46,1.0,56600.0,2,11
672,2014-06-10,18.0194571204,18.0634284652,17.9491029686,17.9491029686,37900.0,20.49,0.0,20.54,20.41,20.41,1.0,37900.0,1,10
673,2014-06-09,18.0018685824,18.0546341962,17.9842800445,18.0018685824,27300.0,20.47,0.0,20.53,20.45,20.47,1.0,27300.0,0,09
674,2014-06-06,18.0018685824,18.0194571204,17.9491029686,17.9754857755,38800.0,20.47,0.0,20.49,20.41,20.44,1.0,38800.0,4,06
675,2014-06-05,17.8875430858,17.9315144306,17.8699545479,17.8875430858,23100.0,20.34,0.0,20.39,20.32,20.34,1.0,23100.0,3,05
676,2014-06-04,17.8915005068,17.9051316237,17.8786608741,17.8875430858,5500.0,20.3445,0.0,20.36,20.3299,20.34,1.0,5500.0,2,04
677,2014-06-03,17.9139258927,17.9227201617,17.8523660099,17.8787488168,29500.0,20.37,0.0,20.38,20.3,20.33,1.0,29500.0,1,03
678,2014-06-02,17.9139258927,17.9227201617,17.8523660099,17.8611602789,40500.0,20.37,0.0,20.38,20.3,20.31,1.0,40500.0,0,02
679,2014-05-30,17.9051316237,17.9227201617,17.8176286475,17.8788367595,20700.0,20.36,0.0,20.38,20.2605,20.3301,1.0,20700.0,4,30
680,2014-05-29,17.8611602789,17.9139258927,17.8083946651,17.817188934,106700.0,20.31,0.0,20.37,20.25,20.26,1.0,106700.0,3,29
681,2014-05-28,17.834777472,17.8699545479,17.7732175892,17.8524539526,45700.0,20.28,0.0,20.32,20.21,20.3001,1.0,45700.0,2,28
682,2014-05-27,17.825983203,17.8435717409,17.7907181844,17.825983203,56900.0,20.27,0.0,20.29,20.2299,20.27,1.0,56900.0,1,27
683,2014-05-23,17.8523660099,17.8523660099,17.8523660099,17.8523660099,0.0,20.3,0.0,20.3,20.3,20.3,1.0,0.0,4,23
684,2014-05-22,17.6413035546,17.7116577064,17.6061264787,17.6061264787,22800.0,20.06,0.0,20.14,20.02,20.02,1.0,22800.0,3,22
685,2014-05-21,17.6149207477,17.6325092857,17.5709494029,17.5885379408,19800.0,20.03,0.083,20.05,19.98,20.0,1.0,19800.0,2,21
686,2014-05-20,17.5159555986,17.5334715542,17.498439643,17.5334715542,2300.0,20.0,0.0,20.02,19.98,20.02,1.0,2300.0,1,20
687,2014-05-19,17.5509875098,17.6122933544,17.542229532,17.5509875098,10400.0,20.04,0.0,20.11,20.03,20.04,1.0,10400.0,0,19
688,2014-05-16,17.542229532,17.550111712,17.4721657096,17.4721657096,5200.0,20.03,0.0,20.039,19.95,19.95,1.0,5200.0,4,16
689,2014-05-15,17.4634077318,17.586019421,17.454649754,17.5772614432,29300.0,19.94,0.0,20.08,19.93,20.07,1.0,29300.0,3,15
690,2014-05-14,17.6035353766,17.7349050436,17.6035353766,17.6473252656,7200.0,20.1,0.0,20.25,20.1,20.15,1.0,7200.0,2,14
691,2014-05-13,17.6673810347,17.7524209992,17.6473252656,17.6823571768,59800.0,20.1729,0.0,20.27,20.15,20.19,1.0,59800.0,1,13
692,2014-05-12,17.6473252656,17.717389088,17.6035353766,17.6035353766,183200.0,20.15,0.0,20.23,20.1,20.1,1.0,183200.0,0,12
693,2014-05-09,17.5247135764,17.6210513322,17.5247135764,17.5685034654,148000.0,20.01,0.0,20.12,20.01,20.06,1.0,148000.0,4,09
694,2014-05-08,17.5597454876,17.6998731324,17.5597454876,17.5685034654,22600.0,20.05,0.0,20.21,20.05,20.06,1.0,22600.0,3,08
695,2014-05-07,17.5509875098,17.6429462767,17.5071976208,17.5247135764,51700.0,20.04,0.0,20.145,19.99,20.01,1.0,51700.0,2,07
696,2014-05-06,17.5334715542,17.6210513322,17.5334715542,17.6210513322,1300.0,20.02,0.0,20.12,20.02,20.12,1.0,1300.0,1,06
697,2014-05-05,17.6035353766,17.6912027343,17.5509875098,17.5597454876,26300.0,20.1,0.0,20.2001,20.04,20.05,1.0,26300.0,0,05
698,2014-05-02,17.6648412212,17.7261470658,17.62980931,17.6911151546,3400.0,20.17,0.0,20.24,20.13,20.2,1.0,3400.0,4,02
699,2014-05-01,17.6560832434,17.7349050436,17.5772614432,17.6911151546,30300.0,20.16,0.0,20.25,20.07,20.2,1.0,30300.0,3,01
700,2014-04-30,17.6385672878,17.6385672878,17.6385672878,17.6385672878,0.0,20.14,0.0,20.14,20.14,20.14,1.0,0.0,2,30
701,2014-04-29,17.6385672878,17.7086311102,17.6122933544,17.6210513322,1800.0,20.14,0.0,20.22,20.11,20.12,1.0,1800.0,1,29
702,2014-04-28,17.62980931,17.673599199,17.4458917762,17.5159555986,20600.0,20.13,0.0,20.18,19.92,20.0,1.0,20600.0,0,28
703,2014-04-25,17.5159555986,17.5947773988,17.4896816652,17.5772614432,22600.0,20.0,0.0,20.09,19.97,20.07,1.0,22600.0,4,25
704,2014-04-24,17.6473252656,17.6473252656,17.6473252656,17.6473252656,0.0,20.15,0.0,20.15,20.15,20.15,1.0,0.0,3,24
705,2014-04-23,17.6473252656,17.6473252656,17.6473252656,17.6473252656,200.0,20.15,0.0,20.15,20.15,20.15,1.0,200.0,2,23
706,2014-04-22,17.7436630214,17.7436630214,17.7436630214,17.7436630214,300.0,20.26,0.014,20.26,20.26,20.26,1.0,300.0,1,22
707,2014-04-21,17.6526429486,17.6526429486,17.565123648,17.6438910186,1800.0,20.17,0.0,20.17,20.07,20.16,1.0,1800.0,0,21
708,2014-04-17,17.4951082074,17.4951082074,17.4951082074,17.4951082074,0.0,19.99,0.0,19.99,19.99,19.99,1.0,0.0,3,17
709,2014-04-16,17.4951082074,17.5476197878,17.4951082074,17.5038601375,1600.0,19.99,0.0,20.05,19.99,20.0,1.0,1600.0,2,16
710,2014-04-15,17.4951082074,17.4951082074,17.4951082074,17.4951082074,300.0,19.99,0.0,19.99,19.99,19.99,1.0,300.0,1,15
711,2014-04-14,17.2675580256,17.2675580256,17.2675580256,17.2675580256,0.0,19.73,0.0,19.73,19.73,19.73,1.0,0.0,0,14
712,2014-04-11,17.2675580256,17.3288215361,17.2623943869,17.3288215361,1000.0,19.73,0.0,19.8,19.7241,19.8,1.0,1000.0,4,11
713,2014-04-10,17.3900850466,17.4864437966,17.3900850466,17.4864437966,1100.0,19.87,0.0,19.9801,19.87,19.9801,1.0,1100.0,3,10
714,2014-04-09,17.4338446969,17.4338446969,17.4338446969,17.4338446969,100.0,19.92,0.0,19.92,19.92,19.92,1.0,100.0,2,09
715,2014-04-08,17.442596627,17.442596627,17.442596627,17.442596627,600.0,19.93,0.0,19.93,19.93,19.93,1.0,600.0,1,08
716,2014-04-07,17.3900850466,17.4163408368,17.3900850466,17.4163408368,1400.0,19.87,0.0,19.9,19.87,19.9,1.0,1400.0,0,07
717,2014-04-04,17.5301159277,17.6263871584,17.5301159277,17.6263871584,400.0,20.03,0.0,20.14,20.03,20.14,1.0,400.0,4,04
718,2014-04-03,17.6176352284,17.6176352284,17.6176352284,17.6176352284,200.0,20.13,0.0,20.13,20.13,20.13,1.0,200.0,3,03
719,2014-04-02,17.5563717179,17.5563717179,17.5563717179,17.5563717179,0.0,20.06,0.0,20.06,20.06,20.06,1.0,0.0,2,02
720,2014-04-01,17.5388678578,17.5476197878,17.5388678578,17.5476197878,300.0,20.04,0.0,20.05,20.04,20.05,1.0,300.0,1,01
721,2014-03-31,17.5387803385,17.5388678578,17.4974712285,17.5212764783,3100.0,20.0399,0.0,20.04,19.9927,20.0199,1.0,3100.0,0,31
722,2014-03-28,17.3899975273,17.4425091077,17.3899975273,17.4425091077,1900.0,19.8699,0.0,19.9299,19.8699,19.9299,1.0,1900.0,4,28
723,2014-03-27,17.4338446969,17.4338446969,17.4338446969,17.4338446969,0.0,19.92,0.0,19.92,19.92,19.92,1.0,0.0,3,27
724,2014-03-26,17.4338446969,17.4776043473,17.4164283561,17.4776043473,2600.0,19.92,0.0,19.97,19.9001,19.97,1.0,2600.0,2,26
725,2014-03-25,17.4338446969,17.4338446969,17.4338446969,17.4338446969,400.0,19.92,0.0593,19.92,19.92,19.92,1.0,400.0,1,25
726,2014-03-24,17.3122921617,17.3384700229,17.3122921617,17.3384700229,2000.0,19.84,0.0,19.87,19.84,19.87,1.0,2000.0,0,24
727,2014-03-21,17.4082776526,17.4082776526,17.4082776526,17.4082776526,0.0,19.95,0.0,19.95,19.95,19.95,1.0,0.0,4,21
728,2014-03-20,17.4082776526,17.4082776526,17.3268645044,17.3268645044,1900.0,19.95,0.0,19.95,19.8567,19.8567,1.0,1900.0,3,20
729,2014-03-19,17.4207557664,17.4207557664,17.4207557664,17.4207557664,0.0,19.9643,0.0,19.9643,19.9643,19.9643,1.0,0.0,2,19
730,2014-03-18,17.4207557664,17.4431814674,17.3733738377,17.42572956,3600.0,19.9643,0.0,19.99,19.91,19.97,1.0,3600.0,1,18
731,2014-03-17,17.3471959766,17.3559219303,17.2948402543,17.3559219303,1100.0,19.88,0.0,19.89,19.82,19.89,1.0,1100.0,0,17
732,2014-03-14,17.2512104858,17.2512104858,17.2512104858,17.2512104858,0.0,19.77,0.0,19.77,19.77,19.77,1.0,0.0,4,14
733,2014-03-13,17.2512104858,17.3471959766,17.2512104858,17.3471959766,3600.0,19.77,0.0,19.88,19.77,19.88,1.0,3600.0,3,13
734,2014-03-12,17.3471959766,17.3471959766,17.3384700229,17.3384700229,2900.0,19.88,0.0,19.88,19.87,19.87,1.0,2900.0,2,12
735,2014-03-11,17.3384700229,17.3384700229,17.3383827633,17.3383827633,3100.0,19.87,0.0,19.87,19.8699,19.8699,1.0,3100.0,1,11
736,2014-03-10,17.3672656701,17.4082776526,17.3672656701,17.4082776526,1800.0,19.903,0.0,19.95,19.903,19.95,1.0,1800.0,0,10
737,2014-03-07,17.3582779378,17.3847175775,17.3582779378,17.3847175775,1400.0,19.8927,0.0,19.923,19.8927,19.923,1.0,1400.0,4,07
738,2014-03-06,17.3995516988,17.408190393,17.3994644393,17.3994644393,1800.0,19.94,0.0,19.9499,19.9399,19.9399,1.0,1800.0,3,06
739,2014-03-05,17.3732865782,17.3733738377,17.364647884,17.3733738377,10000.0,19.9099,0.0,19.91,19.9,19.91,1.0,10000.0,2,05
740,2014-03-04,17.408190393,17.4082776526,17.3907384856,17.3907384856,1700.0,19.9499,0.0,19.95,19.9299,19.9299,1.0,1700.0,1,04
741,2014-03-03,17.2075807172,17.2250326246,17.1901288098,17.198942023,8100.0,19.72,0.0,19.74,19.7,19.7101,1.0,8100.0,0,03
742,2014-02-28,17.3558346708,17.3559219303,17.3558346708,17.3559219303,1500.0,19.8899,0.0,19.89,19.8899,19.89,1.0,1500.0,4,28
743,2014-02-27,17.2075807172,17.2075807172,17.2075807172,17.2075807172,400.0,19.72,0.0,19.72,19.72,19.72,1.0,400.0,3,27
744,2014-02-26,17.1901288098,17.1901288098,17.1901288098,17.1901288098,600.0,19.7,0.0,19.7,19.7,19.7,1.0,600.0,2,26
745,2014-02-25,17.1725896428,17.1901288098,17.1725896428,17.1901288098,2500.0,19.6799,0.0,19.7,19.6799,19.7,1.0,2500.0,1,25
746,2014-02-24,17.1814028561,17.2163066709,17.1814028561,17.1901288098,3200.0,19.69,0.0,19.73,19.69,19.7,1.0,3200.0,0,24
747,2014-02-21,17.1229389662,17.1639509487,17.1229389662,17.1639509487,900.0,19.623,0.065,19.67,19.623,19.67,1.0,900.0,4,21
748,2014-02-20,17.0464040907,17.0464040907,17.0464040907,17.0464040907,0.0,19.6,0.0,19.6,19.6,19.6,1.0,0.0,3,20
749,2014-02-19,17.0490132342,17.0811926705,17.0411858037,17.0811926705,3300.0,19.603,0.0,19.64,19.594,19.64,1.0,3300.0,2,19
750,2014-02-18,17.1246783952,17.1333755402,17.1125023923,17.1333755402,4800.0,19.69,0.0,19.7,19.676,19.7,1.0,4800.0,1,18
751,2014-02-14,17.1332885687,17.1333755402,17.1072841053,17.1072841053,1200.0,19.6999,0.0,19.7,19.67,19.67,1.0,1200.0,4,14
752,2014-02-13,16.9720435014,17.0116155109,16.9720435014,17.002918366,800.0,19.5145,0.0,19.56,19.5145,19.55,1.0,800.0,3,13
753,2014-02-12,16.9681297862,16.9768269312,16.9594326413,16.9767399597,1600.0,19.51,0.0,19.52,19.5,19.5199,1.0,1600.0,2,12
754,2014-02-11,16.837672612,16.837672612,16.837672612,16.837672612,0.0,19.36,0.0,19.36,19.36,19.36,1.0,0.0,1,11
755,2014-02-10,16.8375856406,16.8375856406,16.8375856406,16.8375856406,500.0,19.3599,0.0,19.3599,19.3599,19.3599,1.0,500.0,0,10
756,2014-02-07,16.7933171728,16.7933171728,16.770704596,16.770704596,3000.0,19.309,0.0,19.309,19.283,19.283,1.0,3000.0,4,07
757,2014-02-06,16.533272539,16.533272539,16.533272539,16.533272539,0.0,19.01,0.0,19.01,19.01,19.01,1.0,0.0,3,06
758,2014-02-05,16.533272539,16.5593639738,16.533272539,16.5419696839,1500.0,19.01,0.0,19.04,19.01,19.02,1.0,1500.0,2,05
759,2014-02-04,16.5680611188,16.5680611188,16.5680611188,16.5680611188,0.0,19.05,0.0,19.05,19.05,19.05,1.0,0.0,1,04
760,2014-02-03,16.5680611188,16.7246097278,16.5680611188,16.7246097278,6100.0,19.05,0.0,19.23,19.05,19.23,1.0,6100.0,0,03
761,2014-01-31,16.8114942058,16.8114942058,16.8114942058,16.8114942058,100.0,19.3299,0.0,19.3299,19.3299,19.3299,1.0,100.0,4,31
762,2014-01-30,16.9507354963,16.9507354963,16.9507354963,16.9507354963,200.0,19.49,0.0,19.49,19.49,19.49,1.0,200.0,3,30
763,2014-01-29,16.8550669019,16.9333412064,16.8550669019,16.933254235,800.0,19.38,0.0,19.47,19.38,19.4699,1.0,800.0,2,29
764,2014-01-28,16.997700079,16.997700079,16.997700079,16.997700079,1000.0,19.544,0.0,19.544,19.544,19.544,1.0,1000.0,1,28
765,2014-01-27,16.994221221,16.994221221,16.994221221,16.994221221,600.0,19.54,0.0,19.54,19.54,19.54,1.0,600.0,0,27
766,2014-01-24,17.1420726851,17.1420726851,17.1419857136,17.1419857136,500.0,19.71,0.0,19.71,19.7099,19.7099,1.0,500.0,4,24
767,2014-01-23,17.307318439,17.307318439,17.307318439,17.307318439,1000.0,19.9,0.0,19.9,19.9,19.9,1.0,1000.0,3,23
768,2014-01-22,17.4464727581,17.4464727581,17.4290784683,17.4290784683,1200.0,20.06,0.0,20.06,20.04,20.04,1.0,1200.0,2,22
769,2014-01-21,17.3681984536,17.3681984536,17.3681984536,17.3681984536,0.0,19.97,0.0,19.97,19.97,19.97,1.0,0.0,1,21
770,2014-01-17,17.3681984536,17.472564193,17.3681984536,17.472564193,2400.0,19.97,0.0,20.09,19.97,20.09,1.0,2400.0,4,17
771,2014-01-16,17.4551699031,17.4551699031,17.4551699031,17.4551699031,0.0,20.07,0.0,20.07,20.07,20.07,1.0,0.0,3,16
772,2014-01-15,17.4377756132,17.4464727581,17.4376886418,17.4464727581,1500.0,20.05,0.0,20.06,20.0499,20.06,1.0,1500.0,2,15
773,2014-01-14,17.3334098739,17.3334098739,17.3334098739,17.3334098739,0.0,19.93,0.0,19.93,19.93,19.93,1.0,0.0,1,14
774,2014-01-13,17.3334098739,17.3942898885,17.3334098739,17.3942898885,1100.0,19.93,0.0,20.0,19.93,20.0,1.0,1100.0,0,13
775,2014-01-10,17.3768955986,17.3768955986,17.3768955986,17.3768955986,0.0,19.98,0.0,19.98,19.98,19.98,1.0,0.0,4,10
776,2014-01-09,17.3768955986,17.3768955986,17.3768955986,17.3768955986,0.0,19.98,0.0,19.98,19.98,19.98,1.0,0.0,3,09
777,2014-01-08,17.3803744566,17.3803744566,17.3803744566,17.3803744566,300.0,19.984,0.0,19.984,19.984,19.984,1.0,300.0,2,08
778,2014-01-07,17.4377756132,17.4377756132,17.4377756132,17.4377756132,400.0,20.05,0.0,20.05,20.05,20.05,1.0,400.0,1,07
