,Unnamed: 0,adj_close,adj_high,adj_low,adj_open,adj_volume,close,ex_dividend,high,low,open,split_ratio,volume,Day of Week,Day
0,2017-02-10,25.75,25.77,25.7,25.701,900.0,25.75,0.0,25.77,25.7,25.701,1.0,900.0,4,10
1,2017-02-09,25.7799,25.8,25.66,25.8,1640.0,25.7799,0.0,25.8,25.66,25.8,1.0,1640.0,3,09
2,2017-02-08,25.76,25.76,25.5622,25.5622,2120.0,25.76,0.0,25.76,25.5622,25.5622,1.0,2120.0,2,08
3,2017-02-07,25.68,25.8,25.49,25.54,3213.0,25.68,0.0,25.8,25.49,25.54,1.0,3213.0,1,07
4,2017-02-06,25.54,25.59,25.47,25.59,4094.0,25.54,0.0,25.59,25.47,25.59,1.0,4094.0,0,06
5,2017-02-03,25.505,25.54,25.45,25.54,12600.0,25.505,0.0,25.54,25.45,25.54,1.0,12600.0,4,03
6,2017-02-02,25.53,25.54,25.38,25.49,6491.0,25.53,0.0,25.54,25.38,25.49,1.0,6491.0,3,02
7,2017-02-01,25.51,25.52,25.47,25.52,4683.0,25.51,0.0,25.52,25.47,25.52,1.0,4683.0,2,01
8,2017-01-31,25.498,25.5,25.4,25.45,5178.0,25.498,0.0,25.5,25.4,25.45,1.0,5178.0,1,31
9,2017-01-30,25.45,25.6188,25.4,25.4,31665.0,25.45,0.0,25.6188,25.4,25.4,1.0,31665.0,0,30
10,2017-01-27,25.38,25.38,25.3,25.3,4561.0,25.38,0.0,25.38,25.3,25.3,1.0,4561.0,4,27
11,2017-01-26,25.2,25.5,25.16,25.41,18683.0,25.2,0.0,25.5,25.16,25.41,1.0,18683.0,3,26
12,2017-01-25,25.4097,25.41,25.34,25.4,8159.0,25.4097,0.0,25.41,25.34,25.4,1.0,8159.0,2,25
13,2017-01-24,25.4,25.4,25.28,25.35,3704.0,25.4,0.0,25.4,25.28,25.35,1.0,3704.0,1,24
14,2017-01-23,25.3847,25.3847,25.3,25.3,705.0,25.3847,0.0,25.3847,25.3,25.3,1.0,705.0,0,23
15,2017-01-20,25.2252,25.2252,25.2252,25.2252,359.0,25.2252,0.0,25.2252,25.2252,25.2252,1.0,359.0,4,20
16,2017-01-19,25.3,25.37,25.209,25.25,4603.0,25.3,0.0,25.37,25.209,25.25,1.0,4603.0,3,19
17,2017-01-18,25.3,25.3,25.3,25.3,705.0,25.3,0.0,25.3,25.3,25.3,1.0,705.0,2,18
18,2017-01-17,25.42,25.42,25.25,25.3019,6485.0,25.42,0.0,25.42,25.25,25.3019,1.0,6485.0,1,17
19,2017-01-13,25.4299,25.43,25.4,25.43,1239.0,25.4299,0.0,25.43,25.4,25.43,1.0,1239.0,4,13
20,2017-01-12,25.4,25.43,25.4,25.43,900.0,25.4,0.0,25.43,25.4,25.43,1.0,900.0,3,12
21,2017-01-11,25.48,25.48,25.2,25.25,1805.0,25.48,0.0,25.48,25.2,25.25,1.0,1805.0,2,11
22,2017-01-10,25.26,25.26,25.25,25.25,225.0,25.26,0.0,25.26,25.25,25.25,1.0,225.0,1,10
23,2017-01-09,25.4499,25.48,25.35,25.4422,4600.0,25.4499,0.0,25.48,25.35,25.4422,1.0,4600.0,0,09
24,2017-01-06,25.3092,25.36,25.245,25.36,990.0,25.3092,0.0,25.36,25.245,25.36,1.0,990.0,4,06
25,2017-01-05,25.2969,25.3009,25.2628,25.2628,818.0,25.2969,0.0,25.3009,25.2628,25.2628,1.0,818.0,3,05
26,2017-01-04,25.3163,25.44,25.2,25.42,2535.0,25.3163,0.0,25.44,25.2,25.42,1.0,2535.0,2,04
27,2017-01-03,25.32,25.4176,25.25,25.25,3682.0,25.32,0.0,25.4176,25.25,25.25,1.0,3682.0,1,03
28,2016-12-30,25.308,25.317,25.1,25.1,3922.0,25.308,0.0,25.317,25.1,25.1,1.0,3922.0,4,30
29,2016-12-28,25.15,25.15,25.15,25.15,320.0,25.15,0.0,25.15,25.15,25.15,1.0,320.0,2,28
30,2016-12-27,25.05,25.051,25.05,25.051,800.0,25.05,0.0,25.051,25.05,25.051,1.0,800.0,1,27
31,2016-12-23,25.14,25.14,25.05,25.05,4225.0,25.14,0.0,25.14,25.05,25.05,1.0,4225.0,4,23
32,2016-12-22,25.084,25.084,25.071,25.071,501.0,25.084,0.0,25.084,25.071,25.071,1.0,501.0,3,22
33,2016-12-21,25.05,25.15,25.05,25.15,4286.0,25.05,0.0,25.15,25.05,25.15,1.0,4286.0,2,21
34,2016-12-20,25.4,25.4,25.15,25.165,1925.0,25.4,0.0,25.4,25.15,25.165,1.0,1925.0,1,20
35,2016-12-19,25.1,25.15,25.07,25.15,5175.0,25.1,0.0,25.15,25.07,25.15,1.0,5175.0,0,19
36,2016-12-16,25.11,25.15,25.1,25.15,2632.0,25.11,0.0,25.15,25.1,25.15,1.0,2632.0,4,16
37,2016-12-15,25.35,25.35,25.35,25.35,594.0,25.35,0.0,25.35,25.35,25.35,1.0,594.0,3,15
38,2016-12-14,25.15,25.21,25.1,25.21,2098.0,25.15,0.0,25.21,25.1,25.21,1.0,2098.0,2,14
39,2016-12-13,25.4589,25.4589,25.18,25.25,1425.0,25.4589,0.0,25.4589,25.18,25.25,1.0,1425.0,1,13
40,2016-12-12,25.3,25.436,25.19,25.19,900.0,25.3,0.0,25.436,25.19,25.19,1.0,900.0,0,12
41,2016-12-09,25.1739,25.55,25.0501,25.55,1550.0,25.1739,0.0,25.55,25.0501,25.55,1.0,1550.0,4,09
42,2016-12-08,25.1,25.4,25.1,25.3299,5637.0,25.1,0.0,25.4,25.1,25.3299,1.0,5637.0,3,08
43,2016-12-07,25.04,25.1886,25.04,25.11,4625.0,25.04,0.0,25.1886,25.04,25.11,1.0,4625.0,2,07
44,2016-12-06,25.11,25.2,25.1097,25.1251,3785.0,25.11,0.0,25.2,25.1097,25.1251,1.0,3785.0,1,06
45,2016-12-05,25.1,25.22,25.1,25.22,2400.0,25.1,0.0,25.22,25.1,25.22,1.0,2400.0,0,05
46,2016-12-02,25.2136,25.2136,25.18,25.18,203.0,25.2136,0.0,25.2136,25.18,25.18,1.0,203.0,4,02
47,2016-12-01,25.1206,25.2885,25.03,25.1804,5804.0,25.1206,0.0,25.2885,25.03,25.1804,1.0,5804.0,3,01
48,2016-11-30,25.0701,25.3999,25.04,25.2,6498.0,25.0701,0.0,25.3999,25.04,25.2,1.0,6498.0,2,30
49,2016-11-29,25.1951,25.3521,25.17,25.3521,6880.0,25.1951,0.0,25.3521,25.17,25.3521,1.0,6880.0,1,29
50,2016-11-28,25.456,25.456,25.0999,25.1,4400.0,25.456,0.0,25.456,25.0999,25.1,1.0,4400.0,0,28
51,2016-11-25,25.27,25.27,25.27,25.27,0.0,25.27,0.0,25.27,25.27,25.27,1.0,0.0,4,25
52,2016-11-23,25.27,25.275,25.0,25.0,6717.0,25.27,0.0,25.275,25.0,25.0,1.0,6717.0,2,23
53,2016-11-22,25.03,25.15,25.0,25.0501,13150.0,25.03,0.0,25.15,25.0,25.0501,1.0,13150.0,1,22
54,2016-11-21,25.03,25.25,25.03,25.2185,9107.0,25.03,0.0,25.25,25.03,25.2185,1.0,9107.0,0,21
55,2016-11-18,25.1477,25.1477,25.0994,25.1083,4743.0,25.1477,0.0,25.1477,25.0994,25.1083,1.0,4743.0,4,18
56,2016-11-17,25.4,25.4,25.05,25.05,757.0,25.4,0.0,25.4,25.05,25.05,1.0,757.0,3,17
57,2016-11-16,25.158,25.25,25.0,25.25,28446.0,25.158,0.0,25.25,25.0,25.25,1.0,28446.0,2,16
58,2016-11-15,25.325,25.325,25.2501,25.305,1740.0,25.325,0.0,25.325,25.2501,25.305,1.0,1740.0,1,15
59,2016-11-14,25.65,25.65,25.1984,25.64,10570.0,25.65,0.0,25.65,25.1984,25.64,1.0,10570.0,0,14
60,2016-11-11,25.4633,25.5,25.0,25.2,4474.0,25.4633,0.0,25.5,25.0,25.2,1.0,4474.0,4,11
61,2016-11-10,25.2378,25.65,25.2,25.28,6695.0,25.2378,0.0,25.65,25.2,25.28,1.0,6695.0,3,10
62,2016-11-09,25.32,25.5,25.25,25.25,12430.0,25.32,0.0,25.5,25.25,25.25,1.0,12430.0,2,09
63,2016-11-08,25.4499,25.4499,25.33,25.4499,10715.0,25.4499,0.0,25.4499,25.33,25.4499,1.0,10715.0,1,08
64,2016-11-07,25.33,25.4099,25.23,25.231,16352.0,25.33,0.0,25.4099,25.23,25.231,1.0,16352.0,0,07
65,2016-11-04,25.2852,25.35,25.2,25.25,24332.0,25.2852,0.0,25.35,25.2,25.25,1.0,24332.0,4,04
66,2016-11-03,25.35,25.3813,25.3,25.3813,2009.0,25.35,0.0,25.3813,25.3,25.3813,1.0,2009.0,3,03
67,2016-11-02,25.27,25.3916,25.27,25.385,4577.0,25.27,0.0,25.3916,25.27,25.385,1.0,4577.0,2,02
68,2016-11-01,25.4642,25.4642,25.453,25.4583,1344.0,25.4642,0.0,25.4642,25.453,25.4583,1.0,1344.0,1,01
69,2016-10-31,25.325,25.46,25.23,25.24,4842.0,25.325,0.0,25.46,25.23,25.24,1.0,4842.0,0,31
70,2016-10-28,25.2301,25.52,25.2252,25.2252,2455.0,25.2301,0.0,25.52,25.2252,25.2252,1.0,2455.0,4,28
71,2016-10-27,25.262,25.45,25.2201,25.4468,4461.0,25.262,0.0,25.45,25.2201,25.4468,1.0,4461.0,3,27
72,2016-10-26,25.25,25.45,25.18,25.45,12685.0,25.25,0.0,25.45,25.18,25.45,1.0,12685.0,2,26
73,2016-10-25,25.4,25.4899,25.4,25.45,2240.0,25.4,0.0,25.4899,25.4,25.45,1.0,2240.0,1,25
74,2016-10-24,25.31,25.3253,25.25,25.3,1905.0,25.31,0.0,25.3253,25.25,25.3,1.0,1905.0,0,24
75,2016-10-21,25.4,25.47,25.2501,25.45,2990.0,25.4,0.0,25.47,25.2501,25.45,1.0,2990.0,4,21
76,2016-10-20,25.315,25.37,25.2201,25.3,4421.0,25.315,0.0,25.37,25.2201,25.3,1.0,4421.0,3,20
77,2016-10-19,25.38,25.49,25.14,25.342,13023.0,25.38,0.0,25.49,25.14,25.342,1.0,13023.0,2,19
78,2016-10-18,25.36,25.47,25.26,25.47,6674.0,25.36,0.0,25.47,25.26,25.47,1.0,6674.0,1,18
79,2016-10-17,25.3914,25.45,25.3914,25.45,1425.0,25.3914,0.0,25.45,25.3914,25.45,1.0,1425.0,0,17
80,2016-10-14,25.397,25.49,25.3538,25.3538,2861.0,25.397,0.0,25.49,25.3538,25.3538,1.0,2861.0,4,14
81,2016-10-13,25.28,25.3776,25.25,25.3,19506.0,25.28,0.0,25.3776,25.25,25.3,1.0,19506.0,3,13
82,2016-10-12,25.26,25.41,25.25,25.41,9105.0,25.26,0.0,25.41,25.25,25.41,1.0,9105.0,2,12
83,2016-10-11,25.4,25.5,25.4,25.45,6345.0,25.4,0.0,25.5,25.4,25.45,1.0,6345.0,1,11
84,2016-10-10,25.6,25.64,25.401,25.45,3370.0,25.6,0.0,25.64,25.401,25.45,1.0,3370.0,0,10
85,2016-10-07,25.502,25.6299,25.32,25.5,23479.0,25.502,0.0,25.6299,25.32,25.5,1.0,23479.0,4,07
86,2016-10-06,25.41,25.68,25.4,25.6673,27570.0,25.41,0.0,25.68,25.4,25.6673,1.0,27570.0,3,06
87,2016-10-05,25.4,25.69,25.335,25.6497,16226.0,25.4,0.0,25.69,25.335,25.6497,1.0,16226.0,2,05
88,2016-10-04,25.56,25.8,25.32,25.55,37721.0,25.56,0.0,25.8,25.32,25.55,1.0,37721.0,1,04
89,2016-10-03,25.49,25.59,25.33,25.5199,9732.0,25.49,0.0,25.59,25.33,25.5199,1.0,9732.0,0,03
90,2016-09-30,25.42,25.5099,25.3,25.5099,18780.0,25.42,0.0,25.5099,25.3,25.5099,1.0,18780.0,4,30
91,2016-09-29,25.4,25.49,25.06,25.49,38345.0,25.4,0.0,25.49,25.06,25.49,1.0,38345.0,3,29
92,2016-09-28,25.43,25.43,25.3284,25.3284,28545.0,25.43,0.0,25.43,25.3284,25.3284,1.0,28545.0,2,28
93,2016-09-27,25.26,25.37,25.25,25.3076,73468.0,25.26,0.0,25.37,25.25,25.3076,1.0,73468.0,1,27
