,Unnamed: 0,adj_close,adj_high,adj_low,adj_open,adj_volume,close,ex_dividend,high,low,open,split_ratio,volume,Day of Week,Day
0,2017-02-10,4.6,4.6,4.55,4.6,387731.0,4.6,0.0,4.6,4.55,4.6,1.0,387731.0,4,10
1,2017-02-09,4.6,4.6,4.45,4.45,779911.0,4.6,0.0,4.6,4.45,4.45,1.0,779911.0,3,09
2,2017-02-08,4.45,4.45,4.35,4.35,308573.0,4.45,0.0,4.45,4.35,4.35,1.0,308573.0,2,08
3,2017-02-07,4.4,4.5,4.35,4.4,405519.0,4.4,0.0,4.5,4.35,4.4,1.0,405519.0,1,07
4,2017-02-06,4.4,4.45,4.35,4.4,392378.0,4.4,0.0,4.45,4.35,4.4,1.0,392378.0,0,06
5,2017-02-03,4.45,4.45,4.3,4.35,471808.0,4.45,0.0,4.45,4.3,4.35,1.0,471808.0,4,03
6,2017-02-02,4.5,4.6,4.45,4.45,495388.0,4.5,0.0,4.6,4.45,4.45,1.0,495388.0,3,02
7,2017-02-01,4.45,4.5,4.3,4.4,513419.0,4.45,0.0,4.5,4.3,4.4,1.0,513419.0,2,01
8,2017-01-31,4.4,4.4477,4.3,4.35,442630.0,4.4,0.0,4.4477,4.3,4.35,1.0,442630.0,1,31
9,2017-01-30,4.35,4.45,4.35,4.45,464252.0,4.35,0.0,4.45,4.35,4.45,1.0,464252.0,0,30
10,2017-01-27,4.45,4.5,4.4,4.45,545355.0,4.45,0.0,4.5,4.4,4.45,1.0,545355.0,4,27
11,2017-01-26,4.45,4.5,4.45,4.5,622023.0,4.45,0.0,4.5,4.45,4.5,1.0,622023.0,3,26
12,2017-01-25,4.5,4.55,4.425,4.5,1915765.0,4.5,0.0,4.55,4.425,4.5,1.0,1915765.0,2,25
13,2017-01-24,4.5,4.5,4.3,4.4,883023.0,4.5,0.0,4.5,4.3,4.4,1.0,883023.0,1,24
14,2017-01-23,4.4,4.45,4.1239,4.25,10469120.0,4.4,0.0,4.45,4.1239,4.25,1.0,10469120.0,0,23
15,2017-01-20,4.0,4.1,3.95,4.1,652279.0,4.0,0.0,4.1,3.95,4.1,1.0,652279.0,4,20
16,2017-01-19,4.1,4.15,4.0,4.05,984996.0,4.1,0.0,4.15,4.0,4.05,1.0,984996.0,3,19
17,2017-01-18,4.05,4.15,3.95,4.05,405397.0,4.05,0.0,4.15,3.95,4.05,1.0,405397.0,2,18
18,2017-01-17,4.05,4.2,3.95,4.1,432698.0,4.05,0.0,4.2,3.95,4.1,1.0,432698.0,1,17
19,2017-01-13,4.15,4.25,4.1,4.2,425955.0,4.15,0.0,4.25,4.1,4.2,1.0,425955.0,4,13
20,2017-01-12,4.2,4.25,4.1,4.15,879865.0,4.2,0.0,4.25,4.1,4.15,1.0,879865.0,3,12
21,2017-01-11,4.15,4.3,3.95,4.3,1376356.0,4.15,0.0,4.3,3.95,4.3,1.0,1376356.0,2,11
22,2017-01-10,4.35,4.4,4.195,4.2,927130.0,4.35,0.0,4.4,4.195,4.2,1.0,927130.0,1,10
23,2017-01-09,4.2,4.25,3.95,4.0,700676.0,4.2,0.0,4.25,3.95,4.0,1.0,700676.0,0,09
24,2017-01-06,4.0,4.05,3.95,3.95,313947.0,4.0,0.0,4.05,3.95,3.95,1.0,313947.0,4,06
25,2017-01-05,3.95,4.0,3.9,4.0,330149.0,3.95,0.0,4.0,3.9,4.0,1.0,330149.0,3,05
26,2017-01-04,4.0,4.05,3.95,4.05,314465.0,4.0,0.0,4.05,3.95,4.05,1.0,314465.0,2,04
27,2017-01-03,4.0,4.05,3.95,4.0,319809.0,4.0,0.0,4.05,3.95,4.0,1.0,319809.0,1,03
28,2016-12-30,3.95,4.025,3.95,3.95,294922.0,3.95,0.0,4.025,3.95,3.95,1.0,294922.0,4,30
29,2016-12-29,4.0,4.025,3.9,4.0,464913.0,4.0,0.0,4.025,3.9,4.0,1.0,464913.0,3,29
30,2016-12-28,3.95,4.075,3.95,4.05,613277.0,3.95,0.0,4.075,3.95,4.05,1.0,613277.0,2,28
31,2016-12-27,3.95,4.0,3.8,3.85,555779.0,3.95,0.0,4.0,3.8,3.85,1.0,555779.0,1,27
32,2016-12-23,3.9,3.95,3.8,3.95,529632.0,3.9,0.0,3.95,3.8,3.95,1.0,529632.0,4,23
33,2016-12-22,3.9,4.0,3.85,3.95,704693.0,3.9,0.0,4.0,3.85,3.95,1.0,704693.0,3,22
34,2016-12-21,3.95,4.0,3.9,3.9,528730.0,3.95,0.0,4.0,3.9,3.9,1.0,528730.0,2,21
35,2016-12-20,3.85,4.0,3.85,4.0,820178.0,3.85,0.0,4.0,3.85,4.0,1.0,820178.0,1,20
36,2016-12-19,4.0,4.05,3.55,3.6,1057136.0,4.0,0.0,4.05,3.55,3.6,1.0,1057136.0,0,19
37,2016-12-16,3.55,3.8,3.4,3.6,5963540.0,3.55,0.0,3.8,3.4,3.6,1.0,5963540.0,4,16
38,2016-12-15,3.6,3.65,3.4,3.5,794193.0,3.6,0.0,3.65,3.4,3.5,1.0,794193.0,3,15
39,2016-12-14,3.5,3.65,3.45,3.65,617556.0,3.5,0.0,3.65,3.45,3.65,1.0,617556.0,2,14
40,2016-12-13,3.65,3.75,3.6,3.75,512964.0,3.65,0.0,3.75,3.6,3.75,1.0,512964.0,1,13
41,2016-12-12,3.75,3.95,3.75,3.9,490226.0,3.75,0.0,3.95,3.75,3.9,1.0,490226.0,0,12
42,2016-12-09,3.9,3.95,3.825,3.95,756234.0,3.9,0.0,3.95,3.825,3.95,1.0,756234.0,4,09
43,2016-12-08,3.9,4.0,3.775,4.0,646013.0,3.9,0.0,4.0,3.775,4.0,1.0,646013.0,3,08
44,2016-12-07,3.95,4.05,3.75,3.75,1413724.0,3.95,0.0,4.05,3.75,3.75,1.0,1413724.0,2,07
45,2016-12-06,3.75,3.8,3.625,3.75,351265.0,3.75,0.0,3.8,3.625,3.75,1.0,351265.0,1,06
46,2016-12-05,3.8,3.8,3.65,3.7,618168.0,3.8,0.0,3.8,3.65,3.7,1.0,618168.0,0,05
47,2016-12-02,3.7,3.7,3.6,3.65,474316.0,3.7,0.0,3.7,3.6,3.65,1.0,474316.0,4,02
48,2016-12-01,3.6,3.85,3.6,3.8,419919.0,3.6,0.0,3.85,3.6,3.8,1.0,419919.0,3,01
49,2016-11-30,3.8,3.85,3.7,3.75,587313.0,3.8,0.0,3.85,3.7,3.75,1.0,587313.0,2,30
50,2016-11-29,3.8,3.9,3.75,3.9,604889.0,3.8,0.0,3.9,3.75,3.9,1.0,604889.0,1,29
51,2016-11-28,3.9,4.0,3.85,3.95,297002.0,3.9,0.0,4.0,3.85,3.95,1.0,297002.0,0,28
52,2016-11-25,3.95,3.95,3.9,3.95,83275.0,3.95,0.0,3.95,3.9,3.95,1.0,83275.0,4,25
53,2016-11-23,3.95,3.975,3.85,3.95,899220.0,3.95,0.0,3.975,3.85,3.95,1.0,899220.0,2,23
54,2016-11-22,3.9,3.95,3.75,3.85,337639.0,3.9,0.0,3.95,3.75,3.85,1.0,337639.0,1,22
55,2016-11-21,3.9,4.0,3.775,4.0,416343.0,3.9,0.0,4.0,3.775,4.0,1.0,416343.0,0,21
56,2016-11-18,4.0,4.0,3.75,3.8,2291491.0,4.0,0.0,4.0,3.75,3.8,1.0,2291491.0,4,18
57,2016-11-17,3.75,3.85,3.7,3.85,420449.0,3.75,0.0,3.85,3.7,3.85,1.0,420449.0,3,17
58,2016-11-16,3.8,3.8999,3.75,3.8,336565.0,3.8,0.0,3.8999,3.75,3.8,1.0,336565.0,2,16
59,2016-11-15,3.85,4.027,3.8,4.0,314242.0,3.85,0.0,4.027,3.8,4.0,1.0,314242.0,1,15
60,2016-11-14,4.0,4.05,3.9,4.0,519659.0,4.0,0.0,4.05,3.9,4.0,1.0,519659.0,0,14
61,2016-11-11,4.0,4.05,3.8925,4.0,591971.0,4.0,0.0,4.05,3.8925,4.0,1.0,591971.0,4,11
62,2016-11-10,4.0,4.1,3.65,3.75,1888025.0,4.0,0.0,4.1,3.65,3.75,1.0,1888025.0,3,10
63,2016-11-09,3.75,3.8,3.45,3.45,771731.0,3.75,0.0,3.8,3.45,3.45,1.0,771731.0,2,09
64,2016-11-08,3.8,3.85,3.675,3.75,131778.0,3.8,0.0,3.85,3.675,3.75,1.0,131778.0,1,08
65,2016-11-07,3.75,3.8,3.65,3.8,189339.0,3.75,0.0,3.8,3.65,3.8,1.0,189339.0,0,07
66,2016-11-04,3.75,3.9,3.6,3.65,471921.0,3.75,0.0,3.9,3.6,3.65,1.0,471921.0,4,04
67,2016-11-03,3.7,3.75,3.5,3.5,268230.0,3.7,0.0,3.75,3.5,3.5,1.0,268230.0,3,03
68,2016-11-02,3.55,3.7,3.5,3.7,571247.0,3.55,0.0,3.7,3.5,3.7,1.0,571247.0,2,02
69,2016-11-01,3.65,3.8,3.65,3.75,431070.0,3.65,0.0,3.8,3.65,3.75,1.0,431070.0,1,01
70,2016-10-31,3.75,3.8,3.65,3.75,455952.0,3.75,0.0,3.8,3.65,3.75,1.0,455952.0,0,31
71,2016-10-28,3.8,3.825,3.7,3.7,133297.0,3.8,0.0,3.825,3.7,3.7,1.0,133297.0,4,28
72,2016-10-27,3.8,3.85,3.75,3.8,268190.0,3.8,0.0,3.85,3.75,3.8,1.0,268190.0,3,27
73,2016-10-26,3.8,4.0,3.8,3.85,272060.0,3.8,0.0,4.0,3.8,3.85,1.0,272060.0,2,26
74,2016-10-25,3.9,3.95,3.9,3.95,199928.0,3.9,0.0,3.95,3.9,3.95,1.0,199928.0,1,25
75,2016-10-24,3.95,4.0,3.8,3.95,409415.0,3.95,0.0,4.0,3.8,3.95,1.0,409415.0,0,24
76,2016-10-21,3.95,4.1,3.9,4.0,273248.0,3.95,0.0,4.1,3.9,4.0,1.0,273248.0,4,21
77,2016-10-20,4.05,4.1,3.9,4.05,351197.0,4.05,0.0,4.1,3.9,4.05,1.0,351197.0,3,20
78,2016-10-19,4.05,4.05,3.95,3.95,317491.0,4.05,0.0,4.05,3.95,3.95,1.0,317491.0,2,19
79,2016-10-18,3.9,3.95,3.7,3.85,406875.0,3.9,0.0,3.95,3.7,3.85,1.0,406875.0,1,18
80,2016-10-17,3.8,3.85,3.7,3.7,276413.0,3.8,0.0,3.85,3.7,3.7,1.0,276413.0,0,17
81,2016-10-14,3.75,3.81,3.63,3.66,369219.0,3.75,0.0,3.81,3.63,3.66,1.0,369219.0,4,14
82,2016-10-13,3.67,3.73,3.6,3.7,427046.0,3.67,0.0,3.73,3.6,3.7,1.0,427046.0,3,13
83,2016-10-12,3.76,3.93,3.7,3.92,520629.0,3.76,0.0,3.93,3.7,3.92,1.0,520629.0,2,12
84,2016-10-11,3.94,4.084,3.92,4.05,228821.0,3.94,0.0,4.084,3.92,4.05,1.0,228821.0,1,11
85,2016-10-10,4.05,4.07,3.95,3.95,376877.0,4.05,0.0,4.07,3.95,3.95,1.0,376877.0,0,10
86,2016-10-07,3.96,4.2,3.95,4.2,471435.0,3.96,0.0,4.2,3.95,4.2,1.0,471435.0,4,07
87,2016-10-06,4.18,4.34,4.11,4.3,374178.0,4.18,0.0,4.34,4.11,4.3,1.0,374178.0,3,06
88,2016-10-05,4.34,4.44,4.14,4.16,847094.0,4.34,0.0,4.44,4.14,4.16,1.0,847094.0,2,05
89,2016-10-04,4.16,4.17,4.03,4.1,658785.0,4.16,0.0,4.17,4.03,4.1,1.0,658785.0,1,04
90,2016-10-03,4.1,4.1599,4.02,4.1,318727.0,4.1,0.0,4.1599,4.02,4.1,1.0,318727.0,0,03
91,2016-09-30,4.11,4.12,3.92,3.98,654186.0,4.11,0.0,4.12,3.92,3.98,1.0,654186.0,4,30
92,2016-09-29,3.96,4.1,3.93,4.06,1247597.0,3.96,0.0,4.1,3.93,4.06,1.0,1247597.0,3,29
93,2016-09-28,4.04,4.19,3.91,4.08,1265174.0,4.04,0.0,4.19,3.91,4.08,1.0,1265174.0,2,28
94,2016-09-27,4.1,4.23,4.04,4.12,1671917.0,4.1,0.0,4.23,4.04,4.12,1.0,1671917.0,1,27
95,2016-09-26,4.16,4.38,4.07,4.17,1958909.0,4.16,0.0,4.38,4.07,4.17,1.0,1958909.0,0,26
96,2016-09-23,4.2,4.26,4.04,4.15,1057804.0,4.2,0.0,4.26,4.04,4.15,1.0,1057804.0,4,23
97,2016-09-22,4.14,4.24,3.71,3.76,2386490.0,4.14,0.0,4.24,3.71,3.76,1.0,2386490.0,3,22
98,2016-09-21,3.71,3.78,3.67,3.75,903514.0,3.71,0.0,3.78,3.67,3.75,1.0,903514.0,2,21
99,2016-09-20,3.78,3.79,3.675,3.74,1071792.0,3.78,0.0,3.79,3.675,3.74,1.0,1071792.0,1,20
100,2016-09-19,3.76,3.78,3.52,3.52,2552688.0,3.76,0.0,3.78,3.52,3.52,1.0,2552688.0,0,19
101,2016-09-16,3.4,3.52,3.38,3.52,1305997.0,3.4,0.0,3.52,3.38,3.52,1.0,1305997.0,4,16
102,2016-09-15,3.49,3.51,3.25,3.42,642982.0,3.49,0.0,3.51,3.25,3.42,1.0,642982.0,3,15
103,2016-09-14,3.39,3.5,3.34,3.38,441096.0,3.39,0.0,3.5,3.34,3.38,1.0,441096.0,2,14
104,2016-09-13,3.35,3.58,3.3,3.57,689991.0,3.35,0.0,3.58,3.3,3.57,1.0,689991.0,1,13
105,2016-09-12,3.58,3.69,3.38,3.48,765941.0,3.58,0.0,3.69,3.38,3.48,1.0,765941.0,0,12
106,2016-09-09,3.66,3.77,3.6,3.73,943797.0,3.66,0.0,3.77,3.6,3.73,1.0,943797.0,4,09
107,2016-09-08,3.74,3.83,3.7,3.8,316705.0,3.74,0.0,3.83,3.7,3.8,1.0,316705.0,3,08
108,2016-09-07,3.775,3.85,3.74,3.79,331678.0,3.775,0.0,3.85,3.74,3.79,1.0,331678.0,2,07
109,2016-09-06,3.76,3.86,3.74,3.82,858821.0,3.76,0.0,3.86,3.74,3.82,1.0,858821.0,1,06
110,2016-09-02,3.795,3.86,3.76,3.82,588056.0,3.795,0.0,3.86,3.76,3.82,1.0,588056.0,4,02
111,2016-09-01,3.78,3.83,3.6,3.62,849822.0,3.78,0.0,3.83,3.6,3.62,1.0,849822.0,3,01
112,2016-08-31,3.62,3.65,3.54,3.55,599398.0,3.62,0.0,3.65,3.54,3.55,1.0,599398.0,2,31
113,2016-08-30,3.57,3.68,3.555,3.63,464963.0,3.57,0.0,3.68,3.555,3.63,1.0,464963.0,1,30
114,2016-08-29,3.63,3.69,3.54,3.58,791168.0,3.63,0.0,3.69,3.54,3.58,1.0,791168.0,0,29
115,2016-08-26,3.55,3.63,3.3725,3.41,1296630.0,3.55,0.0,3.63,3.3725,3.41,1.0,1296630.0,4,26
116,2016-08-25,3.39,3.55,3.35,3.39,427545.0,3.39,0.0,3.55,3.35,3.39,1.0,427545.0,3,25
117,2016-08-24,3.37,3.67,3.31,3.56,796753.0,3.37,0.0,3.67,3.31,3.56,1.0,796753.0,2,24
118,2016-08-23,3.56,3.612,3.48,3.55,339381.0,3.56,0.0,3.612,3.48,3.55,1.0,339381.0,1,23
119,2016-08-22,3.54,3.59,3.415,3.55,346370.0,3.54,0.0,3.59,3.415,3.55,1.0,346370.0,0,22
120,2016-08-19,3.56,3.69,3.52,3.58,506332.0,3.56,0.0,3.69,3.52,3.58,1.0,506332.0,4,19
121,2016-08-18,3.57,3.57,3.47,3.47,304224.0,3.57,0.0,3.57,3.47,3.47,1.0,304224.0,3,18
122,2016-08-17,3.45,3.51,3.27,3.42,511248.0,3.45,0.0,3.51,3.27,3.42,1.0,511248.0,2,17
123,2016-08-16,3.46,3.67,3.37,3.67,834108.0,3.46,0.0,3.67,3.37,3.67,1.0,834108.0,1,16
124,2016-08-15,3.64,3.67,3.57,3.57,276747.0,3.64,0.0,3.67,3.57,3.57,1.0,276747.0,0,15
125,2016-08-12,3.58,3.7,3.53,3.64,303671.0,3.58,0.0,3.7,3.53,3.64,1.0,303671.0,4,12
126,2016-08-11,3.62,3.68,3.401,3.44,600194.0,3.62,0.0,3.68,3.401,3.44,1.0,600194.0,3,11
127,2016-08-10,3.46,3.65,3.39,3.64,614864.0,3.46,0.0,3.65,3.39,3.64,1.0,614864.0,2,10
128,2016-08-09,3.65,3.65,3.53,3.53,391131.0,3.65,0.0,3.65,3.53,3.53,1.0,391131.0,1,09
129,2016-08-08,3.56,3.65,3.39,3.41,470478.0,3.56,0.0,3.65,3.39,3.41,1.0,470478.0,0,08
130,2016-08-05,3.42,3.45,3.3,3.33,329850.0,3.42,0.0,3.45,3.3,3.33,1.0,329850.0,4,05
131,2016-08-04,3.36,3.44,3.29,3.4,183021.0,3.36,0.0,3.44,3.29,3.4,1.0,183021.0,3,04
132,2016-08-03,3.39,3.42,3.3,3.3,580113.0,3.39,0.0,3.42,3.3,3.3,1.0,580113.0,2,03
133,2016-08-02,3.32,3.46,3.27,3.42,464338.0,3.32,0.0,3.46,3.27,3.42,1.0,464338.0,1,02
134,2016-08-01,3.44,3.48,3.3,3.46,489803.0,3.44,0.0,3.48,3.3,3.46,1.0,489803.0,0,01
135,2016-07-29,3.48,3.515,3.3,3.36,1193408.0,3.48,0.0,3.515,3.3,3.36,1.0,1193408.0,4,29
136,2016-07-28,3.33,3.5556,3.32,3.55,1515283.0,3.33,0.0,3.5556,3.32,3.55,1.0,1515283.0,3,28
137,2016-07-27,3.52,3.69,3.46,3.65,789672.0,3.52,0.0,3.69,3.46,3.65,1.0,789672.0,2,27
138,2016-07-26,3.63,3.89,3.59,3.89,1418707.0,3.63,0.0,3.89,3.59,3.89,1.0,1418707.0,1,26
139,2016-07-25,3.72,3.93,3.55,3.55,1953555.0,3.72,0.0,3.93,3.55,3.55,1.0,1953555.0,0,25
140,2016-07-22,3.53,3.65,3.51,3.57,885500.0,3.53,0.0,3.65,3.51,3.57,1.0,885500.0,4,22
141,2016-07-21,3.54,3.6736,3.53,3.66,1583025.0,3.54,0.0,3.6736,3.53,3.66,1.0,1583025.0,3,21
142,2016-07-20,3.54,3.7493,3.45,3.55,5253363.0,3.54,0.0,3.7493,3.45,3.55,1.0,5253363.0,2,20
143,2016-07-19,3.25,3.41,3.22,3.4,401044.0,3.25,0.0,3.41,3.22,3.4,1.0,401044.0,1,19
144,2016-07-18,3.33,3.35,3.17,3.29,544237.0,3.33,0.0,3.35,3.17,3.29,1.0,544237.0,0,18
145,2016-07-15,3.29,3.39,3.195,3.39,635465.0,3.29,0.0,3.39,3.195,3.39,1.0,635465.0,4,15
146,2016-07-14,3.36,3.43,3.28,3.43,345831.0,3.36,0.0,3.43,3.28,3.43,1.0,345831.0,3,14
147,2016-07-13,3.37,3.39,3.26,3.31,499994.0,3.37,0.0,3.39,3.26,3.31,1.0,499994.0,2,13
148,2016-07-12,3.38,3.46,3.31,3.44,748205.0,3.38,0.0,3.46,3.31,3.44,1.0,748205.0,1,12
149,2016-07-11,3.37,3.47,3.323,3.4,636226.0,3.37,0.0,3.47,3.323,3.4,1.0,636226.0,0,11
150,2016-07-08,3.37,3.47,3.26,3.37,855616.0,3.37,0.0,3.47,3.26,3.37,1.0,855616.0,4,08
151,2016-07-07,3.36,3.47,3.3091,3.38,624550.0,3.36,0.0,3.47,3.3091,3.38,1.0,624550.0,3,07
152,2016-07-06,3.33,3.47,3.21,3.25,977332.0,3.33,0.0,3.47,3.21,3.25,1.0,977332.0,2,06
153,2016-07-05,3.26,3.34,3.1,3.14,581314.0,3.26,0.0,3.34,3.1,3.14,1.0,581314.0,1,05
154,2016-07-01,3.2,3.41,3.15,3.26,1391873.0,3.2,0.0,3.41,3.15,3.26,1.0,1391873.0,4,01
155,2016-06-30,3.26,3.26,2.93,2.99,1947673.0,3.26,0.0,3.26,2.93,2.99,1.0,1947673.0,3,30
156,2016-06-29,2.99,3.04,2.7,2.77,2400545.0,2.99,0.0,3.04,2.7,2.77,1.0,2400545.0,2,29
157,2016-06-28,2.76,2.85,2.53,2.53,547014.0,2.76,0.0,2.85,2.53,2.53,1.0,547014.0,1,28
158,2016-06-27,2.8,2.845,2.57,2.83,1297579.0,2.8,0.0,2.845,2.57,2.83,1.0,1297579.0,0,27
159,2016-06-24,2.87,3.06,2.72,2.84,6643109.0,2.87,0.0,3.06,2.72,2.84,1.0,6643109.0,4,24
160,2016-06-23,2.91,2.96,2.8,2.87,693078.0,2.91,0.0,2.96,2.8,2.87,1.0,693078.0,3,23
161,2016-06-22,2.83,3.02,2.79,2.96,524179.0,2.83,0.0,3.02,2.79,2.96,1.0,524179.0,2,22
162,2016-06-21,2.97,3.0699,2.9,2.95,510048.0,2.97,0.0,3.0699,2.9,2.95,1.0,510048.0,1,21
163,2016-06-20,2.94,3.27,2.92,3.09,1324577.0,2.94,0.0,3.27,2.92,3.09,1.0,1324577.0,0,20
164,2016-06-17,3.05,3.07,2.755,2.77,1368493.0,3.05,0.0,3.07,2.755,2.77,1.0,1368493.0,4,17
165,2016-06-16,2.75,2.77,2.58,2.58,597293.0,2.75,0.0,2.77,2.58,2.58,1.0,597293.0,3,16
166,2016-06-15,2.63,2.76,2.54,2.65,2104240.0,2.63,0.0,2.76,2.54,2.65,1.0,2104240.0,2,15
167,2016-06-14,2.65,2.7,2.5,2.56,1270881.0,2.65,0.0,2.7,2.5,2.56,1.0,1270881.0,1,14
168,2016-06-13,2.57,2.66,2.45,2.59,999526.0,2.57,0.0,2.66,2.45,2.59,1.0,999526.0,0,13
169,2016-06-10,2.63,2.68,2.55,2.59,1085355.0,2.63,0.0,2.68,2.55,2.59,1.0,1085355.0,4,10
170,2016-06-09,2.62,2.69,2.5,2.63,1105963.0,2.62,0.0,2.69,2.5,2.63,1.0,1105963.0,3,09
171,2016-06-08,2.68,2.82,2.65,2.82,778618.0,2.68,0.0,2.82,2.65,2.82,1.0,778618.0,2,08
172,2016-06-07,2.8,2.85,2.695,2.76,695087.0,2.8,0.0,2.85,2.695,2.76,1.0,695087.0,1,07
173,2016-06-06,2.73,2.8,2.65,2.76,587979.0,2.73,0.0,2.8,2.65,2.76,1.0,587979.0,0,06
174,2016-06-03,2.76,2.8099,2.68,2.71,521095.0,2.76,0.0,2.8099,2.68,2.71,1.0,521095.0,4,03
175,2016-06-02,2.73,2.87,2.72,2.82,657109.0,2.73,0.0,2.87,2.72,2.82,1.0,657109.0,3,02
176,2016-06-01,2.87,2.88,2.64,2.72,712471.0,2.87,0.0,2.88,2.64,2.72,1.0,712471.0,2,01
177,2016-05-31,2.78,2.82,2.7,2.72,1104801.0,2.78,0.0,2.82,2.7,2.72,1.0,1104801.0,1,31
178,2016-05-27,2.71,2.89,2.65,2.7,1054047.0,2.71,0.0,2.89,2.65,2.7,1.0,1054047.0,4,27
179,2016-05-26,2.69,2.755,2.63,2.68,590671.0,2.69,0.0,2.755,2.63,2.68,1.0,590671.0,3,26
180,2016-05-25,2.68,2.76,2.68,2.74,576879.0,2.68,0.0,2.76,2.68,2.74,1.0,576879.0,2,25
181,2016-05-24,2.75,2.85,2.73,2.79,997352.0,2.75,0.0,2.85,2.73,2.79,1.0,997352.0,1,24
182,2016-05-23,2.77,2.88,2.71,2.86,692929.0,2.77,0.0,2.88,2.71,2.86,1.0,692929.0,0,23
183,2016-05-20,2.87,3.03,2.8,2.9,951529.0,2.87,0.0,3.03,2.8,2.9,1.0,951529.0,4,20
184,2016-05-19,2.89,2.93,2.6978,2.7,1051172.0,2.89,0.0,2.93,2.6978,2.7,1.0,1051172.0,3,19
185,2016-05-18,2.69,2.735,2.5501,2.61,864545.0,2.69,0.0,2.735,2.5501,2.61,1.0,864545.0,2,18
186,2016-05-17,2.64,2.7,2.55,2.67,933949.0,2.64,0.0,2.7,2.55,2.67,1.0,933949.0,1,17
187,2016-05-16,2.71,2.75,2.6,2.69,910898.0,2.71,0.0,2.75,2.6,2.69,1.0,910898.0,0,16
188,2016-05-13,2.615,2.63,2.42,2.55,769799.0,2.615,0.0,2.63,2.42,2.55,1.0,769799.0,4,13
189,2016-05-12,2.66,2.67,2.31,2.61,1394804.0,2.66,0.0,2.67,2.31,2.61,1.0,1394804.0,3,12
190,2016-05-11,2.57,2.76,2.56,2.65,656447.0,2.57,0.0,2.76,2.56,2.65,1.0,656447.0,2,11
191,2016-05-10,2.65,2.71,2.57,2.65,1144767.0,2.65,0.0,2.71,2.57,2.65,1.0,1144767.0,1,10
192,2016-05-09,2.64,2.72,2.6,2.65,465278.0,2.64,0.0,2.72,2.6,2.65,1.0,465278.0,0,09
193,2016-05-06,2.64,2.7,2.6,2.65,548397.0,2.64,0.0,2.7,2.6,2.65,1.0,548397.0,4,06
194,2016-05-05,2.66,2.82,2.593,2.81,963305.0,2.66,0.0,2.82,2.593,2.81,1.0,963305.0,3,05
195,2016-05-04,2.75,2.91,2.73,2.88,644867.0,2.75,0.0,2.91,2.73,2.88,1.0,644867.0,2,04
196,2016-05-03,2.89,3.02,2.58,2.7,1308715.0,2.89,0.0,3.02,2.58,2.7,1.0,1308715.0,1,03
197,2016-05-02,2.72,2.92,2.71,2.92,2846187.0,2.72,0.0,2.92,2.71,2.92,1.0,2846187.0,0,02
198,2016-04-29,2.91,3.0736,2.82,3.0,925456.0,2.91,0.0,3.0736,2.82,3.0,1.0,925456.0,4,29
199,2016-04-28,2.99,3.23,2.95,3.11,840559.0,2.99,0.0,3.23,2.95,3.11,1.0,840559.0,3,28
200,2016-04-27,3.11,3.25,3.05,3.1,1701840.0,3.11,0.0,3.25,3.05,3.1,1.0,1701840.0,2,27
201,2016-04-26,3.1,3.13,2.88,3.0,860977.0,3.1,0.0,3.13,2.88,3.0,1.0,860977.0,1,26
202,2016-04-25,3.0,3.14,2.94,3.12,1224960.0,3.0,0.0,3.14,2.94,3.12,1.0,1224960.0,0,25
203,2016-04-22,3.11,3.22,3.02,3.16,2172516.0,3.11,0.0,3.22,3.02,3.16,1.0,2172516.0,4,22
204,2016-04-21,2.99,3.03,2.56,2.59,4315656.0,2.99,0.0,3.03,2.56,2.59,1.0,4315656.0,3,21
205,2016-04-20,2.6,2.66,2.51,2.56,1331437.0,2.6,0.0,2.66,2.51,2.56,1.0,1331437.0,2,20
206,2016-04-19,2.6,2.65,2.52,2.59,1258958.0,2.6,0.0,2.65,2.52,2.59,1.0,1258958.0,1,19
207,2016-04-18,2.61,2.63,2.4,2.43,1168711.0,2.61,0.0,2.63,2.4,2.43,1.0,1168711.0,0,18
208,2016-04-15,2.48,2.53,2.39,2.5,1904697.0,2.48,0.0,2.53,2.39,2.5,1.0,1904697.0,4,15
209,2016-04-14,2.56,2.8,2.55,2.7,2142664.0,2.56,0.0,2.8,2.55,2.7,1.0,2142664.0,3,14
210,2016-04-13,2.64,2.69,2.5,2.57,3168532.0,2.64,0.0,2.69,2.5,2.57,1.0,3168532.0,2,13
211,2016-04-12,2.58,2.62,2.53,2.58,3202452.0,2.58,0.0,2.62,2.53,2.58,1.0,3202452.0,1,12
212,2016-04-11,2.56,2.63,2.52,2.6,2895500.0,2.56,0.0,2.63,2.52,2.6,1.0,2895500.0,0,11
213,2016-04-08,2.5,2.63,2.42,2.53,1653001.0,2.5,0.0,2.63,2.42,2.53,1.0,1653001.0,4,08
214,2016-04-07,2.48,2.62,2.42,2.52,2197605.0,2.48,0.0,2.62,2.42,2.52,1.0,2197605.0,3,07
215,2016-04-06,2.52,2.63,2.2503,2.26,3078472.0,2.52,0.0,2.63,2.2503,2.26,1.0,3078472.0,2,06
216,2016-04-05,2.24,2.2575,2.1,2.18,2121252.0,2.24,0.0,2.2575,2.1,2.18,1.0,2121252.0,1,05
217,2016-04-04,2.18,2.29,2.165,2.29,2853623.0,2.18,0.0,2.29,2.165,2.29,1.0,2853623.0,0,04
218,2016-04-01,2.34,2.45,2.23,2.4,3162288.0,2.34,0.0,2.45,2.23,2.4,1.0,3162288.0,4,01
219,2016-03-31,2.38,2.64,2.26,2.27,5215073.0,2.38,0.0,2.64,2.26,2.27,1.0,5215073.0,3,31
220,2016-03-30,2.18,2.25,1.97,2.0,4989110.0,2.18,0.0,2.25,1.97,2.0,1.0,4989110.0,2,30
221,2016-03-29,2.03,2.18,1.92,2.11,9994983.0,2.03,0.0,2.18,1.92,2.11,1.0,9994983.0,1,29
222,2016-03-28,2.5,2.62,2.45,2.61,1835439.0,2.5,0.0,2.62,2.45,2.61,1.0,1835439.0,0,28
223,2016-03-24,2.57,2.72,2.52,2.7,1726620.0,2.57,0.0,2.72,2.52,2.7,1.0,1726620.0,3,24
224,2016-03-23,2.725,2.81,2.64,2.8,2824577.0,2.725,0.0,2.81,2.64,2.8,1.0,2824577.0,2,23
225,2016-03-22,2.88,3.31,2.84,3.3,3288740.0,2.88,0.0,3.31,2.84,3.3,1.0,3288740.0,1,22
226,2016-03-21,3.31,3.34,3.17,3.25,712039.0,3.31,0.0,3.34,3.17,3.25,1.0,712039.0,0,21
227,2016-03-18,3.28,3.45,3.21,3.44,1755000.0,3.28,0.0,3.45,3.21,3.44,1.0,1755000.0,4,18
228,2016-03-17,3.35,3.44,3.25,3.25,1215804.0,3.35,0.0,3.44,3.25,3.25,1.0,1215804.0,3,17
229,2016-03-16,3.25,3.43,3.12,3.23,1812895.0,3.25,0.0,3.43,3.12,3.23,1.0,1812895.0,2,16
230,2016-03-15,3.51,3.6299,3.43,3.62,1011180.0,3.51,0.0,3.6299,3.43,3.62,1.0,1011180.0,1,15
231,2016-03-14,3.61,3.63,3.42,3.44,1319116.0,3.61,0.0,3.63,3.42,3.44,1.0,1319116.0,0,14
232,2016-03-11,3.4,3.4,3.15,3.25,2188191.0,3.4,0.0,3.4,3.15,3.25,1.0,2188191.0,4,11
233,2016-03-10,3.25,3.42,3.23,3.4,1064288.0,3.25,0.0,3.42,3.23,3.4,1.0,1064288.0,3,10
234,2016-03-09,3.38,3.5999,3.31,3.58,1481959.0,3.38,0.0,3.5999,3.31,3.58,1.0,1481959.0,2,09
235,2016-03-08,3.54,3.8,3.4,3.77,2052675.0,3.54,0.275,3.8,3.4,3.77,1.0,2052675.0,1,08
236,2016-03-07,3.56319790301,3.6931061599,3.43328964613,3.46112712975,1909210.0,3.84,0.0,3.98,3.7,3.73,1.0,1909210.0,0,07
237,2016-03-04,3.35905635649,3.51680209699,3.24770642202,3.24770642202,1903190.0,3.62,0.0,3.79,3.5,3.5,1.0,1903190.0,4,04
238,2016-03-03,3.14563564875,3.20595019659,3.08996068152,3.13635648755,1638683.0,3.39,0.0,3.455,3.33,3.38,1.0,1638683.0,3,03
239,2016-03-02,3.15491480996,3.22914809961,2.88581913499,3.08996068152,3424053.0,3.4,0.0,3.48,3.11,3.33,1.0,3424053.0,2,02
240,2016-03-01,3.01572739187,3.32193971166,2.92293577982,3.18275229358,3823376.0,3.25,0.0,3.58,3.15,3.43,1.0,3823376.0,1,01
241,2016-02-29,2.94149410223,3.01572739187,2.37555806029,2.4125819135,4028688.0,3.17,0.0,3.25,2.5601,2.6,1.0,4028688.0,0,29
242,2016-02-26,2.35690694626,2.5796068152,2.30123197903,2.31979030144,5673907.0,2.54,0.0,2.78,2.48,2.5,1.0,5673907.0,4,26
243,2016-02-25,2.12492791612,2.49609436435,1.95790301442,2.44969855832,6992621.0,2.29,0.0,2.69,2.11,2.64,1.0,6992621.0,3,25
244,2016-02-24,2.4125819135,2.53321100917,2.36618610747,2.50537352556,1834287.0,2.6,0.0,2.73,2.55,2.7,1.0,1834287.0,2,24
245,2016-02-23,2.51465268676,2.65384010485,2.48709357798,2.58888597641,1722710.0,2.71,0.0,2.86,2.6803,2.79,1.0,1722710.0,1,23
246,2016-02-22,2.5796068152,2.70951507208,2.54712975098,2.64456094364,1705132.0,2.78,0.0,2.92,2.745,2.85,1.0,1705132.0,0,22
247,2016-02-19,2.570327654,2.70023591088,2.50537352556,2.61672346003,1075666.0,2.77,0.0,2.91,2.7,2.82,1.0,1075666.0,4,19
248,2016-02-18,2.64456094364,2.92293577982,2.55176933159,2.84870249017,2250639.0,2.85,0.0,3.15,2.75,3.07,1.0,2250639.0,3,18
249,2016-02-17,2.82086500655,2.96933158585,2.75591087811,2.78374836173,1410736.0,3.04,0.0,3.2,2.97,3.0,1.0,1410736.0,2,17
250,2016-02-16,2.78374836173,3.15491480996,2.7373525557,2.92293577982,1705373.0,3.0,0.0,3.4,2.95,3.15,1.0,1705373.0,1,16
251,2016-02-12,2.81158584535,2.97861074705,2.7373525557,2.91365661861,1924662.0,3.03,0.0,3.21,2.95,3.14,1.0,1924662.0,4,12
252,2016-02-11,2.75591087811,2.94149410223,2.63528178244,2.66311926606,1249159.0,2.97,0.0,3.17,2.84,2.87,1.0,1249159.0,3,11
253,2016-02-10,2.69095674967,3.04356487549,2.64456094364,3.03428571429,2082200.0,2.9,0.0,3.28,2.85,3.27,1.0,2082200.0,2,10
254,2016-02-09,3.02036697248,3.40081258191,2.90669724771,3.26626474443,1991348.0,3.255,0.0,3.665,3.1325,3.52,1.0,1991348.0,1,09
255,2016-02-08,3.34049803408,3.61887287025,3.25698558322,3.61887287025,1821715.0,3.6,0.0,3.9,3.51,3.9,1.0,1821715.0,0,08
256,2016-02-05,3.64671035387,3.98539973788,3.62815203145,3.92508519004,628913.0,3.93,0.0,4.295,3.91,4.23,1.0,628913.0,4,05
257,2016-02-04,3.93436435125,4.13850589777,3.89724770642,3.95292267366,496268.0,4.24,0.0,4.46,4.2,4.26,1.0,496268.0,3,04
258,2016-02-03,3.93436435125,4.06427260813,3.80445609436,4.00859764089,592759.0,4.24,0.0,4.38,4.1,4.32,1.0,592759.0,2,03
259,2016-02-02,3.99003931848,4.07355176933,3.79517693316,3.90652686763,680881.0,4.3,0.0,4.39,4.09,4.21,1.0,680881.0,1,02
260,2016-02-01,3.93436435125,4.0271559633,3.76733944954,3.90652686763,774363.0,4.24,0.0,4.34,4.06,4.21,1.0,774363.0,0,01
261,2016-01-29,3.92508519004,3.97148099607,3.82301441678,3.90652686763,762189.0,4.23,0.0,4.28,4.12,4.21,1.0,762189.0,4,29
262,2016-01-28,3.85085190039,4.54678899083,3.75806028834,3.97148099607,1272878.0,4.15,0.0,4.9,4.05,4.28,1.0,1272878.0,3,28
263,2016-01-27,3.89724770642,4.07355176933,3.47040629096,3.47040629096,1300013.0,4.2,0.0,4.39,3.74,3.74,1.0,1300013.0,2,27
264,2016-01-26,3.46112712975,3.61887287025,3.29410222805,3.36833551769,1952666.0,3.73,0.0,3.9,3.55,3.63,1.0,1952666.0,1,26
265,2016-01-25,3.34049803408,3.66062909568,3.25698558322,3.25698558322,1070349.0,3.6,0.0,3.945,3.51,3.51,1.0,1070349.0,0,25
266,2016-01-22,3.30338138925,3.43328964613,3.07548519004,3.30338138925,1672009.0,3.56,0.0,3.7,3.3144,3.56,1.0,1672009.0,4,22
267,2016-01-21,3.16419397117,3.47040629096,3.09923984273,3.16419397117,1094383.0,3.41,0.0,3.74,3.34,3.41,1.0,1094383.0,3,21
268,2016-01-20,3.12707732634,3.30338138925,2.98788990826,3.24770642202,1055111.0,3.37,0.0,3.56,3.22,3.5,1.0,1055111.0,2,20
269,2016-01-19,3.27554390564,3.57247706422,3.25698558322,3.56319790301,761781.0,3.53,0.0,3.85,3.51,3.84,1.0,761781.0,1,19
270,2016-01-15,3.54927916121,3.68382699869,3.34049803408,3.63743119266,854173.0,3.825,0.0,3.97,3.6,3.92,1.0,854173.0,4,15
271,2016-01-14,3.75806028834,3.81373525557,3.43338243775,3.5446395806,782824.0,4.05,0.0,4.11,3.7001,3.82,1.0,782824.0,3,14
272,2016-01-13,3.52608125819,3.76733944954,3.47968545216,3.47968545216,1199195.0,3.8,0.0,4.06,3.75,3.75,1.0,1199195.0,2,13
273,2016-01-12,3.50752293578,4.13757798165,3.47968545216,3.90652686763,1495977.0,3.78,0.0,4.459,3.75,4.21,1.0,1495977.0,1,12
274,2016-01-11,3.8694102228,4.22665792923,3.81373525557,4.1849017038,1264504.0,4.17,0.0,4.555,4.11,4.51,1.0,1264504.0,0,11
275,2016-01-08,4.21273918742,4.5365819135,4.20346002621,4.45399737877,630826.0,4.54,0.0,4.889,4.53,4.8,1.0,630826.0,4,08
276,2016-01-07,4.39832241153,4.91786264744,4.28697247706,4.75093053735,1705395.0,4.74,0.0,5.2999,4.62,5.12,1.0,1705395.0,3,07
277,2016-01-06,4.86228047182,4.9829095675,4.73237221494,4.825163827,570073.0,5.24,0.0,5.37,5.1,5.2,1.0,570073.0,2,06
278,2016-01-05,4.89939711664,5.07570117955,4.81588466579,5.07570117955,670581.0,5.28,0.0,5.47,5.19,5.47,1.0,670581.0,1,05
279,2016-01-04,5.04786369594,5.1499344692,4.89939711664,5.09425950197,831265.0,5.44,0.0,5.55,5.28,5.49,1.0,831265.0,0,04
280,2015-12-31,5.18705111402,5.42830930537,5.04786369594,5.28912188729,568746.0,5.59,0.0,5.85,5.44,5.7,1.0,568746.0,3,31
281,2015-12-30,5.32623853211,5.42830930537,5.02930537353,5.06642201835,1178328.0,5.74,0.0,5.85,5.42,5.46,1.0,1178328.0,2,30
282,2015-12-29,5.03858453473,5.1545740498,4.80660550459,5.02002621232,719027.0,5.43,0.0,5.555,5.18,5.41,1.0,719027.0,1,29
283,2015-12-28,5.02002621232,5.26592398427,4.94579292267,5.14065530799,495310.0,5.41,0.0,5.675,5.33,5.54,1.0,495310.0,0,28
284,2015-12-24,5.11281782438,5.17777195282,5.00146788991,5.02002621232,406806.0,5.51,0.0,5.58,5.39,5.41,1.0,406806.0,3,24
285,2015-12-23,5.02002621232,5.29561730013,4.9513604194,5.07570117955,906242.0,5.41,0.0,5.707,5.336,5.47,1.0,906242.0,2,23
286,2015-12-22,5.04786369594,5.52110091743,4.63030144168,5.4654259502,1664360.0,5.44,0.0,5.95,4.99,5.89,1.0,1664360.0,1,22
287,2015-12-21,5.41903014417,5.49883093054,5.1499344692,5.24272608126,1832922.0,5.84,0.0,5.926,5.55,5.65,1.0,1832922.0,0,21
288,2015-12-18,5.19633027523,5.22416775885,4.52823066841,4.52823066841,5224653.0,5.6,0.0,5.63,4.88,4.88,1.0,5224653.0,4,18
289,2015-12-17,4.61174311927,4.90867627785,4.51895150721,4.81588466579,2116006.0,4.97,0.0,5.29,4.87,5.19,1.0,2116006.0,3,17
290,2015-12-16,4.62102228047,4.77876802097,4.5003931848,4.75093053735,1939468.0,4.98,0.0,5.15,4.85,5.12,1.0,1939468.0,2,16
291,2015-12-15,4.39832241153,4.71381389253,4.3426474443,4.37976408912,1495287.0,4.74,0.0,5.08,4.68,4.72,1.0,1495287.0,1,15
292,2015-12-14,4.38904325033,4.43543905636,4.05499344692,4.1756225426,821550.0,4.73,0.0,4.78,4.37,4.5,1.0,821550.0,0,14
293,2015-12-11,4.16634338139,4.5003931848,4.06520052425,4.3426474443,920282.0,4.49,0.0,4.85,4.381,4.68,1.0,920282.0,4,11
294,2015-12-10,4.41688073394,4.41994285714,3.99003931848,4.06427260813,1054608.0,4.76,0.0,4.7633,4.3,4.38,1.0,1054608.0,3,10
295,2015-12-09,4.11066841415,4.36120576671,3.84157273919,3.89724770642,2011656.0,4.43,0.0,4.7,4.14,4.2,1.0,2011656.0,2,09
296,2015-12-08,3.68382699869,3.80445609436,3.45184796855,3.49824377457,628667.0,3.97,0.0,4.1,3.72,3.77,1.0,628667.0,1,08
297,2015-12-07,3.58175622543,3.93436435125,3.44256880734,3.8694102228,1827107.0,3.86,0.0,4.24,3.71,4.17,1.0,1827107.0,0,07
298,2015-12-04,3.95292267366,4.24057667104,3.82301441678,4.12922673657,907615.0,4.26,0.0,4.57,4.12,4.45,1.0,907615.0,4,04
299,2015-12-03,4.14778505898,4.26841415465,3.93436435125,4.00859764089,895438.0,4.47,0.0,4.6,4.24,4.32,1.0,895438.0,3,03
300,2015-12-02,3.96220183486,4.22201834862,3.66526867628,3.81373525557,2102491.0,4.27,0.0,4.55,3.95,4.11,1.0,2102491.0,2,02
301,2015-12-01,4.09211009174,4.36584534731,3.85085190039,3.98076015727,4389403.0,4.41,0.0,4.705,4.15,4.29,1.0,4389403.0,1,01
302,2015-11-30,3.73950196592,4.08283093054,3.71166448231,4.06427260813,1644565.0,4.03,0.0,4.4,4.0,4.38,1.0,1644565.0,0,30
303,2015-11-27,4.10138925295,4.10138925295,3.73950196592,3.81373525557,993069.0,4.42,0.1704,4.42,4.03,4.11,1.0,993069.0,4,27
304,2015-11-25,3.67216578721,4.63711446122,3.59175339771,4.63711446122,3808182.0,4.11,0.0,5.19,4.02,5.19,1.0,3808182.0,2,25
305,2015-11-24,4.66391859106,5.15175375403,4.40481200267,5.11065408829,2613995.0,5.22,0.0,5.766,4.93,5.72,1.0,2613995.0,1,24
306,2015-11-23,4.85154749989,5.19106647779,4.54330000681,4.55670207172,1860857.0,5.43,0.0,5.81,5.085,5.1,1.0,1860857.0,0,23
307,2015-11-20,4.70859214078,4.8828189847,4.16357483416,4.46735497228,1641075.0,5.27,0.0,5.465,4.66,5.0,1.0,1641075.0,4,20
308,2015-11-19,4.25292193361,4.74879833553,3.85979469605,4.64604917117,2090689.0,4.76,0.0,5.315,4.32,5.2,1.0,2090689.0,3,19
309,2015-11-18,4.77113511039,5.35501840527,4.17250954411,5.28041357723,5551351.0,5.34,0.0,5.9935,4.67,5.91,1.0,5551351.0,2,18
310,2015-11-17,5.28934828718,6.04879863246,5.28041357723,6.04879863246,988020.0,5.92,0.0,6.77,5.91,6.77,1.0,988020.0,1,17
311,2015-11-16,6.0756027623,6.20068870152,5.96838624296,6.11134160208,596553.0,6.8,0.0,6.94,6.68,6.84,1.0,596553.0,0,16
312,2015-11-13,6.16494986174,6.25429696119,5.86116972363,5.86116972363,628645.0,6.9,0.0,7.0,6.56,6.56,1.0,628645.0,4,13
313,2015-11-12,5.90137591838,6.12027631202,5.59312842529,6.12027631202,1165459.0,6.605,0.0,6.85,6.26,6.85,1.0,1165459.0,3,12
314,2015-11-11,6.29897051091,6.43299116008,5.9951903728,6.43299116008,1030065.0,7.05,0.0,7.2,6.71,7.2,1.0,1030065.0,2,11
315,2015-11-10,6.45086057997,7.12096382581,6.1560151518,6.94226962692,1269430.0,7.22,0.0,7.97,6.89,7.77,1.0,1269430.0,1,10
316,2015-11-09,6.75464071808,6.84398781753,6.56701180925,6.78144484792,482539.0,7.56,0.0,7.66,7.35,7.59,1.0,482539.0,0,09
317,2015-11-06,6.83505310759,6.96353423659,6.54020767941,6.65635890869,414180.0,7.65,0.0,7.7938,7.32,7.45,1.0,414180.0,4,06
318,2015-11-05,6.70103245842,6.82165104267,6.67422832858,6.80824897775,470221.0,7.5,0.0,7.635,7.47,7.62,1.0,470221.0,3,05
319,2015-11-04,6.79931426781,7.22371299017,6.76357542803,7.12096382581,633219.0,7.61,0.0,8.085,7.57,7.97,1.0,633219.0,2,04
320,2015-11-03,7.14776795564,7.2192456352,6.94226962692,7.0584208562,903464.0,8.0,0.0,8.08,7.77,7.9,1.0,903464.0,1,03
321,2015-11-02,7.06735556614,7.14776795564,6.80824897775,6.85292252747,626813.0,7.91,0.0,8.0,7.62,7.67,1.0,626813.0,0,02
322,2015-10-30,6.8171836877,6.86185723742,6.53127296947,6.61168535897,473817.0,7.63,0.0,7.68,7.31,7.4,1.0,473817.0,4,30
323,2015-10-29,6.70103245842,6.79931426781,6.45086057997,6.59381593908,564962.0,7.5,0.0,7.61,7.22,7.38,1.0,564962.0,3,29
324,2015-10-28,6.71890187831,6.77251013797,6.44192587002,6.56701180925,371918.0,7.52,0.0,7.58,7.21,7.35,1.0,371918.0,2,28
325,2015-10-27,6.59381593908,6.72783658825,6.35257877058,6.65635890869,567367.0,7.38,0.0,7.53,7.11,7.45,1.0,567367.0,1,27
326,2015-10-26,6.70996716836,7.01910813244,6.66529361864,6.90653078714,248564.0,7.51,0.0,7.856,7.46,7.73,1.0,248564.0,0,26
327,2015-10-23,6.88866136725,7.26570612691,6.56701180925,7.02268201642,1808835.0,7.71,0.0,8.132,7.35,7.86,1.0,1808835.0,4,23
328,2015-10-22,7.09415969598,7.18350679542,6.87972665731,7.0584208562,427017.0,7.94,0.0,8.04,7.7,7.9,1.0,427017.0,3,22
329,2015-10-21,6.96907375675,7.15670266559,6.82611839764,7.0584208562,440208.0,7.8,0.0,8.01,7.64,7.9,1.0,440208.0,2,21
330,2015-10-20,7.06735556614,7.36041405233,6.98694317664,7.12096382581,381490.0,7.91,0.0,8.238,7.82,7.97,1.0,381490.0,1,20
331,2015-10-19,7.11202911587,7.36220099431,7.02268201642,7.14776795564,359454.0,7.96,0.0,8.24,7.86,8.0,1.0,359454.0,0,19
332,2015-10-16,7.22818034515,7.27285389487,6.91993285206,7.14776795564,972313.0,8.09,0.0,8.14,7.745,8.0,1.0,972313.0,4,16
333,2015-10-15,7.14776795564,7.21031092526,6.75464071808,6.8975960772,678190.0,8.0,0.0,8.07,7.56,7.72,1.0,678190.0,3,15
334,2015-10-14,6.88866136725,7.08522498603,6.7367712982,6.95120433686,456044.0,7.71,0.0,7.93,7.54,7.78,1.0,456044.0,2,14
335,2015-10-13,6.88866136725,7.37113570426,6.83505310759,7.15670266559,744887.0,7.71,0.0,8.25,7.65,8.01,1.0,744887.0,1,13
336,2015-10-12,7.17457208548,7.42474396393,7.1388332457,7.36220099431,1168240.0,8.03,0.0,8.31,7.99,8.24,1.0,1168240.0,0,12
337,2015-10-09,7.31752744459,7.46941751365,7.00481259653,7.06735556614,2059563.0,8.19,0.0,8.36,7.84,7.91,1.0,2059563.0,4,09
338,2015-10-08,7.00481259653,7.02268201642,6.25429696119,6.25429696119,1321778.0,7.84,0.0,7.86,7.0,7.0,1.0,1321778.0,3,08
339,2015-10-07,6.3972523203,6.42405645014,5.85223501368,6.06666805235,1574076.0,7.16,0.0,7.19,6.55,6.79,1.0,1574076.0,2,07
340,2015-10-06,5.96838624296,6.6384894888,5.9460494681,6.30790522086,1100349.0,6.68,0.0,7.43,6.655,7.06,1.0,1100349.0,1,06
341,2015-10-05,6.26323167113,6.41512174019,5.76288791424,5.85223501368,1338909.0,7.01,0.0,7.18,6.45,6.55,1.0,1338909.0,0,05
342,2015-10-02,5.76288791424,5.85223501368,5.46804248607,5.69141023468,1349084.0,6.45,0.0,6.55,6.12,6.37,1.0,1349084.0,4,02
343,2015-10-01,5.64673668496,6.20962341147,5.5752590054,5.95945153302,1285030.0,6.32,0.0,6.95,6.24,6.67,1.0,1285030.0,3,01
344,2015-09-30,5.93264740319,6.35615265456,5.70034494463,6.1560151518,5886028.0,6.64,0.0,7.114,6.38,6.89,1.0,5886028.0,2,30
345,2015-09-29,6.09347218219,6.49106677472,5.82543088385,6.2364275413,1811328.0,6.82,0.0,7.265,6.52,6.98,1.0,1811328.0,1,29
346,2015-09-28,6.37044819047,7.20137621531,6.33470935069,7.06735556614,1126666.0,7.13,0.0,8.06,7.09,7.91,1.0,1126666.0,0,28
347,2015-09-25,7.10309440592,7.18350679542,6.84398781753,6.87972665731,775444.0,7.95,0.0,8.04,7.66,7.7,1.0,775444.0,4,25
348,2015-09-24,6.84398781753,7.0584208562,6.7367712982,6.91546549709,928692.0,7.66,0.0,7.9,7.54,7.74,1.0,928692.0,3,24
349,2015-09-23,6.92440020703,7.61237287276,6.90653078714,7.43367867387,954357.0,7.75,0.0,8.52,7.73,8.32,1.0,954357.0,2,23
350,2015-09-22,7.38900512415,7.78213236171,7.24604976503,7.68385055232,812611.0,8.27,0.0,8.71,8.11,8.6,1.0,812611.0,1,22
351,2015-09-21,7.74639352193,8.23780256888,7.63024229265,7.70171997221,843962.0,8.67,0.0,9.22,8.54,8.62,1.0,843962.0,0,21
352,2015-09-18,8.06804307993,8.6219950965,7.91615301088,7.91615301088,2643548.0,9.03,0.0,9.65,8.86,8.86,1.0,2643548.0,4,18
353,2015-09-17,7.98763069043,8.2824761186,7.75532823187,8.19312901916,523428.0,8.94,0.0,9.27,8.68,9.17,1.0,523428.0,3,17
354,2015-09-16,8.15739017938,8.34501908822,7.59450345287,7.66598113243,1237961.0,9.13,0.0,9.34,8.5,8.58,1.0,1237961.0,2,16
355,2015-09-15,7.57663403298,7.95189185065,7.52302577332,7.82680591143,727083.0,8.48,0.0,8.9,8.42,8.76,1.0,727083.0,1,15
356,2015-09-14,7.71065468215,8.66309476224,7.59450345287,8.52371328711,576574.0,8.63,0.0,9.696,8.5,9.54,1.0,576574.0,0,14
357,2015-09-11,7.6391770026,8.02336953021,7.40240718906,7.74639352193,568825.0,8.55,0.0,8.98,8.285,8.67,1.0,568825.0,4,11
358,2015-09-10,7.87147946115,8.31812561128,7.8000017816,8.13058604955,737625.0,8.81,0.0,9.3099,8.73,9.1,1.0,737625.0,3,10
359,2015-09-09,8.22886785894,8.38075792799,8.05910836999,8.13952075949,332234.0,9.21,0.0,9.38,9.02,9.11,1.0,332234.0,2,09
360,2015-09-08,8.16632488932,9.35285436996,8.05017366004,8.71134219594,829228.0,9.14,0.0,10.468,9.01,9.75,1.0,829228.0,1,08
361,2015-09-04,8.83642813517,9.22062066278,8.71134219594,9.11340414345,401427.0,9.89,0.0,10.32,9.75,10.2,1.0,401427.0,4,04
362,2015-09-03,9.13127356334,9.184881823,8.31821495838,8.38075792799,1038105.0,10.22,0.0,10.28,9.31,9.38,1.0,1038105.0,3,03
363,2015-09-02,8.50584386722,9.07757595657,7.94295714071,8.43436618766,1042794.0,9.52,0.0,10.1599,8.89,9.44,1.0,1042794.0,2,02
364,2015-09-01,8.30034553849,9.24733544552,8.21099843905,8.75601574566,579120.0,9.29,0.0,10.3499,9.19,9.8,1.0,579120.0,1,01
365,2015-08-31,8.702407486,9.24385090864,8.44115656722,9.15807769317,709715.0,9.74,0.0,10.346,9.4476,10.25,1.0,709715.0,0,31
366,2015-08-28,8.702407486,8.98831820422,8.1216513396,8.19312901916,1013554.0,9.74,0.0,10.06,9.09,9.17,1.0,1013554.0,4,28
367,2015-08-27,8.23780256888,8.50584386722,7.37113570426,7.49622164348,1727616.0,9.22,0.0,9.52,8.25,8.39,1.0,1727616.0,3,27
368,2015-08-26,7.67491584237,7.81787120149,7.16563737553,7.44261338381,1005201.0,8.59,0.0,8.75,8.02,8.33,1.0,1005201.0,2,26
369,2015-08-25,7.18350679542,8.541582707,7.03161672637,8.18419430921,1124906.0,8.04,0.0,9.56,7.87,9.16,1.0,1124906.0,1,25
370,2015-08-24,8.45223560755,8.7828198755,7.3801597613,7.47835222359,1804024.0,9.46,0.0,9.83,8.2601,8.37,1.0,1804024.0,0,24
371,2015-08-21,8.52371328711,9.6048131904,8.18419430921,8.42543147772,1369481.0,9.54,0.0,10.75,9.16,9.43,1.0,1369481.0,4,21
372,2015-08-20,8.64879922633,8.92577523461,8.50575452012,8.74708103572,1423116.0,9.68,0.0,9.99,9.5199,9.79,1.0,1423116.0,3,20
373,2015-08-19,8.93470994456,9.34570660201,8.76495045561,9.2652942125,1852692.0,10.0,0.0,10.46,9.81,10.37,1.0,1852692.0,2,19
374,2015-08-18,9.2652942125,9.54227022079,9.13127356334,9.53333551084,1558598.0,10.37,0.0,10.68,10.22,10.67,1.0,1558598.0,1,18
375,2015-08-17,9.46185783128,9.6852255799,9.22062066278,9.59587848045,1558046.0,10.59,0.0,10.84,10.32,10.74,1.0,1558046.0,0,17
376,2015-08-14,9.43505370145,9.70309499979,8.95257936444,9.54227022079,958387.0,10.56,0.0,10.86,10.02,10.68,1.0,958387.0,4,14
377,2015-08-13,9.56907435062,10.2213081766,9.47079254123,9.56013964067,659747.0,10.71,0.0,11.44,10.6,10.7,1.0,659747.0,3,13
378,2015-08-12,9.61374790034,9.89072390862,7.8804141711,9.29209834234,4629681.0,10.76,0.0,11.07,8.82,10.4,1.0,4629681.0,2,12
379,2015-08-11,9.37251073184,10.5518924445,9.05979588378,10.4178717954,3219405.0,10.49,0.0,11.81,10.14,11.66,1.0,3219405.0,1,11
380,2015-08-10,10.5340230246,10.9940712397,10.2749164362,10.5340230246,1200359.0,11.79,0.0,12.3049,11.5,11.79,1.0,1200359.0,0,10
381,2015-08-07,10.3642635357,10.9360849721,9.7656379694,9.87285448873,2704286.0,11.6,0.0,12.24,10.93,11.05,1.0,2704286.0,4,07
382,2015-08-06,10.0694181075,12.4371162428,9.88178919868,12.0618584252,5204252.0,11.27,0.0,13.92,11.06,13.5,1.0,5204252.0,3,06
383,2015-08-05,12.2048137843,12.4728550826,12.0707931351,12.1512055246,1972717.0,13.66,0.0,13.96,13.51,13.6,1.0,1972717.0,2,05
384,2015-08-04,12.1512055246,12.1958790743,11.6329923478,11.8384906765,2390684.0,13.6,0.0,13.65,13.02,13.25,1.0,2390684.0,1,04
385,2015-08-03,11.918903066,12.5979410218,11.3470816296,12.5085939224,6316741.0,13.34,0.0,14.1,12.7,14.0,1.0,6316741.0,0,03
386,2015-07-31,12.5085939224,12.9017211599,12.0618584252,12.5085939224,20500918.0,14.0,0.0,14.44,13.5,14.0,1.0,20500918.0,4,31
