,Unnamed: 0,adj_close,adj_high,adj_low,adj_open,adj_volume,close,ex_dividend,high,low,open,split_ratio,volume,Day of Week,Day
0,2017-01-11,10.4,10.4,10.4,10.4,328.0,10.4,0.0,10.4,10.4,10.4,1.0,328.0,2,11
1,2017-01-06,10.05,10.05,10.05,10.05,400.0,10.05,0.0,10.05,10.05,10.05,1.0,400.0,4,06
2,2017-01-04,9.9907,10.05,9.9807,10.05,8365.0,9.9907,0.0,10.05,9.9807,10.05,1.0,8365.0,2,04
3,2017-01-03,10.05,10.05,10.05,10.05,1530.0,10.05,0.0,10.05,10.05,10.05,1.0,1530.0,1,03
4,2016-12-22,10.05,10.05,10.05,10.05,6856.0,10.05,0.0,10.05,10.05,10.05,1.0,6856.0,3,22
5,2016-12-19,10.01,10.01,10.01,10.01,600.0,10.01,0.0,10.01,10.01,10.01,1.0,600.0,0,19
6,2016-12-16,10.0,10.0,10.0,10.0,1100.0,10.0,0.0,10.0,10.0,10.0,1.0,1100.0,4,16
7,2016-12-15,10.1188,10.1188,10.0,10.01,300.0,10.1188,0.0,10.1188,10.0,10.01,1.0,300.0,3,15
8,2016-12-13,10.01,10.01,10.01,10.01,100.0,10.01,0.0,10.01,10.01,10.01,1.0,100.0,1,13
9,2016-12-09,10.05,10.05,10.05,10.05,300.0,10.05,0.0,10.05,10.05,10.05,1.0,300.0,4,09
10,2016-12-08,10.05,10.05,10.05,10.05,100.0,10.05,0.0,10.05,10.05,10.05,1.0,100.0,3,08
11,2016-12-07,10.05,10.05,10.05,10.05,200.0,10.05,0.0,10.05,10.05,10.05,1.0,200.0,2,07
12,2016-12-06,10.0,10.0,10.0,10.0,600.0,10.0,0.0,10.0,10.0,10.0,1.0,600.0,1,06
13,2016-12-02,11.0389,11.0389,11.0389,11.0389,1.0,11.0389,0.0,11.0389,11.0389,11.0389,1.0,1.0,4,02
14,2016-10-19,11.0389,11.04,10.3,10.3,2601.0,11.0389,0.0,11.04,10.3,10.3,1.0,2601.0,2,19
15,2016-10-18,10.24,10.2401,10.15,10.24,2299.0,10.24,0.0,10.2401,10.15,10.24,1.0,2299.0,1,18
16,2016-10-17,9.85,9.85,9.85,9.85,1.0,9.85,0.0,9.85,9.85,9.85,1.0,1.0,0,17
17,2016-10-14,9.85,9.85,9.85,9.85,0.0,9.85,0.0,9.85,9.85,9.85,1.0,0.0,4,14
18,2016-10-13,9.85,9.85,9.85,9.85,0.0,9.85,0.0,9.85,9.85,9.85,1.0,0.0,3,13
19,2016-10-12,9.85,9.85,9.85,9.85,0.0,9.85,0.0,9.85,9.85,9.85,1.0,0.0,2,12
20,2016-10-11,9.85,9.85,9.85,9.85,0.0,9.85,0.0,9.85,9.85,9.85,1.0,0.0,1,11
21,2016-10-10,9.85,9.88,9.85,9.88,1200.0,9.85,0.0,9.88,9.85,9.88,1.0,1200.0,0,10
22,2016-10-07,10.0,10.05,10.0,10.05,3100.0,10.0,0.0,10.05,10.0,10.05,1.0,3100.0,4,07
23,2016-10-06,10.0,10.0,10.0,10.0,0.0,10.0,0.0,10.0,10.0,10.0,1.0,0.0,3,06
24,2016-10-05,10.0,10.0,10.0,10.0,0.0,10.0,0.0,10.0,10.0,10.0,1.0,0.0,2,05
25,2016-10-04,10.0,10.0,10.0,10.0,0.0,10.0,0.0,10.0,10.0,10.0,1.0,0.0,1,04
26,2016-10-03,10.0,10.0,10.0,10.0,0.0,10.0,0.0,10.0,10.0,10.0,1.0,0.0,0,03
27,2016-09-30,10.0,10.0,10.0,10.0,0.0,10.0,0.0,10.0,10.0,10.0,1.0,0.0,4,30
28,2016-09-29,10.0,10.0,10.0,10.0,0.0,10.0,0.0,10.0,10.0,10.0,1.0,0.0,3,29
29,2016-09-28,10.0,10.0,10.0,10.0,0.0,10.0,0.0,10.0,10.0,10.0,1.0,0.0,2,28
30,2016-09-27,10.0,10.0,10.0,10.0,0.0,10.0,0.0,10.0,10.0,10.0,1.0,0.0,1,27
31,2016-09-26,10.0,10.0,10.0,10.0,0.0,10.0,0.0,10.0,10.0,10.0,1.0,0.0,0,26
32,2016-09-23,10.0,10.0,10.0,10.0,0.0,10.0,0.0,10.0,10.0,10.0,1.0,0.0,4,23
33,2016-09-22,10.0,10.0,10.0,10.0,0.0,10.0,0.0,10.0,10.0,10.0,1.0,0.0,3,22
34,2016-09-21,10.0,10.0,10.0,10.0,0.0,10.0,0.0,10.0,10.0,10.0,1.0,0.0,2,21
35,2016-09-20,10.0,10.0,10.0,10.0,0.0,10.0,0.0,10.0,10.0,10.0,1.0,0.0,1,20
36,2016-09-19,10.0,10.0,10.0,10.0,0.0,10.0,0.0,10.0,10.0,10.0,1.0,0.0,0,19
37,2016-09-16,10.0,10.0,10.0,10.0,0.0,10.0,0.0,10.0,10.0,10.0,1.0,0.0,4,16
38,2016-09-15,10.0,10.0,10.0,10.0,0.0,10.0,0.0,10.0,10.0,10.0,1.0,0.0,3,15
39,2016-09-14,10.0,10.0,10.0,10.0,0.0,10.0,0.0,10.0,10.0,10.0,1.0,0.0,2,14
40,2016-09-13,10.0,10.0,10.0,10.0,0.0,10.0,0.0,10.0,10.0,10.0,1.0,0.0,1,13
41,2016-09-12,10.0,10.0,10.0,10.0,200.0,10.0,0.0,10.0,10.0,10.0,1.0,200.0,0,12
42,2016-09-09,9.85,9.85,9.85,9.85,0.0,9.85,0.0,9.85,9.85,9.85,1.0,0.0,4,09
43,2016-09-08,9.85,9.85,9.85,9.85,0.0,9.85,0.0,9.85,9.85,9.85,1.0,0.0,3,08
44,2016-09-07,9.85,9.85,9.85,9.85,0.0,9.85,0.0,9.85,9.85,9.85,1.0,0.0,2,07
45,2016-09-06,9.85,9.87,9.85,9.87,1300.0,9.85,0.0,9.87,9.85,9.87,1.0,1300.0,1,06
46,2016-09-02,9.87,9.9,9.48,9.72,7600.0,9.87,0.0,9.9,9.48,9.72,1.0,7600.0,4,02
47,2016-09-01,9.9417,9.9417,9.9417,9.9417,0.0,9.9417,0.0,9.9417,9.9417,9.9417,1.0,0.0,3,01
48,2016-08-31,9.9417,9.9417,9.9417,9.9417,0.0,9.9417,0.0,9.9417,9.9417,9.9417,1.0,0.0,2,31
49,2016-08-30,9.9417,9.9417,9.9417,9.9417,0.0,9.9417,0.0,9.9417,9.9417,9.9417,1.0,0.0,1,30
50,2016-08-29,9.9417,9.9417,9.9417,9.9417,0.0,9.9417,0.0,9.9417,9.9417,9.9417,1.0,0.0,0,29
51,2016-08-26,9.9417,9.9417,9.9417,9.9417,0.0,9.9417,0.0,9.9417,9.9417,9.9417,1.0,0.0,4,26
52,2016-08-25,9.9417,9.9417,9.9417,9.9417,0.0,9.9417,0.0,9.9417,9.9417,9.9417,1.0,0.0,3,25
53,2016-08-24,9.9417,9.9417,9.9417,9.9417,0.0,9.9417,0.0,9.9417,9.9417,9.9417,1.0,0.0,2,24
54,2016-08-23,9.9417,9.9417,9.9417,9.9417,0.0,9.9417,0.0,9.9417,9.9417,9.9417,1.0,0.0,1,23
55,2016-08-22,9.9417,9.9417,9.9417,9.9417,0.0,9.9417,0.0,9.9417,9.9417,9.9417,1.0,0.0,0,22
56,2016-08-19,9.9417,9.9417,9.9417,9.9417,0.0,9.9417,0.0,9.9417,9.9417,9.9417,1.0,0.0,4,19
57,2016-08-18,9.9417,9.9417,9.9417,9.9417,0.0,9.9417,0.0,9.9417,9.9417,9.9417,1.0,0.0,3,18
58,2016-08-17,9.9417,9.9417,9.9417,9.9417,0.0,9.9417,0.0,9.9417,9.9417,9.9417,1.0,0.0,2,17
59,2016-08-16,9.9417,9.9417,9.9417,9.9417,0.0,9.9417,0.0,9.9417,9.9417,9.9417,1.0,0.0,1,16
60,2016-08-15,9.9417,9.9417,9.9417,9.9417,0.0,9.9417,0.0,9.9417,9.9417,9.9417,1.0,0.0,0,15
61,2016-08-12,9.9417,9.9417,9.9417,9.9417,1.0,9.9417,0.0,9.9417,9.9417,9.9417,1.0,1.0,4,12
62,2016-08-11,9.9417,9.9417,9.75,9.75,600.0,9.9417,0.0,9.9417,9.75,9.75,1.0,600.0,3,11
63,2016-08-10,10.0,10.0,10.0,10.0,0.0,10.0,0.0,10.0,10.0,10.0,1.0,0.0,2,10
64,2016-08-09,10.0,10.0,10.0,10.0,0.0,10.0,0.0,10.0,10.0,10.0,1.0,0.0,1,09
65,2016-08-08,10.0,10.0,10.0,10.0,100.0,10.0,0.0,10.0,10.0,10.0,1.0,100.0,0,08
66,2016-08-05,9.92,9.92,9.92,9.92,0.0,9.92,0.0,9.92,9.92,9.92,1.0,0.0,4,05
67,2016-08-04,9.92,9.92,9.92,9.92,0.0,9.92,0.0,9.92,9.92,9.92,1.0,0.0,3,04
68,2016-08-03,9.92,9.92,9.92,9.92,0.0,9.92,0.0,9.92,9.92,9.92,1.0,0.0,2,03
69,2016-08-02,9.92,9.92,9.92,9.92,0.0,9.92,0.0,9.92,9.92,9.92,1.0,0.0,1,02
70,2016-08-01,9.92,9.92,9.92,9.92,0.0,9.92,0.0,9.92,9.92,9.92,1.0,0.0,0,01
71,2016-07-29,9.92,9.92,9.92,9.92,100.0,9.92,0.0,9.92,9.92,9.92,1.0,100.0,4,29
72,2016-07-28,9.88,9.88,9.87,9.87,3161.0,9.88,0.0,9.88,9.87,9.87,1.0,3161.0,3,28
73,2016-07-27,9.87,9.87,9.8399,9.8399,4228.0,9.87,0.0,9.87,9.8399,9.8399,1.0,4228.0,2,27
74,2016-07-26,9.85,9.85,9.85,9.85,100.0,9.85,0.0,9.85,9.85,9.85,1.0,100.0,1,26
75,2016-07-25,9.89,9.89,9.89,9.89,0.0,9.89,0.0,9.89,9.89,9.89,1.0,0.0,0,25
76,2016-07-22,9.89,9.89,9.89,9.89,0.0,9.89,0.0,9.89,9.89,9.89,1.0,0.0,4,22
77,2016-07-21,9.89,9.89,9.89,9.89,0.0,9.89,0.0,9.89,9.89,9.89,1.0,0.0,3,21
78,2016-07-20,9.89,9.9,9.6499,9.65,3400.0,9.89,0.0,9.9,9.6499,9.65,1.0,3400.0,2,20
79,2016-07-19,9.96,9.96,9.96,9.96,0.0,9.96,0.0,9.96,9.96,9.96,1.0,0.0,1,19
80,2016-07-18,9.96,9.96,9.96,9.96,0.0,9.96,0.0,9.96,9.96,9.96,1.0,0.0,0,18
81,2016-07-15,9.96,9.96,9.96,9.96,200.0,9.96,0.0,9.96,9.96,9.96,1.0,200.0,4,15
82,2016-07-14,10.08,10.08,9.65,9.65,2800.0,10.08,0.0,10.08,9.65,9.65,1.0,2800.0,3,14
83,2016-07-13,9.86,10.11,9.86,9.99,700.0,9.86,0.0,10.11,9.86,9.99,1.0,700.0,2,13
84,2016-07-12,9.78,9.78,9.78,9.78,0.0,9.78,0.0,9.78,9.78,9.78,1.0,0.0,1,12
85,2016-07-11,9.78,9.78,9.78,9.78,100.0,9.78,0.0,9.78,9.78,9.78,1.0,100.0,0,11
86,2016-07-08,9.97,9.97,9.7801,9.8,1100.0,9.97,0.0,9.97,9.7801,9.8,1.0,1100.0,4,08
87,2016-07-07,9.9601,10.0,9.66,9.66,4801.0,9.9601,0.0,10.0,9.66,9.66,1.0,4801.0,3,07
88,2016-07-06,9.82,10.1,9.7,10.1,6700.0,9.82,0.0,10.1,9.7,10.1,1.0,6700.0,2,06
89,2016-07-05,10.24,10.25,10.19,10.19,3802.0,10.24,0.0,10.25,10.19,10.19,1.0,3802.0,1,05
90,2016-07-01,10.0999,10.0999,10.0999,10.0999,0.0,10.0999,0.0,10.0999,10.0999,10.0999,1.0,0.0,4,01
91,2016-06-30,10.0999,10.0999,10.0999,10.0999,0.0,10.0999,0.0,10.0999,10.0999,10.0999,1.0,0.0,3,30
92,2016-06-29,10.0999,10.0999,10.0999,10.0999,0.0,10.0999,0.0,10.0999,10.0999,10.0999,1.0,0.0,2,29
93,2016-06-28,10.0999,10.0999,10.0999,10.0999,0.0,10.0999,0.0,10.0999,10.0999,10.0999,1.0,0.0,1,28
94,2016-06-27,10.0999,10.1,9.985,10.1,4898.0,10.0999,0.0,10.1,9.985,10.1,1.0,4898.0,0,27
95,2016-06-24,10.19,10.19,10.19,10.19,0.0,10.19,0.0,10.19,10.19,10.19,1.0,0.0,4,24
96,2016-06-23,10.19,10.19,10.19,10.19,0.0,10.19,0.0,10.19,10.19,10.19,1.0,0.0,3,23
97,2016-06-22,10.19,10.19,10.19,10.19,0.0,10.19,0.0,10.19,10.19,10.19,1.0,0.0,2,22
98,2016-06-21,10.19,10.19,10.19,10.19,0.0,10.19,0.0,10.19,10.19,10.19,1.0,0.0,1,21
99,2016-06-20,10.19,10.19,10.19,10.19,0.0,10.19,0.0,10.19,10.19,10.19,1.0,0.0,0,20
100,2016-06-17,10.19,10.19,10.19,10.19,0.0,10.19,0.0,10.19,10.19,10.19,1.0,0.0,4,17
101,2016-06-16,10.19,10.2599,10.19,10.2599,1500.0,10.19,0.0,10.2599,10.19,10.2599,1.0,1500.0,3,16
102,2016-06-15,10.23,10.23,10.23,10.23,0.0,10.23,0.0,10.23,10.23,10.23,1.0,0.0,2,15
103,2016-06-14,10.23,10.23,10.23,10.23,49.0,10.23,0.0,10.23,10.23,10.23,1.0,49.0,1,14
104,2016-06-13,10.23,10.23,10.23,10.23,0.0,10.23,0.0,10.23,10.23,10.23,1.0,0.0,0,13
105,2016-06-10,10.23,10.23,10.23,10.23,0.0,10.23,0.0,10.23,10.23,10.23,1.0,0.0,4,10
106,2016-06-09,10.23,10.23,10.23,10.23,0.0,10.23,0.0,10.23,10.23,10.23,1.0,0.0,3,09
107,2016-06-08,10.23,10.23,10.23,10.23,0.0,10.23,0.0,10.23,10.23,10.23,1.0,0.0,2,08
108,2016-06-07,10.23,10.28,10.15,10.15,2298.0,10.23,0.0,10.28,10.15,10.15,1.0,2298.0,1,07
109,2016-06-06,10.14,10.14,10.14,10.14,0.0,10.14,0.0,10.14,10.14,10.14,1.0,0.0,0,06
110,2016-06-03,10.14,10.14,10.14,10.14,0.0,10.14,0.0,10.14,10.14,10.14,1.0,0.0,4,03
111,2016-06-02,10.14,10.14,10.14,10.14,0.0,10.14,0.0,10.14,10.14,10.14,1.0,0.0,3,02
112,2016-06-01,10.14,10.14,10.14,10.14,0.0,10.14,0.0,10.14,10.14,10.14,1.0,0.0,2,01
113,2016-05-31,10.14,10.14,10.14,10.14,3000.0,10.14,0.0,10.14,10.14,10.14,1.0,3000.0,1,31
114,2016-05-27,10.15,10.15,10.15,10.15,100.0,10.15,0.0,10.15,10.15,10.15,1.0,100.0,4,27
115,2016-05-26,10.15,10.15,10.15,10.15,100.0,10.15,0.0,10.15,10.15,10.15,1.0,100.0,3,26
116,2016-05-25,10.15,10.15,10.15,10.15,100.0,10.15,0.0,10.15,10.15,10.15,1.0,100.0,2,25
117,2016-05-24,10.15,10.15,10.15,10.15,100.0,10.15,0.0,10.15,10.15,10.15,1.0,100.0,1,24
118,2016-05-23,10.15,10.15,10.15,10.15,0.0,10.15,0.0,10.15,10.15,10.15,1.0,0.0,0,23
119,2016-05-20,10.15,10.15,10.137,10.137,400.0,10.15,0.0,10.15,10.137,10.137,1.0,400.0,4,20
120,2016-05-19,10.15,10.19,10.15,10.19,3302.0,10.15,0.0,10.19,10.15,10.19,1.0,3302.0,3,19
121,2016-05-18,10.2,10.2,10.2,10.2,0.0,10.2,0.0,10.2,10.2,10.2,1.0,0.0,2,18
122,2016-05-17,10.2,10.2,10.2,10.2,100.0,10.2,0.0,10.2,10.2,10.2,1.0,100.0,1,17
123,2016-05-16,10.3,10.3,10.3,10.3,0.0,10.3,0.0,10.3,10.3,10.3,1.0,0.0,0,16
124,2016-05-13,10.3,10.3,10.3,10.3,100.0,10.3,0.0,10.3,10.3,10.3,1.0,100.0,4,13
125,2016-05-12,10.25,10.25,10.25,10.25,100.0,10.25,0.0,10.25,10.25,10.25,1.0,100.0,3,12
126,2016-05-11,10.24,10.24,10.24,10.24,100.0,10.24,0.0,10.24,10.24,10.24,1.0,100.0,2,11
127,2016-05-10,10.22,10.22,10.22,10.22,0.0,10.22,0.0,10.22,10.22,10.22,1.0,0.0,1,10
128,2016-05-09,10.22,10.22,10.22,10.22,0.0,10.22,0.0,10.22,10.22,10.22,1.0,0.0,0,09
129,2016-05-06,10.22,10.22,10.22,10.22,0.0,10.22,0.0,10.22,10.22,10.22,1.0,0.0,4,06
130,2016-05-05,10.22,10.22,10.16,10.19,515.0,10.22,0.0,10.22,10.16,10.19,1.0,515.0,3,05
131,2016-05-04,10.2,10.2,10.2,10.2,0.0,10.2,0.0,10.2,10.2,10.2,1.0,0.0,2,04
132,2016-05-03,10.2,10.2,10.2,10.2,5.0,10.2,0.0,10.2,10.2,10.2,1.0,5.0,1,03
133,2016-05-02,10.2,10.2,10.2,10.2,300.0,10.2,0.0,10.2,10.2,10.2,1.0,300.0,0,02
134,2016-04-29,10.25,10.25,10.25,10.25,149.0,10.25,0.0,10.25,10.25,10.25,1.0,149.0,4,29
135,2016-04-28,10.3,10.32,10.2999,10.3,1981.0,10.3,0.0,10.32,10.2999,10.3,1.0,1981.0,3,28
136,2016-04-27,10.2828,10.2828,10.2828,10.2828,1.0,10.2828,0.0,10.2828,10.2828,10.2828,1.0,1.0,2,27
137,2016-04-26,10.2828,10.2828,10.2828,10.2828,0.0,10.2828,0.0,10.2828,10.2828,10.2828,1.0,0.0,1,26
138,2016-04-25,10.2828,10.2828,8.97,8.97,4002.0,10.2828,0.0,10.2828,8.97,8.97,1.0,4002.0,0,25
139,2016-04-22,10.1475,10.1475,10.1475,10.1475,0.0,10.1475,0.0,10.1475,10.1475,10.1475,1.0,0.0,4,22
140,2016-04-21,10.1475,10.1499,9.99,9.9999,4601.0,10.1475,0.0,10.1499,9.99,9.9999,1.0,4601.0,3,21
141,2016-04-20,10.09,10.1999,10.09,10.1999,640.0,10.09,0.0,10.1999,10.09,10.1999,1.0,640.0,2,20
142,2016-04-19,10.2,10.216,10.0,10.0,4707.0,10.2,0.0,10.216,10.0,10.0,1.0,4707.0,1,19
143,2016-04-18,9.86,9.88,9.85,9.85,26100.0,9.86,0.0,9.88,9.85,9.85,1.0,26100.0,0,18
144,2016-04-15,9.82,9.83,9.82,9.83,1200.0,9.82,0.0,9.83,9.82,9.83,1.0,1200.0,4,15
145,2016-04-14,9.8,9.9,9.8,9.8795,500.0,9.8,0.0,9.9,9.8,9.8795,1.0,500.0,3,14
146,2016-04-13,9.85,9.85,9.85,9.85,0.0,9.85,0.0,9.85,9.85,9.85,1.0,0.0,2,13
147,2016-04-12,9.85,9.85,9.75,9.84,700.0,9.85,0.0,9.85,9.75,9.84,1.0,700.0,1,12
148,2016-04-11,9.84,9.84,9.84,9.84,0.0,9.84,0.0,9.84,9.84,9.84,1.0,0.0,0,11
149,2016-04-08,9.84,9.84,9.84,9.84,3300.0,9.84,0.0,9.84,9.84,9.84,1.0,3300.0,4,08
150,2016-04-07,9.88,9.88,9.88,9.88,0.0,9.88,0.0,9.88,9.88,9.88,1.0,0.0,3,07
151,2016-04-06,9.88,9.88,9.88,9.88,0.0,9.88,0.0,9.88,9.88,9.88,1.0,0.0,2,06
152,2016-04-05,9.88,9.88,9.88,9.88,0.0,9.88,0.0,9.88,9.88,9.88,1.0,0.0,1,05
153,2016-04-04,9.88,9.88,9.88,9.88,0.0,9.88,0.0,9.88,9.88,9.88,1.0,0.0,0,04
154,2016-04-01,9.88,9.88,9.88,9.88,0.0,9.88,0.0,9.88,9.88,9.88,1.0,0.0,4,01
155,2016-03-31,9.88,9.88,9.88,9.88,0.0,9.88,0.0,9.88,9.88,9.88,1.0,0.0,3,31
156,2016-03-30,9.88,9.88,9.88,9.88,0.0,9.88,0.0,9.88,9.88,9.88,1.0,0.0,2,30
157,2016-03-29,9.88,9.88,9.88,9.88,0.0,9.88,0.0,9.88,9.88,9.88,1.0,0.0,1,29
158,2016-03-28,9.88,9.88,9.88,9.88,0.0,9.88,0.0,9.88,9.88,9.88,1.0,0.0,0,28
159,2016-03-24,9.88,9.88,9.88,9.88,0.0,9.88,0.0,9.88,9.88,9.88,1.0,0.0,3,24
160,2016-03-23,9.88,9.88,9.88,9.88,0.0,9.88,0.0,9.88,9.88,9.88,1.0,0.0,2,23
161,2016-03-22,9.88,9.88,9.88,9.88,0.0,9.88,0.0,9.88,9.88,9.88,1.0,0.0,1,22
162,2016-03-21,9.88,9.88,9.88,9.88,0.0,9.88,0.0,9.88,9.88,9.88,1.0,0.0,0,21
163,2016-03-18,9.88,9.88,9.88,9.88,0.0,9.88,0.0,9.88,9.88,9.88,1.0,0.0,4,18
164,2016-03-17,9.88,9.88,9.88,9.88,0.0,9.88,0.0,9.88,9.88,9.88,1.0,0.0,3,17
165,2016-03-16,9.88,9.88,9.88,9.88,0.0,9.88,0.0,9.88,9.88,9.88,1.0,0.0,2,16
166,2016-03-15,9.88,9.88,9.88,9.88,0.0,9.88,0.0,9.88,9.88,9.88,1.0,0.0,1,15
167,2016-03-14,9.88,9.88,9.88,9.88,0.0,9.88,0.0,9.88,9.88,9.88,1.0,0.0,0,14
168,2016-03-11,9.88,9.88,9.88,9.88,0.0,9.88,0.0,9.88,9.88,9.88,1.0,0.0,4,11
169,2016-03-10,9.88,9.88,9.88,9.88,0.0,9.88,0.0,9.88,9.88,9.88,1.0,0.0,3,10
170,2016-03-09,9.88,9.88,9.88,9.88,0.0,9.88,0.0,9.88,9.88,9.88,1.0,0.0,2,09
171,2016-03-08,9.88,9.88,9.88,9.88,5700.0,9.88,0.0,9.88,9.88,9.88,1.0,5700.0,1,08
172,2016-02-25,9.85,9.8992,9.85,9.85,1500.0,9.85,0.0,9.8992,9.85,9.85,1.0,1500.0,3,25
173,2016-02-24,9.85,9.85,9.72,9.73,600.0,9.85,0.0,9.85,9.72,9.73,1.0,600.0,2,24
174,2016-02-23,9.81,9.81,9.81,9.81,0.0,9.81,0.0,9.81,9.81,9.81,1.0,0.0,1,23
175,2016-02-22,9.81,9.81,9.71,9.74,1100.0,9.81,0.0,9.81,9.71,9.74,1.0,1100.0,0,22
176,2016-02-19,9.81,9.81,9.81,9.81,0.0,9.81,0.0,9.81,9.81,9.81,1.0,0.0,4,19
177,2016-02-18,9.81,9.85,9.81,9.85,4600.0,9.81,0.0,9.85,9.81,9.85,1.0,4600.0,3,18
178,2016-02-17,9.85,9.86,9.85,9.86,200.0,9.85,0.0,9.86,9.85,9.86,1.0,200.0,2,17
179,2016-02-16,9.894,9.894,9.894,9.894,100.0,9.894,0.0,9.894,9.894,9.894,1.0,100.0,1,16
180,2016-02-12,9.82,9.82,9.7,9.78,860760.0,9.82,0.0,9.82,9.7,9.78,1.0,860760.0,4,12
181,2016-02-11,9.9,9.9,9.85,9.86,1300.0,9.9,0.0,9.9,9.85,9.86,1.0,1300.0,3,11
182,2016-02-10,9.88,9.88,9.88,9.88,1000.0,9.88,0.0,9.88,9.88,9.88,1.0,1000.0,2,10
183,2016-02-09,9.8828,9.8828,9.8828,9.8828,0.0,9.8828,0.0,9.8828,9.8828,9.8828,1.0,0.0,1,09
184,2016-02-08,9.8828,9.8828,9.79,9.79,2700.0,9.8828,0.0,9.8828,9.79,9.79,1.0,2700.0,0,08
185,2016-02-05,9.85,9.85,9.85,9.85,0.0,9.85,0.0,9.85,9.85,9.85,1.0,0.0,4,05
186,2016-02-04,9.85,9.85,9.85,9.85,0.0,9.85,0.0,9.85,9.85,9.85,1.0,0.0,3,04
187,2016-02-03,9.85,9.85,9.85,9.85,0.0,9.85,0.0,9.85,9.85,9.85,1.0,0.0,2,03
188,2016-02-02,9.85,9.85,9.7601,9.7601,1600.0,9.85,0.0,9.85,9.7601,9.7601,1.0,1600.0,1,02
189,2016-02-01,9.99,9.99,9.99,9.99,0.0,9.99,0.0,9.99,9.99,9.99,1.0,0.0,0,01
190,2016-01-29,9.99,9.99,9.99,9.99,1000.0,9.99,0.0,9.99,9.99,9.99,1.0,1000.0,4,29
191,2016-01-28,9.75,9.75,9.75,9.75,0.0,9.75,0.0,9.75,9.75,9.75,1.0,0.0,3,28
192,2016-01-27,9.75,9.75,9.75,9.75,0.0,9.75,0.0,9.75,9.75,9.75,1.0,0.0,2,27
193,2016-01-26,9.75,9.75,9.75,9.75,0.0,9.75,0.0,9.75,9.75,9.75,1.0,0.0,1,26
194,2016-01-25,9.75,9.77,9.75,9.77,62850.0,9.75,0.0,9.77,9.75,9.77,1.0,62850.0,0,25
195,2016-01-22,9.81,9.81,9.81,9.81,0.0,9.81,0.0,9.81,9.81,9.81,1.0,0.0,4,22
196,2016-01-21,9.81,9.92,9.75,9.76,9240.0,9.81,0.0,9.92,9.75,9.76,1.0,9240.0,3,21
197,2016-01-20,9.75,9.75,9.75,9.75,0.0,9.75,0.0,9.75,9.75,9.75,1.0,0.0,2,20
198,2016-01-19,9.75,9.75,9.75,9.75,0.0,9.75,0.0,9.75,9.75,9.75,1.0,0.0,1,19
199,2016-01-15,9.75,9.75,9.75,9.75,0.0,9.75,0.0,9.75,9.75,9.75,1.0,0.0,4,15
200,2016-01-14,9.75,9.75,9.75,9.75,19000.0,9.75,0.0,9.75,9.75,9.75,1.0,19000.0,3,14
201,2016-01-13,9.8,9.8,9.8,9.8,0.0,9.8,0.0,9.8,9.8,9.8,1.0,0.0,2,13
202,2016-01-12,9.8,9.8,9.72,9.75,601000.0,9.8,0.0,9.8,9.72,9.75,1.0,601000.0,1,12
203,2016-01-11,9.8,9.8,9.8,9.8,0.0,9.8,0.0,9.8,9.8,9.8,1.0,0.0,0,11
204,2016-01-08,9.8,9.83,9.8,9.83,500.0,9.8,0.0,9.83,9.8,9.83,1.0,500.0,4,08
205,2016-01-07,9.75,9.75,9.75,9.75,0.0,9.75,0.0,9.75,9.75,9.75,1.0,0.0,3,07
206,2016-01-06,9.75,9.76,9.72,9.76,29300.0,9.75,0.0,9.76,9.72,9.76,1.0,29300.0,2,06
207,2016-01-05,9.9,9.9,9.9,9.9,0.0,9.9,0.0,9.9,9.9,9.9,1.0,0.0,1,05
208,2016-01-04,9.9,9.9,9.9,9.9,500.0,9.9,0.0,9.9,9.9,9.9,1.0,500.0,0,04
209,2015-12-31,9.95,9.95,9.7,9.77,17500.0,9.95,0.0,9.95,9.7,9.77,1.0,17500.0,3,31
210,2015-12-30,9.75,9.75,9.75,9.75,1000.0,9.75,0.0,9.75,9.75,9.75,1.0,1000.0,2,30
211,2015-12-29,9.74,10.0,9.7,9.75,8300.0,9.74,0.0,10.0,9.7,9.75,1.0,8300.0,1,29
212,2015-12-28,9.89,9.89,9.89,9.89,139.0,9.89,0.0,9.89,9.89,9.89,1.0,139.0,0,28
213,2015-12-24,9.68,9.695,9.67,9.69,6700.0,9.68,0.0,9.695,9.67,9.69,1.0,6700.0,3,24
214,2015-12-23,9.67,9.7,9.67,9.7,19450.0,9.67,0.0,9.7,9.67,9.7,1.0,19450.0,2,23
215,2015-12-22,9.75,9.91,9.65,9.91,24640.0,9.75,0.0,9.91,9.65,9.91,1.0,24640.0,1,22
216,2015-12-21,9.92,9.92,9.9,9.92,5400.0,9.92,0.0,9.92,9.9,9.92,1.0,5400.0,0,21
217,2015-12-18,9.93,9.93,9.93,9.93,0.0,9.93,0.0,9.93,9.93,9.93,1.0,0.0,4,18
218,2015-12-17,9.93,9.93,9.93,9.93,0.0,9.93,0.0,9.93,9.93,9.93,1.0,0.0,3,17
219,2015-12-16,9.93,9.93,9.93,9.93,0.0,9.93,0.0,9.93,9.93,9.93,1.0,0.0,2,16
220,2015-12-15,9.93,9.93,9.93,9.93,0.0,9.93,0.0,9.93,9.93,9.93,1.0,0.0,1,15
221,2015-12-14,9.93,9.93,9.93,9.93,0.0,9.93,0.0,9.93,9.93,9.93,1.0,0.0,0,14
222,2015-12-11,9.93,9.93,9.93,9.93,0.0,9.93,0.0,9.93,9.93,9.93,1.0,0.0,4,11
223,2015-12-10,9.93,9.93,9.93,9.93,0.0,9.93,0.0,9.93,9.93,9.93,1.0,0.0,3,10
224,2015-12-09,9.93,9.93,9.93,9.93,0.0,9.93,0.0,9.93,9.93,9.93,1.0,0.0,2,09
225,2015-12-08,9.93,9.93,9.93,9.93,0.0,9.93,0.0,9.93,9.93,9.93,1.0,0.0,1,08
226,2015-12-07,9.93,9.93,9.93,9.93,0.0,9.93,0.0,9.93,9.93,9.93,1.0,0.0,0,07
227,2015-12-04,9.93,9.93,9.93,9.93,0.0,9.93,0.0,9.93,9.93,9.93,1.0,0.0,4,04
228,2015-12-03,9.93,9.93,9.93,9.93,3600.0,9.93,0.0,9.93,9.93,9.93,1.0,3600.0,3,03
229,2015-12-02,9.93,9.93,9.93,9.93,0.0,9.93,0.0,9.93,9.93,9.93,1.0,0.0,2,02
230,2015-12-01,9.93,9.9301,9.93,9.93,3400.0,9.93,0.0,9.9301,9.93,9.93,1.0,3400.0,1,01
231,2015-11-30,9.99,9.99,9.99,9.99,0.0,9.99,0.0,9.99,9.99,9.99,1.0,0.0,0,30
232,2015-11-27,9.99,9.99,9.99,9.99,0.0,9.99,0.0,9.99,9.99,9.99,1.0,0.0,4,27
233,2015-11-25,9.99,9.99,9.99,9.99,0.0,9.99,0.0,9.99,9.99,9.99,1.0,0.0,2,25
234,2015-11-24,9.99,9.99,9.99,9.99,169.0,9.99,0.0,9.99,9.99,9.99,1.0,169.0,1,24
235,2015-11-23,9.93,9.93,9.93,9.93,0.0,9.93,0.0,9.93,9.93,9.93,1.0,0.0,0,23
236,2015-11-20,9.93,9.93,9.93,9.93,0.0,9.93,0.0,9.93,9.93,9.93,1.0,0.0,4,20
237,2015-11-19,9.93,9.93,9.93,9.93,0.0,9.93,0.0,9.93,9.93,9.93,1.0,0.0,3,19
238,2015-11-18,9.93,9.93,9.93,9.93,0.0,9.93,0.0,9.93,9.93,9.93,1.0,0.0,2,18
239,2015-11-17,9.93,9.93,9.93,9.93,0.0,9.93,0.0,9.93,9.93,9.93,1.0,0.0,1,17
240,2015-11-16,9.93,9.93,9.93,9.93,5400.0,9.93,0.0,9.93,9.93,9.93,1.0,5400.0,0,16
241,2015-11-13,9.99,9.99,9.99,9.99,0.0,9.99,0.0,9.99,9.99,9.99,1.0,0.0,4,13
242,2015-11-12,9.99,9.99,9.99,9.99,0.0,9.99,0.0,9.99,9.99,9.99,1.0,0.0,3,12
243,2015-11-11,9.99,9.99,9.99,9.99,0.0,9.99,0.0,9.99,9.99,9.99,1.0,0.0,2,11
244,2015-11-10,9.99,9.99,9.99,9.99,0.0,9.99,0.0,9.99,9.99,9.99,1.0,0.0,1,10
245,2015-11-09,9.99,9.99,9.9847,9.9899,6100.0,9.99,0.0,9.99,9.9847,9.9899,1.0,6100.0,0,09
246,2015-11-06,9.93,9.93,9.93,9.93,0.0,9.93,0.0,9.93,9.93,9.93,1.0,0.0,4,06
247,2015-11-05,9.93,9.97,9.93,9.97,1140.0,9.93,0.0,9.97,9.93,9.97,1.0,1140.0,3,05
248,2015-11-04,9.93,9.93,9.93,9.93,2950.0,9.93,0.0,9.93,9.93,9.93,1.0,2950.0,2,04
249,2015-11-03,9.92,9.92,9.92,9.92,0.0,9.92,0.0,9.92,9.92,9.92,1.0,0.0,1,03
250,2015-11-02,9.92,9.92,9.92,9.92,0.0,9.92,0.0,9.92,9.92,9.92,1.0,0.0,0,02
251,2015-10-30,9.92,9.92,9.92,9.92,0.0,9.92,0.0,9.92,9.92,9.92,1.0,0.0,4,30
252,2015-10-29,9.92,9.92,9.92,9.92,0.0,9.92,0.0,9.92,9.92,9.92,1.0,0.0,3,29
253,2015-10-28,9.92,9.92,9.92,9.92,0.0,9.92,0.0,9.92,9.92,9.92,1.0,0.0,2,28
254,2015-10-27,9.92,9.92,9.92,9.92,1000.0,9.92,0.0,9.92,9.92,9.92,1.0,1000.0,1,27
255,2015-10-26,9.95,9.95,9.95,9.95,0.0,9.95,0.0,9.95,9.95,9.95,1.0,0.0,0,26
256,2015-10-23,9.95,9.95,9.95,9.95,1000.0,9.95,0.0,9.95,9.95,9.95,1.0,1000.0,4,23
257,2015-10-22,9.92,9.92,9.92,9.92,0.0,9.92,0.0,9.92,9.92,9.92,1.0,0.0,3,22
258,2015-10-21,9.92,9.927,9.92,9.92,9100.0,9.92,0.0,9.927,9.92,9.92,1.0,9100.0,2,21
259,2015-10-20,9.9001,9.9001,9.9001,9.9001,0.0,9.9001,0.0,9.9001,9.9001,9.9001,1.0,0.0,1,20
260,2015-10-19,9.9001,9.9001,9.9001,9.9001,0.0,9.9001,0.0,9.9001,9.9001,9.9001,1.0,0.0,0,19
261,2015-10-16,9.9001,9.9001,9.9001,9.9001,0.0,9.9001,0.0,9.9001,9.9001,9.9001,1.0,0.0,4,16
262,2015-10-15,9.9001,9.9001,9.9001,9.9001,0.0,9.9001,0.0,9.9001,9.9001,9.9001,1.0,0.0,3,15
263,2015-10-14,9.9001,9.9001,9.9001,9.9001,0.0,9.9001,0.0,9.9001,9.9001,9.9001,1.0,0.0,2,14
264,2015-10-13,9.9001,9.9001,9.9001,9.9001,0.0,9.9001,0.0,9.9001,9.9001,9.9001,1.0,0.0,1,13
265,2015-10-12,9.9001,9.9001,9.9001,9.9001,0.0,9.9001,0.0,9.9001,9.9001,9.9001,1.0,0.0,0,12
266,2015-10-09,9.9001,9.9001,9.9001,9.9001,100.0,9.9001,0.0,9.9001,9.9001,9.9001,1.0,100.0,4,09
267,2015-10-08,10.04,10.04,10.04,10.04,0.0,10.04,0.0,10.04,10.04,10.04,1.0,0.0,3,08
268,2015-10-07,10.04,10.04,9.9001,9.98,6600.0,10.04,0.0,10.04,9.9001,9.98,1.0,6600.0,2,07
269,2015-10-06,9.935,9.939,9.9,9.9,17842.0,9.935,0.0,9.939,9.9,9.9,1.0,17842.0,1,06
270,2015-10-05,9.9,9.9,9.9,9.9,0.0,9.9,0.0,9.9,9.9,9.9,1.0,0.0,0,05
271,2015-10-02,9.9,9.9,9.9,9.9,0.0,9.9,0.0,9.9,9.9,9.9,1.0,0.0,4,02
272,2015-10-01,9.9,9.9,9.9,9.9,0.0,9.9,0.0,9.9,9.9,9.9,1.0,0.0,3,01
273,2015-09-30,9.9,9.95,9.9,9.95,19443.0,9.9,0.0,9.95,9.9,9.95,1.0,19443.0,2,30
274,2015-09-29,9.9,9.93,9.9,9.93,30020.0,9.9,0.0,9.93,9.9,9.93,1.0,30020.0,1,29
275,2015-09-28,9.94,9.94,9.93,9.94,700.0,9.94,0.0,9.94,9.93,9.94,1.0,700.0,0,28
276,2015-09-22,9.95,9.95,9.95,9.95,1.0,9.95,0.0,9.95,9.95,9.95,1.0,1.0,1,22
277,2015-09-21,9.95,9.95,9.95,9.95,0.0,9.95,0.0,9.95,9.95,9.95,1.0,0.0,0,21
278,2015-09-18,9.95,9.95,9.95,9.95,0.0,9.95,0.0,9.95,9.95,9.95,1.0,0.0,4,18
279,2015-09-17,9.95,9.95,9.95,9.95,0.0,9.95,0.0,9.95,9.95,9.95,1.0,0.0,3,17
280,2015-09-16,9.95,9.95,9.95,9.95,11500.0,9.95,0.0,9.95,9.95,9.95,1.0,11500.0,2,16
281,2015-09-15,9.95,9.95,9.95,9.95,0.0,9.95,0.0,9.95,9.95,9.95,1.0,0.0,1,15
282,2015-09-14,9.95,9.95,9.95,9.95,0.0,9.95,0.0,9.95,9.95,9.95,1.0,0.0,0,14
283,2015-09-11,9.95,9.95,9.95,9.95,0.0,9.95,0.0,9.95,9.95,9.95,1.0,0.0,4,11
284,2015-09-10,9.95,9.95,9.95,9.95,0.0,9.95,0.0,9.95,9.95,9.95,1.0,0.0,3,10
285,2015-09-09,9.95,9.95,9.95,9.95,0.0,9.95,0.0,9.95,9.95,9.95,1.0,0.0,2,09
286,2015-09-08,9.95,9.96,9.95,9.95,2300.0,9.95,0.0,9.96,9.95,9.95,1.0,2300.0,1,08
287,2015-09-04,9.95,9.95,9.95,9.95,0.0,9.95,0.0,9.95,9.95,9.95,1.0,0.0,4,04
288,2015-09-03,9.95,10.0,9.95,10.0,1350.0,9.95,0.0,10.0,9.95,10.0,1.0,1350.0,3,03
289,2015-09-02,9.98,10.0,9.95,10.0,13100.0,9.98,0.0,10.0,9.95,10.0,1.0,13100.0,2,02
290,2015-09-01,9.95,9.95,9.95,9.95,0.0,9.95,0.0,9.95,9.95,9.95,1.0,0.0,1,01
291,2015-08-31,9.95,9.95,9.95,9.95,0.0,9.95,0.0,9.95,9.95,9.95,1.0,0.0,0,31
292,2015-08-28,9.95,9.95,9.95,9.95,596.0,9.95,0.0,9.95,9.95,9.95,1.0,596.0,4,28
293,2015-08-27,9.95,9.95,9.95,9.95,148.0,9.95,0.0,9.95,9.95,9.95,1.0,148.0,3,27
294,2015-08-26,9.95,9.95,9.95,9.95,0.0,9.95,0.0,9.95,9.95,9.95,1.0,0.0,2,26
295,2015-08-25,9.95,9.98,9.94,9.98,4800.0,9.95,0.0,9.98,9.94,9.98,1.0,4800.0,1,25
296,2015-08-24,9.92,10.01,9.92,10.0,51501.0,9.92,0.0,10.01,9.92,10.0,1.0,51501.0,0,24
297,2015-08-21,10.05,10.05,10.05,10.05,400.0,10.05,0.0,10.05,10.05,10.05,1.0,400.0,4,21
298,2015-08-20,10.0,10.1001,10.0,10.1,10000.0,10.0,0.0,10.1001,10.0,10.1,1.0,10000.0,3,20
299,2015-08-19,10.1,10.1,10.1,10.1,22.0,10.1,0.0,10.1,10.1,10.1,1.0,22.0,2,19
300,2015-08-18,10.1,10.1,10.08,10.08,338.0,10.1,0.0,10.1,10.08,10.08,1.0,338.0,1,18
301,2015-08-17,10.03,10.03,10.03,10.03,0.0,10.03,0.0,10.03,10.03,10.03,1.0,0.0,0,17
302,2015-08-14,10.03,10.03,10.03,10.03,0.0,10.03,0.0,10.03,10.03,10.03,1.0,0.0,4,14
303,2015-08-13,10.03,10.03,10.03,10.03,180.0,10.03,0.0,10.03,10.03,10.03,1.0,180.0,3,13
304,2015-08-12,10.1,10.1,10.1,10.1,8.0,10.1,0.0,10.1,10.1,10.1,1.0,8.0,2,12
305,2015-08-11,10.1,10.1,10.1,10.1,0.0,10.1,0.0,10.1,10.1,10.1,1.0,0.0,1,11
306,2015-08-10,10.1,10.1,10.1,10.1,140.0,10.1,0.0,10.1,10.1,10.1,1.0,140.0,0,10
307,2015-08-07,10.07,10.07,10.07,10.07,0.0,10.07,0.0,10.07,10.07,10.07,1.0,0.0,4,07
308,2015-08-06,10.07,10.08,10.07,10.08,4199.0,10.07,0.0,10.08,10.07,10.08,1.0,4199.0,3,06
309,2015-08-05,10.07,10.1,10.07,10.1,500.0,10.07,0.0,10.1,10.07,10.1,1.0,500.0,2,05
310,2015-08-04,10.0899,10.09,10.05,10.07,1542.0,10.0899,0.0,10.09,10.05,10.07,1.0,1542.0,1,04
311,2015-08-03,10.1,10.1,10.1,10.1,3900.0,10.1,0.0,10.1,10.1,10.1,1.0,3900.0,0,03
312,2015-07-31,10.13,10.13,10.06,10.06,11200.0,10.13,0.0,10.13,10.06,10.06,1.0,11200.0,4,31
313,2015-07-30,10.06,10.11,10.06,10.11,3000.0,10.06,0.0,10.11,10.06,10.11,1.0,3000.0,3,30
314,2015-07-29,10.2,10.2,10.2,10.2,0.0,10.2,0.0,10.2,10.2,10.2,1.0,0.0,2,29
315,2015-07-28,10.2,10.2,10.11,10.12,8900.0,10.2,0.0,10.2,10.11,10.12,1.0,8900.0,1,28
316,2015-07-27,10.0301,10.0301,10.0301,10.0301,0.0,10.0301,0.0,10.0301,10.0301,10.0301,1.0,0.0,0,27
317,2015-07-24,10.0301,10.0301,10.0301,10.0301,0.0,10.0301,0.0,10.0301,10.0301,10.0301,1.0,0.0,4,24
318,2015-07-23,10.0301,10.07,10.0301,10.07,600.0,10.0301,0.0,10.07,10.0301,10.07,1.0,600.0,3,23
319,2015-07-22,10.02,10.04,10.02,10.04,704.0,10.02,0.0,10.04,10.02,10.04,1.0,704.0,2,22
320,2015-07-21,10.04,10.04,10.04,10.04,0.0,10.04,0.0,10.04,10.04,10.04,1.0,0.0,1,21
321,2015-07-20,10.04,10.04,10.04,10.04,20.0,10.04,0.0,10.04,10.04,10.04,1.0,20.0,0,20
322,2015-07-17,10.04,10.0801,10.04,10.08,4000.0,10.04,0.0,10.0801,10.04,10.08,1.0,4000.0,4,17
323,2015-07-16,10.08,10.08,10.08,10.08,54.0,10.08,0.0,10.08,10.08,10.08,1.0,54.0,3,16
324,2015-07-15,10.08,10.08,10.08,10.08,0.0,10.08,0.0,10.08,10.08,10.08,1.0,0.0,2,15
325,2015-07-14,10.08,10.08,10.08,10.08,54754.0,10.08,0.0,10.08,10.08,10.08,1.0,54754.0,1,14
326,2015-07-13,10.1,10.1,10.0,10.0,22846.0,10.1,0.0,10.1,10.0,10.0,1.0,22846.0,0,13
327,2015-07-10,10.05,10.05,10.05,10.05,0.0,10.05,0.0,10.05,10.05,10.05,1.0,0.0,4,10
328,2015-07-09,10.05,10.05,10.05,10.05,0.0,10.05,0.0,10.05,10.05,10.05,1.0,0.0,3,09
329,2015-07-08,10.05,10.05,10.05,10.05,0.0,10.05,0.0,10.05,10.05,10.05,1.0,0.0,2,08
330,2015-07-07,10.05,10.05,10.05,10.05,2018.0,10.05,0.0,10.05,10.05,10.05,1.0,2018.0,1,07
331,2015-07-06,10.05,10.051,10.05,10.051,3558.0,10.05,0.0,10.051,10.05,10.051,1.0,3558.0,0,06
332,2015-07-02,10.03,10.03,10.03,10.03,0.0,10.03,0.0,10.03,10.03,10.03,1.0,0.0,3,02
333,2015-07-01,10.03,10.03,10.03,10.03,0.0,10.03,0.0,10.03,10.03,10.03,1.0,0.0,2,01
334,2015-06-30,10.03,10.03,10.03,10.03,342.0,10.03,0.0,10.03,10.03,10.03,1.0,342.0,1,30
335,2015-06-29,10.08,10.08,10.08,10.08,0.0,10.08,0.0,10.08,10.08,10.08,1.0,0.0,0,29
336,2015-06-26,10.08,10.08,10.08,10.08,42.0,10.08,0.0,10.08,10.08,10.08,1.0,42.0,4,26
337,2015-06-25,10.08,10.08,10.08,10.08,0.0,10.08,0.0,10.08,10.08,10.08,1.0,0.0,3,25
338,2015-06-24,10.08,10.11,10.03,10.03,46385.0,10.08,0.0,10.11,10.03,10.03,1.0,46385.0,2,24
339,2015-06-23,10.05,10.08,10.02,10.03,3300.0,10.05,0.0,10.08,10.02,10.03,1.0,3300.0,1,23
340,2015-06-22,10.09,10.1,10.08,10.1,2324.0,10.09,0.0,10.1,10.08,10.1,1.0,2324.0,0,22
341,2015-06-19,10.1,10.111,10.1,10.111,1703.0,10.1,0.0,10.111,10.1,10.111,1.0,1703.0,4,19
342,2015-06-18,10.1,10.11,10.1,10.1,5658.0,10.1,0.0,10.11,10.1,10.1,1.0,5658.0,3,18
343,2015-06-17,10.04,10.04,10.04,10.04,100.0,10.04,0.0,10.04,10.04,10.04,1.0,100.0,2,17
344,2015-06-16,10.1,10.1,10.1,10.1,0.0,10.1,0.0,10.1,10.1,10.1,1.0,0.0,1,16
345,2015-06-15,10.1,10.1,10.1,10.1,61.0,10.1,0.0,10.1,10.1,10.1,1.0,61.0,0,15
346,2015-06-12,10.1,10.15,10.1,10.1,1000.0,10.1,0.0,10.15,10.1,10.1,1.0,1000.0,4,12
347,2015-06-11,10.17,10.18,10.17,10.17,3067.0,10.17,0.0,10.18,10.17,10.17,1.0,3067.0,3,11
348,2015-06-10,10.15,10.15,10.15,10.15,100.0,10.15,0.0,10.15,10.15,10.15,1.0,100.0,2,10
349,2015-06-09,10.08,10.12,10.08,10.12,6100.0,10.08,0.0,10.12,10.08,10.12,1.0,6100.0,1,09
350,2015-06-08,10.14,10.14,10.0999,10.0999,2766.0,10.14,0.0,10.14,10.0999,10.0999,1.0,2766.0,0,08
351,2015-06-05,10.06,10.06,10.06,10.06,60.0,10.06,0.0,10.06,10.06,10.06,1.0,60.0,4,05
352,2015-06-04,10.06,10.06,10.06,10.06,0.0,10.06,0.0,10.06,10.06,10.06,1.0,0.0,3,04
353,2015-06-03,10.06,10.1,10.03,10.1,63697.0,10.06,0.0,10.1,10.03,10.1,1.0,63697.0,2,03
354,2015-06-02,10.1216,10.1216,10.0,10.01,7186.0,10.1216,0.0,10.1216,10.0,10.01,1.0,7186.0,1,02
355,2015-06-01,10.03,10.03,10.0,10.01,5100.0,10.03,0.0,10.03,10.0,10.01,1.0,5100.0,0,01
356,2015-05-29,10.1,10.1,10.07,10.07,1730.0,10.1,0.0,10.1,10.07,10.07,1.0,1730.0,4,29
357,2015-05-28,10.04,10.05,10.01,10.02,5456.0,10.04,0.0,10.05,10.01,10.02,1.0,5456.0,3,28
358,2015-05-27,10.05,10.05,10.0,10.05,6386.0,10.05,0.0,10.05,10.0,10.05,1.0,6386.0,2,27
359,2015-05-26,10.06,10.0999,10.05,10.0999,400.0,10.06,0.0,10.0999,10.05,10.0999,1.0,400.0,1,26
360,2015-05-22,10.05,10.55,10.03,10.03,25975.0,10.05,0.0,10.55,10.03,10.03,1.0,25975.0,4,22
361,2015-05-21,10.03,10.1,10.01,10.0229,34095.0,10.03,0.0,10.1,10.01,10.0229,1.0,34095.0,3,21
362,2015-05-20,10.02,10.05,10.0,10.05,1256238.0,10.02,0.0,10.05,10.0,10.05,1.0,1256238.0,2,20
