,Unnamed: 0,adj_close,adj_high,adj_low,adj_open,adj_volume,close,ex_dividend,high,low,open,split_ratio,volume,Day of Week,Day
0,2017-02-10,9.8,9.8,9.8,9.8,200.0,9.8,0.0,9.8,9.8,9.8,1.0,200.0,4,10
1,2017-02-09,9.51,9.51,9.51,9.51,1149.0,9.51,0.0,9.51,9.51,9.51,1.0,1149.0,3,09
2,2017-02-07,9.76,9.76,9.6957,9.7099,1200.0,9.76,0.0,9.76,9.6957,9.7099,1.0,1200.0,1,07
3,2017-02-02,9.51,9.51,9.51,9.51,110.0,9.51,0.0,9.51,9.51,9.51,1.0,110.0,3,02
4,2017-02-01,9.51,9.6554,9.51,9.56,800.0,9.51,0.0,9.6554,9.51,9.56,1.0,800.0,2,01
5,2017-01-31,9.81,9.81,9.81,9.81,105.0,9.81,0.0,9.81,9.81,9.81,1.0,105.0,1,31
6,2017-01-30,9.7,9.7001,9.7,9.7001,2777.0,9.7,0.0,9.7001,9.7,9.7001,1.0,2777.0,0,30
7,2017-01-27,9.71,9.71,9.71,9.71,220.0,9.71,0.0,9.71,9.71,9.71,1.0,220.0,4,27
8,2017-01-26,10.6999,10.6999,10.6999,10.6999,20.0,10.6999,0.0,10.6999,10.6999,10.6999,1.0,20.0,3,26
9,2017-01-25,10.6999,10.6999,10.6999,10.6999,40.0,10.6999,0.0,10.6999,10.6999,10.6999,1.0,40.0,2,25
10,2017-01-23,10.6999,10.6999,10.6999,10.6999,250.0,10.6999,0.0,10.6999,10.6999,10.6999,1.0,250.0,0,23
11,2017-01-20,10.2,10.89,9.97,10.89,941.0,10.2,0.0,10.89,9.97,10.89,1.0,941.0,4,20
12,2017-01-13,9.335,9.335,9.335,9.335,53.0,9.335,0.0,9.335,9.335,9.335,1.0,53.0,4,13
13,2017-01-12,9.335,11.0,9.15,11.0,1336.0,9.335,0.0,11.0,9.15,11.0,1.0,1336.0,3,12
14,2017-01-10,11.0,11.0,11.0,11.0,1542.0,11.0,0.0,11.0,11.0,11.0,1.0,1542.0,1,10
15,2017-01-06,9.6,9.6,9.4,9.4,730.0,9.6,0.0,9.6,9.4,9.4,1.0,730.0,4,06
16,2017-01-04,9.1,9.1,9.1,9.1,228.0,9.1,0.0,9.1,9.1,9.1,1.0,228.0,2,04
17,2016-12-30,9.25,9.25,9.0875,9.14,5432.0,9.25,0.0,9.25,9.0875,9.14,1.0,5432.0,4,30
18,2016-12-29,9.25,9.25,9.01,9.01,5637.0,9.25,0.0,9.25,9.01,9.01,1.0,5637.0,3,29
19,2016-12-23,9.109,9.1099,9.109,9.1099,2500.0,9.109,0.0,9.1099,9.109,9.1099,1.0,2500.0,4,23
20,2016-12-22,9.11,9.11,9.11,9.11,3928.0,9.11,0.0,9.11,9.11,9.11,1.0,3928.0,3,22
21,2016-12-21,9.1141,9.1141,9.1141,9.1141,127.0,9.1141,0.0,9.1141,9.1141,9.1141,1.0,127.0,2,21
22,2016-12-19,9.1,9.1,9.099,9.099,5500.0,9.1,0.0,9.1,9.099,9.099,1.0,5500.0,0,19
23,2016-12-16,9.25,9.25,9.01,9.01,4786.0,9.25,0.0,9.25,9.01,9.01,1.0,4786.0,4,16
24,2016-12-15,9.09,9.25,9.09,9.25,1280.0,9.09,0.0,9.25,9.09,9.25,1.0,1280.0,3,15
25,2016-12-13,9.03,9.2,9.03,9.2,211.0,9.03,0.0,9.2,9.03,9.2,1.0,211.0,1,13
26,2016-12-12,9.2,9.2,9.0,9.14,11500.0,9.2,0.0,9.2,9.0,9.14,1.0,11500.0,0,12
27,2016-12-08,9.1397,9.14,9.1397,9.14,11572.0,9.1397,0.0,9.14,9.1397,9.14,1.0,11572.0,3,08
28,2016-12-07,9.13,9.1325,9.13,9.1325,1000.0,9.13,0.0,9.1325,9.13,9.1325,1.0,1000.0,2,07
29,2016-12-06,9.09,9.09,9.0898,9.09,7104.0,9.09,0.0,9.09,9.0898,9.09,1.0,7104.0,1,06
30,2016-12-02,8.9999,8.9999,8.9999,8.9999,10.0,8.9999,0.0,8.9999,8.9999,8.9999,1.0,10.0,4,02
31,2016-12-01,8.9999,8.9999,8.9999,8.9999,401.0,8.9999,0.0,8.9999,8.9999,8.9999,1.0,401.0,3,01
32,2016-11-30,9.0,9.05,8.9734,9.0,4788.0,9.0,0.0,9.05,8.9734,9.0,1.0,4788.0,2,30
33,2016-11-29,8.952,9.0,8.952,8.9834,4620.0,8.952,0.0,9.0,8.952,8.9834,1.0,4620.0,1,29
34,2016-11-28,8.85,8.865,8.85,8.85,2144.0,8.85,0.0,8.865,8.85,8.85,1.0,2144.0,0,28
35,2016-11-25,8.8999,8.8999,8.8999,8.8999,0.0,8.8999,0.0,8.8999,8.8999,8.8999,1.0,0.0,4,25
36,2016-11-23,8.8999,8.8999,8.8999,8.8999,0.0,8.8999,0.0,8.8999,8.8999,8.8999,1.0,0.0,2,23
37,2016-11-22,8.8999,8.8999,8.8999,8.8999,0.0,8.8999,0.0,8.8999,8.8999,8.8999,1.0,0.0,1,22
38,2016-11-21,8.8999,8.8999,8.8999,8.8999,0.0,8.8999,0.0,8.8999,8.8999,8.8999,1.0,0.0,0,21
39,2016-11-18,8.8999,8.9,8.881,8.9,2988.0,8.8999,0.0,8.9,8.881,8.9,1.0,2988.0,4,18
40,2016-11-17,8.95,8.95,8.9499,8.9499,1620.0,8.95,0.0,8.95,8.9499,8.9499,1.0,1620.0,3,17
41,2016-11-16,9.09,9.09,9.09,9.09,20.0,9.09,0.0,9.09,9.09,9.09,1.0,20.0,2,16
42,2016-11-15,9.09,9.09,9.09,9.09,0.0,9.09,0.0,9.09,9.09,9.09,1.0,0.0,1,15
43,2016-11-14,9.09,9.09,9.09,9.09,0.0,9.09,0.0,9.09,9.09,9.09,1.0,0.0,0,14
44,2016-11-11,9.09,9.09,9.09,9.09,0.0,9.09,0.0,9.09,9.09,9.09,1.0,0.0,4,11
45,2016-11-10,9.09,9.09,9.09,9.09,0.0,9.09,0.0,9.09,9.09,9.09,1.0,0.0,3,10
46,2016-11-09,9.09,9.09,9.09,9.09,0.0,9.09,0.0,9.09,9.09,9.09,1.0,0.0,2,09
47,2016-11-08,9.09,9.09,8.81,8.81,1314.0,9.09,0.0,9.09,8.81,8.81,1.0,1314.0,1,08
48,2016-11-07,9.0899,9.0899,9.0899,9.0899,159.0,9.0899,0.0,9.0899,9.0899,9.0899,1.0,159.0,0,07
49,2016-11-04,8.88,8.88,8.8464,8.8464,387.0,8.88,0.0,8.88,8.8464,8.8464,1.0,387.0,4,04
50,2016-11-03,9.0899,9.0899,9.0899,9.0899,0.0,9.0899,0.0,9.0899,9.0899,9.0899,1.0,0.0,3,03
51,2016-11-02,9.0899,9.0899,9.0899,9.0899,157.0,9.0899,0.0,9.0899,9.0899,9.0899,1.0,157.0,2,02
52,2016-11-01,9.0813,9.0813,9.0813,9.0813,0.0,9.0813,0.0,9.0813,9.0813,9.0813,1.0,0.0,1,01
53,2016-10-31,9.0813,9.0813,9.0813,9.0813,44.0,9.0813,0.0,9.0813,9.0813,9.0813,1.0,44.0,0,31
54,2016-10-28,9.0813,9.0813,9.0813,9.0813,0.0,9.0813,0.0,9.0813,9.0813,9.0813,1.0,0.0,4,28
55,2016-10-27,9.0813,9.0813,9.0813,9.0813,10.0,9.0813,0.0,9.0813,9.0813,9.0813,1.0,10.0,3,27
56,2016-10-26,9.0813,9.0813,9.0813,9.0813,1000.0,9.0813,0.0,9.0813,9.0813,9.0813,1.0,1000.0,2,26
57,2016-10-25,9.09,9.09,9.09,9.09,98.0,9.09,0.0,9.09,9.09,9.09,1.0,98.0,1,25
58,2016-10-24,9.09,9.09,9.07,9.09,1805.0,9.09,0.0,9.09,9.07,9.09,1.0,1805.0,0,24
59,2016-10-21,9.09,9.09,9.09,9.09,0.0,9.09,0.0,9.09,9.09,9.09,1.0,0.0,4,21
60,2016-10-20,9.09,9.09,9.09,9.09,451.0,9.09,0.0,9.09,9.09,9.09,1.0,451.0,3,20
61,2016-10-19,8.95,8.95,8.95,8.95,0.0,8.95,0.0,8.95,8.95,8.95,1.0,0.0,2,19
62,2016-10-18,8.95,8.95,8.95,8.95,12.0,8.95,0.0,8.95,8.95,8.95,1.0,12.0,1,18
63,2016-10-17,8.95,8.95,8.95,8.95,0.0,8.95,0.0,8.95,8.95,8.95,1.0,0.0,0,17
64,2016-10-14,8.95,8.95,8.95,8.95,0.0,8.95,0.0,8.95,8.95,8.95,1.0,0.0,4,14
65,2016-10-13,8.95,8.95,8.95,8.95,0.0,8.95,0.0,8.95,8.95,8.95,1.0,0.0,3,13
66,2016-10-12,8.95,9.0724,8.95,9.0724,1597.0,8.95,0.0,9.0724,8.95,9.0724,1.0,1597.0,2,12
