,Unnamed: 0,adj_close,adj_high,adj_low,adj_open,adj_volume,close,ex_dividend,high,low,open,split_ratio,volume,Day of Week,Day
0,2017-02-10,349.55,349.55,349.55,349.55,90.0,349.55,0.0,349.55,349.55,349.55,1.0,90.0,4,10
1,2017-02-09,349.55,349.55,349.49,349.49,705.0,349.55,0.0,349.55,349.49,349.49,1.0,705.0,3,09
2,2017-02-08,352.1218,352.1218,352.1218,352.1218,5.0,352.1218,0.0,352.1218,352.1218,352.1218,1.0,5.0,2,08
3,2017-02-07,352.1218,352.1218,352.1218,352.1218,100.0,352.1218,0.0,352.1218,352.1218,352.1218,1.0,100.0,1,07
4,2017-02-06,352.1218,352.1218,352.1218,352.1218,33.0,352.1218,0.0,352.1218,352.1218,352.1218,1.0,33.0,0,06
5,2017-02-03,352.1218,352.1218,352.1218,352.1218,54.0,352.1218,0.0,352.1218,352.1218,352.1218,1.0,54.0,4,03
6,2017-02-02,352.1218,352.1218,352.1218,352.1218,28.0,352.1218,0.0,352.1218,352.1218,352.1218,1.0,28.0,3,02
7,2017-02-01,352.1218,352.1218,352.1218,352.1218,40.0,352.1218,0.0,352.1218,352.1218,352.1218,1.0,40.0,2,01
8,2017-01-31,352.1218,352.1218,352.1218,352.1218,122.0,352.1218,0.0,352.1218,352.1218,352.1218,1.0,122.0,1,31
9,2017-01-30,352.1218,352.1218,352.1218,352.1218,184.0,352.1218,0.0,352.1218,352.1218,352.1218,1.0,184.0,0,30
10,2017-01-26,352.1218,352.1218,352.1218,352.1218,45.0,352.1218,0.0,352.1218,352.1218,352.1218,1.0,45.0,3,26
11,2017-01-25,352.1218,352.1218,352.1218,352.1218,35.0,352.1218,0.0,352.1218,352.1218,352.1218,1.0,35.0,2,25
12,2017-01-24,352.1218,352.1218,351.77,351.77,400.0,352.1218,0.0,352.1218,351.77,351.77,1.0,400.0,1,24
13,2017-01-23,380.0,380.0,380.0,380.0,603.0,380.0,0.0,380.0,380.0,380.0,1.0,603.0,0,23
14,2017-01-20,380.0,380.0,380.0,380.0,66.0,380.0,0.0,380.0,380.0,380.0,1.0,66.0,4,20
15,2017-01-19,380.0,380.0,380.0,380.0,50.0,380.0,0.0,380.0,380.0,380.0,1.0,50.0,3,19
16,2017-01-18,380.0,380.0,379.66,379.66,500.0,380.0,0.0,380.0,379.66,379.66,1.0,500.0,2,18
17,2017-01-17,384.14,384.14,384.14,384.14,391.0,384.14,0.0,384.14,384.14,384.14,1.0,391.0,1,17
18,2017-01-13,382.0,382.0,382.0,382.0,65.0,382.0,0.0,382.0,382.0,382.0,1.0,65.0,4,13
19,2017-01-12,382.0,383.45,378.69,383.42,5670.0,382.0,0.0,383.45,378.69,383.42,1.0,5670.0,3,12
20,2017-01-11,384.6,384.6,384.6,384.6,47.0,384.6,0.0,384.6,384.6,384.6,1.0,47.0,2,11
21,2017-01-10,384.6,384.6,384.6,384.6,85.0,384.6,0.0,384.6,384.6,384.6,1.0,85.0,1,10
22,2017-01-09,384.6,384.6,384.6,384.6,50.0,384.6,0.0,384.6,384.6,384.6,1.0,50.0,0,09
23,2017-01-06,384.6,384.6,384.56,384.56,2518.0,384.6,0.0,384.6,384.56,384.56,1.0,2518.0,4,06
24,2017-01-05,365.28,365.28,365.28,365.28,40.0,365.28,0.0,365.28,365.28,365.28,1.0,40.0,3,05
25,2017-01-04,365.28,365.28,365.28,365.28,204.0,365.28,0.0,365.28,365.28,365.28,1.0,204.0,2,04
26,2017-01-03,373.53,373.53,373.53,373.53,58.0,373.53,0.0,373.53,373.53,373.53,1.0,58.0,1,03
27,2016-12-30,373.53,373.53,373.53,373.53,214.0,373.53,0.0,373.53,373.53,373.53,1.0,214.0,4,30
28,2016-12-29,373.53,373.53,373.53,373.53,20.0,373.53,0.0,373.53,373.53,373.53,1.0,20.0,3,29
29,2016-12-27,373.53,373.53,373.53,373.53,385.0,373.53,0.0,373.53,373.53,373.53,1.0,385.0,1,27
30,2016-12-23,357.97,357.97,357.97,357.97,53.0,357.97,0.0,357.97,357.97,357.97,1.0,53.0,4,23
31,2016-12-22,357.97,357.97,357.97,357.97,284.0,357.97,0.0,357.97,357.97,357.97,1.0,284.0,3,22
32,2016-12-21,368.97,375.272,368.97,374.647,18459.0,368.97,0.0,375.272,368.97,374.647,1.0,18459.0,2,21
33,2016-12-20,381.5,381.5,365.63,369.02,1890.0,381.5,0.0,381.5,365.63,369.02,1.0,1890.0,1,20
34,2016-12-19,360.44,368.5,347.5,347.5,25560.0,360.44,0.0,368.5,347.5,347.5,1.0,25560.0,0,19
35,2016-12-16,345.19,345.19,345.19,345.19,74.0,345.19,0.0,345.19,345.19,345.19,1.0,74.0,4,16
36,2016-12-15,345.19,347.0,345.18,347.0,496.0,345.19,0.0,347.0,345.18,347.0,1.0,496.0,3,15
37,2016-12-14,337.85,339.52,337.85,339.52,300.0,337.85,0.0,339.52,337.85,339.52,1.0,300.0,2,14
38,2016-12-13,340.74,340.74,340.74,340.74,213.0,340.74,0.0,340.74,340.74,340.74,1.0,213.0,1,13
39,2016-12-12,341.2,341.2,341.2,341.2,170.0,341.2,0.0,341.2,341.2,341.2,1.0,170.0,0,12
40,2016-12-08,343.49,343.49,343.49,343.49,150.0,343.49,0.0,343.49,343.49,343.49,1.0,150.0,3,08
41,2016-12-07,333.0,335.1,328.13,331.56,1269.0,333.0,0.0,335.1,328.13,331.56,1.0,1269.0,2,07
42,2016-12-06,330.9,331.0,330.9,331.0,1176.0,330.9,0.0,331.0,330.9,331.0,1.0,1176.0,1,06
43,2016-12-05,320.6412,320.6412,320.6412,320.6412,612.0,320.6412,0.0,320.6412,320.6412,320.6412,1.0,612.0,0,05
44,2016-11-28,324.86,324.86,324.86,324.86,320.0,324.86,0.0,324.86,324.86,324.86,1.0,320.0,0,28
45,2016-11-25,316.908,316.908,316.908,316.908,0.0,316.908,0.0,316.908,316.908,316.908,1.0,0.0,4,25
46,2016-11-23,316.908,316.908,316.908,316.908,10.0,316.908,0.0,316.908,316.908,316.908,1.0,10.0,2,23
47,2016-11-22,316.908,316.908,316.908,316.908,0.0,316.908,0.0,316.908,316.908,316.908,1.0,0.0,1,22
48,2016-11-21,316.908,317.766,316.908,317.766,900.0,316.908,0.0,317.766,316.908,317.766,1.0,900.0,0,21
49,2016-11-18,311.0,311.0,311.0,311.0,0.0,311.0,0.0,311.0,311.0,311.0,1.0,0.0,4,18
50,2016-11-17,311.0,311.0,311.0,311.0,0.0,311.0,0.0,311.0,311.0,311.0,1.0,0.0,3,17
51,2016-11-16,311.0,311.0,311.0,311.0,1.0,311.0,0.0,311.0,311.0,311.0,1.0,1.0,2,16
52,2016-11-15,311.0,311.0,311.0,311.0,10.0,311.0,0.0,311.0,311.0,311.0,1.0,10.0,1,15
53,2016-11-14,311.0,311.0,311.0,311.0,101.0,311.0,0.0,311.0,311.0,311.0,1.0,101.0,0,14
54,2016-11-11,301.0,301.0,301.0,301.0,160.0,301.0,0.0,301.0,301.0,301.0,1.0,160.0,4,11
55,2016-11-10,301.0,301.0,301.0,301.0,0.0,301.0,0.0,301.0,301.0,301.0,1.0,0.0,3,10
56,2016-11-09,301.0,301.0,301.0,301.0,71.0,301.0,0.0,301.0,301.0,301.0,1.0,71.0,2,09
57,2016-11-08,301.0,301.0,301.0,301.0,650.0,301.0,0.0,301.0,301.0,301.0,1.0,650.0,1,08
58,2016-11-07,301.0,301.0,301.0,301.0,950.0,301.0,0.0,301.0,301.0,301.0,1.0,950.0,0,07
59,2016-11-04,290.17,290.17,290.17,290.17,0.0,290.17,0.0,290.17,290.17,290.17,1.0,0.0,4,04
60,2016-11-03,290.17,290.17,288.09,289.66,450.0,290.17,0.0,290.17,288.09,289.66,1.0,450.0,3,03
61,2016-11-02,289.6695,295.0,288.3,295.0,408.0,289.6695,0.0,295.0,288.3,295.0,1.0,408.0,2,02
62,2016-11-01,297.45,297.45,297.45,297.45,0.0,297.45,0.0,297.45,297.45,297.45,1.0,0.0,1,01
63,2016-10-31,297.45,297.45,297.45,297.45,0.0,297.45,0.0,297.45,297.45,297.45,1.0,0.0,0,31
64,2016-10-28,297.45,297.45,297.45,297.45,2.0,297.45,0.0,297.45,297.45,297.45,1.0,2.0,4,28
65,2016-10-27,297.45,297.45,297.45,297.45,100.0,297.45,0.0,297.45,297.45,297.45,1.0,100.0,3,27
66,2016-10-26,308.83,308.83,308.83,308.83,5.0,308.83,0.0,308.83,308.83,308.83,1.0,5.0,2,26
67,2016-10-25,308.83,308.83,308.83,308.83,0.0,308.83,0.0,308.83,308.83,308.83,1.0,0.0,1,25
68,2016-10-24,308.83,308.83,308.83,308.83,40.0,308.83,0.0,308.83,308.83,308.83,1.0,40.0,0,24
69,2016-10-21,308.83,308.83,308.83,308.83,50.0,308.83,0.0,308.83,308.83,308.83,1.0,50.0,4,21
70,2016-10-20,308.83,308.83,308.83,308.83,150.0,308.83,0.0,308.83,308.83,308.83,1.0,150.0,3,20
71,2016-10-19,308.83,308.83,308.54,308.54,358.0,308.83,0.0,308.83,308.54,308.54,1.0,358.0,2,19
72,2016-10-18,309.3252,310.5,308.4,310.45,1363.0,309.3252,0.0,310.5,308.4,310.45,1.0,1363.0,1,18
73,2016-10-17,312.847,312.847,312.847,312.847,120.0,312.847,0.0,312.847,312.847,312.847,1.0,120.0,0,17
74,2016-10-14,312.847,312.847,312.847,312.847,0.0,312.847,0.0,312.847,312.847,312.847,1.0,0.0,4,14
75,2016-10-13,312.847,312.847,312.847,312.847,0.0,312.847,0.0,312.847,312.847,312.847,1.0,0.0,3,13
76,2016-10-12,312.847,312.847,312.145,312.145,10000.0,312.847,0.0,312.847,312.145,312.145,1.0,10000.0,2,12
77,2016-10-11,314.041,314.041,313.742,313.742,10000.0,314.041,0.0,314.041,313.742,313.742,1.0,10000.0,1,11
78,2016-10-10,302.71,302.71,302.71,302.71,305.0,302.71,0.0,302.71,302.71,302.71,1.0,305.0,0,10
79,2016-10-07,302.71,304.61,302.71,304.61,732.0,302.71,0.0,304.61,302.71,304.61,1.0,732.0,4,07
80,2016-10-06,299.97,299.97,299.97,299.97,142.0,299.97,0.0,299.97,299.97,299.97,1.0,142.0,3,06
81,2016-10-05,299.97,299.97,299.97,299.97,68.0,299.97,0.0,299.97,299.97,299.97,1.0,68.0,2,05
82,2016-10-04,299.97,299.97,299.97,299.97,100.0,299.97,0.0,299.97,299.97,299.97,1.0,100.0,1,04
83,2016-10-03,280.118,280.118,280.118,280.118,8.0,280.118,0.0,280.118,280.118,280.118,1.0,8.0,0,03
84,2016-09-30,280.118,280.118,280.118,280.118,0.0,280.118,0.0,280.118,280.118,280.118,1.0,0.0,4,30
85,2016-09-29,280.118,280.118,280.118,280.118,65.0,280.118,0.0,280.118,280.118,280.118,1.0,65.0,3,29
86,2016-09-28,280.118,280.118,280.118,280.118,123.0,280.118,0.0,280.118,280.118,280.118,1.0,123.0,2,28
87,2016-09-27,280.118,280.118,280.118,280.118,27228.0,280.118,0.0,280.118,280.118,280.118,1.0,27228.0,1,27
88,2016-09-26,280.118,280.118,280.118,280.118,0.0,280.118,0.0,280.118,280.118,280.118,1.0,0.0,0,26
89,2016-09-23,280.118,280.118,280.118,280.118,245.0,280.118,0.0,280.118,280.118,280.118,1.0,245.0,4,23
90,2016-09-22,280.118,280.118,280.118,280.118,422.0,280.118,0.0,280.118,280.118,280.118,1.0,422.0,3,22
91,2016-09-21,280.118,280.118,280.118,280.118,418.0,280.118,0.0,280.118,280.118,280.118,1.0,418.0,2,21
92,2016-09-20,280.118,280.118,280.118,280.118,180.0,280.118,0.0,280.118,280.118,280.118,1.0,180.0,1,20
93,2016-09-19,272.708,272.708,272.708,272.708,12.0,272.708,0.0,272.708,272.708,272.708,1.0,12.0,0,19
94,2016-09-16,272.708,272.708,272.708,272.708,66.0,272.708,0.0,272.708,272.708,272.708,1.0,66.0,4,16
95,2016-09-15,272.708,272.708,272.708,272.708,224.0,272.708,0.0,272.708,272.708,272.708,1.0,224.0,3,15
96,2016-09-14,272.708,272.708,272.708,272.708,310.0,272.708,0.0,272.708,272.708,272.708,1.0,310.0,2,14
97,2016-09-13,273.92,273.92,273.92,273.92,485.0,273.92,0.0,273.92,273.92,273.92,1.0,485.0,1,13
98,2016-09-12,273.92,275.01,273.05,273.56,1200.0,273.92,0.0,275.01,273.05,273.56,1.0,1200.0,0,12
99,2016-09-09,272.5,272.5,272.5,272.5,55.0,272.5,0.0,272.5,272.5,272.5,1.0,55.0,4,09
100,2016-09-08,272.5,272.84,272.5,272.84,709.0,272.5,0.0,272.84,272.5,272.84,1.0,709.0,3,08
101,2016-09-07,276.93,276.93,276.93,276.93,34136.0,276.93,0.0,276.93,276.93,276.93,1.0,34136.0,2,07
102,2016-09-06,272.86,279.0,272.86,279.0,27523.0,272.86,0.0,279.0,272.86,279.0,1.0,27523.0,1,06
103,2016-09-02,309.5812,309.5812,309.5812,309.5812,127.0,309.5812,0.0,309.5812,309.5812,309.5812,1.0,127.0,4,02
104,2016-09-01,309.5812,309.5812,309.5812,309.5812,1277.0,309.5812,0.0,309.5812,309.5812,309.5812,1.0,1277.0,3,01
105,2016-08-31,309.5812,309.5812,309.5812,309.5812,358.0,309.5812,0.0,309.5812,309.5812,309.5812,1.0,358.0,2,31
106,2016-08-30,309.5812,309.5812,309.5812,309.5812,26.0,309.5812,0.0,309.5812,309.5812,309.5812,1.0,26.0,1,30
107,2016-08-29,313.8,317.44,312.26,315.68,1523.0,313.8,0.0,317.44,312.26,315.68,1.0,1523.0,0,29
108,2016-08-26,315.93,315.93,315.93,315.93,272.0,315.93,0.0,315.93,315.93,315.93,1.0,272.0,4,26
109,2016-08-25,322.96,322.96,322.96,322.96,0.0,322.96,0.0,322.96,322.96,322.96,1.0,0.0,3,25
110,2016-08-24,322.96,322.96,320.5,320.5,557.0,322.96,0.0,322.96,320.5,320.5,1.0,557.0,2,24
111,2016-08-23,320.92,320.92,320.92,320.92,30.0,320.92,0.0,320.92,320.92,320.92,1.0,30.0,1,23
112,2016-08-22,320.92,320.92,320.92,320.92,60.0,320.92,0.0,320.92,320.92,320.92,1.0,60.0,0,22
113,2016-08-19,320.92,320.92,320.92,320.92,124.0,320.92,0.0,320.92,320.92,320.92,1.0,124.0,4,19
114,2016-08-18,320.92,320.92,320.92,320.92,0.0,320.92,0.0,320.92,320.92,320.92,1.0,0.0,3,18
115,2016-08-17,320.92,320.92,320.92,320.92,58.0,320.92,0.0,320.92,320.92,320.92,1.0,58.0,2,17
116,2016-08-16,320.92,320.92,320.92,320.92,7.0,320.92,0.0,320.92,320.92,320.92,1.0,7.0,1,16
117,2016-08-15,320.92,320.92,320.92,320.92,124.0,320.92,0.0,320.92,320.92,320.92,1.0,124.0,0,15
118,2016-08-12,320.92,320.92,320.92,320.92,50.0,320.92,0.0,320.92,320.92,320.92,1.0,50.0,4,12
119,2016-08-11,320.92,325.94,320.92,325.94,500.0,320.92,0.0,325.94,320.92,325.94,1.0,500.0,3,11
120,2016-08-10,326.0,328.13,326.0,328.13,490.0,326.0,0.0,328.13,326.0,328.13,1.0,490.0,2,10
121,2016-08-09,327.873,329.298,327.873,327.873,1050.0,327.873,0.0,329.298,327.873,327.873,1.0,1050.0,1,09
122,2016-08-08,329.12,329.12,329.12,329.12,77.0,329.12,0.0,329.12,329.12,329.12,1.0,77.0,0,08
123,2016-08-05,329.12,329.12,329.12,329.12,12.0,329.12,0.0,329.12,329.12,329.12,1.0,12.0,4,05
124,2016-08-04,329.12,329.12,329.12,329.12,0.0,329.12,0.0,329.12,329.12,329.12,1.0,0.0,3,04
125,2016-08-03,329.12,329.12,329.12,329.12,0.0,329.12,0.0,329.12,329.12,329.12,1.0,0.0,2,03
126,2016-08-02,329.12,329.12,329.12,329.12,180.0,329.12,0.0,329.12,329.12,329.12,1.0,180.0,1,02
127,2016-08-01,329.12,329.12,329.12,329.12,94.0,329.12,0.0,329.12,329.12,329.12,1.0,94.0,0,01
128,2016-07-29,329.12,329.12,329.12,329.12,376.0,329.12,0.0,329.12,329.12,329.12,1.0,376.0,4,29
129,2016-07-28,328.93,328.93,323.79,324.04,30803.0,328.93,0.0,328.93,323.79,324.04,1.0,30803.0,3,28
130,2016-07-27,333.86,333.86,333.86,333.86,55.0,333.86,0.0,333.86,333.86,333.86,1.0,55.0,2,27
131,2016-07-26,333.86,333.86,333.86,333.86,15.0,333.86,0.0,333.86,333.86,333.86,1.0,15.0,1,26
132,2016-07-25,333.86,333.86,333.86,333.86,67.0,333.86,0.0,333.86,333.86,333.86,1.0,67.0,0,25
133,2016-07-22,333.86,333.96,333.86,333.96,984.0,333.86,0.0,333.96,333.86,333.96,1.0,984.0,4,22
134,2016-07-21,335.37,335.37,335.37,335.37,0.0,335.37,0.0,335.37,335.37,335.37,1.0,0.0,3,21
135,2016-07-20,335.37,335.37,327.71,327.71,345.0,335.37,0.0,335.37,327.71,327.71,1.0,345.0,2,20
136,2016-07-19,320.05,320.05,320.05,320.05,40.0,320.05,0.0,320.05,320.05,320.05,1.0,40.0,1,19
137,2016-07-18,320.05,320.05,320.05,320.05,0.0,320.05,0.0,320.05,320.05,320.05,1.0,0.0,0,18
138,2016-07-15,320.05,320.05,320.05,320.05,13.0,320.05,0.0,320.05,320.05,320.05,1.0,13.0,4,15
139,2016-07-14,320.05,320.05,320.05,320.05,38.0,320.05,0.0,320.05,320.05,320.05,1.0,38.0,3,14
140,2016-07-13,320.05,320.05,320.05,320.05,1.0,320.05,0.0,320.05,320.05,320.05,1.0,1.0,2,13
141,2016-07-12,320.05,320.05,320.05,320.05,25.0,320.05,0.0,320.05,320.05,320.05,1.0,25.0,1,12
142,2016-07-11,320.05,320.05,320.05,320.05,150.0,320.05,0.0,320.05,320.05,320.05,1.0,150.0,0,11
143,2016-07-08,320.05,320.05,320.05,320.05,50.0,320.05,0.0,320.05,320.05,320.05,1.0,50.0,4,08
144,2016-07-07,320.05,320.05,320.05,320.05,0.0,320.05,0.0,320.05,320.05,320.05,1.0,0.0,3,07
145,2016-07-06,320.05,324.38,320.05,324.38,983.0,320.05,0.0,324.38,320.05,324.38,1.0,983.0,2,06
146,2016-07-05,323.29,323.29,323.29,323.29,10.0,323.29,0.0,323.29,323.29,323.29,1.0,10.0,1,05
147,2016-07-01,323.29,323.29,323.29,323.29,0.0,323.29,0.0,323.29,323.29,323.29,1.0,0.0,4,01
148,2016-06-30,323.29,325.54,315.6,318.9,2595.0,323.29,0.0,325.54,315.6,318.9,1.0,2595.0,3,30
149,2016-06-29,314.96,314.96,314.96,314.96,110.0,314.96,0.0,314.96,314.96,314.96,1.0,110.0,2,29
150,2016-06-28,314.96,314.96,314.96,314.96,10.0,314.96,0.0,314.96,314.96,314.96,1.0,10.0,1,28
151,2016-06-27,314.96,314.96,314.96,314.96,100.0,314.96,0.0,314.96,314.96,314.96,1.0,100.0,0,27
152,2016-06-24,314.96,314.96,314.96,314.96,76.0,314.96,0.0,314.96,314.96,314.96,1.0,76.0,4,24
153,2016-06-23,314.96,314.96,314.96,314.96,100.0,314.96,0.0,314.96,314.96,314.96,1.0,100.0,3,23
154,2016-06-22,314.96,314.96,314.96,314.96,120.0,314.96,0.0,314.96,314.96,314.96,1.0,120.0,2,22
155,2016-06-21,314.96,314.96,312.55,312.55,578.0,314.96,0.0,314.96,312.55,312.55,1.0,578.0,1,21
156,2016-06-20,290.33,290.33,290.33,290.33,75.0,290.33,0.0,290.33,290.33,290.33,1.0,75.0,0,20
157,2016-06-17,290.33,290.33,290.33,290.33,0.0,290.33,0.0,290.33,290.33,290.33,1.0,0.0,4,17
158,2016-06-16,290.33,290.33,290.33,290.33,221.0,290.33,0.0,290.33,290.33,290.33,1.0,221.0,3,16
159,2016-06-15,309.03,309.03,309.03,309.03,50.0,309.03,0.0,309.03,309.03,309.03,1.0,50.0,2,15
160,2016-06-14,309.03,309.03,309.03,309.03,188.0,309.03,0.0,309.03,309.03,309.03,1.0,188.0,1,14
161,2016-06-13,312.01,312.01,312.01,312.01,79.0,312.01,0.0,312.01,312.01,312.01,1.0,79.0,0,13
162,2016-06-10,312.01,312.01,312.01,312.01,70.0,312.01,0.0,312.01,312.01,312.01,1.0,70.0,4,10
163,2016-06-09,312.01,312.01,312.01,312.01,0.0,312.01,0.0,312.01,312.01,312.01,1.0,0.0,3,09
164,2016-06-08,312.01,312.01,312.01,312.01,0.0,312.01,0.0,312.01,312.01,312.01,1.0,0.0,2,08
165,2016-06-07,312.01,312.01,312.01,312.01,30.0,312.01,0.0,312.01,312.01,312.01,1.0,30.0,1,07
166,2016-06-06,312.01,312.01,312.01,312.01,50.0,312.01,0.0,312.01,312.01,312.01,1.0,50.0,0,06
167,2016-06-03,312.01,312.01,312.01,312.01,384.0,312.01,0.0,312.01,312.01,312.01,1.0,384.0,4,03
168,2016-06-02,312.38,312.38,312.38,312.38,88.0,312.38,0.0,312.38,312.38,312.38,1.0,88.0,3,02
169,2016-06-01,312.38,312.38,312.38,312.38,158.0,312.38,0.0,312.38,312.38,312.38,1.0,158.0,2,01
170,2016-05-31,319.07,319.07,319.07,319.07,100.0,319.07,0.0,319.07,319.07,319.07,1.0,100.0,1,31
171,2016-05-27,311.6346,311.6346,311.6346,311.6346,120.0,311.6346,0.0,311.6346,311.6346,311.6346,1.0,120.0,4,27
172,2016-05-26,318.99,318.99,318.99,318.99,0.0,318.99,0.0,318.99,318.99,318.99,1.0,0.0,3,26
173,2016-05-25,318.99,318.99,318.99,318.99,20.0,318.99,0.0,318.99,318.99,318.99,1.0,20.0,2,25
174,2016-05-24,318.99,318.99,318.99,318.99,127.0,318.99,0.0,318.99,318.99,318.99,1.0,127.0,1,24
175,2016-05-23,318.99,318.99,318.99,318.99,477.0,318.99,0.0,318.99,318.99,318.99,1.0,477.0,0,23
176,2016-05-20,319.0,319.0,318.99,318.99,947.0,319.0,0.0,319.0,318.99,318.99,1.0,947.0,4,20
177,2016-05-19,309.24,309.24,309.24,309.24,150.0,309.24,0.0,309.24,309.24,309.24,1.0,150.0,3,19
178,2016-05-18,312.28,312.28,312.28,312.28,28.0,312.28,0.0,312.28,312.28,312.28,1.0,28.0,2,18
179,2016-05-17,312.28,312.28,312.28,312.28,180.0,312.28,0.0,312.28,312.28,312.28,1.0,180.0,1,17
180,2016-05-16,311.3,311.3,311.3,311.3,6543.0,311.3,0.0,311.3,311.3,311.3,1.0,6543.0,0,16
181,2016-05-13,311.3,311.3,311.3,311.3,253.0,311.3,0.0,311.3,311.3,311.3,1.0,253.0,4,13
182,2016-05-12,311.01,311.01,311.01,311.01,0.0,311.01,0.0,311.01,311.01,311.01,1.0,0.0,3,12
183,2016-05-11,311.01,311.01,311.01,311.01,150.0,311.01,0.0,311.01,311.01,311.01,1.0,150.0,2,11
184,2016-05-10,306.85,306.85,306.85,306.85,7.0,306.85,0.0,306.85,306.85,306.85,1.0,7.0,1,10
185,2016-05-09,306.85,306.85,306.85,306.85,408.0,306.85,0.0,306.85,306.85,306.85,1.0,408.0,0,09
186,2016-05-06,310.0,310.0,310.0,310.0,54.0,310.0,0.0,310.0,310.0,310.0,1.0,54.0,4,06
187,2016-05-05,310.0,310.0,310.0,310.0,600.0,310.0,0.0,310.0,310.0,310.0,1.0,600.0,3,05
188,2016-05-04,318.3,318.3,318.3,318.3,20.0,318.3,0.0,318.3,318.3,318.3,1.0,20.0,2,04
189,2016-05-03,318.3,319.5,311.65,317.55,4139.0,318.3,0.0,319.5,311.65,317.55,1.0,4139.0,1,03
190,2016-05-02,300.25,300.25,300.25,300.25,185.0,300.25,0.0,300.25,300.25,300.25,1.0,185.0,0,02
191,2016-04-29,300.25,301.15,297.2,297.2,1489.0,300.25,0.0,301.15,297.2,297.2,1.0,1489.0,4,29
192,2016-04-28,302.95,302.95,302.95,302.95,20.0,302.95,0.0,302.95,302.95,302.95,1.0,20.0,3,28
193,2016-04-27,302.95,302.95,302.95,302.95,1224.0,302.95,0.0,302.95,302.95,302.95,1.0,1224.0,2,27
194,2016-04-26,300.0,300.0,300.0,300.0,341.0,300.0,0.0,300.0,300.0,300.0,1.0,341.0,1,26
195,2016-04-25,301.11,301.11,301.11,301.11,80.0,301.11,0.0,301.11,301.11,301.11,1.0,80.0,0,25
196,2016-04-22,301.11,304.66,299.0,299.0,799.0,301.11,0.0,304.66,299.0,299.0,1.0,799.0,4,22
197,2016-04-21,292.5,292.5,292.5,292.5,116.0,292.5,0.0,292.5,292.5,292.5,1.0,116.0,3,21
198,2016-04-20,292.99,292.99,292.99,292.99,0.0,292.99,0.0,292.99,292.99,292.99,1.0,0.0,2,20
199,2016-04-19,292.99,292.99,291.948,291.948,13440.0,292.99,0.0,292.99,291.948,291.948,1.0,13440.0,1,19
200,2016-04-18,287.65,287.65,287.65,287.65,100.0,287.65,0.0,287.65,287.65,287.65,1.0,100.0,0,18
201,2016-04-15,287.65,287.65,287.65,287.65,0.0,287.65,0.0,287.65,287.65,287.65,1.0,0.0,4,15
202,2016-04-14,287.65,287.65,272.75,282.25,7195.0,287.65,0.0,287.65,272.75,282.25,1.0,7195.0,3,14
203,2016-04-13,288.8,290.65,284.1,284.1,1514.0,288.8,0.0,290.65,284.1,284.1,1.0,1514.0,2,13
204,2016-04-12,290.7,290.7,286.4,286.4,424.0,290.7,0.0,290.7,286.4,286.4,1.0,424.0,1,12
205,2016-04-11,281.5,289.43,281.1,284.6,7650.0,281.5,0.0,289.43,281.1,284.6,1.0,7650.0,0,11
206,2016-04-08,280.8,281.45,279.05,281.45,366.0,280.8,0.0,281.45,279.05,281.45,1.0,366.0,4,08
207,2016-04-07,279.65,286.07,277.85,286.07,2233.0,279.65,0.0,286.07,277.85,286.07,1.0,2233.0,3,07
208,2016-04-06,290.2,292.59,285.5,290.0,1117.0,290.2,0.0,292.59,285.5,290.0,1.0,1117.0,2,06
209,2016-04-05,292.91,292.91,290.0,291.89,1125.0,292.91,0.0,292.91,290.0,291.89,1.0,1125.0,1,05
210,2016-04-04,298.4,298.4,298.4,298.4,649.0,298.4,0.0,298.4,298.4,298.4,1.0,649.0,0,04
211,2016-04-01,295.55,295.55,287.04,287.04,200.0,295.55,0.0,295.55,287.04,287.04,1.0,200.0,4,01
212,2016-03-31,293.15,294.133,292.413,294.133,14770.0,293.15,0.0,294.133,292.413,294.133,1.0,14770.0,3,31
213,2016-03-30,291.12,291.12,285.42,285.58,3536.0,291.12,0.0,291.12,285.42,285.58,1.0,3536.0,2,30
214,2016-03-29,277.97,277.97,277.96,277.96,200.0,277.97,0.0,277.97,277.96,277.96,1.0,200.0,1,29
215,2016-03-28,288.0,288.0,288.0,288.0,53.0,288.0,0.0,288.0,288.0,288.0,1.0,53.0,0,28
216,2016-03-24,288.0,288.0,288.0,288.0,5.0,288.0,0.0,288.0,288.0,288.0,1.0,5.0,3,24
217,2016-03-23,288.0,288.0,288.0,288.0,37.0,288.0,0.0,288.0,288.0,288.0,1.0,37.0,2,23
218,2016-03-22,288.0,288.0,288.0,288.0,57.0,288.0,0.0,288.0,288.0,288.0,1.0,57.0,1,22
219,2016-03-21,288.0,288.0,288.0,288.0,115.0,288.0,0.0,288.0,288.0,288.0,1.0,115.0,0,21
220,2016-03-18,284.47,284.47,284.47,284.47,56.0,284.47,0.0,284.47,284.47,284.47,1.0,56.0,4,18
221,2016-03-17,284.47,284.47,284.47,284.47,115.0,284.47,0.0,284.47,284.47,284.47,1.0,115.0,3,17
222,2016-03-16,284.47,284.47,284.47,284.47,38.0,284.47,0.0,284.47,284.47,284.47,1.0,38.0,2,16
223,2016-03-15,284.47,284.47,284.47,284.47,7.0,284.47,0.0,284.47,284.47,284.47,1.0,7.0,1,15
224,2016-03-14,284.47,284.47,284.47,284.47,120.0,284.47,0.0,284.47,284.47,284.47,1.0,120.0,0,14
225,2016-03-11,279.597,279.597,279.597,279.597,0.0,279.597,0.0,279.597,279.597,279.597,1.0,0.0,4,11
226,2016-03-10,279.597,279.597,279.597,279.597,47.0,279.597,0.0,279.597,279.597,279.597,1.0,47.0,3,10
227,2016-03-09,279.597,279.597,279.597,279.597,192.0,279.597,0.0,279.597,279.597,279.597,1.0,192.0,2,09
228,2016-03-08,279.597,279.597,279.597,279.597,26.0,279.597,0.0,279.597,279.597,279.597,1.0,26.0,1,08
229,2016-03-07,279.597,279.597,278.5,279.597,10097.0,279.597,0.0,279.597,278.5,279.597,1.0,10097.0,0,07
230,2016-03-04,267.21,267.21,267.21,267.21,773.0,267.21,0.0,267.21,267.21,267.21,1.0,773.0,4,04
231,2016-03-03,267.21,267.21,267.21,267.21,70.0,267.21,0.0,267.21,267.21,267.21,1.0,70.0,3,03
232,2016-03-02,267.21,267.21,267.21,267.21,32.0,267.21,0.0,267.21,267.21,267.21,1.0,32.0,2,02
233,2016-03-01,267.21,267.21,267.21,267.21,246.0,267.21,0.0,267.21,267.21,267.21,1.0,246.0,1,01
234,2016-02-29,272.334,272.334,272.334,272.334,135.0,272.334,0.0,272.334,272.334,272.334,1.0,135.0,0,29
235,2016-02-26,272.334,272.334,269.878,272.334,40161.0,272.334,0.0,272.334,269.878,272.334,1.0,40161.0,4,26
236,2016-02-25,264.25,264.25,262.0,262.0,5750.0,264.25,0.0,264.25,262.0,262.0,1.0,5750.0,3,25
237,2016-02-24,293.05,293.05,293.05,293.05,40.0,293.05,0.0,293.05,293.05,293.05,1.0,40.0,2,24
238,2016-02-23,293.05,293.05,293.05,293.05,0.0,293.05,0.0,293.05,293.05,293.05,1.0,0.0,1,23
239,2016-02-22,293.05,293.05,290.5,290.5,355.0,293.05,0.0,293.05,290.5,290.5,1.0,355.0,0,22
240,2016-02-19,293.0,294.0,293.0,294.0,20510.0,293.0,0.0,294.0,293.0,294.0,1.0,20510.0,4,19
241,2016-02-18,271.85,271.85,271.85,271.85,133.0,271.85,0.0,271.85,271.85,271.85,1.0,133.0,3,18
242,2016-02-17,271.85,271.85,271.85,271.85,491.0,271.85,0.0,271.85,271.85,271.85,1.0,491.0,2,17
243,2016-02-16,271.85,271.85,271.85,271.85,184.0,271.85,0.0,271.85,271.85,271.85,1.0,184.0,1,16
244,2016-02-12,271.85,271.85,271.0,271.0,838.0,271.85,0.0,271.85,271.0,271.0,1.0,838.0,4,12
245,2016-02-11,254.292,254.292,254.292,254.292,100.0,254.292,0.0,254.292,254.292,254.292,1.0,100.0,3,11
246,2016-02-10,256.0,256.0,256.0,256.0,30.0,256.0,0.0,256.0,256.0,256.0,1.0,30.0,2,10
247,2016-02-09,256.0,256.0,253.8,255.28,1290.0,256.0,0.0,256.0,253.8,255.28,1.0,1290.0,1,09
248,2016-02-08,268.0,268.0,268.0,268.0,126.0,268.0,0.0,268.0,268.0,268.0,1.0,126.0,0,08
249,2016-02-05,268.0,270.3999,264.541,270.3999,1463.0,268.0,0.0,270.3999,264.541,270.3999,1.0,1463.0,4,05
250,2016-02-04,270.01,270.01,270.0,270.0,600.0,270.01,0.0,270.01,270.0,270.0,1.0,600.0,3,04
251,2016-02-03,269.1999,269.2,263.284,263.284,2043.0,269.1999,0.0,269.2,263.284,263.284,1.0,2043.0,2,03
252,2016-02-02,273.0,273.0,273.0,273.0,14137.0,273.0,0.0,273.0,273.0,273.0,1.0,14137.0,1,02
253,2016-02-01,273.0,273.0,273.0,273.0,190.0,273.0,0.0,273.0,273.0,273.0,1.0,190.0,0,01
254,2016-01-29,273.2999,273.2999,273.2999,273.2999,17242.0,273.2999,0.0,273.2999,273.2999,273.2999,1.0,17242.0,4,29
255,2016-01-28,266.7,266.7,266.7,266.7,407.0,266.7,0.0,266.7,266.7,266.7,1.0,407.0,3,28
256,2016-01-27,266.7,266.7,266.7,266.7,198.0,266.7,0.0,266.7,266.7,266.7,1.0,198.0,2,27
257,2016-01-26,266.7,266.7,266.7,266.7,8154.0,266.7,0.0,266.7,266.7,266.7,1.0,8154.0,1,26
258,2016-01-25,266.7,268.5,266.7,268.49,300.0,266.7,0.0,268.5,266.7,268.49,1.0,300.0,0,25
259,2016-01-22,266.0,266.0,266.0,266.0,105.0,266.0,0.0,266.0,266.0,266.0,1.0,105.0,4,22
260,2016-01-21,266.0,272.35,266.0,272.35,607.0,266.0,0.0,272.35,266.0,272.35,1.0,607.0,3,21
261,2016-01-20,266.0,266.0,266.0,266.0,360.0,266.0,0.0,266.0,266.0,266.0,1.0,360.0,2,20
262,2016-01-19,282.0,282.0,282.0,282.0,409.0,282.0,0.0,282.0,282.0,282.0,1.0,409.0,1,19
263,2016-01-15,282.0,282.0,282.0,282.0,506.0,282.0,0.0,282.0,282.0,282.0,1.0,506.0,4,15
264,2016-01-14,282.0,282.0,282.0,282.0,384.0,282.0,0.0,282.0,282.0,282.0,1.0,384.0,3,14
265,2016-01-13,281.2,281.2,281.2,281.2,100.0,281.2,0.0,281.2,281.2,281.2,1.0,100.0,2,13
266,2016-01-12,281.2,281.2,277.0,277.0,706.0,281.2,0.0,281.2,277.0,277.0,1.0,706.0,1,12
267,2016-01-11,282.828,282.828,282.828,282.828,150.0,282.828,0.0,282.828,282.828,282.828,1.0,150.0,0,11
268,2016-01-08,280.911,280.911,280.911,280.911,108.0,280.911,0.0,280.911,280.911,280.911,1.0,108.0,4,08
269,2016-01-07,280.911,295.0,278.0,295.0,1071.0,280.911,0.0,295.0,278.0,295.0,1.0,1071.0,3,07
270,2016-01-06,307.324,307.324,307.324,307.324,8380.0,307.324,0.0,307.324,307.324,307.324,1.0,8380.0,2,06
271,2016-01-05,310.0,310.0,310.0,310.0,100.0,310.0,0.0,310.0,310.0,310.0,1.0,100.0,1,05
272,2016-01-04,308.0,308.0,308.0,308.0,707.0,308.0,0.0,308.0,308.0,308.0,1.0,707.0,0,04
273,2015-12-31,308.0,315.0,308.0,315.0,359.0,308.0,0.0,315.0,308.0,315.0,1.0,359.0,3,31
274,2015-12-30,315.0,321.0,315.0,321.0,974.0,315.0,0.0,321.0,315.0,321.0,1.0,974.0,2,30
275,2015-12-29,325.0,325.0,322.0,323.25,808.0,325.0,0.0,325.0,322.0,323.25,1.0,808.0,1,29
276,2015-12-28,324.58,324.58,324.58,324.58,0.0,324.58,0.0,324.58,324.58,324.58,1.0,0.0,0,28
277,2015-12-24,324.58,324.58,324.58,324.58,0.0,324.58,0.0,324.58,324.58,324.58,1.0,0.0,3,24
278,2015-12-23,324.58,329.0,324.58,325.75,723.0,324.58,0.0,329.0,324.58,325.75,1.0,723.0,2,23
279,2015-12-22,310.84,310.84,310.84,310.84,804.0,310.84,0.0,310.84,310.84,310.84,1.0,804.0,1,22
280,2015-12-21,300.0,350.0,297.375,350.0,10639.0,300.0,0.0,350.0,297.375,350.0,1.0,10639.0,0,21
281,2015-12-18,300.3,300.3,300.3,300.3,0.0,300.3,0.0,300.3,300.3,300.3,1.0,0.0,4,18
282,2015-12-17,300.3,301.31,300.0,301.0,1276.0,300.3,0.0,301.31,300.0,301.0,1.0,1276.0,3,17
283,2015-12-16,299.5,299.5,299.5,299.5,124.0,299.5,0.0,299.5,299.5,299.5,1.0,124.0,2,16
284,2015-12-15,299.5,299.5,299.5,299.5,159.0,299.5,0.0,299.5,299.5,299.5,1.0,159.0,1,15
285,2015-12-14,299.5,299.5,299.5,299.5,70.0,299.5,0.0,299.5,299.5,299.5,1.0,70.0,0,14
286,2015-12-11,299.5,299.5,299.5,299.5,56.0,299.5,0.0,299.5,299.5,299.5,1.0,56.0,4,11
287,2015-12-10,299.5,299.5,299.5,299.5,0.0,299.5,0.0,299.5,299.5,299.5,1.0,0.0,3,10
288,2015-12-09,299.5,299.5,299.5,299.5,150.0,299.5,0.0,299.5,299.5,299.5,1.0,150.0,2,09
289,2015-12-08,302.15,302.15,302.15,302.15,140.0,302.15,0.0,302.15,302.15,302.15,1.0,140.0,1,08
290,2015-12-07,302.15,302.15,302.15,302.15,328.0,302.15,0.0,302.15,302.15,302.15,1.0,328.0,0,07
291,2015-12-04,302.15,302.15,302.15,302.15,51.0,302.15,0.0,302.15,302.15,302.15,1.0,51.0,4,04
292,2015-12-03,302.15,302.15,302.15,302.15,40.0,302.15,0.0,302.15,302.15,302.15,1.0,40.0,3,03
293,2015-12-02,302.15,302.15,302.15,302.15,305.0,302.15,0.0,302.15,302.15,302.15,1.0,305.0,2,02
294,2015-12-01,299.93,299.93,299.93,299.93,203.0,299.93,0.0,299.93,299.93,299.93,1.0,203.0,1,01
295,2015-11-30,300.69,300.7,300.69,300.7,531.0,300.69,0.0,300.7,300.69,300.7,1.0,531.0,0,30
296,2015-11-27,285.7812,285.7812,285.7812,285.7812,30.0,285.7812,0.0,285.7812,285.7812,285.7812,1.0,30.0,4,27
297,2015-11-25,290.0,290.0,290.0,290.0,0.0,290.0,0.0,290.0,290.0,290.0,1.0,0.0,2,25
298,2015-11-24,290.0,290.0,290.0,290.0,80.0,290.0,0.0,290.0,290.0,290.0,1.0,80.0,1,24
299,2015-11-23,290.0,290.0,290.0,290.0,155.0,290.0,0.0,290.0,290.0,290.0,1.0,155.0,0,23
300,2015-11-20,290.0,290.0,290.0,290.0,7.0,290.0,0.0,290.0,290.0,290.0,1.0,7.0,4,20
301,2015-11-19,290.0,290.0,290.0,290.0,843.0,290.0,0.0,290.0,290.0,290.0,1.0,843.0,3,19
302,2015-11-18,290.0,290.0,290.0,290.0,120.0,290.0,0.0,290.0,290.0,290.0,1.0,120.0,2,18
303,2015-11-17,290.0,290.0,290.0,290.0,126.0,290.0,0.0,290.0,290.0,290.0,1.0,126.0,1,17
304,2015-11-16,285.7999,285.7999,285.7999,285.7999,18.0,285.7999,0.0,285.7999,285.7999,285.7999,1.0,18.0,0,16
305,2015-11-13,285.7999,287.0,285.7999,287.0,261.0,285.7999,0.0,287.0,285.7999,287.0,1.0,261.0,4,13
306,2015-11-12,287.0,287.0,287.0,287.0,100.0,287.0,0.0,287.0,287.0,287.0,1.0,100.0,3,12
307,2015-11-11,295.655,295.655,295.655,295.655,0.0,295.655,0.0,295.655,295.655,295.655,1.0,0.0,2,11
308,2015-11-10,295.655,295.655,295.655,295.655,150.0,295.655,0.0,295.655,295.655,295.655,1.0,150.0,1,10
309,2015-11-09,310.613,310.613,310.613,310.613,295.0,310.613,0.0,310.613,310.613,310.613,1.0,295.0,0,09
310,2015-11-06,310.613,310.613,310.613,310.613,34.0,310.613,0.0,310.613,310.613,310.613,1.0,34.0,4,06
311,2015-11-05,310.613,310.613,310.613,310.613,40.0,310.613,0.0,310.613,310.613,310.613,1.0,40.0,3,05
312,2015-11-04,310.613,310.613,310.613,310.613,295.0,310.613,0.0,310.613,310.613,310.613,1.0,295.0,2,04
313,2015-11-03,310.613,311.915,310.613,311.915,40816.0,310.613,0.0,311.915,310.613,311.915,1.0,40816.0,1,03
314,2015-11-02,301.6701,301.6701,301.67,301.67,279.0,301.6701,0.0,301.6701,301.67,301.67,1.0,279.0,0,02
315,2015-10-30,275.0,275.0,275.0,275.0,245.0,275.0,0.0,275.0,275.0,275.0,1.0,245.0,4,30
316,2015-10-29,275.0,275.0,273.5,273.5,14663.0,275.0,0.0,275.0,273.5,273.5,1.0,14663.0,3,29
317,2015-10-28,257.0,257.0,257.0,257.0,238.0,257.0,0.0,257.0,257.0,257.0,1.0,238.0,2,28
318,2015-10-27,264.3664,267.582,264.3664,267.582,10180.0,264.3664,0.0,267.582,264.3664,267.582,1.0,10180.0,1,27
319,2015-10-26,265.52,265.52,265.52,265.52,3902.0,265.52,0.0,265.52,265.52,265.52,1.0,3902.0,0,26
320,2015-10-23,265.52,265.52,265.52,265.52,30.0,265.52,0.0,265.52,265.52,265.52,1.0,30.0,4,23
321,2015-10-22,265.52,268.1537,265.52,268.1537,391.0,265.52,0.0,268.1537,265.52,268.1537,1.0,391.0,3,22
322,2015-10-21,264.0,264.0,264.0,264.0,0.0,264.0,0.0,264.0,264.0,264.0,1.0,0.0,2,21
323,2015-10-20,264.0,264.0,264.0,264.0,0.0,264.0,0.0,264.0,264.0,264.0,1.0,0.0,1,20
324,2015-10-19,264.0,264.0,264.0,264.0,110.0,264.0,0.0,264.0,264.0,264.0,1.0,110.0,0,19
325,2015-10-16,264.0,264.0,264.0,264.0,20.0,264.0,0.0,264.0,264.0,264.0,1.0,20.0,4,16
326,2015-10-15,264.0,264.0,264.0,264.0,0.0,264.0,0.0,264.0,264.0,264.0,1.0,0.0,3,15
327,2015-10-14,264.0,264.0,264.0,264.0,300.0,264.0,0.0,264.0,264.0,264.0,1.0,300.0,2,14
328,2015-10-13,263.86,267.18,263.86,267.18,302.0,263.86,0.0,267.18,263.86,267.18,1.0,302.0,1,13
329,2015-10-12,245.43,245.43,245.43,245.43,0.0,245.43,0.0,245.43,245.43,245.43,1.0,0.0,0,12
330,2015-10-09,245.43,245.43,245.43,245.43,196.0,245.43,0.0,245.43,245.43,245.43,1.0,196.0,4,09
331,2015-10-08,245.43,245.43,245.43,245.43,250.0,245.43,0.0,245.43,245.43,245.43,1.0,250.0,3,08
332,2015-10-07,245.43,245.43,245.43,245.43,620.0,245.43,0.0,245.43,245.43,245.43,1.0,620.0,2,07
333,2015-10-06,245.43,245.43,245.43,245.43,0.0,245.43,0.0,245.43,245.43,245.43,1.0,0.0,1,06
334,2015-10-05,245.43,249.0,245.43,249.0,572.0,245.43,0.0,249.0,245.43,249.0,1.0,572.0,0,05
335,2015-10-02,243.0,243.0,238.7,241.22,1855.0,243.0,0.0,243.0,238.7,241.22,1.0,1855.0,4,02
336,2015-10-01,239.5,243.91,236.56,243.91,3562.0,239.5,0.0,243.91,236.56,243.91,1.0,3562.0,3,01
337,2015-09-30,243.5,243.5,243.5,243.5,274.0,243.5,0.0,243.5,243.5,243.5,1.0,274.0,2,30
338,2015-09-29,240.01,240.01,240.01,240.01,555.0,240.01,0.0,240.01,240.01,240.01,1.0,555.0,1,29
339,2015-09-28,243.58,248.59,241.91,245.92,1171.0,243.58,0.0,248.59,241.91,245.92,1.0,1171.0,0,28
340,2015-09-25,265.0,265.0,265.0,265.0,225.0,265.0,0.0,265.0,265.0,265.0,1.0,225.0,4,25
341,2015-09-24,265.0,265.0,265.0,265.0,173.0,265.0,0.0,265.0,265.0,265.0,1.0,173.0,3,24
342,2015-09-23,265.0,265.0,265.0,265.0,235.0,265.0,0.0,265.0,265.0,265.0,1.0,235.0,2,23
343,2015-09-22,265.0,265.0,265.0,265.0,85.0,265.0,0.0,265.0,265.0,265.0,1.0,85.0,1,22
344,2015-09-21,265.0,266.0,265.0,266.0,9798.0,265.0,0.0,266.0,265.0,266.0,1.0,9798.0,0,21
345,2015-09-18,267.9174,267.9174,267.9174,267.9174,117.0,267.9174,0.0,267.9174,267.9174,267.9174,1.0,117.0,4,18
346,2015-09-17,274.71,274.71,274.71,274.71,211.0,274.71,0.0,274.71,274.71,274.71,1.0,211.0,3,17
347,2015-09-16,274.71,274.71,274.71,274.71,383.0,274.71,0.0,274.71,274.71,274.71,1.0,383.0,2,16
348,2015-09-15,266.0,266.0,266.0,266.0,232.0,266.0,0.0,266.0,266.0,266.0,1.0,232.0,1,15
349,2015-09-14,266.0,266.0,266.0,266.0,185.0,266.0,0.0,266.0,266.0,266.0,1.0,185.0,0,14
350,2015-09-11,266.0,266.0,264.5,264.5,1070.0,266.0,0.0,266.0,264.5,264.5,1.0,1070.0,4,11
351,2015-09-10,263.9349,263.9349,263.9349,263.9349,118.0,263.9349,0.0,263.9349,263.9349,263.9349,1.0,118.0,3,10
352,2015-09-09,263.9349,263.9349,263.9349,263.9349,441.0,263.9349,0.0,263.9349,263.9349,263.9349,1.0,441.0,2,09
353,2015-09-08,267.51,267.51,267.51,267.51,378.0,267.51,0.0,267.51,267.51,267.51,1.0,378.0,1,08
354,2015-09-04,269.01,269.01,269.01,269.01,243.0,269.01,0.0,269.01,269.01,269.01,1.0,243.0,4,04
355,2015-09-03,271.25,273.657,271.25,271.25,20354.0,271.25,0.0,273.657,271.25,271.25,1.0,20354.0,3,03
356,2015-09-02,270.5,273.3,263.697,271.1,28898.0,270.5,0.0,273.3,263.697,271.1,1.0,28898.0,2,02
357,2015-09-01,274.9056,279.0,274.0,279.0,1604.0,274.9056,0.0,279.0,274.0,279.0,1.0,1604.0,1,01
358,2015-08-31,279.0,279.0,272.5,275.58,1332.0,279.0,0.0,279.0,272.5,275.58,1.0,1332.0,0,31
359,2015-08-28,279.5,279.5,275.63,275.63,614.0,279.5,0.0,279.5,275.63,275.63,1.0,614.0,4,28
360,2015-08-27,278.9,278.9,275.6,275.6,968.0,278.9,0.0,278.9,275.6,275.6,1.0,968.0,3,27
361,2015-08-26,273.58,289.95,270.3,289.95,1379.0,273.58,0.0,289.95,270.3,289.95,1.0,1379.0,2,26
362,2015-08-25,267.5,313.75,265.114,313.75,2738.0,267.5,0.0,313.75,265.114,313.75,1.0,2738.0,1,25
363,2015-08-24,267.4354,267.4354,266.34,266.34,633.0,267.4354,0.0,267.4354,266.34,266.34,1.0,633.0,0,24
364,2015-08-21,266.005,267.66,266.005,266.05,1682.0,266.005,0.0,267.66,266.005,266.05,1.0,1682.0,4,21
365,2015-08-20,267.5,267.5,267.5,267.5,465.0,267.5,0.0,267.5,267.5,267.5,1.0,465.0,3,20
366,2015-08-19,267.2325,267.2325,267.2325,267.2325,374.0,267.2325,0.0,267.2325,267.2325,267.2325,1.0,374.0,2,19
367,2015-08-18,270.85,274.448,270.0,274.448,1202.0,270.85,0.0,274.448,270.0,274.448,1.0,1202.0,1,18
368,2015-08-17,275.05,276.0,272.0,275.0,1075.0,275.05,0.0,276.0,272.0,275.0,1.0,1075.0,0,17
369,2015-08-14,270.0,271.7,269.0,269.0,2196.0,270.0,0.0,271.7,269.0,269.0,1.0,2196.0,4,14
370,2015-08-13,270.15,270.15,270.15,270.15,176.0,270.15,0.0,270.15,270.15,270.15,1.0,176.0,3,13
371,2015-08-12,270.15,270.15,267.0,268.05,1219.0,270.15,0.0,270.15,267.0,268.05,1.0,1219.0,2,12
372,2015-08-11,271.7,271.7,271.7,271.7,266.0,271.7,0.0,271.7,271.7,271.7,1.0,266.0,1,11
373,2015-08-10,271.7,271.7,271.7,271.7,210.0,271.7,0.0,271.7,271.7,271.7,1.0,210.0,0,10
374,2015-08-07,271.7,271.7,271.7,271.7,610.0,271.7,0.0,271.7,271.7,271.7,1.0,610.0,4,07
375,2015-08-06,257.387,257.387,257.387,257.387,671.0,257.387,0.0,257.387,257.387,257.387,1.0,671.0,3,06
376,2015-08-05,266.0,266.0,259.9,261.168,50568.0,266.0,0.0,266.0,259.9,261.168,1.0,50568.0,2,05
377,2015-08-04,273.89,279.4,265.2,267.0,3160.0,273.89,0.0,279.4,265.2,267.0,1.0,3160.0,1,04
378,2015-08-03,290.0,290.0,290.0,290.0,155.0,290.0,0.0,290.0,290.0,290.0,1.0,155.0,0,03
379,2015-07-31,290.0,292.0,290.0,291.61,2900.0,290.0,0.0,292.0,290.0,291.61,1.0,2900.0,4,31
380,2015-07-30,280.8,280.8,280.8,280.8,50.0,280.8,0.0,280.8,280.8,280.8,1.0,50.0,3,30
381,2015-07-29,280.8,280.8,280.8,280.8,46.0,280.8,0.0,280.8,280.8,280.8,1.0,46.0,2,29
382,2015-07-28,280.8,280.8,280.8,280.8,20.0,280.8,0.0,280.8,280.8,280.8,1.0,20.0,1,28
383,2015-07-27,280.8,292.163,280.0,291.537,80704.0,280.8,0.0,292.163,280.0,291.537,1.0,80704.0,0,27
384,2015-07-24,289.154,289.668,289.148,289.154,66626.0,289.154,0.0,289.668,289.148,289.154,1.0,66626.0,4,24
385,2015-07-23,305.0,305.0,305.0,305.0,0.0,305.0,0.0,305.0,305.0,305.0,1.0,0.0,3,23
386,2015-07-22,305.0,305.0,305.0,305.0,0.0,305.0,0.0,305.0,305.0,305.0,1.0,0.0,2,22
387,2015-07-21,305.0,305.0,302.0,302.0,6300.0,305.0,0.0,305.0,302.0,302.0,1.0,6300.0,1,21
388,2015-07-20,305.75,306.28,305.75,305.75,29074.0,305.75,0.0,306.28,305.75,305.75,1.0,29074.0,0,20
389,2015-07-17,282.0,310.193,282.0,282.0,10300.0,282.0,0.0,310.193,282.0,282.0,1.0,10300.0,4,17
390,2015-07-16,309.0,311.7,309.0,311.7,250.0,309.0,0.0,311.7,309.0,311.7,1.0,250.0,3,16
391,2015-07-15,316.0,316.0,313.86,314.37,800.0,316.0,0.0,316.0,313.86,314.37,1.0,800.0,2,15
392,2015-07-14,318.7199,323.99,318.7199,323.99,200.0,318.7199,0.0,323.99,318.7199,323.99,1.0,200.0,1,14
393,2015-07-13,311.9001,314.112,311.9001,314.112,200.0,311.9001,0.0,314.112,311.9001,314.112,1.0,200.0,0,13
394,2015-07-10,309.961,310.693,309.961,309.961,10001.0,309.961,0.0,310.693,309.961,309.961,1.0,10001.0,4,10
395,2015-07-09,304.85,304.85,304.85,304.85,0.0,304.85,0.0,304.85,304.85,304.85,1.0,0.0,3,09
396,2015-07-08,304.85,304.85,303.95,303.95,210.0,304.85,0.0,304.85,303.95,303.95,1.0,210.0,2,08
397,2015-07-07,300.0501,300.0501,300.0501,300.0501,102.0,300.0501,0.0,300.0501,300.0501,300.0501,1.0,102.0,1,07
398,2015-07-06,319.34,319.34,315.25,316.693,912.0,319.34,0.0,319.34,315.25,316.693,1.0,912.0,0,06
399,2015-07-02,334.93,334.93,334.93,334.93,0.0,334.93,0.0,334.93,334.93,334.93,1.0,0.0,3,02
400,2015-07-01,334.93,334.93,334.93,334.93,261.0,334.93,0.0,334.93,334.93,334.93,1.0,261.0,2,01
401,2015-06-30,334.9,334.9,334.9,334.9,330.0,334.9,0.0,334.9,334.9,334.9,1.0,330.0,1,30
402,2015-06-29,343.96,343.96,343.6001,343.6001,610.0,343.96,0.0,343.96,343.6001,343.6001,1.0,610.0,0,29
403,2015-06-26,354.4,354.4,354.4,354.4,200.0,354.4,0.0,354.4,354.4,354.4,1.0,200.0,4,26
404,2015-06-25,357.642,357.642,357.642,357.642,0.0,357.642,0.0,357.642,357.642,357.642,1.0,0.0,3,25
405,2015-06-24,357.642,357.642,357.642,357.642,0.0,357.642,0.0,357.642,357.642,357.642,1.0,0.0,2,24
406,2015-06-23,357.642,357.642,354.5,354.5,2100.0,357.642,0.0,357.642,354.5,354.5,1.0,2100.0,1,23
407,2015-06-22,362.86,362.86,362.86,362.86,0.0,362.86,0.0,362.86,362.86,362.86,1.0,0.0,0,22
408,2015-06-19,362.86,362.86,362.86,362.86,10.0,362.86,0.0,362.86,362.86,362.86,1.0,10.0,4,19
409,2015-06-18,362.86,362.86,360.03,360.03,400.0,362.86,0.0,362.86,360.03,360.03,1.0,400.0,3,18
410,2015-06-17,357.5,357.5,357.5,357.5,0.0,357.5,0.0,357.5,357.5,357.5,1.0,0.0,2,17
411,2015-06-16,357.5,357.5,357.5,357.5,69.0,357.5,0.0,357.5,357.5,357.5,1.0,69.0,1,16
412,2015-06-15,357.5,358.1,352.56,352.56,374.0,357.5,0.0,358.1,352.56,352.56,1.0,374.0,0,15
413,2015-06-12,368.245,368.245,368.245,368.245,0.0,368.245,0.0,368.245,368.245,368.245,1.0,0.0,4,12
414,2015-06-11,368.245,368.245,368.245,368.245,0.0,368.245,0.0,368.245,368.245,368.245,1.0,0.0,3,11
415,2015-06-10,368.245,368.245,367.968,367.968,400.0,368.245,0.0,368.245,367.968,367.968,1.0,400.0,2,10
416,2015-06-09,363.5,363.5,363.5,363.5,100.0,363.5,0.0,363.5,363.5,363.5,1.0,100.0,1,09
417,2015-06-08,373.0,373.0,373.0,373.0,0.0,373.0,0.0,373.0,373.0,373.0,1.0,0.0,0,08
418,2015-06-05,373.0,373.0,373.0,373.0,0.0,373.0,0.0,373.0,373.0,373.0,1.0,0.0,4,05
419,2015-06-04,373.0,373.0,373.0,373.0,0.0,373.0,0.0,373.0,373.0,373.0,1.0,0.0,3,04
420,2015-06-03,373.0,373.0,373.0,373.0,0.0,373.0,0.0,373.0,373.0,373.0,1.0,0.0,2,03
421,2015-06-02,373.0,373.0,373.0,373.0,5.0,373.0,0.0,373.0,373.0,373.0,1.0,5.0,1,02
422,2015-06-01,373.0,373.0,373.0,373.0,100.0,373.0,0.0,373.0,373.0,373.0,1.0,100.0,0,01
423,2015-05-29,373.0,373.0,368.57,368.57,11833.0,373.0,0.0,373.0,368.57,368.57,1.0,11833.0,4,29
424,2015-05-28,364.5312,364.5312,364.5312,364.5312,10.0,364.5312,0.0,364.5312,364.5312,364.5312,1.0,10.0,3,28
425,2015-05-27,368.75,368.75,368.75,368.75,10000.0,368.75,0.0,368.75,368.75,368.75,1.0,10000.0,2,27
426,2015-05-26,368.75,368.75,368.75,368.75,0.0,368.75,0.0,368.75,368.75,368.75,1.0,0.0,1,26
427,2015-05-22,368.75,368.75,368.75,368.75,10.0,368.75,0.0,368.75,368.75,368.75,1.0,10.0,4,22
428,2015-05-21,368.75,368.75,368.75,368.75,0.0,368.75,0.0,368.75,368.75,368.75,1.0,0.0,3,21
429,2015-05-20,368.75,368.75,368.75,368.75,0.0,368.75,0.0,368.75,368.75,368.75,1.0,0.0,2,20
430,2015-05-19,368.75,368.75,368.75,368.75,850.0,368.75,0.0,368.75,368.75,368.75,1.0,850.0,1,19
431,2015-05-18,368.75,368.75,368.75,368.75,0.0,368.75,0.0,368.75,368.75,368.75,1.0,0.0,0,18
432,2015-05-15,368.75,368.75,368.75,368.75,0.0,368.75,0.0,368.75,368.75,368.75,1.0,0.0,4,15
433,2015-05-14,368.75,368.75,368.75,368.75,0.0,368.75,0.0,368.75,368.75,368.75,1.0,0.0,3,14
434,2015-05-13,368.75,368.75,368.75,368.75,0.0,368.75,0.0,368.75,368.75,368.75,1.0,0.0,2,13
435,2015-05-12,368.75,368.75,368.75,368.75,0.0,368.75,0.0,368.75,368.75,368.75,1.0,0.0,1,12
436,2015-05-11,368.75,368.75,360.0,360.0,400.0,368.75,0.0,368.75,360.0,360.0,1.0,400.0,0,11
437,2015-05-08,365.7,365.7,365.7,365.7,0.0,365.7,0.0,365.7,365.7,365.7,1.0,0.0,4,08
438,2015-05-07,365.7,365.7,365.7,365.7,0.0,365.7,0.0,365.7,365.7,365.7,1.0,0.0,3,07
439,2015-05-06,365.7,365.7,365.7,365.7,0.0,365.7,0.0,365.7,365.7,365.7,1.0,0.0,2,06
440,2015-05-05,365.7,365.7,365.7,365.7,50.0,365.7,0.0,365.7,365.7,365.7,1.0,50.0,1,05
441,2015-05-04,365.7,365.7,365.7,365.7,100.0,365.7,0.0,365.7,365.7,365.7,1.0,100.0,0,04
442,2015-05-01,381.1964,381.1964,381.1964,381.1964,50.0,381.1964,0.0,381.1964,381.1964,381.1964,1.0,50.0,4,01
443,2015-04-30,381.1964,381.1964,381.1964,381.1964,0.0,381.1964,0.0,381.1964,381.1964,381.1964,1.0,0.0,3,30
444,2015-04-29,381.1964,381.1964,381.1964,381.1964,0.0,381.1964,0.0,381.1964,381.1964,381.1964,1.0,0.0,2,29
445,2015-04-28,381.1964,381.1964,381.1964,381.1964,24.0,381.1964,0.0,381.1964,381.1964,381.1964,1.0,24.0,1,28
446,2015-04-27,381.1964,381.1964,381.1964,381.1964,6133.0,381.1964,0.0,381.1964,381.1964,381.1964,1.0,6133.0,0,27
447,2015-04-24,379.8,379.8,379.8,379.8,20790.0,379.8,0.0,379.8,379.8,379.8,1.0,20790.0,4,24
448,2015-04-23,379.8,380.4,379.8,380.4,19743.0,379.8,0.0,380.4,379.8,380.4,1.0,19743.0,3,23
449,2015-04-22,387.63,387.63,387.63,387.63,20415.0,387.63,0.0,387.63,387.63,387.63,1.0,20415.0,2,22
450,2015-04-21,387.63,387.63,387.63,387.63,0.0,387.63,0.0,387.63,387.63,387.63,1.0,0.0,1,21
451,2015-04-20,387.63,389.0,387.63,389.0,19891.0,387.63,0.0,389.0,387.63,389.0,1.0,19891.0,0,20
452,2015-04-17,391.01,391.01,391.01,391.01,10508.0,391.01,0.0,391.01,391.01,391.01,1.0,10508.0,4,17
453,2015-04-16,391.01,391.01,388.375,390.01,30360.0,391.01,0.0,391.01,388.375,390.01,1.0,30360.0,3,16
454,2015-04-15,388.0,388.0,382.0,382.0,60200.0,388.0,0.0,388.0,382.0,382.0,1.0,60200.0,2,15
455,2015-04-14,374.5,374.5,366.864,374.5,3607.0,374.5,0.0,374.5,366.864,374.5,1.0,3607.0,1,14
456,2015-04-13,378.25,378.25,378.25,378.25,4568.0,378.25,0.0,378.25,378.25,378.25,1.0,4568.0,0,13
457,2015-04-10,378.25,378.25,378.25,378.25,3000.0,378.25,0.0,378.25,378.25,378.25,1.0,3000.0,4,10
458,2015-04-09,378.25,378.25,378.25,378.25,13139.0,378.25,0.0,378.25,378.25,378.25,1.0,13139.0,3,09
459,2015-04-08,375.29,376.29,374.0,374.0,4450.0,375.29,0.0,376.29,374.0,374.0,1.0,4450.0,2,08
460,2015-04-07,373.9,373.9,373.9,373.9,100.0,373.9,0.0,373.9,373.9,373.9,1.0,100.0,1,07
461,2015-04-06,369.43,370.25,366.0,366.0,924.0,369.43,0.0,370.25,366.0,366.0,1.0,924.0,0,06
462,2015-04-02,368.26,372.94,366.9,368.0,2500.0,368.26,0.0,372.94,366.9,368.0,1.0,2500.0,3,02
463,2015-04-01,365.24,365.91,360.38,360.72,600.0,365.24,0.0,365.91,360.38,360.72,1.0,600.0,2,01
464,2015-03-31,351.85,353.78,351.85,353.31,1201.0,351.85,0.0,353.78,351.85,353.31,1.0,1201.0,1,31
465,2015-03-30,355.0,355.0,355.0,355.0,0.0,355.0,0.0,355.0,355.0,355.0,1.0,0.0,0,30
466,2015-03-27,355.0,355.0,349.1,349.1,398.0,355.0,0.0,355.0,349.1,349.1,1.0,398.0,4,27
467,2015-03-26,354.4,354.4,354.4,354.4,0.0,354.4,0.0,354.4,354.4,354.4,1.0,0.0,3,26
468,2015-03-25,354.4,354.4,354.4,354.4,0.0,354.4,0.0,354.4,354.4,354.4,1.0,0.0,2,25
469,2015-03-24,354.4,354.4,354.4,354.4,24.0,354.4,0.0,354.4,354.4,354.4,1.0,24.0,1,24
470,2015-03-23,354.4,400.0,354.4,400.0,200.0,354.4,0.0,400.0,354.4,400.0,1.0,200.0,0,23
471,2015-03-20,351.75,351.75,351.75,351.75,0.0,351.75,0.0,351.75,351.75,351.75,1.0,0.0,4,20
472,2015-03-19,351.75,351.75,351.75,351.75,510.0,351.75,0.0,351.75,351.75,351.75,1.0,510.0,3,19
473,2015-03-18,350.0,350.0,350.0,350.0,150.0,350.0,0.0,350.0,350.0,350.0,1.0,150.0,2,18
474,2015-03-17,348.01,348.01,348.01,348.01,100.0,348.01,0.0,348.01,348.01,348.01,1.0,100.0,1,17
475,2015-03-16,348.01,348.01,348.01,348.01,500.0,348.01,0.0,348.01,348.01,348.01,1.0,500.0,0,16
476,2015-03-13,341.8,342.3,341.8,342.3,200.0,341.8,0.0,342.3,341.8,342.3,1.0,200.0,4,13
477,2015-03-12,344.7,344.7,344.7,344.7,8000.0,344.7,0.0,344.7,344.7,344.7,1.0,8000.0,3,12
478,2015-03-11,344.7,344.7,344.7,344.7,50.0,344.7,0.0,344.7,344.7,344.7,1.0,50.0,2,11
479,2015-03-10,344.7,344.7,344.7,344.7,35.0,344.7,0.0,344.7,344.7,344.7,1.0,35.0,1,10
480,2015-03-09,344.7,344.7,344.7,344.7,0.0,344.7,0.0,344.7,344.7,344.7,1.0,0.0,0,09
481,2015-03-06,344.7,344.7,344.7,344.7,75.0,344.7,0.0,344.7,344.7,344.7,1.0,75.0,4,06
482,2015-03-05,344.7,344.7,344.7,344.7,40.0,344.7,0.0,344.7,344.7,344.7,1.0,40.0,3,05
483,2015-03-04,344.7,344.7,344.7,344.7,0.0,344.7,0.0,344.7,344.7,344.7,1.0,0.0,2,04
484,2015-03-03,344.7,344.7,344.7,344.7,1120.0,344.7,0.0,344.7,344.7,344.7,1.0,1120.0,1,03
485,2015-03-02,361.05,361.05,361.05,361.05,0.0,361.05,0.0,361.05,361.05,361.05,1.0,0.0,0,02
486,2015-02-27,361.05,361.05,361.05,361.05,0.0,361.05,0.0,361.05,361.05,361.05,1.0,0.0,4,27
487,2015-02-26,361.05,361.05,361.05,361.05,100.0,361.05,0.0,361.05,361.05,361.05,1.0,100.0,3,26
488,2015-02-25,356.6,356.6,356.6,356.6,100.0,356.6,4.21875,356.6,356.6,356.6,1.0,100.0,2,25
489,2015-02-24,356.779130796,356.779130796,356.779130796,356.779130796,124.0,361.0,0.0,361.0,361.0,361.0,1.0,124.0,1,24
490,2015-02-23,353.715376488,353.715376488,353.715376488,353.715376488,33.0,357.9,0.0,357.9,357.9,357.9,1.0,33.0,0,23
491,2015-02-20,353.715376488,353.715376488,353.715376488,353.715376488,0.0,357.9,0.0,357.9,357.9,357.9,1.0,0.0,4,20
492,2015-02-19,353.715376488,353.715376488,347.093713949,347.093713949,9760.0,357.9,0.0,357.9,351.2,351.2,1.0,9760.0,3,19
493,2015-02-18,345.314759834,345.314759834,345.314759834,345.314759834,0.0,349.4,0.0,349.4,349.4,349.4,1.0,0.0,2,18
494,2015-02-17,345.314759834,345.314759834,345.314759834,345.314759834,0.0,349.4,0.0,349.4,349.4,349.4,1.0,0.0,1,17
495,2015-02-13,345.314759834,345.314759834,345.314759834,345.314759834,0.0,349.4,0.0,349.4,349.4,349.4,1.0,0.0,4,13
496,2015-02-12,345.314759834,345.314759834,342.34983631,342.34983631,350.0,349.4,0.0,349.4,346.4,346.4,1.0,350.0,3,12
497,2015-02-11,335.026475204,335.026475204,335.026475204,335.026475204,160.0,338.99,0.0,338.99,338.99,338.99,1.0,160.0,2,11
498,2015-02-10,331.765059327,331.765059327,331.765059327,331.765059327,20.0,335.69,0.0,335.69,335.69,335.69,1.0,20.0,1,10
499,2015-02-09,331.765059327,331.765059327,331.765059327,331.765059327,70.0,335.69,0.0,335.69,335.69,335.69,1.0,70.0,0,09
500,2015-02-06,331.765059327,331.765059327,331.765059327,331.765059327,60.0,335.69,0.0,335.69,335.69,335.69,1.0,60.0,4,06
501,2015-02-05,331.765059327,331.765059327,331.765059327,331.765059327,0.0,335.69,0.0,335.69,335.69,335.69,1.0,0.0,3,05
502,2015-02-04,331.765059327,333.74167501,331.765059327,333.356234952,1000.0,335.69,0.0,337.69,335.69,337.3,1.0,1000.0,2,04
503,2015-02-03,330.391311427,330.68780378,323.769648889,325.548603004,800.0,334.3,0.0,334.6,327.6,329.4,1.0,800.0,1,03
504,2015-02-02,324.955618299,325.894510748,320.666362266,325.894510748,675.0,328.8,0.0,329.75,324.46,329.75,1.0,675.0,0,02
505,2015-01-30,329.798326722,329.798326722,329.798326722,329.798326722,300.0,333.7,0.0,333.7,333.7,333.7,1.0,300.0,4,30
506,2015-01-29,331.429034661,331.429034661,330.737219172,330.737219172,365.0,335.35,0.0,335.35,334.65,334.65,1.0,365.0,3,29
507,2015-01-28,340.91678994,340.91678994,340.91678994,340.91678994,50.0,344.95,0.0,344.95,344.95,344.95,1.0,50.0,2,28
508,2015-01-27,340.91678994,340.91678994,340.91678994,340.91678994,0.0,344.95,0.0,344.95,344.95,344.95,1.0,0.0,1,27
509,2015-01-26,340.91678994,340.91678994,340.91678994,340.91678994,300.0,344.95,0.0,344.95,344.95,344.95,1.0,300.0,0,26
510,2015-01-23,329.353588194,329.353588194,329.353588194,329.353588194,0.0,333.25,0.0,333.25,333.25,333.25,1.0,0.0,4,23
511,2015-01-22,329.353588194,329.353588194,329.353588194,329.353588194,10.0,333.25,0.0,333.25,333.25,333.25,1.0,10.0,3,22
512,2015-01-21,329.353588194,329.353588194,329.353588194,329.353588194,0.0,333.25,0.0,333.25,333.25,333.25,1.0,0.0,2,21
513,2015-01-20,329.353588194,329.353588194,329.353588194,329.353588194,150.0,333.25,0.0,333.25,333.25,333.25,1.0,150.0,1,20
514,2015-01-16,329.353588194,329.353588194,329.353588194,329.353588194,60.0,333.25,0.0,333.25,333.25,333.25,1.0,60.0,4,16
515,2015-01-15,329.353588194,361.384645338,329.353588194,339.780235922,1020.0,333.25,0.0,365.66,333.25,343.8,1.0,1020.0,3,15
516,2015-01-14,341.954513173,341.954513173,341.954513173,341.954513173,100.0,346.0,0.0,346.0,346.0,346.0,1.0,100.0,2,14
517,2015-01-13,343.78288268,356.235561483,341.460359252,356.235561483,690.0,347.85,0.0,360.45,345.5,360.45,1.0,690.0,1,13
518,2015-01-12,348.823252672,348.823252672,347.884360222,347.884360222,301.0,352.95,0.0,352.95,352.0,352.0,1.0,301.0,0,12
519,2015-01-09,342.942821015,342.942821015,342.942821015,342.942821015,0.0,347.0,0.0,347.0,347.0,347.0,1.0,0.0,4,09
520,2015-01-08,342.942821015,342.942821015,342.942821015,342.942821015,101.0,347.0,0.0,347.0,347.0,347.0,1.0,101.0,3,08
521,2015-01-07,342.942821015,342.942821015,342.942821015,342.942821015,0.0,347.0,0.0,347.0,347.0,347.0,1.0,0.0,2,07
522,2015-01-06,342.942821015,342.942821015,342.942821015,342.942821015,175.0,347.0,0.0,347.0,347.0,347.0,1.0,175.0,1,06
523,2015-01-05,361.078269907,361.078269907,361.078269907,361.078269907,2.0,365.35,0.0,365.35,365.35,365.35,1.0,2.0,0,05
524,2015-01-02,361.078269907,361.078269907,361.078269907,361.078269907,901.0,365.35,0.0,365.35,365.35,365.35,1.0,901.0,4,02
525,2014-12-31,361.601974232,364.151907294,355.336201348,364.151907294,1500.0,365.8799,0.0,368.46,359.54,368.46,1.0,1500.0,2,31
526,2014-12-30,361.266048397,367.373790858,361.266048397,367.373790858,251.0,365.54,0.0,371.72,365.54,371.72,1.0,251.0,1,30
527,2014-12-29,353.76479188,353.76479188,353.76479188,353.76479188,0.0,357.95,0.0,357.95,357.95,357.95,1.0,0.0,0,29
528,2014-12-26,353.76479188,353.76479188,353.76479188,353.76479188,0.0,357.95,0.0,357.95,357.95,357.95,1.0,0.0,4,26
529,2014-12-24,353.76479188,353.76479188,353.76479188,353.76479188,0.0,357.95,0.0,357.95,357.95,357.95,1.0,0.0,2,24
530,2014-12-23,353.76479188,353.76479188,353.76479188,353.76479188,100.0,357.95,0.0,357.95,357.95,357.95,1.0,100.0,1,23
531,2014-12-22,354.525788918,354.525788918,354.525788918,354.525788918,150.0,358.72,0.0,358.72,358.72,358.72,1.0,150.0,0,22
532,2014-12-19,357.105371215,361.266048397,357.105371215,358.459254127,552.0,361.3301,0.0,365.54,361.3301,362.7,1.0,552.0,4,19
533,2014-12-18,347.143129341,347.143129341,347.143129341,347.143129341,0.0,351.25,0.0,351.25,351.25,351.25,1.0,0.0,3,18
534,2014-12-17,347.143129341,347.143129341,347.143129341,347.143129341,6.0,351.25,0.0,351.25,351.25,351.25,1.0,6.0,2,17
535,2014-12-16,347.143129341,347.143129341,346.046107637,346.046107637,200.0,351.25,0.0,351.25,350.14,350.14,1.0,200.0,1,16
536,2014-12-15,341.361528468,341.361528468,341.361528468,341.361528468,20.0,345.4,0.0,345.4,345.4,345.4,1.0,20.0,0,15
537,2014-12-12,341.361528468,341.954513173,339.394795864,341.954513173,300.0,345.4,0.0,346.0,343.41,346.0,1.0,300.0,4,12
538,2014-12-11,342.409035949,342.409035949,342.409035949,342.409035949,100.0,346.4599,0.0,346.4599,346.4599,346.4599,1.0,100.0,3,11
539,2014-12-10,337.012973965,346.263535362,337.012973965,345.976926088,421.0,341.0,0.0,350.36,341.0,350.07,1.0,421.0,2,10
540,2014-12-09,335.827004556,335.827004556,335.827004556,335.827004556,100.0,339.8,0.0,339.8,339.8,339.8,1.0,100.0,1,09
541,2014-12-08,335.827004556,335.827004556,335.827004556,335.827004556,0.0,339.8,0.0,339.8,339.8,339.8,1.0,0.0,0,08
542,2014-12-05,335.827004556,336.597884672,335.540395282,336.597884672,300.0,339.8,0.0,340.58,339.51,340.58,1.0,300.0,4,05
543,2014-12-04,342.082993193,342.082993193,342.082993193,342.082993193,100.0,346.13,0.0,346.13,346.13,346.13,1.0,100.0,3,04
544,2014-12-03,339.127952746,339.127952746,339.127952746,339.127952746,2800.0,343.14,0.0,343.14,343.14,343.14,1.0,2800.0,2,03
545,2014-12-02,339.127952746,339.127952746,339.127952746,339.127952746,100.0,343.14,0.0,343.14,343.14,343.14,1.0,100.0,1,02
546,2014-12-01,360.732362162,360.732362162,360.732362162,360.732362162,0.0,365.0,0.0,365.0,365.0,365.0,1.0,0.0,0,01
547,2014-11-28,360.732362162,360.732362162,360.732362162,360.732362162,0.0,365.0,0.0,365.0,365.0,365.0,1.0,0.0,4,28
548,2014-11-26,360.732362162,360.732362162,360.732362162,360.732362162,0.0,365.0,4.21875,365.0,365.0,365.0,1.0,0.0,2,26
549,2014-11-25,356.61057893,356.61057893,351.305385934,351.305385934,454.0,365.0,0.0,365.0,359.57,359.57,1.0,454.0,1,25
550,2014-11-24,340.431205815,343.40133228,340.431205815,343.40133228,600.0,348.44,0.0,351.48,348.44,351.48,1.0,600.0,0,24
551,2014-11-21,351.637571131,351.637571131,351.637571131,351.637571131,0.0,359.91,0.0,359.91,359.91,359.91,1.0,0.0,4,21
552,2014-11-20,351.637571131,351.637571131,278.449356151,293.104585422,1900.0,359.91,0.0,359.91,285.0,300.0,1.0,1900.0,3,20
553,2014-11-19,346.840426083,358.369206442,346.840426083,358.095642163,400.0,355.0,0.0,366.8,355.0,366.52,1.0,400.0,2,19
554,2014-11-18,357.67552559,357.67552559,357.67552559,357.67552559,0.0,366.09,0.0,366.09,366.09,366.09,1.0,0.0,1,18
555,2014-11-17,357.67552559,357.67552559,357.67552559,357.67552559,5.0,366.09,0.0,366.09,366.09,366.09,1.0,5.0,0,17
556,2014-11-14,357.67552559,357.67552559,357.67552559,357.67552559,21.0,366.09,0.0,366.09,366.09,366.09,1.0,21.0,4,14
557,2014-11-13,357.67552559,357.67552559,357.67552559,357.67552559,40.0,366.09,0.0,366.09,366.09,366.09,1.0,40.0,3,13
558,2014-11-12,357.67552559,357.67552559,357.67552559,357.67552559,50.0,366.09,0.0,366.09,366.09,366.09,1.0,50.0,2,12
559,2014-11-11,357.67552559,357.67552559,357.67552559,357.67552559,3.0,366.09,0.0,366.09,366.09,366.09,1.0,3.0,1,11
560,2014-11-10,357.67552559,358.564609499,357.67552559,358.564609499,423.0,366.09,0.0,367.0,366.09,367.0,1.0,423.0,0,10
561,2014-11-07,359.395072491,360.460019152,359.35599188,359.35599188,498.0,367.85,0.0,368.94,367.81,367.81,1.0,498.0,4,07
562,2014-11-06,360.567490833,360.567490833,360.567490833,360.567490833,100.0,369.05,0.0,369.05,369.05,369.05,1.0,100.0,3,06
563,2014-11-05,380.303199585,380.303199585,380.303199585,380.303199585,1.0,389.25,0.0,389.25,389.25,389.25,1.0,1.0,2,05
564,2014-11-04,380.303199585,380.303199585,376.639392267,380.283659279,2919.0,389.25,0.0,389.25,385.5,389.23,1.0,2919.0,1,04
565,2014-11-03,360.352547471,360.352547471,360.352547471,360.352547471,103.0,368.83,0.0,368.83,368.83,368.83,1.0,103.0,0,03
566,2014-10-31,350.835734686,351.900974451,350.835734686,351.900974451,5000.0,359.0893,0.0,360.1796,359.0893,360.1796,1.0,5000.0,4,31
567,2014-10-30,339.757065268,339.757065268,339.757065268,339.757065268,100.0,347.75,0.0,347.75,347.75,347.75,1.0,100.0,3,30
568,2014-10-29,339.757065268,339.757065268,339.757065268,339.757065268,0.0,347.75,0.0,347.75,347.75,347.75,1.0,0.0,2,29
569,2014-10-28,339.757065268,339.757065268,339.757065268,339.757065268,100.0,347.75,0.0,347.75,347.75,347.75,1.0,100.0,1,28
570,2014-10-24,341.955349659,341.955349659,341.955349659,341.955349659,25.0,350.0,0.0,350.0,350.0,350.0,1.0,25.0,4,24
571,2014-10-23,341.955349659,341.955349659,341.955349659,341.955349659,175.0,350.0,0.0,350.0,350.0,350.0,1.0,175.0,3,23
572,2014-10-21,341.955349659,341.955349659,340.978334374,340.978334374,535.0,350.0,0.0,350.0,349.0,349.0,1.0,535.0,1,21
573,2014-10-20,340.030629548,340.030629548,340.030629548,340.030629548,100.0,348.03,0.0,348.03,348.03,348.03,1.0,100.0,0,20
574,2014-10-16,319.58179734,319.58179734,319.58179734,319.58179734,25.0,327.1001,0.0,327.1001,327.1001,327.1001,1.0,25.0,3,16
575,2014-10-14,319.58179734,319.58179734,319.58179734,319.58179734,100.0,327.1001,0.0,327.1001,327.1001,327.1001,1.0,100.0,1,14
576,2014-10-13,319.327675664,321.389177915,319.327675664,321.389177915,400.0,326.84,0.0,328.95,326.84,328.95,1.0,400.0,0,13
577,2014-10-07,330.201855783,330.201855783,329.928291504,329.928291504,245.0,337.97,0.0,337.97,337.69,337.69,1.0,245.0,1,07
578,2014-10-06,327.153568095,327.153568095,327.153568095,327.153568095,100.0,334.85,0.0,334.85,334.85,334.85,1.0,100.0,0,06
579,2014-10-02,327.153568095,327.153568095,327.153568095,327.153568095,110.0,334.85,0.0,334.85,334.85,334.85,1.0,110.0,3,02
580,2014-09-30,331.67499943,331.67499943,330.934617247,330.934617247,2715.0,339.4778,0.0,339.4778,338.72,338.72,1.0,2715.0,1,30
581,2014-09-26,332.986349345,332.986349345,332.986349345,332.986349345,44.0,340.82,0.0,340.82,340.82,340.82,1.0,44.0,4,26
582,2014-09-25,332.986349345,332.986349345,332.986349345,332.986349345,20.0,340.82,0.0,340.82,340.82,340.82,1.0,20.0,3,25
583,2014-09-24,332.986349345,332.986349345,332.986349345,332.986349345,0.0,340.82,0.0,340.82,340.82,340.82,1.0,0.0,2,24
584,2014-09-23,332.986349345,332.986349345,332.986349345,332.986349345,0.0,340.82,0.0,340.82,340.82,340.82,1.0,0.0,1,23
585,2014-09-22,332.986349345,332.986349345,331.87255192,331.87255192,200.0,340.82,0.0,340.82,339.68,339.68,1.0,200.0,0,22
586,2014-09-19,330.211625936,330.211625936,330.211625936,330.211625936,0.0,337.98,0.0,337.98,337.98,337.98,1.0,0.0,4,19
587,2014-09-18,330.211723638,330.211723638,330.211723638,330.211723638,100.0,337.9801,0.0,337.9801,337.9801,337.9801,1.0,100.0,3,18
588,2014-09-17,333.562788363,333.562788363,333.562788363,333.562788363,200.0,341.41,0.0,341.41,341.41,341.41,1.0,200.0,2,17
589,2014-09-16,332.185196811,332.185196811,332.185196811,332.185196811,0.0,340.0,0.0,340.0,340.0,340.0,1.0,0.0,1,16
590,2014-09-15,332.185196811,332.830026899,332.185196811,332.830026899,5200.0,340.0,0.0,340.66,340.0,340.66,1.0,5200.0,0,15
591,2014-09-12,338.154760201,338.154760201,338.154760201,338.154760201,100.0,346.11,0.0,346.11,346.11,346.11,1.0,100.0,4,12
592,2014-09-11,335.018541137,335.018541137,334.354170744,334.354170744,500.0,342.9,0.0,342.9,342.22,342.22,1.0,500.0,3,11
593,2014-09-10,336.171419173,336.171419173,336.171419173,336.171419173,200.0,344.08,0.0,344.08,344.08,344.08,1.0,200.0,2,10
594,2014-09-09,330.260476701,331.589217488,329.986912421,331.589217488,600.0,338.03,0.0,339.39,337.75,339.39,1.0,600.0,1,09
595,2014-09-08,339.278327779,339.278327779,339.278327779,339.278327779,0.0,347.26,0.0,347.26,347.26,347.26,1.0,0.0,0,08
596,2014-09-05,339.278327779,339.278327779,339.278327779,339.278327779,0.0,347.26,0.0,347.26,347.26,347.26,1.0,0.0,4,05
597,2014-09-04,339.278327779,341.662245073,337.363377821,337.363377821,600.0,347.26,0.0,349.7,345.3,345.3,1.0,600.0,3,04
598,2014-09-03,339.766835421,339.766835421,339.766835421,339.766835421,200.0,347.76,0.0,347.76,347.76,347.76,1.0,200.0,2,03
599,2014-09-02,344.524899858,344.524899858,344.524899858,344.524899858,0.0,352.63,0.0,352.63,352.63,352.63,1.0,0.0,1,02
600,2014-08-29,344.524899858,344.524899858,344.524899858,344.524899858,100.0,352.63,0.0,352.63,352.63,352.63,1.0,100.0,4,29
601,2014-08-28,338.04728852,341.06626575,338.04728852,341.06626575,400.0,346.0,0.0,349.09,346.0,349.09,1.0,400.0,3,28
602,2014-08-27,347.749050297,347.749050297,347.749050297,347.749050297,0.0,355.93,5.71875,355.93,355.93,355.93,1.0,0.0,2,27
603,2014-08-26,342.250096184,342.250096184,342.250096184,342.250096184,200.0,355.93,0.0,355.93,355.93,355.93,1.0,200.0,1,26
604,2014-08-25,335.855683969,335.855683969,335.855683969,335.855683969,0.0,349.28,0.0,349.28,349.28,349.28,1.0,0.0,0,25
605,2014-08-22,334.615264156,334.615264156,334.615264156,334.615264156,0.0,347.99,0.0,347.99,347.99,347.99,1.0,0.0,4,22
606,2014-08-21,335.855780126,335.855780126,335.855780126,335.855780126,0.0,349.2801,0.0,349.2801,349.2801,349.2801,1.0,0.0,3,21
607,2014-08-20,335.855780126,335.855780126,335.855780126,335.855780126,100.0,349.2801,0.0,349.2801,349.2801,349.2801,1.0,100.0,2,20
608,2014-08-19,336.548011307,336.548011307,336.548011307,336.548011307,100.0,350.0,0.0,350.0,350.0,350.0,1.0,100.0,1,19
609,2014-08-18,336.548011307,338.230751363,336.548011307,336.548011307,700.0,350.0,0.0,351.75,350.0,350.0,1.0,700.0,0,18
610,2014-08-15,324.528439474,324.528439474,324.528439474,324.528439474,100.0,337.5,0.0,337.5,337.5,337.5,1.0,100.0,4,15
611,2014-08-14,317.316696375,317.316696375,317.316696375,317.316696375,0.0,330.0,0.0,330.0,330.0,330.0,1.0,0.0,3,14
612,2014-08-13,317.316696375,317.316696375,317.316696375,317.316696375,200.0,330.0,0.0,330.0,330.0,330.0,1.0,200.0,2,13
613,2014-08-12,313.65313088,313.65313088,311.720479886,311.720479886,300.0,326.19,0.0,326.19,324.1801,324.1801,1.0,300.0,1,12
614,2014-08-11,314.431999135,318.287877779,314.431999135,318.287877779,400.0,327.0,0.0,331.01,327.0,331.01,1.0,400.0,0,11
615,2014-08-08,309.624170402,309.624170402,309.624170402,309.624170402,0.0,322.0,0.0,322.0,322.0,322.0,1.0,0.0,4,08
616,2014-08-07,309.624170402,315.585878031,309.624170402,315.566646716,900.0,322.0,0.0,328.2,322.0,328.18,1.0,900.0,3,07
617,2014-08-06,315.739728551,315.739728551,315.739728551,315.739728551,100.0,328.36,0.0,328.36,328.36,328.36,1.0,100.0,2,06
618,2014-08-05,313.912753632,313.912753632,313.912753632,313.912753632,0.0,326.46,0.0,326.46,326.46,326.46,1.0,0.0,1,05
619,2014-08-04,311.07613468,311.07613468,311.07613468,311.07613468,0.0,323.51,0.0,323.51,323.51,323.51,1.0,0.0,0,04
620,2014-08-01,311.07613468,311.07613468,311.07613468,311.07613468,0.0,323.51,0.0,323.51,323.51,323.51,1.0,0.0,4,01
621,2014-07-31,311.07613468,311.07613468,310.479963917,310.479963917,200.0,323.51,0.0,323.51,322.89,322.89,1.0,200.0,3,31
622,2014-07-30,305.19135231,305.835601361,305.19135231,305.835601361,400.0,317.39,0.0,318.06,317.39,318.06,1.0,400.0,2,30
623,2014-07-29,304.008626442,307.056789859,304.008626442,307.056789859,400.0,316.16,0.0,319.33,316.16,319.33,1.0,400.0,1,29
624,2014-07-28,304.162573118,305.155485908,303.854775923,303.854775923,500.0,316.3201,0.0,317.3527,316.0,316.0,1.0,500.0,0,28
625,2014-07-25,307.710654567,307.710654567,307.710654567,307.710654567,0.0,320.01,0.0,320.01,320.01,320.01,1.0,0.0,4,25
626,2014-07-24,307.710654567,307.710654567,307.710654567,307.710654567,100.0,320.01,0.0,320.01,320.01,320.01,1.0,100.0,3,24
627,2014-07-23,316.210895766,316.210895766,316.210895766,316.210895766,0.0,328.85,0.0,328.85,328.85,328.85,1.0,0.0,2,23
628,2014-07-22,316.210895766,316.210895766,312.508867642,312.508867642,500.0,328.85,0.0,328.85,325.0,325.0,1.0,500.0,1,22
629,2014-07-21,312.705411681,312.705411681,312.705411681,312.705411681,3000.0,325.2044,0.0,325.2044,325.2044,325.2044,1.0,3000.0,0,21
630,2014-07-18,315.701265921,315.701265921,310.040720684,310.040720684,600.0,328.32,0.0,328.32,322.4332,322.4332,1.0,600.0,4,18
631,2014-07-17,311.499223608,311.499223608,311.499223608,311.499223608,0.0,323.95,0.0,323.95,323.95,323.95,1.0,0.0,3,17
632,2014-07-16,311.499223608,311.499223608,310.585736149,310.585736149,300.0,323.95,0.0,323.95,323.0,323.0,1.0,300.0,2,16
633,2014-07-15,312.508867642,312.508867642,312.508867642,312.508867642,200.0,325.0,0.0,325.0,325.0,325.0,1.0,200.0,1,15
634,2014-07-14,317.821518392,317.821518392,317.316696375,317.316696375,8200.0,330.525,0.0,330.525,330.0,330.0,1.0,8200.0,0,14
635,2014-07-11,317.316696375,317.316696375,317.316696375,317.316696375,0.0,330.0,0.0,330.0,330.0,330.0,1.0,0.0,4,11
636,2014-07-10,311.787693332,315.637321799,310.941611632,315.637321799,1600.0,324.25,0.0,328.2535,323.3701,328.2535,1.0,1600.0,3,10
637,2014-07-09,317.316696375,317.316696375,315.739728551,316.710909955,2800.0,330.0,0.0,330.0,328.36,329.37,1.0,2800.0,2,09
638,2014-07-08,314.133913754,314.133913754,311.653074128,311.653074128,300.0,326.69,0.0,326.69,324.11,324.11,1.0,300.0,1,08
639,2014-07-07,308.19143744,308.19143744,308.19143744,308.19143744,100.0,320.51,0.0,320.51,320.51,320.51,1.0,100.0,0,07
640,2014-07-03,330.538129234,330.538129234,321.297578566,321.297578566,900.0,343.7499,0.0,343.7499,334.14,334.14,1.0,900.0,3,03
641,2014-07-02,317.797479248,320.201393615,317.797479248,320.201393615,6200.0,330.5,0.0,333.0,330.5,333.0,1.0,6200.0,2,02
642,2014-07-01,317.451315579,317.451315579,317.451315579,317.451315579,0.0,330.14,0.0,330.14,330.14,330.14,1.0,0.0,1,01
643,2014-06-30,317.451315579,317.451315579,312.943879986,312.943879986,500.0,330.14,0.0,330.14,325.4524,325.4524,1.0,500.0,0,30
644,2014-06-27,306.739473162,306.739473162,306.739473162,306.739473162,0.0,319.0,0.0,319.0,319.0,319.0,1.0,0.0,4,27
645,2014-06-26,306.739473162,306.739473162,306.739473162,306.739473162,0.0,319.0,0.0,319.0,319.0,319.0,1.0,0.0,3,26
646,2014-06-25,306.739473162,306.739473162,306.739473162,306.739473162,100.0,319.0,0.0,319.0,319.0,319.0,1.0,100.0,2,25
647,2014-06-24,310.345344712,311.403067033,310.345344712,310.633814436,1300.0,322.75,0.0,323.85,322.75,323.05,1.0,1300.0,1,24
648,2014-06-23,309.624170402,309.624170402,309.624170402,309.624170402,100.0,322.0,0.0,322.0,322.0,322.0,1.0,100.0,0,23
649,2014-06-20,317.326312032,317.326312032,311.556917553,315.795499364,1000.0,330.01,0.0,330.01,324.01,328.418,1.0,1000.0,4,20
650,2014-06-19,308.335672302,308.335672302,308.335672302,308.335672302,0.0,320.66,0.0,320.66,320.66,320.66,1.0,0.0,3,19
651,2014-06-18,308.335672302,308.335672302,307.220256036,307.220256036,400.0,320.66,0.0,320.66,319.5,319.5,1.0,400.0,2,18
652,2014-06-17,310.912668503,315.393564882,310.912668503,315.393564882,600.0,323.34,0.0,328.0,323.34,328.0,1.0,600.0,1,17
653,2014-06-16,307.710654567,307.710654567,305.98945188,305.98945188,300.0,320.01,0.0,320.01,318.22,318.22,1.0,300.0,0,16
654,2014-06-13,306.739473162,306.739473162,306.739473162,306.739473162,0.0,319.0,0.0,319.0,319.0,319.0,1.0,0.0,4,13
655,2014-06-12,306.739473162,306.989480257,305.777907416,306.989480257,7500.0,319.0,0.0,319.26,318.0,319.26,1.0,7500.0,3,12
656,2014-06-11,308.816455175,308.816455175,308.816455175,308.816455175,100.0,321.16,0.0,321.16,321.16,321.16,1.0,100.0,2,11
657,2014-06-10,313.470433389,313.736594787,310.989593762,313.470433389,6800.0,326.0,0.0,326.2768,323.42,326.0,1.0,6800.0,1,10
658,2014-06-09,312.316650649,312.508867642,311.035748918,311.035748918,500.0,324.8001,0.0,325.0,323.468,323.468,1.0,500.0,0,09
659,2014-06-06,311.268447829,315.520299247,310.595447963,312.508867642,3500.0,323.71,0.0,328.1318,323.0101,325.0,1.0,3500.0,4,06
660,2014-06-05,308.422213219,308.422213219,307.701038909,307.701038909,900.0,320.75,0.0,320.75,320.0,320.0,1.0,900.0,3,05
661,2014-06-04,307.729982038,307.729982038,307.701038909,307.701038909,3300.0,320.0301,0.0,320.0301,320.0,320.0,1.0,3300.0,2,04
662,2014-06-03,307.701038909,308.761742084,304.172092619,308.761742084,10900.0,320.0,0.0,321.1031,316.33,321.1031,1.0,10900.0,1,03
663,2014-06-02,309.996777129,309.996777129,302.729743999,303.085523325,4700.0,322.3875,0.0,322.3875,314.83,315.2,1.0,4700.0,0,02
664,2014-05-30,304.835572984,313.217445441,303.382839454,307.701038909,9200.0,317.02,0.0,325.7369,315.5092,320.0,1.0,9200.0,4,30
665,2014-05-29,312.749259079,313.306967212,305.19135231,307.124099461,1500.0,325.25,0.0,325.83,317.39,319.4,1.0,1500.0,3,29
666,2014-05-28,302.893210176,305.777907416,301.931644429,305.258661913,1800.0,315.0,0.0,318.0,314.0,317.46,1.0,1800.0,2,28
667,2014-05-27,293.27755271,293.27755271,293.27755271,293.27755271,300.0,305.0,0.0,305.0,305.0,305.0,1.0,300.0,1,27
668,2014-05-23,303.854775923,303.854775923,303.854775923,303.854775923,0.0,316.0,0.0,316.0,316.0,316.0,1.0,0.0,4,23
669,2014-05-22,298.085381443,300.008512936,288.469820134,288.469820134,700.0,310.0,0.0,312.0,300.0001,300.0001,1.0,700.0,3,22
670,2014-05-21,298.085381443,298.085381443,289.767837735,290.017844829,17000.0,310.0,0.0,310.0,301.35,301.61,1.0,17000.0,2,21
671,2014-05-20,294.806442247,297.123815697,288.469723977,288.469723977,2000.0,306.59,0.0,309.0,300.0,300.0,1.0,2000.0,1,20
672,2014-05-19,278.854066511,284.623460991,278.854066511,284.623460991,200.0,290.0,0.0,296.0,290.0,296.0,1.0,200.0,0,19
673,2014-05-16,274.046237778,274.046237778,274.046237778,274.046237778,40100.0,285.0,0.0,285.0,285.0,285.0,1.0,40100.0,4,16
