,Unnamed: 0,adj_close,adj_high,adj_low,adj_open,adj_volume,close,ex_dividend,high,low,open,split_ratio,volume,Day of Week,Day
0,2017-02-10,26.42,26.42,26.32,26.38,8189.0,26.42,0.0,26.42,26.32,26.38,1.0,8189.0,4,10
1,2017-02-09,26.34,26.3615,26.21,26.2262,9054.0,26.34,0.0,26.3615,26.21,26.2262,1.0,9054.0,3,09
2,2017-02-08,26.1567,26.43,26.089,26.43,10801.0,26.1567,0.0,26.43,26.089,26.43,1.0,10801.0,2,08
3,2017-02-07,26.36,26.4,26.312,26.4,6606.0,26.36,0.0,26.4,26.312,26.4,1.0,6606.0,1,07
4,2017-02-06,26.3014,26.34,26.266,26.32,8137.0,26.3014,0.0,26.34,26.266,26.32,1.0,8137.0,0,06
5,2017-02-03,26.3,26.3,26.18,26.29,4895.0,26.3,0.0,26.3,26.18,26.29,1.0,4895.0,4,03
6,2017-02-02,26.14,26.21,26.06,26.12,17027.0,26.14,0.0,26.21,26.06,26.12,1.0,17027.0,3,02
7,2017-02-01,26.25,26.32,26.1586,26.24,7060.0,26.25,0.0,26.32,26.1586,26.24,1.0,7060.0,2,01
8,2017-01-31,26.1965,26.21,26.0,26.0,7068.0,26.1965,0.0,26.21,26.0,26.0,1.0,7068.0,1,31
9,2017-01-30,26.053,26.08,25.8968,26.08,6034.0,26.053,0.0,26.08,25.8968,26.08,1.0,6034.0,0,30
10,2017-01-27,26.23,26.24,26.174,26.2199,4752.0,26.23,0.0,26.24,26.174,26.2199,1.0,4752.0,4,27
11,2017-01-26,26.18,26.24,26.1207,26.2,9014.0,26.18,0.0,26.24,26.1207,26.2,1.0,9014.0,3,26
12,2017-01-25,26.18,26.18,26.09,26.1,8920.0,26.18,0.0,26.18,26.09,26.1,1.0,8920.0,2,25
13,2017-01-24,26.01,26.0422,25.9,25.9001,6064.0,26.01,0.0,26.0422,25.9,25.9001,1.0,6064.0,1,24
14,2017-01-23,25.88,25.92,25.79,25.89,8165.0,25.88,0.0,25.92,25.79,25.89,1.0,8165.0,0,23
15,2017-01-20,25.95,25.96,25.91,25.9261,6534.0,25.95,0.0,25.96,25.91,25.9261,1.0,6534.0,4,20
16,2017-01-19,25.8134,25.9,25.76,25.76,5285.0,25.8134,0.0,25.9,25.76,25.76,1.0,5285.0,3,19
17,2017-01-18,25.61,25.6722,25.59,25.65,3678.0,25.61,0.0,25.6722,25.59,25.65,1.0,3678.0,2,18
18,2017-01-17,25.684,25.79,25.684,25.79,4196.0,25.684,0.0,25.79,25.684,25.79,1.0,4196.0,1,17
19,2017-01-13,25.889,25.9,25.62,25.62,5445.0,25.889,0.0,25.9,25.62,25.62,1.0,5445.0,4,13
20,2017-01-12,25.529,25.66,25.4451,25.66,2489.0,25.529,0.0,25.66,25.4451,25.66,1.0,2489.0,3,12
21,2017-01-11,25.55,25.55,25.45,25.48,3443.0,25.55,0.0,25.55,25.45,25.48,1.0,3443.0,2,11
22,2017-01-10,25.36,25.51,25.33,25.36,10581.0,25.36,0.0,25.51,25.33,25.36,1.0,10581.0,1,10
23,2017-01-09,25.33,25.43,25.33,25.412,4324.0,25.33,0.0,25.43,25.33,25.412,1.0,4324.0,0,09
24,2017-01-06,25.36,25.45,25.26,25.2792,4813.0,25.36,0.0,25.45,25.26,25.2792,1.0,4813.0,4,06
25,2017-01-05,25.3545,25.39,25.25,25.29,4886.0,25.3545,0.0,25.39,25.25,25.29,1.0,4886.0,3,05
26,2017-01-04,25.259,25.289,25.05,25.05,11342.0,25.259,0.0,25.289,25.05,25.05,1.0,11342.0,2,04
27,2017-01-03,25.0014,25.02,24.88,24.93,5072.0,25.0014,0.0,25.02,24.88,24.93,1.0,5072.0,1,03
28,2016-12-30,24.93,25.04,24.91,25.04,2640.0,24.93,0.0,25.04,24.91,25.04,1.0,2640.0,4,30
29,2016-12-29,24.9799,24.9799,24.87,24.92,2391.0,24.9799,0.0,24.9799,24.87,24.92,1.0,2391.0,3,29
30,2016-12-28,24.78,25.15,24.78,25.15,1471.0,24.78,0.0,25.15,24.78,25.15,1.0,1471.0,2,28
31,2016-12-27,25.08,25.1489,25.02,25.02,7147.0,25.08,0.0,25.1489,25.02,25.02,1.0,7147.0,1,27
32,2016-12-23,24.96,24.96,24.86,24.86,1205.0,24.96,0.0,24.96,24.86,24.86,1.0,1205.0,4,23
33,2016-12-22,24.84,24.98,24.8011,24.94,2718.0,24.84,0.0,24.98,24.8011,24.94,1.0,2718.0,3,22
34,2016-12-21,25.0125,25.11,24.9783,25.0401,2661.0,25.0125,0.0,25.11,24.9783,25.0401,1.0,2661.0,2,21
35,2016-12-20,25.12,25.13,25.0589,25.0589,2460.0,25.12,0.0,25.13,25.0589,25.0589,1.0,2460.0,1,20
36,2016-12-19,25.01,25.07,25.0,25.0382,4438.0,25.01,0.0,25.07,25.0,25.0382,1.0,4438.0,0,19
37,2016-12-16,24.95,25.01,24.92,24.96,1876.0,24.95,0.0,25.01,24.92,24.96,1.0,1876.0,4,16
38,2016-12-15,24.96,25.0619,24.9179,24.9179,3636.0,24.96,0.0,25.0619,24.9179,24.9179,1.0,3636.0,3,15
39,2016-12-14,24.97,25.19,24.9511,25.19,7631.0,24.97,0.0,25.19,24.9511,25.19,1.0,7631.0,2,14
40,2016-12-13,25.23,25.29,25.12,25.12,3395.0,25.23,0.0,25.29,25.12,25.12,1.0,3395.0,1,13
41,2016-12-12,25.088,25.1381,25.05,25.05,4757.0,25.088,0.0,25.1381,25.05,25.05,1.0,4757.0,0,12
42,2016-12-09,25.03,25.11,24.83,24.83,4742.0,25.03,0.0,25.11,24.83,24.83,1.0,4742.0,4,09
43,2016-12-08,24.96,25.14,24.8474,25.14,8910.0,24.96,0.0,25.14,24.8474,25.14,1.0,8910.0,3,08
44,2016-12-07,25.18,25.19,25.03,25.1051,4800.0,25.18,0.0,25.19,25.03,25.1051,1.0,4800.0,2,07
45,2016-12-06,25.094,25.108,24.95,25.08,2201.0,25.094,0.0,25.108,24.95,25.08,1.0,2201.0,1,06
46,2016-12-05,24.94,24.964,24.5,24.5,4071.0,24.94,0.0,24.964,24.5,24.5,1.0,4071.0,0,05
47,2016-12-02,24.5582,24.56,24.38,24.5455,4733.0,24.5582,0.0,24.56,24.38,24.5455,1.0,4733.0,4,02
48,2016-12-01,24.51,25.01,24.49,25.01,3424.0,24.51,0.0,25.01,24.49,25.01,1.0,3424.0,3,01
49,2016-11-30,25.05,25.16,25.03,25.16,5447.0,25.05,0.0,25.16,25.03,25.16,1.0,5447.0,2,30
50,2016-11-29,25.17,25.35,25.1443,25.35,4020.0,25.17,0.0,25.35,25.1443,25.35,1.0,4020.0,1,29
51,2016-11-28,25.37,25.4455,25.37,25.4455,2604.0,25.37,0.0,25.4455,25.37,25.4455,1.0,2604.0,0,28
52,2016-11-25,25.4612,25.47,25.3821,25.4145,1522.0,25.4612,0.0,25.47,25.3821,25.4145,1.0,1522.0,4,25
53,2016-11-23,25.35,25.35,25.246,25.27,2978.0,25.35,0.0,25.35,25.246,25.27,1.0,2978.0,2,23
54,2016-11-22,25.37,25.37,25.2699,25.29,3159.0,25.37,0.0,25.37,25.2699,25.29,1.0,3159.0,1,22
55,2016-11-21,25.3162,25.42,25.16,25.42,2106.0,25.3162,0.0,25.42,25.16,25.42,1.0,2106.0,0,21
56,2016-11-18,25.122,25.21,25.122,25.21,525.0,25.122,0.0,25.21,25.122,25.21,1.0,525.0,4,18
57,2016-11-17,25.17,25.24,25.0,25.0,3377.0,25.17,0.0,25.24,25.0,25.0,1.0,3377.0,3,17
58,2016-11-16,24.94,24.96,24.86,24.88,2921.0,24.94,0.0,24.96,24.86,24.88,1.0,2921.0,2,16
59,2016-11-15,25.05,25.15,24.978,25.03,4341.0,25.05,0.0,25.15,24.978,25.03,1.0,4341.0,1,15
60,2016-11-14,25.0131,25.19,24.98,24.98,7720.0,25.0131,0.0,25.19,24.98,24.98,1.0,7720.0,0,14
61,2016-11-11,24.9258,24.9599,24.69,24.69,5748.0,24.9258,0.0,24.9599,24.69,24.69,1.0,5748.0,4,11
62,2016-11-10,24.72,24.84,24.56,24.77,4458.0,24.72,0.0,24.84,24.56,24.77,1.0,4458.0,3,10
63,2016-11-09,24.6,24.6,24.05,24.29,4881.0,24.6,0.0,24.6,24.05,24.29,1.0,4881.0,2,09
64,2016-11-08,24.44,24.48,24.36,24.45,5001.0,24.44,0.0,24.48,24.36,24.45,1.0,5001.0,1,08
65,2016-11-07,24.468,24.49,24.23,24.23,6076.0,24.468,0.0,24.49,24.23,24.23,1.0,6076.0,0,07
66,2016-11-04,24.0073,24.12,24.0073,24.037,2663.0,24.0073,0.0,24.12,24.0073,24.037,1.0,2663.0,4,04
67,2016-11-03,24.03,24.16,24.03,24.1,1228.0,24.03,0.0,24.16,24.03,24.1,1.0,1228.0,3,03
68,2016-11-02,24.15,24.32,24.1,24.217,2965.0,24.15,0.0,24.32,24.1,24.217,1.0,2965.0,2,02
69,2016-11-01,24.3394,24.45,24.22,24.424,4407.0,24.3394,0.0,24.45,24.22,24.424,1.0,4407.0,1,01
70,2016-10-31,24.44,24.54,24.3238,24.54,3950.0,24.44,0.0,24.54,24.3238,24.54,1.0,3950.0,0,31
71,2016-10-28,24.32,24.49,24.32,24.3335,1404.0,24.32,0.0,24.49,24.32,24.3335,1.0,1404.0,4,28
72,2016-10-27,24.34,24.56,24.3383,24.56,2507.0,24.34,0.0,24.56,24.3383,24.56,1.0,2507.0,3,27
73,2016-10-26,24.56,24.7,24.56,24.6626,3017.0,24.56,0.0,24.7,24.56,24.6626,1.0,3017.0,2,26
74,2016-10-25,24.668,24.71,24.62,24.71,2747.0,24.668,0.0,24.71,24.62,24.71,1.0,2747.0,1,25
75,2016-10-24,24.72,24.72,24.67,24.67,2171.0,24.72,0.0,24.72,24.67,24.67,1.0,2171.0,0,24
76,2016-10-21,24.594,24.62,24.5801,24.5801,1883.0,24.594,0.0,24.62,24.5801,24.5801,1.0,1883.0,4,21
77,2016-10-20,24.62,24.6476,24.459,24.55,1915.0,24.62,0.0,24.6476,24.459,24.55,1.0,1915.0,3,20
78,2016-10-19,24.57,24.65,24.49,24.65,2850.0,24.57,0.0,24.65,24.49,24.65,1.0,2850.0,2,19
79,2016-10-18,24.72,24.79,24.71,24.7399,7057.0,24.72,0.0,24.79,24.71,24.7399,1.0,7057.0,1,18
80,2016-10-17,24.48,24.52,24.48,24.52,601.0,24.48,0.0,24.52,24.48,24.52,1.0,601.0,0,17
81,2016-10-14,24.56,24.79,24.56,24.76,7835.0,24.56,0.0,24.79,24.56,24.76,1.0,7835.0,4,14
82,2016-10-13,24.694,24.84,24.54,24.84,1947.0,24.694,0.0,24.84,24.54,24.84,1.0,1947.0,3,13
83,2016-10-12,24.88,24.93,24.8,24.92,2476.0,24.88,0.0,24.93,24.8,24.92,1.0,2476.0,2,12
84,2016-10-11,24.98,25.35,24.92,25.35,11548.0,24.98,0.0,25.35,24.92,25.35,1.0,11548.0,1,11
85,2016-10-10,25.45,25.55,25.45,25.52,8425.0,25.45,0.0,25.55,25.45,25.52,1.0,8425.0,0,10
86,2016-10-07,25.39,25.5386,25.31,25.52,6341.0,25.39,0.0,25.5386,25.31,25.52,1.0,6341.0,4,07
87,2016-10-06,25.54,25.6429,25.47,25.6429,4430.0,25.54,0.0,25.6429,25.47,25.6429,1.0,4430.0,3,06
88,2016-10-05,25.75,25.77,25.61,25.63,3227.0,25.75,0.0,25.77,25.61,25.63,1.0,3227.0,2,05
89,2016-10-04,25.47,25.6202,25.4311,25.58,8038.0,25.47,0.0,25.6202,25.4311,25.58,1.0,8038.0,1,04
90,2016-10-03,25.539,25.63,25.49,25.63,4443.0,25.539,0.0,25.63,25.49,25.63,1.0,4443.0,0,03
91,2016-09-30,25.65,25.67,25.45,25.49,5500.0,25.65,0.0,25.67,25.45,25.49,1.0,5500.0,4,30
92,2016-09-29,25.4011,25.7,25.39,25.7,15449.0,25.4011,0.0,25.7,25.39,25.7,1.0,15449.0,3,29
93,2016-09-28,25.7801,25.7801,25.68,25.68,3738.0,25.7801,0.0,25.7801,25.68,25.68,1.0,3738.0,2,28
94,2016-09-27,25.64,25.73,25.63,25.63,5307.0,25.64,0.0,25.73,25.63,25.63,1.0,5307.0,1,27
95,2016-09-26,25.52,25.63,25.52,25.62,5421.0,25.52,0.0,25.63,25.52,25.62,1.0,5421.0,0,26
96,2016-09-23,25.7,25.81,25.69,25.71,5840.0,25.7,0.0,25.81,25.69,25.71,1.0,5840.0,4,23
97,2016-09-22,25.67,25.6919,25.55,25.55,6010.0,25.67,0.0,25.6919,25.55,25.55,1.0,6010.0,3,22
98,2016-09-21,25.48,25.48,25.25,25.25,9132.0,25.48,0.0,25.48,25.25,25.25,1.0,9132.0,2,21
99,2016-09-20,25.23,25.41,25.22,25.33,8002.0,25.23,0.0,25.41,25.22,25.33,1.0,8002.0,1,20
100,2016-09-19,25.2293,25.43,25.2,25.23,16736.0,25.2293,0.0,25.43,25.2,25.23,1.0,16736.0,0,19
101,2016-09-16,25.071,25.23,25.06,25.19,7801.0,25.071,0.0,25.23,25.06,25.19,1.0,7801.0,4,16
102,2016-09-15,25.25,25.27,25.15,25.15,4829.0,25.25,0.0,25.27,25.15,25.15,1.0,4829.0,3,15
103,2016-09-14,25.072,25.2625,25.0528,25.21,8425.0,25.072,0.0,25.2625,25.0528,25.21,1.0,8425.0,2,14
104,2016-09-13,25.27,25.4521,25.227,25.44,8037.0,25.27,0.0,25.4521,25.227,25.44,1.0,8037.0,1,13
105,2016-09-12,25.68,25.68,25.29,25.58,11322.0,25.68,0.0,25.68,25.29,25.58,1.0,11322.0,0,12
106,2016-09-09,25.74,26.01,25.6901,26.01,9931.0,25.74,0.0,26.01,25.6901,26.01,1.0,9931.0,4,09
107,2016-09-08,26.15,26.19,26.104,26.12,5479.0,26.15,0.0,26.19,26.104,26.12,1.0,5479.0,3,08
108,2016-09-07,26.13,26.2,26.06,26.06,5620.0,26.13,0.0,26.2,26.06,26.06,1.0,5620.0,2,07
109,2016-09-06,26.0801,26.13,26.02,26.069,2913.0,26.0801,0.0,26.13,26.02,26.069,1.0,2913.0,1,06
110,2016-09-02,26.006,26.03,25.88,25.88,9265.0,26.006,0.0,26.03,25.88,25.88,1.0,9265.0,4,02
111,2016-09-01,25.7542,25.8295,25.68,25.68,4100.0,25.7542,0.0,25.8295,25.68,25.68,1.0,4100.0,3,01
112,2016-08-31,25.7,25.73,25.58,25.69,8826.0,25.7,0.0,25.73,25.58,25.69,1.0,8826.0,2,31
113,2016-08-30,25.6772,25.68,25.61,25.67,5251.0,25.6772,0.0,25.68,25.61,25.67,1.0,5251.0,1,30
114,2016-08-29,25.64,25.69,25.58,25.61,5186.0,25.64,0.0,25.69,25.58,25.61,1.0,5186.0,0,29
115,2016-08-26,25.65,25.81,25.59,25.71,8585.0,25.65,0.0,25.81,25.59,25.71,1.0,8585.0,4,26
116,2016-08-25,25.6388,25.74,25.623,25.64,9418.0,25.6388,0.0,25.74,25.623,25.64,1.0,9418.0,3,25
117,2016-08-24,25.6901,25.9379,25.69,25.92,10179.0,25.6901,0.0,25.9379,25.69,25.92,1.0,10179.0,2,24
118,2016-08-23,25.91,25.97,25.75,25.75,9092.0,25.91,0.0,25.97,25.75,25.75,1.0,9092.0,1,23
119,2016-08-22,25.54,25.6299,25.5,25.5479,3848.0,25.54,0.0,25.6299,25.5,25.5479,1.0,3848.0,0,22
120,2016-08-19,25.55,25.55,25.44,25.44,5254.0,25.55,0.0,25.55,25.44,25.44,1.0,5254.0,4,19
121,2016-08-18,25.46,25.46,25.25,25.26,6276.0,25.46,0.0,25.46,25.25,25.26,1.0,6276.0,3,18
122,2016-08-17,25.21,25.28,25.0701,25.28,5209.0,25.21,0.0,25.28,25.0701,25.28,1.0,5209.0,2,17
123,2016-08-16,25.38,25.47,25.3699,25.47,1877.0,25.38,0.0,25.47,25.3699,25.47,1.0,1877.0,1,16
124,2016-08-15,25.49,25.49,25.33,25.34,5251.0,25.49,0.0,25.49,25.33,25.34,1.0,5251.0,0,15
125,2016-08-12,25.37,25.37,25.2925,25.33,3919.0,25.37,0.0,25.37,25.2925,25.33,1.0,3919.0,4,12
126,2016-08-11,25.356,25.39,24.23,24.23,6130.0,25.356,0.0,25.39,24.23,24.23,1.0,6130.0,3,11
127,2016-08-10,25.15,25.33,25.12,25.33,24845.0,25.15,0.0,25.33,25.12,25.33,1.0,24845.0,2,10
128,2016-08-09,25.33,25.37,25.33,25.34,3410.0,25.33,0.0,25.37,25.33,25.34,1.0,3410.0,1,09
129,2016-08-08,25.37,25.45,25.35,25.41,5846.0,25.37,0.0,25.45,25.35,25.41,1.0,5846.0,0,08
130,2016-08-05,25.28,25.31,25.21,25.27,4537.0,25.28,0.0,25.31,25.21,25.27,1.0,4537.0,4,05
131,2016-08-04,25.22,25.24,25.17,25.24,3300.0,25.22,0.0,25.24,25.17,25.24,1.0,3300.0,3,04
132,2016-08-03,25.15,25.15,24.95,24.95,5000.0,25.15,0.0,25.15,24.95,24.95,1.0,5000.0,2,03
133,2016-08-02,24.9899,25.11,24.894,25.11,3905.0,24.9899,0.0,25.11,24.894,25.11,1.0,3905.0,1,02
134,2016-08-01,25.17,25.29,25.16,25.29,4409.0,25.17,0.0,25.29,25.16,25.29,1.0,4409.0,0,01
135,2016-07-29,25.256,25.256,25.11,25.25,5120.0,25.256,0.0,25.256,25.11,25.25,1.0,5120.0,4,29
136,2016-07-28,25.3289,25.33,25.21,25.26,3929.0,25.3289,0.0,25.33,25.21,25.26,1.0,3929.0,3,28
137,2016-07-27,25.21,25.24,25.09,25.169,3880.0,25.21,0.0,25.24,25.09,25.169,1.0,3880.0,2,27
138,2016-07-26,25.0,25.0872,24.75,25.01,11506.0,25.0,0.0,25.0872,24.75,25.01,1.0,11506.0,1,26
139,2016-07-25,25.1511,25.18,25.1,25.11,3200.0,25.1511,0.0,25.18,25.1,25.11,1.0,3200.0,0,25
140,2016-07-22,25.0,25.0,24.8,24.8589,3244.0,25.0,0.0,25.0,24.8,24.8589,1.0,3244.0,4,22
141,2016-07-21,24.817,24.97,24.7921,24.97,3681.0,24.817,0.0,24.97,24.7921,24.97,1.0,3681.0,3,21
142,2016-07-20,25.07,25.1,24.96,24.973,3000.0,25.07,0.0,25.1,24.96,24.973,1.0,3000.0,2,20
143,2016-07-19,24.88,24.99,24.84,24.99,3167.0,24.88,0.0,24.99,24.84,24.99,1.0,3167.0,1,19
144,2016-07-18,25.07,25.15,25.0,25.06,12615.0,25.07,0.0,25.15,25.0,25.06,1.0,12615.0,0,18
145,2016-07-15,24.9421,25.07,24.9359,25.07,3113.0,24.9421,0.0,25.07,24.9359,25.07,1.0,3113.0,4,15
146,2016-07-14,24.9769,25.02,24.96,24.98,2250.0,24.9769,0.0,25.02,24.96,24.98,1.0,2250.0,3,14
147,2016-07-13,24.89,25.0,24.88,24.94,2162.0,24.89,0.0,25.0,24.88,24.94,1.0,2162.0,2,13
148,2016-07-12,24.944,24.95,24.84,24.95,2704.0,24.944,0.0,24.95,24.84,24.95,1.0,2704.0,1,12
149,2016-07-11,24.8525,24.94,24.61,24.61,17518.0,24.8525,0.0,24.94,24.61,24.61,1.0,17518.0,0,11
150,2016-07-08,24.4411,24.4579,24.18,24.18,4965.0,24.4411,0.0,24.4579,24.18,24.18,1.0,4965.0,4,08
151,2016-07-07,23.99,24.1,23.8989,24.02,2341.0,23.99,0.0,24.1,23.8989,24.02,1.0,2341.0,3,07
152,2016-07-06,23.9397,23.9397,23.63,23.65,1522.0,23.9397,0.0,23.9397,23.63,23.65,1.0,1522.0,2,06
153,2016-07-05,23.8372,23.8372,23.73,23.7879,1985.0,23.8372,0.0,23.8372,23.73,23.7879,1.0,1985.0,1,05
154,2016-07-01,24.02,24.06,23.93,23.93,3007.0,24.02,0.0,24.06,23.93,23.93,1.0,3007.0,4,01
155,2016-06-30,23.89,23.89,23.6,23.6,2951.0,23.89,0.0,23.89,23.6,23.6,1.0,2951.0,3,30
156,2016-06-29,23.37,23.3917,23.2489,23.2489,3677.0,23.37,0.0,23.3917,23.2489,23.2489,1.0,3677.0,2,29
157,2016-06-28,22.92,22.95,22.8379,22.8614,1250.0,22.92,0.0,22.95,22.8379,22.8614,1.0,1250.0,1,28
158,2016-06-27,22.52,23.02,22.4635,23.02,6586.0,22.52,0.0,23.02,22.4635,23.02,1.0,6586.0,0,27
159,2016-06-24,23.22,23.53,23.06,23.06,6000.0,23.22,0.0,23.53,23.06,23.06,1.0,6000.0,4,24
160,2016-06-23,24.28,24.28,24.07,24.08,1519.0,24.28,0.0,24.28,24.07,24.08,1.0,1519.0,3,23
161,2016-06-22,23.83,23.99,23.83,23.8611,2381.0,23.83,0.0,23.99,23.83,23.8611,1.0,2381.0,2,22
162,2016-06-21,23.93,23.93,23.8772,23.89,2027.0,23.93,0.0,23.93,23.8772,23.89,1.0,2027.0,1,21
163,2016-06-20,23.827,23.85,23.8,23.8,3833.0,23.827,0.0,23.85,23.8,23.8,1.0,3833.0,0,20
164,2016-06-17,23.3783,23.4,23.3072,23.4,1390.0,23.3783,0.0,23.4,23.3072,23.4,1.0,1390.0,4,17
165,2016-06-16,23.32,23.34,23.11,23.3,2705.0,23.32,0.0,23.34,23.11,23.3,1.0,2705.0,3,16
166,2016-06-15,23.39,23.4656,23.3621,23.3621,1720.0,23.39,0.0,23.4656,23.3621,23.3621,1.0,1720.0,2,15
167,2016-06-14,23.25,23.3479,23.1679,23.3,5320.0,23.25,0.0,23.3479,23.1679,23.3,1.0,5320.0,1,14
168,2016-06-13,23.38,23.6372,23.38,23.58,4685.0,23.38,0.0,23.6372,23.38,23.58,1.0,4685.0,0,13
169,2016-06-10,23.6911,23.94,23.6811,23.94,3651.0,23.6911,0.0,23.94,23.6811,23.94,1.0,3651.0,4,10
170,2016-06-09,24.09,24.19,24.0679,24.14,2721.0,24.09,0.0,24.19,24.0679,24.14,1.0,2721.0,3,09
171,2016-06-08,24.2111,24.23,24.16,24.2189,1656.0,24.2111,0.0,24.23,24.16,24.2189,1.0,1656.0,2,08
172,2016-06-07,24.18,24.26,24.18,24.26,2487.0,24.18,0.0,24.26,24.18,24.26,1.0,2487.0,1,07
173,2016-06-06,24.18,24.219,24.12,24.16,3121.0,24.18,0.0,24.219,24.12,24.16,1.0,3121.0,0,06
174,2016-06-03,24.1621,24.2,24.07,24.07,2384.0,24.1621,0.0,24.2,24.07,24.07,1.0,2384.0,4,03
175,2016-06-02,24.2932,24.3,23.97,23.99,2366.0,24.2932,0.0,24.3,23.97,23.99,1.0,2366.0,3,02
176,2016-06-01,24.06,24.06,23.93,23.94,2917.0,24.06,0.0,24.06,23.93,23.94,1.0,2917.0,2,01
177,2016-05-31,24.0,24.0,23.89,23.89,3725.0,24.0,0.0,24.0,23.89,23.89,1.0,3725.0,1,31
178,2016-05-27,23.89,23.9292,23.78,23.78,2703.0,23.89,0.0,23.9292,23.78,23.78,1.0,2703.0,4,27
179,2016-05-26,23.887,23.9,23.7811,23.9,4004.0,23.887,0.0,23.9,23.7811,23.9,1.0,4004.0,3,26
180,2016-05-25,23.8911,23.929,23.8025,23.84,1800.0,23.8911,0.0,23.929,23.8025,23.84,1.0,1800.0,2,25
181,2016-05-24,23.729,23.729,23.33,23.33,1953.0,23.729,0.0,23.729,23.33,23.33,1.0,1953.0,1,24
182,2016-05-23,23.19,23.217,23.18,23.217,720.0,23.19,0.0,23.217,23.18,23.217,1.0,720.0,0,23
183,2016-05-20,23.0179,23.02,22.85,22.85,2631.0,23.0179,0.0,23.02,22.85,22.85,1.0,2631.0,4,20
184,2016-05-19,22.834,22.88,22.72,22.88,2822.0,22.834,0.0,22.88,22.72,22.88,1.0,2822.0,3,19
185,2016-05-18,22.93,23.0779,22.88,22.8879,4242.0,22.93,0.0,23.0779,22.88,22.8879,1.0,4242.0,2,18
186,2016-05-17,22.86,23.0388,22.82,23.02,5300.0,22.86,0.0,23.0388,22.82,23.02,1.0,5300.0,1,17
187,2016-05-16,23.11,23.13,22.87,22.87,2994.0,23.11,0.0,23.13,22.87,22.87,1.0,2994.0,0,16
188,2016-05-13,22.87,23.0221,22.87,23.0221,1922.0,22.87,0.0,23.0221,22.87,23.0221,1.0,1922.0,4,13
189,2016-05-12,22.98,23.15,22.82,23.15,4211.0,22.98,0.0,23.15,22.82,23.15,1.0,4211.0,3,12
190,2016-05-11,23.09,23.29,23.09,23.27,2205.0,23.09,0.0,23.29,23.09,23.27,1.0,2205.0,2,11
191,2016-05-10,23.25,23.25,23.09,23.177,1700.0,23.25,0.0,23.25,23.09,23.177,1.0,1700.0,1,10
192,2016-05-09,23.059,23.12,22.98,22.98,4500.0,23.059,0.0,23.12,22.98,22.98,1.0,4500.0,0,09
193,2016-05-06,22.8,22.9,22.66,22.88,4700.0,22.8,0.0,22.9,22.66,22.88,1.0,4700.0,4,06
194,2016-05-05,23.044,23.14,23.044,23.1299,2500.0,23.044,0.0,23.14,23.044,23.1299,1.0,2500.0,3,05
195,2016-05-04,23.16,23.233,23.109,23.21,1791.0,23.16,0.0,23.233,23.109,23.21,1.0,1791.0,2,04
196,2016-05-03,23.37,23.54,23.34,23.52,2854.0,23.37,0.0,23.54,23.34,23.52,1.0,2854.0,1,03
197,2016-05-02,23.69,23.69,23.59,23.67,2386.0,23.69,0.0,23.69,23.59,23.67,1.0,2386.0,0,02
198,2016-04-29,23.617,23.92,23.55,23.92,2045.0,23.617,0.0,23.92,23.55,23.92,1.0,2045.0,4,29
199,2016-04-28,23.87,24.17,23.843,24.0,3001.0,23.87,0.0,24.17,23.843,24.0,1.0,3001.0,3,28
200,2016-04-27,24.1,24.1,23.93,23.93,1597.0,24.1,0.0,24.1,23.93,23.93,1.0,1597.0,2,27
201,2016-04-26,24.0157,24.04,24.0,24.0,1620.0,24.0157,0.0,24.04,24.0,24.0,1.0,1620.0,1,26
202,2016-04-25,23.962,24.11,23.962,24.03,1626.0,23.962,0.0,24.11,23.962,24.03,1.0,1626.0,0,25
203,2016-04-22,24.0299,24.18,23.97,24.03,3241.0,24.0299,0.0,24.18,23.97,24.03,1.0,3241.0,4,22
204,2016-04-21,24.05,24.39,24.05,24.39,1969.0,24.05,0.0,24.39,24.05,24.39,1.0,1969.0,3,21
205,2016-04-20,24.4756,24.59,24.35,24.35,6605.0,24.4756,0.0,24.59,24.35,24.35,1.0,6605.0,2,20
206,2016-04-19,24.53,24.5786,24.3662,24.5786,3030.0,24.53,0.0,24.5786,24.3662,24.5786,1.0,3030.0,1,19
207,2016-04-18,24.5186,24.52,24.4011,24.403,2579.0,24.5186,0.0,24.52,24.4011,24.403,1.0,2579.0,0,18
208,2016-04-15,24.32,24.4,24.3,24.4,2304.0,24.32,0.0,24.4,24.3,24.4,1.0,2304.0,4,15
209,2016-04-14,24.44,24.44,24.3637,24.37,1307.0,24.44,0.0,24.44,24.3637,24.37,1.0,1307.0,3,14
210,2016-04-13,24.286,24.286,24.04,24.04,1786.0,24.286,0.0,24.286,24.04,24.04,1.0,1786.0,2,13
211,2016-04-12,23.8646,23.87,23.67,23.77,1527.0,23.8646,0.0,23.87,23.67,23.77,1.0,1527.0,1,12
212,2016-04-11,23.93,24.04,23.93,24.0,845.0,23.93,0.0,24.04,23.93,24.0,1.0,845.0,0,11
213,2016-04-08,23.78,24.08,23.78,24.08,1158.0,23.78,0.0,24.08,23.78,24.08,1.0,1158.0,4,08
214,2016-04-07,23.72,23.957,23.7001,23.927,1200.0,23.72,0.0,23.957,23.7001,23.927,1.0,1200.0,3,07
215,2016-04-06,23.9211,23.9211,23.7,23.7,1200.0,23.9211,0.0,23.9211,23.7,23.7,1.0,1200.0,2,06
216,2016-04-05,23.66,23.77,23.66,23.76,1438.0,23.66,0.0,23.77,23.66,23.76,1.0,1438.0,1,05
217,2016-04-04,24.043,24.07,23.99,23.99,800.0,24.043,0.0,24.07,23.99,23.99,1.0,800.0,0,04
218,2016-04-01,23.91,23.91,23.72,23.79,1145.0,23.91,0.0,23.91,23.72,23.79,1.0,1145.0,4,01
219,2016-03-31,24.04,24.04,24.04,24.04,200.0,24.04,0.0,24.04,24.04,24.04,1.0,200.0,3,31
220,2016-03-30,23.85,23.85,23.7,23.73,2255.0,23.85,0.0,23.85,23.7,23.73,1.0,2255.0,2,30
221,2016-03-29,23.71,23.7699,23.4,23.42,1923.0,23.71,0.0,23.7699,23.4,23.42,1.0,1923.0,1,29
222,2016-03-28,23.43,23.53,23.39,23.47,1324.0,23.43,0.0,23.53,23.39,23.47,1.0,1324.0,0,28
223,2016-03-24,23.4216,23.4216,23.35,23.35,1413.0,23.4216,0.0,23.4216,23.35,23.35,1.0,1413.0,3,24
224,2016-03-23,23.76,23.84,23.76,23.84,231.0,23.76,0.0,23.84,23.76,23.84,1.0,231.0,2,23
225,2016-03-22,23.85,23.874,23.63,23.63,955.0,23.85,0.0,23.874,23.63,23.63,1.0,955.0,1,22
226,2016-03-21,23.73,23.77,23.67,23.737,2347.0,23.73,0.0,23.77,23.67,23.737,1.0,2347.0,0,21
227,2016-03-18,23.6301,23.6301,23.471,23.48,1654.0,23.6301,0.0,23.6301,23.471,23.48,1.0,1654.0,4,18
228,2016-03-17,23.41,23.49,23.11,23.2151,1720.0,23.41,0.0,23.49,23.11,23.2151,1.0,1720.0,3,17
229,2016-03-16,23.1599,23.16,22.81,22.81,1901.0,23.1599,0.0,23.16,22.81,22.81,1.0,1901.0,2,16
230,2016-03-15,22.87,23.014,22.87,23.0,1500.0,22.87,0.0,23.014,22.87,23.0,1.0,1500.0,1,15
231,2016-03-14,23.23,23.25,23.02,23.02,2525.0,23.23,0.0,23.25,23.02,23.02,1.0,2525.0,0,14
232,2016-03-11,23.208,23.2256,22.99,23.04,5156.0,23.208,0.0,23.2256,22.99,23.04,1.0,5156.0,4,11
233,2016-03-10,22.86,23.14,22.75,23.14,1850.0,22.86,0.0,23.14,22.75,23.14,1.0,1850.0,3,10
234,2016-03-09,22.94,22.97,22.86,22.86,1436.0,22.94,0.0,22.97,22.86,22.86,1.0,1436.0,2,09
235,2016-03-08,23.057,23.0889,22.98,23.0889,804.0,23.057,0.0,23.0889,22.98,23.0889,1.0,804.0,1,08
236,2016-03-07,23.28,23.283,23.09,23.09,1379.0,23.28,0.0,23.283,23.09,23.09,1.0,1379.0,0,07
237,2016-03-04,23.176,23.176,22.864,22.9,1875.0,23.176,0.0,23.176,22.864,22.9,1.0,1875.0,4,04
238,2016-03-03,22.94,22.94,22.817,22.88,1738.0,22.94,0.0,22.94,22.817,22.88,1.0,1738.0,3,03
239,2016-03-02,22.834,22.87,22.6399,22.71,3166.0,22.834,0.0,22.87,22.6399,22.71,1.0,3166.0,2,02
240,2016-03-01,22.59,22.59,22.467,22.503,1500.0,22.59,0.0,22.59,22.467,22.503,1.0,1500.0,1,01
241,2016-02-29,22.28,22.436,22.22,22.283,1200.0,22.28,0.0,22.436,22.22,22.283,1.0,1200.0,0,29
242,2016-02-26,22.1611,22.23,22.15,22.22,1400.0,22.1611,0.0,22.23,22.15,22.22,1.0,1400.0,4,26
243,2016-02-25,22.063,22.087,21.807,21.823,1632.0,22.063,0.0,22.087,21.807,21.823,1.0,1632.0,3,25
244,2016-02-24,21.82,21.85,21.29,21.37,2402.0,21.82,0.0,21.85,21.29,21.37,1.0,2402.0,2,24
245,2016-02-23,21.75,21.7699,21.75,21.7699,308.0,21.75,0.0,21.7699,21.75,21.7699,1.0,308.0,1,23
246,2016-02-22,21.914,21.95,21.79,21.79,600.0,21.914,0.0,21.95,21.79,21.79,1.0,600.0,0,22
247,2016-02-19,21.5389,21.5389,21.3,21.34,1089.0,21.5389,0.0,21.5389,21.3,21.34,1.0,1089.0,4,19
248,2016-02-18,21.33,21.37,21.31,21.3601,1565.0,21.33,0.0,21.37,21.31,21.3601,1.0,1565.0,3,18
249,2016-02-17,21.28,21.36,21.1499,21.1499,1850.0,21.28,0.0,21.36,21.1499,21.1499,1.0,1850.0,2,17
250,2016-02-16,20.92,20.9399,20.63,20.63,6081.0,20.92,0.0,20.9399,20.63,20.63,1.0,6081.0,1,16
251,2016-02-12,20.343,20.385,20.063,20.173,3000.0,20.343,0.0,20.385,20.063,20.173,1.0,3000.0,4,12
252,2016-02-11,20.09,20.09,19.79,19.91,4106.0,20.09,0.0,20.09,19.79,19.91,1.0,4106.0,3,11
253,2016-02-10,20.15,20.4,20.15,20.4,1754.0,20.15,0.0,20.4,20.15,20.4,1.0,1754.0,2,10
254,2016-02-09,20.16,20.433,20.07,20.15,3600.0,20.16,0.0,20.433,20.07,20.15,1.0,3600.0,1,09
255,2016-02-08,20.34,20.8,20.2,20.8,4351.0,20.34,0.0,20.8,20.2,20.8,1.0,4351.0,0,08
256,2016-02-05,20.99,21.167,20.93,21.167,800.0,20.99,0.0,21.167,20.93,21.167,1.0,800.0,4,05
257,2016-02-04,21.473,21.64,21.346,21.38,1400.0,21.473,0.0,21.64,21.346,21.38,1.0,1400.0,3,04
258,2016-02-03,21.4797,21.62,21.2406,21.62,4788.0,21.4797,0.0,21.62,21.2406,21.62,1.0,4788.0,2,03
259,2016-02-02,21.48,21.6699,21.48,21.61,1360.0,21.48,0.0,21.6699,21.48,21.61,1.0,1360.0,1,02
260,2016-02-01,21.85,21.85,21.667,21.667,990.0,21.85,0.0,21.85,21.667,21.667,1.0,990.0,0,01
261,2016-01-29,21.61,21.62,21.32,21.32,3404.0,21.61,0.0,21.62,21.32,21.32,1.0,3404.0,4,29
262,2016-01-28,21.15,21.46,21.15,21.43,2859.0,21.15,0.0,21.46,21.15,21.43,1.0,2859.0,3,28
263,2016-01-27,21.11,21.29,21.11,21.27,1750.0,21.11,0.0,21.29,21.11,21.27,1.0,1750.0,2,27
264,2016-01-26,21.384,21.384,21.24,21.24,2312.0,21.384,0.0,21.384,21.24,21.24,1.0,2312.0,1,26
265,2016-01-25,21.25,21.5351,21.25,21.52,1848.0,21.25,0.0,21.5351,21.25,21.52,1.0,1848.0,0,25
266,2016-01-22,21.514,21.55,21.36,21.39,5974.0,21.514,0.0,21.55,21.36,21.39,1.0,5974.0,4,22
267,2016-01-21,21.07,21.44,21.01,21.03,3216.0,21.07,0.0,21.44,21.01,21.03,1.0,3216.0,3,21
268,2016-01-20,21.01,21.01,20.38,20.96,7382.0,21.01,0.0,21.01,20.38,20.96,1.0,7382.0,2,20
269,2016-01-19,21.28,21.77,21.1,21.71,5856.0,21.28,0.0,21.77,21.1,21.71,1.0,5856.0,1,19
270,2016-01-15,21.53,21.61,21.28,21.559,3360.0,21.53,0.0,21.61,21.28,21.559,1.0,3360.0,4,15
271,2016-01-14,21.95,22.15,21.5,22.15,4568.0,21.95,0.0,22.15,21.5,22.15,1.0,4568.0,3,14
272,2016-01-13,22.2199,22.98,22.2,22.92,2353.0,22.2199,0.0,22.98,22.2,22.92,1.0,2353.0,2,13
273,2016-01-12,22.78,23.03,22.6144,22.8889,3680.0,22.78,0.0,23.03,22.6144,22.8889,1.0,3680.0,1,12
274,2016-01-11,22.75,22.93,22.546,22.93,3730.0,22.75,0.0,22.93,22.546,22.93,1.0,3730.0,0,11
275,2016-01-08,22.75,23.13,22.75,23.11,7987.0,22.75,0.0,23.13,22.75,23.11,1.0,7987.0,4,08
276,2016-01-07,22.92,23.173,22.89,23.02,3859.0,22.92,0.0,23.173,22.89,23.02,1.0,3859.0,3,07
277,2016-01-06,23.37,23.54,23.25,23.25,6709.0,23.37,0.0,23.54,23.25,23.25,1.0,6709.0,2,06
278,2016-01-05,23.613,23.89,23.56,23.89,5415.0,23.613,0.0,23.89,23.56,23.89,1.0,5415.0,1,05
279,2016-01-04,23.77,23.84,23.63,23.84,4421.0,23.77,0.0,23.84,23.63,23.84,1.0,4421.0,0,04
280,2015-12-31,24.1,24.28,24.1,24.2,3874.0,24.1,0.0,24.28,24.1,24.2,1.0,3874.0,3,31
281,2015-12-30,24.2329,24.406,24.2329,24.4,2342.0,24.2329,0.0,24.406,24.2329,24.4,1.0,2342.0,2,30
282,2015-12-29,24.493,24.52,24.413,24.48,2545.0,24.493,0.0,24.52,24.413,24.48,1.0,2545.0,1,29
283,2015-12-28,24.38,24.49,24.27,24.49,5723.0,24.38,0.0,24.49,24.27,24.49,1.0,5723.0,0,28
284,2015-12-24,24.42,24.467,24.32,24.32,2783.0,24.42,0.0,24.467,24.32,24.32,1.0,2783.0,3,24
285,2015-12-23,24.287,24.289,24.03,24.21,3678.0,24.287,0.0,24.289,24.03,24.21,1.0,3678.0,2,23
286,2015-12-22,24.0399,24.17,23.97,24.17,4872.0,24.0399,0.0,24.17,23.97,24.17,1.0,4872.0,1,22
287,2015-12-21,24.053,27.33,24.0,27.33,3917.0,24.053,0.0,27.33,24.0,27.33,1.0,3917.0,0,21
288,2015-12-18,23.99,24.0799,23.99,24.04,1815.0,23.99,0.0,24.0799,23.99,24.04,1.0,1815.0,4,18
289,2015-12-17,24.18,24.48,24.18,24.28,3361.0,24.18,0.0,24.48,24.18,24.28,1.0,3361.0,3,17
290,2015-12-16,24.26,24.32,24.02,24.18,7377.0,24.26,0.0,24.32,24.02,24.18,1.0,7377.0,2,16
291,2015-12-15,24.08,24.18,23.941,23.96,11189.0,24.08,0.0,24.18,23.941,23.96,1.0,11189.0,1,15
292,2015-12-14,23.7583,23.77,23.59,23.76,2994.0,23.7583,0.0,23.77,23.59,23.76,1.0,2994.0,0,14
293,2015-12-11,23.85,24.13,23.833,24.13,8640.0,23.85,0.0,24.13,23.833,24.13,1.0,8640.0,4,11
294,2015-12-10,24.293,24.41,24.293,24.31,5538.0,24.293,0.0,24.41,24.293,24.31,1.0,5538.0,3,10
295,2015-12-09,24.34,24.61,24.2741,24.53,3550.0,24.34,0.0,24.61,24.2741,24.53,1.0,3550.0,2,09
296,2015-12-08,24.6288,24.65,24.298,24.34,8822.0,24.6288,0.0,24.65,24.298,24.34,1.0,8822.0,1,08
297,2015-12-07,24.667,24.89,24.6111,24.89,8168.0,24.667,0.0,24.89,24.6111,24.89,1.0,8168.0,0,07
298,2015-12-04,25.054,25.11,24.88,24.88,7743.0,25.054,0.0,25.11,24.88,24.88,1.0,7743.0,4,04
299,2015-12-03,24.75,25.062,24.6227,25.062,4351.0,24.75,0.0,25.062,24.6227,25.062,1.0,4351.0,3,03
300,2015-12-02,25.2418,25.348,25.21,25.25,2992.0,25.2418,0.0,25.348,25.21,25.25,1.0,2992.0,2,02
301,2015-12-01,25.21,25.227,25.112,25.112,2065.0,25.21,0.0,25.227,25.112,25.112,1.0,2065.0,1,01
302,2015-11-30,25.17,25.26,25.11,25.26,4921.0,25.17,0.0,25.26,25.11,25.26,1.0,4921.0,0,30
303,2015-11-27,25.15,25.24,25.09,25.24,3415.0,25.15,0.0,25.24,25.09,25.24,1.0,3415.0,4,27
304,2015-11-25,25.2275,25.2275,25.113,25.113,3482.0,25.2275,0.0,25.2275,25.113,25.113,1.0,3482.0,2,25
305,2015-11-24,24.99,25.0,24.8,24.86,3417.0,24.99,0.0,25.0,24.8,24.86,1.0,3417.0,1,24
306,2015-11-23,24.93,25.01,24.93,25.01,7011.0,24.93,0.0,25.01,24.93,25.01,1.0,7011.0,0,23
307,2015-11-20,24.95,25.05,24.95,24.98,2962.0,24.95,0.0,25.05,24.95,24.98,1.0,2962.0,4,20
308,2015-11-19,24.9199,24.9199,24.79,24.79,2787.0,24.9199,0.0,24.9199,24.79,24.79,1.0,2787.0,3,19
309,2015-11-18,24.7739,24.7833,24.417,24.58,5053.0,24.7739,0.0,24.7833,24.417,24.58,1.0,5053.0,2,18
310,2015-11-17,24.433,24.6,24.24,24.24,3678.0,24.433,0.0,24.6,24.24,24.24,1.0,3678.0,1,17
311,2015-11-16,24.172,24.2,24.0,24.13,5873.0,24.172,0.0,24.2,24.0,24.13,1.0,5873.0,0,16
312,2015-11-13,24.135,24.37,24.135,24.33,6030.0,24.135,0.0,24.37,24.135,24.33,1.0,6030.0,4,13
313,2015-11-12,24.4311,24.696,24.43,24.49,5171.0,24.4311,0.0,24.696,24.43,24.49,1.0,5171.0,3,12
314,2015-11-11,24.55,24.94,24.55,24.94,5180.0,24.55,0.0,24.94,24.55,24.94,1.0,5180.0,2,11
315,2015-11-10,24.88,24.92,24.74,24.89,4253.0,24.88,0.0,24.92,24.74,24.89,1.0,4253.0,1,10
316,2015-11-09,25.05,25.29,24.88,25.29,7287.0,25.05,0.0,25.29,24.88,25.29,1.0,7287.0,0,09
317,2015-11-06,25.2501,25.27,25.03,25.13,9143.0,25.2501,0.0,25.27,25.03,25.13,1.0,9143.0,4,06
318,2015-11-05,25.19,25.49,25.11,25.49,9914.0,25.19,0.0,25.49,25.11,25.49,1.0,9914.0,3,05
319,2015-11-04,25.4433,25.5776,25.3901,25.41,18743.0,25.4433,0.0,25.5776,25.3901,25.41,1.0,18743.0,2,04
320,2015-11-03,25.314,25.42,25.11,25.12,5514.0,25.314,0.0,25.42,25.11,25.12,1.0,5514.0,1,03
