,Unnamed: 0,adj_close,adj_high,adj_low,adj_open,adj_volume,close,ex_dividend,high,low,open,split_ratio,volume,Day of Week
0,2017-02-10,0.0505,0.0505,0.0505,0.0505,123.0,0.0505,0.0,0.0505,0.0505,0.0505,1.0,123.0,4
1,2017-02-09,0.0505,0.0505,0.0505,0.0505,231.0,0.0505,0.0,0.0505,0.0505,0.0505,1.0,231.0,3
2,2017-02-08,0.0505,0.0526,0.0505,0.0526,1018.0,0.0505,0.0,0.0526,0.0505,0.0526,1.0,1018.0,2
3,2017-02-07,0.0501,0.0598,0.0501,0.0551,11061.0,0.0501,0.0,0.0598,0.0501,0.0551,1.0,11061.0,1
4,2017-02-06,0.057999999999999996,0.0619,0.057999999999999996,0.0619,22057.0,0.057999999999999996,0.0,0.0619,0.057999999999999996,0.0619,1.0,22057.0,0
5,2017-02-03,0.06,0.0614,0.055,0.06,10051.0,0.06,0.0,0.0614,0.055,0.06,1.0,10051.0,4
6,2017-02-02,0.06,0.0614,0.05,0.0599,26862.0,0.06,0.0,0.0614,0.05,0.0599,1.0,26862.0,3
7,2017-02-01,0.0578,0.0599,0.057,0.0599,12053.0,0.0578,0.0,0.0599,0.057,0.0599,1.0,12053.0,2
8,2017-01-31,0.059000000000000004,0.0599,0.0541,0.0599,5464.0,0.059000000000000004,0.0,0.0599,0.0541,0.0599,1.0,5464.0,1
9,2017-01-30,0.0517,0.0599,0.05,0.05,11446.0,0.0517,0.0,0.0599,0.05,0.05,1.0,11446.0,0
10,2017-01-27,0.05,0.0526,0.05,0.0526,809.0,0.05,0.0,0.0526,0.05,0.0526,1.0,809.0,4
11,2017-01-26,0.0525,0.0525,0.0525,0.0525,139.0,0.0525,0.0,0.0525,0.0525,0.0525,1.0,139.0,3
12,2017-01-25,0.0525,0.0595,0.05,0.0595,9290.0,0.0525,0.0,0.0595,0.05,0.0595,1.0,9290.0,2
13,2017-01-24,0.0567,0.0567,0.05,0.055999999999999994,27802.0,0.0567,0.0,0.0567,0.05,0.055999999999999994,1.0,27802.0,1
14,2017-01-23,0.0534,0.0614,0.0534,0.0614,1560.0,0.0534,0.0,0.0614,0.0534,0.0614,1.0,1560.0,0
15,2017-01-20,0.0613,0.0614,0.0601,0.0614,2665.0,0.0613,0.0,0.0614,0.0601,0.0614,1.0,2665.0,4
16,2017-01-19,0.0614,0.0614,0.06,0.0614,1500.0,0.0614,0.0,0.0614,0.06,0.0614,1.0,1500.0,3
17,2017-01-18,0.0611,0.0611,0.06,0.06,2945.0,0.0611,0.0,0.0611,0.06,0.06,1.0,2945.0,2
18,2017-01-17,0.06,0.0613,0.06,0.06,813.0,0.06,0.0,0.0613,0.06,0.06,1.0,813.0,1
19,2017-01-13,0.06,0.0613,0.059000000000000004,0.059000000000000004,1429.0,0.06,0.0,0.0613,0.059000000000000004,0.059000000000000004,1.0,1429.0,4
20,2017-01-12,0.06,0.06,0.0478,0.048,5769.0,0.06,0.0,0.06,0.0478,0.048,1.0,5769.0,3
21,2017-01-11,0.06,0.0657,0.0581,0.0609,9345.0,0.06,0.0,0.0657,0.0581,0.0609,1.0,9345.0,2
22,2017-01-10,0.06,0.0605,0.05,0.0605,504.0,0.06,0.0,0.0605,0.05,0.0605,1.0,504.0,1
23,2017-01-09,0.0577,0.0609,0.046,0.0609,7384.0,0.0577,0.0,0.0609,0.046,0.0609,1.0,7384.0,0
24,2017-01-06,0.0601,0.0694,0.045,0.0604,41614.0,0.0601,0.0,0.0694,0.045,0.0604,1.0,41614.0,4
25,2017-01-05,0.06,0.06,0.05,0.055999999999999994,9305.0,0.06,0.0,0.06,0.05,0.055999999999999994,1.0,9305.0,3
26,2017-01-04,0.0534,0.0534,0.0534,0.0534,164.0,0.0534,0.0,0.0534,0.0534,0.0534,1.0,164.0,2
27,2017-01-03,0.0509,0.0516,0.0453,0.0453,46176.0,0.0509,0.0,0.0516,0.0453,0.0453,1.0,46176.0,1
28,2016-12-30,0.0599,0.06,0.0412,0.0546,42744.0,0.0599,0.0,0.06,0.0412,0.0546,1.0,42744.0,4
29,2016-12-29,0.052000000000000005,0.0546,0.0411,0.0411,31753.0,0.052000000000000005,0.0,0.0546,0.0411,0.0411,1.0,31753.0,3
30,2016-12-28,0.05,0.055,0.04,0.04,2720.0,0.05,0.0,0.055,0.04,0.04,1.0,2720.0,2
31,2016-12-27,0.0516,0.0525,0.04,0.0525,76130.0,0.0516,0.0,0.0525,0.04,0.0525,1.0,76130.0,1
32,2016-12-23,0.05,0.0549,0.05,0.0549,5872.0,0.05,0.0,0.0549,0.05,0.0549,1.0,5872.0,4
33,2016-12-22,0.05,0.055,0.04,0.0548,104826.0,0.05,0.0,0.055,0.04,0.0548,1.0,104826.0,3
34,2016-12-21,0.0549,0.0549,0.0498,0.05,6885.0,0.0549,0.0,0.0549,0.0498,0.05,1.0,6885.0,2
35,2016-12-20,0.042,0.055,0.04,0.05,8844.0,0.042,0.0,0.055,0.04,0.05,1.0,8844.0,1
36,2016-12-19,0.0476,0.0476,0.0401,0.0401,1484.0,0.0476,0.0,0.0476,0.0401,0.0401,1.0,1484.0,0
37,2016-12-16,0.046,0.05,0.0397,0.05,12696.0,0.046,0.0,0.05,0.0397,0.05,1.0,12696.0,4
38,2016-12-15,0.05,0.05,0.05,0.05,454.0,0.05,0.0,0.05,0.05,0.05,1.0,454.0,3
39,2016-12-14,0.0525,0.0525,0.05,0.0525,1698.0,0.0525,0.0,0.0525,0.05,0.0525,1.0,1698.0,2
40,2016-12-13,0.05,0.0525,0.05,0.0525,298.0,0.05,0.0,0.0525,0.05,0.0525,1.0,298.0,1
41,2016-12-12,0.05,0.0525,0.05,0.0525,1950.0,0.05,0.0,0.0525,0.05,0.0525,1.0,1950.0,0
42,2016-12-09,0.05,0.0525,0.04,0.05,6849.0,0.05,0.0,0.0525,0.04,0.05,1.0,6849.0,4
43,2016-12-08,0.0528,0.0561,0.05,0.0561,63337.0,0.0528,0.0,0.0561,0.05,0.0561,1.0,63337.0,3
44,2016-12-07,0.0535,0.07,0.05,0.0613,68719.0,0.0535,0.0,0.07,0.05,0.0613,1.0,68719.0,2
45,2016-12-06,0.0584,0.0584,0.05,0.05,12423.0,0.0584,0.0,0.0584,0.05,0.05,1.0,12423.0,1
46,2016-12-05,0.0442,0.0442,0.0442,0.0442,160.0,0.0442,0.0,0.0442,0.0442,0.0442,1.0,160.0,0
47,2016-12-02,0.042,0.048,0.0391,0.0476,40037.0,0.042,0.0,0.048,0.0391,0.0476,1.0,40037.0,4
48,2016-12-01,0.039,0.0401,0.039,0.0401,3728.0,0.039,0.0,0.0401,0.039,0.0401,1.0,3728.0,3
49,2016-11-30,0.0382,0.055999999999999994,0.0382,0.0402,144715.0,0.0382,0.0,0.055999999999999994,0.0382,0.0402,1.0,144715.0,2
50,2016-11-29,0.039,0.0417,0.0389,0.0417,37976.0,0.039,0.0,0.0417,0.0389,0.0417,1.0,37976.0,1
51,2016-11-28,0.0398,0.0451,0.0396,0.042,64550.0,0.0398,0.0,0.0451,0.0396,0.042,1.0,64550.0,0
52,2016-11-25,0.04,0.0459,0.0397,0.042,32401.0,0.04,0.0,0.0459,0.0397,0.042,1.0,32401.0,4
53,2016-11-23,0.0399,0.0441,0.0399,0.0401,105564.0,0.0399,0.0,0.0441,0.0399,0.0401,1.0,105564.0,2
54,2016-11-22,0.0446,0.0502,0.0401,0.05,27987.0,0.0446,0.0,0.0502,0.0401,0.05,1.0,27987.0,1
55,2016-11-21,0.045,0.055,0.04,0.055,76638.0,0.045,0.0,0.055,0.04,0.055,1.0,76638.0,0
56,2016-11-18,0.055,0.065,0.051,0.065,72619.0,0.055,0.0,0.065,0.051,0.065,1.0,72619.0,4
57,2016-11-17,0.0679,0.0679,0.0679,0.0679,301.0,0.0679,0.0,0.0679,0.0679,0.0679,1.0,301.0,3
58,2016-11-16,0.0647,0.07,0.0646,0.0699,3544.0,0.0647,0.0,0.07,0.0646,0.0699,1.0,3544.0,2
59,2016-11-15,0.065,0.0658,0.065,0.0658,4526.0,0.065,0.0,0.0658,0.065,0.0658,1.0,4526.0,1
60,2016-11-14,0.0656,0.0656,0.0656,0.0656,1500.0,0.0656,0.0,0.0656,0.0656,0.0656,1.0,1500.0,0
61,2016-11-11,0.0656,0.0656,0.0656,0.0656,0.0,0.0656,0.0,0.0656,0.0656,0.0656,1.0,0.0,4
62,2016-11-10,0.0656,0.0695,0.0525,0.0695,8193.0,0.0656,0.0,0.0695,0.0525,0.0695,1.0,8193.0,3
63,2016-11-09,0.0662,0.0676,0.065,0.065,13672.0,0.0662,0.0,0.0676,0.065,0.065,1.0,13672.0,2
64,2016-11-08,0.0676,0.07,0.0676,0.0686,59260.0,0.0676,0.0,0.07,0.0676,0.0686,1.0,59260.0,1
65,2016-11-07,0.0699,0.07,0.0402,0.07,16149.0,0.0699,0.0,0.07,0.0402,0.07,1.0,16149.0,0
66,2016-11-04,0.07,0.07,0.0686,0.0686,102979.0,0.07,0.0,0.07,0.0686,0.0686,1.0,102979.0,4
67,2016-11-03,0.0691,0.07,0.062,0.07,7580.0,0.0691,0.0,0.07,0.062,0.07,1.0,7580.0,3
68,2016-11-02,0.0696,0.0696,0.0696,0.0696,1500.0,0.0696,0.0,0.0696,0.0696,0.0696,1.0,1500.0,2
69,2016-11-01,0.07,0.07,0.0696,0.07,1080.0,0.07,0.0,0.07,0.0696,0.07,1.0,1080.0,1
70,2016-10-31,0.0696,0.0696,0.062,0.0696,1569.0,0.0696,0.0,0.0696,0.062,0.0696,1.0,1569.0,0
71,2016-10-28,0.0696,0.07,0.062,0.0696,1098.0,0.0696,0.0,0.07,0.062,0.0696,1.0,1098.0,4
72,2016-10-27,0.0698,0.0844,0.0696,0.0844,32372.0,0.0698,0.0,0.0844,0.0696,0.0844,1.0,32372.0,3
73,2016-10-26,0.07,0.07,0.07,0.07,225.0,0.07,0.0,0.07,0.07,0.07,1.0,225.0,2
74,2016-10-25,0.0895,0.0895,0.0723,0.0895,632.0,0.0895,0.0,0.0895,0.0723,0.0895,1.0,632.0,1
75,2016-10-24,0.084,0.084,0.08,0.08,3720.0,0.084,0.0,0.084,0.08,0.08,1.0,3720.0,0
76,2016-10-21,0.0714,0.0793,0.0714,0.075,5000.0,0.0714,0.0,0.0793,0.0714,0.075,1.0,5000.0,4
77,2016-10-20,0.07,0.07,0.07,0.07,100.0,0.07,0.0,0.07,0.07,0.07,1.0,100.0,3
78,2016-10-19,0.07,0.08,0.07,0.08,5231.0,0.07,0.0,0.08,0.07,0.08,1.0,5231.0,2
79,2016-10-18,0.0826,0.0826,0.0826,0.0826,300.0,0.0826,0.0,0.0826,0.0826,0.0826,1.0,300.0,1
80,2016-10-17,0.0787,0.0804,0.075,0.0804,614.0,0.0787,0.0,0.0804,0.075,0.0804,1.0,614.0,0
81,2016-10-14,0.0766,0.085,0.04,0.085,5548.0,0.0766,0.0,0.085,0.04,0.085,1.0,5548.0,4
82,2016-10-13,0.0826,0.0826,0.07200000000000001,0.075,929.0,0.0826,0.0,0.0826,0.07200000000000001,0.075,1.0,929.0,3
83,2016-10-12,0.07200000000000001,0.07200000000000001,0.07200000000000001,0.07200000000000001,100.0,0.07200000000000001,0.0,0.07200000000000001,0.07200000000000001,0.07200000000000001,1.0,100.0,2
84,2016-10-11,0.07200000000000001,0.08,0.0584,0.08,12364.0,0.07200000000000001,0.0,0.08,0.0584,0.08,1.0,12364.0,1
85,2016-10-10,0.08,0.0802,0.0751,0.0802,2561.0,0.08,0.0,0.0802,0.0751,0.0802,1.0,2561.0,0
86,2016-10-07,0.08,0.09,0.07,0.0851,10271.0,0.08,0.0,0.09,0.07,0.0851,1.0,10271.0,4
87,2016-10-06,0.1,0.1,0.1,0.1,334.0,0.1,0.0,0.1,0.1,0.1,1.0,334.0,3
88,2016-10-05,0.0875,0.0875,0.0875,0.0875,100.0,0.0875,0.0,0.0875,0.0875,0.0875,1.0,100.0,2
89,2016-10-04,0.08,0.08,0.08,0.08,21.0,0.08,0.0,0.08,0.08,0.08,1.0,21.0,1
90,2016-10-03,0.08,0.08,0.08,0.08,279.0,0.08,0.0,0.08,0.08,0.08,1.0,279.0,0
91,2016-09-30,0.08,0.08,0.08,0.08,268.0,0.08,0.0,0.08,0.08,0.08,1.0,268.0,4
92,2016-09-29,0.0836,0.0836,0.0836,0.0836,100.0,0.0836,0.0,0.0836,0.0836,0.0836,1.0,100.0,3
93,2016-09-28,0.0836,0.11,0.0801,0.11,7704.0,0.0836,0.0,0.11,0.0801,0.11,1.0,7704.0,2
94,2016-09-27,0.1,0.1,0.1,0.1,285.0,0.1,0.0,0.1,0.1,0.1,1.0,285.0,1
95,2016-09-26,0.11,0.115,0.1075,0.115,6019.0,0.11,0.0,0.115,0.1075,0.115,1.0,6019.0,0
96,2016-09-23,0.1,0.1197,0.1,0.114,12255.0,0.1,0.0,0.1197,0.1,0.114,1.0,12255.0,4
97,2016-09-22,0.1086,0.1086,0.1086,0.1086,74.0,0.1086,0.0,0.1086,0.1086,0.1086,1.0,74.0,3
98,2016-09-21,0.1086,0.1118,0.1035,0.1118,1621.0,0.1086,0.0,0.1118,0.1035,0.1118,1.0,1621.0,2
99,2016-09-20,0.1118,0.1118,0.1046,0.11,22602.0,0.1118,0.0,0.1118,0.1046,0.11,1.0,22602.0,1
100,2016-09-19,0.0997,0.11,0.0997,0.11,21398.0,0.0997,0.0,0.11,0.0997,0.11,1.0,21398.0,0
101,2016-09-16,0.115,0.12,0.105,0.11,8383.0,0.115,0.0,0.12,0.105,0.11,1.0,8383.0,4
102,2016-09-15,0.1,0.12,0.09,0.11,18740.0,0.1,0.0,0.12,0.09,0.11,1.0,18740.0,3
103,2016-09-14,0.1142,0.1142,0.1142,0.1142,342.0,0.1142,0.0,0.1142,0.1142,0.1142,1.0,342.0,2
104,2016-09-13,0.115,0.1184,0.09,0.105,22754.0,0.115,0.0,0.1184,0.09,0.105,1.0,22754.0,1
105,2016-09-12,0.1211,0.1222,0.115,0.1222,3291.0,0.1211,0.0,0.1222,0.115,0.1222,1.0,3291.0,0
106,2016-09-09,0.11599999999999999,0.1193,0.11,0.11,3282.0,0.11599999999999999,0.0,0.1193,0.11,0.11,1.0,3282.0,4
107,2016-09-08,0.11,0.125,0.1,0.11,14577.0,0.11,0.0,0.125,0.1,0.11,1.0,14577.0,3
108,2016-09-07,0.1188,0.1188,0.1188,0.1188,248.0,0.1188,0.0,0.1188,0.1188,0.1188,1.0,248.0,2
109,2016-09-06,0.1207,0.125,0.11,0.11,39821.0,0.1207,0.0,0.125,0.11,0.11,1.0,39821.0,1
110,2016-09-02,0.1168,0.1168,0.1168,0.1168,1498.0,0.1168,0.0,0.1168,0.1168,0.1168,1.0,1498.0,4
111,2016-09-01,0.1113,0.1113,0.1113,0.1113,222.0,0.1113,0.0,0.1113,0.1113,0.1113,1.0,222.0,3
112,2016-08-31,0.1113,0.16,0.1,0.124,63612.0,0.1113,0.0,0.16,0.1,0.124,1.0,63612.0,2
113,2016-08-30,0.1119,0.124,0.11,0.1158,5364.0,0.1119,0.0,0.124,0.11,0.1158,1.0,5364.0,1
114,2016-08-29,0.1103,0.1216,0.1103,0.1216,2095.0,0.1103,0.0,0.1216,0.1103,0.1216,1.0,2095.0,0
115,2016-08-26,0.124,0.125,0.1,0.125,5780.0,0.124,0.0,0.125,0.1,0.125,1.0,5780.0,4
116,2016-08-25,0.1206,0.125,0.11900000000000001,0.125,3953.0,0.1206,0.0,0.125,0.11900000000000001,0.125,1.0,3953.0,3
117,2016-08-24,0.12,0.14,0.115,0.125,120612.0,0.12,0.0,0.14,0.115,0.125,1.0,120612.0,2
118,2016-08-23,0.1238,0.14,0.12,0.13,229552.0,0.1238,0.0,0.14,0.12,0.13,1.0,229552.0,1
119,2016-08-22,0.1022,0.15,0.0974,0.12,68362.0,0.1022,0.0,0.15,0.0974,0.12,1.0,68362.0,0
120,2016-08-19,0.1445,0.1514,0.09,0.105,74027.0,0.1445,0.0,0.1514,0.09,0.105,1.0,74027.0,4
121,2016-08-18,0.1,0.105,0.085,0.085,45885.0,0.1,0.0,0.105,0.085,0.085,1.0,45885.0,3
122,2016-08-17,0.11,0.11,0.083,0.09,45408.0,0.11,0.0,0.11,0.083,0.09,1.0,45408.0,2
123,2016-08-16,0.085,0.11,0.084,0.098,60416.0,0.085,0.0,0.11,0.084,0.098,1.0,60416.0,1
124,2016-08-15,0.08,0.11,0.0772,0.1,76132.0,0.08,0.0,0.11,0.0772,0.1,1.0,76132.0,0
125,2016-08-12,0.08,0.12,0.0749,0.12,97902.0,0.08,0.0,0.12,0.0749,0.12,1.0,97902.0,4
126,2016-08-11,0.08,0.09,0.0661,0.0661,361402.0,0.08,0.0,0.09,0.0661,0.0661,1.0,361402.0,3
127,2016-08-10,0.063,0.0737,0.055999999999999994,0.055999999999999994,113760.0,0.063,0.0,0.0737,0.055999999999999994,0.055999999999999994,1.0,113760.0,2
128,2016-08-09,0.0798,0.1155,0.07,0.11,224079.0,0.0798,0.0,0.1155,0.07,0.11,1.0,224079.0,1
129,2016-08-08,0.1,0.1,0.1,0.1,100.0,0.1,0.0,0.1,0.1,0.1,1.0,100.0,0
130,2016-08-05,0.1,0.2047,0.1,0.12,41971.0,0.1,0.0,0.2047,0.1,0.12,1.0,41971.0,4
131,2016-08-04,0.12,0.13,0.1,0.13,39680.0,0.12,0.0,0.13,0.1,0.13,1.0,39680.0,3
132,2016-08-03,0.23,0.23,0.23,0.23,0.0,0.23,0.0,0.23,0.23,0.23,1.0,0.0,2
133,2016-08-02,0.23,0.23,0.23,0.23,4.0,0.23,0.0,0.23,0.23,0.23,1.0,4.0,1
134,2016-08-01,0.23,0.23,0.23,0.23,0.0,0.23,0.0,0.23,0.23,0.23,1.0,0.0,0
135,2016-07-29,0.23,0.23,0.225,0.225,30000.0,0.23,0.0,0.23,0.225,0.225,1.0,30000.0,4
136,2016-07-28,0.252,0.252,0.252,0.252,0.0,0.252,0.0,0.252,0.252,0.252,1.0,0.0,3
137,2016-07-27,0.252,0.252,0.252,0.252,0.0,0.252,0.0,0.252,0.252,0.252,1.0,0.0,2
138,2016-07-26,0.252,0.252,0.252,0.252,31.0,0.252,0.0,0.252,0.252,0.252,1.0,31.0,1
139,2016-07-25,0.252,0.252,0.252,0.252,10.0,0.252,0.0,0.252,0.252,0.252,1.0,10.0,0
140,2016-07-22,0.252,0.252,0.24,0.24,7772.0,0.252,0.0,0.252,0.24,0.24,1.0,7772.0,4
141,2016-07-21,0.24,0.24,0.24,0.24,16.0,0.24,0.0,0.24,0.24,0.24,1.0,16.0,3
142,2016-07-20,0.24,0.24,0.24,0.24,0.0,0.24,0.0,0.24,0.24,0.24,1.0,0.0,2
143,2016-07-19,0.24,0.24,0.24,0.24,44.0,0.24,0.0,0.24,0.24,0.24,1.0,44.0,1
144,2016-07-18,0.24,0.24,0.24,0.24,201.0,0.24,0.0,0.24,0.24,0.24,1.0,201.0,0
145,2016-07-15,0.24,0.25,0.168,0.25,1757.0,0.24,0.0,0.25,0.168,0.25,1.0,1757.0,4
146,2016-07-14,0.18,0.18,0.18,0.18,100.0,0.18,0.0,0.18,0.18,0.18,1.0,100.0,3
147,2016-07-13,0.2,0.2,0.2,0.2,0.0,0.2,0.0,0.2,0.2,0.2,1.0,0.0,2
148,2016-07-12,0.2,0.2,0.2,0.2,8.0,0.2,0.0,0.2,0.2,0.2,1.0,8.0,1
149,2016-07-11,0.2,0.2,0.2,0.2,141.0,0.2,0.0,0.2,0.2,0.2,1.0,141.0,0
150,2016-07-08,0.25,0.25,0.25,0.25,100.0,0.25,0.0,0.25,0.25,0.25,1.0,100.0,4
151,2016-07-07,0.2,0.24,0.2,0.24,355.0,0.2,0.0,0.24,0.2,0.24,1.0,355.0,3
152,2016-07-06,0.2,0.29,0.18,0.29,13430.0,0.2,0.0,0.29,0.18,0.29,1.0,13430.0,2
153,2016-07-05,0.2501,0.2601,0.19,0.21,6100.0,0.2501,0.0,0.2601,0.19,0.21,1.0,6100.0,1
154,2016-07-01,0.2001,0.25,0.2,0.25,6200.0,0.2001,0.0,0.25,0.2,0.25,1.0,6200.0,4
155,2016-06-30,0.27,0.27,0.21,0.21,6220.0,0.27,0.0,0.27,0.21,0.21,1.0,6220.0,3
156,2016-06-29,0.22,0.25,0.18,0.25,4202.0,0.22,0.0,0.25,0.18,0.25,1.0,4202.0,2
157,2016-06-28,0.24,0.24,0.24,0.24,30.0,0.24,0.0,0.24,0.24,0.24,1.0,30.0,1
158,2016-06-27,0.24,0.24,0.24,0.24,13.0,0.24,0.0,0.24,0.24,0.24,1.0,13.0,0
159,2016-06-24,0.24,0.24,0.14,0.14,2395.0,0.24,0.0,0.24,0.14,0.14,1.0,2395.0,4
160,2016-06-23,0.23,0.23,0.18,0.18,20110.0,0.23,0.0,0.23,0.18,0.18,1.0,20110.0,3
161,2016-06-22,0.25,0.25,0.25,0.25,0.0,0.25,0.0,0.25,0.25,0.25,1.0,0.0,2
162,2016-06-21,0.25,0.25,0.2,0.2,595.0,0.25,0.0,0.25,0.2,0.2,1.0,595.0,1
163,2016-06-20,0.2,0.2,0.2,0.2,1000.0,0.2,0.0,0.2,0.2,0.2,1.0,1000.0,0
164,2016-06-17,0.295,0.295,0.295,0.295,300.0,0.295,0.0,0.295,0.295,0.295,1.0,300.0,4
165,2016-06-16,0.295,0.295,0.295,0.295,123.0,0.295,0.0,0.295,0.295,0.295,1.0,123.0,3
166,2016-06-15,0.295,0.295,0.295,0.295,102.0,0.295,0.0,0.295,0.295,0.295,1.0,102.0,2
167,2016-06-14,0.295,0.295,0.16,0.16,400.0,0.295,0.0,0.295,0.16,0.16,1.0,400.0,1
168,2016-06-13,0.295,0.295,0.1268,0.15,3625.0,0.295,0.0,0.295,0.1268,0.15,1.0,3625.0,0
169,2016-06-10,0.295,0.295,0.295,0.295,90.0,0.295,0.0,0.295,0.295,0.295,1.0,90.0,4
170,2016-06-09,0.295,0.295,0.22,0.25,1630.0,0.295,0.0,0.295,0.22,0.25,1.0,1630.0,3
171,2016-06-08,0.29,0.3499,0.201,0.2499,147090.0,0.29,0.0,0.3499,0.201,0.2499,1.0,147090.0,2
172,2016-06-07,0.2599,0.2599,0.23,0.23,21810.0,0.2599,0.0,0.2599,0.23,0.23,1.0,21810.0,1
173,2016-06-06,0.23,0.23,0.23,0.23,50.0,0.23,0.0,0.23,0.23,0.23,1.0,50.0,0
174,2016-06-03,0.23,0.23,0.2,0.23,2000.0,0.23,0.0,0.23,0.2,0.23,1.0,2000.0,4
175,2016-06-02,0.23,0.23,0.19,0.19,2700.0,0.23,0.0,0.23,0.19,0.19,1.0,2700.0,3
176,2016-06-01,0.21,0.25,0.2,0.24,50390.0,0.21,0.0,0.25,0.2,0.24,1.0,50390.0,2
177,2016-05-31,0.22,0.299,0.17300000000000001,0.1996,82936.0,0.22,0.0,0.299,0.17300000000000001,0.1996,1.0,82936.0,1
178,2016-05-27,0.1901,0.1901,0.18,0.18,40637.0,0.1901,0.0,0.1901,0.18,0.18,1.0,40637.0,4
179,2016-05-26,0.2,0.2,0.165,0.165,12007.0,0.2,0.0,0.2,0.165,0.165,1.0,12007.0,3
180,2016-05-25,0.16,0.16,0.16,0.16,11001.0,0.16,0.0,0.16,0.16,0.16,1.0,11001.0,2
181,2016-05-24,0.16,0.16,0.16,0.16,18000.0,0.16,0.0,0.16,0.16,0.16,1.0,18000.0,1
182,2016-05-23,0.1605,0.1605,0.16,0.16,5049.0,0.1605,0.0,0.1605,0.16,0.16,1.0,5049.0,0
183,2016-05-20,0.16,0.16,0.16,0.16,22.0,0.16,0.0,0.16,0.16,0.16,1.0,22.0,4
184,2016-05-19,0.16,0.16,0.16,0.16,6500.0,0.16,0.0,0.16,0.16,0.16,1.0,6500.0,3
185,2016-05-18,0.1615,0.1615,0.16,0.16,2929.0,0.1615,0.0,0.1615,0.16,0.16,1.0,2929.0,2
186,2016-05-17,0.16,0.16,0.16,0.16,10901.0,0.16,0.0,0.16,0.16,0.16,1.0,10901.0,1
187,2016-05-16,0.16,0.17,0.11,0.11,11689.0,0.16,0.0,0.17,0.11,0.11,1.0,11689.0,0
188,2016-05-13,0.15,0.1697,0.15,0.15,5232.0,0.15,0.0,0.1697,0.15,0.15,1.0,5232.0,4
189,2016-05-12,0.13,0.13,0.13,0.13,0.0,0.13,0.0,0.13,0.13,0.13,1.0,0.0,3
190,2016-05-11,0.13,0.13,0.13,0.13,0.0,0.13,0.0,0.13,0.13,0.13,1.0,0.0,2
191,2016-05-10,0.13,0.13,0.13,0.13,0.0,0.13,0.0,0.13,0.13,0.13,1.0,0.0,1
192,2016-05-09,0.13,0.135,0.13,0.135,280230.0,0.13,0.0,0.135,0.13,0.135,1.0,280230.0,0
193,2016-05-06,0.135,0.135,0.135,0.135,0.0,0.135,0.0,0.135,0.135,0.135,1.0,0.0,4
194,2016-05-05,0.135,0.135,0.135,0.135,601.0,0.135,0.0,0.135,0.135,0.135,1.0,601.0,3
195,2016-05-04,0.135,0.135,0.135,0.135,750.0,0.135,0.0,0.135,0.135,0.135,1.0,750.0,2
196,2016-05-03,0.125,0.125,0.125,0.125,106.0,0.125,0.0,0.125,0.125,0.125,1.0,106.0,1
197,2016-05-02,0.135,0.1395,0.125,0.125,2374.0,0.135,0.0,0.1395,0.125,0.125,1.0,2374.0,0
198,2016-04-29,0.1463,0.1463,0.13,0.1463,833.0,0.1463,0.0,0.1463,0.13,0.1463,1.0,833.0,4
199,2016-04-28,0.1475,0.1475,0.135,0.135,10100.0,0.1475,0.0,0.1475,0.135,0.135,1.0,10100.0,3
200,2016-04-27,0.125,0.13699999999999998,0.125,0.125,1000.0,0.125,0.0,0.13699999999999998,0.125,0.125,1.0,1000.0,2
201,2016-04-26,0.125,0.125,0.125,0.125,1.0,0.125,0.0,0.125,0.125,0.125,1.0,1.0,1
202,2016-04-25,0.125,0.125,0.125,0.125,1800.0,0.125,0.0,0.125,0.125,0.125,1.0,1800.0,0
203,2016-04-22,0.12,0.12,0.12,0.12,50.0,0.12,0.0,0.12,0.12,0.12,1.0,50.0,4
204,2016-04-21,0.12,0.12,0.12,0.12,0.0,0.12,0.0,0.12,0.12,0.12,1.0,0.0,3
205,2016-04-20,0.12,0.12,0.12,0.12,0.0,0.12,0.0,0.12,0.12,0.12,1.0,0.0,2
206,2016-04-19,0.12,0.14,0.12,0.13,120612.0,0.12,0.0,0.14,0.12,0.13,1.0,120612.0,1
207,2016-04-18,0.1216,0.13,0.12,0.12,4600.0,0.1216,0.0,0.13,0.12,0.12,1.0,4600.0,0
208,2016-04-15,0.13,0.13,0.13,0.13,25811.0,0.13,0.0,0.13,0.13,0.13,1.0,25811.0,4
209,2016-04-14,0.12,0.12,0.12,0.12,386.0,0.12,0.0,0.12,0.12,0.12,1.0,386.0,3
210,2016-04-13,0.13,0.13,0.13,0.13,0.0,0.13,0.0,0.13,0.13,0.13,1.0,0.0,2
211,2016-04-12,0.13,0.13,0.13,0.13,4000.0,0.13,0.0,0.13,0.13,0.13,1.0,4000.0,1
212,2016-04-11,0.125,0.125,0.125,0.125,1000.0,0.125,0.0,0.125,0.125,0.125,1.0,1000.0,0
213,2016-04-08,0.13,0.132,0.13,0.13,126008.0,0.13,0.0,0.132,0.13,0.13,1.0,126008.0,4
214,2016-04-07,0.122,0.122,0.122,0.122,50.0,0.122,0.0,0.122,0.122,0.122,1.0,50.0,3
215,2016-04-06,0.122,0.122,0.122,0.122,0.0,0.122,0.0,0.122,0.122,0.122,1.0,0.0,2
216,2016-04-05,0.122,0.15,0.12,0.13,2040.0,0.122,0.0,0.15,0.12,0.13,1.0,2040.0,1
217,2016-04-04,0.13,0.13,0.13,0.13,467.0,0.13,0.0,0.13,0.13,0.13,1.0,467.0,0
218,2016-04-01,0.1275,0.1275,0.11,0.11,600.0,0.1275,0.0,0.1275,0.11,0.11,1.0,600.0,4
219,2016-03-31,0.12,0.1261,0.1071,0.12,6901.0,0.12,0.0,0.1261,0.1071,0.12,1.0,6901.0,3
220,2016-03-30,0.122,0.13,0.1071,0.13,43963.0,0.122,0.0,0.13,0.1071,0.13,1.0,43963.0,2
221,2016-03-29,0.12,0.1281,0.1062,0.1281,5369.0,0.12,0.0,0.1281,0.1062,0.1281,1.0,5369.0,1
222,2016-03-28,0.126,0.15,0.12,0.1375,53349.0,0.126,0.0,0.15,0.12,0.1375,1.0,53349.0,0
223,2016-03-24,0.131,0.131,0.131,0.131,150.0,0.131,0.0,0.131,0.131,0.131,1.0,150.0,3
224,2016-03-23,0.135,0.1465,0.135,0.1464,99583.0,0.135,0.0,0.1465,0.135,0.1464,1.0,99583.0,2
225,2016-03-22,0.1395,0.155,0.13,0.155,4153.0,0.1395,0.0,0.155,0.13,0.155,1.0,4153.0,1
226,2016-03-21,0.155,0.17,0.1449,0.145,7872.0,0.155,0.0,0.17,0.1449,0.145,1.0,7872.0,0
227,2016-03-18,0.12,0.2,0.12,0.2,1190893.0,0.12,0.0,0.2,0.12,0.2,1.0,1190893.0,4
228,2016-03-17,0.1216,0.1216,0.11,0.11,104599.0,0.1216,0.0,0.1216,0.11,0.11,1.0,104599.0,3
229,2016-03-16,0.11,0.13,0.1075,0.1082,226685.0,0.11,0.0,0.13,0.1075,0.1082,1.0,226685.0,2
230,2016-03-15,0.1,0.11,0.1,0.11,12554.0,0.1,0.0,0.11,0.1,0.11,1.0,12554.0,1
231,2016-03-14,0.11,0.11,0.0916,0.0998,59151.0,0.11,0.0,0.11,0.0916,0.0998,1.0,59151.0,0
232,2016-03-11,0.095,0.105,0.08,0.105,1901.0,0.095,0.0,0.105,0.08,0.105,1.0,1901.0,4
233,2016-03-10,0.0825,0.10800000000000001,0.071,0.071,152602.0,0.0825,0.0,0.10800000000000001,0.071,0.071,1.0,152602.0,3
234,2016-03-09,0.085,0.10800000000000001,0.07,0.07,910.0,0.085,0.0,0.10800000000000001,0.07,0.07,1.0,910.0,2
235,2016-03-08,0.0825,0.105,0.0825,0.105,1001.0,0.0825,0.0,0.105,0.0825,0.105,1.0,1001.0,1
236,2016-03-07,0.1,0.1,0.08,0.08,30804.0,0.1,0.0,0.1,0.08,0.08,1.0,30804.0,0
237,2016-03-04,0.0725,0.09,0.071,0.0737,12876.0,0.0725,0.0,0.09,0.071,0.0737,1.0,12876.0,4
238,2016-03-03,0.0737,0.11,0.0725,0.0751,52453.0,0.0737,0.0,0.11,0.0725,0.0751,1.0,52453.0,3
239,2016-03-02,0.0716,0.085,0.07,0.085,6035.0,0.0716,0.0,0.085,0.07,0.085,1.0,6035.0,2
240,2016-03-01,0.0795,0.085,0.065,0.065,16646.0,0.0795,0.0,0.085,0.065,0.065,1.0,16646.0,1
241,2016-02-29,0.0684,0.0693,0.0521,0.0693,11105.0,0.0684,0.0,0.0693,0.0521,0.0693,1.0,11105.0,0
242,2016-02-26,0.066,0.066,0.0659,0.066,50004.0,0.066,0.0,0.066,0.0659,0.066,1.0,50004.0,4
243,2016-02-25,0.0628,0.068,0.051,0.0621,33500.0,0.0628,0.0,0.068,0.051,0.0621,1.0,33500.0,3
244,2016-02-24,0.0521,0.0521,0.0521,0.0521,0.0,0.0521,0.0,0.0521,0.0521,0.0521,1.0,0.0,2
245,2016-02-23,0.0521,0.0521,0.0521,0.0521,0.0,0.0521,0.0,0.0521,0.0521,0.0521,1.0,0.0,1
246,2016-02-22,0.0521,0.07400000000000001,0.0521,0.07400000000000001,2001.0,0.0521,0.0,0.07400000000000001,0.0521,0.07400000000000001,1.0,2001.0,0
247,2016-02-19,0.07400000000000001,0.07400000000000001,0.07400000000000001,0.07400000000000001,1500.0,0.07400000000000001,0.0,0.07400000000000001,0.07400000000000001,0.07400000000000001,1.0,1500.0,4
248,2016-02-18,0.06,0.0601,0.053,0.06,20502.0,0.06,0.0,0.0601,0.053,0.06,1.0,20502.0,3
249,2016-02-17,0.055,0.055,0.055,0.055,0.0,0.055,0.0,0.055,0.055,0.055,1.0,0.0,2
250,2016-02-16,0.055,0.055,0.055,0.055,50.0,0.055,0.0,0.055,0.055,0.055,1.0,50.0,1
251,2016-02-12,0.055,0.055,0.055,0.055,40.0,0.055,0.0,0.055,0.055,0.055,1.0,40.0,4
252,2016-02-11,0.055,0.0738,0.055,0.0738,10960.0,0.055,0.0,0.0738,0.055,0.0738,1.0,10960.0,3
253,2016-02-10,0.085,0.0851,0.085,0.0851,601.0,0.085,0.0,0.0851,0.085,0.0851,1.0,601.0,2
254,2016-02-09,0.06,0.06,0.06,0.06,0.0,0.06,0.0,0.06,0.06,0.06,1.0,0.0,1
255,2016-02-08,0.06,0.06,0.06,0.06,30.0,0.06,0.0,0.06,0.06,0.06,1.0,30.0,0
256,2016-02-05,0.06,0.06,0.06,0.06,0.0,0.06,0.0,0.06,0.06,0.06,1.0,0.0,4
257,2016-02-04,0.06,0.06,0.06,0.06,3302.0,0.06,0.0,0.06,0.06,0.06,1.0,3302.0,3
258,2016-02-03,0.065,0.065,0.065,0.065,0.0,0.065,0.0,0.065,0.065,0.065,1.0,0.0,2
259,2016-02-02,0.065,0.065,0.055,0.065,2400.0,0.065,0.0,0.065,0.055,0.065,1.0,2400.0,1
260,2016-02-01,0.095,0.095,0.095,0.095,2.0,0.095,0.0,0.095,0.095,0.095,1.0,2.0,0
261,2016-01-29,0.095,0.095,0.095,0.095,100.0,0.095,0.0,0.095,0.095,0.095,1.0,100.0,4
262,2016-01-28,0.087,0.087,0.087,0.087,0.0,0.087,0.0,0.087,0.087,0.087,1.0,0.0,3
263,2016-01-27,0.087,0.087,0.0503,0.067,2800.0,0.087,0.0,0.087,0.0503,0.067,1.0,2800.0,2
264,2016-01-26,0.085,0.0889,0.0847,0.0847,6442.0,0.085,0.0,0.0889,0.0847,0.0847,1.0,6442.0,1
265,2016-01-25,0.098,0.098,0.098,0.098,51.0,0.098,0.0,0.098,0.098,0.098,1.0,51.0,0
266,2016-01-22,0.098,0.098,0.07,0.07,1216.0,0.098,0.0,0.098,0.07,0.07,1.0,1216.0,4
267,2016-01-21,0.09,0.0951,0.0666,0.0951,51450.0,0.09,0.0,0.0951,0.0666,0.0951,1.0,51450.0,3
268,2016-01-20,0.09,0.106,0.09,0.106,1895.0,0.09,0.0,0.106,0.09,0.106,1.0,1895.0,2
269,2016-01-19,0.085,0.11,0.085,0.1,42069.0,0.085,0.0,0.11,0.085,0.1,1.0,42069.0,1
270,2016-01-15,0.085,0.1,0.08,0.1,36501.0,0.085,0.0,0.1,0.08,0.1,1.0,36501.0,4
271,2016-01-14,0.078,0.084,0.045,0.084,59702.0,0.078,0.0,0.084,0.045,0.084,1.0,59702.0,3
272,2016-01-13,0.08,0.08,0.08,0.08,10139.0,0.08,0.0,0.08,0.08,0.08,1.0,10139.0,2
273,2016-01-12,0.07,0.092,0.055,0.092,640.0,0.07,0.0,0.092,0.055,0.092,1.0,640.0,1
274,2016-01-11,0.051,0.08900000000000001,0.051,0.08,2061.0,0.051,0.0,0.08900000000000001,0.051,0.08,1.0,2061.0,0
275,2016-01-08,0.045,0.135,0.045,0.135,28570.0,0.045,0.0,0.135,0.045,0.135,1.0,28570.0,4
276,2016-01-07,0.08,0.1,0.045,0.1,89177.0,0.08,0.0,0.1,0.045,0.1,1.0,89177.0,3
277,2016-01-06,0.08,0.1191,0.0382,0.1191,510802.0,0.08,0.0,0.1191,0.0382,0.1191,1.0,510802.0,2
278,2016-01-05,0.1,0.1,0.098,0.098,11798.0,0.1,0.0,0.1,0.098,0.098,1.0,11798.0,1
279,2016-01-04,0.095,0.0954,0.095,0.0954,1201.0,0.095,0.0,0.0954,0.095,0.0954,1.0,1201.0,0
280,2015-12-31,0.0673,0.08,0.06,0.08,8190.0,0.0673,0.0,0.08,0.06,0.08,1.0,8190.0,3
281,2015-12-30,0.0658,0.09,0.06,0.07200000000000001,38913.0,0.0658,0.0,0.09,0.06,0.07200000000000001,1.0,38913.0,2
282,2015-12-29,0.085,0.12,0.07,0.07,146407.0,0.085,0.0,0.12,0.07,0.07,1.0,146407.0,1
283,2015-12-28,0.071,0.071,0.071,0.071,999.0,0.071,0.0,0.071,0.071,0.071,1.0,999.0,0
284,2015-12-24,0.07,0.07,0.07,0.07,22378.0,0.07,0.0,0.07,0.07,0.07,1.0,22378.0,3
285,2015-12-23,0.0714,0.075,0.06,0.071,530433.0,0.0714,0.0,0.075,0.06,0.071,1.0,530433.0,2
286,2015-12-22,0.0675,0.09,0.065,0.09,36500.0,0.0675,0.0,0.09,0.065,0.09,1.0,36500.0,1
287,2015-12-21,0.0716,0.075,0.071,0.075,38000.0,0.0716,0.0,0.075,0.071,0.075,1.0,38000.0,0
288,2015-12-18,0.0758,0.09,0.07,0.07,205050.0,0.0758,0.0,0.09,0.07,0.07,1.0,205050.0,4
289,2015-12-17,0.09,0.0995,0.0711,0.09,15414.0,0.09,0.0,0.0995,0.0711,0.09,1.0,15414.0,3
290,2015-12-16,0.0724,0.1,0.07,0.0999,14100.0,0.0724,0.0,0.1,0.07,0.0999,1.0,14100.0,2
291,2015-12-15,0.1,0.115,0.08,0.0808,24249.0,0.1,0.0,0.115,0.08,0.0808,1.0,24249.0,1
292,2015-12-14,0.1155,0.1155,0.11,0.11,820.0,0.1155,0.0,0.1155,0.11,0.11,1.0,820.0,0
293,2015-12-11,0.09,0.0945,0.09,0.0945,3000.0,0.09,0.0,0.0945,0.09,0.0945,1.0,3000.0,4
294,2015-12-10,0.09,0.1,0.09,0.1,5185.0,0.09,0.0,0.1,0.09,0.1,1.0,5185.0,3
295,2015-12-09,0.096,0.096,0.096,0.096,520.0,0.096,0.0,0.096,0.096,0.096,1.0,520.0,2
296,2015-12-08,0.098,0.098,0.098,0.098,100.0,0.098,0.0,0.098,0.098,0.098,1.0,100.0,1
297,2015-12-07,0.0999,0.105,0.09,0.105,50761.0,0.0999,0.0,0.105,0.09,0.105,1.0,50761.0,0
298,2015-12-04,0.1,0.11,0.059000000000000004,0.079,12701.0,0.1,0.0,0.11,0.059000000000000004,0.079,1.0,12701.0,4
299,2015-12-03,0.114,0.126,0.114,0.126,300.0,0.114,0.0,0.126,0.114,0.126,1.0,300.0,3
300,2015-12-02,0.12,0.141,0.12,0.12,17562.0,0.12,0.0,0.141,0.12,0.12,1.0,17562.0,2
301,2015-12-01,0.1499,0.15,0.1499,0.15,3379.0,0.1499,0.0,0.15,0.1499,0.15,1.0,3379.0,1
302,2015-11-30,0.3,0.3,0.3,0.3,114.0,0.3,0.0,0.3,0.3,0.3,1.0,114.0,0
303,2015-11-27,0.22,0.22,0.22,0.22,75.0,0.22,0.0,0.22,0.22,0.22,1.0,75.0,4
304,2015-11-25,0.22,0.2232,0.1113,0.1313,5151.0,0.22,0.0,0.2232,0.1113,0.1313,1.0,5151.0,2
305,2015-11-24,0.14,0.15,0.14,0.15,7086.0,0.14,0.0,0.15,0.14,0.15,1.0,7086.0,1
306,2015-11-23,0.15,0.2,0.12,0.17,49892.0,0.15,0.0,0.2,0.12,0.17,1.0,49892.0,0
307,2015-11-20,0.18,0.18,0.18,0.18,0.0,0.18,0.0,0.18,0.18,0.18,1.0,0.0,4
308,2015-11-19,0.18,0.18,0.18,0.18,0.0,0.18,0.0,0.18,0.18,0.18,1.0,0.0,3
309,2015-11-18,0.18,0.18,0.18,0.18,400.0,0.18,0.0,0.18,0.18,0.18,1.0,400.0,2
310,2015-11-17,0.18,0.25,0.18,0.25,4101.0,0.18,0.0,0.25,0.18,0.25,1.0,4101.0,1
311,2015-11-16,0.15,0.15,0.15,0.15,100.0,0.15,0.0,0.15,0.15,0.15,1.0,100.0,0
312,2015-11-13,0.19,0.19,0.19,0.19,100.0,0.19,0.0,0.19,0.19,0.19,1.0,100.0,4
313,2015-11-12,0.19,0.19,0.19,0.19,300.0,0.19,0.0,0.19,0.19,0.19,1.0,300.0,3
314,2015-11-11,0.15,0.15,0.15,0.15,0.0,0.15,0.0,0.15,0.15,0.15,1.0,0.0,2
315,2015-11-10,0.15,0.19,0.15,0.15,35988.0,0.15,0.0,0.19,0.15,0.15,1.0,35988.0,1
316,2015-11-09,0.17,0.17,0.17,0.17,404.0,0.17,0.0,0.17,0.17,0.17,1.0,404.0,0
317,2015-11-06,0.17,0.19,0.1601,0.19,24936.0,0.17,0.0,0.19,0.1601,0.19,1.0,24936.0,4
318,2015-11-05,0.17,0.2,0.15,0.2,73309.0,0.17,0.0,0.2,0.15,0.2,1.0,73309.0,3
319,2015-11-04,0.20199999999999999,0.26,0.20199999999999999,0.26,39400.0,0.20199999999999999,0.0,0.26,0.20199999999999999,0.26,1.0,39400.0,2
320,2015-11-03,0.26,0.3,0.26,0.3,11711.0,0.26,0.0,0.3,0.26,0.3,1.0,11711.0,1
321,2015-11-02,0.2,0.2,0.2,0.2,200.0,0.2,0.0,0.2,0.2,0.2,1.0,200.0,0
322,2015-10-30,0.165,0.235,0.15,0.2303,208431.0,0.165,0.0,0.235,0.15,0.2303,1.0,208431.0,4
323,2015-10-29,0.2701,0.2828,0.27,0.28,15700.0,0.2701,0.0,0.2828,0.27,0.28,1.0,15700.0,3
324,2015-10-28,0.25,0.2673,0.1703,0.2673,16809.0,0.25,0.0,0.2673,0.1703,0.2673,1.0,16809.0,2
325,2015-10-27,0.36,0.4055,0.36,0.4001,45931.0,0.36,0.0,0.4055,0.36,0.4001,1.0,45931.0,1
326,2015-10-26,0.41,0.45,0.41,0.41,57106.0,0.41,0.0,0.45,0.41,0.41,1.0,57106.0,0
327,2015-10-23,0.41700000000000004,0.41700000000000004,0.41700000000000004,0.41700000000000004,8023.0,0.41700000000000004,0.0,0.41700000000000004,0.41700000000000004,0.41700000000000004,1.0,8023.0,4
328,2015-10-22,0.4325,0.46,0.4325,0.46,8821.0,0.4325,0.0,0.46,0.4325,0.46,1.0,8821.0,3
329,2015-10-21,0.37,0.37,0.37,0.37,13300.0,0.37,0.0,0.37,0.37,0.37,1.0,13300.0,2
330,2015-10-20,0.35,0.35,0.35,0.35,0.0,0.35,0.0,0.35,0.35,0.35,1.0,0.0,1
331,2015-10-19,0.35,0.35,0.35,0.35,5000.0,0.35,0.0,0.35,0.35,0.35,1.0,5000.0,0
332,2015-10-16,0.35,0.35,0.35,0.35,5000.0,0.35,0.0,0.35,0.35,0.35,1.0,5000.0,4
333,2015-10-15,0.33,0.331,0.33,0.33,11500.0,0.33,0.0,0.331,0.33,0.33,1.0,11500.0,3
334,2015-10-14,0.33,0.35,0.33,0.3499,5679.0,0.33,0.0,0.35,0.33,0.3499,1.0,5679.0,2
335,2015-10-13,0.33,0.33,0.33,0.33,4300.0,0.33,0.0,0.33,0.33,0.33,1.0,4300.0,1
336,2015-10-12,0.3,0.32,0.3,0.32,128000.0,0.3,0.0,0.32,0.3,0.32,1.0,128000.0,0
337,2015-10-09,0.29,0.29,0.29,0.29,0.0,0.29,0.0,0.29,0.29,0.29,1.0,0.0,4
338,2015-10-08,0.29,0.3,0.29,0.3,5000.0,0.29,0.0,0.3,0.29,0.3,1.0,5000.0,3
339,2015-10-07,0.3,0.32,0.3,0.32,5000.0,0.3,0.0,0.32,0.3,0.32,1.0,5000.0,2
340,2015-10-06,0.32,0.33,0.32,0.3201,5300.0,0.32,0.0,0.33,0.32,0.3201,1.0,5300.0,1
341,2015-10-05,0.32,0.32,0.3,0.3,15400.0,0.32,0.0,0.32,0.3,0.3,1.0,15400.0,0
342,2015-10-02,0.3,0.3,0.2999,0.3,22849.0,0.3,0.0,0.3,0.2999,0.3,1.0,22849.0,4
343,2015-10-01,0.3,0.3,0.3,0.3,200.0,0.3,0.0,0.3,0.3,0.3,1.0,200.0,3
344,2015-09-30,0.3,0.3,0.3,0.3,200.0,0.3,0.0,0.3,0.3,0.3,1.0,200.0,2
345,2015-09-29,0.3,0.3145,0.25,0.3055,7951.0,0.3,0.0,0.3145,0.25,0.3055,1.0,7951.0,1
346,2015-09-28,0.3,0.33,0.2801,0.33,5653.0,0.3,0.0,0.33,0.2801,0.33,1.0,5653.0,0
347,2015-09-25,0.3625,0.3625,0.3239,0.3239,25103.0,0.3625,0.0,0.3625,0.3239,0.3239,1.0,25103.0,4
348,2015-09-24,0.3,0.3,0.3,0.3,11100.0,0.3,0.0,0.3,0.3,0.3,1.0,11100.0,3
349,2015-09-23,0.33,0.34,0.3,0.34,18600.0,0.33,0.0,0.34,0.3,0.34,1.0,18600.0,2
350,2015-09-22,0.3,0.36,0.253,0.3,22100.0,0.3,0.0,0.36,0.253,0.3,1.0,22100.0,1
351,2015-09-21,0.325,0.3252,0.2501,0.2501,2430.0,0.325,0.0,0.3252,0.2501,0.2501,1.0,2430.0,0
352,2015-09-18,0.3665,0.3865,0.3563,0.3563,22900.0,0.3665,0.0,0.3865,0.3563,0.3563,1.0,22900.0,4
353,2015-09-17,0.33,0.33,0.3,0.33,13700.0,0.33,0.0,0.33,0.3,0.33,1.0,13700.0,3
354,2015-09-16,0.33,0.33,0.3299,0.3299,200.0,0.33,0.0,0.33,0.3299,0.3299,1.0,200.0,2
355,2015-09-15,0.31,0.3299,0.3001,0.3299,4950.0,0.31,0.0,0.3299,0.3001,0.3299,1.0,4950.0,1
356,2015-09-14,0.36,0.36,0.18,0.18,11245.0,0.36,0.0,0.36,0.18,0.18,1.0,11245.0,0
357,2015-09-11,0.3665,0.3665,0.3665,0.3665,0.0,0.3665,0.0,0.3665,0.3665,0.3665,1.0,0.0,4
358,2015-09-10,0.3665,0.3665,0.3665,0.3665,0.0,0.3665,0.0,0.3665,0.3665,0.3665,1.0,0.0,3
359,2015-09-09,0.3665,0.3665,0.3665,0.3665,0.0,0.3665,0.0,0.3665,0.3665,0.3665,1.0,0.0,2
360,2015-09-08,0.3665,0.3665,0.3665,0.3665,0.0,0.3665,0.0,0.3665,0.3665,0.3665,1.0,0.0,1
361,2015-09-04,0.3665,0.3665,0.3665,0.3665,0.0,0.3665,0.0,0.3665,0.3665,0.3665,1.0,0.0,4
362,2015-09-03,0.3665,0.3665,0.3665,0.3665,0.0,0.3665,0.0,0.3665,0.3665,0.3665,1.0,0.0,3
363,2015-09-02,0.3665,0.3665,0.3,0.359,5412.0,0.3665,0.0,0.3665,0.3,0.359,1.0,5412.0,2
364,2015-09-01,0.3,0.3,0.3,0.3,0.0,0.3,0.0,0.3,0.3,0.3,1.0,0.0,1
365,2015-08-31,0.3,0.3,0.3,0.3,100.0,0.3,0.0,0.3,0.3,0.3,1.0,100.0,0
366,2015-08-28,0.25,0.25,0.25,0.25,2500.0,0.25,0.0,0.25,0.25,0.25,1.0,2500.0,4
367,2015-08-27,0.25,0.25,0.25,0.25,2589.0,0.25,0.0,0.25,0.25,0.25,1.0,2589.0,3
368,2015-08-26,0.25,0.25,0.25,0.25,0.0,0.25,0.0,0.25,0.25,0.25,1.0,0.0,2
369,2015-08-25,0.25,0.25,0.25,0.25,0.0,0.25,0.0,0.25,0.25,0.25,1.0,0.0,1
370,2015-08-24,0.25,0.25,0.24,0.24,7500.0,0.25,0.0,0.25,0.24,0.24,1.0,7500.0,0
371,2015-08-21,0.185,0.25,0.185,0.24100000000000002,9635.0,0.185,0.0,0.25,0.185,0.24100000000000002,1.0,9635.0,4
372,2015-08-20,0.25,0.25,0.21,0.21,8000.0,0.25,0.0,0.25,0.21,0.21,1.0,8000.0,3
373,2015-08-19,0.24,0.25,0.21,0.21,4300.0,0.24,0.0,0.25,0.21,0.21,1.0,4300.0,2
374,2015-08-18,0.3,0.3,0.3,0.3,0.0,0.3,0.0,0.3,0.3,0.3,1.0,0.0,1
375,2015-08-17,0.3,0.4,0.21,0.21,110125.0,0.3,0.0,0.4,0.21,0.21,1.0,110125.0,0
376,2015-08-14,0.29,0.4,0.24,0.4,7517.0,0.29,0.0,0.4,0.24,0.4,1.0,7517.0,4
377,2015-08-13,0.4,0.4,0.4,0.4,0.0,0.4,0.0,0.4,0.4,0.4,1.0,0.0,3
378,2015-08-12,0.4,0.4,0.4,0.4,0.0,0.4,0.0,0.4,0.4,0.4,1.0,0.0,2
379,2015-08-11,0.4,0.4,0.4,0.4,12895.0,0.4,0.0,0.4,0.4,0.4,1.0,12895.0,1
380,2015-08-10,0.3,0.3,0.3,0.3,12895.0,0.3,0.0,0.3,0.3,0.3,1.0,12895.0,0
381,2015-08-07,0.3,0.3,0.3,0.3,0.0,0.3,0.0,0.3,0.3,0.3,1.0,0.0,4
382,2015-08-06,0.3,0.32,0.3,0.32,21000.0,0.3,0.0,0.32,0.3,0.32,1.0,21000.0,3
383,2015-08-05,0.33,0.38,0.33,0.38,11401.0,0.33,0.0,0.38,0.33,0.38,1.0,11401.0,2
384,2015-08-04,0.4,0.5,0.4,0.5,30300.0,0.4,0.0,0.5,0.4,0.5,1.0,30300.0,1
385,2015-08-03,0.35,0.35,0.35,0.35,10000.0,0.35,0.0,0.35,0.35,0.35,1.0,10000.0,0
386,2015-07-31,0.41,0.4399,0.3,0.35,149201.0,0.41,0.0,0.4399,0.3,0.35,1.0,149201.0,4
387,2015-07-30,0.226,0.26,0.226,0.26,13779.0,0.226,0.0,0.26,0.226,0.26,1.0,13779.0,3
388,2015-07-29,0.32,0.37,0.27,0.37,5527.0,0.32,0.0,0.37,0.27,0.37,1.0,5527.0,2
389,2015-07-28,0.41,0.42,0.41,0.42,400.0,0.41,0.0,0.42,0.41,0.42,1.0,400.0,1
390,2015-07-27,0.4,0.4,0.4,0.4,2000.0,0.4,0.0,0.4,0.4,0.4,1.0,2000.0,0
391,2015-07-24,0.4,0.4357,0.4,0.4357,6128.0,0.4,0.0,0.4357,0.4,0.4357,1.0,6128.0,4
392,2015-07-23,0.415,0.415,0.415,0.415,1300.0,0.415,0.0,0.415,0.415,0.415,1.0,1300.0,3
393,2015-07-22,0.46,0.46,0.4,0.4,3100.0,0.46,0.0,0.46,0.4,0.4,1.0,3100.0,2
394,2015-07-21,0.45,0.45,0.45,0.45,0.0,0.45,0.0,0.45,0.45,0.45,1.0,0.0,1
395,2015-07-20,0.45,0.45,0.45,0.45,0.0,0.45,0.0,0.45,0.45,0.45,1.0,0.0,0
396,2015-07-17,0.45,0.45,0.4,0.4,603.0,0.45,0.0,0.45,0.4,0.4,1.0,603.0,4
397,2015-07-16,0.405,0.42,0.4,0.42,11750.0,0.405,0.0,0.42,0.4,0.42,1.0,11750.0,3
398,2015-07-15,0.42,0.42,0.42,0.42,0.0,0.42,0.0,0.42,0.42,0.42,1.0,0.0,2
399,2015-07-14,0.42,0.43,0.42,0.43,1300.0,0.42,0.0,0.43,0.42,0.43,1.0,1300.0,1
400,2015-07-13,0.57,0.57,0.57,0.57,0.0,0.57,0.0,0.57,0.57,0.57,1.0,0.0,0
401,2015-07-10,0.57,0.57,0.55,0.55,9006.0,0.57,0.0,0.57,0.55,0.55,1.0,9006.0,4
402,2015-07-09,0.5,0.5,0.5,0.5,100.0,0.5,0.0,0.5,0.5,0.5,1.0,100.0,3
403,2015-07-08,0.4,0.4,0.4,0.4,0.0,0.4,0.0,0.4,0.4,0.4,1.0,0.0,2
404,2015-07-07,0.4,0.49,0.37,0.49,28887.0,0.4,0.0,0.49,0.37,0.49,1.0,28887.0,1
405,2015-07-06,0.48,0.525,0.48,0.49,8500.0,0.48,0.0,0.525,0.48,0.49,1.0,8500.0,0
406,2015-07-02,0.54,0.54,0.54,0.54,0.0,0.54,0.0,0.54,0.54,0.54,1.0,0.0,3
407,2015-07-01,0.54,0.54,0.54,0.54,900.0,0.54,0.0,0.54,0.54,0.54,1.0,900.0,2
408,2015-06-30,0.58,0.58,0.54,0.54,2700.0,0.58,0.0,0.58,0.54,0.54,1.0,2700.0,1
409,2015-06-29,0.51,0.53,0.51,0.52,5633.0,0.51,0.0,0.53,0.51,0.52,1.0,5633.0,0
410,2015-06-26,0.52,0.55,0.51,0.55,35800.0,0.52,0.0,0.55,0.51,0.55,1.0,35800.0,4
411,2015-06-25,0.66,0.66,0.66,0.66,0.0,0.66,0.0,0.66,0.66,0.66,1.0,0.0,3
412,2015-06-24,0.66,0.66,0.55,0.65,15901.0,0.66,0.0,0.66,0.55,0.65,1.0,15901.0,2
413,2015-06-23,0.6,0.7,0.6,0.6099,10810.0,0.6,0.0,0.7,0.6,0.6099,1.0,10810.0,1
414,2015-06-22,0.525,0.5255,0.51,0.52,6700.0,0.525,0.0,0.5255,0.51,0.52,1.0,6700.0,0
415,2015-06-19,0.52,0.52,0.52,0.52,0.0,0.52,0.0,0.52,0.52,0.52,1.0,0.0,4
416,2015-06-18,0.52,0.55,0.51,0.55,9564.0,0.52,0.0,0.55,0.51,0.55,1.0,9564.0,3
417,2015-06-17,0.55,0.55,0.55,0.55,150.0,0.55,0.0,0.55,0.55,0.55,1.0,150.0,2
418,2015-06-16,0.55,0.55,0.55,0.55,0.0,0.55,0.0,0.55,0.55,0.55,1.0,0.0,1
419,2015-06-15,0.55,0.55,0.55,0.55,49443.0,0.55,0.0,0.55,0.55,0.55,1.0,49443.0,0
420,2015-06-12,0.55,0.55,0.55,0.55,0.0,0.55,0.0,0.55,0.55,0.55,1.0,0.0,4
421,2015-06-11,0.55,0.55,0.55,0.55,0.0,0.55,0.0,0.55,0.55,0.55,1.0,0.0,3
422,2015-06-10,0.55,0.55,0.55,0.55,0.0,0.55,0.0,0.55,0.55,0.55,1.0,0.0,2
423,2015-06-09,0.55,0.57,0.55,0.56,1300.0,0.55,0.0,0.57,0.55,0.56,1.0,1300.0,1
424,2015-06-08,0.62,0.62,0.62,0.62,0.0,0.62,0.0,0.62,0.62,0.62,1.0,0.0,0
425,2015-06-05,0.62,0.62,0.62,0.62,0.0,0.62,0.0,0.62,0.62,0.62,1.0,0.0,4
426,2015-06-04,0.62,0.62,0.62,0.62,0.0,0.62,0.0,0.62,0.62,0.62,1.0,0.0,3
427,2015-06-03,0.62,0.62,0.62,0.62,0.0,0.62,0.0,0.62,0.62,0.62,1.0,0.0,2
428,2015-06-02,0.62,0.62,0.62,0.62,0.0,0.62,0.0,0.62,0.62,0.62,1.0,0.0,1
429,2015-06-01,0.62,0.63,0.61,0.61,5100.0,0.62,0.0,0.63,0.61,0.61,1.0,5100.0,0
430,2015-05-29,0.6,0.61,0.6,0.61,200.0,0.6,0.0,0.61,0.6,0.61,1.0,200.0,4
431,2015-05-28,0.53,0.53,0.53,0.53,3700.0,0.53,0.0,0.53,0.53,0.53,1.0,3700.0,3
432,2015-05-27,0.6,0.7,0.56,0.63,1600.0,0.6,0.0,0.7,0.56,0.63,1.0,1600.0,2
433,2015-05-26,0.56,0.56,0.56,0.56,0.0,0.56,0.0,0.56,0.56,0.56,1.0,0.0,1
434,2015-05-22,0.56,0.56,0.56,0.56,1000.0,0.56,0.0,0.56,0.56,0.56,1.0,1000.0,4
435,2015-05-21,0.56,0.56,0.56,0.56,342.0,0.56,0.0,0.56,0.56,0.56,1.0,342.0,3
436,2015-05-20,0.56,0.56,0.56,0.56,0.0,0.56,0.0,0.56,0.56,0.56,1.0,0.0,2
437,2015-05-19,0.56,0.56,0.53,0.53,3200.0,0.56,0.0,0.56,0.53,0.53,1.0,3200.0,1
438,2015-05-18,0.59,0.66,0.52,0.66,23501.0,0.59,0.0,0.66,0.52,0.66,1.0,23501.0,0
439,2015-05-15,0.67,0.67,0.67,0.67,0.0,0.67,0.0,0.67,0.67,0.67,1.0,0.0,4
440,2015-05-14,0.67,0.67,0.67,0.67,0.0,0.67,0.0,0.67,0.67,0.67,1.0,0.0,3
441,2015-05-13,0.67,0.67,0.67,0.67,100.0,0.67,0.0,0.67,0.67,0.67,1.0,100.0,2
442,2015-05-12,0.67,0.67,0.67,0.67,2800.0,0.67,0.0,0.67,0.67,0.67,1.0,2800.0,1
443,2015-05-11,0.71,0.71,0.71,0.71,0.0,0.71,0.0,0.71,0.71,0.71,1.0,0.0,0
444,2015-05-08,0.71,0.71,0.71,0.71,0.0,0.71,0.0,0.71,0.71,0.71,1.0,0.0,4
445,2015-05-07,0.71,0.71,0.71,0.71,7699.0,0.71,0.0,0.71,0.71,0.71,1.0,7699.0,3
446,2015-05-06,0.75,0.75,0.75,0.75,26000.0,0.75,0.0,0.75,0.75,0.75,1.0,26000.0,2
447,2015-05-05,0.7537,0.7537,0.7537,0.7537,1801.0,0.7537,0.0,0.7537,0.7537,0.7537,1.0,1801.0,1
448,2015-05-04,0.73,0.73,0.73,0.73,400.0,0.73,0.0,0.73,0.73,0.73,1.0,400.0,0
449,2015-05-01,0.865,0.865,0.865,0.865,1.0,0.865,0.0,0.865,0.865,0.865,1.0,1.0,4
450,2015-04-30,0.865,0.865,0.865,0.865,0.0,0.865,0.0,0.865,0.865,0.865,1.0,0.0,3
451,2015-04-29,0.865,0.865,0.865,0.865,0.0,0.865,0.0,0.865,0.865,0.865,1.0,0.0,2
452,2015-04-28,0.865,0.865,0.865,0.865,0.0,0.865,0.0,0.865,0.865,0.865,1.0,0.0,1
453,2015-04-27,0.865,0.865,0.865,0.865,0.0,0.865,0.0,0.865,0.865,0.865,1.0,0.0,0
454,2015-04-24,0.865,0.865,0.85,0.85,10000.0,0.865,0.0,0.865,0.85,0.85,1.0,10000.0,4
455,2015-04-23,0.8,0.8,0.8,0.8,0.0,0.8,0.0,0.8,0.8,0.8,1.0,0.0,3
456,2015-04-22,0.8,0.8,0.8,0.8,0.0,0.8,0.0,0.8,0.8,0.8,1.0,0.0,2
457,2015-04-21,0.8,0.8,0.8,0.8,21000.0,0.8,0.0,0.8,0.8,0.8,1.0,21000.0,1
458,2015-04-20,0.725,0.7501,0.725,0.7501,3700.0,0.725,0.0,0.7501,0.725,0.7501,1.0,3700.0,0
459,2015-04-17,0.8,0.8,0.8,0.8,0.0,0.8,0.0,0.8,0.8,0.8,1.0,0.0,4
460,2015-04-16,0.8,0.8,0.8,0.8,0.0,0.8,0.0,0.8,0.8,0.8,1.0,0.0,3
461,2015-04-15,0.8,0.83,0.8,0.83,1300.0,0.8,0.0,0.83,0.8,0.83,1.0,1300.0,2
462,2015-04-14,0.8299,0.95,0.7,0.75,215133.0,0.8299,0.0,0.95,0.7,0.75,1.0,215133.0,1
463,2015-04-13,0.85,0.85,0.75,0.75,25850.0,0.85,0.0,0.85,0.75,0.75,1.0,25850.0,0
464,2015-04-10,0.75,0.75,0.75,0.75,12100.0,0.75,0.0,0.75,0.75,0.75,1.0,12100.0,4
465,2015-04-09,0.75,0.75,0.75,0.75,3400.0,0.75,0.0,0.75,0.75,0.75,1.0,3400.0,3
466,2015-04-08,0.611,0.611,0.611,0.611,0.0,0.611,0.0,0.611,0.611,0.611,1.0,0.0,2
467,2015-04-07,0.611,0.611,0.611,0.611,0.0,0.611,0.0,0.611,0.611,0.611,1.0,0.0,1
468,2015-04-06,0.611,0.611,0.61,0.61,4000.0,0.611,0.0,0.611,0.61,0.61,1.0,4000.0,0
469,2015-04-02,0.6201,0.65,0.6201,0.65,1100.0,0.6201,0.0,0.65,0.6201,0.65,1.0,1100.0,3
470,2015-04-01,0.65,0.65,0.65,0.65,250.0,0.65,0.0,0.65,0.65,0.65,1.0,250.0,2
471,2015-03-31,0.79,0.79,0.79,0.79,100.0,0.79,0.0,0.79,0.79,0.79,1.0,100.0,1
472,2015-03-30,0.71,0.71,0.71,0.71,3425.0,0.71,0.0,0.71,0.71,0.71,1.0,3425.0,0
473,2015-03-27,0.68,0.68,0.68,0.68,0.0,0.68,0.0,0.68,0.68,0.68,1.0,0.0,4
474,2015-03-26,0.68,0.68,0.68,0.68,2000.0,0.68,0.0,0.68,0.68,0.68,1.0,2000.0,3
475,2015-03-25,0.7235,0.7235,0.69,0.72,3038.0,0.7235,0.0,0.7235,0.69,0.72,1.0,3038.0,2
476,2015-03-24,0.71,0.71,0.71,0.71,0.0,0.71,0.0,0.71,0.71,0.71,1.0,0.0,1
477,2015-03-23,0.71,0.71,0.7,0.7001,6400.0,0.71,0.0,0.71,0.7,0.7001,1.0,6400.0,0
478,2015-03-20,0.74,0.74,0.74,0.74,0.0,0.74,0.0,0.74,0.74,0.74,1.0,0.0,4
479,2015-03-19,0.74,0.74,0.74,0.74,0.0,0.74,0.0,0.74,0.74,0.74,1.0,0.0,3
480,2015-03-18,0.74,0.74,0.74,0.74,0.0,0.74,0.0,0.74,0.74,0.74,1.0,0.0,2
481,2015-03-17,0.74,0.75,0.74,0.75,750.0,0.74,0.0,0.75,0.74,0.75,1.0,750.0,1
482,2015-03-16,0.74,0.7567,0.74,0.7567,2100.0,0.74,0.0,0.7567,0.74,0.7567,1.0,2100.0,0
483,2015-03-13,0.7762,0.7762,0.7762,0.7762,200.0,0.7762,0.0,0.7762,0.7762,0.7762,1.0,200.0,4
484,2015-03-12,0.84,0.84,0.84,0.84,400.0,0.84,0.0,0.84,0.84,0.84,1.0,400.0,3
485,2015-03-11,0.87,0.87,0.87,0.87,0.0,0.87,0.0,0.87,0.87,0.87,1.0,0.0,2
486,2015-03-10,0.87,0.87,0.76,0.85,12700.0,0.87,0.0,0.87,0.76,0.85,1.0,12700.0,1
487,2015-03-09,0.8498,0.85,0.8498,0.85,11401.0,0.8498,0.0,0.85,0.8498,0.85,1.0,11401.0,0
488,2015-03-06,0.89,0.9,0.89,0.9,2002.0,0.89,0.0,0.9,0.89,0.9,1.0,2002.0,4
489,2015-03-05,0.855,0.855,0.855,0.855,1000.0,0.855,0.0,0.855,0.855,0.855,1.0,1000.0,3
490,2015-03-04,0.9285,0.9285,0.9285,0.9285,0.0,0.9285,0.0,0.9285,0.9285,0.9285,1.0,0.0,2
491,2015-03-03,0.9285,0.9285,0.9285,0.9285,250.0,0.9285,0.0,0.9285,0.9285,0.9285,1.0,250.0,1
492,2015-03-02,0.8843,0.8843,0.8843,0.8843,0.0,0.8843,0.0,0.8843,0.8843,0.8843,1.0,0.0,0
493,2015-02-27,0.8843,0.8843,0.8843,0.8843,0.0,0.8843,0.0,0.8843,0.8843,0.8843,1.0,0.0,4
494,2015-02-26,0.8843,0.89,0.74,0.8401,28751.0,0.8843,0.0,0.89,0.74,0.8401,1.0,28751.0,3
495,2015-02-25,0.9299,0.93,0.851,0.93,138278.0,0.9299,0.0,0.93,0.851,0.93,1.0,138278.0,2
496,2015-02-24,1.02,1.02,1.02,1.02,0.0,1.02,0.0,1.02,1.02,1.02,1.0,0.0,1
497,2015-02-23,1.02,1.1,1.02,1.04,20600.0,1.02,0.0,1.1,1.02,1.04,1.0,20600.0,0
498,2015-02-20,1.07,1.07,1.07,1.07,200.0,1.07,0.0,1.07,1.07,1.07,1.0,200.0,4
499,2015-02-19,1.08,1.08,1.08,1.08,100.0,1.08,0.0,1.08,1.08,1.08,1.0,100.0,3
500,2015-02-18,1.05,1.05,1.05,1.05,10000.0,1.05,0.0,1.05,1.05,1.05,1.0,10000.0,2
501,2015-02-17,0.98,0.98,0.98,0.98,0.0,0.98,0.0,0.98,0.98,0.98,1.0,0.0,1
502,2015-02-13,0.98,0.98,0.98,0.98,1300.0,0.98,0.0,0.98,0.98,0.98,1.0,1300.0,4
503,2015-02-12,1.01,1.01,1.01,1.01,300.0,1.01,0.0,1.01,1.01,1.01,1.0,300.0,3
504,2015-02-11,1.02,1.02,1.02,1.02,10000.0,1.02,0.0,1.02,1.02,1.02,1.0,10000.0,2
505,2015-02-10,1.02,1.02,0.95,0.985,800.0,1.02,0.0,1.02,0.95,0.985,1.0,800.0,1
506,2015-02-09,1.05,1.05,1.0436,1.05,15100.0,1.05,0.0,1.05,1.0436,1.05,1.0,15100.0,0
507,2015-02-06,1.0038,1.0038,1.0038,1.0038,0.0,1.0038,0.0,1.0038,1.0038,1.0038,1.0,0.0,4
508,2015-02-05,1.0038,1.0038,1.0038,1.0038,0.0,1.0038,0.0,1.0038,1.0038,1.0038,1.0,0.0,3
509,2015-02-04,1.0038,1.09,1.0038,1.04,2025.0,1.0038,0.0,1.09,1.0038,1.04,1.0,2025.0,2
510,2015-02-03,0.99,1.04,0.99,1.04,2300.0,0.99,0.0,1.04,0.99,1.04,1.0,2300.0,1
511,2015-02-02,1.01,1.02,0.95,1.02,6000.0,1.01,0.0,1.02,0.95,1.02,1.0,6000.0,0
512,2015-01-30,1.01,1.04,0.99,1.04,2100.0,1.01,0.0,1.04,0.99,1.04,1.0,2100.0,4
513,2015-01-29,1.05,1.06,1.05,1.06,200.0,1.05,0.0,1.06,1.05,1.06,1.0,200.0,3
514,2015-01-28,1.02,1.02,1.02,1.02,650.0,1.02,0.0,1.02,1.02,1.02,1.0,650.0,2
515,2015-01-27,0.9999,1.06,0.9999,1.0201,4700.0,0.9999,0.0,1.06,0.9999,1.0201,1.0,4700.0,1
516,2015-01-26,1.01,1.01,1.01,1.01,100.0,1.01,0.0,1.01,1.01,1.01,1.0,100.0,0
517,2015-01-23,1.1,1.1,0.98,1.02,5800.0,1.1,0.0,1.1,0.98,1.02,1.0,5800.0,4
518,2015-01-22,1.04,1.04,1.04,1.04,100.0,1.04,0.0,1.04,1.04,1.04,1.0,100.0,3
519,2015-01-21,1.06,1.08,0.95,1.06,11800.0,1.06,0.0,1.08,0.95,1.06,1.0,11800.0,2
520,2015-01-20,1.09,1.14,1.04,1.13,11400.0,1.09,0.0,1.14,1.04,1.13,1.0,11400.0,1
521,2015-01-16,1.09,1.1001,0.86,1.1001,66795.0,1.09,0.0,1.1001,0.86,1.1001,1.0,66795.0,4
522,2015-01-15,1.17,1.24,1.14,1.22,2400.0,1.17,0.0,1.24,1.14,1.22,1.0,2400.0,3
523,2015-01-14,1.2399,1.24,1.2399,1.24,1095.0,1.2399,0.0,1.24,1.2399,1.24,1.0,1095.0,2
524,2015-01-13,1.268,1.268,1.268,1.268,160.0,1.268,0.0,1.268,1.268,1.268,1.0,160.0,1
525,2015-01-12,1.2501,1.28,1.2,1.2,4000.0,1.2501,0.0,1.28,1.2,1.2,1.0,4000.0,0
526,2015-01-09,1.2,1.28,1.2,1.2,1300.0,1.2,0.0,1.28,1.2,1.2,1.0,1300.0,4
527,2015-01-07,1.27,1.27,1.27,1.27,100.0,1.27,0.0,1.27,1.27,1.27,1.0,100.0,2
528,2015-01-06,1.27,1.27,1.27,1.27,100.0,1.27,0.0,1.27,1.27,1.27,1.0,100.0,1
529,2015-01-05,1.31,1.31,1.28,1.3,3400.0,1.31,0.0,1.31,1.28,1.3,1.0,3400.0,0
530,2015-01-02,1.26,1.26,1.19,1.19,1300.0,1.26,0.0,1.26,1.19,1.19,1.0,1300.0,4
531,2014-12-31,1.28,1.29,1.18,1.23,24800.0,1.28,0.0,1.29,1.18,1.23,1.0,24800.0,2
532,2014-12-30,1.2632,1.3,1.19,1.19,26400.0,1.2632,0.0,1.3,1.19,1.19,1.0,26400.0,1
533,2014-12-29,1.22,1.29,1.17,1.26,27748.0,1.22,0.0,1.29,1.17,1.26,1.0,27748.0,0
534,2014-12-26,1.36,1.36,1.22,1.26,2000.0,1.36,0.0,1.36,1.22,1.26,1.0,2000.0,4
535,2014-12-24,1.3,1.36,1.26,1.36,7700.0,1.3,0.0,1.36,1.26,1.36,1.0,7700.0,2
536,2014-12-23,1.3,1.35,1.25,1.25,18000.0,1.3,0.0,1.35,1.25,1.25,1.0,18000.0,1
537,2014-12-22,1.29,1.65,1.25,1.65,10810.0,1.29,0.0,1.65,1.25,1.65,1.0,10810.0,0
538,2014-12-19,1.31,1.395,1.12,1.12,53948.0,1.31,0.0,1.395,1.12,1.12,1.0,53948.0,4
539,2014-12-18,1.25,1.25,1.1,1.1,65100.0,1.25,0.0,1.25,1.1,1.1,1.0,65100.0,3
540,2014-12-17,1.13,1.13,1.09,1.11,4701.0,1.13,0.0,1.13,1.09,1.11,1.0,4701.0,2
541,2014-12-16,1.15,1.15,1.15,1.15,200.0,1.15,0.0,1.15,1.15,1.15,1.0,200.0,1
542,2014-12-15,1.19,1.19,1.19,1.19,100.0,1.19,0.0,1.19,1.19,1.19,1.0,100.0,0
543,2014-12-12,1.2,1.2,1.2,1.2,0.0,1.2,0.0,1.2,1.2,1.2,1.0,0.0,4
544,2014-12-11,1.2,1.2,1.08,1.15,21800.0,1.2,0.0,1.2,1.08,1.15,1.0,21800.0,3
545,2014-12-10,1.21,1.25,1.19,1.19,4083.0,1.21,0.0,1.25,1.19,1.19,1.0,4083.0,2
546,2014-12-09,1.24,1.24,1.19,1.19,5300.0,1.24,0.0,1.24,1.19,1.19,1.0,5300.0,1
547,2014-12-08,1.15,1.15,1.13,1.15,300.0,1.15,0.0,1.15,1.13,1.15,1.0,300.0,0
548,2014-12-05,1.195,1.22,1.12,1.12,2100.0,1.195,0.0,1.22,1.12,1.12,1.0,2100.0,4
549,2014-12-04,1.14,1.14,1.14,1.14,100.0,1.14,0.0,1.14,1.14,1.14,1.0,100.0,3
550,2014-12-03,1.12,1.15,0.86,0.9620000000000001,61000.0,1.12,0.0,1.15,0.86,0.9620000000000001,1.0,61000.0,2
551,2014-12-02,1.2,1.2,1.2,1.2,200.0,1.2,0.0,1.2,1.2,1.2,1.0,200.0,1
552,2014-12-01,1.13,1.13,1.13,1.13,200.0,1.13,0.0,1.13,1.13,1.13,1.0,200.0,0
553,2014-11-28,1.1,1.15,0.96,1.1488,10000.0,1.1,0.0,1.15,0.96,1.1488,1.0,10000.0,4
554,2014-11-26,1.14,1.14,1.03,1.03,12700.0,1.14,0.0,1.14,1.03,1.03,1.0,12700.0,2
555,2014-11-25,1.062,1.0999,1.0201,1.05,9613.0,1.062,0.0,1.0999,1.0201,1.05,1.0,9613.0,1
556,2014-11-24,0.98,1.0,0.98,1.0,33000.0,0.98,0.0,1.0,0.98,1.0,1.0,33000.0,0
557,2014-11-21,1.1,1.1,1.1,1.1,200.0,1.1,0.0,1.1,1.1,1.1,1.0,200.0,4
558,2014-11-20,1.1,1.1,1.1,1.1,300.0,1.1,0.0,1.1,1.1,1.1,1.0,300.0,3
559,2014-11-19,1.01,1.1,0.9848,1.03,60300.0,1.01,0.0,1.1,0.9848,1.03,1.0,60300.0,2
560,2014-11-18,1.1,1.14,1.03,1.05,1400.0,1.1,0.0,1.14,1.03,1.05,1.0,1400.0,1
561,2014-11-17,1.14,1.14,1.03,1.1,14600.0,1.14,0.0,1.14,1.03,1.1,1.0,14600.0,0
562,2014-11-14,1.07,1.09,1.01,1.05,32709.0,1.07,0.0,1.09,1.01,1.05,1.0,32709.0,4
563,2014-11-13,1.1,1.1,1.02,1.0846,249542.0,1.1,0.0,1.1,1.02,1.0846,1.0,249542.0,3
564,2014-11-12,1.1,1.1,1.02,1.1,10600.0,1.1,0.0,1.1,1.02,1.1,1.0,10600.0,2
565,2014-11-11,1.12,1.15,1.04,1.15,56800.0,1.12,0.0,1.15,1.04,1.15,1.0,56800.0,1
566,2014-11-10,1.18,1.18,1.0,1.13,30302.0,1.18,0.0,1.18,1.0,1.13,1.0,30302.0,0
567,2014-11-07,1.19,1.2,1.1,1.1,25300.0,1.19,0.0,1.2,1.1,1.1,1.0,25300.0,4
568,2014-11-06,1.2099,1.21,1.2099,1.21,5100.0,1.2099,0.0,1.21,1.2099,1.21,1.0,5100.0,3
569,2014-11-05,1.2,1.2,1.15,1.2,4816.0,1.2,0.0,1.2,1.15,1.2,1.0,4816.0,2
570,2014-11-04,1.2,1.2,1.2,1.2,200.0,1.2,0.0,1.2,1.2,1.2,1.0,200.0,1
571,2014-11-03,1.15,1.15,1.15,1.15,100.0,1.15,0.0,1.15,1.15,1.15,1.0,100.0,0
572,2014-10-31,1.18,1.22,1.15,1.16,27200.0,1.18,0.0,1.22,1.15,1.16,1.0,27200.0,4
573,2014-10-30,1.18,1.18,1.18,1.18,0.0,1.18,0.0,1.18,1.18,1.18,1.0,0.0,3
574,2014-10-29,1.18,1.18,1.15,1.18,1200.0,1.18,0.0,1.18,1.15,1.18,1.0,1200.0,2
575,2014-10-28,1.16,1.19,1.13,1.14,4400.0,1.16,0.0,1.19,1.13,1.14,1.0,4400.0,1
576,2014-10-27,1.11,1.15,1.11,1.15,11084.0,1.11,0.0,1.15,1.11,1.15,1.0,11084.0,0
577,2014-10-24,1.15,1.16,1.12,1.12,56059.0,1.15,0.0,1.16,1.12,1.12,1.0,56059.0,4
578,2014-10-23,1.16,1.16,1.05,1.05,3200.0,1.16,0.0,1.16,1.05,1.05,1.0,3200.0,3
579,2014-10-22,1.16,1.18,1.12,1.14,700.0,1.16,0.0,1.18,1.12,1.14,1.0,700.0,2
580,2014-10-21,1.242,1.25,1.15,1.15,5700.0,1.242,0.0,1.25,1.15,1.15,1.0,5700.0,1
581,2014-10-20,1.19,1.19,1.1,1.15,4200.0,1.19,0.0,1.19,1.1,1.15,1.0,4200.0,0
582,2014-10-17,1.165,1.165,1.12,1.12,1200.0,1.165,0.0,1.165,1.12,1.12,1.0,1200.0,4
583,2014-10-16,1.15,1.15,0.9999,0.9999,108400.0,1.15,0.0,1.15,0.9999,0.9999,1.0,108400.0,3
584,2014-10-15,1.18,1.18,1.0401,1.1,5900.0,1.18,0.0,1.18,1.0401,1.1,1.0,5900.0,2
585,2014-10-14,1.15,1.15,1.14,1.15,1500.0,1.15,0.0,1.15,1.14,1.15,1.0,1500.0,1
586,2014-10-13,1.15,1.15,1.1,1.1,5300.0,1.15,0.0,1.15,1.1,1.1,1.0,5300.0,0
587,2014-10-10,1.18,1.18,1.18,1.18,200.0,1.18,0.0,1.18,1.18,1.18,1.0,200.0,4
588,2014-10-09,1.18,1.2,1.02,1.2,59736.0,1.18,0.0,1.2,1.02,1.2,1.0,59736.0,3
589,2014-10-08,1.3,1.38,0.86,1.38,303536.0,1.3,0.0,1.38,0.86,1.38,1.0,303536.0,2
590,2014-10-06,1.5,1.52,1.4140000000000001,1.52,1700.0,1.5,0.0,1.52,1.4140000000000001,1.52,1.0,1700.0,0
591,2014-10-03,1.45,1.48,1.3399,1.48,95013.0,1.45,0.0,1.48,1.3399,1.48,1.0,95013.0,4
592,2014-10-02,1.4,1.52,1.35,1.45,44101.0,1.4,0.0,1.52,1.35,1.45,1.0,44101.0,3
593,2014-10-01,1.6,1.68,1.5,1.68,10302.0,1.6,0.0,1.68,1.5,1.68,1.0,10302.0,2
594,2014-09-30,1.64,1.69,1.41,1.69,19000.0,1.64,0.0,1.69,1.41,1.69,1.0,19000.0,1
595,2014-09-29,1.72,1.72,1.72,1.72,1000.0,1.72,0.0,1.72,1.72,1.72,1.0,1000.0,0
596,2014-09-26,1.72,1.72,1.72,1.72,300.0,1.72,0.0,1.72,1.72,1.72,1.0,300.0,4
597,2014-09-25,1.74,1.74,1.72,1.72,200.0,1.74,0.0,1.74,1.72,1.72,1.0,200.0,3
598,2014-09-24,1.68,1.7,1.6,1.7,6200.0,1.68,0.0,1.7,1.6,1.7,1.0,6200.0,2
