,Unnamed: 0,adj_close,adj_high,adj_low,adj_open,adj_volume,close,ex_dividend,high,low,open,split_ratio,volume,Day of Week,Day
0,2017-02-07,41.0,41.0,41.0,41.0,10.0,41.0,0.0,41.0,41.0,41.0,1.0,10.0,1,07
1,2017-02-03,41.0,41.0,41.0,41.0,11.0,41.0,0.0,41.0,41.0,41.0,1.0,11.0,4,03
2,2017-02-02,41.0,41.0,41.0,41.0,31.0,41.0,0.0,41.0,41.0,41.0,1.0,31.0,3,02
3,2017-02-01,41.0,41.0,41.0,41.0,52.0,41.0,0.0,41.0,41.0,41.0,1.0,52.0,2,01
4,2017-01-26,41.0,41.0,41.0,41.0,16.0,41.0,0.0,41.0,41.0,41.0,1.0,16.0,3,26
5,2017-01-25,41.0,41.0,41.0,41.0,1.0,41.0,0.0,41.0,41.0,41.0,1.0,1.0,2,25
6,2017-01-06,41.0,41.0,41.0,41.0,124.0,41.0,0.0,41.0,41.0,41.0,1.0,124.0,4,06
7,2017-01-05,41.0,41.0,41.0,41.0,48.0,41.0,0.0,41.0,41.0,41.0,1.0,48.0,3,05
8,2017-01-04,41.0,41.0,41.0,41.0,42.0,41.0,0.0,41.0,41.0,41.0,1.0,42.0,2,04
9,2017-01-03,41.0,41.0,41.0,41.0,8.0,41.0,0.0,41.0,41.0,41.0,1.0,8.0,1,03
10,2016-12-30,41.0,41.0,41.0,41.0,170.0,41.0,0.0,41.0,41.0,41.0,1.0,170.0,4,30
11,2016-12-21,41.0,41.0,41.0,41.0,1.0,41.0,0.0,41.0,41.0,41.0,1.0,1.0,2,21
12,2016-12-19,41.0,41.0,41.0,41.0,44.0,41.0,0.0,41.0,41.0,41.0,1.0,44.0,0,19
13,2016-12-07,41.0,41.0,41.0,41.0,229.0,41.0,0.0,41.0,41.0,41.0,1.0,229.0,2,07
