,Unnamed: 0,adj_close,adj_high,adj_low,adj_open,adj_volume,close,ex_dividend,high,low,open,split_ratio,volume,Day of Week,Day
0,2017-02-10,48.62,48.895,48.325,48.55,97498.0,48.62,0.0,48.895,48.325,48.55,1.0,97498.0,4,10
1,2017-02-09,48.65,48.68,48.01,48.01,131909.0,48.65,0.0,48.68,48.01,48.01,1.0,131909.0,3,09
2,2017-02-08,47.92,48.035,47.55,48.0,114376.0,47.92,0.0,48.035,47.55,48.0,1.0,114376.0,2,08
3,2017-02-07,47.91,48.5,47.575,48.5,314356.0,47.91,0.0,48.5,47.575,48.5,1.0,314356.0,1,07
4,2017-02-06,48.38,48.61,48.0,48.56,132026.0,48.38,0.0,48.61,48.0,48.56,1.0,132026.0,0,06
5,2017-02-03,48.7,48.95,47.28,48.66,132702.0,48.7,0.0,48.95,47.28,48.66,1.0,132702.0,4,03
6,2017-02-02,48.4,49.33,47.79,48.53,252584.0,48.4,0.0,49.33,47.79,48.53,1.0,252584.0,3,02
7,2017-02-01,48.48,48.56,48.07,48.11,197538.0,48.48,0.0,48.56,48.07,48.11,1.0,197538.0,2,01
8,2017-01-31,48.105,48.16,46.985,47.28,219293.0,48.105,0.0,48.16,46.985,47.28,1.0,219293.0,1,31
9,2017-01-30,47.37,48.22,47.15,47.7,202422.0,47.37,0.0,48.22,47.15,47.7,1.0,202422.0,0,30
10,2017-01-27,47.96,48.1,47.23,47.76,169085.0,47.96,0.0,48.1,47.23,47.76,1.0,169085.0,4,27
11,2017-01-26,47.59,48.12,47.03,48.12,282576.0,47.59,0.0,48.12,47.03,48.12,1.0,282576.0,3,26
12,2017-01-25,48.11,48.13,46.91,47.18,135105.0,48.11,0.0,48.13,46.91,47.18,1.0,135105.0,2,25
13,2017-01-24,47.14,47.17,46.45,46.79,156041.0,47.14,0.0,47.17,46.45,46.79,1.0,156041.0,1,24
14,2017-01-23,46.62,47.03,46.39,46.83,270652.0,46.62,0.0,47.03,46.39,46.83,1.0,270652.0,0,23
15,2017-01-20,47.04,47.11,46.43,47.11,208529.0,47.04,0.0,47.11,46.43,47.11,1.0,208529.0,4,20
16,2017-01-19,47.0,47.72,46.8,47.72,180719.0,47.0,0.0,47.72,46.8,47.72,1.0,180719.0,3,19
17,2017-01-18,47.68,47.79,46.861,47.69,314613.0,47.68,0.0,47.79,46.861,47.69,1.0,314613.0,2,18
18,2017-01-17,47.64,47.9,46.89,47.45,137939.0,47.64,0.0,47.9,46.89,47.45,1.0,137939.0,1,17
19,2017-01-13,47.38,47.9,47.0,47.63,104654.0,47.38,0.0,47.9,47.0,47.63,1.0,104654.0,4,13
20,2017-01-12,47.33,47.3599,46.34,46.76,168082.0,47.33,0.0,47.3599,46.34,46.76,1.0,168082.0,3,12
21,2017-01-11,46.87,47.21,46.28,46.7,147831.0,46.87,0.0,47.21,46.28,46.7,1.0,147831.0,2,11
22,2017-01-10,46.56,46.64,45.93,46.24,340516.0,46.56,0.0,46.64,45.93,46.24,1.0,340516.0,1,10
23,2017-01-09,46.07,46.23,45.35,45.71,302878.0,46.07,0.0,46.23,45.35,45.71,1.0,302878.0,0,09
24,2017-01-06,45.82,46.04,45.52,46.0,496045.0,45.82,0.0,46.04,45.52,46.0,1.0,496045.0,4,06
25,2017-01-05,45.79,46.4,45.25,45.39,575100.0,45.79,0.0,46.4,45.25,45.39,1.0,575100.0,3,05
26,2017-01-04,45.49,45.87,45.07,45.21,276980.0,45.49,0.0,45.87,45.07,45.21,1.0,276980.0,2,04
27,2017-01-03,45.32,45.37,44.7167,45.23,102436.0,45.32,0.0,45.37,44.7167,45.23,1.0,102436.0,1,03
28,2016-12-30,44.97,45.42,44.86,45.17,144825.0,44.97,0.0,45.42,44.86,45.17,1.0,144825.0,4,30
29,2016-12-29,45.34,46.43,44.58,45.04,195881.0,45.34,0.0,46.43,44.58,45.04,1.0,195881.0,3,29
30,2016-12-28,45.03,45.52,44.8,45.39,161142.0,45.03,0.0,45.52,44.8,45.39,1.0,161142.0,2,28
31,2016-12-27,45.34,46.28,45.27,45.67,98944.0,45.34,0.0,46.28,45.27,45.67,1.0,98944.0,1,27
32,2016-12-23,45.55,45.59,44.83,44.83,106946.0,45.55,0.0,45.59,44.83,44.83,1.0,106946.0,4,23
33,2016-12-22,44.88,45.76,44.62,45.74,265746.0,44.88,0.0,45.76,44.62,45.74,1.0,265746.0,3,22
34,2016-12-21,45.58,46.35,45.28,46.35,185115.0,45.58,0.0,46.35,45.28,46.35,1.0,185115.0,2,21
35,2016-12-20,46.49,47.36,46.26,47.02,201487.0,46.49,0.0,47.36,46.26,47.02,1.0,201487.0,1,20
36,2016-12-19,46.69,47.01,46.51,46.64,194875.0,46.69,0.0,47.01,46.51,46.64,1.0,194875.0,0,19
37,2016-12-16,46.72,46.93,45.75,45.75,1226809.0,46.72,0.0,46.93,45.75,45.75,1.0,1226809.0,4,16
38,2016-12-15,45.56,45.67,44.86,44.86,263552.0,45.56,0.0,45.67,44.86,44.86,1.0,263552.0,3,15
39,2016-12-14,45.0,45.69,44.64,45.32,254046.0,45.0,0.0,45.69,44.64,45.32,1.0,254046.0,2,14
40,2016-12-13,45.22,46.52,45.17,45.75,290882.0,45.22,0.0,46.52,45.17,45.75,1.0,290882.0,1,13
41,2016-12-12,45.4,45.96,45.0,45.15,342974.0,45.4,0.0,45.96,45.0,45.15,1.0,342974.0,0,12
42,2016-12-09,45.42,46.07,45.05,45.53,201552.0,45.42,0.0,46.07,45.05,45.53,1.0,201552.0,4,09
43,2016-12-08,45.6,45.67,44.655,44.83,295923.0,45.6,0.0,45.67,44.655,44.83,1.0,295923.0,3,08
44,2016-12-07,45.08,45.4508,44.69,45.0,309387.0,45.08,0.0,45.4508,44.69,45.0,1.0,309387.0,2,07
45,2016-12-06,45.24,45.55,44.82,44.82,291875.0,45.24,0.0,45.55,44.82,44.82,1.0,291875.0,1,06
46,2016-12-05,45.04,46.27,44.94,45.8,341848.0,45.04,0.0,46.27,44.94,45.8,1.0,341848.0,0,05
47,2016-12-02,45.39,45.88,44.56,44.99,426340.0,45.39,0.0,45.88,44.56,44.99,1.0,426340.0,4,02
48,2016-12-01,45.02,45.3,44.6,44.6,1002669.0,45.02,0.0,45.3,44.6,44.6,1.0,1002669.0,3,01
49,2016-11-30,44.27,45.385,44.21,44.9,300369.0,44.27,0.0,45.385,44.21,44.9,1.0,300369.0,2,30
50,2016-11-29,44.96,45.45,44.48,45.06,432657.0,44.96,0.0,45.45,44.48,45.06,1.0,432657.0,1,29
51,2016-11-28,44.87,45.97,44.74,45.8,335544.0,44.87,0.0,45.97,44.74,45.8,1.0,335544.0,0,28
52,2016-11-25,45.49,45.81,43.805,44.33,373395.0,45.49,0.0,45.81,43.805,44.33,1.0,373395.0,4,25
53,2016-11-23,44.02,44.29,43.1,43.1,339085.0,44.02,0.0,44.29,43.1,43.1,1.0,339085.0,2,23
54,2016-11-22,43.18,44.1,42.97,43.4,606276.0,43.18,0.0,44.1,42.97,43.4,1.0,606276.0,1,22
55,2016-11-21,43.32,43.49,42.98,43.25,242376.0,43.32,0.0,43.49,42.98,43.25,1.0,242376.0,0,21
56,2016-11-18,43.07,43.6,42.76,43.41,222763.0,43.07,0.0,43.6,42.76,43.41,1.0,222763.0,4,18
57,2016-11-17,43.24,43.43,42.37,43.09,460994.0,43.24,0.0,43.43,42.37,43.09,1.0,460994.0,3,17
58,2016-11-16,42.75,42.99,41.86,41.86,688841.0,42.75,0.0,42.99,41.86,41.86,1.0,688841.0,2,16
59,2016-11-15,42.03,42.24,40.835,41.64,633407.0,42.03,0.0,42.24,40.835,41.64,1.0,633407.0,1,15
60,2016-11-14,41.35,42.215,41.17,41.89,450727.0,41.35,0.0,42.215,41.17,41.89,1.0,450727.0,0,14
61,2016-11-11,41.7,42.79,41.49,42.12,414629.0,41.7,0.0,42.79,41.49,42.12,1.0,414629.0,4,11
62,2016-11-10,42.06,43.525,41.775,42.86,779361.0,42.06,0.0,43.525,41.775,42.86,1.0,779361.0,3,10
63,2016-11-09,42.44,44.03,41.64,42.95,639750.0,42.44,0.0,44.03,41.64,42.95,1.0,639750.0,2,09
64,2016-11-08,43.35,44.5,43.33,44.45,862344.0,43.35,0.0,44.5,43.33,44.45,1.0,862344.0,1,08
65,2016-11-07,44.44,46.4,44.13,45.49,663913.0,44.44,0.0,46.4,44.13,45.49,1.0,663913.0,0,07
66,2016-11-04,44.79,48.23,44.76,45.29,525721.0,44.79,0.0,48.23,44.76,45.29,1.0,525721.0,4,04
67,2016-11-03,45.08,47.97,44.94,47.72,1157277.0,45.08,0.0,47.97,44.94,47.72,1.0,1157277.0,3,03
68,2016-11-02,48.0,51.75,45.28,45.28,2210169.0,48.0,0.0,51.75,45.28,45.28,1.0,2210169.0,2,02
69,2016-11-01,56.27,56.98,55.835,56.95,233052.0,56.27,0.0,56.98,55.835,56.95,1.0,233052.0,1,01
70,2016-10-31,56.68,58.885,55.62,56.52,329041.0,56.68,0.0,58.885,55.62,56.52,1.0,329041.0,0,31
71,2016-10-28,56.61,57.08,55.84,56.73,289192.0,56.61,0.0,57.08,55.84,56.73,1.0,289192.0,4,28
72,2016-10-27,56.79,57.76,56.52,57.76,316763.0,56.79,0.0,57.76,56.52,57.76,1.0,316763.0,3,27
73,2016-10-26,57.55,58.0,56.82,57.51,309157.0,57.55,0.0,58.0,56.82,57.51,1.0,309157.0,2,26
74,2016-10-25,57.59,57.79,57.0,57.51,226964.0,57.59,0.0,57.79,57.0,57.51,1.0,226964.0,1,25
75,2016-10-24,57.54,57.75,56.14,56.88,211471.0,57.54,0.0,57.75,56.14,56.88,1.0,211471.0,0,24
76,2016-10-21,56.43,56.54,55.652,56.22,111123.0,56.43,0.0,56.54,55.652,56.22,1.0,111123.0,4,21
77,2016-10-20,56.37,56.64,55.68,55.74,147267.0,56.37,0.0,56.64,55.68,55.74,1.0,147267.0,3,20
78,2016-10-19,56.18,56.86,56.07,56.86,101464.0,56.18,0.0,56.86,56.07,56.86,1.0,101464.0,2,19
79,2016-10-18,56.87,57.2,56.46,56.82,178674.0,56.87,0.0,57.2,56.46,56.82,1.0,178674.0,1,18
80,2016-10-17,56.62,56.97,56.375,56.48,279055.0,56.62,0.0,56.97,56.375,56.48,1.0,279055.0,0,17
81,2016-10-14,56.45,57.71,56.34,57.71,204317.0,56.45,0.0,57.71,56.34,57.71,1.0,204317.0,4,14
82,2016-10-13,57.39,57.88,56.7001,57.1,339511.0,57.39,0.0,57.88,56.7001,57.1,1.0,339511.0,3,13
83,2016-10-12,57.48,58.115,57.31,57.5,172481.0,57.48,0.0,58.115,57.31,57.5,1.0,172481.0,2,12
84,2016-10-11,57.665,60.99,57.39,58.12,344048.0,57.665,0.0,60.99,57.39,58.12,1.0,344048.0,1,11
85,2016-10-10,58.46,59.47,58.36,58.74,221930.0,58.46,0.0,59.47,58.36,58.74,1.0,221930.0,0,10
86,2016-10-07,58.36,58.92,58.02,58.57,220319.0,58.36,0.0,58.92,58.02,58.57,1.0,220319.0,4,07
87,2016-10-06,58.6,59.84,58.51,59.84,183670.0,58.6,0.0,59.84,58.51,59.84,1.0,183670.0,3,06
88,2016-10-05,59.85,60.92,59.76,60.4,168631.0,59.85,0.0,60.92,59.76,60.4,1.0,168631.0,2,05
89,2016-10-04,60.27,60.87,59.93,60.31,272536.0,60.27,0.0,60.87,59.93,60.31,1.0,272536.0,1,04
90,2016-10-03,60.44,60.65,59.86,59.98,252252.0,60.44,0.0,60.65,59.86,59.98,1.0,252252.0,0,03
91,2016-09-30,60.11,60.35,59.81,60.0,413377.0,60.11,0.0,60.35,59.81,60.0,1.0,413377.0,4,30
92,2016-09-29,59.97,60.68,59.895,60.68,388680.0,59.97,0.0,60.68,59.895,60.68,1.0,388680.0,3,29
93,2016-09-28,60.97,61.32,60.59,60.85,363943.0,60.97,0.0,61.32,60.59,60.85,1.0,363943.0,2,28
94,2016-09-27,60.98,61.3,60.64,60.64,205150.0,60.98,0.0,61.3,60.64,60.64,1.0,205150.0,1,27
95,2016-09-26,60.74,61.29,60.0,61.01,410160.0,60.74,0.0,61.29,60.0,61.01,1.0,410160.0,0,26
96,2016-09-23,61.03,61.45,60.43,61.3,281798.0,61.03,0.0,61.45,60.43,61.3,1.0,281798.0,4,23
97,2016-09-22,61.66,62.06,60.53,60.57,371388.0,61.66,0.0,62.06,60.53,60.57,1.0,371388.0,3,22
98,2016-09-21,61.46,61.65,60.01,60.99,520442.0,61.46,0.0,61.65,60.01,60.99,1.0,520442.0,2,21
99,2016-09-20,60.75,61.2,59.8,60.16,526448.0,60.75,0.0,61.2,59.8,60.16,1.0,526448.0,1,20
100,2016-09-19,60.31,60.8099,59.49,59.74,447975.0,60.31,0.0,60.8099,59.49,59.74,1.0,447975.0,0,19
101,2016-09-16,59.79,60.19,59.29,59.29,458430.0,59.79,0.0,60.19,59.29,59.29,1.0,458430.0,4,16
102,2016-09-15,59.66,59.77,59.18,59.6,172548.0,59.66,0.0,59.77,59.18,59.6,1.0,172548.0,3,15
103,2016-09-14,59.58,60.05,59.11,59.62,277273.0,59.58,0.0,60.05,59.11,59.62,1.0,277273.0,2,14
104,2016-09-13,59.84,60.07,59.12,59.46,368239.0,59.84,0.0,60.07,59.12,59.46,1.0,368239.0,1,13
105,2016-09-12,59.91,60.08,58.6,59.0,278504.0,59.91,0.0,60.08,58.6,59.0,1.0,278504.0,0,12
106,2016-09-09,59.17,60.29,59.15,60.09,238216.0,59.17,0.0,60.29,59.15,60.09,1.0,238216.0,4,09
107,2016-09-08,60.62,60.9,59.82,60.16,232337.0,60.62,0.0,60.9,59.82,60.16,1.0,232337.0,3,08
108,2016-09-07,60.52,61.491,59.95,60.54,304309.0,60.52,0.0,61.491,59.95,60.54,1.0,304309.0,2,07
109,2016-09-06,60.67,61.09,60.0,60.3,434492.0,60.67,0.0,61.09,60.0,60.3,1.0,434492.0,1,06
110,2016-09-02,60.95,61.02,59.9,60.02,130506.0,60.95,0.0,61.02,59.9,60.02,1.0,130506.0,4,02
111,2016-09-01,60.21,60.3,59.02,59.59,230457.0,60.21,0.0,60.3,59.02,59.59,1.0,230457.0,3,01
112,2016-08-31,60.02,60.47,59.56,59.83,210291.0,60.02,0.0,60.47,59.56,59.83,1.0,210291.0,2,31
113,2016-08-30,60.16,60.7525,59.81,60.4,233946.0,60.16,0.0,60.7525,59.81,60.4,1.0,233946.0,1,30
114,2016-08-29,60.65,61.29,60.3301,60.46,171667.0,60.65,0.0,61.29,60.3301,60.46,1.0,171667.0,0,29
115,2016-08-26,60.61,60.885,59.86,60.04,152488.0,60.61,0.0,60.885,59.86,60.04,1.0,152488.0,4,26
116,2016-08-25,60.19,60.43,59.464,59.86,178317.0,60.19,0.0,60.43,59.464,59.86,1.0,178317.0,3,25
117,2016-08-24,60.04,62.69,59.94,61.19,165949.0,60.04,0.0,62.69,59.94,61.19,1.0,165949.0,2,24
118,2016-08-23,61.46,61.63,60.9701,61.44,217852.0,61.46,0.0,61.63,60.9701,61.44,1.0,217852.0,1,23
119,2016-08-22,61.5,62.265,61.21,61.9,248936.0,61.5,0.0,62.265,61.21,61.9,1.0,248936.0,0,22
120,2016-08-19,61.57,62.4,61.47,62.28,331975.0,61.57,0.0,62.4,61.47,62.28,1.0,331975.0,4,19
121,2016-08-18,62.65,62.9,62.16,62.46,325503.0,62.65,0.0,62.9,62.16,62.46,1.0,325503.0,3,18
122,2016-08-17,62.52,62.89,62.2,62.52,240681.0,62.52,0.0,62.89,62.2,62.52,1.0,240681.0,2,17
123,2016-08-16,62.52,62.74,62.15,62.7,283320.0,62.52,0.0,62.74,62.15,62.7,1.0,283320.0,1,16
124,2016-08-15,62.7,63.065,62.0599,62.8,440443.0,62.7,0.0,63.065,62.0599,62.8,1.0,440443.0,0,15
125,2016-08-12,62.81,63.21,59.96,60.57,791790.0,62.81,0.0,63.21,59.96,60.57,1.0,791790.0,4,12
126,2016-08-11,60.71,61.25,59.3,59.73,359755.0,60.71,0.0,61.25,59.3,59.73,1.0,359755.0,3,11
127,2016-08-10,60.0,60.35,59.76,60.35,253894.0,60.0,0.0,60.35,59.76,60.35,1.0,253894.0,2,10
128,2016-08-09,60.53,61.2,59.255,60.22,245777.0,60.53,0.0,61.2,59.255,60.22,1.0,245777.0,1,09
129,2016-08-08,60.5,61.91,60.19,61.0,563068.0,60.5,0.0,61.91,60.19,61.0,1.0,563068.0,0,08
130,2016-08-05,61.0,62.5,60.92,62.16,816979.0,61.0,0.0,62.5,60.92,62.16,1.0,816979.0,4,05
131,2016-08-04,62.56,63.13,60.84,60.84,524507.0,62.56,0.0,63.13,60.84,60.84,1.0,524507.0,3,04
132,2016-08-03,61.16,62.49,56.63,57.0,1725581.0,61.16,0.0,62.49,56.63,57.0,1.0,1725581.0,2,03
133,2016-08-02,54.44,55.91,54.3,55.32,454925.0,54.44,0.0,55.91,54.3,55.32,1.0,454925.0,1,02
134,2016-08-01,55.35,55.48,52.09,52.27,1025696.0,55.35,0.0,55.48,52.09,52.27,1.0,1025696.0,0,01
135,2016-07-29,52.05,52.34,51.54,51.79,328410.0,52.05,0.0,52.34,51.54,51.79,1.0,328410.0,4,29
136,2016-07-28,51.7,51.99,51.3753,51.41,210139.0,51.7,0.0,51.99,51.3753,51.41,1.0,210139.0,3,28
137,2016-07-27,51.26,51.48,50.91,51.0,410564.0,51.26,0.0,51.48,50.91,51.0,1.0,410564.0,2,27
138,2016-07-26,51.0,51.25,49.66,50.99,311864.0,51.0,0.0,51.25,49.66,50.99,1.0,311864.0,1,26
139,2016-07-25,50.95,50.99,50.44,50.51,255684.0,50.95,0.0,50.99,50.44,50.51,1.0,255684.0,0,25
140,2016-07-22,50.5,50.7,50.35,50.49,244973.0,50.5,0.0,50.7,50.35,50.49,1.0,244973.0,4,22
141,2016-07-21,50.58,51.18,50.34,50.59,299213.0,50.58,0.0,51.18,50.34,50.59,1.0,299213.0,3,21
142,2016-07-20,50.78,50.89,50.15,50.32,361204.0,50.78,0.0,50.89,50.15,50.32,1.0,361204.0,2,20
143,2016-07-19,50.3,50.38,49.27,49.36,456895.0,50.3,0.0,50.38,49.27,49.36,1.0,456895.0,1,19
144,2016-07-18,49.65,50.17,49.32,50.12,413550.0,49.65,0.0,50.17,49.32,50.12,1.0,413550.0,0,18
145,2016-07-15,50.19,50.63,50.11,50.57,270882.0,50.19,0.0,50.63,50.11,50.57,1.0,270882.0,4,15
146,2016-07-14,50.25,52.48,49.9,50.99,349759.0,50.25,0.0,52.48,49.9,50.99,1.0,349759.0,3,14
147,2016-07-13,50.89,51.4,50.41,51.08,643374.0,50.89,0.0,51.4,50.41,51.08,1.0,643374.0,2,13
148,2016-07-12,51.16,51.88,51.04,51.66,340369.0,51.16,0.0,51.88,51.04,51.66,1.0,340369.0,1,12
149,2016-07-11,51.55,52.03,51.03,51.23,403746.0,51.55,0.0,52.03,51.03,51.23,1.0,403746.0,0,11
150,2016-07-08,50.94,51.16,49.98,50.34,325196.0,50.94,0.0,51.16,49.98,50.34,1.0,325196.0,4,08
151,2016-07-07,49.95,50.7,49.55,50.62,487849.0,49.95,0.0,50.7,49.55,50.62,1.0,487849.0,3,07
152,2016-07-06,50.44,50.61,49.75,50.25,500989.0,50.44,0.0,50.61,49.75,50.25,1.0,500989.0,2,06
153,2016-07-05,50.75,51.06,49.99,50.7,352688.0,50.75,0.0,51.06,49.99,50.7,1.0,352688.0,1,05
154,2016-07-01,50.68,50.78,50.1,50.3,255078.0,50.68,0.0,50.78,50.1,50.3,1.0,255078.0,4,01
155,2016-06-30,50.23,50.34,48.31,48.83,912440.0,50.23,0.0,50.34,48.31,48.83,1.0,912440.0,3,30
156,2016-06-29,48.69,49.51,48.62,49.31,465446.0,48.69,0.0,49.51,48.62,49.31,1.0,465446.0,2,29
157,2016-06-28,48.86,49.33,47.91,47.91,1179137.0,48.86,0.0,49.33,47.91,47.91,1.0,1179137.0,1,28
158,2016-06-27,47.91,48.1,47.3301,48.01,836861.0,47.91,0.0,48.1,47.3301,48.01,1.0,836861.0,0,27
159,2016-06-24,48.14,48.52,47.26,47.5,5582541.0,48.14,0.0,48.52,47.26,47.5,1.0,5582541.0,4,24
160,2016-06-23,49.38,49.57,48.15,48.23,992527.0,49.38,0.0,49.57,48.15,48.23,1.0,992527.0,3,23
161,2016-06-22,48.12,48.58,47.63,48.4,691646.0,48.12,0.0,48.58,47.63,48.4,1.0,691646.0,2,22
162,2016-06-21,48.46,49.835,47.73,49.61,559798.0,48.46,0.0,49.835,47.73,49.61,1.0,559798.0,1,21
163,2016-06-20,49.9,50.34,49.07,49.23,605811.0,49.9,0.0,50.34,49.07,49.23,1.0,605811.0,0,20
164,2016-06-17,49.0,49.05,48.1,48.11,569233.0,49.0,0.0,49.05,48.1,48.11,1.0,569233.0,4,17
165,2016-06-16,48.18,48.21,47.38,47.7,495469.0,48.18,0.0,48.21,47.38,47.7,1.0,495469.0,3,16
166,2016-06-15,48.19,49.74,47.65,48.52,667820.0,48.19,0.0,49.74,47.65,48.52,1.0,667820.0,2,15
167,2016-06-14,48.485,49.24,47.755,48.95,1174045.0,48.485,0.0,49.24,47.755,48.95,1.0,1174045.0,1,14
168,2016-06-13,48.79,48.96,47.855,48.54,458139.0,48.79,0.0,48.96,47.855,48.54,1.0,458139.0,0,13
169,2016-06-10,48.43,49.94,48.38,49.23,340680.0,48.43,0.0,49.94,48.38,49.23,1.0,340680.0,4,10
170,2016-06-09,49.39,50.01,49.11,49.47,406188.0,49.39,0.0,50.01,49.11,49.47,1.0,406188.0,3,09
171,2016-06-08,49.7,49.96,49.03,49.49,689152.0,49.7,0.0,49.96,49.03,49.49,1.0,689152.0,2,08
172,2016-06-07,49.1,49.8,48.85,49.31,360878.0,49.1,0.0,49.8,48.85,49.31,1.0,360878.0,1,07
173,2016-06-06,49.47,49.55,48.03,48.76,871238.0,49.47,0.0,49.55,48.03,48.76,1.0,871238.0,0,06
174,2016-06-03,48.88,49.27,48.34,49.15,529914.0,48.88,0.0,49.27,48.34,49.15,1.0,529914.0,4,03
175,2016-06-02,49.38,49.68,48.95,48.99,688842.0,49.38,0.0,49.68,48.95,48.99,1.0,688842.0,3,02
176,2016-06-01,49.02,49.44,48.55,48.55,372286.0,49.02,0.0,49.44,48.55,48.55,1.0,372286.0,2,01
177,2016-05-31,48.81,49.75,48.61,48.91,253545.0,48.81,0.0,49.75,48.61,48.91,1.0,253545.0,1,31
178,2016-05-27,49.27,49.9,47.675,48.6,372326.0,49.27,0.0,49.9,47.675,48.6,1.0,372326.0,4,27
179,2016-05-26,48.8,49.63,48.61,48.61,172238.0,48.8,0.0,49.63,48.61,48.61,1.0,172238.0,3,26
180,2016-05-25,48.76,50.24,48.66,49.87,352325.0,48.76,0.0,50.24,48.66,49.87,1.0,352325.0,2,25
181,2016-05-24,49.88,50.24,48.28,49.46,344125.0,49.88,0.0,50.24,48.28,49.46,1.0,344125.0,1,24
182,2016-05-23,49.39,50.593,48.0,48.75,717736.0,49.39,0.0,50.593,48.0,48.75,1.0,717736.0,0,23
183,2016-05-20,49.06,49.39,48.19,48.44,240989.0,49.06,0.0,49.39,48.19,48.44,1.0,240989.0,4,20
184,2016-05-19,48.12,48.475,47.23,47.23,397380.0,48.12,0.0,48.475,47.23,47.23,1.0,397380.0,3,19
185,2016-05-18,47.65,48.62,47.4932,47.71,369481.0,47.65,0.0,48.62,47.4932,47.71,1.0,369481.0,2,18
186,2016-05-17,47.88,48.78,47.67,48.26,485872.0,47.88,0.0,48.78,47.67,48.26,1.0,485872.0,1,17
187,2016-05-16,48.54,49.16,48.12,48.19,479312.0,48.54,0.0,49.16,48.12,48.19,1.0,479312.0,0,16
188,2016-05-13,48.31,49.44,47.73,49.44,492125.0,48.31,0.0,49.44,47.73,49.44,1.0,492125.0,4,13
189,2016-05-12,48.0,48.27,46.91,47.18,742726.0,48.0,0.0,48.27,46.91,47.18,1.0,742726.0,3,12
190,2016-05-11,47.07,49.22,46.92,48.04,459341.0,47.07,0.0,49.22,46.92,48.04,1.0,459341.0,2,11
191,2016-05-10,47.86,48.4,46.7925,48.4,659284.0,47.86,0.0,48.4,46.7925,48.4,1.0,659284.0,1,10
192,2016-05-09,48.51,51.19,46.8,50.76,711625.0,48.51,0.0,51.19,46.8,50.76,1.0,711625.0,0,09
193,2016-05-06,50.73,51.88,50.57,51.38,435313.0,50.73,0.0,51.88,50.57,51.38,1.0,435313.0,4,06
194,2016-05-05,51.3,52.37,50.73,51.87,684620.0,51.3,0.0,52.37,50.73,51.87,1.0,684620.0,3,05
195,2016-05-04,52.06,52.99,51.15,52.85,599442.0,52.06,0.0,52.99,51.15,52.85,1.0,599442.0,2,04
196,2016-05-03,53.18,53.8,52.35,53.62,200515.0,53.18,0.0,53.8,52.35,53.62,1.0,200515.0,1,03
197,2016-05-02,54.21,54.33,52.6,53.03,297216.0,54.21,0.0,54.33,52.6,53.03,1.0,297216.0,0,02
198,2016-04-29,52.73,53.5,52.47,53.5,277653.0,52.73,0.0,53.5,52.47,53.5,1.0,277653.0,4,29
199,2016-04-28,53.56,54.64,53.46,54.64,276261.0,53.56,0.0,54.64,53.46,54.64,1.0,276261.0,3,28
200,2016-04-27,54.62,54.82,54.0,54.29,291029.0,54.62,0.0,54.82,54.0,54.29,1.0,291029.0,2,27
201,2016-04-26,54.64,54.85,54.04,54.54,186621.0,54.64,0.0,54.85,54.04,54.54,1.0,186621.0,1,26
202,2016-04-25,54.45,54.695,53.98,54.67,229013.0,54.45,0.0,54.695,53.98,54.67,1.0,229013.0,0,25
203,2016-04-22,54.9,55.24,54.6101,54.86,181524.0,54.9,0.0,55.24,54.6101,54.86,1.0,181524.0,4,22
204,2016-04-21,54.79,55.17,54.74,54.74,244745.0,54.79,0.0,55.17,54.74,54.74,1.0,244745.0,3,21
205,2016-04-20,54.64,55.18,54.09,54.71,233845.0,54.64,0.0,55.18,54.09,54.71,1.0,233845.0,2,20
206,2016-04-19,54.51,55.015,54.43,54.64,170101.0,54.51,0.0,55.015,54.43,54.64,1.0,170101.0,1,19
207,2016-04-18,54.75,55.13,54.5001,54.94,170327.0,54.75,0.0,55.13,54.5001,54.94,1.0,170327.0,0,18
208,2016-04-15,54.9,55.19,53.94,54.26,332990.0,54.9,0.0,55.19,53.94,54.26,1.0,332990.0,4,15
209,2016-04-14,54.25,54.37,53.38,53.56,269051.0,54.25,0.0,54.37,53.38,53.56,1.0,269051.0,3,14
210,2016-04-13,53.7,53.97,52.41,52.68,183820.0,53.7,0.0,53.97,52.41,52.68,1.0,183820.0,2,13
211,2016-04-12,52.51,52.84,51.81,51.81,166587.0,52.51,0.0,52.84,51.81,51.81,1.0,166587.0,1,12
212,2016-04-11,52.01,52.83,51.73,52.38,235173.0,52.01,0.0,52.83,51.73,52.38,1.0,235173.0,0,11
213,2016-04-08,52.04,53.22,51.92,52.93,220110.0,52.04,0.0,53.22,51.92,52.93,1.0,220110.0,4,08
214,2016-04-07,52.48,53.48,52.1263,52.24,455542.0,52.48,0.0,53.48,52.1263,52.24,1.0,455542.0,3,07
215,2016-04-06,52.27,52.38,51.04,51.16,380915.0,52.27,0.0,52.38,51.04,51.16,1.0,380915.0,2,06
216,2016-04-05,51.11,51.66,49.29,49.5,864756.0,51.11,0.0,51.66,49.29,49.5,1.0,864756.0,1,05
217,2016-04-04,49.62,53.73,49.45,53.0,1028200.0,49.62,0.0,53.73,49.45,53.0,1.0,1028200.0,0,04
218,2016-04-01,53.36,53.965,52.8,53.68,434083.0,53.36,0.0,53.965,52.8,53.68,1.0,434083.0,4,01
219,2016-03-31,53.98,54.8599,53.29,53.65,620940.0,53.98,0.0,54.8599,53.29,53.65,1.0,620940.0,3,31
220,2016-03-30,53.57,54.42,53.18,53.19,314775.0,53.57,0.0,54.42,53.18,53.19,1.0,314775.0,2,30
221,2016-03-29,53.5,53.905,52.705,52.79,669141.0,53.5,0.0,53.905,52.705,52.79,1.0,669141.0,1,29
222,2016-03-28,52.99,53.72,52.9,53.56,148528.0,52.99,0.0,53.72,52.9,53.56,1.0,148528.0,0,28
223,2016-03-24,53.52,54.24,52.82,53.27,190240.0,53.52,0.0,54.24,52.82,53.27,1.0,190240.0,3,24
224,2016-03-23,53.69,54.23,52.71,53.41,332316.0,53.69,0.0,54.23,52.71,53.41,1.0,332316.0,2,23
225,2016-03-22,53.6,54.97,52.68,54.49,376599.0,53.6,0.0,54.97,52.68,54.49,1.0,376599.0,1,22
226,2016-03-21,54.9,55.36,53.92,54.26,189192.0,54.9,0.0,55.36,53.92,54.26,1.0,189192.0,0,21
227,2016-03-18,54.19,54.96,53.55,54.95,746275.0,54.19,0.0,54.96,53.55,54.95,1.0,746275.0,4,18
228,2016-03-17,55.14,56.945,54.61,56.72,263491.0,55.14,0.0,56.945,54.61,56.72,1.0,263491.0,3,17
229,2016-03-16,56.86,57.02,55.625,56.46,150720.0,56.86,0.0,57.02,55.625,56.46,1.0,150720.0,2,16
230,2016-03-15,56.75,57.45,56.185,56.65,220388.0,56.75,0.0,57.45,56.185,56.65,1.0,220388.0,1,15
231,2016-03-14,57.16,57.8,55.99,57.66,160094.0,57.16,0.0,57.8,55.99,57.66,1.0,160094.0,0,14
232,2016-03-11,57.6,58.0,56.22,57.0,264632.0,57.6,0.0,58.0,56.22,57.0,1.0,264632.0,4,11
233,2016-03-10,56.62,57.52,56.272,57.22,165861.0,56.62,0.0,57.52,56.272,57.22,1.0,165861.0,3,10
234,2016-03-09,57.12,57.52,56.88,57.36,318135.0,57.12,0.0,57.52,56.88,57.36,1.0,318135.0,2,09
235,2016-03-08,57.21,58.13,56.61,57.33,148963.0,57.21,0.0,58.13,56.61,57.33,1.0,148963.0,1,08
236,2016-03-07,57.73,57.91,57.04,57.67,197392.0,57.73,0.0,57.91,57.04,57.67,1.0,197392.0,0,07
237,2016-03-04,57.94,58.465,57.18,57.88,271227.0,57.94,0.0,58.465,57.18,57.88,1.0,271227.0,4,04
238,2016-03-03,57.75,58.18,57.3,57.6,298684.0,57.75,0.0,58.18,57.3,57.6,1.0,298684.0,3,03
239,2016-03-02,57.5,58.5,55.66,55.66,683693.0,57.5,0.0,58.5,55.66,55.66,1.0,683693.0,2,02
240,2016-03-01,55.95,57.5,55.69,56.75,310034.0,55.95,0.0,57.5,55.69,56.75,1.0,310034.0,1,01
241,2016-02-29,56.44,57.99,56.41,56.63,289258.0,56.44,0.0,57.99,56.41,56.63,1.0,289258.0,0,29
242,2016-02-26,57.09,58.22,56.63,58.22,305843.0,57.09,0.0,58.22,56.63,58.22,1.0,305843.0,4,26
243,2016-02-25,58.0,59.2,57.36,58.98,482062.0,58.0,0.0,59.2,57.36,58.98,1.0,482062.0,3,25
244,2016-02-24,59.16,60.3,57.3,58.12,717949.0,59.16,0.0,60.3,57.3,58.12,1.0,717949.0,2,24
245,2016-02-23,58.62,59.93,58.17,59.16,473537.0,58.62,0.0,59.93,58.17,59.16,1.0,473537.0,1,23
246,2016-02-22,59.59,60.49,59.21,59.21,237262.0,59.59,0.0,60.49,59.21,59.21,1.0,237262.0,0,22
247,2016-02-19,59.02,59.45,58.125,58.57,166084.0,59.02,0.0,59.45,58.125,58.57,1.0,166084.0,4,19
248,2016-02-18,58.71,60.24,58.6,59.29,270886.0,58.71,0.0,60.24,58.6,59.29,1.0,270886.0,3,18
249,2016-02-17,59.4,59.6,57.36,57.36,216474.0,59.4,0.0,59.6,57.36,57.36,1.0,216474.0,2,17
250,2016-02-16,57.06,57.42,55.91,56.24,283090.0,57.06,0.0,57.42,55.91,56.24,1.0,283090.0,1,16
251,2016-02-12,55.8,56.36,54.525,55.79,197204.0,55.8,0.0,56.36,54.525,55.79,1.0,197204.0,4,12
252,2016-02-11,55.02,55.525,53.52,53.68,213975.0,55.02,0.0,55.525,53.52,53.68,1.0,213975.0,3,11
253,2016-02-10,54.68,55.825,54.22,54.59,389253.0,54.68,0.0,55.825,54.22,54.59,1.0,389253.0,2,10
254,2016-02-09,54.37,54.97,53.76,54.29,385739.0,54.37,0.0,54.97,53.76,54.29,1.0,385739.0,1,09
255,2016-02-08,55.03,55.395,54.01,54.75,488261.0,55.03,0.0,55.395,54.01,54.75,1.0,488261.0,0,08
256,2016-02-05,55.28,56.9,54.25,56.9,424528.0,55.28,0.0,56.9,54.25,56.9,1.0,424528.0,4,05
257,2016-02-04,57.2,58.98,57.01,57.21,278734.0,57.2,0.0,58.98,57.01,57.21,1.0,278734.0,3,04
258,2016-02-03,57.61,57.68,54.2301,55.86,287809.0,57.61,0.0,57.68,54.2301,55.86,1.0,287809.0,2,03
259,2016-02-02,55.28,57.6299,55.1,56.93,284251.0,55.28,0.0,57.6299,55.1,56.93,1.0,284251.0,1,02
260,2016-02-01,57.62,58.4,54.96,55.37,391410.0,57.62,0.0,58.4,54.96,55.37,1.0,391410.0,0,01
261,2016-01-29,55.98,56.02,51.59,51.84,461492.0,55.98,0.0,56.02,51.59,51.84,1.0,461492.0,4,29
262,2016-01-28,51.76,54.45,51.325,53.11,152988.0,51.76,0.0,54.45,51.325,53.11,1.0,152988.0,3,28
263,2016-01-27,52.64,54.1,52.46,53.73,153047.0,52.64,0.0,54.1,52.46,53.73,1.0,153047.0,2,27
264,2016-01-26,54.19,54.85,53.2,53.93,199345.0,54.19,0.0,54.85,53.2,53.93,1.0,199345.0,1,26
265,2016-01-25,53.79,54.56,52.97,53.21,157929.0,53.79,0.0,54.56,52.97,53.21,1.0,157929.0,0,25
266,2016-01-22,53.23,53.38,52.42,52.78,221417.0,53.23,0.0,53.38,52.42,52.78,1.0,221417.0,4,22
267,2016-01-21,52.11,53.805,51.28,53.65,456608.0,52.11,0.0,53.805,51.28,53.65,1.0,456608.0,3,21
268,2016-01-20,53.48,54.25,51.5,52.0,399083.0,53.48,0.0,54.25,51.5,52.0,1.0,399083.0,2,20
269,2016-01-19,52.76,54.79,52.33,53.81,306730.0,52.76,0.0,54.79,52.33,53.81,1.0,306730.0,1,19
270,2016-01-15,53.34,53.42,51.75,51.81,287730.0,53.34,0.0,53.42,51.75,51.81,1.0,287730.0,4,15
271,2016-01-14,53.05,54.1,52.01,53.1,240972.0,53.05,0.0,54.1,52.01,53.1,1.0,240972.0,3,14
272,2016-01-13,53.13,54.64,52.67,54.5,238077.0,53.13,0.0,54.64,52.67,54.5,1.0,238077.0,2,13
273,2016-01-12,54.26,55.997,54.01,55.82,301831.0,54.26,0.0,55.997,54.01,55.82,1.0,301831.0,1,12
274,2016-01-11,55.47,55.57,53.29,53.4,548303.0,55.47,0.0,55.57,53.29,53.4,1.0,548303.0,0,11
275,2016-01-08,52.74,54.8,52.66,54.44,184503.0,52.74,0.0,54.8,52.66,54.44,1.0,184503.0,4,08
276,2016-01-07,54.21,55.24,53.62,54.74,210799.0,54.21,0.0,55.24,53.62,54.74,1.0,210799.0,3,07
277,2016-01-06,55.62,56.1,55.05,55.05,161900.0,55.62,0.0,56.1,55.05,55.05,1.0,161900.0,2,06
278,2016-01-05,55.97,57.35,53.59,56.62,808314.0,55.97,0.0,57.35,53.59,56.62,1.0,808314.0,1,05
279,2016-01-04,56.34,58.44,56.07,58.44,269893.0,56.34,0.0,58.44,56.07,58.44,1.0,269893.0,0,04
280,2015-12-31,59.37,60.53,59.36,59.91,200682.0,59.37,0.0,60.53,59.36,59.91,1.0,200682.0,3,31
281,2015-12-30,59.97,60.56,59.08,59.77,200919.0,59.97,0.0,60.56,59.08,59.77,1.0,200919.0,2,30
282,2015-12-29,59.73,60.7,59.3,60.52,156565.0,59.73,0.0,60.7,59.3,60.52,1.0,156565.0,1,29
283,2015-12-28,60.25,60.54,59.38,60.23,152125.0,60.25,0.0,60.54,59.38,60.23,1.0,152125.0,0,28
284,2015-12-24,60.58,60.98,60.16,60.78,64700.0,60.58,0.0,60.98,60.16,60.78,1.0,64700.0,3,24
285,2015-12-23,60.55,61.0,59.89,60.36,195140.0,60.55,0.0,61.0,59.89,60.36,1.0,195140.0,2,23
286,2015-12-22,60.09,60.09,58.8,59.27,209430.0,60.09,0.0,60.09,58.8,59.27,1.0,209430.0,1,22
287,2015-12-21,58.86,59.685,58.01,58.54,299164.0,58.86,0.0,59.685,58.01,58.54,1.0,299164.0,0,21
288,2015-12-18,58.24,58.44,55.25,55.54,1841306.0,58.24,0.0,58.44,55.25,55.54,1.0,1841306.0,4,18
289,2015-12-17,55.85,56.4,55.01,55.57,407003.0,55.85,0.0,56.4,55.01,55.57,1.0,407003.0,3,17
290,2015-12-16,55.19,55.56,53.945,54.42,374832.0,55.19,0.0,55.56,53.945,54.42,1.0,374832.0,2,16
291,2015-12-15,54.06,56.37,53.48,55.01,297609.0,54.06,0.0,56.37,53.48,55.01,1.0,297609.0,1,15
292,2015-12-14,54.46,54.89,53.13,54.26,373204.0,54.46,0.0,54.89,53.13,54.26,1.0,373204.0,0,14
293,2015-12-11,54.06,56.25,53.92,55.36,517353.0,54.06,0.0,56.25,53.92,55.36,1.0,517353.0,4,11
294,2015-12-10,56.51,56.92,54.92,56.39,369625.0,56.51,0.0,56.92,54.92,56.39,1.0,369625.0,3,10
295,2015-12-09,56.36,56.95,55.94,56.82,653695.0,56.36,0.0,56.95,55.94,56.82,1.0,653695.0,2,09
296,2015-12-08,56.92,59.55,56.52,58.75,1399642.0,56.92,0.0,59.55,56.52,58.75,1.0,1399642.0,1,08
297,2015-12-07,58.83,62.25,58.06,61.75,843217.0,58.83,0.0,62.25,58.06,61.75,1.0,843217.0,0,07
298,2015-12-04,62.38,62.55,59.67,60.43,357240.0,62.38,0.0,62.55,59.67,60.43,1.0,357240.0,4,04
299,2015-12-03,60.36,60.94,58.78,60.26,400779.0,60.36,0.0,60.94,58.78,60.26,1.0,400779.0,3,03
300,2015-12-02,60.26,60.44,58.65,58.9,359350.0,60.26,0.0,60.44,58.65,58.9,1.0,359350.0,2,02
301,2015-12-01,59.22,60.95,59.16,60.3,356734.0,59.22,0.0,60.95,59.16,60.3,1.0,356734.0,1,01
302,2015-11-30,59.85,61.6199,59.54,61.3,694938.0,59.85,0.0,61.6199,59.54,61.3,1.0,694938.0,0,30
303,2015-11-27,61.91,62.075,60.6232,61.15,225708.0,61.91,0.0,62.075,60.6232,61.15,1.0,225708.0,4,27
304,2015-11-25,60.93,61.39,59.69,60.0,230490.0,60.93,0.0,61.39,59.69,60.0,1.0,230490.0,2,25
305,2015-11-24,60.19,60.71,57.05,57.82,399010.0,60.19,0.0,60.71,57.05,57.82,1.0,399010.0,1,24
306,2015-11-23,58.23,58.53,57.01,57.6,284794.0,58.23,0.0,58.53,57.01,57.6,1.0,284794.0,0,23
307,2015-11-20,57.37,57.7,55.71,56.25,328047.0,57.37,0.0,57.7,55.71,56.25,1.0,328047.0,4,20
308,2015-11-19,56.15,56.57,55.42,56.0,459117.0,56.15,0.0,56.57,55.42,56.0,1.0,459117.0,3,19
309,2015-11-18,56.07,56.69,55.54,56.0,450365.0,56.07,0.0,56.69,55.54,56.0,1.0,450365.0,2,18
310,2015-11-17,56.26,56.68,55.02,56.68,380229.0,56.26,0.0,56.68,55.02,56.68,1.0,380229.0,1,17
311,2015-11-16,56.26,56.99,55.53,56.73,438772.0,56.26,0.0,56.99,55.53,56.73,1.0,438772.0,0,16
312,2015-11-13,56.52,58.82,56.24,58.49,539463.0,56.52,0.0,58.82,56.24,58.49,1.0,539463.0,4,13
313,2015-11-12,57.56,61.5,56.79,61.5,1277302.0,57.56,0.0,61.5,56.79,61.5,1.0,1277302.0,3,12
314,2015-11-11,63.19,63.985,62.59,63.83,293852.0,63.19,0.0,63.985,62.59,63.83,1.0,293852.0,2,11
315,2015-11-10,63.29,64.23,62.5001,64.12,620377.0,63.29,0.0,64.23,62.5001,64.12,1.0,620377.0,1,10
316,2015-11-09,64.24,65.34,63.75,65.32,403362.0,64.24,0.0,65.34,63.75,65.32,1.0,403362.0,0,09
317,2015-11-06,65.49,65.68,63.628,64.62,369356.0,65.49,0.0,65.68,63.628,64.62,1.0,369356.0,4,06
318,2015-11-05,65.21,65.98,64.26,65.98,136799.0,65.21,0.0,65.98,64.26,65.98,1.0,136799.0,3,05
319,2015-11-04,65.75,67.78,65.22,67.09,351252.0,65.75,0.0,67.78,65.22,67.09,1.0,351252.0,2,04
320,2015-11-03,66.91,67.7,66.05,67.0,253569.0,66.91,0.0,67.7,66.05,67.0,1.0,253569.0,1,03
321,2015-11-02,66.83,66.865,65.27,66.27,406235.0,66.83,0.0,66.865,65.27,66.27,1.0,406235.0,0,02
322,2015-10-30,66.28,66.52,64.81,65.45,312867.0,66.28,0.0,66.52,64.81,65.45,1.0,312867.0,4,30
323,2015-10-29,65.55,68.5,65.5,67.76,372271.0,65.55,0.0,68.5,65.5,67.76,1.0,372271.0,3,29
324,2015-10-28,67.8,67.83,65.01,65.45,640128.0,67.8,0.0,67.83,65.01,65.45,1.0,640128.0,2,28
325,2015-10-27,65.54,65.6,64.595,65.2,363577.0,65.54,0.0,65.6,64.595,65.2,1.0,363577.0,1,27
326,2015-10-26,65.24,65.38,63.28,64.59,411518.0,65.24,0.0,65.38,63.28,64.59,1.0,411518.0,0,26
327,2015-10-23,64.98,65.4,62.76,63.47,565823.0,64.98,0.0,65.4,62.76,63.47,1.0,565823.0,4,23
328,2015-10-22,61.92,64.54,61.06,64.26,499135.0,61.92,0.0,64.54,61.06,64.26,1.0,499135.0,3,22
329,2015-10-21,64.04,66.81,64.02,65.15,561445.0,64.04,0.0,66.81,64.02,65.15,1.0,561445.0,2,21
330,2015-10-20,64.15,70.95,63.75,70.3,1097493.0,64.15,0.0,70.95,63.75,70.3,1.0,1097493.0,1,20
331,2015-10-19,69.93,77.0,68.9,69.01,334694.0,69.93,0.0,77.0,68.9,69.01,1.0,334694.0,0,19
