,Unnamed: 0,adj_close,adj_high,adj_low,adj_open,adj_volume,close,ex_dividend,high,low,open,split_ratio,volume,Day of Week,Day
0,2017-02-10,6.0,6.2,5.6,5.9,468722.0,6.0,0.0,6.2,5.6,5.9,1.0,468722.0,4,10
1,2017-02-09,5.8,5.9,5.4,5.5,289875.0,5.8,0.0,5.9,5.4,5.5,1.0,289875.0,3,09
2,2017-02-08,5.55,5.65,5.3,5.45,201624.0,5.55,0.0,5.65,5.3,5.45,1.0,201624.0,2,08
3,2017-02-07,5.4,5.7,5.15,5.2,367229.0,5.4,0.0,5.7,5.15,5.2,1.0,367229.0,1,07
4,2017-02-06,5.25,5.35,5.05,5.3,274387.0,5.25,0.0,5.35,5.05,5.3,1.0,274387.0,0,06
5,2017-02-03,5.25,5.4,5.2,5.35,150845.0,5.25,0.0,5.4,5.2,5.35,1.0,150845.0,4,03
6,2017-02-02,5.3,5.3,4.95,5.05,336626.0,5.3,0.0,5.3,4.95,5.05,1.0,336626.0,3,02
7,2017-02-01,5.1,5.2797,4.925,5.2,229573.0,5.1,0.0,5.2797,4.925,5.2,1.0,229573.0,2,01
8,2017-01-31,5.1,5.3,5.05,5.05,378866.0,5.1,0.0,5.3,5.05,5.05,1.0,378866.0,1,31
9,2017-01-30,5.05,5.5,5.0,5.4,225254.0,5.05,0.0,5.5,5.0,5.4,1.0,225254.0,0,30
10,2017-01-27,5.45,5.5,5.35,5.45,146946.0,5.45,0.0,5.5,5.35,5.45,1.0,146946.0,4,27
11,2017-01-26,5.4,5.6,5.3,5.4,149343.0,5.4,0.0,5.6,5.3,5.4,1.0,149343.0,3,26
12,2017-01-25,5.45,5.55,5.3,5.35,211912.0,5.45,0.0,5.55,5.3,5.35,1.0,211912.0,2,25
13,2017-01-24,5.3,5.4,5.15,5.35,183623.0,5.3,0.0,5.4,5.15,5.35,1.0,183623.0,1,24
14,2017-01-23,5.3,5.4,5.15,5.3,140404.0,5.3,0.0,5.4,5.15,5.3,1.0,140404.0,0,23
15,2017-01-20,5.25,5.55,5.25,5.45,209108.0,5.25,0.0,5.55,5.25,5.45,1.0,209108.0,4,20
16,2017-01-19,5.45,5.55,5.425,5.5,121884.0,5.45,0.0,5.55,5.425,5.5,1.0,121884.0,3,19
17,2017-01-18,5.5,5.7,5.45,5.6,139130.0,5.5,0.0,5.7,5.45,5.6,1.0,139130.0,2,18
18,2017-01-17,5.45,5.6,5.35,5.4,158495.0,5.45,0.0,5.6,5.35,5.4,1.0,158495.0,1,17
19,2017-01-13,5.4,5.7,5.35,5.5,506950.0,5.4,0.0,5.7,5.35,5.5,1.0,506950.0,4,13
20,2017-01-12,5.45,5.6,5.4,5.45,263532.0,5.45,0.0,5.6,5.4,5.45,1.0,263532.0,3,12
21,2017-01-11,5.4,5.65,5.313,5.55,191650.0,5.4,0.0,5.65,5.313,5.55,1.0,191650.0,2,11
22,2017-01-10,5.45,5.8,5.4,5.6,210558.0,5.45,0.0,5.8,5.4,5.6,1.0,210558.0,1,10
23,2017-01-09,5.55,5.85,5.4131,5.75,138184.0,5.55,0.0,5.85,5.4131,5.75,1.0,138184.0,0,09
24,2017-01-06,5.7,6.25,5.55,5.8,1233916.0,5.7,0.0,6.25,5.55,5.8,1.0,1233916.0,4,06
25,2017-01-05,5.9,6.0,5.35,5.5,179318.0,5.9,0.0,6.0,5.35,5.5,1.0,179318.0,3,05
26,2017-01-04,5.5,5.55,5.2,5.3,170892.0,5.5,0.0,5.55,5.2,5.3,1.0,170892.0,2,04
27,2017-01-03,5.2,5.2,4.75,4.85,273271.0,5.2,0.0,5.2,4.75,4.85,1.0,273271.0,1,03
28,2016-12-30,4.75,5.05,4.6,5.0,494006.0,4.75,0.0,5.05,4.6,5.0,1.0,494006.0,4,30
29,2016-12-29,4.95,5.1,4.855,5.1,295347.0,4.95,0.0,5.1,4.855,5.1,1.0,295347.0,3,29
30,2016-12-28,5.05,5.35,4.975,5.35,164035.0,5.05,0.0,5.35,4.975,5.35,1.0,164035.0,2,28
31,2016-12-27,5.25,5.4175,5.2,5.35,107480.0,5.25,0.0,5.4175,5.2,5.35,1.0,107480.0,1,27
32,2016-12-23,5.35,5.4,5.2,5.256,83655.0,5.35,0.0,5.4,5.2,5.256,1.0,83655.0,4,23
33,2016-12-22,5.35,5.65,5.25,5.6,77948.0,5.35,0.0,5.65,5.25,5.6,1.0,77948.0,3,22
34,2016-12-21,5.45,5.7,5.4,5.65,68437.0,5.45,0.0,5.7,5.4,5.65,1.0,68437.0,2,21
35,2016-12-20,5.6,5.75,5.45,5.65,62493.0,5.6,0.0,5.75,5.45,5.65,1.0,62493.0,1,20
36,2016-12-19,5.6,5.9,5.4,5.5,151389.0,5.6,0.0,5.9,5.4,5.5,1.0,151389.0,0,19
37,2016-12-16,5.5,5.6,5.3,5.35,154110.0,5.5,0.0,5.6,5.3,5.35,1.0,154110.0,4,16
38,2016-12-15,5.35,5.45,5.2,5.45,106496.0,5.35,0.0,5.45,5.2,5.45,1.0,106496.0,3,15
39,2016-12-14,5.4,5.6,5.35,5.55,69504.0,5.4,0.0,5.6,5.35,5.55,1.0,69504.0,2,14
40,2016-12-13,5.55,5.75,5.45,5.75,100429.0,5.55,0.0,5.75,5.45,5.75,1.0,100429.0,1,13
41,2016-12-12,5.7,5.9,5.6,5.85,52767.0,5.7,0.0,5.9,5.6,5.85,1.0,52767.0,0,12
42,2016-12-09,5.9,5.9,5.5,5.65,142911.0,5.9,0.0,5.9,5.5,5.65,1.0,142911.0,4,09
43,2016-12-08,5.6,5.7,5.28,5.35,114294.0,5.6,0.0,5.7,5.28,5.35,1.0,114294.0,3,08
44,2016-12-07,5.35,5.45,4.95,5.05,133915.0,5.35,0.0,5.45,4.95,5.05,1.0,133915.0,2,07
45,2016-12-06,5.1,5.2,5.0,5.2,256635.0,5.1,0.0,5.2,5.0,5.2,1.0,256635.0,1,06
46,2016-12-05,5.15,5.3,5.05,5.2,197741.0,5.15,0.0,5.3,5.05,5.2,1.0,197741.0,0,05
47,2016-12-02,5.05,5.44,5.05,5.2,91511.0,5.05,0.0,5.44,5.05,5.2,1.0,91511.0,4,02
48,2016-12-01,5.25,5.45,5.15,5.3,60138.0,5.25,0.0,5.45,5.15,5.3,1.0,60138.0,3,01
49,2016-11-30,5.35,5.6,5.2,5.35,177198.0,5.35,0.0,5.6,5.2,5.35,1.0,177198.0,2,30
50,2016-11-29,5.4,5.6,5.25,5.55,74069.0,5.4,0.0,5.6,5.25,5.55,1.0,74069.0,1,29
51,2016-11-28,5.45,5.85,5.45,5.825,101256.0,5.45,0.0,5.85,5.45,5.825,1.0,101256.0,0,28
52,2016-11-25,5.8,5.9,5.625,5.9,35337.0,5.8,0.0,5.9,5.625,5.9,1.0,35337.0,4,25
53,2016-11-23,5.9,5.9,5.55,5.65,78160.0,5.9,0.0,5.9,5.55,5.65,1.0,78160.0,2,23
54,2016-11-22,5.75,6.0,5.65,5.9,110033.0,5.75,0.0,6.0,5.65,5.9,1.0,110033.0,1,22
55,2016-11-21,5.9,6.15,5.8,6.0,104325.0,5.9,0.0,6.15,5.8,6.0,1.0,104325.0,0,21
56,2016-11-18,6.0,6.05,5.75,6.05,94036.0,6.0,0.0,6.05,5.75,6.05,1.0,94036.0,4,18
57,2016-11-17,6.0,6.2,5.8,6.05,198711.0,6.0,0.0,6.2,5.8,6.05,1.0,198711.0,3,17
58,2016-11-16,5.7,6.045,5.6,5.8,42477.0,5.7,0.0,6.045,5.6,5.8,1.0,42477.0,2,16
59,2016-11-15,5.8,5.9,5.45,5.75,97783.0,5.8,0.0,5.9,5.45,5.75,1.0,97783.0,1,15
60,2016-11-14,5.9,5.95,5.3,5.6,114532.0,5.9,0.0,5.95,5.3,5.6,1.0,114532.0,0,14
61,2016-11-11,5.6,5.7,5.15,5.3,196290.0,5.6,0.0,5.7,5.15,5.3,1.0,196290.0,4,11
62,2016-11-10,5.35,5.45,5.155,5.35,177725.0,5.35,0.0,5.45,5.155,5.35,1.0,177725.0,3,10
63,2016-11-09,5.25,5.4,5.05,5.2,186871.0,5.25,0.0,5.4,5.05,5.2,1.0,186871.0,2,09
64,2016-11-08,5.0,5.05,4.825,5.0,83868.0,5.0,0.0,5.05,4.825,5.0,1.0,83868.0,1,08
65,2016-11-07,5.05,5.15,4.8,5.1,96644.0,5.05,0.0,5.15,4.8,5.1,1.0,96644.0,0,07
66,2016-11-04,4.95,5.2,4.75,4.75,166225.0,4.95,0.0,5.2,4.75,4.75,1.0,166225.0,4,04
67,2016-11-03,4.75,5.1,4.75,5.05,208256.0,4.75,0.0,5.1,4.75,5.05,1.0,208256.0,3,03
68,2016-11-02,5.05,5.2,5.0,5.1,124348.0,5.05,0.0,5.2,5.0,5.1,1.0,124348.0,2,02
69,2016-11-01,5.15,5.3,4.95,5.15,78603.0,5.15,0.0,5.3,4.95,5.15,1.0,78603.0,1,01
70,2016-10-31,5.05,5.25,5.05,5.1,120952.0,5.05,0.0,5.25,5.05,5.1,1.0,120952.0,0,31
71,2016-10-28,5.1,5.5,5.05,5.4,129896.0,5.1,0.0,5.5,5.05,5.4,1.0,129896.0,4,28
72,2016-10-27,5.5,5.7,5.15,5.45,138916.0,5.5,0.0,5.7,5.15,5.45,1.0,138916.0,3,27
73,2016-10-26,5.45,5.55,5.3,5.5,93701.0,5.45,0.0,5.55,5.3,5.5,1.0,93701.0,2,26
74,2016-10-25,5.5,5.55,5.1,5.3,383380.0,5.5,0.0,5.55,5.1,5.3,1.0,383380.0,1,25
75,2016-10-24,5.3,5.35,5.05,5.1,191431.0,5.3,0.0,5.35,5.05,5.1,1.0,191431.0,0,24
76,2016-10-21,5.1,5.25,4.95,5.0,63777.0,5.1,0.0,5.25,4.95,5.0,1.0,63777.0,4,21
77,2016-10-20,5.05,5.145,4.9,5.05,69440.0,5.05,0.0,5.145,4.9,5.05,1.0,69440.0,3,20
78,2016-10-19,5.0,5.2,5.0,5.05,85847.0,5.0,0.0,5.2,5.0,5.05,1.0,85847.0,2,19
79,2016-10-18,5.15,5.2,5.05,5.1,74103.0,5.15,0.0,5.2,5.05,5.1,1.0,74103.0,1,18
80,2016-10-17,5.05,5.2,4.95,5.2,97573.0,5.05,0.0,5.2,4.95,5.2,1.0,97573.0,0,17
81,2016-10-14,5.24,5.54,5.1,5.42,177129.0,5.24,0.0,5.54,5.1,5.42,1.0,177129.0,4,14
82,2016-10-13,5.38,5.47,4.95,5.05,191160.0,5.38,0.0,5.47,4.95,5.05,1.0,191160.0,3,13
83,2016-10-12,5.09,5.6,5.07,5.4,111699.0,5.09,0.0,5.6,5.07,5.4,1.0,111699.0,2,12
84,2016-10-11,5.43,5.926,5.2,5.86,181714.0,5.43,0.0,5.926,5.2,5.86,1.0,181714.0,1,11
85,2016-10-10,5.97,6.089,5.8731,5.94,62275.0,5.97,0.0,6.089,5.8731,5.94,1.0,62275.0,0,10
86,2016-10-07,5.91,6.1084,5.88,6.04,145561.0,5.91,0.0,6.1084,5.88,6.04,1.0,145561.0,4,07
87,2016-10-06,6.05,6.3358,6.0089,6.32,171977.0,6.05,0.0,6.3358,6.0089,6.32,1.0,171977.0,3,06
88,2016-10-05,6.39,6.4879,6.27,6.27,126855.0,6.39,0.0,6.4879,6.27,6.27,1.0,126855.0,2,05
89,2016-10-04,6.23,6.7,6.18,6.51,194811.0,6.23,0.0,6.7,6.18,6.51,1.0,194811.0,1,04
90,2016-10-03,6.45,6.64,6.35,6.61,165306.0,6.45,0.0,6.64,6.35,6.61,1.0,165306.0,0,03
91,2016-09-30,6.61,6.75,6.43,6.55,210359.0,6.61,0.0,6.75,6.43,6.55,1.0,210359.0,4,30
92,2016-09-29,6.52,6.83,6.51,6.68,181158.0,6.52,0.0,6.83,6.51,6.68,1.0,181158.0,3,29
93,2016-09-28,6.72,7.0,6.45,6.81,370613.0,6.72,0.0,7.0,6.45,6.81,1.0,370613.0,2,28
94,2016-09-27,6.78,7.218,6.06,6.19,998758.0,6.78,0.0,7.218,6.06,6.19,1.0,998758.0,1,27
95,2016-09-26,6.2,6.26,5.85,5.88,308365.0,6.2,0.0,6.26,5.85,5.88,1.0,308365.0,0,26
96,2016-09-23,5.88,6.87,5.86,6.46,956313.0,5.88,0.0,6.87,5.86,6.46,1.0,956313.0,4,23
97,2016-09-22,6.46,6.5,5.5301,5.55,1312073.0,6.46,0.0,6.5,5.5301,5.55,1.0,1312073.0,3,22
98,2016-09-21,5.49,5.556,5.0487,5.07,471618.0,5.49,0.0,5.556,5.0487,5.07,1.0,471618.0,2,21
99,2016-09-20,5.03,5.1916,4.9,5.08,168441.0,5.03,0.0,5.1916,4.9,5.08,1.0,168441.0,1,20
100,2016-09-19,4.99,5.12,4.88,5.02,306036.0,4.99,0.0,5.12,4.88,5.02,1.0,306036.0,0,19
101,2016-09-16,4.95,4.98,4.79,4.89,158744.0,4.95,0.0,4.98,4.79,4.89,1.0,158744.0,4,16
102,2016-09-15,4.91,4.94,4.78,4.85,140021.0,4.91,0.0,4.94,4.78,4.85,1.0,140021.0,3,15
103,2016-09-14,4.84,5.09,4.8,4.97,114835.0,4.84,0.0,5.09,4.8,4.97,1.0,114835.0,2,14
104,2016-09-13,4.95,5.0,4.8,4.95,208419.0,4.95,0.0,5.0,4.8,4.95,1.0,208419.0,1,13
105,2016-09-12,5.0,5.06,4.93,4.96,215852.0,5.0,0.0,5.06,4.93,4.96,1.0,215852.0,0,12
106,2016-09-09,5.0,5.18,4.985,5.04,157995.0,5.0,0.0,5.18,4.985,5.04,1.0,157995.0,4,09
107,2016-09-08,5.12,5.2399,5.1,5.21,150859.0,5.12,0.0,5.2399,5.1,5.21,1.0,150859.0,3,08
108,2016-09-07,5.21,5.2322,5.01,5.16,148661.0,5.21,0.0,5.2322,5.01,5.16,1.0,148661.0,2,07
109,2016-09-06,5.13,5.2256,4.97,5.19,724982.0,5.13,0.0,5.2256,4.97,5.19,1.0,724982.0,1,06
110,2016-09-02,5.15,5.2541,5.125,5.2,101155.0,5.15,0.0,5.2541,5.125,5.2,1.0,101155.0,4,02
111,2016-09-01,5.18,5.21,5.01,5.03,71271.0,5.18,0.0,5.21,5.01,5.03,1.0,71271.0,3,01
112,2016-08-31,5.05,5.25,5.0099,5.21,107627.0,5.05,0.0,5.25,5.0099,5.21,1.0,107627.0,2,31
113,2016-08-30,5.23,5.29,5.12,5.19,81498.0,5.23,0.0,5.29,5.12,5.19,1.0,81498.0,1,30
114,2016-08-29,5.21,5.265,5.0149,5.14,97402.0,5.21,0.0,5.265,5.0149,5.14,1.0,97402.0,0,29
115,2016-08-26,5.09,5.22,4.83,4.98,191204.0,5.09,0.0,5.22,4.83,4.98,1.0,191204.0,4,26
116,2016-08-25,4.98,5.3499,4.77,5.25,541332.0,4.98,0.0,5.3499,4.77,5.25,1.0,541332.0,3,25
117,2016-08-24,5.32,5.666,5.21,5.43,293416.0,5.32,0.0,5.666,5.21,5.43,1.0,293416.0,2,24
118,2016-08-23,5.46,5.49,5.27,5.47,129984.0,5.46,0.0,5.49,5.27,5.47,1.0,129984.0,1,23
119,2016-08-22,5.42,5.46,5.11,5.17,186481.0,5.42,0.0,5.46,5.11,5.17,1.0,186481.0,0,22
120,2016-08-19,5.12,5.38,5.06,5.24,187086.0,5.12,0.0,5.38,5.06,5.24,1.0,187086.0,4,19
121,2016-08-18,5.26,5.35,5.17,5.35,120644.0,5.26,0.0,5.35,5.17,5.35,1.0,120644.0,3,18
122,2016-08-17,5.34,5.39,5.2,5.38,148168.0,5.34,0.0,5.39,5.2,5.38,1.0,148168.0,2,17
123,2016-08-16,5.38,5.63,5.32,5.6,224441.0,5.38,0.0,5.63,5.32,5.6,1.0,224441.0,1,16
124,2016-08-15,5.62,5.82,5.4103,5.51,313470.0,5.62,0.0,5.82,5.4103,5.51,1.0,313470.0,0,15
125,2016-08-12,5.45,5.53,5.2572,5.4,253488.0,5.45,0.0,5.53,5.2572,5.4,1.0,253488.0,4,12
126,2016-08-11,5.38,5.48,5.14,5.31,169553.0,5.38,0.0,5.48,5.14,5.31,1.0,169553.0,3,11
127,2016-08-10,5.26,5.641,5.13,5.62,287218.0,5.26,0.0,5.641,5.13,5.62,1.0,287218.0,2,10
128,2016-08-09,5.64,5.76,5.45,5.6,257567.0,5.64,0.0,5.76,5.45,5.6,1.0,257567.0,1,09
129,2016-08-08,5.59,5.67,5.281,5.46,423761.0,5.59,0.0,5.67,5.281,5.46,1.0,423761.0,0,08
130,2016-08-05,5.46,5.5,5.02,5.19,321063.0,5.46,0.0,5.5,5.02,5.19,1.0,321063.0,4,05
131,2016-08-04,5.2,5.3499,5.14,5.22,342434.0,5.2,0.0,5.3499,5.14,5.22,1.0,342434.0,3,04
132,2016-08-03,5.19,5.26,4.52,4.59,1055355.0,5.19,0.0,5.26,4.52,4.59,1.0,1055355.0,2,03
133,2016-08-02,4.62,4.889,4.5001,4.73,166095.0,4.62,0.0,4.889,4.5001,4.73,1.0,166095.0,1,02
134,2016-08-01,4.75,5.03,4.46,4.65,539621.0,4.75,0.0,5.03,4.46,4.65,1.0,539621.0,0,01
135,2016-07-29,4.64,4.7657,4.4,4.6,325498.0,4.64,0.0,4.7657,4.4,4.6,1.0,325498.0,4,29
136,2016-07-28,4.56,4.9575,4.54,4.8,191834.0,4.56,0.0,4.9575,4.54,4.8,1.0,191834.0,3,28
137,2016-07-27,4.84,4.89,4.7152,4.74,181496.0,4.84,0.0,4.89,4.7152,4.74,1.0,181496.0,2,27
138,2016-07-26,4.7,4.975,4.69,4.92,220615.0,4.7,0.0,4.975,4.69,4.92,1.0,220615.0,1,26
139,2016-07-25,4.94,5.19,4.93,5.09,111889.0,4.94,0.0,5.19,4.93,5.09,1.0,111889.0,0,25
140,2016-07-22,5.08,5.17,5.015,5.12,215709.0,5.08,0.0,5.17,5.015,5.12,1.0,215709.0,4,22
141,2016-07-21,5.09,5.2198,5.03,5.1,168401.0,5.09,0.0,5.2198,5.03,5.1,1.0,168401.0,3,21
142,2016-07-20,5.09,5.2,4.9342,5.02,176812.0,5.09,0.0,5.2,4.9342,5.02,1.0,176812.0,2,20
143,2016-07-19,5.0,5.34,4.97,5.34,314921.0,5.0,0.0,5.34,4.97,5.34,1.0,314921.0,1,19
144,2016-07-18,5.34,5.44,5.1549,5.26,248712.0,5.34,0.0,5.44,5.1549,5.26,1.0,248712.0,0,18
145,2016-07-15,5.24,5.355,5.08,5.1,232775.0,5.24,0.0,5.355,5.08,5.1,1.0,232775.0,4,15
146,2016-07-14,5.1,5.3244,5.0802,5.31,278669.0,5.1,0.0,5.3244,5.0802,5.31,1.0,278669.0,3,14
147,2016-07-13,5.26,5.65,5.25,5.62,283443.0,5.26,0.0,5.65,5.25,5.62,1.0,283443.0,2,13
148,2016-07-12,5.56,5.63,5.44,5.52,145385.0,5.56,0.0,5.63,5.44,5.52,1.0,145385.0,1,12
149,2016-07-11,5.48,5.87,5.44,5.64,279026.0,5.48,0.0,5.87,5.44,5.64,1.0,279026.0,0,11
150,2016-07-08,5.58,5.66,5.5,5.6,225266.0,5.58,0.0,5.66,5.5,5.6,1.0,225266.0,4,08
151,2016-07-07,5.56,5.6,5.41,5.52,429332.0,5.56,0.0,5.6,5.41,5.52,1.0,429332.0,3,07
152,2016-07-06,5.49,5.61,5.22,5.3,349322.0,5.49,0.0,5.61,5.22,5.3,1.0,349322.0,2,06
153,2016-07-05,5.35,5.55,5.32,5.55,230133.0,5.35,0.0,5.55,5.32,5.55,1.0,230133.0,1,05
154,2016-07-01,5.58,5.65,5.4215,5.47,299573.0,5.58,0.0,5.65,5.4215,5.47,1.0,299573.0,4,01
155,2016-06-30,5.46,5.59,5.35,5.55,298019.0,5.46,0.0,5.59,5.35,5.55,1.0,298019.0,3,30
156,2016-06-29,5.49,5.7,5.31,5.7,524277.0,5.49,0.0,5.7,5.31,5.7,1.0,524277.0,2,29
157,2016-06-28,5.57,5.9,5.53,5.69,323751.0,5.57,0.0,5.9,5.53,5.69,1.0,323751.0,1,28
158,2016-06-27,5.55,5.97,5.48,5.9,394648.0,5.55,0.0,5.97,5.48,5.9,1.0,394648.0,0,27
159,2016-06-24,5.98,6.24,5.98,6.03,513260.0,5.98,0.0,6.24,5.98,6.03,1.0,513260.0,4,24
160,2016-06-23,6.46,6.58,5.95,6.12,514311.0,6.46,0.0,6.58,5.95,6.12,1.0,514311.0,3,23
161,2016-06-22,6.36,6.6356,6.26,6.44,320793.0,6.36,0.0,6.6356,6.26,6.44,1.0,320793.0,2,22
162,2016-06-21,6.44,6.9799,6.275,6.66,395153.0,6.44,0.0,6.9799,6.275,6.66,1.0,395153.0,1,21
163,2016-06-20,6.66,6.89,6.51,6.89,518469.0,6.66,0.0,6.89,6.51,6.89,1.0,518469.0,0,20
164,2016-06-17,6.8,7.19,6.78,7.09,571564.0,6.8,0.0,7.19,6.78,7.09,1.0,571564.0,4,17
165,2016-06-16,7.05,7.06,6.74,6.96,410317.0,7.05,0.0,7.06,6.74,6.96,1.0,410317.0,3,16
166,2016-06-15,7.01,7.43,6.94,7.22,583253.0,7.01,0.0,7.43,6.94,7.22,1.0,583253.0,2,15
167,2016-06-14,7.12,7.47,6.73,7.47,1186925.0,7.12,0.0,7.47,6.73,7.47,1.0,1186925.0,1,14
168,2016-06-13,7.47,8.09,7.3,8.0,1135432.0,7.47,0.0,8.09,7.3,8.0,1.0,1135432.0,0,13
169,2016-06-10,8.09,9.41,8.09,9.25,1207149.0,8.09,0.0,9.41,8.09,9.25,1.0,1207149.0,4,10
170,2016-06-09,9.62,9.83,9.18,9.34,1666845.0,9.62,0.0,9.83,9.18,9.34,1.0,1666845.0,3,09
171,2016-06-08,9.15,9.44,9.11,9.33,701157.0,9.15,0.0,9.44,9.11,9.33,1.0,701157.0,2,08
172,2016-06-07,9.25,10.21,9.12,10.1,1663884.0,9.25,0.0,10.21,9.12,10.1,1.0,1663884.0,1,07
173,2016-06-06,10.2,12.24,9.95,11.82,3691382.0,10.2,0.0,12.24,9.95,11.82,1.0,3691382.0,0,06
174,2016-06-03,18.35,19.2523,18.02,19.01,127315.0,18.35,0.0,19.2523,18.02,19.01,1.0,127315.0,4,03
175,2016-06-02,19.08,19.21,18.015,18.26,226495.0,19.08,0.0,19.21,18.015,18.26,1.0,226495.0,3,02
176,2016-06-01,18.13,18.395,17.93,17.98,132666.0,18.13,0.0,18.395,17.93,17.98,1.0,132666.0,2,01
177,2016-05-31,18.13,18.87,17.115,18.06,218909.0,18.13,0.0,18.87,17.115,18.06,1.0,218909.0,1,31
178,2016-05-27,17.87,17.93,17.11,17.49,133937.0,17.87,0.0,17.93,17.11,17.49,1.0,133937.0,4,27
179,2016-05-26,17.45,17.84,17.2,17.82,191263.0,17.45,0.0,17.84,17.2,17.82,1.0,191263.0,3,26
180,2016-05-25,17.84,18.55,17.58,17.61,231815.0,17.84,0.0,18.55,17.58,17.61,1.0,231815.0,2,25
181,2016-05-24,17.48,17.67,16.76,16.86,290474.0,17.48,0.0,17.67,16.76,16.86,1.0,290474.0,1,24
182,2016-05-23,16.86,17.21,16.0,16.0,178040.0,16.86,0.0,17.21,16.0,16.0,1.0,178040.0,0,23
183,2016-05-20,16.0,16.2358,15.565,15.65,171699.0,16.0,0.0,16.2358,15.565,15.65,1.0,171699.0,4,20
184,2016-05-19,15.54,16.13,15.06,15.72,111553.0,15.54,0.0,16.13,15.06,15.72,1.0,111553.0,3,19
185,2016-05-18,15.72,16.05,15.53,15.59,174331.0,15.72,0.0,16.05,15.53,15.59,1.0,174331.0,2,18
186,2016-05-17,15.62,16.13,15.34,15.51,130990.0,15.62,0.0,16.13,15.34,15.51,1.0,130990.0,1,17
187,2016-05-16,15.64,15.78,14.43,15.54,362203.0,15.64,0.0,15.78,14.43,15.54,1.0,362203.0,0,16
188,2016-05-13,15.5,15.88,15.01,15.26,161475.0,15.5,0.0,15.88,15.01,15.26,1.0,161475.0,4,13
189,2016-05-12,15.3,15.72,15.03,15.72,208081.0,15.3,0.0,15.72,15.03,15.72,1.0,208081.0,3,12
190,2016-05-11,15.69,15.9,15.27,15.77,317775.0,15.69,0.0,15.9,15.27,15.77,1.0,317775.0,2,11
191,2016-05-10,15.84,17.0624,15.29,16.89,269220.0,15.84,0.0,17.0624,15.29,16.89,1.0,269220.0,1,10
192,2016-05-09,16.68,17.89,15.8001,15.85,359192.0,16.68,0.0,17.89,15.8001,15.85,1.0,359192.0,0,09
193,2016-05-06,15.9,18.1699,14.5901,18.01,503753.0,15.9,0.0,18.1699,14.5901,18.01,1.0,503753.0,4,06
194,2016-05-05,18.9,19.2025,17.75,18.75,312412.0,18.9,0.0,19.2025,17.75,18.75,1.0,312412.0,3,05
195,2016-05-04,18.75,20.45,18.34,20.09,440606.0,18.75,0.0,20.45,18.34,20.09,1.0,440606.0,2,04
196,2016-05-03,20.21,21.82,20.12,21.32,100612.0,20.21,0.0,21.82,20.12,21.32,1.0,100612.0,1,03
197,2016-05-02,21.55,21.56,20.11,20.81,92680.0,21.55,0.0,21.56,20.11,20.81,1.0,92680.0,0,02
198,2016-04-29,20.72,21.16,20.07,20.99,96887.0,20.72,0.0,21.16,20.07,20.99,1.0,96887.0,4,29
199,2016-04-28,21.04,21.495,20.63,21.25,114707.0,21.04,0.0,21.495,20.63,21.25,1.0,114707.0,3,28
200,2016-04-27,21.35,21.75,20.97,21.46,111486.0,21.35,0.0,21.75,20.97,21.46,1.0,111486.0,2,27
201,2016-04-26,21.54,23.15,21.25,21.98,193811.0,21.54,0.0,23.15,21.25,21.98,1.0,193811.0,1,26
202,2016-04-25,21.94,22.34,21.59,22.34,222698.0,21.94,0.0,22.34,21.59,22.34,1.0,222698.0,0,25
203,2016-04-22,22.35,22.765,21.97,22.34,127452.0,22.35,0.0,22.765,21.97,22.34,1.0,127452.0,4,22
204,2016-04-21,22.34,22.98,21.69,22.02,144203.0,22.34,0.0,22.98,21.69,22.02,1.0,144203.0,3,21
205,2016-04-20,22.02,22.76,21.51,22.6,146477.0,22.02,0.0,22.76,21.51,22.6,1.0,146477.0,2,20
206,2016-04-19,22.51,23.5,22.055,23.47,111671.0,22.51,0.0,23.5,22.055,23.47,1.0,111671.0,1,19
207,2016-04-18,23.39,23.65,22.165,22.94,101777.0,23.39,0.0,23.65,22.165,22.94,1.0,101777.0,0,18
208,2016-04-15,23.05,23.58,22.54,23.09,85429.0,23.05,0.0,23.58,22.54,23.09,1.0,85429.0,4,15
209,2016-04-14,23.1,23.55,22.61,22.94,104374.0,23.1,0.0,23.55,22.61,22.94,1.0,104374.0,3,14
210,2016-04-13,22.94,23.41,21.717,22.79,80485.0,22.94,0.0,23.41,21.717,22.79,1.0,80485.0,2,13
211,2016-04-12,22.6,22.69,21.67,22.0,100538.0,22.6,0.0,22.69,21.67,22.0,1.0,100538.0,1,12
212,2016-04-11,21.98,22.86,21.68,22.2,113002.0,21.98,0.0,22.86,21.68,22.2,1.0,113002.0,0,11
213,2016-04-08,22.1,23.63,21.59,23.63,162328.0,22.1,0.0,23.63,21.59,23.63,1.0,162328.0,4,08
214,2016-04-07,23.18,24.39,22.67,23.74,149898.0,23.18,0.0,24.39,22.67,23.74,1.0,149898.0,3,07
215,2016-04-06,23.99,24.43,22.59,22.71,190733.0,23.99,0.0,24.43,22.59,22.71,1.0,190733.0,2,06
216,2016-04-05,22.55,23.47,22.5,22.94,149092.0,22.55,0.0,23.47,22.5,22.94,1.0,149092.0,1,05
217,2016-04-04,23.2,24.13,22.32,22.4,238859.0,23.2,0.0,24.13,22.32,22.4,1.0,238859.0,0,04
218,2016-04-01,22.36,22.97,21.06,21.27,133765.0,22.36,0.0,22.97,21.06,21.27,1.0,133765.0,4,01
219,2016-03-31,21.4,22.46,20.56,20.89,176336.0,21.4,0.0,22.46,20.56,20.89,1.0,176336.0,3,31
220,2016-03-30,20.79,21.67,20.36,20.99,168863.0,20.79,0.0,21.67,20.36,20.99,1.0,168863.0,2,30
221,2016-03-29,20.81,20.87,18.85,19.63,239087.0,20.81,0.0,20.87,18.85,19.63,1.0,239087.0,1,29
222,2016-03-28,19.47,20.12,19.43,20.12,133532.0,19.47,0.0,20.12,19.43,20.12,1.0,133532.0,0,28
223,2016-03-24,19.99,20.2,18.92,19.99,253061.0,19.99,0.0,20.2,18.92,19.99,1.0,253061.0,3,24
224,2016-03-23,20.13,22.14,20.11,21.24,146041.0,20.13,0.0,22.14,20.11,21.24,1.0,146041.0,2,23
225,2016-03-22,21.33,21.37,20.15,20.38,223294.0,21.33,0.0,21.37,20.15,20.38,1.0,223294.0,1,22
226,2016-03-21,20.4,20.8,18.97,19.63,152548.0,20.4,0.0,20.8,18.97,19.63,1.0,152548.0,0,21
227,2016-03-18,19.71,20.85,19.02,19.59,296237.0,19.71,0.0,20.85,19.02,19.59,1.0,296237.0,4,18
228,2016-03-17,19.43,19.76,18.11,18.92,198537.0,19.43,0.0,19.76,18.11,18.92,1.0,198537.0,3,17
229,2016-03-16,19.04,19.4,18.55,18.92,153755.0,19.04,0.0,19.4,18.55,18.92,1.0,153755.0,2,16
230,2016-03-15,18.9,20.97,18.63,20.97,196082.0,18.9,0.0,20.97,18.63,20.97,1.0,196082.0,1,15
231,2016-03-14,21.28,21.465,19.81,20.44,159925.0,21.28,0.0,21.465,19.81,20.44,1.0,159925.0,0,14
232,2016-03-11,20.58,21.52,19.66,21.52,249909.0,20.58,0.0,21.52,19.66,21.52,1.0,249909.0,4,11
233,2016-03-10,21.24,22.19,20.48,21.01,166201.0,21.24,0.0,22.19,20.48,21.01,1.0,166201.0,3,10
234,2016-03-09,21.23,21.77,20.57,21.7,122948.0,21.23,0.0,21.77,20.57,21.7,1.0,122948.0,2,09
235,2016-03-08,21.7,23.82,21.41,23.71,139473.0,21.7,0.0,23.82,21.41,23.71,1.0,139473.0,1,08
236,2016-03-07,23.81,24.18,22.2,22.41,137317.0,23.81,0.0,24.18,22.2,22.41,1.0,137317.0,0,07
237,2016-03-04,22.46,23.31,22.17,23.15,116866.0,22.46,0.0,23.31,22.17,23.15,1.0,116866.0,4,04
238,2016-03-03,23.16,23.78,22.4,23.74,130469.0,23.16,0.0,23.78,22.4,23.74,1.0,130469.0,3,03
239,2016-03-02,23.81,24.86,22.5,22.93,293763.0,23.81,0.0,24.86,22.5,22.93,1.0,293763.0,2,02
240,2016-03-01,22.45,22.5,21.1,21.25,149824.0,22.45,0.0,22.5,21.1,21.25,1.0,149824.0,1,01
241,2016-02-29,21.09,22.2,20.73,22.06,153916.0,21.09,0.0,22.2,20.73,22.06,1.0,153916.0,0,29
242,2016-02-26,22.1,22.35,21.39,22.19,102819.0,22.1,0.0,22.35,21.39,22.19,1.0,102819.0,4,26
243,2016-02-25,22.06,22.15,21.2401,21.82,117734.0,22.06,0.0,22.15,21.2401,21.82,1.0,117734.0,3,25
244,2016-02-24,21.6,21.87,19.01,20.8,204357.0,21.6,0.0,21.87,19.01,20.8,1.0,204357.0,2,24
245,2016-02-23,21.15,23.74,21.05,23.61,203919.0,21.15,0.0,23.74,21.05,23.61,1.0,203919.0,1,23
246,2016-02-22,23.9,24.64,22.5,22.51,205380.0,23.9,0.0,24.64,22.5,22.51,1.0,205380.0,0,22
247,2016-02-19,22.5,22.8403,21.65,22.09,133702.0,22.5,0.0,22.8403,21.65,22.09,1.0,133702.0,4,19
248,2016-02-18,22.17,23.5,22.09,22.53,229203.0,22.17,0.0,23.5,22.09,22.53,1.0,229203.0,3,18
249,2016-02-17,22.53,22.85,21.0,21.01,372359.0,22.53,0.0,22.85,21.0,21.01,1.0,372359.0,2,17
250,2016-02-16,21.01,21.11,20.04,20.35,103398.0,21.01,0.0,21.11,20.04,20.35,1.0,103398.0,1,16
251,2016-02-12,20.11,20.2,18.84,19.81,127520.0,20.11,0.0,20.2,18.84,19.81,1.0,127520.0,4,12
252,2016-02-11,19.39,19.79,18.22,19.0,160834.0,19.39,0.0,19.79,18.22,19.0,1.0,160834.0,3,11
253,2016-02-10,19.54,20.53,18.6901,19.06,145819.0,19.54,0.0,20.53,18.6901,19.06,1.0,145819.0,2,10
254,2016-02-09,18.84,19.535,17.94,18.26,193801.0,18.84,0.0,19.535,17.94,18.26,1.0,193801.0,1,09
255,2016-02-08,18.72,20.24,18.34,19.91,208260.0,18.72,0.0,20.24,18.34,19.91,1.0,208260.0,0,08
256,2016-02-05,20.26,23.28,19.75,21.21,162056.0,20.26,0.0,23.28,19.75,21.21,1.0,162056.0,4,05
257,2016-02-04,21.36,22.04,20.01,20.16,97104.0,21.36,0.0,22.04,20.01,20.16,1.0,97104.0,3,04
258,2016-02-03,20.3,21.02,19.69,21.02,164016.0,20.3,0.0,21.02,19.69,21.02,1.0,164016.0,2,03
259,2016-02-02,20.93,21.7,20.74,21.53,143161.0,20.93,0.0,21.7,20.74,21.53,1.0,143161.0,1,02
260,2016-02-01,21.82,22.25,20.99,21.25,156182.0,21.82,0.0,22.25,20.99,21.25,1.0,156182.0,0,01
261,2016-01-29,21.53,21.95,20.56,20.8,165176.0,21.53,0.0,21.95,20.56,20.8,1.0,165176.0,4,29
262,2016-01-28,20.8,22.3,20.3517,21.68,146279.0,20.8,0.0,22.3,20.3517,21.68,1.0,146279.0,3,28
263,2016-01-27,21.27,24.58,21.22,24.28,192589.0,21.27,0.0,24.58,21.22,24.28,1.0,192589.0,2,27
264,2016-01-26,24.24,25.19,23.29,25.19,74708.0,24.24,0.0,25.19,23.29,25.19,1.0,74708.0,1,26
265,2016-01-25,24.98,26.2,24.48,24.61,150417.0,24.98,0.0,26.2,24.48,24.61,1.0,150417.0,0,25
266,2016-01-22,24.99,25.12,23.7,24.24,100315.0,24.99,0.0,25.12,23.7,24.24,1.0,100315.0,4,22
267,2016-01-21,23.68,25.55,23.66,24.52,124996.0,23.68,0.0,25.55,23.66,24.52,1.0,124996.0,3,21
268,2016-01-20,24.56,24.98,21.49,22.55,155263.0,24.56,0.0,24.98,21.49,22.55,1.0,155263.0,2,20
269,2016-01-19,23.21,26.31,23.12,26.11,270231.0,23.21,0.0,26.31,23.12,26.11,1.0,270231.0,1,19
270,2016-01-15,25.55,27.31,24.43,25.86,249976.0,25.55,0.0,27.31,24.43,25.86,1.0,249976.0,4,15
271,2016-01-14,26.83,27.36,23.14,24.42,321025.0,26.83,0.0,27.36,23.14,24.42,1.0,321025.0,3,14
272,2016-01-13,24.61,29.81,24.33,29.81,261973.0,24.61,0.0,29.81,24.33,29.81,1.0,261973.0,2,13
273,2016-01-12,26.44,27.44,24.95,26.18,180958.0,26.44,0.0,27.44,24.95,26.18,1.0,180958.0,1,12
274,2016-01-11,25.77,27.31,24.745,27.31,165270.0,25.77,0.0,27.31,24.745,27.31,1.0,165270.0,0,11
275,2016-01-08,27.04,28.77,26.93,27.54,142906.0,27.04,0.0,28.77,26.93,27.54,1.0,142906.0,4,08
276,2016-01-07,27.35,28.84,27.21,27.83,204681.0,27.35,0.0,28.84,27.21,27.83,1.0,204681.0,3,07
277,2016-01-06,28.63,29.22,28.03,28.56,115128.0,28.63,0.0,29.22,28.03,28.56,1.0,115128.0,2,06
278,2016-01-05,29.07,29.505,28.47,29.34,103351.0,29.07,0.0,29.505,28.47,29.34,1.0,103351.0,1,05
279,2016-01-04,29.07,30.85,28.93,30.83,135441.0,29.07,0.0,30.85,28.93,30.83,1.0,135441.0,0,04
280,2015-12-31,31.6,31.67,30.39,30.51,168471.0,31.6,0.0,31.67,30.39,30.51,1.0,168471.0,3,31
281,2015-12-30,30.54,31.34,30.19,30.53,136324.0,30.54,0.0,31.34,30.19,30.53,1.0,136324.0,2,30
282,2015-12-29,30.7,31.15,30.02,31.14,150922.0,30.7,0.0,31.15,30.02,31.14,1.0,150922.0,1,29
283,2015-12-28,30.87,32.375,30.0,31.99,229414.0,30.87,0.0,32.375,30.0,31.99,1.0,229414.0,0,28
284,2015-12-24,32.06,33.745,31.375,33.4,112835.0,32.06,0.0,33.745,31.375,33.4,1.0,112835.0,3,24
285,2015-12-23,33.52,34.234,32.98,33.98,89731.0,33.52,0.0,34.234,32.98,33.98,1.0,89731.0,2,23
286,2015-12-22,33.5,34.15,32.25,32.72,89950.0,33.5,0.0,34.15,32.25,32.72,1.0,89950.0,1,22
287,2015-12-21,32.79,33.65,31.15,32.32,244845.0,32.79,0.0,33.65,31.15,32.32,1.0,244845.0,0,21
288,2015-12-18,31.89,32.72,31.635,32.33,816761.0,31.89,0.0,32.72,31.635,32.33,1.0,816761.0,4,18
289,2015-12-17,32.51,33.86,32.09,32.8,96714.0,32.51,0.0,33.86,32.09,32.8,1.0,96714.0,3,17
290,2015-12-16,32.8,33.06,31.925,32.65,172557.0,32.8,0.0,33.06,31.925,32.65,1.0,172557.0,2,16
291,2015-12-15,32.43,33.39,31.95,32.0,182278.0,32.43,0.0,33.39,31.95,32.0,1.0,182278.0,1,15
292,2015-12-14,31.94,33.38,30.9,32.92,180816.0,31.94,0.0,33.38,30.9,32.92,1.0,180816.0,0,14
293,2015-12-11,32.95,33.6,32.3409,32.6,151190.0,32.95,0.0,33.6,32.3409,32.6,1.0,151190.0,4,11
294,2015-12-10,33.26,36.36,32.86,36.36,157506.0,33.26,0.0,36.36,32.86,36.36,1.0,157506.0,3,10
295,2015-12-09,36.24,37.83,36.0,36.77,180583.0,36.24,0.0,37.83,36.0,36.77,1.0,180583.0,2,09
296,2015-12-08,36.89,37.58,35.66,35.92,144508.0,36.89,0.0,37.58,35.66,35.92,1.0,144508.0,1,08
297,2015-12-07,36.27,36.736,34.69,36.39,120894.0,36.27,0.0,36.736,34.69,36.39,1.0,120894.0,0,07
298,2015-12-04,36.24,37.03,34.24,35.86,190096.0,36.24,0.0,37.03,34.24,35.86,1.0,190096.0,4,04
299,2015-12-03,35.62,38.35,35.44,38.21,121109.0,35.62,0.0,38.35,35.44,38.21,1.0,121109.0,3,03
300,2015-12-02,37.73,38.07,36.37,36.39,146616.0,37.73,0.0,38.07,36.37,36.39,1.0,146616.0,2,02
301,2015-12-01,36.48,38.36,35.735,38.36,91769.0,36.48,0.0,38.36,35.735,38.36,1.0,91769.0,1,01
302,2015-11-30,38.03,38.98,36.99,38.47,140796.0,38.03,0.0,38.98,36.99,38.47,1.0,140796.0,0,30
303,2015-11-27,38.45,39.16,38.16,38.16,96705.0,38.45,0.0,39.16,38.16,38.16,1.0,96705.0,4,27
304,2015-11-25,38.0,38.92,37.0,37.81,281811.0,38.0,0.0,38.92,37.0,37.81,1.0,281811.0,2,25
305,2015-11-24,37.56,38.64,36.95,38.36,135181.0,37.56,0.0,38.64,36.95,38.36,1.0,135181.0,1,24
306,2015-11-23,38.74,38.9,36.8,36.8,99920.0,38.74,0.0,38.9,36.8,36.8,1.0,99920.0,0,23
307,2015-11-20,37.45,38.826,37.06,38.75,124386.0,37.45,0.0,38.826,37.06,38.75,1.0,124386.0,4,20
308,2015-11-19,38.5,39.5,37.9,39.5,150142.0,38.5,0.0,39.5,37.9,39.5,1.0,150142.0,3,19
309,2015-11-18,39.37,39.67,37.36,39.67,127075.0,39.37,0.0,39.67,37.36,39.67,1.0,127075.0,2,18
310,2015-11-17,39.35,40.33,38.65,39.92,149898.0,39.35,0.0,40.33,38.65,39.92,1.0,149898.0,1,17
311,2015-11-16,39.69,41.19,37.1,41.09,263202.0,39.69,0.0,41.19,37.1,41.09,1.0,263202.0,0,16
312,2015-11-13,41.1,42.6999,40.59,40.67,163619.0,41.1,0.0,42.6999,40.59,40.67,1.0,163619.0,4,13
313,2015-11-12,40.91,43.2,40.715,41.48,255486.0,40.91,0.0,43.2,40.715,41.48,1.0,255486.0,3,12
314,2015-11-11,41.86,42.84,41.32,42.63,143680.0,41.86,0.0,42.84,41.32,42.63,1.0,143680.0,2,11
315,2015-11-10,42.38,42.46,39.1334,39.6,182275.0,42.38,0.0,42.46,39.1334,39.6,1.0,182275.0,1,10
316,2015-11-09,39.7,40.2,38.32,38.54,269118.0,39.7,0.0,40.2,38.32,38.54,1.0,269118.0,0,09
317,2015-11-06,38.42,38.485,34.52,35.89,161991.0,38.42,0.0,38.485,34.52,35.89,1.0,161991.0,4,06
318,2015-11-05,36.49,39.43,36.27,39.43,282423.0,36.49,0.0,39.43,36.27,39.43,1.0,282423.0,3,05
319,2015-11-04,39.11,39.7,38.17,38.46,138176.0,39.11,0.0,39.7,38.17,38.46,1.0,138176.0,2,04
320,2015-11-03,38.4,39.46,36.98,38.25,201761.0,38.4,0.0,39.46,36.98,38.25,1.0,201761.0,1,03
321,2015-11-02,38.21,39.99,35.58,35.58,231311.0,38.21,0.0,39.99,35.58,35.58,1.0,231311.0,0,02
322,2015-10-30,35.38,36.1,34.73,35.0,191518.0,35.38,0.0,36.1,34.73,35.0,1.0,191518.0,4,30
323,2015-10-29,34.94,35.52,34.49,34.73,180090.0,34.94,0.0,35.52,34.49,34.73,1.0,180090.0,3,29
324,2015-10-28,34.74,35.05,33.43,34.2,145882.0,34.74,0.0,35.05,33.43,34.2,1.0,145882.0,2,28
325,2015-10-27,34.03,34.26,33.02,33.82,161511.0,34.03,0.0,34.26,33.02,33.82,1.0,161511.0,1,27
326,2015-10-26,33.92,35.33,33.3522,34.08,198414.0,33.92,0.0,35.33,33.3522,34.08,1.0,198414.0,0,26
327,2015-10-23,34.27,35.28,33.788,34.76,117801.0,34.27,0.0,35.28,33.788,34.76,1.0,117801.0,4,23
328,2015-10-22,34.1,35.63,32.175,33.78,407769.0,34.1,0.0,35.63,32.175,33.78,1.0,407769.0,3,22
329,2015-10-21,33.53,34.45,32.61,34.29,172475.0,33.53,0.0,34.45,32.61,34.29,1.0,172475.0,2,21
330,2015-10-20,34.04,36.81,33.14,36.71,346382.0,34.04,0.0,36.81,33.14,36.71,1.0,346382.0,1,20
331,2015-10-19,36.96,38.56,34.46,35.64,417277.0,36.96,0.0,38.56,34.46,35.64,1.0,417277.0,0,19
332,2015-10-16,34.88,35.2,33.74,34.31,176525.0,34.88,0.0,35.2,33.74,34.31,1.0,176525.0,4,16
333,2015-10-15,34.24,34.41,32.34,32.34,99242.0,34.24,0.0,34.41,32.34,32.34,1.0,99242.0,3,15
334,2015-10-14,32.56,34.14,31.26,31.52,183487.0,32.56,0.0,34.14,31.26,31.52,1.0,183487.0,2,14
335,2015-10-13,31.36,32.862,30.96,31.94,174654.0,31.36,0.0,32.862,30.96,31.94,1.0,174654.0,1,13
336,2015-10-12,32.08,32.86,31.335,32.19,174075.0,32.08,0.0,32.86,31.335,32.19,1.0,174075.0,0,12
337,2015-10-09,32.15,32.97,30.72,31.89,185370.0,32.15,0.0,32.97,30.72,31.89,1.0,185370.0,4,09
338,2015-10-08,32.11,33.5,31.55,33.28,175661.0,32.11,0.0,33.5,31.55,33.28,1.0,175661.0,3,08
339,2015-10-07,33.65,34.31,30.91,32.12,151887.0,33.65,0.0,34.31,30.91,32.12,1.0,151887.0,2,07
340,2015-10-06,32.1,33.3,29.14,32.5,177029.0,32.1,0.0,33.3,29.14,32.5,1.0,177029.0,1,06
341,2015-10-05,32.72,33.73,31.42,33.51,201914.0,32.72,0.0,33.73,31.42,33.51,1.0,201914.0,0,05
342,2015-10-02,32.96,33.822,31.99,32.0,189538.0,32.96,0.0,33.822,31.99,32.0,1.0,189538.0,4,02
343,2015-10-01,33.22,34.22,31.215,33.93,709858.0,33.22,0.0,34.22,31.215,33.93,1.0,709858.0,3,01
344,2015-09-30,34.42,34.46,31.0,31.9,683051.0,34.42,0.0,34.46,31.0,31.9,1.0,683051.0,2,30
345,2015-09-29,31.24,33.24,28.89,29.82,580682.0,31.24,0.0,33.24,28.89,29.82,1.0,580682.0,1,29
346,2015-09-28,29.82,32.9299,29.12,31.69,510171.0,29.82,0.0,32.9299,29.12,31.69,1.0,510171.0,0,28
347,2015-09-25,32.06,36.199,31.75,35.2,403059.0,32.06,0.0,36.199,31.75,35.2,1.0,403059.0,4,25
348,2015-09-24,35.15,35.25,33.24,34.5,238271.0,35.15,0.0,35.25,33.24,34.5,1.0,238271.0,3,24
349,2015-09-23,34.61,35.8,33.99,35.23,398453.0,34.61,0.0,35.8,33.99,35.23,1.0,398453.0,2,23
350,2015-09-22,35.02,40.64,34.9,40.12,924669.0,35.02,0.0,40.64,34.9,40.12,1.0,924669.0,1,22
351,2015-09-21,40.94,44.87,40.5591,44.03,696981.0,40.94,0.0,44.87,40.5591,44.03,1.0,696981.0,0,21
352,2015-09-18,43.57,43.98,41.46,42.53,962413.0,43.57,0.0,43.98,41.46,42.53,1.0,962413.0,4,18
353,2015-09-17,42.57,44.216,41.28,42.93,840070.0,42.57,0.0,44.216,41.28,42.93,1.0,840070.0,3,17
354,2015-09-16,44.34,47.45,44.26,46.7,2200080.0,44.34,0.0,47.45,44.26,46.7,1.0,2200080.0,2,16
355,2015-09-15,47.7,52.0,44.75,44.75,1303512.0,47.7,0.0,52.0,44.75,44.75,1.0,1303512.0,1,15
356,2015-09-14,46.29,46.51,41.91,43.19,670830.0,46.29,0.0,46.51,41.91,43.19,1.0,670830.0,0,14
357,2015-09-11,43.38,44.6799,34.23,34.42,1048498.0,43.38,0.0,44.6799,34.23,34.42,1.0,1048498.0,4,11
358,2015-09-10,34.8,34.87,32.08,32.41,468534.0,34.8,0.0,34.87,32.08,32.41,1.0,468534.0,3,10
359,2015-09-09,32.15,34.55,31.1153,31.25,595156.0,32.15,0.0,34.55,31.1153,31.25,1.0,595156.0,2,09
360,2015-09-08,28.0,28.23,26.24,26.5,283023.0,28.0,0.0,28.23,26.24,26.5,1.0,283023.0,1,08
361,2015-09-04,25.85,27.278,25.28,25.66,185805.0,25.85,0.0,27.278,25.28,25.66,1.0,185805.0,4,04
362,2015-09-03,25.98,28.45,25.77,27.8,86206.0,25.98,0.0,28.45,25.77,27.8,1.0,86206.0,3,03
363,2015-09-02,27.84,27.97,25.88,27.05,106729.0,27.84,0.0,27.97,25.88,27.05,1.0,106729.0,2,02
364,2015-09-01,26.57,27.22,25.15,25.16,130546.0,26.57,0.0,27.22,25.15,25.16,1.0,130546.0,1,01
365,2015-08-31,25.82,27.24,25.56,26.48,113349.0,25.82,0.0,27.24,25.56,26.48,1.0,113349.0,0,31
366,2015-08-28,26.66,26.71,25.12,25.12,60860.0,26.66,0.0,26.71,25.12,25.12,1.0,60860.0,4,28
367,2015-08-27,25.49,25.5579,24.06,25.38,126969.0,25.49,0.0,25.5579,24.06,25.38,1.0,126969.0,3,27
368,2015-08-26,24.92,25.0,22.8,23.19,131175.0,24.92,0.0,25.0,22.8,23.19,1.0,131175.0,2,26
369,2015-08-25,22.56,23.215,21.88,22.42,112514.0,22.56,0.0,23.215,21.88,22.42,1.0,112514.0,1,25
370,2015-08-24,21.58,23.45,20.68,21.0,119587.0,21.58,0.0,23.45,20.68,21.0,1.0,119587.0,0,24
371,2015-08-21,22.18,22.88,21.1,21.1,112478.0,22.18,0.0,22.88,21.1,21.1,1.0,112478.0,4,21
372,2015-08-20,21.69,22.89,21.65,22.57,129179.0,21.69,0.0,22.89,21.65,22.57,1.0,129179.0,3,20
373,2015-08-19,22.77,24.254,22.66,23.06,128564.0,22.77,0.0,24.254,22.66,23.06,1.0,128564.0,2,19
374,2015-08-18,23.41,23.97,22.69,23.96,110798.0,23.41,0.0,23.97,22.69,23.96,1.0,110798.0,1,18
375,2015-08-17,23.9,24.04,22.205,22.3,48329.0,23.9,0.0,24.04,22.205,22.3,1.0,48329.0,0,17
376,2015-08-14,22.5,22.79,21.15,22.5,77968.0,22.5,0.0,22.79,21.15,22.5,1.0,77968.0,4,14
377,2015-08-13,22.49,24.0,22.39,22.58,79499.0,22.49,0.0,24.0,22.39,22.58,1.0,79499.0,3,13
378,2015-08-12,22.56,22.8,20.85,22.44,125539.0,22.56,0.0,22.8,20.85,22.44,1.0,125539.0,2,12
379,2015-08-11,22.36,23.89,22.28,23.83,139092.0,22.36,0.0,23.89,22.28,23.83,1.0,139092.0,1,11
380,2015-08-10,23.77,24.51,22.27,24.1,213497.0,23.77,0.0,24.51,22.27,24.1,1.0,213497.0,0,10
381,2015-08-07,24.1,26.95,22.301,26.95,268044.0,24.1,0.0,26.95,22.301,26.95,1.0,268044.0,4,07
382,2015-08-06,27.12,30.48,26.21,28.33,137010.0,27.12,0.0,30.48,26.21,28.33,1.0,137010.0,3,06
383,2015-08-05,28.12,29.24,27.98,28.28,75791.0,28.12,0.0,29.24,27.98,28.28,1.0,75791.0,2,05
384,2015-08-04,27.82,28.69,27.68,28.14,110447.0,27.82,0.0,28.69,27.68,28.14,1.0,110447.0,1,04
385,2015-08-03,27.96,29.45,27.77,28.78,94417.0,27.96,0.0,29.45,27.77,28.78,1.0,94417.0,0,03
386,2015-07-31,28.61,29.39,27.1,27.71,90056.0,28.61,0.0,29.39,27.1,27.71,1.0,90056.0,4,31
387,2015-07-30,27.5,27.69,26.295,27.52,73619.0,27.5,0.0,27.69,26.295,27.52,1.0,73619.0,3,30
388,2015-07-29,27.46,29.37,27.08,29.37,59382.0,27.46,0.0,29.37,27.08,29.37,1.0,59382.0,2,29
389,2015-07-28,29.3,30.35,27.28,28.18,119179.0,29.3,0.0,30.35,27.28,28.18,1.0,119179.0,1,28
390,2015-07-27,28.24,28.56,27.45,28.44,84908.0,28.24,0.0,28.56,27.45,28.44,1.0,84908.0,0,27
391,2015-07-24,28.72,30.13,28.56,29.81,79170.0,28.72,0.0,30.13,28.56,29.81,1.0,79170.0,4,24
392,2015-07-23,29.91,31.5,29.76,31.4,83172.0,29.91,0.0,31.5,29.76,31.4,1.0,83172.0,3,23
393,2015-07-22,31.18,31.44,30.25,31.27,157432.0,31.18,0.0,31.44,30.25,31.27,1.0,157432.0,2,22
394,2015-07-21,31.46,33.23,31.32,33.08,65751.0,31.46,0.0,33.23,31.32,33.08,1.0,65751.0,1,21
395,2015-07-20,32.97,33.5,32.4101,33.15,73155.0,32.97,0.0,33.5,32.4101,33.15,1.0,73155.0,0,20
396,2015-07-17,32.95,33.74,32.8,33.38,114480.0,32.95,0.0,33.74,32.8,33.38,1.0,114480.0,4,17
397,2015-07-16,33.48,34.04,32.79,33.71,220880.0,33.48,0.0,34.04,32.79,33.71,1.0,220880.0,3,16
398,2015-07-15,33.48,34.97,33.3456,34.03,54647.0,33.48,0.0,34.97,33.3456,34.03,1.0,54647.0,2,15
399,2015-07-14,33.85,34.9,33.33,33.79,105718.0,33.85,0.0,34.9,33.33,33.79,1.0,105718.0,1,14
400,2015-07-13,33.63,33.8144,31.94,32.03,151277.0,33.63,0.0,33.8144,31.94,32.03,1.0,151277.0,0,13
401,2015-07-10,31.67,32.2,31.0,31.24,89506.0,31.67,0.0,32.2,31.0,31.24,1.0,89506.0,4,10
402,2015-07-09,30.86,31.42,30.66,31.37,60824.0,30.86,0.0,31.42,30.66,31.37,1.0,60824.0,3,09
403,2015-07-08,30.81,31.56,30.725,31.52,159213.0,30.81,0.0,31.56,30.725,31.52,1.0,159213.0,2,08
404,2015-07-07,31.68,32.22,31.0201,32.02,72195.0,31.68,0.0,32.22,31.0201,32.02,1.0,72195.0,1,07
405,2015-07-06,31.85,32.9,30.794,31.18,79488.0,31.85,0.0,32.9,30.794,31.18,1.0,79488.0,0,06
406,2015-07-02,31.3,31.68,30.965,31.68,43547.0,31.3,0.0,31.68,30.965,31.68,1.0,43547.0,3,02
407,2015-07-01,31.69,32.32,31.08,31.89,72202.0,31.69,0.0,32.32,31.08,31.89,1.0,72202.0,2,01
408,2015-06-30,31.47,31.95,30.75,31.12,84880.0,31.47,0.0,31.95,30.75,31.12,1.0,84880.0,1,30
409,2015-06-29,30.86,31.815,30.43,30.64,143105.0,30.86,0.0,31.815,30.43,30.64,1.0,143105.0,0,29
410,2015-06-26,31.17,31.5,30.18,30.91,300068.0,31.17,0.0,31.5,30.18,30.91,1.0,300068.0,4,26
411,2015-06-25,30.68,31.95,30.01,31.35,100119.0,30.68,0.0,31.95,30.01,31.35,1.0,100119.0,3,25
412,2015-06-24,31.04,31.985,31.0,31.52,62246.0,31.04,0.0,31.985,31.0,31.52,1.0,62246.0,2,24
413,2015-06-23,31.49,32.11,31.19,31.75,72185.0,31.49,0.0,32.11,31.19,31.75,1.0,72185.0,1,23
414,2015-06-22,31.76,32.29,31.32,31.4,97724.0,31.76,0.0,32.29,31.32,31.4,1.0,97724.0,0,22
415,2015-06-19,31.32,32.11,31.08,31.84,99600.0,31.32,0.0,32.11,31.08,31.84,1.0,99600.0,4,19
416,2015-06-18,31.84,32.3981,31.38,31.64,85589.0,31.84,0.0,32.3981,31.38,31.64,1.0,85589.0,3,18
417,2015-06-17,31.38,32.12,30.61,31.0,191331.0,31.38,0.0,32.12,30.61,31.0,1.0,191331.0,2,17
418,2015-06-16,30.97,31.4,30.65,31.0,69465.0,30.97,0.0,31.4,30.65,31.0,1.0,69465.0,1,16
419,2015-06-15,31.04,31.61,30.1,30.41,102622.0,31.04,0.0,31.61,30.1,30.41,1.0,102622.0,0,15
420,2015-06-12,30.4,30.97,29.83,30.55,158731.0,30.4,0.0,30.97,29.83,30.55,1.0,158731.0,4,12
421,2015-06-11,30.51,32.98,30.14,31.49,199432.0,30.51,0.0,32.98,30.14,31.49,1.0,199432.0,3,11
422,2015-06-10,31.2,32.06,30.2,31.11,84785.0,31.2,0.0,32.06,30.2,31.11,1.0,84785.0,2,10
423,2015-06-09,31.15,33.78,30.65,33.53,126351.0,31.15,0.0,33.78,30.65,33.53,1.0,126351.0,1,09
424,2015-06-08,33.84,35.4,32.93,34.64,133938.0,33.84,0.0,35.4,32.93,34.64,1.0,133938.0,0,08
425,2015-06-05,35.01,36.1197,31.33,31.33,203137.0,35.01,0.0,36.1197,31.33,31.33,1.0,203137.0,4,05
426,2015-06-04,31.65,31.83,29.63,29.74,309559.0,31.65,0.0,31.83,29.63,29.74,1.0,309559.0,3,04
427,2015-06-03,30.01,30.6,27.5101,27.68,378276.0,30.01,0.0,30.6,27.5101,27.68,1.0,378276.0,2,03
428,2015-06-02,27.7,27.94,25.7011,26.53,269309.0,27.7,0.0,27.94,25.7011,26.53,1.0,269309.0,1,02
429,2015-06-01,26.87,30.51,25.27,27.76,1231226.0,26.87,0.0,30.51,25.27,27.76,1.0,1231226.0,0,01
430,2015-05-29,36.66,37.43,35.8222,36.28,363454.0,36.66,0.0,37.43,35.8222,36.28,1.0,363454.0,4,29
431,2015-05-28,36.18,36.89,32.79,34.0,316526.0,36.18,0.0,36.89,32.79,34.0,1.0,316526.0,3,28
432,2015-05-27,33.75,34.0,28.16,28.22,260272.0,33.75,0.0,34.0,28.16,28.22,1.0,260272.0,2,27
433,2015-05-26,28.34,28.589,26.01,26.49,130309.0,28.34,0.0,28.589,26.01,26.49,1.0,130309.0,1,26
434,2015-05-22,26.81,26.98,25.85,25.85,106529.0,26.81,0.0,26.98,25.85,25.85,1.0,106529.0,4,22
435,2015-05-21,25.84,27.932,25.21,27.39,115805.0,25.84,0.0,27.932,25.21,27.39,1.0,115805.0,3,21
436,2015-05-20,27.28,27.55,25.63,26.63,127458.0,27.28,0.0,27.55,25.63,26.63,1.0,127458.0,2,20
437,2015-05-19,26.38,28.926,26.34,28.18,102747.0,26.38,0.0,28.926,26.34,28.18,1.0,102747.0,1,19
438,2015-05-18,28.3,29.8,28.01,28.13,187063.0,28.3,0.0,29.8,28.01,28.13,1.0,187063.0,0,18
439,2015-05-15,28.32,29.76,27.68,29.76,98885.0,28.32,0.0,29.76,27.68,29.76,1.0,98885.0,4,15
440,2015-05-14,29.81,30.6,29.18,30.6,65175.0,29.81,0.0,30.6,29.18,30.6,1.0,65175.0,3,14
441,2015-05-13,30.43,30.94,29.93,30.94,49310.0,30.43,0.0,30.94,29.93,30.94,1.0,49310.0,2,13
442,2015-05-12,30.85,31.41,28.88,29.5,139820.0,30.85,0.0,31.41,28.88,29.5,1.0,139820.0,1,12
443,2015-05-11,29.99,30.49,28.93,28.93,82514.0,29.99,0.0,30.49,28.93,28.93,1.0,82514.0,0,11
444,2015-05-08,30.76,32.17,30.41,30.65,127083.0,30.76,0.0,32.17,30.41,30.65,1.0,127083.0,4,08
445,2015-05-07,29.9,30.18,28.28,28.31,141363.0,29.9,0.0,30.18,28.28,28.31,1.0,141363.0,3,07
446,2015-05-06,28.4,29.04,27.98,28.22,70249.0,28.4,0.0,29.04,27.98,28.22,1.0,70249.0,2,06
447,2015-05-05,28.08,28.41,27.25,27.94,45857.0,28.08,0.0,28.41,27.25,27.94,1.0,45857.0,1,05
448,2015-05-04,28.28,28.95,26.83,26.94,63022.0,28.28,0.0,28.95,26.83,26.94,1.0,63022.0,0,04
449,2015-05-01,27.01,28.855,26.52,27.87,69328.0,27.01,0.0,28.855,26.52,27.87,1.0,69328.0,4,01
450,2015-04-30,27.79,28.8,27.29,28.19,89996.0,27.79,0.0,28.8,27.29,28.19,1.0,89996.0,3,30
451,2015-04-29,28.01,29.1,27.57,27.91,65245.0,28.01,0.0,29.1,27.57,27.91,1.0,65245.0,2,29
452,2015-04-28,28.0,28.16,25.84,27.1,65282.0,28.0,0.0,28.16,25.84,27.1,1.0,65282.0,1,28
453,2015-04-27,26.98,28.78,25.78,27.99,122714.0,26.98,0.0,28.78,25.78,27.99,1.0,122714.0,0,27
454,2015-04-24,27.87,28.07,27.61,27.86,28712.0,27.87,0.0,28.07,27.61,27.86,1.0,28712.0,4,24
455,2015-04-23,28.02,28.726,27.7,27.7,46409.0,28.02,0.0,28.726,27.7,27.7,1.0,46409.0,3,23
456,2015-04-22,27.86,28.696,27.45,28.18,43696.0,27.86,0.0,28.696,27.45,28.18,1.0,43696.0,2,22
457,2015-04-21,28.05,29.058,27.69,28.12,106197.0,28.05,0.0,29.058,27.69,28.12,1.0,106197.0,1,21
458,2015-04-20,27.87,28.19,27.16,27.62,50301.0,27.87,0.0,28.19,27.16,27.62,1.0,50301.0,0,20
459,2015-04-17,27.59,28.906,26.96,27.33,58555.0,27.59,0.0,28.906,26.96,27.33,1.0,58555.0,4,17
460,2015-04-16,27.8,28.986,27.24,27.89,67035.0,27.8,0.0,28.986,27.24,27.89,1.0,67035.0,3,16
461,2015-04-15,27.87,28.804,27.54,27.93,84366.0,27.87,0.0,28.804,27.54,27.93,1.0,84366.0,2,15
462,2015-04-14,27.7,29.016,27.59,28.31,56797.0,27.7,0.0,29.016,27.59,28.31,1.0,56797.0,1,14
463,2015-04-13,28.17,29.08,27.33,27.33,44310.0,28.17,0.0,29.08,27.33,27.33,1.0,44310.0,0,13
464,2015-04-10,27.42,27.84,26.63,26.98,20725.0,27.42,0.0,27.84,26.63,26.98,1.0,20725.0,4,10
465,2015-04-09,26.78,28.34,26.35,27.75,31386.0,26.78,0.0,28.34,26.35,27.75,1.0,31386.0,3,09
466,2015-04-08,27.59,28.03,26.83,26.83,63126.0,27.59,0.0,28.03,26.83,26.83,1.0,63126.0,2,08
467,2015-04-07,26.95,28.48,26.34,26.81,83443.0,26.95,0.0,28.48,26.34,26.81,1.0,83443.0,1,07
468,2015-04-06,26.71,27.91,26.38,27.5,105372.0,26.71,0.0,27.91,26.38,27.5,1.0,105372.0,0,06
469,2015-04-02,27.73,29.44,27.48,29.0,82556.0,27.73,0.0,29.44,27.48,29.0,1.0,82556.0,3,02
470,2015-04-01,29.11,29.68,28.17,29.11,71893.0,29.11,0.0,29.68,28.17,29.11,1.0,71893.0,2,01
471,2015-03-31,29.32,29.97,28.2,28.83,88629.0,29.32,0.0,29.97,28.2,28.83,1.0,88629.0,1,31
472,2015-03-30,29.11,29.68,28.31,28.55,75044.0,29.11,0.0,29.68,28.31,28.55,1.0,75044.0,0,30
473,2015-03-27,28.42,28.5,25.94,26.88,125257.0,28.42,0.0,28.5,25.94,26.88,1.0,125257.0,4,27
474,2015-03-26,26.37,27.53,24.77,25.51,86573.0,26.37,0.0,27.53,24.77,25.51,1.0,86573.0,3,26
475,2015-03-25,25.72,27.54,25.46,27.51,91218.0,25.72,0.0,27.54,25.46,27.51,1.0,91218.0,2,25
476,2015-03-24,27.51,27.8,26.23,27.08,85175.0,27.51,0.0,27.8,26.23,27.08,1.0,85175.0,1,24
477,2015-03-23,27.13,30.14,27.07,29.97,182003.0,27.13,0.0,30.14,27.07,29.97,1.0,182003.0,0,23
478,2015-03-20,29.85,30.765,28.8,30.15,191987.0,29.85,0.0,30.765,28.8,30.15,1.0,191987.0,4,20
479,2015-03-19,29.92,30.27,29.028,29.35,128543.0,29.92,0.0,30.27,29.028,29.35,1.0,128543.0,3,19
480,2015-03-18,29.56,29.7799,26.168,27.34,154263.0,29.56,0.0,29.7799,26.168,27.34,1.0,154263.0,2,18
481,2015-03-17,27.55,27.84,26.03,26.53,113575.0,27.55,0.0,27.84,26.03,26.53,1.0,113575.0,1,17
482,2015-03-16,26.61,26.85,25.544,25.99,55174.0,26.61,0.0,26.85,25.544,25.99,1.0,55174.0,0,16
483,2015-03-13,25.61,25.63,24.4,24.46,74825.0,25.61,0.0,25.63,24.4,24.46,1.0,74825.0,4,13
484,2015-03-12,24.41,24.567,23.98,24.39,71762.0,24.41,0.0,24.567,23.98,24.39,1.0,71762.0,3,12
485,2015-03-11,24.06,24.67,23.99,24.67,61195.0,24.06,0.0,24.67,23.99,24.67,1.0,61195.0,2,11
486,2015-03-10,24.54,24.9,23.79,24.59,41384.0,24.54,0.0,24.9,23.79,24.59,1.0,41384.0,1,10
487,2015-03-09,24.97,25.26,24.11,25.02,33496.0,24.97,0.0,25.26,24.11,25.02,1.0,33496.0,0,09
488,2015-03-06,25.08,26.6,24.87,26.03,90131.0,25.08,0.0,26.6,24.87,26.03,1.0,90131.0,4,06
489,2015-03-05,26.65,27.9299,24.45,24.45,102683.0,26.65,0.0,27.9299,24.45,24.45,1.0,102683.0,3,05
490,2015-03-04,24.4,24.48,23.21,23.3301,31275.0,24.4,0.0,24.48,23.21,23.3301,1.0,31275.0,2,04
491,2015-03-03,23.55,24.08,23.3,23.98,42418.0,23.55,0.0,24.08,23.3,23.98,1.0,42418.0,1,03
492,2015-03-02,24.19,24.34,23.27,23.7979,56118.0,24.19,0.0,24.34,23.27,23.7979,1.0,56118.0,0,02
493,2015-02-27,23.77,24.16,23.69,23.97,179997.0,23.77,0.0,24.16,23.69,23.97,1.0,179997.0,4,27
494,2015-02-26,23.97,24.0,22.92,23.33,32973.0,23.97,0.0,24.0,22.92,23.33,1.0,32973.0,3,26
495,2015-02-25,23.32,23.45,22.545,23.18,62337.0,23.32,0.0,23.45,22.545,23.18,1.0,62337.0,2,25
496,2015-02-24,23.13,24.23,22.39,24.07,51123.0,23.13,0.0,24.23,22.39,24.07,1.0,51123.0,1,24
497,2015-02-23,24.18,24.47,23.2879,23.56,92412.0,24.18,0.0,24.47,23.2879,23.56,1.0,92412.0,0,23
498,2015-02-20,23.7,23.96,22.84,23.14,46361.0,23.7,0.0,23.96,22.84,23.14,1.0,46361.0,4,20
499,2015-02-19,23.08,23.275,22.38,22.44,41784.0,23.08,0.0,23.275,22.38,22.44,1.0,41784.0,3,19
500,2015-02-18,22.56,22.68,22.17,22.4,26135.0,22.56,0.0,22.68,22.17,22.4,1.0,26135.0,2,18
501,2015-02-17,22.52,23.1,22.17,22.29,36039.0,22.52,0.0,23.1,22.17,22.29,1.0,36039.0,1,17
502,2015-02-13,22.51,22.909,22.04,22.59,39312.0,22.51,0.0,22.909,22.04,22.59,1.0,39312.0,4,13
503,2015-02-12,22.59,23.08,21.86,22.39,35325.0,22.59,0.0,23.08,21.86,22.39,1.0,35325.0,3,12
504,2015-02-11,22.35,23.125,22.05,22.34,62561.0,22.35,0.0,23.125,22.05,22.34,1.0,62561.0,2,11
505,2015-02-10,22.33,23.01,21.83,22.0,37577.0,22.33,0.0,23.01,21.83,22.0,1.0,37577.0,1,10
506,2015-02-09,22.17,22.78,22.07,22.53,38812.0,22.17,0.0,22.78,22.07,22.53,1.0,38812.0,0,09
507,2015-02-06,22.65,23.25,22.51,23.08,91767.0,22.65,0.0,23.25,22.51,23.08,1.0,91767.0,4,06
508,2015-02-05,22.96,23.0,21.4101,21.74,93724.0,22.96,0.0,23.0,21.4101,21.74,1.0,93724.0,3,05
509,2015-02-04,21.51,21.64,20.57,20.655,46987.0,21.51,0.0,21.64,20.57,20.655,1.0,46987.0,2,04
510,2015-02-03,21.14,21.43,20.48,21.03,37937.0,21.14,0.0,21.43,20.48,21.03,1.0,37937.0,1,03
511,2015-02-02,20.96,21.0,20.27,20.7,31403.0,20.96,0.0,21.0,20.27,20.7,1.0,31403.0,0,02
512,2015-01-30,20.75,21.1,20.39,20.94,62902.0,20.75,0.0,21.1,20.39,20.94,1.0,62902.0,4,30
513,2015-01-29,21.29,21.474,20.0,20.6,494553.0,21.29,0.0,21.474,20.0,20.6,1.0,494553.0,3,29
514,2015-01-28,20.46,21.54,20.2701,20.99,54335.0,20.46,0.0,21.54,20.2701,20.99,1.0,54335.0,2,28
515,2015-01-27,20.98,21.09,19.83,19.85,37485.0,20.98,0.0,21.09,19.83,19.85,1.0,37485.0,1,27
516,2015-01-26,19.9,20.065,19.002,19.3099,16849.0,19.9,0.0,20.065,19.002,19.3099,1.0,16849.0,0,26
517,2015-01-23,19.27,20.0,19.22,19.46,23580.0,19.27,0.0,20.0,19.22,19.46,1.0,23580.0,4,23
518,2015-01-22,19.42,19.75,18.64,19.75,33647.0,19.42,0.0,19.75,18.64,19.75,1.0,33647.0,3,22
519,2015-01-21,19.75,20.6799,19.4,20.57,26206.0,19.75,0.0,20.6799,19.4,20.57,1.0,26206.0,2,21
520,2015-01-20,20.89,21.26,20.38,21.22,30348.0,20.89,0.0,21.26,20.38,21.22,1.0,30348.0,1,20
521,2015-01-16,21.25,21.37,21.01,21.01,142137.0,21.25,0.0,21.37,21.01,21.01,1.0,142137.0,4,16
522,2015-01-15,21.09,21.84,21.015,21.75,31908.0,21.09,0.0,21.84,21.015,21.75,1.0,31908.0,3,15
523,2015-01-14,21.74,21.9,21.25,21.55,21725.0,21.74,0.0,21.9,21.25,21.55,1.0,21725.0,2,14
524,2015-01-13,21.81,22.4,21.42,22.0,26178.0,21.81,0.0,22.4,21.42,22.0,1.0,26178.0,1,13
525,2015-01-12,21.98,22.65,21.76,22.2,26103.0,21.98,0.0,22.65,21.76,22.2,1.0,26103.0,0,12
526,2015-01-09,22.27,22.464,21.3801,22.0,44713.0,22.27,0.0,22.464,21.3801,22.0,1.0,44713.0,4,09
527,2015-01-08,22.23,22.55,21.6,21.9,49610.0,22.23,0.0,22.55,21.6,21.9,1.0,49610.0,3,08
528,2015-01-07,21.7,21.7,19.6,19.83,59278.0,21.7,0.0,21.7,19.6,19.83,1.0,59278.0,2,07
529,2015-01-06,19.74,19.94,18.71,19.28,69519.0,19.74,0.0,19.94,18.71,19.28,1.0,69519.0,1,06
530,2015-01-05,19.28,19.504,18.851,19.0,57648.0,19.28,0.0,19.504,18.851,19.0,1.0,57648.0,0,05
531,2015-01-02,19.24,19.5,18.26,18.5,82095.0,19.24,0.0,19.5,18.26,18.5,1.0,82095.0,4,02
532,2014-12-31,18.52,18.61,18.23,18.27,41465.0,18.52,0.0,18.61,18.23,18.27,1.0,41465.0,2,31
533,2014-12-30,18.33,19.13,18.26,19.1,37815.0,18.33,0.0,19.13,18.26,19.1,1.0,37815.0,1,30
534,2014-12-29,19.23,19.67,19.0,19.35,45466.0,19.23,0.0,19.67,19.0,19.35,1.0,45466.0,0,29
535,2014-12-26,19.38,19.69,19.052,19.12,16604.0,19.38,0.0,19.69,19.052,19.12,1.0,16604.0,4,26
536,2014-12-24,19.41,19.52,19.08,19.25,10706.0,19.41,0.0,19.52,19.08,19.25,1.0,10706.0,2,24
537,2014-12-23,19.38,19.9,19.0,19.25,77046.0,19.38,0.0,19.9,19.0,19.25,1.0,77046.0,1,23
538,2014-12-22,19.53,19.53,18.64,18.75,90112.0,19.53,0.0,19.53,18.64,18.75,1.0,90112.0,0,22
539,2014-12-19,18.84,19.21,18.0,19.0,113625.0,18.84,0.0,19.21,18.0,19.0,1.0,113625.0,4,19
540,2014-12-18,19.09,19.7,17.47,17.47,66936.0,19.09,0.0,19.7,17.47,17.47,1.0,66936.0,3,18
541,2014-12-17,17.48,17.52,16.26,16.5,49498.0,17.48,0.0,17.52,16.26,16.5,1.0,49498.0,2,17
542,2014-12-16,16.62,16.74,15.5,15.5,45703.0,16.62,0.0,16.74,15.5,15.5,1.0,45703.0,1,16
543,2014-12-15,15.65,15.92,15.454,15.92,36427.0,15.65,0.0,15.92,15.454,15.92,1.0,36427.0,0,15
544,2014-12-12,15.67,15.93,15.14,15.14,19669.0,15.67,0.0,15.93,15.14,15.14,1.0,19669.0,4,12
545,2014-12-11,15.37,15.71,15.13,15.45,23685.0,15.37,0.0,15.71,15.13,15.45,1.0,23685.0,3,11
546,2014-12-10,15.49,16.11,15.48,15.7,44528.0,15.49,0.0,16.11,15.48,15.7,1.0,44528.0,2,10
547,2014-12-09,15.73,15.96,14.9,14.92,80162.0,15.73,0.0,15.96,14.9,14.92,1.0,80162.0,1,09
548,2014-12-08,15.06,15.471,14.98,15.0,84088.0,15.06,0.0,15.471,14.98,15.0,1.0,84088.0,0,08
549,2014-12-05,15.0,15.44,14.564,14.62,23833.0,15.0,0.0,15.44,14.564,14.62,1.0,23833.0,4,05
550,2014-12-04,14.61,15.08,14.6,14.67,7605.0,14.61,0.0,15.08,14.6,14.67,1.0,7605.0,3,04
551,2014-12-03,14.69,15.054,14.24,14.24,24422.0,14.69,0.0,15.054,14.24,14.24,1.0,24422.0,2,03
552,2014-12-02,14.32,15.124,14.2,15.124,17167.0,14.32,0.0,15.124,14.2,15.124,1.0,17167.0,1,02
553,2014-12-01,14.2,14.82,13.69,14.8,41431.0,14.2,0.0,14.82,13.69,14.8,1.0,41431.0,0,01
554,2014-11-28,14.82,15.68,14.81,15.1,24756.0,14.82,0.0,15.68,14.81,15.1,1.0,24756.0,4,28
555,2014-11-26,15.29,15.3,14.91,14.98,31432.0,15.29,0.0,15.3,14.91,14.98,1.0,31432.0,2,26
556,2014-11-25,14.93,15.51,14.78,15.33,51232.0,14.93,0.0,15.51,14.78,15.33,1.0,51232.0,1,25
557,2014-11-24,15.51,16.0,14.89,15.846,92480.0,15.51,0.0,16.0,14.89,15.846,1.0,92480.0,0,24
558,2014-11-21,16.01,16.22,15.9,16.22,17785.0,16.01,0.0,16.22,15.9,16.22,1.0,17785.0,4,21
559,2014-11-20,15.91,16.09,15.75,15.82,18249.0,15.91,0.0,16.09,15.75,15.82,1.0,18249.0,3,20
560,2014-11-19,15.8,16.14,15.76,16.02,22909.0,15.8,0.0,16.14,15.76,16.02,1.0,22909.0,2,19
561,2014-11-18,16.18,16.6,15.94,16.42,33680.0,16.18,0.0,16.6,15.94,16.42,1.0,33680.0,1,18
562,2014-11-17,16.3,16.47,15.9401,15.9401,14732.0,16.3,0.0,16.47,15.9401,15.9401,1.0,14732.0,0,17
563,2014-11-14,16.0,16.68,15.99,16.68,45465.0,16.0,0.0,16.68,15.99,16.68,1.0,45465.0,4,14
564,2014-11-13,16.67,16.92,16.35,16.43,16421.0,16.67,0.0,16.92,16.35,16.43,1.0,16421.0,3,13
565,2014-11-12,16.46,16.8,16.34,16.46,22724.0,16.46,0.0,16.8,16.34,16.46,1.0,22724.0,2,12
566,2014-11-11,16.63,16.82,16.358,16.82,26850.0,16.63,0.0,16.82,16.358,16.82,1.0,26850.0,1,11
567,2014-11-10,16.67,16.96,16.45,16.45,27953.0,16.67,0.0,16.96,16.45,16.45,1.0,27953.0,0,10
568,2014-11-07,16.38,17.0,16.2925,16.88,15013.0,16.38,0.0,17.0,16.2925,16.88,1.0,15013.0,4,07
569,2014-11-06,16.99,17.0,16.43,16.8,23011.0,16.99,0.0,17.0,16.43,16.8,1.0,23011.0,3,06
570,2014-11-05,16.84,17.29,16.7,17.28,26576.0,16.84,0.0,17.29,16.7,17.28,1.0,26576.0,2,05
571,2014-11-04,17.0,17.39,16.8,17.25,15635.0,17.0,0.0,17.39,16.8,17.25,1.0,15635.0,1,04
572,2014-11-03,17.01,17.72,16.64,16.66,20721.0,17.01,0.0,17.72,16.64,16.66,1.0,20721.0,0,03
573,2014-10-31,16.77,18.43,16.42,17.68,41108.0,16.77,0.0,18.43,16.42,17.68,1.0,41108.0,4,31
574,2014-10-30,17.23,17.5,16.85,17.02,18122.0,17.23,0.0,17.5,16.85,17.02,1.0,18122.0,3,30
575,2014-10-29,17.0,17.105,16.75,16.93,19025.0,17.0,0.0,17.105,16.75,16.93,1.0,19025.0,2,29
576,2014-10-28,17.0,17.0,16.78,17.0,27496.0,17.0,0.0,17.0,16.78,17.0,1.0,27496.0,1,28
577,2014-10-27,17.0,17.8675,16.76,17.16,9283.0,17.0,0.0,17.8675,16.76,17.16,1.0,9283.0,0,27
578,2014-10-24,17.26,17.93,16.66,17.93,32445.0,17.26,0.0,17.93,16.66,17.93,1.0,32445.0,4,24
579,2014-10-23,17.9,18.3,16.986,17.01,23499.0,17.9,0.0,18.3,16.986,17.01,1.0,23499.0,3,23
580,2014-10-22,16.76,17.6,16.66,17.2,17357.0,16.76,0.0,17.6,16.66,17.2,1.0,17357.0,2,22
581,2014-10-21,17.09,17.75,16.95,17.1,15935.0,17.09,0.0,17.75,16.95,17.1,1.0,15935.0,1,21
582,2014-10-20,17.08,17.65,16.64,16.64,24087.0,17.08,0.0,17.65,16.64,16.64,1.0,24087.0,0,20
583,2014-10-17,16.69,17.46,16.62,17.45,21783.0,16.69,0.0,17.46,16.62,17.45,1.0,21783.0,4,17
584,2014-10-16,16.97,17.11,16.23,16.26,14605.0,16.97,0.0,17.11,16.23,16.26,1.0,14605.0,3,16
585,2014-10-15,16.79,16.9,16.24,16.65,23960.0,16.79,0.0,16.9,16.24,16.65,1.0,23960.0,2,15
586,2014-10-14,16.91,17.89,16.65,17.18,23093.0,16.91,0.0,17.89,16.65,17.18,1.0,23093.0,1,14
587,2014-10-13,16.87,17.36,16.75,17.08,19814.0,16.87,0.0,17.36,16.75,17.08,1.0,19814.0,0,13
588,2014-10-10,17.01,17.95,17.0,17.17,9601.0,17.01,0.0,17.95,17.0,17.17,1.0,9601.0,4,10
589,2014-10-09,17.26,18.22,17.25,18.0401,19503.0,17.26,0.0,18.22,17.25,18.0401,1.0,19503.0,3,09
590,2014-10-08,18.24,18.5,17.79,18.29,55855.0,18.24,0.0,18.5,17.79,18.29,1.0,55855.0,2,08
591,2014-10-07,18.21,18.93,18.16,18.7,17173.0,18.21,0.0,18.93,18.16,18.7,1.0,17173.0,1,07
592,2014-10-06,19.06,19.24,18.82,19.04,12591.0,19.06,0.0,19.24,18.82,19.04,1.0,12591.0,0,06
593,2014-10-03,18.99,19.39,18.36,18.78,19197.0,18.99,0.0,19.39,18.36,18.78,1.0,19197.0,4,03
594,2014-10-02,18.57,18.58,17.3,17.3,13457.0,18.57,0.0,18.58,17.3,17.3,1.0,13457.0,3,02
595,2014-10-01,17.27,18.27,17.25,17.6,35865.0,17.27,0.0,18.27,17.25,17.6,1.0,35865.0,2,01
596,2014-09-30,17.51,18.604,17.43,18.41,19398.0,17.51,0.0,18.604,17.43,18.41,1.0,19398.0,1,30
597,2014-09-29,18.33,18.6759,18.141,18.26,10798.0,18.33,0.0,18.6759,18.141,18.26,1.0,10798.0,0,29
598,2014-09-26,18.21,18.41,17.541,17.74,21240.0,18.21,0.0,18.41,17.541,17.74,1.0,21240.0,4,26
599,2014-09-25,17.74,18.175,17.632,17.82,24539.0,17.74,0.0,18.175,17.632,17.82,1.0,24539.0,3,25
600,2014-09-24,17.99,18.0,17.51,17.51,23252.0,17.99,0.0,18.0,17.51,17.51,1.0,23252.0,2,24
601,2014-09-23,17.36,18.23,17.31,17.77,11600.0,17.36,0.0,18.23,17.31,17.77,1.0,11600.0,1,23
602,2014-09-22,17.9,19.02,17.46,18.29,27200.0,17.9,0.0,19.02,17.46,18.29,1.0,27200.0,0,22
603,2014-09-19,18.31,19.833,18.28,19.18,51500.0,18.31,0.0,19.833,18.28,19.18,1.0,51500.0,4,19
604,2014-09-18,18.77,19.15,18.72,19.15,8800.0,18.77,0.0,19.15,18.72,19.15,1.0,8800.0,3,18
605,2014-09-17,18.98,20.31,18.86,19.06,8300.0,18.98,0.0,20.31,18.86,19.06,1.0,8300.0,2,17
606,2014-09-16,19.03,19.49,18.67,19.28,14800.0,19.03,0.0,19.49,18.67,19.28,1.0,14800.0,1,16
607,2014-09-15,19.19,21.29,19.18,20.0,9900.0,19.19,0.0,21.29,19.18,20.0,1.0,9900.0,0,15
608,2014-09-12,19.64,20.34,19.56,20.26,18200.0,19.64,0.0,20.34,19.56,20.26,1.0,18200.0,4,12
609,2014-09-11,20.38,20.63,20.12,20.63,17500.0,20.38,0.0,20.63,20.12,20.63,1.0,17500.0,3,11
610,2014-09-10,20.71,20.86,20.01,20.67,17400.0,20.71,0.0,20.86,20.01,20.67,1.0,17400.0,2,10
611,2014-09-09,20.54,21.47,20.54,20.75,30200.0,20.54,0.0,21.47,20.54,20.75,1.0,30200.0,1,09
612,2014-09-08,20.9,20.9,20.395,20.6,15100.0,20.9,0.0,20.9,20.395,20.6,1.0,15100.0,0,08
613,2014-09-05,20.69,21.16,20.35,21.01,15100.0,20.69,0.0,21.16,20.35,21.01,1.0,15100.0,4,05
614,2014-09-04,21.12,21.58,20.0,20.0,28900.0,21.12,0.0,21.58,20.0,20.0,1.0,28900.0,3,04
615,2014-09-03,20.02,21.26,19.99,21.0,31700.0,20.02,0.0,21.26,19.99,21.0,1.0,31700.0,2,03
616,2014-09-02,21.1,21.292,20.34,20.71,56000.0,21.1,0.0,21.292,20.34,20.71,1.0,56000.0,1,02
617,2014-08-29,20.55,20.62,20.485,20.56,9800.0,20.55,0.0,20.62,20.485,20.56,1.0,9800.0,4,29
618,2014-08-28,20.5,20.92,19.68,20.15,42000.0,20.5,0.0,20.92,19.68,20.15,1.0,42000.0,3,28
619,2014-08-27,19.94,20.1,19.22,19.22,29500.0,19.94,0.0,20.1,19.22,19.22,1.0,29500.0,2,27
620,2014-08-26,19.19,19.34,18.94,19.3299,20400.0,19.19,0.0,19.34,18.94,19.3299,1.0,20400.0,1,26
621,2014-08-25,19.34,19.4,19.25,19.3997,46300.0,19.34,0.0,19.4,19.25,19.3997,1.0,46300.0,0,25
622,2014-08-22,18.81,19.07,18.5,19.07,48600.0,18.81,0.0,19.07,18.5,19.07,1.0,48600.0,4,22
623,2014-08-21,18.54,19.01,18.36,18.52,12200.0,18.54,0.0,19.01,18.36,18.52,1.0,12200.0,3,21
624,2014-08-20,18.73,19.25,18.73,19.22,13600.0,18.73,0.0,19.25,18.73,19.22,1.0,13600.0,2,20
625,2014-08-19,19.6,19.61,18.6783,18.8325,14000.0,19.6,0.0,19.61,18.6783,18.8325,1.0,14000.0,1,19
626,2014-08-18,19.0,19.59,18.532,19.54,32700.0,19.0,0.0,19.59,18.532,19.54,1.0,32700.0,0,18
627,2014-08-15,19.33,20.34,19.2701,20.17,14600.0,19.33,0.0,20.34,19.2701,20.17,1.0,14600.0,4,15
628,2014-08-14,19.96,19.98,19.3,19.8899,27800.0,19.96,0.0,19.98,19.3,19.8899,1.0,27800.0,3,14
629,2014-08-13,19.0,19.1775,18.22,18.3,15000.0,19.0,0.0,19.1775,18.22,18.3,1.0,15000.0,2,13
630,2014-08-12,18.06,18.24,17.7504,17.99,25600.0,18.06,0.0,18.24,17.7504,17.99,1.0,25600.0,1,12
631,2014-08-11,18.13,18.355,17.81,18.02,19600.0,18.13,0.0,18.355,17.81,18.02,1.0,19600.0,0,11
632,2014-08-08,17.82,18.111,17.0,17.43,35400.0,17.82,0.0,18.111,17.0,17.43,1.0,35400.0,4,08
633,2014-08-07,17.79,18.484,17.49,18.34,29200.0,17.79,0.0,18.484,17.49,18.34,1.0,29200.0,3,07
634,2014-08-06,18.18,19.06,17.8901,18.68,38300.0,18.18,0.0,19.06,17.8901,18.68,1.0,38300.0,2,06
635,2014-08-05,18.88,19.32,18.73,18.77,16000.0,18.88,0.0,19.32,18.73,18.77,1.0,16000.0,1,05
636,2014-08-04,18.53,18.76,18.023,18.5,28300.0,18.53,0.0,18.76,18.023,18.5,1.0,28300.0,0,04
637,2014-08-01,18.35,18.73,18.0,18.32,21800.0,18.35,0.0,18.73,18.0,18.32,1.0,21800.0,4,01
638,2014-07-31,18.17,18.88,18.105,18.61,24900.0,18.17,0.0,18.88,18.105,18.61,1.0,24900.0,3,31
639,2014-07-30,18.78,18.79,18.14,18.14,10200.0,18.78,0.0,18.79,18.14,18.14,1.0,10200.0,2,30
640,2014-07-29,17.89,18.164,17.56,17.56,8600.0,17.89,0.0,18.164,17.56,17.56,1.0,8600.0,1,29
641,2014-07-28,17.84,18.544,17.54,18.544,13100.0,17.84,0.0,18.544,17.54,18.544,1.0,13100.0,0,28
642,2014-07-25,18.02,18.54,17.69,17.96,20000.0,18.02,0.0,18.54,17.69,17.96,1.0,20000.0,4,25
643,2014-07-24,18.13,18.38,17.26,17.26,43000.0,18.13,0.0,18.38,17.26,17.26,1.0,43000.0,3,24
644,2014-07-23,18.24,18.7,18.01,18.18,36100.0,18.24,0.0,18.7,18.01,18.18,1.0,36100.0,2,23
645,2014-07-22,18.07,18.43,16.92,17.12,51800.0,18.07,0.0,18.43,16.92,17.12,1.0,51800.0,1,22
646,2014-07-21,16.75,16.86,16.1,16.33,27900.0,16.75,0.0,16.86,16.1,16.33,1.0,27900.0,0,21
647,2014-07-18,16.79,16.87,15.59,15.81,44100.0,16.79,0.0,16.87,15.59,15.81,1.0,44100.0,4,18
648,2014-07-17,15.88,17.09,15.87,16.74,86700.0,15.88,0.0,17.09,15.87,16.74,1.0,86700.0,3,17
649,2014-07-16,16.9,17.74,16.671,17.2745,56800.0,16.9,0.0,17.74,16.671,17.2745,1.0,56800.0,2,16
650,2014-07-15,17.35,17.98,16.8,17.52,41100.0,17.35,0.0,17.98,16.8,17.52,1.0,41100.0,1,15
651,2014-07-14,17.61,17.92,17.39,17.92,42400.0,17.61,0.0,17.92,17.39,17.92,1.0,42400.0,0,14
652,2014-07-11,17.81,18.89,17.31,17.31,53500.0,17.81,0.0,18.89,17.31,17.31,1.0,53500.0,4,11
653,2014-07-10,17.29,17.53,17.0,17.23,39400.0,17.29,0.0,17.53,17.0,17.23,1.0,39400.0,3,10
654,2014-07-09,17.38,17.63,16.54,17.0,68400.0,17.38,0.0,17.63,16.54,17.0,1.0,68400.0,2,09
655,2014-07-08,17.03,18.1213,16.87,17.78,46600.0,17.03,0.0,18.1213,16.87,17.78,1.0,46600.0,1,08
656,2014-07-07,17.71,19.02,17.61,18.97,52500.0,17.71,0.0,19.02,17.61,18.97,1.0,52500.0,0,07
657,2014-07-03,18.99,19.96,18.777,19.2,28200.0,18.99,0.0,19.96,18.777,19.2,1.0,28200.0,3,03
658,2014-07-02,19.22,20.208,19.11,19.89,47700.0,19.22,0.0,20.208,19.11,19.89,1.0,47700.0,2,02
659,2014-07-01,19.93,20.5299,19.57,20.2,62500.0,19.93,0.0,20.5299,19.57,20.2,1.0,62500.0,1,01
660,2014-06-30,20.0,21.825,19.89,21.78,79100.0,20.0,0.0,21.825,19.89,21.78,1.0,79100.0,0,30
661,2014-06-27,21.79,23.295,21.39,22.9,1120100.0,21.79,0.0,23.295,21.39,22.9,1.0,1120100.0,4,27
662,2014-06-26,22.94,23.09,22.01,22.75,46800.0,22.94,0.0,23.09,22.01,22.75,1.0,46800.0,3,26
663,2014-06-25,22.28,23.37,21.0315,23.1,89200.0,22.28,0.0,23.37,21.0315,23.1,1.0,89200.0,2,25
664,2014-06-24,23.12,23.75,22.49,22.5,47700.0,23.12,0.0,23.75,22.49,22.5,1.0,47700.0,1,24
665,2014-06-23,22.49,22.97,21.6,21.69,31400.0,22.49,0.0,22.97,21.6,21.69,1.0,31400.0,0,23
666,2014-06-20,21.37,21.5,20.38,20.56,80100.0,21.37,0.0,21.5,20.38,20.56,1.0,80100.0,4,20
667,2014-06-19,20.78,21.59,20.46,21.22,38100.0,20.78,0.0,21.59,20.46,21.22,1.0,38100.0,3,19
668,2014-06-18,21.02,21.155,19.5,19.711,29200.0,21.02,0.0,21.155,19.5,19.711,1.0,29200.0,2,18
669,2014-06-17,19.69,20.694,19.5,19.77,39200.0,19.69,0.0,20.694,19.5,19.77,1.0,39200.0,1,17
670,2014-06-16,19.79,21.98,19.52,20.44,31600.0,19.79,0.0,21.98,19.52,20.44,1.0,31600.0,0,16
671,2014-06-13,20.34,21.15,19.12,20.68,54100.0,20.34,0.0,21.15,19.12,20.68,1.0,54100.0,4,13
672,2014-06-12,21.0,21.58,20.77,21.26,42600.0,21.0,0.0,21.58,20.77,21.26,1.0,42600.0,3,12
673,2014-06-11,21.52,21.82,20.77,20.77,19700.0,21.52,0.0,21.82,20.77,20.77,1.0,19700.0,2,11
674,2014-06-10,20.88,22.04,20.61,21.76,39900.0,20.88,0.0,22.04,20.61,21.76,1.0,39900.0,1,10
675,2014-06-09,22.03,22.25,20.97,21.2,40900.0,22.03,0.0,22.25,20.97,21.2,1.0,40900.0,0,09
676,2014-06-06,21.21,21.25,20.47,20.67,23900.0,21.21,0.0,21.25,20.47,20.67,1.0,23900.0,4,06
677,2014-06-05,20.9,21.01,20.39,20.39,37000.0,20.9,0.0,21.01,20.39,20.39,1.0,37000.0,3,05
678,2014-06-04,20.5,21.24,20.11,20.11,17000.0,20.5,0.0,21.24,20.11,20.11,1.0,17000.0,2,04
679,2014-06-03,20.14,20.71,19.92,20.71,34700.0,20.14,0.0,20.71,19.92,20.71,1.0,34700.0,1,03
680,2014-06-02,20.12,21.5,20.015,21.25,17500.0,20.12,0.0,21.5,20.015,21.25,1.0,17500.0,0,02
681,2014-05-30,21.39,22.42,20.6,21.68,37300.0,21.39,0.0,22.42,20.6,21.68,1.0,37300.0,4,30
682,2014-05-29,21.54,22.0,20.12,20.29,43700.0,21.54,0.0,22.0,20.12,20.29,1.0,43700.0,3,29
683,2014-05-28,20.42,20.75,19.1,19.1,47000.0,20.42,0.0,20.75,19.1,19.1,1.0,47000.0,2,28
684,2014-05-27,19.19,19.77,17.95,18.0,48500.0,19.19,0.0,19.77,17.95,18.0,1.0,48500.0,1,27
685,2014-05-23,17.95,18.24,17.62,17.78,27500.0,17.95,0.0,18.24,17.62,17.78,1.0,27500.0,4,23
686,2014-05-22,17.77,17.91,17.0,17.32,27500.0,17.77,0.0,17.91,17.0,17.32,1.0,27500.0,3,22
687,2014-05-21,17.41,17.76,16.96,16.96,18700.0,17.41,0.0,17.76,16.96,16.96,1.0,18700.0,2,21
688,2014-05-20,16.96,17.23,16.65,16.65,9200.0,16.96,0.0,17.23,16.65,16.65,1.0,9200.0,1,20
689,2014-05-19,17.02,17.46,16.42,16.99,43600.0,17.02,0.0,17.46,16.42,16.99,1.0,43600.0,0,19
690,2014-05-16,16.87,17.44,16.59,17.05,20900.0,16.87,0.0,17.44,16.59,17.05,1.0,20900.0,4,16
691,2014-05-15,17.1,17.34,16.7,16.97,12300.0,17.1,0.0,17.34,16.7,16.97,1.0,12300.0,3,15
692,2014-05-14,17.2,17.46,16.71,16.71,10900.0,17.2,0.0,17.46,16.71,16.71,1.0,10900.0,2,14
693,2014-05-13,16.77,17.21,16.18,16.5,18100.0,16.77,0.0,17.21,16.18,16.5,1.0,18100.0,1,13
694,2014-05-12,16.35,16.64,16.14,16.14,18000.0,16.35,0.0,16.64,16.14,16.14,1.0,18000.0,0,12
695,2014-05-09,16.23,17.23,15.86,17.22,70200.0,16.23,0.0,17.23,15.86,17.22,1.0,70200.0,4,09
696,2014-05-08,17.32,17.72,17.11,17.16,18400.0,17.32,0.0,17.72,17.11,17.16,1.0,18400.0,3,08
697,2014-05-07,17.69,18.23,17.31,18.23,21100.0,17.69,0.0,18.23,17.31,18.23,1.0,21100.0,2,07
698,2014-05-06,18.0,18.37,17.66,18.05,49300.0,18.0,0.0,18.37,17.66,18.05,1.0,49300.0,1,06
699,2014-05-05,17.99,18.32,17.99,18.0001,35400.0,17.99,0.0,18.32,17.99,18.0001,1.0,35400.0,0,05
700,2014-05-02,18.2,18.4,18.0,18.4,44200.0,18.2,0.0,18.4,18.0,18.4,1.0,44200.0,4,02
701,2014-05-01,18.43,19.06,18.1,19.06,14800.0,18.43,0.0,19.06,18.1,19.06,1.0,14800.0,3,01
702,2014-04-30,18.84,19.47,18.67,18.67,5700.0,18.84,0.0,19.47,18.67,18.67,1.0,5700.0,2,30
703,2014-04-29,18.91,19.56,18.46,19.0,15000.0,18.91,0.0,19.56,18.46,19.0,1.0,15000.0,1,29
704,2014-04-28,19.01,19.54,18.03,18.9,47600.0,19.01,0.0,19.54,18.03,18.9,1.0,47600.0,0,28
705,2014-04-25,18.91,19.204,18.25,18.86,12000.0,18.91,0.0,19.204,18.25,18.86,1.0,12000.0,4,25
706,2014-04-24,19.32,19.64,18.27,19.04,14400.0,19.32,0.0,19.64,18.27,19.04,1.0,14400.0,3,24
707,2014-04-23,19.065,19.83,18.88,19.8,18100.0,19.065,0.0,19.83,18.88,19.8,1.0,18100.0,2,23
708,2014-04-22,19.67,20.62,18.8,19.05,26200.0,19.67,0.0,20.62,18.8,19.05,1.0,26200.0,1,22
709,2014-04-21,19.16,19.51,18.14,19.04,29600.0,19.16,0.0,19.51,18.14,19.04,1.0,29600.0,0,21
710,2014-04-17,19.1,19.3,18.3,18.81,28500.0,19.1,0.0,19.3,18.3,18.81,1.0,28500.0,3,17
711,2014-04-16,18.79,18.97,16.8,16.8,26900.0,18.79,0.0,18.97,16.8,16.8,1.0,26900.0,2,16
712,2014-04-15,16.8,18.43,16.63,18.0,46600.0,16.8,0.0,18.43,16.63,18.0,1.0,46600.0,1,15
713,2014-04-14,18.12,18.36,18.0,18.12,51700.0,18.12,0.0,18.36,18.0,18.12,1.0,51700.0,0,14
714,2014-04-11,18.11,18.7,17.77,18.7,50500.0,18.11,0.0,18.7,17.77,18.7,1.0,50500.0,4,11
715,2014-04-10,18.85,19.05,18.5,18.97,23400.0,18.85,0.0,19.05,18.5,18.97,1.0,23400.0,3,10
716,2014-04-09,18.92,18.965,18.11,18.72,19800.0,18.92,0.0,18.965,18.11,18.72,1.0,19800.0,2,09
717,2014-04-08,18.71,19.22,18.0,18.46,28600.0,18.71,0.0,19.22,18.0,18.46,1.0,28600.0,1,08
718,2014-04-07,18.52,18.66,17.02,17.97,63000.0,18.52,0.0,18.66,17.02,17.97,1.0,63000.0,0,07
719,2014-04-04,18.08,19.1,17.87,19.1,70800.0,18.08,0.0,19.1,17.87,19.1,1.0,70800.0,4,04
720,2014-04-03,19.1,19.46,18.3,19.01,113400.0,19.1,0.0,19.46,18.3,19.01,1.0,113400.0,3,03
721,2014-04-02,19.16,19.98,18.99,19.5,49400.0,19.16,0.0,19.98,18.99,19.5,1.0,49400.0,2,02
722,2014-04-01,19.5,19.78,19.0,19.0054,79000.0,19.5,0.0,19.78,19.0,19.0054,1.0,79000.0,1,01
723,2014-03-31,19.07,19.2,18.68,19.0,33000.0,19.07,0.0,19.2,18.68,19.0,1.0,33000.0,0,31
724,2014-03-28,19.01,19.39,18.71,19.22,43900.0,19.01,0.0,19.39,18.71,19.22,1.0,43900.0,4,28
725,2014-03-27,19.14,19.55,17.686,18.21,158600.0,19.14,0.0,19.55,17.686,18.21,1.0,158600.0,3,27
726,2014-03-26,18.28,19.0999,18.01,18.67,80400.0,18.28,0.0,19.0999,18.01,18.67,1.0,80400.0,2,26
727,2014-03-25,18.63,19.05,18.16,18.25,168700.0,18.63,0.0,19.05,18.16,18.25,1.0,168700.0,1,25
728,2014-03-24,18.33,20.4,16.6,20.35,176800.0,18.33,0.0,20.4,16.6,20.35,1.0,176800.0,0,24
729,2014-03-21,20.39,21.51,20.33,21.3,72600.0,20.39,0.0,21.51,20.33,21.3,1.0,72600.0,4,21
730,2014-03-20,21.3,21.64,21.0001,21.13,26300.0,21.3,0.0,21.64,21.0001,21.13,1.0,26300.0,3,20
731,2014-03-19,21.27,21.5,20.75,21.4,82800.0,21.27,0.0,21.5,20.75,21.4,1.0,82800.0,2,19
732,2014-03-18,21.34,22.65,21.16,21.16,126100.0,21.34,0.0,22.65,21.16,21.16,1.0,126100.0,1,18
733,2014-03-17,21.02,21.85,21.02,21.75,24100.0,21.02,0.0,21.85,21.02,21.75,1.0,24100.0,0,17
734,2014-03-14,21.62,21.92,20.75,21.1,18700.0,21.62,0.0,21.92,20.75,21.1,1.0,18700.0,4,14
735,2014-03-13,21.0,21.3599,20.77,21.0,47000.0,21.0,0.0,21.3599,20.77,21.0,1.0,47000.0,3,13
736,2014-03-12,21.09,21.46,20.87,20.88,31900.0,21.09,0.0,21.46,20.87,20.88,1.0,31900.0,2,12
737,2014-03-11,20.91,21.459,20.601,20.9,16600.0,20.91,0.0,21.459,20.601,20.9,1.0,16600.0,1,11
738,2014-03-10,20.76,21.38,20.6,21.0,50000.0,20.76,0.0,21.38,20.6,21.0,1.0,50000.0,0,10
739,2014-03-07,21.0,21.65,20.59,21.0,86900.0,21.0,0.0,21.65,20.59,21.0,1.0,86900.0,4,07
740,2014-03-06,20.99,22.83,20.55,22.83,98800.0,20.99,0.0,22.83,20.55,22.83,1.0,98800.0,3,06
741,2014-03-05,22.53,23.2,22.11,23.0,71400.0,22.53,0.0,23.2,22.11,23.0,1.0,71400.0,2,05
742,2014-03-04,22.99,24.368,22.75,22.86,59000.0,22.99,0.0,24.368,22.75,22.86,1.0,59000.0,1,04
743,2014-03-03,22.89,24.37,22.6,24.0,51300.0,22.89,0.0,24.37,22.6,24.0,1.0,51300.0,0,03
744,2014-02-28,24.33,24.75,23.7901,23.7901,46400.0,24.33,0.0,24.75,23.7901,23.7901,1.0,46400.0,4,28
745,2014-02-27,24.75,25.14,23.68,25.1,103600.0,24.75,0.0,25.14,23.68,25.1,1.0,103600.0,3,27
746,2014-02-26,24.8,25.9699,23.7675,24.51,149000.0,24.8,0.0,25.9699,23.7675,24.51,1.0,149000.0,2,26
747,2014-02-25,24.69,24.84,23.22,23.23,65200.0,24.69,0.0,24.84,23.22,23.23,1.0,65200.0,1,25
748,2014-02-24,23.28,24.09,21.6,21.6,122400.0,23.28,0.0,24.09,21.6,21.6,1.0,122400.0,0,24
749,2014-02-21,21.62,21.92,20.83,21.3,34700.0,21.62,0.0,21.92,20.83,21.3,1.0,34700.0,4,21
750,2014-02-20,21.39,21.44,20.6301,20.79,64300.0,21.39,0.0,21.44,20.6301,20.79,1.0,64300.0,3,20
751,2014-02-19,20.81,21.209,20.4,20.9,90200.0,20.81,0.0,21.209,20.4,20.9,1.0,90200.0,2,19
752,2014-02-18,21.0,21.23,20.0,20.95,95100.0,21.0,0.0,21.23,20.0,20.95,1.0,95100.0,1,18
753,2014-02-14,20.43,22.54,20.15,21.95,160200.0,20.43,0.0,22.54,20.15,21.95,1.0,160200.0,4,14
754,2014-02-13,21.9,22.53,21.62,22.0,80800.0,21.9,0.0,22.53,21.62,22.0,1.0,80800.0,3,13
755,2014-02-12,22.0,22.3,21.7,21.94,40800.0,22.0,0.0,22.3,21.7,21.94,1.0,40800.0,2,12
756,2014-02-11,21.93,22.28,21.27,21.5,51000.0,21.93,0.0,22.28,21.27,21.5,1.0,51000.0,1,11
757,2014-02-10,21.51,22.0,20.38,21.0,70200.0,21.51,0.0,22.0,20.38,21.0,1.0,70200.0,0,10
758,2014-02-07,20.95,21.3,20.239,21.0,42700.0,20.95,0.0,21.3,20.239,21.0,1.0,42700.0,4,07
759,2014-02-06,21.0,21.0,20.49,21.0,8300.0,21.0,0.0,21.0,20.49,21.0,1.0,8300.0,3,06
760,2014-02-05,20.9,20.96,19.76,19.84,19400.0,20.9,0.0,20.96,19.76,19.84,1.0,19400.0,2,05
761,2014-02-04,20.18,20.968,19.59,20.7,35400.0,20.18,0.0,20.968,19.59,20.7,1.0,35400.0,1,04
762,2014-02-03,21.02,21.289,20.29,20.79,47700.0,21.02,0.0,21.289,20.29,20.79,1.0,47700.0,0,03
763,2014-01-31,20.82,21.57,20.75,20.89,29900.0,20.82,0.0,21.57,20.75,20.89,1.0,29900.0,4,31
764,2014-01-30,20.92,21.219,19.75,19.75,23900.0,20.92,0.0,21.219,19.75,19.75,1.0,23900.0,3,30
765,2014-01-29,19.8,21.7,19.78,20.28,19200.0,19.8,0.0,21.7,19.78,20.28,1.0,19200.0,2,29
766,2014-01-28,20.31,21.886,20.021,21.43,30600.0,20.31,0.0,21.886,20.021,21.43,1.0,30600.0,1,28
767,2014-01-27,21.635,21.99,20.39,21.99,67600.0,21.635,0.0,21.99,20.39,21.99,1.0,67600.0,0,27
768,2014-01-24,21.81,21.83,21.0101,21.0101,61900.0,21.81,0.0,21.83,21.0101,21.0101,1.0,61900.0,4,24
769,2014-01-23,21.84,22.0,20.91,20.91,74000.0,21.84,0.0,22.0,20.91,20.91,1.0,74000.0,3,23
770,2014-01-22,21.4,21.56,18.5,19.44,117900.0,21.4,0.0,21.56,18.5,19.44,1.0,117900.0,2,22
771,2014-01-21,18.8,22.85,18.01,22.5,200200.0,18.8,0.0,22.85,18.01,22.5,1.0,200200.0,1,21
772,2014-01-17,22.04,22.7035,21.455,22.0,108700.0,22.04,0.0,22.7035,21.455,22.0,1.0,108700.0,4,17
773,2014-01-16,21.75,22.42,21.36,21.5,127300.0,21.75,0.0,22.42,21.36,21.5,1.0,127300.0,3,16
774,2014-01-15,21.59,21.77,19.5357,19.9,129000.0,21.59,0.0,21.77,19.5357,19.9,1.0,129000.0,2,15
775,2014-01-14,19.97,20.86,19.061,19.97,111400.0,19.97,0.0,20.86,19.061,19.97,1.0,111400.0,1,14
776,2014-01-13,19.9699,21.3,18.35,18.8,245800.0,19.9699,0.0,21.3,18.35,18.8,1.0,245800.0,0,13
777,2014-01-10,18.21,18.5,17.37,18.2,149100.0,18.21,0.0,18.5,17.37,18.2,1.0,149100.0,4,10
778,2014-01-09,18.24,18.3899,17.73,17.82,146800.0,18.24,0.0,18.3899,17.73,17.82,1.0,146800.0,3,09
779,2014-01-08,17.7,18.0,17.05,17.29,310300.0,17.7,0.0,18.0,17.05,17.29,1.0,310300.0,2,08
780,2014-01-07,16.98,17.15,16.5,16.81,28100.0,16.98,0.0,17.15,16.5,16.81,1.0,28100.0,1,07
781,2014-01-06,17.04,18.0,17.02,18.0,37600.0,17.04,0.0,18.0,17.02,18.0,1.0,37600.0,0,06
782,2014-01-03,18.0,18.39,17.08,17.12,78800.0,18.0,0.0,18.39,17.08,17.12,1.0,78800.0,4,03
783,2014-01-02,16.98,17.0,16.75,16.88,4700.0,16.98,0.0,17.0,16.75,16.88,1.0,4700.0,3,02
784,2013-12-31,16.63,17.11,16.57,16.88,12800.0,16.63,0.0,17.11,16.57,16.88,1.0,12800.0,1,31
785,2013-12-30,16.72,17.0,16.69,16.8,5000.0,16.72,0.0,17.0,16.69,16.8,1.0,5000.0,0,30
786,2013-12-27,16.8,17.1,16.26,16.26,6500.0,16.8,0.0,17.1,16.26,16.26,1.0,6500.0,4,27
787,2013-12-26,16.36,16.95,16.36,16.95,35000.0,16.36,0.0,16.95,16.36,16.95,1.0,35000.0,3,26
788,2013-12-24,16.93,17.0,16.6401,16.6401,2500.0,16.93,0.0,17.0,16.6401,16.6401,1.0,2500.0,1,24
789,2013-12-23,16.63,17.02,16.58,17.0,26000.0,16.63,0.0,17.02,16.58,17.0,1.0,26000.0,0,23
790,2013-12-20,17.2,17.23,16.7001,16.91,38400.0,17.2,0.0,17.23,16.7001,16.91,1.0,38400.0,4,20
791,2013-12-19,16.77,16.86,16.0,16.78,78900.0,16.77,0.0,16.86,16.0,16.78,1.0,78900.0,3,19
792,2013-12-18,16.56,17.5,16.52,17.5,149700.0,16.56,0.0,17.5,16.52,17.5,1.0,149700.0,2,18
793,2013-12-17,16.64,16.94,16.48,16.75,22500.0,16.64,0.0,16.94,16.48,16.75,1.0,22500.0,1,17
794,2013-12-16,16.71,17.7,16.31,16.78,45300.0,16.71,0.0,17.7,16.31,16.78,1.0,45300.0,0,16
795,2013-12-13,16.7,17.19,16.69,17.0,19900.0,16.7,0.0,17.19,16.69,17.0,1.0,19900.0,4,13
796,2013-12-12,17.05,17.39,16.65,17.22,31600.0,17.05,0.0,17.39,16.65,17.22,1.0,31600.0,3,12
797,2013-12-11,17.16,17.39,16.34,17.0,60400.0,17.16,0.0,17.39,16.34,17.0,1.0,60400.0,2,11
798,2013-12-10,17.0,17.88,15.81,16.0,63000.0,17.0,0.0,17.88,15.81,16.0,1.0,63000.0,1,10
799,2013-12-09,16.13,16.8399,16.13,16.5,76700.0,16.13,0.0,16.8399,16.13,16.5,1.0,76700.0,0,09
800,2013-12-06,16.53,16.72,16.26,16.61,42100.0,16.53,0.0,16.72,16.26,16.61,1.0,42100.0,4,06
801,2013-12-05,16.64,16.6716,16.3,16.6,47200.0,16.64,0.0,16.6716,16.3,16.6,1.0,47200.0,3,05
802,2013-12-04,16.6,16.97,16.41,16.41,18600.0,16.6,0.0,16.97,16.41,16.41,1.0,18600.0,2,04
803,2013-12-03,16.61,16.79,16.52,16.76,11200.0,16.61,0.0,16.79,16.52,16.76,1.0,11200.0,1,03
804,2013-12-02,16.75,17.0,16.75,16.875,13000.0,16.75,0.0,17.0,16.75,16.875,1.0,13000.0,0,02
805,2013-11-29,16.73,17.0,16.62,16.95,8000.0,16.73,0.0,17.0,16.62,16.95,1.0,8000.0,4,29
806,2013-11-27,17.0,17.18,16.8,17.0,27900.0,17.0,0.0,17.18,16.8,17.0,1.0,27900.0,2,27
807,2013-11-26,16.99,17.0,16.64,16.9,12800.0,16.99,0.0,17.0,16.64,16.9,1.0,12800.0,1,26
808,2013-11-25,16.97,17.2475,16.81,17.21,11300.0,16.97,0.0,17.2475,16.81,17.21,1.0,11300.0,0,25
809,2013-11-22,17.24,17.5,17.02,17.22,86200.0,17.24,0.0,17.5,17.02,17.22,1.0,86200.0,4,22
810,2013-11-21,17.05,17.68,16.59,16.59,88400.0,17.05,0.0,17.68,16.59,16.59,1.0,88400.0,3,21
811,2013-11-20,16.6,17.4999,16.51,17.4999,5900.0,16.6,0.0,17.4999,16.51,17.4999,1.0,5900.0,2,20
812,2013-11-19,17.25,17.575,16.72,17.35,23400.0,17.25,0.0,17.575,16.72,17.35,1.0,23400.0,1,19
813,2013-11-18,17.4,17.67,17.37,17.37,121700.0,17.4,0.0,17.67,17.37,17.37,1.0,121700.0,0,18
814,2013-11-15,17.37,17.65,17.06,17.5,78000.0,17.37,0.0,17.65,17.06,17.5,1.0,78000.0,4,15
815,2013-11-14,17.51,17.75,16.7945,17.6,85400.0,17.51,0.0,17.75,16.7945,17.6,1.0,85400.0,3,14
816,2013-11-13,17.0,17.65,16.62,16.8,59500.0,17.0,0.0,17.65,16.62,16.8,1.0,59500.0,2,13
817,2013-11-12,16.69,17.34,15.7704,15.775,36200.0,16.69,0.0,17.34,15.7704,15.775,1.0,36200.0,1,12
818,2013-11-11,15.84,16.0,15.5501,15.95,8500.0,15.84,0.0,16.0,15.5501,15.95,1.0,8500.0,0,11
819,2013-11-08,15.79,16.28,15.76,16.12,12000.0,15.79,0.0,16.28,15.76,16.12,1.0,12000.0,4,08
820,2013-11-07,15.83,16.83,15.4101,16.83,49100.0,15.83,0.0,16.83,15.4101,16.83,1.0,49100.0,3,07
821,2013-11-06,16.85,17.35,16.85,17.35,26900.0,16.85,0.0,17.35,16.85,17.35,1.0,26900.0,2,06
822,2013-11-05,17.2,17.4775,17.05,17.41,31600.0,17.2,0.0,17.4775,17.05,17.41,1.0,31600.0,1,05
823,2013-11-04,17.41,17.5,17.13,17.48,34000.0,17.41,0.0,17.5,17.13,17.48,1.0,34000.0,0,04
824,2013-11-01,17.15,17.3225,16.8,16.9,33100.0,17.15,0.0,17.3225,16.8,16.9,1.0,33100.0,4,01
825,2013-10-31,16.85,17.76,16.85,17.76,102900.0,16.85,0.0,17.76,16.85,17.76,1.0,102900.0,3,31
826,2013-10-30,17.2,17.65,17.2,17.4,77700.0,17.2,0.0,17.65,17.2,17.4,1.0,77700.0,2,30
827,2013-10-29,17.4,18.0,17.4,17.6,88900.0,17.4,0.0,18.0,17.4,17.6,1.0,88900.0,1,29
828,2013-10-28,17.5,17.5,17.2,17.2,244200.0,17.5,0.0,17.5,17.2,17.2,1.0,244200.0,0,28
829,2013-10-25,17.26,17.54,17.12,17.41,101000.0,17.26,0.0,17.54,17.12,17.41,1.0,101000.0,4,25
830,2013-10-24,17.47,18.325,16.72,18.25,1024800.0,17.47,0.0,18.325,16.72,18.25,1.0,1024800.0,3,24
831,2013-10-23,18.13,19.0,17.9,18.13,78100.0,18.13,0.0,19.0,17.9,18.13,1.0,78100.0,2,23
832,2013-10-22,18.2,18.47,17.8,18.35,29000.0,18.2,0.0,18.47,17.8,18.35,1.0,29000.0,1,22
833,2013-10-21,18.16,18.58,17.5,17.58,40600.0,18.16,0.0,18.58,17.5,17.58,1.0,40600.0,0,21
834,2013-10-18,17.8,18.17,16.8025,17.52,52500.0,17.8,0.0,18.17,16.8025,17.52,1.0,52500.0,4,18
835,2013-10-17,17.25,17.25,16.08,16.17,29200.0,17.25,0.0,17.25,16.08,16.17,1.0,29200.0,3,17
836,2013-10-16,16.42,17.2,16.16,16.27,14700.0,16.42,0.0,17.2,16.16,16.27,1.0,14700.0,2,16
837,2013-10-15,16.26,16.98,16.26,16.57,19200.0,16.26,0.0,16.98,16.26,16.57,1.0,19200.0,1,15
838,2013-10-14,16.41,17.74,16.1,17.25,48000.0,16.41,0.0,17.74,16.1,17.25,1.0,48000.0,0,14
839,2013-10-11,17.0,17.9575,16.65,17.82,91100.0,17.0,0.0,17.9575,16.65,17.82,1.0,91100.0,4,11
840,2013-10-10,18.0,18.235,17.82,17.82,3800.0,18.0,0.0,18.235,17.82,17.82,1.0,3800.0,3,10
841,2013-10-09,17.59,19.0,16.53,18.5,43200.0,17.59,0.0,19.0,16.53,18.5,1.0,43200.0,2,09
842,2013-10-08,17.94,18.99,16.3,18.5,46800.0,17.94,0.0,18.99,16.3,18.5,1.0,46800.0,1,08
843,2013-10-07,18.75,20.9,16.28,19.2,75200.0,18.75,0.0,20.9,16.28,19.2,1.0,75200.0,0,07
844,2013-10-04,19.2,19.65,18.43,18.43,22500.0,19.2,0.0,19.65,18.43,18.43,1.0,22500.0,4,04
845,2013-10-03,18.25,18.635,17.0317,17.88,36200.0,18.25,0.0,18.635,17.0317,17.88,1.0,36200.0,3,03
846,2013-10-02,18.48,19.7999,17.6686,18.14,84200.0,18.48,0.0,19.7999,17.6686,18.14,1.0,84200.0,2,02
847,2013-10-01,17.66,18.88,15.0,15.0,73600.0,17.66,0.0,18.88,15.0,15.0,1.0,73600.0,1,01
848,2013-09-30,15.15,15.3,14.0,14.0,38500.0,15.15,0.0,15.3,14.0,14.0,1.0,38500.0,0,30
849,2013-09-27,13.95,14.44,13.22,13.22,12300.0,13.95,0.0,14.44,13.22,13.22,1.0,12300.0,4,27
850,2013-09-26,14.1,14.44,13.75,14.29,11000.0,14.1,0.0,14.44,13.75,14.29,1.0,11000.0,3,26
851,2013-09-25,13.95,14.84,13.25,13.62,9900.0,13.95,0.0,14.84,13.25,13.62,1.0,9900.0,2,25
852,2013-09-24,13.53,15.4,13.15,15.32,36900.0,13.53,0.0,15.4,13.15,15.32,1.0,36900.0,1,24
853,2013-09-23,15.39,15.56,14.1,15.56,8800.0,15.39,0.0,15.56,14.1,15.56,1.0,8800.0,0,23
854,2013-09-20,14.51,16.25,14.26,15.95,74700.0,14.51,0.0,16.25,14.26,15.95,1.0,74700.0,4,20
855,2013-09-19,16.25,17.24,15.5,16.99,144500.0,16.25,0.0,17.24,15.5,16.99,1.0,144500.0,3,19
856,2013-09-18,15.785,16.4899,14.35,14.49,132600.0,15.785,0.0,16.4899,14.35,14.49,1.0,132600.0,2,18
857,2013-09-17,14.0,15.9,13.02,13.25,63500.0,14.0,0.0,15.9,13.02,13.25,1.0,63500.0,1,17
858,2013-09-16,13.7,15.0,10.2,10.2,86000.0,13.7,0.0,15.0,10.2,10.2,1.0,86000.0,0,16
859,2013-09-13,9.99,10.72,8.95,9.3,36900.0,9.99,0.0,10.72,8.95,9.3,1.0,36900.0,4,13
860,2013-09-12,9.07,9.15,8.6,8.63,18800.0,9.07,0.0,9.15,8.6,8.63,1.0,18800.0,3,12
861,2013-09-11,8.73,8.75,8.32,8.42,22100.0,8.73,0.0,8.75,8.32,8.42,1.0,22100.0,2,11
862,2013-09-10,8.49,8.841,8.38,8.49,23900.0,8.49,0.0,8.841,8.38,8.49,1.0,23900.0,1,10
863,2013-09-09,8.49,8.6,8.12,8.12,18600.0,8.49,0.0,8.6,8.12,8.12,1.0,18600.0,0,09
864,2013-09-06,8.5,8.88,8.45,8.52,27500.0,8.5,0.0,8.88,8.45,8.52,1.0,27500.0,4,06
865,2013-09-05,8.5,8.85,8.4,8.53,11700.0,8.5,0.0,8.85,8.4,8.53,1.0,11700.0,3,05
866,2013-09-04,8.5,8.5,8.4,8.5,4600.0,8.5,0.0,8.5,8.4,8.5,1.0,4600.0,2,04
867,2013-09-03,8.5,8.53,8.4,8.53,18900.0,8.5,0.0,8.53,8.4,8.53,1.0,18900.0,1,03
868,2013-08-30,8.1547,8.444,8.1547,8.4,9100.0,8.1547,0.0,8.444,8.1547,8.4,1.0,9100.0,4,30
869,2013-08-29,8.4,8.4444,8.34,8.34,6900.0,8.4,0.0,8.4444,8.34,8.34,1.0,6900.0,3,29
870,2013-08-28,8.4,8.4025,8.35,8.35,6200.0,8.4,0.0,8.4025,8.35,8.35,1.0,6200.0,2,28
871,2013-08-27,8.5,8.55,8.49,8.55,6100.0,8.5,0.0,8.55,8.49,8.55,1.0,6100.0,1,27
872,2013-08-26,8.43,8.5,8.35,8.5,11100.0,8.43,0.0,8.5,8.35,8.5,1.0,11100.0,0,26
873,2013-08-23,8.44,8.5,8.3,8.45,24600.0,8.44,0.0,8.5,8.3,8.45,1.0,24600.0,4,23
874,2013-08-22,8.44,8.5,8.44,8.48,14500.0,8.44,0.0,8.5,8.44,8.48,1.0,14500.0,3,22
875,2013-08-21,8.5,8.7,8.36,8.5,23600.0,8.5,0.0,8.7,8.36,8.5,1.0,23600.0,2,21
876,2013-08-20,8.6,9.2,8.58,9.11,26300.0,8.6,0.0,9.2,8.58,9.11,1.0,26300.0,1,20
877,2013-08-19,9.0,9.2,9.0,9.2,7900.0,9.0,0.0,9.2,9.0,9.2,1.0,7900.0,0,19
878,2013-08-16,8.95,9.45,8.95,9.45,700.0,8.95,0.0,9.45,8.95,9.45,1.0,700.0,4,16
879,2013-08-15,9.05,9.9999,8.99,9.0,23900.0,9.05,0.0,9.9999,8.99,9.0,1.0,23900.0,3,15
880,2013-08-14,8.5,8.5,8.35,8.35,19000.0,8.5,0.0,8.5,8.35,8.35,1.0,19000.0,2,14
881,2013-08-13,8.5,8.5,8.425,8.425,21600.0,8.5,0.0,8.5,8.425,8.425,1.0,21600.0,1,13
882,2013-08-12,8.4,8.5,8.25,8.26,29700.0,8.4,0.0,8.5,8.25,8.26,1.0,29700.0,0,12
883,2013-08-09,8.2852,8.5,8.2,8.49,8100.0,8.2852,0.0,8.5,8.2,8.49,1.0,8100.0,4,09
884,2013-08-08,8.49,8.5,8.33,8.5,7700.0,8.49,0.0,8.5,8.33,8.5,1.0,7700.0,3,08
885,2013-08-07,8.4,8.49,8.2,8.48,11300.0,8.4,0.0,8.49,8.2,8.48,1.0,11300.0,2,07
886,2013-08-06,8.48,8.48,7.5,7.51,2700.0,8.48,0.0,8.48,7.5,7.51,1.0,2700.0,1,06
887,2013-08-05,8.42,8.499,8.0,8.023,1900.0,8.42,0.0,8.499,8.0,8.023,1.0,1900.0,0,05
888,2013-08-02,8.3,8.49,8.2,8.49,1600.0,8.3,0.0,8.49,8.2,8.49,1.0,1600.0,4,02
889,2013-08-01,8.5,8.5,8.47,8.4999,10200.0,8.5,0.0,8.5,8.47,8.4999,1.0,10200.0,3,01
890,2013-07-31,8.25,8.25,8.25,8.25,0.0,8.25,0.0,8.25,8.25,8.25,1.0,0.0,2,31
891,2013-07-30,8.25,8.5,8.2001,8.5,10100.0,8.25,0.0,8.5,8.2001,8.5,1.0,10100.0,1,30
892,2013-07-29,8.5,9.97,8.0101,9.97,7600.0,8.5,0.0,9.97,8.0101,9.97,1.0,7600.0,0,29
893,2013-07-26,8.5,8.84,8.5,8.84,300.0,8.5,0.0,8.84,8.5,8.84,1.0,300.0,4,26
894,2013-07-25,9.0,9.05,8.999,9.0,4200.0,9.0,0.0,9.05,8.999,9.0,1.0,4200.0,3,25
895,2013-07-24,9.01,10.03,9.01,10.0,20400.0,9.01,0.0,10.03,9.01,10.0,1.0,20400.0,2,24
896,2013-07-23,9.5,9.5,9.0225,9.0225,700.0,9.5,0.0,9.5,9.0225,9.0225,1.0,700.0,1,23
897,2013-07-22,10.0,10.0,9.5,9.97,1000.0,10.0,0.0,10.0,9.5,9.97,1.0,1000.0,0,22
898,2013-07-19,9.0,9.2,9.0,9.2,1400.0,9.0,0.0,9.2,9.0,9.2,1.0,1400.0,4,19
899,2013-07-18,9.2,11.79,9.18,10.88,7000.0,9.2,0.0,11.79,9.18,10.88,1.0,7000.0,3,18
900,2013-07-17,8.5,8.75,8.2,8.5,2000.0,8.5,0.0,8.75,8.2,8.5,1.0,2000.0,2,17
901,2013-07-16,8.01,8.01,7.5,7.5,1400.0,8.01,0.0,8.01,7.5,7.5,1.0,1400.0,1,16
902,2013-07-15,7.05,7.05,7.0,7.0,600.0,7.05,0.0,7.05,7.0,7.0,1.0,600.0,0,15
