,Unnamed: 0,adj_close,adj_high,adj_low,adj_open,adj_volume,close,ex_dividend,high,low,open,split_ratio,volume,Day of Week
0,2017-02-10,33.11,33.56,32.405,33.49,32223.0,33.11,0.0,33.56,32.405,33.49,1.0,32223.0,4
1,2017-02-09,33.28,33.3,33.0,33.12,16756.0,33.28,0.0,33.3,33.0,33.12,1.0,16756.0,3
2,2017-02-08,33.2,33.2,32.75,33.2,13233.0,33.2,0.0,33.2,32.75,33.2,1.0,13233.0,2
3,2017-02-07,33.11,33.45,32.99,33.36,13833.0,33.11,0.0,33.45,32.99,33.36,1.0,13833.0,1
4,2017-02-06,33.43,33.99,33.43,33.9,13711.0,33.43,0.0,33.99,33.43,33.9,1.0,13711.0,0
5,2017-02-03,33.9,33.9,33.45,33.45,14957.0,33.9,0.0,33.9,33.45,33.45,1.0,14957.0,4
6,2017-02-02,33.22,33.84,32.76,33.6,36747.0,33.22,0.0,33.84,32.76,33.6,1.0,36747.0,3
7,2017-02-01,33.32,33.98,33.08,33.45,39540.0,33.32,0.0,33.98,33.08,33.45,1.0,39540.0,2
8,2017-01-31,33.86,34.0,33.4,33.9,23394.0,33.86,0.0,34.0,33.4,33.9,1.0,23394.0,1
9,2017-01-30,34.08,34.18,32.38,33.77,20340.0,34.08,0.0,34.18,32.38,33.77,1.0,20340.0,0
10,2017-01-27,34.05,35.74,33.14,35.74,52421.0,34.05,0.0,35.74,33.14,35.74,1.0,52421.0,4
11,2017-01-26,34.72,34.965,33.96,34.53,20753.0,34.72,0.0,34.965,33.96,34.53,1.0,20753.0,3
12,2017-01-25,34.78,34.98,33.81,33.96,19582.0,34.78,0.0,34.98,33.81,33.96,1.0,19582.0,2
13,2017-01-24,33.89,34.17,33.105,33.28,37974.0,33.89,0.0,34.17,33.105,33.28,1.0,37974.0,1
14,2017-01-23,33.24,33.58,32.46,32.5,30895.0,33.24,0.0,33.58,32.46,32.5,1.0,30895.0,0
15,2017-01-20,32.45,34.75,32.08,33.16,50461.0,32.45,0.0,34.75,32.08,33.16,1.0,50461.0,4
16,2017-01-19,33.07,33.38,32.8,33.0,42557.0,33.07,0.0,33.38,32.8,33.0,1.0,42557.0,3
17,2017-01-18,32.99,33.32,32.518,33.21,36250.0,32.99,0.0,33.32,32.518,33.21,1.0,36250.0,2
18,2017-01-17,33.22,34.32,33.07,34.32,26027.0,33.22,0.0,34.32,33.07,34.32,1.0,26027.0,1
19,2017-01-13,34.36,34.97,33.95,34.6,50838.0,34.36,0.0,34.97,33.95,34.6,1.0,50838.0,4
20,2017-01-12,34.58,35.35,34.51,35.18,27465.0,34.58,0.0,35.35,34.51,35.18,1.0,27465.0,3
21,2017-01-11,35.45,35.67,35.0,35.1,22105.0,35.45,0.0,35.67,35.0,35.1,1.0,22105.0,2
22,2017-01-10,35.28,35.44,34.66,34.85,35315.0,35.28,0.0,35.44,34.66,34.85,1.0,35315.0,1
23,2017-01-09,34.89,35.2,34.32,35.005,23780.0,34.89,0.0,35.2,34.32,35.005,1.0,23780.0,0
24,2017-01-06,35.35,35.45,34.66,34.91,27896.0,35.35,0.0,35.45,34.66,34.91,1.0,27896.0,4
25,2017-01-05,35.2,35.5,35.08,35.45,38605.0,35.2,0.0,35.5,35.08,35.45,1.0,38605.0,3
26,2017-01-04,35.45,36.11,35.13,35.45,62560.0,35.45,0.0,36.11,35.13,35.45,1.0,62560.0,2
27,2017-01-03,35.47,36.615,35.02,36.545,61630.0,35.47,0.0,36.615,35.02,36.545,1.0,61630.0,1
28,2016-12-30,36.18,36.73,35.725,36.34,15053.0,36.18,0.0,36.73,35.725,36.34,1.0,15053.0,4
29,2016-12-29,36.51,37.01,36.01,36.9,24133.0,36.51,0.0,37.01,36.01,36.9,1.0,24133.0,3
30,2016-12-28,36.86,37.1,36.26,36.795,18998.0,36.86,0.0,37.1,36.26,36.795,1.0,18998.0,2
31,2016-12-27,36.54,37.580999999999996,36.13,36.94,31410.0,36.54,0.0,37.580999999999996,36.13,36.94,1.0,31410.0,1
32,2016-12-23,36.55,37.0,35.3,35.3,31893.0,36.55,0.0,37.0,35.3,35.3,1.0,31893.0,4
33,2016-12-22,35.29,35.42,35.1015,35.33,32076.0,35.29,0.0,35.42,35.1015,35.33,1.0,32076.0,3
34,2016-12-21,35.33,35.5,34.74,35.23,201713.0,35.33,0.0,35.5,34.74,35.23,1.0,201713.0,2
35,2016-12-20,35.35,35.5,33.3,33.325,45983.0,35.35,0.0,35.5,33.3,33.325,1.0,45983.0,1
36,2016-12-19,33.05,34.28,32.65,33.55,51940.0,33.05,0.0,34.28,32.65,33.55,1.0,51940.0,0
37,2016-12-16,34.61,35.21,34.0075,34.1,258651.0,34.61,0.0,35.21,34.0075,34.1,1.0,258651.0,4
38,2016-12-15,33.95,34.24,33.405,34.0,67986.0,33.95,0.0,34.24,33.405,34.0,1.0,67986.0,3
39,2016-12-14,33.93,34.265,33.24,33.54,48124.0,33.93,0.0,34.265,33.24,33.54,1.0,48124.0,2
40,2016-12-13,33.47,33.54,32.81,33.44,50797.0,33.47,0.0,33.54,32.81,33.44,1.0,50797.0,1
41,2016-12-12,33.41,34.16,31.39,31.99,81355.0,33.41,0.0,34.16,31.39,31.99,1.0,81355.0,0
42,2016-12-09,32.17,35.52,30.05,34.03,131674.0,32.17,0.0,35.52,30.05,34.03,1.0,131674.0,4
43,2016-12-08,33.92,35.1,33.02,35.1,88418.0,33.92,0.0,35.1,33.02,35.1,1.0,88418.0,3
44,2016-12-07,35.24,35.97,34.51,34.52,84596.0,35.24,0.0,35.97,34.51,34.52,1.0,84596.0,2
45,2016-12-06,34.91,35.405,34.1,34.1,65613.0,34.91,0.0,35.405,34.1,34.1,1.0,65613.0,1
46,2016-12-05,33.94,34.09,33.07,33.07,88551.0,33.94,0.0,34.09,33.07,33.07,1.0,88551.0,0
47,2016-12-02,32.97,33.0,32.72,33.0,26408.0,32.97,0.0,33.0,32.72,33.0,1.0,26408.0,4
48,2016-12-01,32.99,33.01,32.575,32.7,45978.0,32.99,0.0,33.01,32.575,32.7,1.0,45978.0,3
49,2016-11-30,32.56,33.9,32.35,33.25,44246.0,32.56,0.0,33.9,32.35,33.25,1.0,44246.0,2
50,2016-11-29,32.44,32.7,32.08,32.08,73307.0,32.44,0.0,32.7,32.08,32.08,1.0,73307.0,1
51,2016-11-28,32.11,32.23,31.555,31.9,76629.0,32.11,0.0,32.23,31.555,31.9,1.0,76629.0,0
52,2016-11-25,31.84,32.25,31.57,31.98,15150.0,31.84,0.0,32.25,31.57,31.98,1.0,15150.0,4
53,2016-11-23,31.99,32.455,30.99,30.99,48708.0,31.99,0.0,32.455,30.99,30.99,1.0,48708.0,2
54,2016-11-22,30.99,31.58,29.13,29.68,138851.0,30.99,0.0,31.58,29.13,29.68,1.0,138851.0,1
55,2016-11-21,29.45,29.75,28.75,29.13,46872.0,29.45,0.0,29.75,28.75,29.13,1.0,46872.0,0
56,2016-11-18,29.25,29.86,28.09,28.09,39524.0,29.25,0.0,29.86,28.09,28.09,1.0,39524.0,4
57,2016-11-17,28.19,29.01,28.0,28.5,27062.0,28.19,0.0,29.01,28.0,28.5,1.0,27062.0,3
58,2016-11-16,28.59,29.85,28.0,28.28,88700.0,28.59,0.18,29.85,28.0,28.28,1.0,88700.0,2
59,2016-11-15,28.4310010427529,29.3353076120959,27.6260688216893,27.6260688216893,42607.0,28.61,0.0,29.52,27.8,27.8,1.0,42607.0,1
60,2016-11-14,27.8844421272158,28.0533785192909,26.3342022940563,27.4571324296142,33488.0,28.06,0.0,28.23,26.5,27.63,1.0,33488.0,0
61,2016-11-11,27.2385088633994,28.1428154327424,25.9168300312826,26.880761209593302,55358.0,27.41,0.0,28.32,26.08,27.05,1.0,55358.0,4
62,2016-11-10,26.9205109489051,27.2583837330553,25.7379562043796,26.1056412930136,67279.0,27.09,0.0,27.43,25.9,26.27,1.0,67279.0,3
63,2016-11-09,25.8969551616267,25.8969551616267,24.8058248175182,24.8336496350365,42030.0,26.06,0.0,26.06,24.962,24.99,1.0,42030.0,2
64,2016-11-08,24.664713242961398,24.9429614181439,24.6150260688217,24.843587069864398,22054.0,24.82,0.0,25.1,24.77,25.0,1.0,22054.0,1
65,2016-11-07,24.9429614181439,25.588894681960397,24.5815369134515,24.674650677789398,20525.0,25.1,0.0,25.75,24.7363,24.83,1.0,20525.0,0
66,2016-11-04,24.5951511991658,24.8056260688217,24.545464025026103,24.8056260688217,17324.0,24.75,0.0,24.9618,24.7,24.9618,1.0,17324.0,4
67,2016-11-03,24.8237122002086,25.042335766423395,24.6448383733055,24.952898852971803,171071.0,24.98,0.0,25.2,24.8,25.11,1.0,171071.0,3
68,2016-11-02,25.0274296141814,25.3404588112617,25.0125234619395,25.3205839416058,19310.0,25.185,0.0,25.5,25.17,25.48,1.0,19310.0,2
69,2016-11-01,25.260959332638198,25.877080291970803,25.171522419186697,25.877080291970803,17956.0,25.42,0.0,26.04,25.33,26.04,1.0,17956.0,1
70,2016-10-31,25.370271115745602,25.7379562043796,25.360333680917602,25.410020855057397,28099.0,25.53,0.0,25.9,25.52,25.57,1.0,28099.0,0
71,2016-10-28,25.678331595411898,25.9068925964546,25.449770594369102,25.767768508863398,18574.0,25.84,0.0,26.07,25.61,25.93,1.0,18574.0,4
72,2016-10-27,25.8174556830031,26.1851407716371,25.732987486965605,26.1702346193952,14688.0,25.98,0.0,26.35,25.895,26.335,1.0,14688.0,3
73,2016-10-26,26.1950782064651,26.3342022940563,26.0062669447341,26.0062669447341,12231.0,26.36,0.0,26.5,26.17,26.17,1.0,12231.0,2
74,2016-10-25,25.9863920750782,26.304389989572503,25.9863920750782,26.2547028154327,6935.0,26.15,0.0,26.47,26.15,26.42,1.0,6935.0,1
75,2016-10-24,26.413701772679897,26.503138686131397,26.2547028154327,26.503138686131397,32189.0,26.58,0.0,26.67,26.42,26.67,1.0,32189.0,0
76,2016-10-21,26.4236392075078,27.0198852971846,26.1752033368092,26.1752033368092,15337.0,26.59,0.0,27.19,26.34,26.34,1.0,15337.0,4
77,2016-10-20,26.304389989572503,27.804942648592302,25.9367049009385,25.9367049009385,24047.0,26.47,0.0,27.98,26.1,26.1,1.0,24047.0,3
78,2016-10-19,25.9367049009385,26.02614181439,25.708143899895703,25.797580813347203,24534.0,26.1,0.0,26.19,25.87,25.96,1.0,24534.0,2
79,2016-10-18,25.718081334723703,25.787643378519302,25.588894681960397,25.7787990615224,11419.0,25.88,0.0,25.95,25.75,25.9411,1.0,11419.0,1
80,2016-10-17,25.5093952033368,25.7280187695516,25.280834202294102,25.655972367049,11931.0,25.67,0.0,25.89,25.44,25.8175,1.0,11931.0,0
81,2016-10-14,25.767768508863398,25.767768508863398,25.688269030239802,25.7379562043796,24732.0,25.93,0.0,25.93,25.85,25.9,1.0,24732.0,4
82,2016-10-13,25.499457768508897,25.628644421272202,25.419858915537,25.419858915537,34878.0,25.66,0.0,25.79,25.5799,25.5799,1.0,34878.0,3
83,2016-10-12,25.529270072992702,25.688269030239802,25.4398331595412,25.459708029197103,18278.0,25.69,0.0,25.85,25.6,25.62,1.0,18278.0,2
84,2016-10-11,25.380208550573503,25.7379562043796,25.380208550573503,25.7379562043796,11474.0,25.54,0.0,25.9,25.54,25.9,1.0,11474.0,1
85,2016-10-10,25.648519290928,25.767768508863398,25.3205839416058,25.3205839416058,21748.0,25.81,0.0,25.93,25.48,25.48,1.0,21748.0,0
86,2016-10-07,25.3305213764338,25.946642335766395,25.0920229405631,25.8174556830031,23883.0,25.49,0.0,26.11,25.25,25.98,1.0,23883.0,4
87,2016-10-06,25.469645464025003,26.1950782064651,25.380208550573503,25.8870177267987,21339.0,25.63,0.0,26.36,25.54,26.05,1.0,21339.0,3
88,2016-10-05,25.877080291970803,26.1652659019812,24.5057142857143,25.161584984358697,45975.0,26.04,0.0,26.33,24.66,25.32,1.0,45975.0,2
89,2016-10-04,25.0125234619395,25.211272158498396,24.5703076120959,25.0820855057351,9842.0,25.17,0.0,25.37,24.725,25.24,1.0,9842.0,1
90,2016-10-03,25.121835245046896,25.251021897810197,24.9429614181439,25.251021897810197,17986.0,25.28,0.0,25.41,25.1,25.41,1.0,17986.0,0
91,2016-09-30,25.1814598540146,25.3404588112617,24.446189051094898,24.585213764337897,52750.0,25.34,0.0,25.5,24.6001,24.74,1.0,52750.0,4
92,2016-09-29,24.585213764337897,24.744212721585,24.575276329509897,24.744212721585,10725.0,24.74,0.0,24.9,24.73,24.9,1.0,10725.0,3
93,2016-09-28,24.744212721585,24.893274244004196,24.446089676746602,24.5573889468196,64399.0,24.9,0.0,25.05,24.6,24.712,1.0,64399.0,2
94,2016-09-27,24.783962460896802,24.923086548488,24.503229927007297,24.6448383733055,34947.0,24.94,0.0,25.08,24.6575,24.8,1.0,34947.0,1
95,2016-09-26,24.664713242961398,24.883336809176196,24.446089676746602,24.446089676746602,28354.0,24.82,0.0,25.04,24.6,24.6,1.0,28354.0,0
96,2016-09-23,24.5057142857143,24.8237122002086,24.446089676746602,24.8237122002086,27580.0,24.66,0.0,24.98,24.6,24.98,1.0,27580.0,4
97,2016-09-22,24.803837330552696,24.8336496350365,24.157904066736197,24.1765864442127,51801.0,24.96,0.0,24.99,24.31,24.3288,1.0,51801.0,3
98,2016-09-21,24.1777789363921,24.356652763295102,23.879655891553696,24.306965589155396,31885.0,24.33,0.0,24.51,24.03,24.46,1.0,31885.0,2
99,2016-09-20,24.157904066736197,24.724337851929103,24.058529718456697,24.4212460896767,31627.0,24.31,0.0,24.88,24.21,24.575,1.0,31627.0,1
100,2016-09-19,24.6547758081335,24.704462982273196,24.058529718456697,24.147966631908197,50630.0,24.81,0.0,24.86,24.21,24.3,1.0,50630.0,0
101,2016-09-16,23.969092805005197,24.694525547445302,23.8846246089677,24.694525547445302,241434.0,24.12,0.0,24.85,24.035,24.85,1.0,241434.0,4
102,2016-09-15,24.684588112617302,24.694525547445302,24.237502919708,24.664713242961398,27567.0,24.84,0.0,24.85,24.3901,24.82,1.0,27567.0,3
103,2016-09-14,24.5156517205422,24.694525547445302,24.346715328467198,24.694525547445302,61769.0,24.67,0.0,24.85,24.5,24.85,1.0,61769.0,2
104,2016-09-13,24.664713242961398,24.843587069864398,24.5703076120959,24.8137747653806,36855.0,24.82,0.0,25.0,24.725,24.97,1.0,36855.0,1
105,2016-09-12,24.843587069864398,25.3305213764338,24.783962460896802,24.923086548488,97991.0,25.0,0.0,25.49,24.94,25.08,1.0,97991.0,0
106,2016-09-09,24.9429614181439,25.0920229405631,24.147966631908197,24.371558915537,126684.0,25.1,0.0,25.25,24.3,24.525,1.0,126684.0,4
107,2016-09-08,24.4361522419187,24.585213764337897,24.346715328467198,24.585213764337897,38849.0,24.59,0.0,24.74,24.5,24.74,1.0,38849.0,3
108,2016-09-07,24.5156517205422,24.734275286757,24.147966631908197,24.1728102189781,25269.0,24.67,0.0,24.89,24.3,24.325,1.0,25269.0,2
109,2016-09-06,24.575276329509897,24.744212721585,24.5156517205422,24.550432742439998,53151.0,24.73,0.0,24.9,24.67,24.705,1.0,53151.0,1
110,2016-09-02,24.624963503649603,24.684588112617302,24.048592283628803,24.346715328467198,44435.0,24.78,0.0,24.84,24.2,24.5,1.0,44435.0,4
111,2016-09-01,24.306965589155396,24.336777893639198,23.969092805005197,23.969092805005197,46282.0,24.46,0.0,24.49,24.12,24.12,1.0,46282.0,3
112,2016-08-31,24.187716371220002,24.3268404588113,23.9889676746611,23.9989051094891,24830.0,24.34,0.0,24.48,24.14,24.15,1.0,24830.0,2
113,2016-08-30,24.247340980187698,24.3268404588113,24.098279457768502,24.147966631908197,34803.0,24.4,0.0,24.48,24.25,24.3,1.0,34803.0,1
114,2016-08-29,24.098279457768502,24.336777893639198,24.038654848800803,24.138029197080304,29777.0,24.25,0.0,24.49,24.19,24.29,1.0,29777.0,0
115,2016-08-26,24.138029197080304,24.138029197080304,23.730594369134497,23.9989051094891,24085.0,24.29,0.0,24.29,23.88,24.15,1.0,24085.0,4
116,2016-08-25,23.9293430656934,24.187716371220002,23.5815328467153,23.661032325338898,41342.0,24.08,0.0,24.34,23.73,23.81,1.0,41342.0,3
117,2016-08-24,23.810093847758104,23.8498435870699,23.5070020855057,23.750469238790398,42695.0,23.96,0.0,24.0,23.655,23.9,1.0,42695.0,2
118,2016-08-23,23.760406673618398,24.0187799791449,23.641157455682997,23.8995307612096,35835.0,23.91,0.0,24.17,23.79,24.05,1.0,35835.0,1
119,2016-08-22,23.760406673618398,23.9094681960375,23.3678779979145,23.4026590198123,39309.0,23.91,0.0,24.06,23.515,23.55,1.0,39309.0,0
120,2016-08-19,23.412596454640198,23.6113451511992,23.333096976016698,23.541783107403496,43330.0,23.56,0.0,23.76,23.48,23.69,1.0,43330.0,4
121,2016-08-18,23.631220020855103,23.6908446298227,23.094598540146,23.0980766423358,29530.0,23.78,0.0,23.84,23.24,23.2435,1.0,29530.0,3
122,2016-08-17,23.1144734098019,23.1939728884254,22.856100104275303,22.856100104275303,19610.0,23.26,0.0,23.34,23.0,23.0,1.0,19610.0,2
123,2016-08-16,23.0747236704901,23.243660062565198,22.557977059436897,22.557977059436897,32196.0,23.22,0.0,23.39,22.7,22.7,1.0,32196.0,1
124,2016-08-15,22.796475495307604,22.955474452554697,22.359228362878,22.955474452554697,30989.0,22.94,0.0,23.1,22.5,23.1,1.0,30989.0,0
125,2016-08-12,22.806412930135604,22.856100104275303,22.637476538060497,22.846162669447303,17986.0,22.95,0.0,23.0,22.78,22.99,1.0,17986.0,4
126,2016-08-11,22.885912408759104,23.054848800834197,22.3343847758081,22.538102189780997,129122.0,23.03,0.0,23.2,22.475,22.68,1.0,129122.0,3
127,2016-08-10,22.319478623566198,22.637476538060497,22.319478623566198,22.389040667361805,50541.0,22.46,0.18,22.78,22.46,22.53,1.0,50541.0,2
128,2016-08-09,22.2899033427046,22.378629185289398,22.2407097922048,22.270186488796895,21919.0,22.61,0.0,22.7,22.5601,22.59,1.0,21919.0,1
129,2016-08-08,22.2406112079352,22.3490539044278,22.181460646212003,22.181460646212003,16288.0,22.56,0.0,22.67,22.5,22.5,1.0,16288.0,0
130,2016-08-05,22.211035927073603,22.4279213200588,22.1321685114426,22.4279213200588,32710.0,22.53,0.0,22.75,22.45,22.75,1.0,32710.0,4
131,2016-08-04,22.1420269383965,22.3589123313817,21.9054246915036,22.339195477473996,65798.0,22.46,0.0,22.68,22.22,22.66,1.0,65798.0,3
132,2016-08-03,22.3589123313817,22.4279213200588,22.230752780981398,22.270186488796895,12472.0,22.68,0.0,22.75,22.55,22.59,1.0,12472.0,2
133,2016-08-02,22.2997617696585,22.487071881781997,22.230752780981398,22.3589123313817,27266.0,22.62,0.0,22.81,22.55,22.68,1.0,27266.0,1
134,2016-08-01,22.408204466151098,22.4969303087359,22.171602219258105,22.171602219258105,10047.0,22.73,0.0,22.82,22.49,22.49,1.0,10047.0,0
135,2016-07-29,22.4377797470127,22.6053730052285,21.737831433287802,21.737831433287802,48586.0,22.76,0.0,22.93,22.05,22.05,1.0,48586.0,4
136,2016-07-28,21.8068404219649,22.033584241903895,21.7082561524262,21.7674067141494,8899.0,22.12,0.0,22.35,22.02,22.08,1.0,8899.0,3
137,2016-07-27,21.934999972365198,22.0828763766733,21.826557275872602,21.934999972365198,12255.0,22.25,0.0,22.4,22.14,22.25,1.0,12255.0,2
138,2016-07-26,21.934999972365198,22.023725814950105,21.6885392985184,21.9202123319344,18777.0,22.25,0.0,22.34,22.0,22.235,1.0,18777.0,1
139,2016-07-25,21.8166988489187,22.1321685114426,21.6885392985184,22.1173808710118,10863.0,22.13,0.0,22.45,22.0,22.435,1.0,10863.0,0
140,2016-07-22,22.033584241903895,22.0706519272505,21.8364157028265,21.8364157028265,22985.0,22.35,0.0,22.3876,22.15,22.15,1.0,22985.0,4
141,2016-07-21,21.7772651411033,21.826557275872602,21.6885392985184,21.787123568057105,25027.0,22.09,0.0,22.14,22.0,22.1,1.0,25027.0,3
142,2016-07-20,21.737831433287802,22.023725814950105,21.649105590702895,22.023725814950105,19998.0,22.05,0.0,22.34,21.96,22.34,1.0,19998.0,2
143,2016-07-19,22.023725814950105,22.1321685114426,21.7279730063339,21.846274129780397,56552.0,22.34,0.0,22.45,22.04,22.16,1.0,56552.0,1
144,2016-07-18,21.8364157028265,21.841344916303395,21.737831433287802,21.747689860241604,17753.0,22.15,0.0,22.155,22.05,22.06,1.0,17753.0,0
145,2016-07-15,21.796981995011002,21.8561325567342,21.718114579379996,21.8561325567342,25107.0,22.11,0.0,22.17,22.03,22.17,1.0,25107.0,4
146,2016-07-14,21.737831433287802,22.088791432845603,21.6885392985184,21.8561325567342,51515.0,22.05,0.0,22.406,22.0,22.17,1.0,51515.0,3
147,2016-07-13,21.718114579379996,21.8166988489187,21.6885392985184,21.7674067141494,40370.0,22.03,0.0,22.13,22.0,22.08,1.0,40370.0,2
148,2016-07-12,21.718114579379996,21.787123568057105,21.6885392985184,21.787123568057105,42946.0,22.03,0.0,22.1,22.0,22.1,1.0,42946.0,1
149,2016-07-11,21.7279730063339,21.7575482871955,21.6836100850415,21.6885392985184,32467.0,22.04,0.0,22.07,21.995,22.0,1.0,32467.0,0
150,2016-07-08,21.7772651411033,21.9349013880957,21.649105590702895,21.6885392985184,32941.0,22.09,0.0,22.2499,21.96,22.0,1.0,32941.0,4
151,2016-07-07,21.6293887367952,21.9054246915036,21.4519370516255,21.560379748118102,40016.0,21.94,0.0,22.22,21.76,21.87,1.0,40016.0,3
152,2016-07-06,21.639247163748998,21.747689860241604,21.3927864899022,21.412503343810002,23883.0,21.95,0.0,22.06,21.7,21.72,1.0,23883.0,2
153,2016-07-05,21.442078624671602,21.6688224446107,21.3927864899022,21.442078624671602,69617.0,21.75,0.0,21.98,21.7,21.75,1.0,69617.0,1
154,2016-07-01,21.4716539055332,21.481512332487103,21.2449100855942,21.2942022203635,17247.0,21.78,0.0,21.79,21.55,21.6,1.0,17247.0,4
155,2016-06-30,21.382928062948398,21.501229186394802,21.2942022203635,21.4322201977177,24879.0,21.69,0.0,21.81,21.6,21.74,1.0,24879.0,3
156,2016-06-29,21.2843437934097,21.494328287527104,20.8505730074393,20.880148288300898,36440.0,21.59,0.0,21.803,21.15,21.18,1.0,36440.0,2
157,2016-06-28,20.761847164854398,21.442078624671602,20.5055280640538,21.1561842430093,82862.0,21.06,0.0,21.75,20.8,21.46,1.0,82862.0,1
158,2016-06-27,20.949157276978,21.304060647317396,20.5548201988231,21.304060647317396,96602.0,21.25,0.0,21.61,20.85,21.61,1.0,96602.0,0
159,2016-06-24,21.215334804732603,21.6885392985184,21.087273838601803,21.3434943551329,452923.0,21.52,0.0,22.0,21.3901,21.65,1.0,452923.0,4
160,2016-06-23,21.550521321164197,21.6293887367952,21.442078624671602,21.6195303098413,62749.0,21.86,0.0,21.94,21.75,21.93,1.0,62749.0,3
161,2016-06-22,21.5209460403026,21.787123568057105,21.3434943551329,21.6885392985184,55237.0,21.83,0.0,22.1,21.65,22.0,1.0,55237.0,2
162,2016-06-21,21.6885392985184,22.033584241903895,21.6590626019263,22.033584241903895,116632.0,22.0,0.0,22.35,21.9701,22.35,1.0,116632.0,1
163,2016-06-20,21.826557275872602,22.1321685114426,21.649105590702895,21.6885392985184,266235.0,22.14,0.0,22.45,21.96,22.0,1.0,266235.0,0
164,2016-06-17,21.6786808715645,21.934999972365198,21.3927864899022,21.442177208941104,32864.0,21.99,0.0,22.25,21.7,21.7501,1.0,32864.0,4
165,2016-06-16,21.6293887367952,21.7772651411033,21.333635928179,21.4371494111947,32659.0,21.94,0.0,22.09,21.64,21.745,1.0,32659.0,3
166,2016-06-15,21.4617954785794,22.1803762192471,21.2251932316864,21.4914693437105,221731.0,21.77,0.0,22.4989,21.53,21.8001,1.0,221731.0,2
167,2016-06-14,21.560379748118102,21.9842921071346,20.8111392996238,21.9842921071346,194392.0,21.87,0.0,22.3,21.11,22.3,1.0,194392.0,1
168,2016-06-13,21.875849410642,21.9842921071346,21.801911208487898,21.9842921071346,21302.0,22.19,0.0,22.3,22.115,22.3,1.0,21302.0,0
169,2016-06-10,21.9645752532268,22.0730179497194,21.718114579379996,22.0730179497194,13386.0,22.28,0.0,22.39,22.03,22.39,1.0,13386.0,4
170,2016-06-09,22.0730179497194,22.644806713043998,22.033584241903895,22.033584241903895,19242.0,22.39,0.0,22.97,22.35,22.35,1.0,19242.0,3
171,2016-06-08,22.2011775001198,22.595514578274603,22.1321685114426,22.2406112079352,15176.0,22.52,0.0,22.92,22.45,22.56,1.0,15176.0,2
172,2016-06-07,22.408204466151098,22.4279213200588,22.132267095712198,22.132267095712198,51566.0,22.73,0.0,22.75,22.4501,22.4501,1.0,51566.0,1
173,2016-06-06,22.615231432182398,22.6743819939056,22.2899033427046,22.408204466151098,46064.0,22.94,0.0,23.0,22.61,22.73,1.0,46064.0,0
174,2016-06-03,22.2406112079352,22.4772134548282,22.033584241903895,22.447638173966602,30437.0,22.56,0.0,22.8,22.35,22.77,1.0,30437.0,4
175,2016-06-02,22.595514578274603,23.078577499014397,22.023725814950105,22.023725814950105,183619.0,22.92,0.0,23.41,22.34,22.34,1.0,183619.0,3
176,2016-06-01,22.2504696348891,22.339195477473996,21.9842921071346,22.211035927073603,184495.0,22.57,0.0,22.66,22.3,22.53,1.0,184495.0,2
177,2016-05-31,22.1913190731659,22.5462224435053,21.934999972365198,22.270186488796895,187365.0,22.51,0.0,22.87,22.25,22.59,1.0,187365.0,1
178,2016-05-27,22.102593230581004,22.230752780981398,21.6983977254723,21.6983977254723,206689.0,22.42,0.0,22.55,22.01,22.01,1.0,206689.0,4
179,2016-05-26,21.7674067141494,21.9054246915036,21.5899550289797,21.6885392985184,142631.0,22.08,0.0,22.22,21.9,22.0,1.0,142631.0,3
180,2016-05-25,21.6983977254723,22.0040089610423,21.5899550289797,21.639247163748998,313335.0,22.01,0.0,22.32,21.9,21.95,1.0,313335.0,2
181,2016-05-24,21.5899550289797,21.865990983688103,21.254768512548,21.747689860241604,1775310.0,21.9,0.0,22.18,21.56,22.06,1.0,1775310.0,1
