,Unnamed: 0,adj_close,adj_high,adj_low,adj_open,adj_volume,close,ex_dividend,high,low,open,split_ratio,volume,Day of Week
0,2017-02-10,0.73,0.805,0.7204,0.76,130688.0,0.73,0.0,0.805,0.7204,0.76,1.0,130688.0,4
1,2017-02-09,0.74,0.79,0.67,0.7,904811.0,0.74,0.0,0.79,0.67,0.7,1.0,904811.0,3
2,2017-02-08,0.7,0.71,0.601,0.67,6895.0,0.7,0.0,0.71,0.601,0.67,1.0,6895.0,2
3,2017-02-07,0.7,0.7,0.64,0.7,28161.0,0.7,0.0,0.7,0.64,0.7,1.0,28161.0,1
4,2017-02-06,0.68,0.71,0.65,0.69,27304.0,0.68,0.0,0.71,0.65,0.69,1.0,27304.0,0
5,2017-02-03,0.69,0.71,0.66,0.71,291601.0,0.69,0.0,0.71,0.66,0.71,1.0,291601.0,4
6,2017-02-02,0.67,0.6990000000000001,0.6522,0.69,27085.0,0.67,0.0,0.6990000000000001,0.6522,0.69,1.0,27085.0,3
7,2017-02-01,0.6659999999999999,0.69,0.5801,0.5801,320373.0,0.6659999999999999,0.0,0.69,0.5801,0.5801,1.0,320373.0,2
8,2017-01-31,0.65,0.65,0.586,0.65,128538.0,0.65,0.0,0.65,0.586,0.65,1.0,128538.0,1
9,2017-01-30,0.62,0.65,0.55,0.55,486554.0,0.62,0.0,0.65,0.55,0.55,1.0,486554.0,0
10,2017-01-27,0.65,0.66,0.6,0.64,33134.0,0.65,0.0,0.66,0.6,0.64,1.0,33134.0,4
11,2017-01-26,0.63,0.65,0.6199,0.64,277800.0,0.63,0.0,0.65,0.6199,0.64,1.0,277800.0,3
12,2017-01-25,0.6299,0.65,0.629,0.64,49372.0,0.6299,0.0,0.65,0.629,0.64,1.0,49372.0,2
13,2017-01-24,0.625,0.64,0.62,0.62,53022.0,0.625,0.0,0.64,0.62,0.62,1.0,53022.0,1
14,2017-01-23,0.66,0.66,0.66,0.66,105.0,0.66,0.0,0.66,0.66,0.66,1.0,105.0,0
15,2017-01-20,0.66,0.67,0.66,0.66,59300.0,0.66,0.0,0.67,0.66,0.66,1.0,59300.0,4
16,2017-01-19,0.65,0.68,0.65,0.68,1880980.0,0.65,0.0,0.68,0.65,0.68,1.0,1880980.0,3
17,2017-01-18,0.67,0.68,0.67,0.68,100200.0,0.67,0.0,0.68,0.67,0.68,1.0,100200.0,2
18,2017-01-17,0.67,0.68,0.65,0.67,6060.0,0.67,0.0,0.68,0.65,0.67,1.0,6060.0,1
19,2017-01-13,0.67,0.67,0.67,0.67,120.0,0.67,0.0,0.67,0.67,0.67,1.0,120.0,4
20,2017-01-12,0.69,0.71,0.6011,0.71,44532.0,0.69,0.0,0.71,0.6011,0.71,1.0,44532.0,3
21,2017-01-11,0.7,0.71,0.68,0.69176,189570.0,0.7,0.0,0.71,0.68,0.69176,1.0,189570.0,2
22,2017-01-10,0.71,0.73,0.675,0.7,168200.0,0.71,0.0,0.73,0.675,0.7,1.0,168200.0,1
23,2017-01-09,0.68,0.73,0.68,0.71,353246.0,0.68,0.0,0.73,0.68,0.71,1.0,353246.0,0
24,2017-01-06,0.71,0.71,0.69,0.7,110646.0,0.71,0.0,0.71,0.69,0.7,1.0,110646.0,4
25,2017-01-05,0.71,0.73,0.68,0.715,22006.0,0.71,0.0,0.73,0.68,0.715,1.0,22006.0,3
26,2017-01-04,0.715,0.74,0.7,0.7,301067.0,0.715,0.0,0.74,0.7,0.7,1.0,301067.0,2
27,2017-01-03,0.7,0.715,0.6509999999999999,0.6509999999999999,1119748.0,0.7,0.0,0.715,0.6509999999999999,0.6509999999999999,1.0,1119748.0,1
28,2016-12-30,0.7,0.7,0.59,0.67,161400.0,0.7,0.0,0.7,0.59,0.67,1.0,161400.0,4
29,2016-12-29,0.69,0.7,0.68,0.69,80402.0,0.69,0.0,0.7,0.68,0.69,1.0,80402.0,3
30,2016-12-28,0.7,0.7,0.63,0.65,173450.0,0.7,0.0,0.7,0.63,0.65,1.0,173450.0,2
31,2016-12-27,0.65,0.65,0.61,0.64,11027.0,0.65,0.0,0.65,0.61,0.64,1.0,11027.0,1
32,2016-12-23,0.655,0.66,0.6,0.61,6980.0,0.655,0.0,0.66,0.6,0.61,1.0,6980.0,4
33,2016-12-22,0.65,0.66,0.61,0.66,5500.0,0.65,0.0,0.66,0.61,0.66,1.0,5500.0,3
34,2016-12-21,0.66,0.7,0.62,0.65,375645.0,0.66,0.0,0.7,0.62,0.65,1.0,375645.0,2
35,2016-12-20,0.65,0.66,0.59,0.66,11700.0,0.65,0.0,0.66,0.59,0.66,1.0,11700.0,1
36,2016-12-19,0.65,0.6799,0.64,0.6799,212857.0,0.65,0.0,0.6799,0.64,0.6799,1.0,212857.0,0
37,2016-12-16,0.6635,0.68,0.63,0.6598,396339.0,0.6635,0.0,0.68,0.63,0.6598,1.0,396339.0,4
38,2016-12-15,0.66,0.66,0.66,0.66,50026.0,0.66,0.0,0.66,0.66,0.66,1.0,50026.0,3
39,2016-12-14,0.62,0.64,0.6,0.62,896700.0,0.62,0.0,0.64,0.6,0.62,1.0,896700.0,2
40,2016-12-13,0.6,0.65,0.6,0.65,38100.0,0.6,0.0,0.65,0.6,0.65,1.0,38100.0,1
41,2016-12-12,0.66,0.66,0.66,0.66,100.0,0.66,0.0,0.66,0.66,0.66,1.0,100.0,0
42,2016-12-09,0.65,0.69,0.598,0.69,493105.0,0.65,0.0,0.69,0.598,0.69,1.0,493105.0,4
43,2016-12-08,0.65,0.7,0.6,0.62,964534.0,0.65,0.0,0.7,0.6,0.62,1.0,964534.0,3
44,2016-12-07,0.59,0.62,0.52,0.57,439125.0,0.59,0.0,0.62,0.52,0.57,1.0,439125.0,2
45,2016-12-06,0.5685,0.57,0.54,0.54,3600.0,0.5685,0.0,0.57,0.54,0.54,1.0,3600.0,1
46,2016-12-05,0.56,0.57,0.54,0.55,3850.0,0.56,0.0,0.57,0.54,0.55,1.0,3850.0,0
47,2016-12-02,0.57,0.57,0.57,0.57,600.0,0.57,0.0,0.57,0.57,0.57,1.0,600.0,4
48,2016-12-01,0.57,0.57,0.4001,0.4001,96394.0,0.57,0.0,0.57,0.4001,0.4001,1.0,96394.0,3
49,2016-11-30,0.55,0.5868,0.5399,0.5399,65275.0,0.55,0.0,0.5868,0.5399,0.5399,1.0,65275.0,2
50,2016-11-29,0.5589,0.57,0.5,0.54,25768.0,0.5589,0.0,0.57,0.5,0.54,1.0,25768.0,1
51,2016-11-28,0.57,0.61,0.55,0.61,20499.0,0.57,0.0,0.61,0.55,0.61,1.0,20499.0,0
52,2016-11-25,0.5899,0.5899,0.58,0.5899,800.0,0.5899,0.0,0.5899,0.58,0.5899,1.0,800.0,4
53,2016-11-23,0.6,0.6,0.56,0.56,392.0,0.6,0.0,0.6,0.56,0.56,1.0,392.0,2
54,2016-11-22,0.5999,0.5999,0.54,0.54,1213.0,0.5999,0.0,0.5999,0.54,0.54,1.0,1213.0,1
55,2016-11-21,0.5699,0.6,0.5,0.5601,184176.0,0.5699,0.0,0.6,0.5,0.5601,1.0,184176.0,0
56,2016-11-18,0.6,0.61,0.6,0.61,10100.0,0.6,0.0,0.61,0.6,0.61,1.0,10100.0,4
57,2016-11-17,0.6,0.645,0.57,0.63,20890.0,0.6,0.0,0.645,0.57,0.63,1.0,20890.0,3
58,2016-11-16,0.63,0.63,0.59,0.59,134200.0,0.63,0.0,0.63,0.59,0.59,1.0,134200.0,2
59,2016-11-15,0.59,0.62,0.52,0.52,149196.0,0.59,0.0,0.62,0.52,0.52,1.0,149196.0,1
60,2016-11-14,0.57,0.63,0.54,0.59,176552.0,0.57,0.0,0.63,0.54,0.59,1.0,176552.0,0
61,2016-11-11,0.55,0.59,0.5,0.5,51963.0,0.55,0.0,0.59,0.5,0.5,1.0,51963.0,4
62,2016-11-10,0.55,0.5579,0.47,0.47,65453.0,0.55,0.0,0.5579,0.47,0.47,1.0,65453.0,3
63,2016-11-09,0.44,0.49,0.4,0.45,1140602.0,0.44,0.0,0.49,0.4,0.45,1.0,1140602.0,2
64,2016-11-08,0.45,0.45,0.45,0.45,1130.0,0.45,0.0,0.45,0.45,0.45,1.0,1130.0,1
65,2016-11-07,0.49,0.49,0.43,0.43,27865.0,0.49,0.0,0.49,0.43,0.43,1.0,27865.0,0
66,2016-11-04,0.45,0.48,0.45,0.48,10712.0,0.45,0.0,0.48,0.45,0.48,1.0,10712.0,4
67,2016-11-03,0.4732,0.48,0.4201,0.48,15655.0,0.4732,0.0,0.48,0.4201,0.48,1.0,15655.0,3
68,2016-11-02,0.499,0.5,0.4,0.47,1511982.0,0.499,0.0,0.5,0.4,0.47,1.0,1511982.0,2
69,2016-11-01,0.48,0.5,0.47,0.48,17706.0,0.48,0.0,0.5,0.47,0.48,1.0,17706.0,1
70,2016-10-31,0.51,0.53,0.5,0.5051,16476.0,0.51,0.0,0.53,0.5,0.5051,1.0,16476.0,0
71,2016-10-28,0.53,0.55,0.44299999999999995,0.55,18700.0,0.53,0.0,0.55,0.44299999999999995,0.55,1.0,18700.0,4
72,2016-10-27,0.5361,0.55,0.5361,0.55,200.0,0.5361,0.0,0.55,0.5361,0.55,1.0,200.0,3
73,2016-10-26,0.55,0.55,0.535,0.55,9221.0,0.55,0.0,0.55,0.535,0.55,1.0,9221.0,2
74,2016-10-25,0.55,0.55,0.55,0.55,0.0,0.55,0.0,0.55,0.55,0.55,1.0,0.0,1
75,2016-10-24,0.55,0.55,0.55,0.55,228.0,0.55,0.0,0.55,0.55,0.55,1.0,228.0,0
76,2016-10-21,0.55,0.55,0.53,0.55,1962101.0,0.55,0.0,0.55,0.53,0.55,1.0,1962101.0,4
77,2016-10-20,0.54,0.551,0.54,0.551,4200.0,0.54,0.0,0.551,0.54,0.551,1.0,4200.0,3
78,2016-10-19,0.57,0.57,0.5,0.5,1101205.0,0.57,0.0,0.57,0.5,0.5,1.0,1101205.0,2
79,2016-10-18,0.58,0.58,0.58,0.58,500.0,0.58,0.0,0.58,0.58,0.58,1.0,500.0,1
80,2016-10-17,0.52,0.58,0.52,0.58,60674.0,0.52,0.0,0.58,0.52,0.58,1.0,60674.0,0
81,2016-10-14,0.555,0.62,0.53,0.62,46200.0,0.555,0.0,0.62,0.53,0.62,1.0,46200.0,4
82,2016-10-13,0.53,0.65,0.53,0.59,58748.0,0.53,0.0,0.65,0.53,0.59,1.0,58748.0,3
83,2016-10-12,0.6,0.6,0.52,0.6,11450.0,0.6,0.0,0.6,0.52,0.6,1.0,11450.0,2
84,2016-10-11,0.58,0.6,0.52,0.52,11206.0,0.58,0.0,0.6,0.52,0.52,1.0,11206.0,1
85,2016-10-10,0.58,0.6,0.502,0.6,15700.0,0.58,0.0,0.6,0.502,0.6,1.0,15700.0,0
86,2016-10-07,0.5793,0.599,0.502,0.502,105068.0,0.5793,0.0,0.599,0.502,0.502,1.0,105068.0,4
87,2016-10-06,0.57,0.573,0.57,0.57,3100.0,0.57,0.0,0.573,0.57,0.57,1.0,3100.0,3
88,2016-10-05,0.6,0.6,0.59,0.59,260271.0,0.6,0.0,0.6,0.59,0.59,1.0,260271.0,2
89,2016-10-04,0.56,0.6,0.55,0.56,28400.0,0.56,0.0,0.6,0.55,0.56,1.0,28400.0,1
90,2016-10-03,0.5828,0.6,0.5828,0.59,23803.0,0.5828,0.0,0.6,0.5828,0.59,1.0,23803.0,0
91,2016-09-30,0.62,0.62,0.6,0.6,2703.0,0.62,0.0,0.62,0.6,0.6,1.0,2703.0,4
92,2016-09-29,0.62,0.62,0.562,0.562,26001.0,0.62,0.0,0.62,0.562,0.562,1.0,26001.0,3
93,2016-09-28,0.62,0.62,0.562,0.585,6001.0,0.62,0.0,0.62,0.562,0.585,1.0,6001.0,2
94,2016-09-27,0.59,0.595,0.59,0.595,308.0,0.59,0.0,0.595,0.59,0.595,1.0,308.0,1
95,2016-09-26,0.58,0.58,0.57,0.57,6461.0,0.58,0.0,0.58,0.57,0.57,1.0,6461.0,0
96,2016-09-23,0.5964,0.63,0.588,0.59,41000.0,0.5964,0.0,0.63,0.588,0.59,1.0,41000.0,4
97,2016-09-22,0.58,0.66,0.58,0.66,15301.0,0.58,0.0,0.66,0.58,0.66,1.0,15301.0,3
98,2016-09-21,0.6,0.6,0.6,0.6,0.0,0.6,0.0,0.6,0.6,0.6,1.0,0.0,2
99,2016-09-20,0.6,0.6,0.6,0.6,1100.0,0.6,0.0,0.6,0.6,0.6,1.0,1100.0,1
100,2016-09-19,0.6,0.65,0.6,0.65,73400.0,0.6,0.0,0.65,0.6,0.65,1.0,73400.0,0
101,2016-09-16,0.6475,0.65,0.63,0.63,145700.0,0.6475,0.0,0.65,0.63,0.63,1.0,145700.0,4
102,2016-09-15,0.64,0.64,0.64,0.64,131.0,0.64,0.0,0.64,0.64,0.64,1.0,131.0,3
103,2016-09-14,0.65,0.68,0.63,0.635,32938.0,0.65,0.0,0.68,0.63,0.635,1.0,32938.0,2
104,2016-09-13,0.645,0.65,0.64,0.6409999999999999,14835.0,0.645,0.0,0.65,0.64,0.6409999999999999,1.0,14835.0,1
105,2016-09-12,0.65,0.65,0.65,0.65,1000.0,0.65,0.0,0.65,0.65,0.65,1.0,1000.0,0
106,2016-09-09,0.62,0.65,0.6,0.65,83455.0,0.62,0.0,0.65,0.6,0.65,1.0,83455.0,4
107,2016-09-08,0.675,0.6799,0.66,0.67,3100.0,0.675,0.0,0.6799,0.66,0.67,1.0,3100.0,3
108,2016-09-07,0.69,0.69,0.69,0.69,0.0,0.69,0.0,0.69,0.69,0.69,1.0,0.0,2
109,2016-09-06,0.69,0.7,0.65,0.65,7180.0,0.69,0.0,0.7,0.65,0.65,1.0,7180.0,1
110,2016-09-02,0.68,0.68,0.68,0.68,54.0,0.68,0.0,0.68,0.68,0.68,1.0,54.0,4
111,2016-09-01,0.68,0.68,0.68,0.68,45967.0,0.68,0.0,0.68,0.68,0.68,1.0,45967.0,3
112,2016-08-31,0.73,0.73,0.68,0.68,1645.0,0.73,0.0,0.73,0.68,0.68,1.0,1645.0,2
113,2016-08-30,0.69,0.69,0.69,0.69,0.0,0.69,0.0,0.69,0.69,0.69,1.0,0.0,1
114,2016-08-29,0.69,0.69,0.69,0.69,106.0,0.69,0.0,0.69,0.69,0.69,1.0,106.0,0
115,2016-08-26,0.7,0.71,0.67,0.71,126007.0,0.7,0.0,0.71,0.67,0.71,1.0,126007.0,4
116,2016-08-25,0.7,0.72,0.7,0.72,820.0,0.7,0.0,0.72,0.7,0.72,1.0,820.0,3
117,2016-08-24,0.69,0.71,0.69,0.7,3558.0,0.69,0.0,0.71,0.69,0.7,1.0,3558.0,2
118,2016-08-23,0.7,0.7025,0.7,0.7,1200.0,0.7,0.0,0.7025,0.7,0.7,1.0,1200.0,1
119,2016-08-22,0.71,0.78,0.67,0.67,2634.0,0.71,0.0,0.78,0.67,0.67,1.0,2634.0,0
120,2016-08-19,0.7,0.7299,0.64,0.67,17243.0,0.7,0.0,0.7299,0.64,0.67,1.0,17243.0,4
121,2016-08-18,0.67,0.69,0.64,0.69,55193.0,0.67,0.0,0.69,0.64,0.69,1.0,55193.0,3
122,2016-08-17,0.7,0.71,0.6,0.7,142052.0,0.7,0.0,0.71,0.6,0.7,1.0,142052.0,2
123,2016-08-16,0.65,0.79,0.65,0.7,69008.0,0.65,0.0,0.79,0.65,0.7,1.0,69008.0,1
124,2016-08-15,0.69,0.8,0.67,0.67,39433.0,0.69,0.0,0.8,0.67,0.67,1.0,39433.0,0
125,2016-08-12,0.75,0.75,0.7,0.7,1317.0,0.75,0.0,0.75,0.7,0.7,1.0,1317.0,4
126,2016-08-11,0.7,0.7,0.64,0.64,64623.0,0.7,0.0,0.7,0.64,0.64,1.0,64623.0,3
127,2016-08-10,0.66,0.75,0.6,0.6,196780.0,0.66,0.0,0.75,0.6,0.6,1.0,196780.0,2
128,2016-08-09,0.64,0.8,0.52,0.8,699883.0,0.64,0.0,0.8,0.52,0.8,1.0,699883.0,1
129,2016-08-08,0.79,0.79,0.79,0.79,2100.0,0.79,0.0,0.79,0.79,0.79,1.0,2100.0,0
130,2016-08-05,0.79,0.8,0.77,0.77,49565.0,0.79,0.0,0.8,0.77,0.77,1.0,49565.0,4
131,2016-08-04,0.8,0.8,0.6782,0.8,26250.0,0.8,0.0,0.8,0.6782,0.8,1.0,26250.0,3
132,2016-08-03,0.82,0.82,0.8,0.815,3592.0,0.82,0.0,0.82,0.8,0.815,1.0,3592.0,2
133,2016-08-02,0.8299,0.85,0.76,0.83,264772.0,0.8299,0.0,0.85,0.76,0.83,1.0,264772.0,1
134,2016-08-01,0.8,0.8,0.635,0.655,163623.0,0.8,0.0,0.8,0.635,0.655,1.0,163623.0,0
135,2016-07-29,0.785,0.8,0.7375,0.8,92917.0,0.785,0.0,0.8,0.7375,0.8,1.0,92917.0,4
136,2016-07-28,0.795,0.795,0.72,0.75,174532.0,0.795,0.0,0.795,0.72,0.75,1.0,174532.0,3
137,2016-07-27,0.765,0.79,0.73,0.73,271674.0,0.765,0.0,0.79,0.73,0.73,1.0,271674.0,2
138,2016-07-26,0.72,0.79,0.705,0.78,96208.0,0.72,0.0,0.79,0.705,0.78,1.0,96208.0,1
139,2016-07-25,0.78,0.78,0.667,0.73,212718.0,0.78,0.0,0.78,0.667,0.73,1.0,212718.0,0
140,2016-07-22,0.7475,0.76,0.68,0.68,120677.0,0.7475,0.0,0.76,0.68,0.68,1.0,120677.0,4
141,2016-07-21,0.71,0.71,0.67,0.7,26534.0,0.71,0.0,0.71,0.67,0.7,1.0,26534.0,3
142,2016-07-20,0.69,0.71,0.645,0.71,380723.0,0.69,0.0,0.71,0.645,0.71,1.0,380723.0,2
143,2016-07-19,0.68,0.72,0.65,0.72,79416.0,0.68,0.0,0.72,0.65,0.72,1.0,79416.0,1
144,2016-07-18,0.7399,0.7399,0.635,0.69,104729.0,0.7399,0.0,0.7399,0.635,0.69,1.0,104729.0,0
145,2016-07-15,0.7,0.71,0.69,0.69,10300.0,0.7,0.0,0.71,0.69,0.69,1.0,10300.0,4
146,2016-07-14,0.72,0.72,0.6336,0.6336,27362.0,0.72,0.0,0.72,0.6336,0.6336,1.0,27362.0,3
147,2016-07-13,0.715,0.72,0.684,0.69,35000.0,0.715,0.0,0.72,0.684,0.69,1.0,35000.0,2
148,2016-07-12,0.71,0.71,0.69,0.71,5500.0,0.71,0.0,0.71,0.69,0.71,1.0,5500.0,1
149,2016-07-11,0.69,0.71,0.65,0.6701,214180.0,0.69,0.0,0.71,0.65,0.6701,1.0,214180.0,0
150,2016-07-08,0.7122,0.75,0.67,0.75,72310.0,0.7122,0.0,0.75,0.67,0.75,1.0,72310.0,4
151,2016-07-07,0.7,0.8,0.6312,0.6312,39390.0,0.7,0.0,0.8,0.6312,0.6312,1.0,39390.0,3
152,2016-07-06,0.69,0.725,0.61,0.7,741710.0,0.69,0.0,0.725,0.61,0.7,1.0,741710.0,2
153,2016-07-05,0.71,0.75,0.65,0.7,19855.0,0.71,0.0,0.75,0.65,0.7,1.0,19855.0,1
154,2016-07-01,0.75,0.78,0.71,0.78,78502.0,0.75,0.0,0.78,0.71,0.78,1.0,78502.0,4
155,2016-06-30,0.69,0.75,0.67,0.75,1089707.0,0.69,0.0,0.75,0.67,0.75,1.0,1089707.0,3
156,2016-06-29,0.77,0.8,0.7229,0.78,107624.0,0.77,0.0,0.8,0.7229,0.78,1.0,107624.0,2
157,2016-06-28,0.78,0.8,0.78,0.8,48376.0,0.78,0.0,0.8,0.78,0.8,1.0,48376.0,1
158,2016-06-27,0.78,0.83,0.7061,0.7631,102055.0,0.78,0.0,0.83,0.7061,0.7631,1.0,102055.0,0
159,2016-06-24,0.79,0.8,0.74,0.7709999999999999,108604.0,0.79,0.0,0.8,0.74,0.7709999999999999,1.0,108604.0,4
160,2016-06-23,0.82,0.84,0.81,0.81,181780.0,0.82,0.0,0.84,0.81,0.81,1.0,181780.0,3
161,2016-06-22,0.78,0.8,0.76,0.76,128581.0,0.78,0.0,0.8,0.76,0.76,1.0,128581.0,2
162,2016-06-21,0.79,0.82,0.76,0.82,74060.0,0.79,0.0,0.82,0.76,0.82,1.0,74060.0,1
163,2016-06-20,0.79,0.8340000000000001,0.75,0.8340000000000001,222360.0,0.79,0.0,0.8340000000000001,0.75,0.8340000000000001,1.0,222360.0,0
164,2016-06-17,0.81,0.85,0.8,0.8,289792.0,0.81,0.0,0.85,0.8,0.8,1.0,289792.0,4
165,2016-06-16,0.8,0.84,0.75,0.755,111768.0,0.8,0.0,0.84,0.75,0.755,1.0,111768.0,3
166,2016-06-15,0.8,0.8,0.75,0.79,81700.0,0.8,0.0,0.8,0.75,0.79,1.0,81700.0,2
167,2016-06-14,0.8,0.85,0.71,0.8,757370.0,0.8,0.0,0.85,0.71,0.8,1.0,757370.0,1
168,2016-06-13,0.745,0.8,0.69,0.69,423542.0,0.745,0.0,0.8,0.69,0.69,1.0,423542.0,0
169,2016-06-10,0.69,0.75,0.69,0.72,27775.0,0.69,0.0,0.75,0.69,0.72,1.0,27775.0,4
170,2016-06-09,0.722,0.87,0.71,0.87,697456.0,0.722,0.0,0.87,0.71,0.87,1.0,697456.0,3
171,2016-06-08,0.82,0.98,0.75,0.98,493775.0,0.82,0.0,0.98,0.75,0.98,1.0,493775.0,2
172,2016-06-07,0.935,0.95,0.84,0.84,1086336.0,0.935,0.0,0.95,0.84,0.84,1.0,1086336.0,1
173,2016-06-06,0.83,0.85,0.8,0.8,372459.0,0.83,0.0,0.85,0.8,0.8,1.0,372459.0,0
174,2016-06-03,0.8,0.86,0.8,0.85,1687711.0,0.8,0.0,0.86,0.8,0.85,1.0,1687711.0,4
175,2016-06-02,0.79,0.8,0.715,0.75,835379.0,0.79,0.0,0.8,0.715,0.75,1.0,835379.0,3
176,2016-06-01,0.73,0.755,0.725,0.75,531494.0,0.73,0.0,0.755,0.725,0.75,1.0,531494.0,2
177,2016-05-31,0.74,0.775,0.74,0.75,606445.0,0.74,0.0,0.775,0.74,0.75,1.0,606445.0,1
178,2016-05-27,0.75,0.78,0.7,0.78,538838.0,0.75,0.0,0.78,0.7,0.78,1.0,538838.0,4
179,2016-05-26,0.78,0.82,0.73,0.81,1179488.0,0.78,0.0,0.82,0.73,0.81,1.0,1179488.0,3
180,2016-05-25,0.79,0.8,0.71,0.8,843550.0,0.79,0.0,0.8,0.71,0.8,1.0,843550.0,2
181,2016-05-24,0.78,0.9003,0.69,0.72,1536498.0,0.78,0.0,0.9003,0.69,0.72,1.0,1536498.0,1
182,2016-05-23,0.58,0.6,0.45,0.45,51457.0,0.58,0.0,0.6,0.45,0.45,1.0,51457.0,0
183,2016-05-20,0.53,0.58,0.53,0.55,80372.0,0.53,0.0,0.58,0.53,0.55,1.0,80372.0,4
184,2016-05-19,0.53,0.53,0.49,0.5,340839.0,0.53,0.0,0.53,0.49,0.5,1.0,340839.0,3
185,2016-05-18,0.52,0.58,0.47,0.5,370485.0,0.52,0.0,0.58,0.47,0.5,1.0,370485.0,2
186,2016-05-17,0.5,0.54,0.4052,0.51,441589.0,0.5,0.0,0.54,0.4052,0.51,1.0,441589.0,1
187,2016-05-16,0.54,0.58,0.52,0.58,230077.0,0.54,0.0,0.58,0.52,0.58,1.0,230077.0,0
188,2016-05-13,0.59,0.6,0.5501,0.6,116095.0,0.59,0.0,0.6,0.5501,0.6,1.0,116095.0,4
189,2016-05-12,0.6,0.67,0.55,0.655,496762.0,0.6,0.0,0.67,0.55,0.655,1.0,496762.0,3
190,2016-05-11,0.62,0.65,0.62,0.65,735561.0,0.62,0.0,0.65,0.62,0.65,1.0,735561.0,2
191,2016-05-10,0.66,0.69,0.63,0.63,790549.0,0.66,0.0,0.69,0.63,0.63,1.0,790549.0,1
192,2016-05-09,0.639,0.65,0.61,0.645,143346.0,0.639,0.0,0.65,0.61,0.645,1.0,143346.0,0
193,2016-05-06,0.65,0.68,0.6,0.68,92415.0,0.65,0.0,0.68,0.6,0.68,1.0,92415.0,4
194,2016-05-05,0.65,0.7,0.61,0.7,1235212.0,0.65,0.0,0.7,0.61,0.7,1.0,1235212.0,3
195,2016-05-04,0.65,0.65,0.57,0.6,323279.0,0.65,0.0,0.65,0.57,0.6,1.0,323279.0,2
196,2016-05-03,0.599,0.6405,0.54,0.6405,208173.0,0.599,0.0,0.6405,0.54,0.6405,1.0,208173.0,1
197,2016-05-02,0.61,0.61,0.59,0.6,33346.0,0.61,0.0,0.61,0.59,0.6,1.0,33346.0,0
198,2016-04-29,0.62,0.64,0.55,0.6,12599.0,0.62,0.0,0.64,0.55,0.6,1.0,12599.0,4
199,2016-04-28,0.63,0.64,0.5,0.52,774483.0,0.63,0.0,0.64,0.5,0.52,1.0,774483.0,3
200,2016-04-27,0.505,0.51,0.44,0.44,1442860.0,0.505,0.0,0.51,0.44,0.44,1.0,1442860.0,2
201,2016-04-26,0.44,0.48,0.4,0.45,330227.0,0.44,0.0,0.48,0.4,0.45,1.0,330227.0,1
202,2016-04-25,0.48,0.48,0.45,0.48,98928.0,0.48,0.0,0.48,0.45,0.48,1.0,98928.0,0
203,2016-04-22,0.48,0.504,0.45,0.504,140832.0,0.48,0.0,0.504,0.45,0.504,1.0,140832.0,4
204,2016-04-21,0.48,0.506,0.46,0.506,23917.0,0.48,0.0,0.506,0.46,0.506,1.0,23917.0,3
205,2016-04-20,0.475,0.49,0.45,0.45,143060.0,0.475,0.0,0.49,0.45,0.45,1.0,143060.0,2
206,2016-04-19,0.48,0.5299,0.4501,0.5,1388198.0,0.48,0.0,0.5299,0.4501,0.5,1.0,1388198.0,1
207,2016-04-18,0.5,0.5,0.4001,0.429,251271.0,0.5,0.0,0.5,0.4001,0.429,1.0,251271.0,0
208,2016-04-15,0.485,0.485,0.33,0.34,988505.0,0.485,0.0,0.485,0.33,0.34,1.0,988505.0,4
209,2016-04-14,0.37,0.38,0.32,0.3675,780508.0,0.37,0.0,0.38,0.32,0.3675,1.0,780508.0,3
210,2016-04-13,0.35,0.35,0.3,0.3,150208.0,0.35,0.0,0.35,0.3,0.3,1.0,150208.0,2
211,2016-04-12,0.3401,0.3699,0.3,0.3567,412339.0,0.3401,0.0,0.3699,0.3,0.3567,1.0,412339.0,1
212,2016-04-11,0.3796,0.41,0.32,0.4,356610.0,0.3796,0.0,0.41,0.32,0.4,1.0,356610.0,0
213,2016-04-08,0.4,0.44,0.36,0.4,274437.0,0.4,0.0,0.44,0.36,0.4,1.0,274437.0,4
214,2016-04-07,0.4325,0.4325,0.42,0.4325,32610.0,0.4325,0.0,0.4325,0.42,0.4325,1.0,32610.0,3
215,2016-04-06,0.46,0.465,0.4201,0.465,70419.0,0.46,0.0,0.465,0.4201,0.465,1.0,70419.0,2
216,2016-04-05,0.4624,0.5,0.4624,0.48,14558.0,0.4624,0.0,0.5,0.4624,0.48,1.0,14558.0,1
217,2016-04-04,0.49,0.4996,0.451,0.4813,23830.0,0.49,0.0,0.4996,0.451,0.4813,1.0,23830.0,0
218,2016-04-01,0.47,0.5,0.451,0.5,61417.0,0.47,0.0,0.5,0.451,0.5,1.0,61417.0,4
219,2016-03-31,0.4813,0.5670000000000001,0.47,0.53,467466.0,0.4813,0.0,0.5670000000000001,0.47,0.53,1.0,467466.0,3
220,2016-03-30,0.54,0.57,0.501,0.53,181520.0,0.54,0.0,0.57,0.501,0.53,1.0,181520.0,2
221,2016-03-29,0.56,0.58,0.51,0.58,115571.0,0.56,0.0,0.58,0.51,0.58,1.0,115571.0,1
222,2016-03-28,0.59,0.59,0.52,0.52,319163.0,0.59,0.0,0.59,0.52,0.52,1.0,319163.0,0
223,2016-03-24,0.5899,0.6,0.35,0.35,141747.0,0.5899,0.0,0.6,0.35,0.35,1.0,141747.0,3
224,2016-03-23,0.62,0.63,0.55,0.63,802294.0,0.62,0.0,0.63,0.55,0.63,1.0,802294.0,2
225,2016-03-22,0.6,0.72,0.57,0.65,1630819.0,0.6,0.0,0.72,0.57,0.65,1.0,1630819.0,1
226,2016-03-21,0.65,0.78,0.55,0.7,5672639.0,0.65,0.0,0.78,0.55,0.7,1.0,5672639.0,0
227,2016-03-18,0.3699,0.3699,0.3699,0.3699,30.0,0.3699,0.0,0.3699,0.3699,0.3699,1.0,30.0,4
228,2016-03-17,0.3699,0.3699,0.35700000000000004,0.35700000000000004,1100.0,0.3699,0.0,0.3699,0.35700000000000004,0.35700000000000004,1.0,1100.0,3
229,2016-03-16,0.3704,0.4,0.3704,0.4,600.0,0.3704,0.0,0.4,0.3704,0.4,1.0,600.0,2
230,2016-03-15,0.37,0.37,0.3,0.3101,127214.0,0.37,0.0,0.37,0.3,0.3101,1.0,127214.0,1
231,2016-03-14,0.38,0.38,0.33,0.33,32728.0,0.38,0.0,0.38,0.33,0.33,1.0,32728.0,0
232,2016-03-11,0.38,0.48,0.32,0.34,2128786.0,0.38,0.0,0.48,0.32,0.34,1.0,2128786.0,4
233,2016-03-10,0.4,0.4,0.39,0.4,666.0,0.4,0.0,0.4,0.39,0.4,1.0,666.0,3
234,2016-03-09,0.32,0.325,0.3176,0.32,119151.0,0.32,0.0,0.325,0.3176,0.32,1.0,119151.0,2
235,2016-03-08,0.32,0.32,0.32,0.32,0.0,0.32,0.0,0.32,0.32,0.32,1.0,0.0,1
236,2016-03-07,0.32,0.35,0.32,0.33,52500.0,0.32,0.0,0.35,0.32,0.33,1.0,52500.0,0
237,2016-03-04,0.31,0.33,0.31,0.32,18220.0,0.31,0.0,0.33,0.31,0.32,1.0,18220.0,4
238,2016-03-03,0.3205,0.33,0.32,0.32,66600.0,0.3205,0.0,0.33,0.32,0.32,1.0,66600.0,3
239,2016-03-02,0.32,0.32,0.32,0.32,13905.0,0.32,0.0,0.32,0.32,0.32,1.0,13905.0,2
240,2016-03-01,0.33,0.36,0.3,0.34,291883.0,0.33,0.0,0.36,0.3,0.34,1.0,291883.0,1
241,2016-02-29,0.35,0.35,0.31,0.33,54300.0,0.35,0.0,0.35,0.31,0.33,1.0,54300.0,0
242,2016-02-26,0.33,0.34,0.3,0.3,108700.0,0.33,0.0,0.34,0.3,0.3,1.0,108700.0,4
243,2016-02-25,0.33,0.3999,0.32,0.3999,51612.0,0.33,0.0,0.3999,0.32,0.3999,1.0,51612.0,3
244,2016-02-24,0.37,0.37,0.37,0.37,100.0,0.37,0.0,0.37,0.37,0.37,1.0,100.0,2
245,2016-02-23,0.35,0.38,0.32,0.38,11517.0,0.35,0.0,0.38,0.32,0.38,1.0,11517.0,1
246,2016-02-22,0.423,0.423,0.36,0.36,1571.0,0.423,0.0,0.423,0.36,0.36,1.0,1571.0,0
247,2016-02-19,0.35,0.3799,0.35,0.35,210100.0,0.35,0.0,0.3799,0.35,0.35,1.0,210100.0,4
248,2016-02-18,0.35,0.35,0.35,0.35,200.0,0.35,0.0,0.35,0.35,0.35,1.0,200.0,3
249,2016-02-17,0.38,0.38,0.35,0.36,309237.0,0.38,0.0,0.38,0.35,0.36,1.0,309237.0,2
250,2016-02-16,0.38,0.38,0.32,0.36,17928.0,0.38,0.0,0.38,0.32,0.36,1.0,17928.0,1
251,2016-02-12,0.39,0.39,0.37,0.38,23000.0,0.39,0.0,0.39,0.37,0.38,1.0,23000.0,4
252,2016-02-11,0.4,0.4,0.4,0.4,504.0,0.4,0.0,0.4,0.4,0.4,1.0,504.0,3
253,2016-02-10,0.38,0.385,0.37,0.385,13252.0,0.38,0.0,0.385,0.37,0.385,1.0,13252.0,2
254,2016-02-09,0.4,0.42,0.365,0.38,7800.0,0.4,0.0,0.42,0.365,0.38,1.0,7800.0,1
255,2016-02-08,0.4,0.4,0.34,0.36,31755.0,0.4,0.0,0.4,0.34,0.36,1.0,31755.0,0
256,2016-02-05,0.35,0.35,0.35,0.35,100.0,0.35,0.0,0.35,0.35,0.35,1.0,100.0,4
257,2016-02-04,0.3499,0.3499,0.3499,0.3499,100.0,0.3499,0.0,0.3499,0.3499,0.3499,1.0,100.0,3
258,2016-02-03,0.35,0.37,0.35,0.35,112661.0,0.35,0.0,0.37,0.35,0.35,1.0,112661.0,2
259,2016-02-02,0.35,0.39,0.35,0.35,112121.0,0.35,0.0,0.39,0.35,0.35,1.0,112121.0,1
260,2016-02-01,0.39,0.39,0.31,0.39,128023.0,0.39,0.0,0.39,0.31,0.39,1.0,128023.0,0
261,2016-01-29,0.4,0.4,0.3825,0.4,410015.0,0.4,0.0,0.4,0.3825,0.4,1.0,410015.0,4
262,2016-01-28,0.4,0.45,0.4,0.43,209920.0,0.4,0.0,0.45,0.4,0.43,1.0,209920.0,3
263,2016-01-27,0.4,0.45,0.38,0.38,237168.0,0.4,0.0,0.45,0.38,0.38,1.0,237168.0,2
264,2016-01-26,0.3538,0.43,0.35,0.37,94578.0,0.3538,0.0,0.43,0.35,0.37,1.0,94578.0,1
265,2016-01-25,0.37,0.37,0.37,0.37,21220.0,0.37,0.0,0.37,0.37,0.37,1.0,21220.0,0
266,2016-01-22,0.3676,0.38,0.3,0.3,70619.0,0.3676,0.0,0.38,0.3,0.3,1.0,70619.0,4
267,2016-01-21,0.34,0.4,0.34,0.34,11300.0,0.34,0.0,0.4,0.34,0.34,1.0,11300.0,3
268,2016-01-20,0.34,0.35,0.2888,0.2888,230687.0,0.34,0.0,0.35,0.2888,0.2888,1.0,230687.0,2
269,2016-01-19,0.3351,0.3351,0.3351,0.3351,0.0,0.3351,0.0,0.3351,0.3351,0.3351,1.0,0.0,1
270,2016-01-15,0.3351,0.35,0.2994,0.3,131307.0,0.3351,0.0,0.35,0.2994,0.3,1.0,131307.0,4
271,2016-01-14,0.2984,0.32,0.2984,0.3,113188.0,0.2984,0.0,0.32,0.2984,0.3,1.0,113188.0,3
272,2016-01-13,0.285,0.3299,0.26,0.3099,176522.0,0.285,0.0,0.3299,0.26,0.3099,1.0,176522.0,2
273,2016-01-12,0.3049,0.3875,0.2875,0.345,233794.0,0.3049,0.0,0.3875,0.2875,0.345,1.0,233794.0,1
274,2016-01-11,0.4,0.43,0.36,0.39,122900.0,0.4,0.0,0.43,0.36,0.39,1.0,122900.0,0
275,2016-01-08,0.4285,0.4285,0.31,0.31,161565.0,0.4285,0.0,0.4285,0.31,0.31,1.0,161565.0,4
276,2016-01-07,0.385,0.4,0.35,0.35,7427.0,0.385,0.0,0.4,0.35,0.35,1.0,7427.0,3
277,2016-01-06,0.3475,0.3475,0.255,0.32,11200.0,0.3475,0.0,0.3475,0.255,0.32,1.0,11200.0,2
278,2016-01-05,0.33,0.36,0.285,0.285,7600.0,0.33,0.0,0.36,0.285,0.285,1.0,7600.0,1
279,2016-01-04,0.34,0.34,0.3,0.3,2400.0,0.34,0.0,0.34,0.3,0.3,1.0,2400.0,0
280,2015-12-31,0.33,0.3401,0.32,0.32,17571.0,0.33,0.0,0.3401,0.32,0.32,1.0,17571.0,3
281,2015-12-30,0.28,0.32,0.25,0.285,35500.0,0.28,0.0,0.32,0.25,0.285,1.0,35500.0,2
282,2015-12-29,0.2934,0.31,0.285,0.29,21500.0,0.2934,0.0,0.31,0.285,0.29,1.0,21500.0,1
283,2015-12-28,0.3,0.32,0.285,0.3,32678.0,0.3,0.0,0.32,0.285,0.3,1.0,32678.0,0
284,2015-12-24,0.3,0.3,0.295,0.295,25100.0,0.3,0.0,0.3,0.295,0.295,1.0,25100.0,3
285,2015-12-23,0.3,0.3001,0.27,0.28,73443.0,0.3,0.0,0.3001,0.27,0.28,1.0,73443.0,2
286,2015-12-22,0.32,0.32,0.28,0.29,8700.0,0.32,0.0,0.32,0.28,0.29,1.0,8700.0,1
287,2015-12-21,0.2609,0.3,0.259,0.259,189376.0,0.2609,0.0,0.3,0.259,0.259,1.0,189376.0,0
288,2015-12-18,0.26,0.3,0.2101,0.29,208168.0,0.26,0.0,0.3,0.2101,0.29,1.0,208168.0,4
289,2015-12-17,0.25,0.299,0.23,0.25,137493.0,0.25,0.0,0.299,0.23,0.25,1.0,137493.0,3
290,2015-12-16,0.3,0.3,0.2201,0.3,460895.0,0.3,0.0,0.3,0.2201,0.3,1.0,460895.0,2
291,2015-12-15,0.27,0.36,0.25,0.36,249690.0,0.27,0.0,0.36,0.25,0.36,1.0,249690.0,1
292,2015-12-14,0.3275,0.4,0.31,0.35,132723.0,0.3275,0.0,0.4,0.31,0.35,1.0,132723.0,0
293,2015-12-11,0.4,0.42,0.375,0.375,4860.0,0.4,0.0,0.42,0.375,0.375,1.0,4860.0,4
294,2015-12-10,0.42,0.42,0.35,0.35,180266.0,0.42,0.0,0.42,0.35,0.35,1.0,180266.0,3
295,2015-12-09,0.4001,0.45,0.3501,0.4,225800.0,0.4001,0.0,0.45,0.3501,0.4,1.0,225800.0,2
296,2015-12-08,0.4,0.47,0.35100000000000003,0.47,8510.0,0.4,0.0,0.47,0.35100000000000003,0.47,1.0,8510.0,1
297,2015-12-07,0.435,0.46,0.2996,0.42,86001.0,0.435,0.0,0.46,0.2996,0.42,1.0,86001.0,0
298,2015-12-04,0.46,0.479,0.41,0.47,106040.0,0.46,0.0,0.479,0.41,0.47,1.0,106040.0,4
299,2015-12-03,0.4608,0.5,0.43,0.43,63454.0,0.4608,0.0,0.5,0.43,0.43,1.0,63454.0,3
300,2015-12-02,0.475,0.52,0.4325,0.5,26500.0,0.475,0.0,0.52,0.4325,0.5,1.0,26500.0,2
301,2015-12-01,0.51,0.57,0.4301,0.48,47819.0,0.51,0.0,0.57,0.4301,0.48,1.0,47819.0,1
302,2015-11-30,0.58,0.58,0.52,0.52,4500.0,0.58,0.0,0.58,0.52,0.52,1.0,4500.0,0
303,2015-11-27,0.52,0.52,0.46,0.46,800.0,0.52,0.0,0.52,0.46,0.46,1.0,800.0,4
304,2015-11-25,0.58,0.59,0.45,0.59,30200.0,0.58,0.0,0.59,0.45,0.59,1.0,30200.0,2
305,2015-11-24,0.55,0.55,0.55,0.55,100.0,0.55,0.0,0.55,0.55,0.55,1.0,100.0,1
306,2015-11-23,0.52,0.535,0.5,0.5,1100.0,0.52,0.0,0.535,0.5,0.5,1.0,1100.0,0
307,2015-11-20,0.58,0.58,0.5199,0.5199,1271.0,0.58,0.0,0.58,0.5199,0.5199,1.0,1271.0,4
308,2015-11-19,0.6,0.62,0.54,0.54,27700.0,0.6,0.0,0.62,0.54,0.54,1.0,27700.0,3
309,2015-11-18,0.62,0.62,0.55,0.5544,6200.0,0.62,0.0,0.62,0.55,0.5544,1.0,6200.0,2
310,2015-11-17,0.528,0.62,0.265,0.62,83142.0,0.528,0.0,0.62,0.265,0.62,1.0,83142.0,1
311,2015-11-16,0.62,0.62,0.62,0.62,2.0,0.62,0.0,0.62,0.62,0.62,1.0,2.0,0
312,2015-11-13,0.62,0.65,0.55,0.5501,42234.0,0.62,0.0,0.65,0.55,0.5501,1.0,42234.0,4
313,2015-11-12,0.61,0.61,0.47,0.55,53399.0,0.61,0.0,0.61,0.47,0.55,1.0,53399.0,3
314,2015-11-11,0.63,0.63,0.53,0.58,13903.0,0.63,0.0,0.63,0.53,0.58,1.0,13903.0,2
315,2015-11-10,0.67,0.67,0.56,0.56,4100.0,0.67,0.0,0.67,0.56,0.56,1.0,4100.0,1
316,2015-11-09,0.68,0.68,0.6,0.6,2200.0,0.68,0.0,0.68,0.6,0.6,1.0,2200.0,0
317,2015-11-06,0.6735,0.68,0.56,0.66,9000.0,0.6735,0.0,0.68,0.56,0.66,1.0,9000.0,4
318,2015-11-05,0.65,0.65,0.593,0.593,702.0,0.65,0.0,0.65,0.593,0.593,1.0,702.0,3
319,2015-11-04,0.68,0.68,0.54,0.54,48700.0,0.68,0.0,0.68,0.54,0.54,1.0,48700.0,2
320,2015-11-03,0.68,0.68,0.58,0.58,5700.0,0.68,0.0,0.68,0.58,0.58,1.0,5700.0,1
321,2015-11-02,0.67,0.68,0.67,0.68,1900.0,0.67,0.0,0.68,0.67,0.68,1.0,1900.0,0
322,2015-10-30,0.68,0.7,0.42,0.65,17802.0,0.68,0.0,0.7,0.42,0.65,1.0,17802.0,4
323,2015-10-29,0.64,0.7,0.5999,0.69,33541.0,0.64,0.0,0.7,0.5999,0.69,1.0,33541.0,3
324,2015-10-28,0.6601,0.67,0.6,0.6,57600.0,0.6601,0.0,0.67,0.6,0.6,1.0,57600.0,2
325,2015-10-27,0.7,0.75,0.7,0.71,37800.0,0.7,0.0,0.75,0.7,0.71,1.0,37800.0,1
326,2015-10-26,0.68,0.69,0.61,0.67,10400.0,0.68,0.0,0.69,0.61,0.67,1.0,10400.0,0
327,2015-10-23,0.75,0.79,0.6207,0.7,36077.0,0.75,0.0,0.79,0.6207,0.7,1.0,36077.0,4
328,2015-10-22,0.75,0.92,0.68,0.72,198266.0,0.75,0.0,0.92,0.68,0.72,1.0,198266.0,3
329,2015-10-21,0.72,0.75,0.68,0.74,18733.0,0.72,0.0,0.75,0.68,0.74,1.0,18733.0,2
330,2015-10-20,0.79,0.8,0.75,0.8,7144.0,0.79,0.0,0.8,0.75,0.8,1.0,7144.0,1
331,2015-10-19,0.765,0.89,0.72,0.72,111241.0,0.765,0.0,0.89,0.72,0.72,1.0,111241.0,0
332,2015-10-16,0.72,0.72,0.72,0.72,100.0,0.72,0.0,0.72,0.72,0.72,1.0,100.0,4
333,2015-10-15,0.75,0.75,0.7,0.7,201.0,0.75,0.0,0.75,0.7,0.7,1.0,201.0,3
334,2015-10-14,0.74,0.75,0.72,0.72,6631.0,0.74,0.0,0.75,0.72,0.72,1.0,6631.0,2
335,2015-10-13,0.75,0.75,0.74,0.74,25627.0,0.75,0.0,0.75,0.74,0.74,1.0,25627.0,1
336,2015-10-12,0.76,0.76,0.76,0.76,1300.0,0.76,0.0,0.76,0.76,0.76,1.0,1300.0,0
337,2015-10-09,0.75,0.78,0.75,0.78,23580.0,0.75,0.0,0.78,0.75,0.78,1.0,23580.0,4
338,2015-10-08,0.7435,0.78,0.73,0.75,63520.0,0.7435,0.0,0.78,0.73,0.75,1.0,63520.0,3
339,2015-10-07,0.8,0.8,0.8,0.8,100.0,0.8,0.0,0.8,0.8,0.8,1.0,100.0,2
340,2015-10-06,0.8,0.8,0.8,0.8,100.0,0.8,0.0,0.8,0.8,0.8,1.0,100.0,1
341,2015-10-05,0.8,0.8,0.8,0.8,100.0,0.8,0.0,0.8,0.8,0.8,1.0,100.0,0
342,2015-10-02,0.7899,0.79,0.7699,0.79,3700.0,0.7899,0.0,0.79,0.7699,0.79,1.0,3700.0,4
343,2015-10-01,0.79,0.79,0.79,0.79,100.0,0.79,0.0,0.79,0.79,0.79,1.0,100.0,3
344,2015-09-30,0.82,0.85,0.78,0.78,22000.0,0.82,0.0,0.85,0.78,0.78,1.0,22000.0,2
345,2015-09-29,0.8190000000000001,0.83,0.78,0.83,3300.0,0.8190000000000001,0.0,0.83,0.78,0.83,1.0,3300.0,1
346,2015-09-28,0.8299,0.8299,0.77,0.8299,901.0,0.8299,0.0,0.8299,0.77,0.8299,1.0,901.0,0
347,2015-09-25,0.83,0.83,0.75,0.7535,2500.0,0.83,0.0,0.83,0.75,0.7535,1.0,2500.0,4
348,2015-09-24,0.8,0.8,0.77,0.77,31900.0,0.8,0.0,0.8,0.77,0.77,1.0,31900.0,3
349,2015-09-23,0.8,0.85,0.77,0.85,15400.0,0.8,0.0,0.85,0.77,0.85,1.0,15400.0,2
350,2015-09-22,0.82,0.85,0.77,0.77,8950.0,0.82,0.0,0.85,0.77,0.77,1.0,8950.0,1
351,2015-09-21,0.8,0.85,0.77,0.8,50800.0,0.8,0.0,0.85,0.77,0.8,1.0,50800.0,0
352,2015-09-18,0.83,0.83,0.83,0.83,0.0,0.83,0.0,0.83,0.83,0.83,1.0,0.0,4
353,2015-09-17,0.83,0.85,0.7405,0.83,29800.0,0.83,0.0,0.85,0.7405,0.83,1.0,29800.0,3
354,2015-09-16,0.83,0.85,0.8,0.8,10500.0,0.83,0.0,0.85,0.8,0.8,1.0,10500.0,2
355,2015-09-15,0.85,0.875,0.8,0.8,34339.0,0.85,0.0,0.875,0.8,0.8,1.0,34339.0,1
356,2015-09-14,0.85,0.85,0.78,0.85,1700.0,0.85,0.0,0.85,0.78,0.85,1.0,1700.0,0
357,2015-09-11,0.82,1.02,0.6701,0.85,37338.0,0.82,0.0,1.02,0.6701,0.85,1.0,37338.0,4
358,2015-09-10,0.83,0.84,0.77,0.83,6900.0,0.83,0.0,0.84,0.77,0.83,1.0,6900.0,3
359,2015-09-09,0.85,0.9,0.8,0.82,248363.0,0.85,0.0,0.9,0.8,0.82,1.0,248363.0,2
360,2015-09-08,0.85,0.85,0.82,0.85,1105.0,0.85,0.0,0.85,0.82,0.85,1.0,1105.0,1
361,2015-09-04,0.85,0.85,0.75,0.75,12000.0,0.85,0.0,0.85,0.75,0.75,1.0,12000.0,4
362,2015-09-03,0.8475,0.85,0.84,0.85,16075.0,0.8475,0.0,0.85,0.84,0.85,1.0,16075.0,3
363,2015-09-02,0.8256,0.9,0.7575,0.9,141000.0,0.8256,0.0,0.9,0.7575,0.9,1.0,141000.0,2
364,2015-09-01,0.865,0.95,0.865,0.88,62000.0,0.865,0.0,0.95,0.865,0.88,1.0,62000.0,1
365,2015-08-31,0.98,0.98,0.9,0.9,10051.0,0.98,0.0,0.98,0.9,0.9,1.0,10051.0,0
366,2015-08-28,0.88,0.95,0.88,0.9,4500.0,0.88,0.0,0.95,0.88,0.9,1.0,4500.0,4
367,2015-08-27,0.88,0.92,0.83,0.83,65413.0,0.88,0.0,0.92,0.83,0.83,1.0,65413.0,3
368,2015-08-26,0.83,0.86,0.64,0.65,217688.0,0.83,0.0,0.86,0.64,0.65,1.0,217688.0,2
369,2015-08-25,0.63,0.79,0.63,0.7,52806.0,0.63,0.0,0.79,0.63,0.7,1.0,52806.0,1
370,2015-08-24,0.6799,0.75,0.606,0.7,38286.0,0.6799,0.0,0.75,0.606,0.7,1.0,38286.0,0
371,2015-08-21,0.7699,0.8,0.74,0.8,19225.0,0.7699,0.0,0.8,0.74,0.8,1.0,19225.0,4
372,2015-08-20,0.8,0.82,0.7612,0.7612,12000.0,0.8,0.0,0.82,0.7612,0.7612,1.0,12000.0,3
373,2015-08-19,0.8,0.83,0.77,0.8,94400.0,0.8,0.0,0.83,0.77,0.8,1.0,94400.0,2
374,2015-08-18,0.85,0.85,0.7,0.77,37879.0,0.85,0.0,0.85,0.7,0.77,1.0,37879.0,1
375,2015-08-17,0.82,0.84,0.78,0.84,1600.0,0.82,0.0,0.84,0.78,0.84,1.0,1600.0,0
376,2015-08-14,0.85,0.85,0.77,0.7999,3720.0,0.85,0.0,0.85,0.77,0.7999,1.0,3720.0,4
377,2015-08-13,0.8,0.8199,0.8,0.8199,1520.0,0.8,0.0,0.8199,0.8,0.8199,1.0,1520.0,3
378,2015-08-12,0.8201,0.8443,0.77,0.83,27500.0,0.8201,0.0,0.8443,0.77,0.83,1.0,27500.0,2
379,2015-08-11,0.85,0.8528,0.85,0.8503,18650.0,0.85,0.0,0.8528,0.85,0.8503,1.0,18650.0,1
380,2015-08-10,0.8598,0.86,0.8598,0.86,1330.0,0.8598,0.0,0.86,0.8598,0.86,1.0,1330.0,0
381,2015-08-07,0.86,0.86,0.86,0.86,2470.0,0.86,0.0,0.86,0.86,0.86,1.0,2470.0,4
382,2015-08-06,0.86,0.86,0.855,0.855,5000.0,0.86,0.0,0.86,0.855,0.855,1.0,5000.0,3
383,2015-08-05,0.86,0.86,0.8444,0.85,13630.0,0.86,0.0,0.86,0.8444,0.85,1.0,13630.0,2
384,2015-08-04,0.86,0.924,0.82,0.924,7300.0,0.86,0.0,0.924,0.82,0.924,1.0,7300.0,1
385,2015-08-03,0.84,0.86,0.8,0.8,7501.0,0.84,0.0,0.86,0.8,0.8,1.0,7501.0,0
386,2015-07-31,0.84,0.94,0.84,0.9,50402.0,0.84,0.0,0.94,0.84,0.9,1.0,50402.0,4
387,2015-07-30,0.86,1.01,0.86,0.98,9236.0,0.86,0.0,1.01,0.86,0.98,1.0,9236.0,3
388,2015-07-29,0.98,0.98,0.86,0.9,6483.0,0.98,0.0,0.98,0.86,0.9,1.0,6483.0,2
389,2015-07-28,0.8951,0.91,0.8799,0.9,74856.0,0.8951,0.0,0.91,0.8799,0.9,1.0,74856.0,1
390,2015-07-27,0.87,0.87,0.87,0.87,200.0,0.87,0.0,0.87,0.87,0.87,1.0,200.0,0
391,2015-07-24,0.9774,0.99,0.9774,0.99,250.0,0.9774,0.0,0.99,0.9774,0.99,1.0,250.0,4
392,2015-07-23,0.95,1.0,0.87,1.0,6910.0,0.95,0.0,1.0,0.87,1.0,1.0,6910.0,3
393,2015-07-22,1.0,1.0,1.0,1.0,240.0,1.0,0.0,1.0,1.0,1.0,1.0,240.0,2
394,2015-07-21,0.98,1.02,0.86,0.93,13512.0,0.98,0.0,1.02,0.86,0.93,1.0,13512.0,1
395,2015-07-20,1.04,1.09,1.0,1.0401,22200.0,1.04,0.0,1.09,1.0,1.0401,1.0,22200.0,0
396,2015-07-17,1.0,1.08,0.98,0.98,12933.0,1.0,0.0,1.08,0.98,0.98,1.0,12933.0,4
397,2015-07-16,0.98,1.02,0.9608,0.9644,49325.0,0.98,0.0,1.02,0.9608,0.9644,1.0,49325.0,3
398,2015-07-15,1.0,1.0,1.0,1.0,4996.0,1.0,0.0,1.0,1.0,1.0,1.0,4996.0,2
399,2015-07-14,1.0,1.0,1.0,1.0,2500.0,1.0,0.0,1.0,1.0,1.0,1.0,2500.0,1
400,2015-07-13,0.995,1.0207,0.995,1.0207,8211.0,0.995,0.0,1.0207,0.995,1.0207,1.0,8211.0,0
401,2015-07-10,1.06,1.061,0.9,0.96,22502.0,1.06,0.0,1.061,0.9,0.96,1.0,22502.0,4
402,2015-07-09,0.9003,0.9003,0.9003,0.9003,0.0,0.9003,0.0,0.9003,0.9003,0.9003,1.0,0.0,3
403,2015-07-08,0.9003,0.91,0.9003,0.91,11600.0,0.9003,0.0,0.91,0.9003,0.91,1.0,11600.0,2
404,2015-07-07,0.9,0.95,0.88,0.941,26699.0,0.9,0.0,0.95,0.88,0.941,1.0,26699.0,1
405,2015-07-06,0.9,0.98,0.9,0.98,2900.0,0.9,0.0,0.98,0.9,0.98,1.0,2900.0,0
406,2015-07-02,0.93,1.05,0.93,1.0201,40502.0,0.93,0.0,1.05,0.93,1.0201,1.0,40502.0,3
407,2015-07-01,1.0,1.0,1.0,1.0,0.0,1.0,0.0,1.0,1.0,1.0,1.0,0.0,2
408,2015-06-30,1.0,1.0004,0.94,1.0004,73230.0,1.0,0.0,1.0004,0.94,1.0004,1.0,73230.0,1
409,2015-06-29,1.0,1.15,1.0,1.0,116100.0,1.0,0.0,1.15,1.0,1.0,1.0,116100.0,0
410,2015-06-26,1.08,1.17,1.04,1.1,53950.0,1.08,0.0,1.17,1.04,1.1,1.0,53950.0,4
411,2015-06-25,1.06,1.19,0.9985,1.08,101500.0,1.06,0.0,1.19,0.9985,1.08,1.0,101500.0,3
412,2015-06-24,1.02,1.18,1.0,1.18,65075.0,1.02,0.0,1.18,1.0,1.18,1.0,65075.0,2
413,2015-06-23,1.0501,1.0501,0.98,1.0501,80250.0,1.0501,0.0,1.0501,0.98,1.0501,1.0,80250.0,1
414,2015-06-22,1.05,1.15,1.02,1.0301,155601.0,1.05,0.0,1.15,1.02,1.0301,1.0,155601.0,0
415,2015-06-19,1.055,1.18,1.02,1.18,76411.0,1.055,0.0,1.18,1.02,1.18,1.0,76411.0,4
416,2015-06-18,1.14,1.17,1.14,1.17,24091.0,1.14,0.0,1.17,1.14,1.17,1.0,24091.0,3
417,2015-06-17,1.13,1.13,1.04,1.05,20360.0,1.13,0.0,1.13,1.04,1.05,1.0,20360.0,2
418,2015-06-16,1.08,1.15,1.08,1.08,8050.0,1.08,0.0,1.15,1.08,1.08,1.0,8050.0,1
419,2015-06-15,1.08,1.16,0.95,1.01,78990.0,1.08,0.0,1.16,0.95,1.01,1.0,78990.0,0
420,2015-06-12,1.19,1.19,1.12,1.13,8920.0,1.19,0.0,1.19,1.12,1.13,1.0,8920.0,4
421,2015-06-11,1.12,1.33,1.06,1.29,117800.0,1.12,0.0,1.33,1.06,1.29,1.0,117800.0,3
422,2015-06-10,1.34,1.44,1.3,1.3,16350.0,1.34,0.0,1.44,1.3,1.3,1.0,16350.0,2
423,2015-06-09,1.45,1.45,1.45,1.45,1348.0,1.45,0.0,1.45,1.45,1.45,1.0,1348.0,1
424,2015-06-08,1.48,1.6,1.48,1.6,24400.0,1.48,0.0,1.6,1.48,1.6,1.0,24400.0,0
425,2015-06-05,1.4,1.4101,1.36,1.36,58384.0,1.4,0.0,1.4101,1.36,1.36,1.0,58384.0,4
426,2015-06-04,1.36,1.39,1.2999,1.2999,45340.0,1.36,0.0,1.39,1.2999,1.2999,1.0,45340.0,3
427,2015-06-03,1.28,1.4,1.28,1.4,54781.0,1.28,0.0,1.4,1.28,1.4,1.0,54781.0,2
428,2015-06-02,1.3,1.379,1.3,1.31,28447.0,1.3,0.0,1.379,1.3,1.31,1.0,28447.0,1
429,2015-06-01,1.38,1.4,1.37,1.37,36957.0,1.38,0.0,1.4,1.37,1.37,1.0,36957.0,0
430,2015-05-29,1.3101,1.3101,1.3101,1.3101,105.0,1.3101,0.0,1.3101,1.3101,1.3101,1.0,105.0,4
431,2015-05-28,1.3,1.33,1.3,1.3,6666.0,1.3,0.0,1.33,1.3,1.3,1.0,6666.0,3
432,2015-05-27,1.33,1.35,1.3001,1.3001,8410.0,1.33,0.0,1.35,1.3001,1.3001,1.0,8410.0,2
433,2015-05-26,1.34,2.5,1.34,2.5,79900.0,1.34,0.0,2.5,1.34,2.5,1.0,79900.0,1
434,2015-05-22,1.38,1.39,1.35,1.376,5915.0,1.38,0.0,1.39,1.35,1.376,1.0,5915.0,4
435,2015-05-21,1.35,1.499,1.3278,1.4401,229457.0,1.35,0.0,1.499,1.3278,1.4401,1.0,229457.0,3
436,2015-05-20,1.47,1.48,1.3254,1.48,142040.0,1.47,0.0,1.48,1.3254,1.48,1.0,142040.0,2
437,2015-05-19,1.4675,1.61,1.33,1.61,123048.0,1.4675,0.0,1.61,1.33,1.61,1.0,123048.0,1
438,2015-05-18,1.35,1.35,1.18,1.2,111267.0,1.35,0.0,1.35,1.18,1.2,1.0,111267.0,0
439,2015-05-15,1.22,1.25,1.1398,1.2,126967.0,1.22,0.0,1.25,1.1398,1.2,1.0,126967.0,4
440,2015-05-14,1.2,1.29,1.11,1.11,53526.0,1.2,0.0,1.29,1.11,1.11,1.0,53526.0,3
441,2015-05-13,1.2,1.2575,1.0559,1.0899,505500.0,1.2,0.0,1.2575,1.0559,1.0899,1.0,505500.0,2
442,2015-05-12,1.1,1.33,1.0,1.0,100105.0,1.1,0.0,1.33,1.0,1.0,1.0,100105.0,1
443,2015-05-11,1.04,1.04,1.04,1.04,0.0,1.04,0.0,1.04,1.04,1.04,1.0,0.0,0
444,2015-05-08,1.04,1.05,1.0,1.0090000000000001,5400.0,1.04,0.0,1.05,1.0,1.0090000000000001,1.0,5400.0,4
445,2015-05-07,1.0099,1.1,1.0,1.06,52501.0,1.0099,0.0,1.1,1.0,1.06,1.0,52501.0,3
446,2015-05-06,1.025,1.089,1.025,1.089,5452.0,1.025,0.0,1.089,1.025,1.089,1.0,5452.0,2
447,2015-05-05,1.05,1.05,1.02,1.04,4000.0,1.05,0.0,1.05,1.02,1.04,1.0,4000.0,1
448,2015-05-04,1.05,1.05,1.03,1.05,24021.0,1.05,0.0,1.05,1.03,1.05,1.0,24021.0,0
449,2015-05-01,1.0,1.05,0.95,1.0499,36979.0,1.0,0.0,1.05,0.95,1.0499,1.0,36979.0,4
450,2015-04-30,1.0299,1.19,1.0,1.0,159615.0,1.0299,0.0,1.19,1.0,1.0,1.0,159615.0,3
451,2015-04-29,1.0,1.02,0.85,0.94,157671.0,1.0,0.0,1.02,0.85,0.94,1.0,157671.0,2
452,2015-04-28,0.88,0.8863,0.825,0.85,362264.0,0.88,0.0,0.8863,0.825,0.85,1.0,362264.0,1
453,2015-04-27,0.895,0.895,0.8,0.8,96180.0,0.895,0.0,0.895,0.8,0.8,1.0,96180.0,0
454,2015-04-24,0.81,1.0,0.81,0.98,31591.0,0.81,0.0,1.0,0.81,0.98,1.0,31591.0,4
455,2015-04-23,0.865,0.925,0.82,0.85,75120.0,0.865,0.0,0.925,0.82,0.85,1.0,75120.0,3
456,2015-04-22,0.8625,1.01,0.8,0.85,27400.0,0.8625,0.0,1.01,0.8,0.85,1.0,27400.0,2
457,2015-04-21,0.82,0.85,0.75,0.75,55363.0,0.82,0.0,0.85,0.75,0.75,1.0,55363.0,1
458,2015-04-20,0.795,0.795,0.7698,0.7698,10020.0,0.795,0.0,0.795,0.7698,0.7698,1.0,10020.0,0
459,2015-04-17,0.785,0.785,0.75,0.75,16800.0,0.785,0.0,0.785,0.75,0.75,1.0,16800.0,4
460,2015-04-16,0.75,0.7875,0.73,0.73,30200.0,0.75,0.0,0.7875,0.73,0.73,1.0,30200.0,3
461,2015-04-15,0.74,0.78,0.7,0.7,20300.0,0.74,0.0,0.78,0.7,0.7,1.0,20300.0,2
462,2015-04-14,0.74,0.74,0.74,0.74,300.0,0.74,0.0,0.74,0.74,0.74,1.0,300.0,1
463,2015-04-13,0.7575,0.79,0.73,0.75,46628.0,0.7575,0.0,0.79,0.73,0.75,1.0,46628.0,0
464,2015-04-10,0.75,0.76,0.7,0.7,32236.0,0.75,0.0,0.76,0.7,0.7,1.0,32236.0,4
465,2015-04-09,0.7799,0.7799,0.7799,0.7799,3300.0,0.7799,0.0,0.7799,0.7799,0.7799,1.0,3300.0,3
466,2015-04-08,0.8,0.8,0.7,0.75,15403.0,0.8,0.0,0.8,0.7,0.75,1.0,15403.0,2
467,2015-04-07,0.75,0.8001,0.63,0.7,153401.0,0.75,0.0,0.8001,0.63,0.7,1.0,153401.0,1
468,2015-04-06,0.65,0.65,0.63,0.63,38238.0,0.65,0.0,0.65,0.63,0.63,1.0,38238.0,0
469,2015-04-02,0.65,0.65,0.64,0.65,66900.0,0.65,0.0,0.65,0.64,0.65,1.0,66900.0,3
470,2015-04-01,0.65,0.65,0.639,0.639,15800.0,0.65,0.0,0.65,0.639,0.639,1.0,15800.0,2
471,2015-03-31,0.65,0.65,0.65,0.65,100.0,0.65,0.0,0.65,0.65,0.65,1.0,100.0,1
472,2015-03-30,0.7,0.7,0.586,0.586,20400.0,0.7,0.0,0.7,0.586,0.586,1.0,20400.0,0
473,2015-03-27,0.65,0.65,0.62,0.65,25000.0,0.65,0.0,0.65,0.62,0.65,1.0,25000.0,4
474,2015-03-26,0.64,0.64,0.6,0.6001,22157.0,0.64,0.0,0.64,0.6,0.6001,1.0,22157.0,3
475,2015-03-25,0.61,0.61,0.59,0.59,1300.0,0.61,0.0,0.61,0.59,0.59,1.0,1300.0,2
476,2015-03-24,0.57,0.61,0.57,0.61,14000.0,0.57,0.0,0.61,0.57,0.61,1.0,14000.0,1
477,2015-03-23,0.6,0.6399,0.58,0.6301,18960.0,0.6,0.0,0.6399,0.58,0.6301,1.0,18960.0,0
478,2015-03-20,0.6199,0.6199,0.6199,0.6199,1.0,0.6199,0.0,0.6199,0.6199,0.6199,1.0,1.0,4
479,2015-03-19,0.6199,0.62,0.5899,0.59,7254.0,0.6199,0.0,0.62,0.5899,0.59,1.0,7254.0,3
480,2015-03-18,0.6,0.6,0.6,0.6,198.0,0.6,0.0,0.6,0.6,0.6,1.0,198.0,2
481,2015-03-17,0.6,0.64,0.55,0.6,48398.0,0.6,0.0,0.64,0.55,0.6,1.0,48398.0,1
482,2015-03-16,0.5995,0.64,0.5995,0.61,30400.0,0.5995,0.0,0.64,0.5995,0.61,1.0,30400.0,0
483,2015-03-13,0.65,0.65,0.63,0.6499,23875.0,0.65,0.0,0.65,0.63,0.6499,1.0,23875.0,4
484,2015-03-12,0.65,0.65,0.6,0.6,1600.0,0.65,0.0,0.65,0.6,0.6,1.0,1600.0,3
485,2015-03-11,0.65,0.65,0.58,0.65,2700.0,0.65,0.0,0.65,0.58,0.65,1.0,2700.0,2
486,2015-03-10,0.66,0.7,0.625,0.625,9300.0,0.66,0.0,0.7,0.625,0.625,1.0,9300.0,1
487,2015-03-09,0.6499,0.6499,0.6499,0.6499,2100.0,0.6499,0.0,0.6499,0.6499,0.6499,1.0,2100.0,0
488,2015-03-06,0.69,0.69,0.58,0.67,39646.0,0.69,0.0,0.69,0.58,0.67,1.0,39646.0,4
489,2015-03-05,0.67,0.67,0.645,0.645,4650.0,0.67,0.0,0.67,0.645,0.645,1.0,4650.0,3
490,2015-03-04,0.68,0.7,0.6101,0.6101,18395.0,0.68,0.0,0.7,0.6101,0.6101,1.0,18395.0,2
491,2015-03-03,0.7499,0.7499,0.69,0.72,7200.0,0.7499,0.0,0.7499,0.69,0.72,1.0,7200.0,1
492,2015-03-02,0.7,0.7,0.7,0.7,503.0,0.7,0.0,0.7,0.7,0.7,1.0,503.0,0
493,2015-02-27,0.7,0.71,0.7,0.71,3000.0,0.7,0.0,0.71,0.7,0.71,1.0,3000.0,4
494,2015-02-26,0.7299,0.75,0.7,0.75,6092.0,0.7299,0.0,0.75,0.7,0.75,1.0,6092.0,3
495,2015-02-25,0.75,0.75,0.7,0.7,3101.0,0.75,0.0,0.75,0.7,0.7,1.0,3101.0,2
496,2015-02-24,0.65,0.75,0.58,0.71,15750.0,0.65,0.0,0.75,0.58,0.71,1.0,15750.0,1
497,2015-02-23,0.72,0.77,0.65,0.77,20435.0,0.72,0.0,0.77,0.65,0.77,1.0,20435.0,0
498,2015-02-20,0.64,0.73,0.64,0.69,31205.0,0.64,0.0,0.73,0.64,0.69,1.0,31205.0,4
499,2015-02-19,0.68,0.76,0.65,0.76,41579.0,0.68,0.0,0.76,0.65,0.76,1.0,41579.0,3
500,2015-02-18,0.75,0.7501,0.72,0.72,8092.0,0.75,0.0,0.7501,0.72,0.72,1.0,8092.0,2
501,2015-02-17,0.6899,0.6899,0.6899,0.6899,421.0,0.6899,0.0,0.6899,0.6899,0.6899,1.0,421.0,1
502,2015-02-13,0.68,0.69,0.64,0.64,81627.0,0.68,0.0,0.69,0.64,0.64,1.0,81627.0,4
503,2015-02-12,0.64,0.69,0.64,0.69,52918.0,0.64,0.0,0.69,0.64,0.69,1.0,52918.0,3
504,2015-02-11,0.64,0.65,0.64,0.64,56902.0,0.64,0.0,0.65,0.64,0.64,1.0,56902.0,2
505,2015-02-10,0.62,0.65,0.6,0.65,15400.0,0.62,0.0,0.65,0.6,0.65,1.0,15400.0,1
506,2015-02-09,0.56,0.9,0.56,0.9,5304.0,0.56,0.0,0.9,0.56,0.9,1.0,5304.0,0
507,2015-02-06,0.69,0.7,0.69,0.69,33404.0,0.69,0.0,0.7,0.69,0.69,1.0,33404.0,4
508,2015-02-05,0.69,0.76,0.69,0.69,41541.0,0.69,0.0,0.76,0.69,0.69,1.0,41541.0,3
509,2015-02-04,0.6901,0.6901,0.6901,0.6901,0.0,0.6901,0.0,0.6901,0.6901,0.6901,1.0,0.0,2
510,2015-02-03,0.6901,0.74,0.68,0.7,21910.0,0.6901,0.0,0.74,0.68,0.7,1.0,21910.0,1
511,2015-02-02,0.74,0.74,0.54,0.55,82080.0,0.74,0.0,0.74,0.54,0.55,1.0,82080.0,0
512,2015-01-30,0.53,0.65,0.48,0.65,67928.0,0.53,0.0,0.65,0.48,0.65,1.0,67928.0,4
513,2015-01-29,0.65,0.725,0.6,0.67,29338.0,0.65,0.0,0.725,0.6,0.67,1.0,29338.0,3
514,2015-01-28,0.65,0.74,0.63,0.68,30928.0,0.65,0.0,0.74,0.63,0.68,1.0,30928.0,2
515,2015-01-27,0.65,0.85,0.6096,0.83,107927.0,0.65,0.0,0.85,0.6096,0.83,1.0,107927.0,1
516,2015-01-26,0.85,0.99,0.85,0.9599,10770.0,0.85,0.0,0.99,0.85,0.9599,1.0,10770.0,0
517,2015-01-23,0.99,0.99,0.99,0.99,5141.0,0.99,0.0,0.99,0.99,0.99,1.0,5141.0,4
518,2015-01-22,1.0501,1.0501,1.0499,1.0499,5401.0,1.0501,0.0,1.0501,1.0499,1.0499,1.0,5401.0,3
519,2015-01-21,1.05,1.1001,1.05,1.05,17190.0,1.05,0.0,1.1001,1.05,1.05,1.0,17190.0,2
520,2015-01-20,1.0,1.001,1.0,1.001,5403.0,1.0,0.0,1.001,1.0,1.001,1.0,5403.0,1
521,2015-01-16,1.0,1.0,1.0,1.0,4.0,1.0,0.0,1.0,1.0,1.0,1.0,4.0,4
522,2015-01-15,1.0,1.07,1.0,1.0683,1006.0,1.0,0.0,1.07,1.0,1.0683,1.0,1006.0,3
523,2015-01-14,1.0,1.01,1.0,1.01,3309.0,1.0,0.0,1.01,1.0,1.01,1.0,3309.0,2
524,2015-01-13,1.12,1.12,1.12,1.12,2.0,1.12,0.0,1.12,1.12,1.12,1.0,2.0,1
525,2015-01-12,1.12,1.1456,1.0,1.0,3504.0,1.12,0.0,1.1456,1.0,1.0,1.0,3504.0,0
526,2015-01-09,1.25,1.25,1.0676,1.0676,12899.0,1.25,0.0,1.25,1.0676,1.0676,1.0,12899.0,4
527,2015-01-08,1.0,1.19,0.99,1.19,3338.0,1.0,0.0,1.19,0.99,1.19,1.0,3338.0,3
528,2015-01-07,1.0724,1.1978,1.0724,1.1978,1735.0,1.0724,0.0,1.1978,1.0724,1.1978,1.0,1735.0,2
529,2015-01-06,1.05,1.22,1.01,1.01,5002.0,1.05,0.0,1.22,1.01,1.01,1.0,5002.0,1
530,2015-01-05,1.0,1.35,1.0,1.28,3801.0,1.0,0.0,1.35,1.0,1.28,1.0,3801.0,0
531,2015-01-02,1.25,1.25,1.25,1.25,100.0,1.25,0.0,1.25,1.25,1.25,1.0,100.0,4
532,2014-12-31,1.18,1.26,1.18,1.26,2701.0,1.18,0.0,1.26,1.18,1.26,1.0,2701.0,2
533,2014-12-30,1.1,1.25,1.05,1.25,26403.0,1.1,0.0,1.25,1.05,1.25,1.0,26403.0,1
534,2014-12-29,1.25,1.25,1.0878,1.2,1350.0,1.25,0.0,1.25,1.0878,1.2,1.0,1350.0,0
535,2014-12-26,1.19,1.2001,1.1,1.1,7700.0,1.19,0.0,1.2001,1.1,1.1,1.0,7700.0,4
536,2014-12-24,1.22,1.22,1.22,1.22,100.0,1.22,0.0,1.22,1.22,1.22,1.0,100.0,2
537,2014-12-23,1.28,1.28,1.28,1.28,0.0,1.28,0.0,1.28,1.28,1.28,1.0,0.0,1
538,2014-12-22,1.28,1.28,1.28,1.28,100.0,1.28,0.0,1.28,1.28,1.28,1.0,100.0,0
539,2014-12-19,1.18,1.18,1.18,1.18,400.0,1.18,0.0,1.18,1.18,1.18,1.0,400.0,4
540,2014-12-18,1.05,1.19,1.05,1.19,1600.0,1.05,0.0,1.19,1.05,1.19,1.0,1600.0,3
541,2014-12-17,1.08,1.09,0.87,1.0,3796.0,1.08,0.0,1.09,0.87,1.0,1.0,3796.0,2
542,2014-12-16,1.09,1.09,1.09,1.09,900.0,1.09,0.0,1.09,1.09,1.09,1.0,900.0,1
543,2014-12-15,1.0144,1.09,1.0144,1.09,327.0,1.0144,0.0,1.09,1.0144,1.09,1.0,327.0,0
544,2014-12-12,1.0,1.09,0.98,0.98,77364.0,1.0,0.0,1.09,0.98,0.98,1.0,77364.0,4
545,2014-12-11,0.98,0.98,0.98,0.98,780.0,0.98,0.0,0.98,0.98,0.98,1.0,780.0,3
546,2014-12-10,0.9799,0.9799,0.9799,0.9799,100.0,0.9799,0.0,0.9799,0.9799,0.9799,1.0,100.0,2
547,2014-12-09,0.98,0.98,0.98,0.98,18.0,0.98,0.0,0.98,0.98,0.98,1.0,18.0,1
548,2014-12-08,0.98,0.98,0.98,0.98,0.0,0.98,0.0,0.98,0.98,0.98,1.0,0.0,0
549,2014-12-05,0.98,0.98,0.97,0.97,4102.0,0.98,0.0,0.98,0.97,0.97,1.0,4102.0,4
550,2014-12-04,0.9,0.9,0.9,0.9,0.0,0.9,0.0,0.9,0.9,0.9,1.0,0.0,3
551,2014-12-03,0.9,0.9,0.9,0.9,2000.0,0.9,0.0,0.9,0.9,0.9,1.0,2000.0,2
552,2014-12-02,0.95,0.97,0.93,0.93,7445.0,0.95,0.0,0.97,0.93,0.93,1.0,7445.0,1
553,2014-12-01,0.9,0.9,0.9,0.9,3099.0,0.9,0.0,0.9,0.9,0.9,1.0,3099.0,0
554,2014-11-28,0.93,0.93,0.92,0.93,1835.0,0.93,0.0,0.93,0.92,0.93,1.0,1835.0,4
555,2014-11-26,0.89,0.89,0.89,0.89,42.0,0.89,0.0,0.89,0.89,0.89,1.0,42.0,2
556,2014-11-25,0.89,0.89,0.89,0.89,1542.0,0.89,0.0,0.89,0.89,0.89,1.0,1542.0,1
557,2014-11-24,0.86,0.89,0.8599,0.89,2001.0,0.86,0.0,0.89,0.8599,0.89,1.0,2001.0,0
558,2014-11-21,0.95,0.99,0.95,0.99,3896.0,0.95,0.0,0.99,0.95,0.99,1.0,3896.0,4
559,2014-11-20,0.9,1.23,0.9,1.23,5800.0,0.9,0.0,1.23,0.9,1.23,1.0,5800.0,3
560,2014-11-19,0.9,0.9,0.9,0.9,200.0,0.9,0.0,0.9,0.9,0.9,1.0,200.0,2
561,2014-11-18,0.8,0.8,0.8,0.8,0.0,0.8,0.0,0.8,0.8,0.8,1.0,0.0,1
562,2014-11-17,0.8,0.8,0.8,0.8,700.0,0.8,0.0,0.8,0.8,0.8,1.0,700.0,0
563,2014-11-14,0.67,0.75,0.67,0.75,4601.0,0.67,0.0,0.75,0.67,0.75,1.0,4601.0,4
564,2014-11-13,0.85,0.85,0.85,0.85,0.0,0.85,0.0,0.85,0.85,0.85,1.0,0.0,3
565,2014-11-12,0.85,0.85,0.85,0.85,0.0,0.85,0.0,0.85,0.85,0.85,1.0,0.0,2
566,2014-11-11,0.85,0.85,0.85,0.85,1.0,0.85,0.0,0.85,0.85,0.85,1.0,1.0,1
567,2014-11-10,0.85,0.85,0.85,0.85,198.0,0.85,0.0,0.85,0.85,0.85,1.0,198.0,0
568,2014-11-07,0.85,0.85,0.85,0.85,100.0,0.85,0.0,0.85,0.85,0.85,1.0,100.0,4
569,2014-11-06,0.78,0.8501,0.78,0.8501,104701.0,0.78,0.0,0.8501,0.78,0.8501,1.0,104701.0,3
570,2014-11-05,0.89,0.89,0.8340000000000001,0.8340000000000001,206.0,0.89,0.0,0.89,0.8340000000000001,0.8340000000000001,1.0,206.0,2
571,2014-11-04,0.9,1.4,0.71,0.75,1507.0,0.9,0.0,1.4,0.71,0.75,1.0,1507.0,1
572,2014-11-03,0.75,0.75,0.75,0.75,0.0,0.75,0.0,0.75,0.75,0.75,1.0,0.0,0
573,2014-10-31,0.75,0.75,0.75,0.75,200.0,0.75,0.0,0.75,0.75,0.75,1.0,200.0,4
574,2014-10-30,0.75,0.75,0.75,0.75,0.0,0.75,0.0,0.75,0.75,0.75,1.0,0.0,3
575,2014-10-29,0.75,0.75,0.62,0.62,1301.0,0.75,0.0,0.75,0.62,0.62,1.0,1301.0,2
576,2014-10-28,0.75,0.75,0.75,0.75,4200.0,0.75,0.0,0.75,0.75,0.75,1.0,4200.0,1
577,2014-10-27,0.71,0.75,0.6956,0.75,8400.0,0.71,0.0,0.75,0.6956,0.75,1.0,8400.0,0
578,2014-10-24,0.75,0.75,0.75,0.75,4200.0,0.75,0.0,0.75,0.75,0.75,1.0,4200.0,4
579,2014-10-22,0.7,0.74,0.7,0.74,1694.0,0.7,0.0,0.74,0.7,0.74,1.0,1694.0,2
580,2014-10-21,0.65,0.6501,0.65,0.6501,4200.0,0.65,0.0,0.6501,0.65,0.6501,1.0,4200.0,1
581,2014-10-17,0.71,0.7399,0.71,0.7399,2000.0,0.71,0.0,0.7399,0.71,0.7399,1.0,2000.0,4
582,2014-10-16,0.72,0.72,0.65,0.6501,15000.0,0.72,0.0,0.72,0.65,0.6501,1.0,15000.0,3
583,2014-10-15,0.69,0.7899,0.69,0.7899,20178.0,0.69,0.0,0.7899,0.69,0.7899,1.0,20178.0,2
584,2014-10-14,0.77,0.77,0.75,0.75,1000.0,0.77,0.0,0.77,0.75,0.75,1.0,1000.0,1
585,2014-10-13,0.82,0.82,0.82,0.82,200.0,0.82,0.0,0.82,0.82,0.82,1.0,200.0,0
586,2014-10-10,0.9,0.95,0.85,0.94,2470.0,0.9,0.0,0.95,0.85,0.94,1.0,2470.0,4
587,2014-10-09,0.7,0.7,0.7,0.7,1.0,0.7,0.0,0.7,0.7,0.7,1.0,1.0,3
588,2014-10-06,0.7,0.8,0.7,0.8,1501.0,0.7,0.0,0.8,0.7,0.8,1.0,1501.0,0
589,2014-10-03,0.79,0.79,0.7899,0.7899,1322.0,0.79,0.0,0.79,0.7899,0.7899,1.0,1322.0,4
590,2014-10-02,0.7659999999999999,0.7659999999999999,0.7659999999999999,0.7659999999999999,1000.0,0.7659999999999999,0.0,0.7659999999999999,0.7659999999999999,0.7659999999999999,1.0,1000.0,3
591,2014-09-30,0.82,0.82,0.79,0.79,200.0,0.82,0.0,0.82,0.79,0.79,1.0,200.0,1
592,2014-09-29,0.78,0.8184,0.78,0.8184,1300.0,0.78,0.0,0.8184,0.78,0.8184,1.0,1300.0,0
593,2014-09-26,0.78,0.78,0.73,0.73,8100.0,0.78,0.0,0.78,0.73,0.73,1.0,8100.0,4
594,2014-09-25,0.73,0.73,0.73,0.73,200.0,0.73,0.0,0.73,0.73,0.73,1.0,200.0,3
