,Unnamed: 0,adj_close,adj_high,adj_low,adj_open,adj_volume,close,ex_dividend,high,low,open,split_ratio,volume,Day of Week,Day
0,2017-02-10,3.46,3.5197,3.35,3.43,7004.0,3.46,0.0,3.5197,3.35,3.43,1.0,7004.0,4,10
1,2017-02-09,3.47,3.58,3.377,3.3899,42785.0,3.47,0.0,3.58,3.377,3.3899,1.0,42785.0,3,09
2,2017-02-08,3.26,3.3587,3.2,3.3587,17629.0,3.26,0.0,3.3587,3.2,3.3587,1.0,17629.0,2,08
3,2017-02-07,3.34,3.4898,3.2159,3.2159,18264.0,3.34,0.0,3.4898,3.2159,3.2159,1.0,18264.0,1,07
4,2017-02-06,3.29,3.3599,3.2549,3.29,5011.0,3.29,0.0,3.3599,3.2549,3.29,1.0,5011.0,0,06
5,2017-02-03,3.28,3.47,3.25,3.442,55802.0,3.28,0.0,3.47,3.25,3.442,1.0,55802.0,4,03
6,2017-02-02,3.49,3.5,3.39,3.5,15868.0,3.49,0.0,3.5,3.39,3.5,1.0,15868.0,3,02
7,2017-02-01,3.5,3.6271,3.36,3.61,38193.0,3.5,0.0,3.6271,3.36,3.61,1.0,38193.0,2,01
8,2017-01-31,3.56,3.65,3.41,3.5972,69555.0,3.56,0.0,3.65,3.41,3.5972,1.0,69555.0,1,31
9,2017-01-30,3.57,3.8001,3.5101,3.78,118414.0,3.57,0.0,3.8001,3.5101,3.78,1.0,118414.0,0,30
10,2017-01-27,3.74,3.95,2.9756,3.0,384814.0,3.74,0.0,3.95,2.9756,3.0,1.0,384814.0,4,27
11,2017-01-26,3.06,3.3,2.82,2.83,208896.0,3.06,0.0,3.3,2.82,2.83,1.0,208896.0,3,26
12,2017-01-25,2.8,2.94,2.78,2.85,6715.0,2.8,0.0,2.94,2.78,2.85,1.0,6715.0,2,25
13,2017-01-24,2.82,2.85,2.76,2.85,8506.0,2.82,0.0,2.85,2.76,2.85,1.0,8506.0,1,24
14,2017-01-23,2.79,2.83,2.76,2.83,8620.0,2.79,0.0,2.83,2.76,2.83,1.0,8620.0,0,23
15,2017-01-20,2.8099,2.94,2.76,2.94,20961.0,2.8099,0.0,2.94,2.76,2.94,1.0,20961.0,4,20
16,2017-01-19,2.76,2.9693,2.76,2.8501,11806.0,2.76,0.0,2.9693,2.76,2.8501,1.0,11806.0,3,19
17,2017-01-18,2.8,3.0073,2.71,2.99,49254.0,2.8,0.0,3.0073,2.71,2.99,1.0,49254.0,2,18
18,2017-01-17,3.14,3.15,2.83,3.0562,13317.0,3.14,0.0,3.15,2.83,3.0562,1.0,13317.0,1,17
19,2017-01-13,2.942,3.498,2.7475,2.92,152103.0,2.942,0.0,3.498,2.7475,2.92,1.0,152103.0,4,13
20,2017-01-12,2.82,3.13,2.7,3.05,35322.0,2.82,0.0,3.13,2.7,3.05,1.0,35322.0,3,12
21,2017-01-11,2.88,3.19,2.86,3.19,36402.0,2.88,0.0,3.19,2.86,3.19,1.0,36402.0,2,11
22,2017-01-10,2.8499,2.98,2.77,2.89,10123.0,2.8499,0.0,2.98,2.77,2.89,1.0,10123.0,1,10
23,2017-01-09,2.85,3.0,2.8058,3.0,12640.0,2.85,0.0,3.0,2.8058,3.0,1.0,12640.0,0,09
24,2017-01-06,2.8956,2.95,2.86,2.9137,37396.0,2.8956,0.0,2.95,2.86,2.9137,1.0,37396.0,4,06
25,2017-01-05,2.94,3.14,2.923,3.09,8094.0,2.94,0.0,3.14,2.923,3.09,1.0,8094.0,3,05
26,2017-01-04,3.02,3.6825,2.8,3.6825,34113.0,3.02,0.0,3.6825,2.8,3.6825,1.0,34113.0,2,04
27,2017-01-03,3.282,3.7154,3.05,3.05,30034.0,3.282,0.0,3.7154,3.05,3.05,1.0,30034.0,1,03
28,2016-12-30,3.01,3.28,2.415,2.56,134540.0,3.01,0.0,3.28,2.415,2.56,1.0,134540.0,4,30
29,2016-12-29,2.5,2.5899,2.35,2.5899,54296.0,2.5,0.0,2.5899,2.35,2.5899,1.0,54296.0,3,29
30,2016-12-28,2.34,2.4999,2.3,2.46,126468.0,2.34,0.0,2.4999,2.3,2.46,1.0,126468.0,2,28
31,2016-12-27,2.3801,2.549,2.2501,2.3,18857.0,2.3801,0.0,2.549,2.2501,2.3,1.0,18857.0,1,27
32,2016-12-23,2.33,2.5899,2.28,2.5,22393.0,2.33,0.0,2.5899,2.28,2.5,1.0,22393.0,4,23
33,2016-12-22,2.5075,2.6479,2.22,2.6479,9350.0,2.5075,0.0,2.6479,2.22,2.6479,1.0,9350.0,3,22
34,2016-12-21,2.3524,2.6176,2.32,2.52,33712.0,2.3524,0.0,2.6176,2.32,2.52,1.0,33712.0,2,21
35,2016-12-20,2.43,2.74,2.3421,2.45,50350.0,2.43,0.0,2.74,2.3421,2.45,1.0,50350.0,1,20
36,2016-12-19,2.35,2.5864,1.8483,1.8483,111751.0,2.35,0.0,2.5864,1.8483,1.8483,1.0,111751.0,0,19
37,2016-12-16,1.8943,1.94,1.8039,1.94,20444.0,1.8943,0.0,1.94,1.8039,1.94,1.0,20444.0,4,16
38,2016-12-15,1.935,2.07,1.86,2.05,27833.0,1.935,0.0,2.07,1.86,2.05,1.0,27833.0,3,15
39,2016-12-14,2.0,2.6,1.99,2.6,23350.0,2.0,0.0,2.6,1.99,2.6,1.0,23350.0,2,14
40,2016-12-13,2.39,2.59,2.2,2.47,3066.0,2.39,0.0,2.59,2.2,2.47,1.0,3066.0,1,13
41,2016-12-12,2.39,2.65,2.1601,2.59,33052.0,2.39,0.0,2.65,2.1601,2.59,1.0,33052.0,0,12
42,2016-12-09,2.51,3.138,2.51,2.78,9834.0,2.51,0.0,3.138,2.51,2.78,1.0,9834.0,4,09
43,2016-12-08,2.76,3.21,2.68,3.21,8417.0,2.76,0.0,3.21,2.68,3.21,1.0,8417.0,3,08
44,2016-12-07,2.91,2.91,2.85,2.85,8213.0,2.91,0.0,2.91,2.85,2.85,1.0,8213.0,2,07
45,2016-12-06,2.85,3.08,2.85,3.05,22445.0,2.85,0.0,3.08,2.85,3.05,1.0,22445.0,1,06
46,2016-12-05,3.13,3.5,2.907,3.4,14254.0,3.13,0.0,3.5,2.907,3.4,1.0,14254.0,0,05
47,2016-12-01,3.43,3.43,3.43,3.43,1500.0,3.43,0.0,3.43,3.43,3.43,1.0,1500.0,3,01
48,2016-11-30,3.43,3.4301,3.43,3.4301,840.0,3.43,0.0,3.4301,3.43,3.4301,1.0,840.0,2,30
49,2016-11-29,3.5,3.72,3.44,3.72,5055.0,3.5,0.0,3.72,3.44,3.72,1.0,5055.0,1,29
50,2016-11-28,3.71,3.71,3.63,3.63,661.0,3.71,0.0,3.71,3.63,3.63,1.0,661.0,0,28
51,2016-11-25,3.74,3.74,3.74,3.74,174.0,3.74,0.0,3.74,3.74,3.74,1.0,174.0,4,25
52,2016-11-23,3.6999,3.6999,3.6999,3.6999,3001.0,3.6999,0.0,3.6999,3.6999,3.6999,1.0,3001.0,2,23
53,2016-11-22,3.72,3.74,3.6401,3.74,2488.0,3.72,0.0,3.74,3.6401,3.74,1.0,2488.0,1,22
54,2016-11-21,3.7,3.7,3.65,3.65,2649.0,3.7,0.0,3.7,3.65,3.65,1.0,2649.0,0,21
55,2016-11-18,3.8,3.84,3.72,3.84,3031.0,3.8,0.0,3.84,3.72,3.84,1.0,3031.0,4,18
56,2016-11-17,3.66,3.97,3.65,3.65,12657.0,3.66,0.0,3.97,3.65,3.65,1.0,12657.0,3,17
57,2016-11-16,3.96,3.96,3.8,3.8001,827.0,3.96,0.0,3.96,3.8,3.8001,1.0,827.0,2,16
58,2016-11-15,3.95,3.96,3.6,3.68,18213.0,3.95,0.0,3.96,3.6,3.68,1.0,18213.0,1,15
59,2016-11-14,3.73,3.8544,3.73,3.8544,1520.0,3.73,0.0,3.8544,3.73,3.8544,1.0,1520.0,0,14
60,2016-11-11,3.87,4.0399,3.75,4.0199,68118.0,3.87,0.0,4.0399,3.75,4.0199,1.0,68118.0,4,11
61,2016-11-10,4.03,4.04,4.0,4.02,3007.0,4.03,0.0,4.04,4.0,4.02,1.0,3007.0,3,10
62,2016-11-09,4.05,4.05,3.97,3.97,1889.0,4.05,0.0,4.05,3.97,3.97,1.0,1889.0,2,09
63,2016-11-08,4.04,4.04,3.9846,3.9846,1000.0,4.04,0.0,4.04,3.9846,3.9846,1.0,1000.0,1,08
64,2016-11-07,4.04,4.04,4.04,4.04,335.0,4.04,0.0,4.04,4.04,4.04,1.0,335.0,0,07
65,2016-11-04,4.18,4.37,3.87,4.05,11455.0,4.18,0.0,4.37,3.87,4.05,1.0,11455.0,4,04
66,2016-11-03,3.97,4.13,3.97,4.13,309.0,3.97,0.0,4.13,3.97,4.13,1.0,309.0,3,03
67,2016-11-02,4.1,4.13,4.1,4.12,559.0,4.1,0.0,4.13,4.1,4.12,1.0,559.0,2,02
68,2016-11-01,4.12,4.1559,4.08,4.1559,356.0,4.12,0.0,4.1559,4.08,4.1559,1.0,356.0,1,01
69,2016-10-31,4.21,4.24,4.0,4.1,203573.0,4.21,0.0,4.24,4.0,4.1,1.0,203573.0,0,31
70,2016-10-28,4.18,4.21,4.1,4.13,10201.0,4.18,0.0,4.21,4.1,4.13,1.0,10201.0,4,28
71,2016-10-27,4.2,4.2,4.12,4.12,4900.0,4.2,0.0,4.2,4.12,4.12,1.0,4900.0,3,27
72,2016-10-26,4.15,4.2,4.15,4.17,2800.0,4.15,0.0,4.2,4.15,4.17,1.0,2800.0,2,26
73,2016-10-25,4.1926,4.1926,4.1926,4.1926,176.0,4.1926,0.0,4.1926,4.1926,4.1926,1.0,176.0,1,25
74,2016-10-24,4.22,4.22,4.11,4.22,4199.0,4.22,0.0,4.22,4.11,4.22,1.0,4199.0,0,24
75,2016-10-21,4.33,4.4,4.0,4.0,3979.0,4.33,0.0,4.4,4.0,4.0,1.0,3979.0,4,21
76,2016-10-20,3.964,3.964,3.9496,3.9496,296.0,3.964,0.0,3.964,3.9496,3.9496,1.0,296.0,3,20
77,2016-10-19,3.9999,3.9999,3.9999,3.9999,100.0,3.9999,0.0,3.9999,3.9999,3.9999,1.0,100.0,2,19
78,2016-10-18,3.97,3.97,3.84,3.87,2266.0,3.97,0.0,3.97,3.84,3.87,1.0,2266.0,1,18
79,2016-10-17,3.8999,3.8999,3.85,3.85,560.0,3.8999,0.0,3.8999,3.85,3.85,1.0,560.0,0,17
80,2016-10-14,3.92,3.97,3.85,3.9,3714.0,3.92,0.0,3.97,3.85,3.9,1.0,3714.0,4,14
81,2016-10-13,4.0441,4.0441,3.89,3.89,220.0,4.0441,0.0,4.0441,3.89,3.89,1.0,220.0,3,13
82,2016-10-12,4.0,4.0,3.79,3.79,600.0,4.0,0.0,4.0,3.79,3.79,1.0,600.0,2,12
83,2016-10-11,3.88,4.0,3.84,4.0,130706.0,3.88,0.0,4.0,3.84,4.0,1.0,130706.0,1,11
84,2016-10-10,3.95,3.99,3.9,3.9,1202.0,3.95,0.0,3.99,3.9,3.9,1.0,1202.0,0,10
85,2016-10-07,4.09,4.1,3.82,3.82,45787.0,4.09,0.0,4.1,3.82,3.82,1.0,45787.0,4,07
86,2016-10-06,4.1,4.1639,4.08,4.1639,2353.0,4.1,0.0,4.1639,4.08,4.1639,1.0,2353.0,3,06
87,2016-10-05,4.1099,4.18,4.0,4.1,36028.0,4.1099,0.0,4.18,4.0,4.1,1.0,36028.0,2,05
88,2016-10-04,4.09,4.23,3.99,4.04,16230.0,4.09,0.0,4.23,3.99,4.04,1.0,16230.0,1,04
89,2016-10-03,4.0,4.36,3.77,4.15,24316.0,4.0,0.0,4.36,3.77,4.15,1.0,24316.0,0,03
90,2016-09-30,4.25,4.2696,4.19,4.2696,4053.0,4.25,0.0,4.2696,4.19,4.2696,1.0,4053.0,4,30
91,2016-09-29,4.2,4.28,4.135,4.27,15885.0,4.2,0.0,4.28,4.135,4.27,1.0,15885.0,3,29
92,2016-09-28,4.27,4.35,4.13,4.35,25804.0,4.27,0.0,4.35,4.13,4.35,1.0,25804.0,2,28
93,2016-09-27,4.4,4.4701,4.4,4.45,1487.0,4.4,0.0,4.4701,4.4,4.45,1.0,1487.0,1,27
94,2016-09-26,4.44,4.49,4.4,4.49,8313.0,4.44,0.0,4.49,4.4,4.49,1.0,8313.0,0,26
95,2016-09-23,4.49,4.56,4.43,4.56,3731.0,4.49,0.0,4.56,4.43,4.56,1.0,3731.0,4,23
96,2016-09-22,4.48,4.5,4.3,4.37,14151.0,4.48,0.0,4.5,4.3,4.37,1.0,14151.0,3,22
97,2016-09-21,4.41,4.61,4.35,4.4407,20272.0,4.41,0.0,4.61,4.35,4.4407,1.0,20272.0,2,21
98,2016-09-20,4.48,4.7799,4.35,4.7799,80534.0,4.48,0.0,4.7799,4.35,4.7799,1.0,80534.0,1,20
99,2016-09-19,4.4,4.7806,4.3,4.74,20349.0,4.4,0.0,4.7806,4.3,4.74,1.0,20349.0,0,19
100,2016-09-16,4.51,5.04,4.51,5.04,180299.0,4.51,0.0,5.04,4.51,5.04,1.0,180299.0,4,16
101,2016-09-15,4.99,5.19,4.89,5.0,52837.0,4.99,0.0,5.19,4.89,5.0,1.0,52837.0,3,15
102,2016-09-14,4.97,5.01,4.89,5.0,30691.0,4.97,0.0,5.01,4.89,5.0,1.0,30691.0,2,14
103,2016-09-13,5.0,5.1,4.8,5.0,40587.0,5.0,0.0,5.1,4.8,5.0,1.0,40587.0,1,13
104,2016-09-12,5.2,5.28,5.01,5.15,45230.0,5.2,0.0,5.28,5.01,5.15,1.0,45230.0,0,12
105,2016-09-09,5.25,5.28,5.19,5.25,30101.0,5.25,0.0,5.28,5.19,5.25,1.0,30101.0,4,09
106,2016-09-08,5.25,5.42,5.02,5.42,28005.0,5.25,0.0,5.42,5.02,5.42,1.0,28005.0,3,08
107,2016-09-07,5.38,5.42,5.28,5.42,55326.0,5.38,0.0,5.42,5.28,5.42,1.0,55326.0,2,07
108,2016-09-06,5.42,5.42,4.85,4.86,132067.0,5.42,0.0,5.42,4.85,4.86,1.0,132067.0,1,06
109,2016-09-02,4.75,4.875,4.7024,4.875,6724.0,4.75,0.0,4.875,4.7024,4.875,1.0,6724.0,4,02
110,2016-09-01,4.9,5.49,4.5246,4.91,53983.0,4.9,0.0,5.49,4.5246,4.91,1.0,53983.0,3,01
111,2016-08-31,4.74,4.85,3.9901,3.9901,12359.0,4.74,0.0,4.85,3.9901,3.9901,1.0,12359.0,2,31
112,2016-08-30,4.0,4.09,3.9,4.0,10899.0,4.0,0.0,4.09,3.9,4.0,1.0,10899.0,1,30
113,2016-08-29,4.06,4.06,4.06,4.06,42.0,4.06,0.0,4.06,4.06,4.06,1.0,42.0,0,29
114,2016-08-26,4.06,4.06,3.721,3.8,1364.0,4.06,0.0,4.06,3.721,3.8,1.0,1364.0,4,26
115,2016-08-25,3.8,3.8,3.8,3.8,0.0,3.8,0.0,3.8,3.8,3.8,1.0,0.0,3,25
116,2016-08-24,3.8,3.89,3.7,3.8891,9797.0,3.8,0.0,3.89,3.7,3.8891,1.0,9797.0,2,24
117,2016-08-23,3.95,3.95,3.8,3.82,4400.0,3.95,0.0,3.95,3.8,3.82,1.0,4400.0,1,23
118,2016-08-22,3.87,3.9499,3.683,3.9499,6126.0,3.87,0.0,3.9499,3.683,3.9499,1.0,6126.0,0,22
119,2016-08-19,3.81,4.09,3.75,4.09,9035.0,3.81,0.0,4.09,3.75,4.09,1.0,9035.0,4,19
120,2016-08-18,3.84,4.3,3.63,3.67,20140.0,3.84,0.0,4.3,3.63,3.67,1.0,20140.0,3,18
121,2016-08-17,3.73,3.75,3.61,3.63,7069.0,3.73,0.0,3.75,3.61,3.63,1.0,7069.0,2,17
122,2016-08-16,3.79,3.91,3.61,3.91,8260.0,3.79,0.0,3.91,3.61,3.91,1.0,8260.0,1,16
123,2016-08-15,3.8,3.8,3.57,3.57,10893.0,3.8,0.0,3.8,3.57,3.57,1.0,10893.0,0,15
124,2016-08-12,3.64,3.77,3.5,3.5,2792.0,3.64,0.0,3.77,3.5,3.5,1.0,2792.0,4,12
125,2016-08-11,3.59,3.72,3.5,3.7,64254.0,3.59,0.0,3.72,3.5,3.7,1.0,64254.0,3,11
126,2016-08-10,3.74,3.76,3.41,3.76,16849.0,3.74,0.0,3.76,3.41,3.76,1.0,16849.0,2,10
127,2016-08-09,3.5,3.67,3.4,3.4134,8338.0,3.5,0.0,3.67,3.4,3.4134,1.0,8338.0,1,09
128,2016-08-08,3.47,3.47,3.47,3.47,116.0,3.47,0.0,3.47,3.47,3.47,1.0,116.0,0,08
129,2016-08-05,3.48,3.48,3.26,3.26,5049.0,3.48,0.0,3.48,3.26,3.26,1.0,5049.0,4,05
130,2016-08-04,3.26,3.26,3.25,3.25,735.0,3.26,0.0,3.26,3.25,3.25,1.0,735.0,3,04
131,2016-08-03,3.0406,3.0406,3.0406,3.0406,139.0,3.0406,0.0,3.0406,3.0406,3.0406,1.0,139.0,2,03
132,2016-08-02,3.25,3.25,3.25,3.25,25.0,3.25,0.0,3.25,3.25,3.25,1.0,25.0,1,02
133,2016-08-01,3.25,3.25,3.25,3.25,135.0,3.25,0.0,3.25,3.25,3.25,1.0,135.0,0,01
134,2016-07-29,3.25,3.27,3.25,3.25,3325.0,3.25,0.0,3.27,3.25,3.25,1.0,3325.0,4,29
135,2016-07-28,3.34,3.34,3.34,3.34,125.0,3.34,0.0,3.34,3.34,3.34,1.0,125.0,3,28
136,2016-07-27,3.31,3.35,3.25,3.35,1850.0,3.31,0.0,3.35,3.25,3.35,1.0,1850.0,2,27
137,2016-07-26,3.35,3.7,3.35,3.7,1750.0,3.35,0.0,3.7,3.35,3.7,1.0,1750.0,1,26
138,2016-07-25,3.35,3.3637,3.27,3.27,13600.0,3.35,0.0,3.3637,3.27,3.27,1.0,13600.0,0,25
139,2016-07-22,3.26,3.26,3.26,3.26,75.0,3.26,0.0,3.26,3.26,3.26,1.0,75.0,4,22
140,2016-07-21,3.26,3.3521,3.25,3.25,1551.0,3.26,0.0,3.3521,3.25,3.25,1.0,1551.0,3,21
141,2016-07-20,3.29,3.4299,3.15,3.25,15040.0,3.29,0.0,3.4299,3.15,3.25,1.0,15040.0,2,20
142,2016-07-19,3.35,3.37,3.12,3.12,13293.0,3.35,0.0,3.37,3.12,3.12,1.0,13293.0,1,19
143,2016-07-18,3.16,3.3691,3.119,3.3691,23975.0,3.16,0.0,3.3691,3.119,3.3691,1.0,23975.0,0,18
144,2016-07-15,3.28,3.3525,3.28,3.35,27160.0,3.28,0.0,3.3525,3.28,3.35,1.0,27160.0,4,15
145,2016-07-14,3.34,3.3966,3.3,3.3966,14828.0,3.34,0.0,3.3966,3.3,3.3966,1.0,14828.0,3,14
146,2016-07-13,3.23,3.49,3.23,3.27,25410.0,3.23,0.0,3.49,3.23,3.27,1.0,25410.0,2,13
147,2016-07-12,3.25,3.4899,3.25,3.4899,10740.0,3.25,0.0,3.4899,3.25,3.4899,1.0,10740.0,1,12
148,2016-07-11,3.52,3.66,3.17,3.5099,23558.0,3.52,0.0,3.66,3.17,3.5099,1.0,23558.0,0,11
149,2016-07-08,3.49,3.49,3.39,3.39,225.0,3.49,0.0,3.49,3.39,3.39,1.0,225.0,4,08
150,2016-07-07,3.381,3.595,3.35,3.44,10551.0,3.381,0.0,3.595,3.35,3.44,1.0,10551.0,3,07
151,2016-07-06,3.33,3.61,3.251,3.372,7236.0,3.33,0.0,3.61,3.251,3.372,1.0,7236.0,2,06
152,2016-07-05,3.35,3.38,3.3,3.3,9975.0,3.35,0.0,3.38,3.3,3.3,1.0,9975.0,1,05
153,2016-07-01,3.4,3.4,3.4,3.4,78.0,3.4,0.0,3.4,3.4,3.4,1.0,78.0,4,01
154,2016-06-30,3.4,3.7,3.32,3.45,14807.0,3.4,0.0,3.7,3.32,3.45,1.0,14807.0,3,30
155,2016-06-29,3.537,3.6958,3.27,3.27,2200.0,3.537,0.0,3.6958,3.27,3.27,1.0,2200.0,2,29
156,2016-06-28,3.31,3.42,3.3,3.35,7110.0,3.31,0.0,3.42,3.3,3.35,1.0,7110.0,1,28
157,2016-06-27,3.35,3.73,3.25,3.73,9135.0,3.35,0.0,3.73,3.25,3.73,1.0,9135.0,0,27
158,2016-06-24,3.33,3.65,3.3,3.3,28200.0,3.33,0.0,3.65,3.3,3.3,1.0,28200.0,4,24
159,2016-06-23,3.6,3.78,3.42,3.44,18359.0,3.6,0.0,3.78,3.42,3.44,1.0,18359.0,3,23
160,2016-06-22,3.65,3.7888,3.3601,3.7888,39468.0,3.65,0.0,3.7888,3.3601,3.7888,1.0,39468.0,2,22
161,2016-06-21,3.7,3.8999,3.6,3.88,1714.0,3.7,0.0,3.8999,3.6,3.88,1.0,1714.0,1,21
162,2016-06-20,3.8589,3.95,3.56,3.95,71044.0,3.8589,0.0,3.95,3.56,3.95,1.0,71044.0,0,20
163,2016-06-17,3.95,4.3,3.9,4.3,15200.0,3.95,0.0,4.3,3.9,4.3,1.0,15200.0,4,17
164,2016-06-16,4.3,4.48,3.5,4.2,65982.0,4.3,0.0,4.48,3.5,4.2,1.0,65982.0,3,16
165,2016-06-15,4.1971,4.1971,4.1971,4.1971,100.0,4.1971,0.0,4.1971,4.1971,4.1971,1.0,100.0,2,15
166,2016-06-14,4.27,4.47,3.74,3.75,942.0,4.27,0.0,4.47,3.74,3.75,1.0,942.0,1,14
