,Unnamed: 0,adj_close,adj_high,adj_low,adj_open,adj_volume,close,ex_dividend,high,low,open,split_ratio,volume,Day of Week,Day
0,2017-02-10,21.05,21.2,20.55,21.1,165546.0,21.05,0.0,21.2,20.55,21.1,1.0,165546.0,4,10
1,2017-02-09,21.0,21.15,20.9,21.0,355579.0,21.0,0.0,21.15,20.9,21.0,1.0,355579.0,3,09
2,2017-02-08,21.0,21.1,20.55,21.05,242539.0,21.0,0.0,21.1,20.55,21.05,1.0,242539.0,2,08
3,2017-02-07,21.15,21.15,20.85,21.05,373771.0,21.15,0.0,21.15,20.85,21.05,1.0,373771.0,1,07
4,2017-02-06,21.05,21.3,20.85,20.85,256648.0,21.05,0.0,21.3,20.85,20.85,1.0,256648.0,0,06
5,2017-02-03,21.05,21.175,20.55,20.8,427622.0,21.05,0.0,21.175,20.55,20.8,1.0,427622.0,4,03
6,2017-02-02,20.5,20.8,20.25,20.5,601448.0,20.5,0.0,20.8,20.25,20.5,1.0,601448.0,3,02
7,2017-02-01,20.65,21.0,20.2,20.6,751962.0,20.65,0.0,21.0,20.2,20.6,1.0,751962.0,2,01
8,2017-01-31,20.35,20.65,20.05,20.2,528773.0,20.35,0.0,20.65,20.05,20.2,1.0,528773.0,1,31
9,2017-01-30,20.4,23.95,20.0,23.95,1940973.0,20.4,0.0,23.95,20.0,23.95,1.0,1940973.0,0,30
10,2017-01-27,27.25,27.5,26.9,27.3,277746.0,27.25,0.0,27.5,26.9,27.3,1.0,277746.0,4,27
11,2017-01-26,27.2,27.75,26.95,27.35,125375.0,27.2,0.0,27.75,26.95,27.35,1.0,125375.0,3,26
12,2017-01-25,27.3,27.75,26.7,26.95,304805.0,27.3,0.0,27.75,26.7,26.95,1.0,304805.0,2,25
13,2017-01-24,26.65,27.25,26.5,26.55,422466.0,26.65,0.0,27.25,26.5,26.55,1.0,422466.0,1,24
14,2017-01-23,26.35,27.65,26.2,27.55,209947.0,26.35,0.0,27.65,26.2,27.55,1.0,209947.0,0,23
15,2017-01-20,27.6,28.45,27.375,28.0,368775.0,27.6,0.0,28.45,27.375,28.0,1.0,368775.0,4,20
16,2017-01-19,27.85,27.9,27.075,27.4,370456.0,27.85,0.0,27.9,27.075,27.4,1.0,370456.0,3,19
17,2017-01-18,27.25,27.75,27.05,27.5,372989.0,27.25,0.0,27.75,27.05,27.5,1.0,372989.0,2,18
18,2017-01-17,27.35,28.35,27.15,28.35,268669.0,27.35,0.0,28.35,27.15,28.35,1.0,268669.0,1,17
19,2017-01-13,28.65,29.15,28.5,28.55,204463.0,28.65,0.0,29.15,28.5,28.55,1.0,204463.0,4,13
20,2017-01-12,28.35,29.25,28.0,29.25,295178.0,28.35,0.0,29.25,28.0,29.25,1.0,295178.0,3,12
21,2017-01-11,29.3,29.625,28.005,29.4,375134.0,29.3,0.0,29.625,28.005,29.4,1.0,375134.0,2,11
22,2017-01-10,29.45,29.85,28.8,29.3,119244.0,29.45,0.0,29.85,28.8,29.3,1.0,119244.0,1,10
23,2017-01-09,29.2,29.525,28.9,29.4,153169.0,29.2,0.0,29.525,28.9,29.4,1.0,153169.0,0,09
24,2017-01-06,29.5,29.8,29.075,29.55,220335.0,29.5,0.0,29.8,29.075,29.55,1.0,220335.0,4,06
25,2017-01-05,29.5,29.9,28.9,29.75,283214.0,29.5,0.0,29.9,28.9,29.75,1.0,283214.0,3,05
26,2017-01-04,29.75,30.1,29.65,29.8,287356.0,29.75,0.0,30.1,29.65,29.8,1.0,287356.0,2,04
27,2017-01-03,29.75,30.6,29.55,30.5,345164.0,29.75,0.0,30.6,29.55,30.5,1.0,345164.0,1,03
28,2016-12-30,30.05,30.1,29.25,29.7,174294.0,30.05,0.0,30.1,29.25,29.7,1.0,174294.0,4,30
29,2016-12-29,29.55,29.8,28.75,29.8,348848.0,29.55,0.0,29.8,28.75,29.8,1.0,348848.0,3,29
30,2016-12-28,29.75,30.15,29.6,29.9,372269.0,29.75,0.0,30.15,29.6,29.9,1.0,372269.0,2,28
31,2016-12-27,29.85,30.2,29.55,29.6,162574.0,29.85,0.0,30.2,29.55,29.6,1.0,162574.0,1,27
32,2016-12-23,29.65,29.8,29.3,29.65,211399.0,29.65,0.0,29.8,29.3,29.65,1.0,211399.0,4,23
33,2016-12-22,29.75,30.2,29.575,30.0,308849.0,29.75,0.0,30.2,29.575,30.0,1.0,308849.0,3,22
34,2016-12-21,29.85,29.95,29.2,29.55,163338.0,29.85,0.0,29.95,29.2,29.55,1.0,163338.0,2,21
35,2016-12-20,29.55,29.6,28.9,29.05,191491.0,29.55,0.0,29.6,28.9,29.05,1.0,191491.0,1,20
36,2016-12-19,28.9,29.325,28.55,28.75,215738.0,28.9,0.0,29.325,28.55,28.75,1.0,215738.0,0,19
37,2016-12-16,28.8,29.825,28.8,29.25,951411.0,28.8,0.0,29.825,28.8,29.25,1.0,951411.0,4,16
38,2016-12-15,29.45,29.79,28.5,29.25,211909.0,29.45,0.0,29.79,28.5,29.25,1.0,211909.0,3,15
39,2016-12-14,29.0,29.6,28.55,29.4,294389.0,29.0,0.0,29.6,28.55,29.4,1.0,294389.0,2,14
40,2016-12-13,29.6,29.7,29.05,29.05,383075.0,29.6,0.0,29.7,29.05,29.05,1.0,383075.0,1,13
41,2016-12-12,29.25,29.25,28.7,29.2,424370.0,29.25,0.0,29.25,28.7,29.2,1.0,424370.0,0,12
42,2016-12-09,29.1,29.1,28.15,28.7,279642.0,29.1,0.0,29.1,28.15,28.7,1.0,279642.0,4,09
43,2016-12-08,28.5,28.8,27.45,27.45,376112.0,28.5,0.0,28.8,27.45,27.45,1.0,376112.0,3,08
44,2016-12-07,27.5,27.9,27.05,27.25,328961.0,27.5,0.0,27.9,27.05,27.25,1.0,328961.0,2,07
45,2016-12-06,27.35,27.5,26.75,27.1,237063.0,27.35,0.0,27.5,26.75,27.1,1.0,237063.0,1,06
46,2016-12-05,27.15,27.25,26.208,26.3,304214.0,27.15,0.0,27.25,26.208,26.3,1.0,304214.0,0,05
47,2016-12-02,26.15,26.25,25.25,25.85,401952.0,26.15,0.0,26.25,25.25,25.85,1.0,401952.0,4,02
48,2016-12-01,25.8,26.5,24.775,25.6,245160.0,25.8,0.0,26.5,24.775,25.6,1.0,245160.0,3,01
49,2016-11-30,25.3,25.45,24.65,25.1,226546.0,25.3,0.0,25.45,24.65,25.1,1.0,226546.0,2,30
50,2016-11-29,24.6,25.05,24.15,24.35,197310.0,24.6,0.0,25.05,24.15,24.35,1.0,197310.0,1,29
51,2016-11-28,24.15,25.0,24.15,24.9,247206.0,24.15,0.0,25.0,24.15,24.9,1.0,247206.0,0,28
52,2016-11-25,24.9,25.35,24.65,25.35,62328.0,24.9,0.0,25.35,24.65,25.35,1.0,62328.0,4,25
53,2016-11-23,25.2,25.25,24.6,24.85,181313.0,25.2,0.0,25.25,24.6,24.85,1.0,181313.0,2,23
54,2016-11-22,24.65,24.675,23.55,24.3,199020.0,24.65,0.0,24.675,23.55,24.3,1.0,199020.0,1,22
55,2016-11-21,23.75,24.15,23.6,24.1,168422.0,23.75,0.0,24.15,23.6,24.1,1.0,168422.0,0,21
56,2016-11-18,24.05,24.1,23.45,23.85,601709.0,24.05,0.0,24.1,23.45,23.85,1.0,601709.0,4,18
57,2016-11-17,23.85,24.175,23.5,23.6,286095.0,23.85,0.0,24.175,23.5,23.6,1.0,286095.0,3,17
58,2016-11-16,23.6,24.0,23.25,23.9,218728.0,23.6,0.0,24.0,23.25,23.9,1.0,218728.0,2,16
59,2016-11-15,23.9,23.95,22.9,23.45,279176.0,23.9,0.0,23.95,22.9,23.45,1.0,279176.0,1,15
60,2016-11-14,23.4,24.3465,23.1,23.15,361576.0,23.4,0.0,24.3465,23.1,23.15,1.0,361576.0,0,14
61,2016-11-11,23.0,23.175,21.55,21.75,486370.0,23.0,0.0,23.175,21.55,21.75,1.0,486370.0,4,11
62,2016-11-10,21.75,22.45,21.3,21.3,381293.0,21.75,0.0,22.45,21.3,21.3,1.0,381293.0,3,10
63,2016-11-09,21.0,21.7,20.9,21.3,403146.0,21.0,0.0,21.7,20.9,21.3,1.0,403146.0,2,09
64,2016-11-08,20.9,21.1,20.7,20.9,197487.0,20.9,0.0,21.1,20.7,20.9,1.0,197487.0,1,08
65,2016-11-07,20.95,21.1,20.725,20.95,215712.0,20.95,0.0,21.1,20.725,20.95,1.0,215712.0,0,07
66,2016-11-04,20.5,20.925,19.95,20.0,391523.0,20.5,0.0,20.925,19.95,20.0,1.0,391523.0,4,04
67,2016-11-03,20.05,20.4,19.65,19.8,521977.0,20.05,0.0,20.4,19.65,19.8,1.0,521977.0,3,03
68,2016-11-02,19.65,20.1,19.5,19.7,303646.0,19.65,0.0,20.1,19.5,19.7,1.0,303646.0,2,02
69,2016-11-01,19.7,20.2,19.675,20.05,379344.0,19.7,0.0,20.2,19.675,20.05,1.0,379344.0,1,01
70,2016-10-31,20.05,20.35,19.8,20.3,508778.0,20.05,0.0,20.35,19.8,20.3,1.0,508778.0,0,31
71,2016-10-28,20.2,20.65,19.8,20.45,560380.0,20.2,0.0,20.65,19.8,20.45,1.0,560380.0,4,28
72,2016-10-27,20.35,20.625,20.0,20.3,514232.0,20.35,0.0,20.625,20.0,20.3,1.0,514232.0,3,27
73,2016-10-26,20.1,20.75,19.9,20.25,597517.0,20.1,0.0,20.75,19.9,20.25,1.0,597517.0,2,26
74,2016-10-25,20.4,21.05,20.2,20.5,714604.0,20.4,0.0,21.05,20.2,20.5,1.0,714604.0,1,25
75,2016-10-24,21.3,22.7,18.205,18.5,1499361.0,21.3,0.0,22.7,18.205,18.5,1.0,1499361.0,0,24
76,2016-10-21,23.16,24.04,22.91,23.62,944257.0,23.16,0.0,24.04,22.91,23.62,1.0,944257.0,4,21
77,2016-10-20,23.75,24.6,23.0,24.18,788714.0,23.75,0.0,24.6,23.0,24.18,1.0,788714.0,3,20
78,2016-10-19,24.13,28.19,24.06,27.43,1342927.0,24.13,0.0,28.19,24.06,27.43,1.0,1342927.0,2,19
79,2016-10-18,27.3,28.21,26.551,27.01,964803.0,27.3,0.0,28.21,26.551,27.01,1.0,964803.0,1,18
80,2016-10-17,27.2,32.01,27.19,32.0,1494659.0,27.2,0.0,32.01,27.19,32.0,1.0,1494659.0,0,17
81,2016-10-14,34.45,35.04,34.14,34.56,74218.0,34.45,0.0,35.04,34.14,34.56,1.0,74218.0,4,14
82,2016-10-13,34.25,34.73,33.9204,34.73,69050.0,34.25,0.0,34.73,33.9204,34.73,1.0,69050.0,3,13
83,2016-10-12,35.04,35.3,34.76,34.87,86428.0,35.04,0.0,35.3,34.76,34.87,1.0,86428.0,2,12
84,2016-10-11,35.0,35.5,34.79,35.33,67839.0,35.0,0.0,35.5,34.79,35.33,1.0,67839.0,1,11
85,2016-10-10,35.4,35.56,35.16,35.16,68351.0,35.4,0.0,35.56,35.16,35.16,1.0,68351.0,0,10
86,2016-10-07,35.05,35.25,34.79,35.01,99105.0,35.05,0.0,35.25,34.79,35.01,1.0,99105.0,4,07
87,2016-10-06,35.15,35.37,34.89,35.15,115984.0,35.15,0.0,35.37,34.89,35.15,1.0,115984.0,3,06
88,2016-10-05,35.08,35.48,35.04,35.18,161618.0,35.08,0.0,35.48,35.04,35.18,1.0,161618.0,2,05
89,2016-10-04,35.2,35.42,34.72,34.72,47001.0,35.2,0.0,35.42,34.72,34.72,1.0,47001.0,1,04
90,2016-10-03,34.76,35.23,34.45,35.06,101364.0,34.76,0.0,35.23,34.45,35.06,1.0,101364.0,0,03
91,2016-09-30,35.37,35.5,34.32,34.5,90110.0,35.37,0.0,35.5,34.32,34.5,1.0,90110.0,4,30
92,2016-09-29,34.42,35.27,34.34,35.19,54824.0,34.42,0.0,35.27,34.34,35.19,1.0,54824.0,3,29
93,2016-09-28,35.12,35.13,34.73,34.86,47066.0,35.12,0.0,35.13,34.73,34.86,1.0,47066.0,2,28
94,2016-09-27,34.75,34.97,34.26,34.39,65497.0,34.75,0.0,34.97,34.26,34.39,1.0,65497.0,1,27
95,2016-09-26,34.51,34.97,34.44,34.97,54006.0,34.51,0.0,34.97,34.44,34.97,1.0,54006.0,0,26
96,2016-09-23,35.2,35.5,35.12,35.29,61424.0,35.2,0.0,35.5,35.12,35.29,1.0,61424.0,4,23
97,2016-09-22,35.49,35.49,34.96,35.1,88063.0,35.49,0.0,35.49,34.96,35.1,1.0,88063.0,3,22
98,2016-09-21,35.06,35.28,34.75,34.75,141401.0,35.06,0.0,35.28,34.75,34.75,1.0,141401.0,2,21
99,2016-09-20,34.7,34.81,34.24,34.47,95261.0,34.7,0.0,34.81,34.24,34.47,1.0,95261.0,1,20
100,2016-09-19,34.24,34.65,34.07,34.25,85902.0,34.24,0.0,34.65,34.07,34.25,1.0,85902.0,0,19
101,2016-09-16,34.13,34.65,33.91,34.65,285609.0,34.13,0.0,34.65,33.91,34.65,1.0,285609.0,4,16
102,2016-09-15,34.76,34.89,34.3,34.34,68608.0,34.76,0.0,34.89,34.3,34.34,1.0,68608.0,3,15
103,2016-09-14,34.33,34.62,34.0211,34.08,109978.0,34.33,0.0,34.62,34.0211,34.08,1.0,109978.0,2,14
104,2016-09-13,34.44,34.59,34.05,34.25,99859.0,34.44,0.0,34.59,34.05,34.25,1.0,99859.0,1,13
105,2016-09-12,34.51,34.91,34.42,34.9,126416.0,34.51,0.0,34.91,34.42,34.9,1.0,126416.0,0,12
106,2016-09-09,35.05,35.72,35.05,35.16,78006.0,35.05,0.0,35.72,35.05,35.16,1.0,78006.0,4,09
107,2016-09-08,35.34,35.9,35.23,35.71,76652.0,35.34,0.0,35.9,35.23,35.71,1.0,76652.0,3,08
108,2016-09-07,35.61,35.67,34.94,35.03,157833.0,35.61,0.0,35.67,34.94,35.03,1.0,157833.0,2,07
109,2016-09-06,35.17,35.33,34.75,35.27,151258.0,35.17,0.0,35.33,34.75,35.27,1.0,151258.0,1,06
110,2016-09-02,35.31,35.31,34.61,34.76,148860.0,35.31,0.0,35.31,34.61,34.76,1.0,148860.0,4,02
111,2016-09-01,34.74,35.12,34.0,35.05,116923.0,34.74,0.0,35.12,34.0,35.05,1.0,116923.0,3,01
112,2016-08-31,34.92,35.0836,33.78,34.81,161191.0,34.92,0.0,35.0836,33.78,34.81,1.0,161191.0,2,31
113,2016-08-30,34.82,34.82,33.9301,34.31,75643.0,34.82,0.0,34.82,33.9301,34.31,1.0,75643.0,1,30
114,2016-08-29,34.22,34.83,34.14,34.14,73570.0,34.22,0.0,34.83,34.14,34.14,1.0,73570.0,0,29
115,2016-08-26,34.14,34.57,33.97,34.22,79864.0,34.14,0.0,34.57,33.97,34.22,1.0,79864.0,4,26
116,2016-08-25,34.18,34.22,33.65,33.65,52927.0,34.18,0.0,34.22,33.65,33.65,1.0,52927.0,3,25
117,2016-08-24,33.7,33.87,33.43,33.45,108922.0,33.7,0.0,33.87,33.43,33.45,1.0,108922.0,2,24
118,2016-08-23,33.42,33.5,33.37,33.49,53515.0,33.42,0.0,33.5,33.37,33.49,1.0,53515.0,1,23
119,2016-08-22,33.36,33.57,33.17,33.46,61311.0,33.36,0.0,33.57,33.17,33.46,1.0,61311.0,0,22
120,2016-08-19,33.51,33.72,33.3547,33.64,93606.0,33.51,0.0,33.72,33.3547,33.64,1.0,93606.0,4,19
121,2016-08-18,33.78,33.79,32.985,33.01,94244.0,33.78,0.0,33.79,32.985,33.01,1.0,94244.0,3,18
122,2016-08-17,32.99,33.2,32.79,33.1,105981.0,32.99,0.0,33.2,32.79,33.1,1.0,105981.0,2,17
123,2016-08-16,33.07,33.32,32.88,33.07,55744.0,33.07,0.0,33.32,32.88,33.07,1.0,55744.0,1,16
124,2016-08-15,33.24,33.33,33.01,33.01,70924.0,33.24,0.0,33.33,33.01,33.01,1.0,70924.0,0,15
125,2016-08-12,32.91,32.91,32.5,32.71,74266.0,32.91,0.0,32.91,32.5,32.71,1.0,74266.0,4,12
126,2016-08-11,32.93,33.02,32.59,32.91,56689.0,32.93,0.0,33.02,32.59,32.91,1.0,56689.0,3,11
127,2016-08-10,32.76,33.35,32.64,33.35,93962.0,32.76,0.0,33.35,32.64,33.35,1.0,93962.0,2,10
128,2016-08-09,33.25,33.5,33.18,33.29,70148.0,33.25,0.0,33.5,33.18,33.29,1.0,70148.0,1,09
129,2016-08-08,33.33,33.695,33.09,33.32,86146.0,33.33,0.0,33.695,33.09,33.32,1.0,86146.0,0,08
130,2016-08-05,33.24,34.01,32.82,32.82,225947.0,33.24,0.0,34.01,32.82,32.82,1.0,225947.0,4,05
131,2016-08-04,32.4,32.592,32.14,32.44,91344.0,32.4,0.0,32.592,32.14,32.44,1.0,91344.0,3,04
132,2016-08-03,32.43,32.46,32.02,32.03,88182.0,32.43,0.0,32.46,32.02,32.03,1.0,88182.0,2,03
133,2016-08-02,32.01,32.41,32.0,32.14,195051.0,32.01,0.2,32.41,32.0,32.14,1.0,195051.0,1,02
134,2016-08-01,32.1988202422,32.6559639863,31.9702483701,32.0199379075,125772.0,32.4,0.0,32.86,32.17,32.22,1.0,125772.0,0,01
135,2016-07-29,32.0795653524,32.4870195591,31.9603104626,32.2385718721,140062.0,32.28,0.0,32.69,32.16,32.44,1.0,140062.0,4,29
136,2016-07-28,32.1590686122,32.9044116734,32.1391927973,32.4671437442,129214.0,32.36,0.0,33.11,32.34,32.67,1.0,129214.0,3,28
137,2016-07-27,32.6162123564,33.2919900652,32.2584476871,32.3081372245,232855.0,32.82,0.0,33.5,32.46,32.51,1.0,232855.0,2,27
138,2016-07-26,32.1590686122,32.3975783918,31.1553399565,31.6621732381,606042.0,32.36,0.0,32.6,31.35,31.86,1.0,606042.0,1,26
139,2016-07-25,31.9304967401,34.08205371,31.1950915865,32.3081372245,1152155.0,32.13,0.0,34.295,31.39,32.51,1.0,1152155.0,0,25
140,2016-07-22,36.3230518473,36.5218099969,35.5876466936,35.6870257684,270178.0,36.55,0.0,36.75,35.81,35.91,1.0,270178.0,4,22
141,2016-07-21,35.5975846011,36.0795731139,35.4395718721,35.8559701956,98895.0,35.82,0.0,36.305,35.661,36.08,1.0,98895.0,3,21
142,2016-07-20,35.885783918,36.4721204595,35.8460322881,36.3926171996,176184.0,36.11,0.0,36.7,36.07,36.62,1.0,176184.0,2,20
143,2016-07-19,36.3926171996,37.1081465383,35.7764669357,36.5118720894,183931.0,36.62,0.0,37.34,36.0,36.74,1.0,183931.0,1,19
144,2016-07-18,36.5118720894,36.7603197765,36.1044178826,36.3727413847,129478.0,36.74,0.0,36.99,36.33,36.6,1.0,129478.0,0,18
145,2016-07-15,36.3826792921,36.6808165166,35.9752250854,36.462182552,131913.0,36.61,0.0,36.91,36.2,36.69,1.0,131913.0,4,15
146,2016-07-14,36.1541074201,36.3131139398,35.4286401739,35.7764669357,304913.0,36.38,0.0,36.54,35.65,36.0,1.0,304913.0,3,14
147,2016-07-13,35.6969636759,35.7764669357,35.2298820242,35.4286401739,229771.0,35.92,0.0,36.0,35.45,35.65,1.0,229771.0,2,13
148,2016-07-12,35.2795715616,35.4977086309,34.6997940391,34.7826761875,213451.0,35.5,0.0,35.7195,34.9166,35.0,1.0,213451.0,1,12
149,2016-07-11,34.4944768705,34.792614095,34.3056566284,34.3056566284,189374.0,34.71,0.0,35.01,34.52,34.52,1.0,189374.0,0,11
150,2016-07-08,34.2062775536,34.2460291835,33.0336044707,33.0634181931,226220.0,34.42,0.0,34.46,33.24,33.27,1.0,226220.0,4,08
151,2016-07-07,32.9839149333,33.0137286557,32.3379509469,32.3379509469,204812.0,33.19,0.0,33.22,32.54,32.54,1.0,204812.0,3,07
152,2016-07-06,32.298199317,32.5367090966,31.8509934803,32.3578267619,148760.0,32.5,0.0,32.74,32.05,32.56,1.0,148760.0,2,06
153,2016-07-05,32.4770816517,32.6659018938,32.0398137224,32.4870195591,167451.0,32.68,0.0,32.87,32.24,32.69,1.0,167451.0,1,05
154,2016-07-01,33.0336044707,33.8385749767,32.6470198696,33.3714933251,124011.0,33.24,0.0,34.05,32.851,33.58,1.0,124011.0,4,01
155,2016-06-30,33.5901272897,34.1764638311,32.9541012108,33.3218037876,172499.0,33.8,0.0,34.39,33.16,33.53,1.0,172499.0,3,30
156,2016-06-29,33.2820521577,33.7193200869,32.5565849115,32.9242874884,319157.0,33.49,0.0,33.93,32.76,33.13,1.0,319157.0,2,29
157,2016-06-28,32.1193169823,32.3379509469,31.5256263893,31.8013039429,403894.0,32.32,0.0,32.54,31.7226,32.0,1.0,403894.0,1,28
158,2016-06-27,31.5230425334,33.411244955,31.3044085688,33.2124868053,342311.0,31.72,0.0,33.62,31.5,33.42,1.0,342311.0,0,27
159,2016-06-24,33.5006861223,36.8199472214,33.4509965849,35.329261099,1180995.0,33.71,0.0,37.05,33.66,35.55,1.0,1180995.0,4,24
160,2016-06-23,36.8795746663,36.9193262962,36.1044178826,36.3329897547,233788.0,37.11,0.0,37.15,36.33,36.56,1.0,233788.0,3,23
161,2016-06-22,35.8460322881,36.3975861534,35.7665290283,36.1342316051,178728.0,36.07,0.0,36.625,35.99,36.36,1.0,178728.0,2,22
162,2016-06-21,36.1640453275,36.3926171996,35.7665290283,35.9652871779,127815.0,36.39,0.0,36.62,35.99,36.19,1.0,127815.0,1,21
163,2016-06-20,36.0547283452,36.5913753493,35.8758460106,35.8758460106,110153.0,36.28,0.0,36.82,36.1,36.1,1.0,110153.0,0,20
164,2016-06-17,35.637336231,35.9652871779,35.2596957467,35.6770878609,378149.0,35.86,0.0,36.19,35.48,35.9,1.0,378149.0,4,17
165,2016-06-16,35.5677708786,35.617460416,34.8820552623,35.3988264514,160691.0,35.79,0.0,35.84,35.1,35.62,1.0,160691.0,3,16
166,2016-06-15,35.5379571562,36.3180828935,35.4485159888,35.7267773983,234674.0,35.76,0.0,36.545,35.67,35.95,1.0,234674.0,2,15
167,2016-06-14,35.6870257684,37.3367184104,35.4137333126,36.442306737,238518.0,35.91,0.0,37.57,35.635,36.67,1.0,238518.0,1,14
168,2016-06-13,36.5913753493,37.3516252717,36.3926171996,36.8000714064,204071.0,36.82,0.0,37.585,36.62,37.03,1.0,204071.0,0,13
169,2016-06-10,37.038581186,37.3168425955,36.3528655697,36.6808165166,98960.0,37.27,0.0,37.55,36.58,36.91,1.0,98960.0,4,10
170,2016-06-09,37.1280223533,37.6249177274,36.5714995343,37.1876497982,133029.0,37.36,0.0,37.86,36.8,37.42,1.0,133029.0,3,09
171,2016-06-08,37.4261595778,37.7590794784,37.1876497982,37.3466563179,69280.0,37.66,0.0,37.995,37.42,37.58,1.0,69280.0,2,08
172,2016-06-07,37.3665321329,37.8336137845,37.1379602608,37.3466563179,132299.0,37.6,0.0,38.07,37.37,37.58,1.0,132299.0,1,07
173,2016-06-06,37.3267805029,37.7640484322,37.0485190934,37.0683949084,131528.0,37.56,0.0,38.0,37.28,37.3,1.0,131528.0,0,06
174,2016-06-03,37.1578360758,37.7541105247,36.462182552,37.6944830798,142106.0,37.39,0.0,37.99,36.69,37.93,1.0,142106.0,4,03
175,2016-06-02,37.4559733002,37.7938621546,37.1777118907,37.3963458553,194871.0,37.69,0.0,38.03,37.41,37.63,1.0,194871.0,3,02
176,2016-06-01,37.5851660975,37.7839242471,36.9491400186,37.1478981683,320278.0,37.82,0.0,38.02,37.18,37.38,1.0,320278.0,2,01
177,2016-05-31,37.4261595778,37.7044209873,37.1478981683,37.6249177274,335107.0,37.66,0.0,37.94,37.38,37.86,1.0,335107.0,1,31
178,2016-05-27,37.5851660975,37.8038000621,37.2472772431,37.2671530581,183659.0,37.82,0.0,38.04,37.48,37.5,1.0,183659.0,4,27
179,2016-05-26,37.3864079478,37.6348556349,37.1677739832,37.6348556349,114269.0,37.62,0.0,37.87,37.4,37.87,1.0,114269.0,3,26
180,2016-05-25,37.6845451723,37.9528686743,37.3466563179,37.4758491152,255302.0,37.92,0.0,38.19,37.58,37.71,1.0,255302.0,2,25
181,2016-05-24,37.4162216703,37.57522819,36.8199472214,36.8696367588,207047.0,37.65,0.0,37.81,37.05,37.1,1.0,207047.0,1,24
182,2016-05-23,36.8596988513,37.2671530581,36.5913753493,36.7702576839,178144.0,37.09,0.0,37.5,36.82,37.0,1.0,178144.0,0,23
183,2016-05-20,36.9093883887,37.0286432785,36.5516237193,36.6808165166,238486.0,37.14,0.0,37.26,36.78,36.91,1.0,238486.0,4,20
184,2016-05-19,36.6410648867,36.8298851288,35.7764669357,36.4224309221,294590.0,36.87,0.0,37.06,36.0,36.65,1.0,294590.0,3,19
185,2016-05-18,36.9491400186,36.9887922695,35.5379571562,35.5379571562,348723.0,37.18,0.0,37.2199,35.76,35.76,1.0,348723.0,2,18
186,2016-05-17,35.5876466936,36.3628034772,35.3391990065,35.7267773983,285155.0,35.81,0.0,36.59,35.56,35.95,1.0,285155.0,1,17
187,2016-05-16,35.7565911208,36.1044178826,34.7180797889,34.9714964297,225771.0,35.98,0.0,36.33,34.935,35.19,1.0,225771.0,0,16
188,2016-05-13,34.8423036324,35.4286401739,34.6534833903,35.080813412,255855.0,35.06,0.0,35.65,34.87,35.3,1.0,255855.0,4,13
189,2016-05-12,35.1006892269,35.2100062093,34.4547252406,34.9218068923,205023.0,35.32,0.0,35.43,34.67,35.14,1.0,205023.0,3,12
190,2016-05-11,34.77273828,35.0708755045,34.6534833903,34.7230487426,89141.0,34.99,0.0,35.29,34.87,34.94,1.0,89141.0,2,11
191,2016-05-10,34.8423036324,35.0708755045,34.3354703508,34.6733592052,118399.0,35.06,0.0,35.29,34.55,34.89,1.0,118399.0,1,10
192,2016-05-09,34.4348494256,34.5342285005,33.9975814964,33.9975814964,115262.0,34.65,0.0,34.75,34.21,34.21,1.0,115262.0,0,09
193,2016-05-06,34.2758429059,34.3851598882,33.7491338094,33.9280161441,170323.0,34.49,0.0,34.6,33.96,34.14,1.0,170323.0,4,06
194,2016-05-05,33.947891959,34.9218068923,33.8882645141,34.7628003726,224201.0,34.16,0.0,35.14,34.1,34.98,1.0,224201.0,3,05
195,2016-05-04,34.7329866501,35.0509996895,33.9926125427,34.8721173549,235138.0,34.95,0.0,35.27,34.205,35.09,1.0,235138.0,2,04
196,2016-05-03,34.9615585222,35.5379571562,34.7329866501,35.4187022664,357084.0,35.18,0.18,35.76,34.95,35.64,1.0,357084.0,1,03
197,2016-05-02,35.732769372,35.8365862171,35.3570512657,35.515248363,289685.0,36.14,0.0,36.245,35.76,35.92,1.0,289685.0,0,02
198,2016-04-29,35.7129947348,35.9206284251,35.1691922125,35.6338961861,2426392.0,36.12,0.0,36.33,35.57,36.04,1.0,2426392.0,4,29
199,2016-04-28,35.7920932835,36.5138675403,35.6141215489,36.1678113898,572664.0,36.2,0.0,36.93,36.02,36.58,1.0,572664.0,3,28
200,2016-04-27,36.256797257,36.3853323987,35.7426566905,36.3754450801,1046136.0,36.67,0.0,36.8,36.15,36.79,1.0,1046136.0,2,27
201,2016-04-26,34.5462911416,34.9813331594,33.2609397253,33.5377846457,237232.0,34.94,0.0,35.38,33.64,33.92,1.0,237232.0,1,26
202,2016-04-25,33.5575592829,34.5957277345,32.6874752473,34.5957277345,218691.0,33.94,0.0,34.99,33.06,34.99,1.0,218691.0,0,25
203,2016-04-22,34.3188828141,34.4177559999,33.6860944245,33.8541788405,85950.0,34.71,0.0,34.81,34.07,34.24,1.0,85950.0,4,22
204,2016-04-21,33.794854929,34.4474179557,33.5773339201,33.8739534777,135821.0,34.18,0.0,34.84,33.96,34.26,1.0,135821.0,3,21
205,2016-04-20,33.7849676104,34.1310237609,33.5575592829,33.913502752,82585.0,34.17,0.0,34.52,33.94,34.3,1.0,82585.0,2,20
206,2016-04-19,33.8442915219,34.0321505751,33.3697002298,33.5872212387,178257.0,34.23,0.0,34.42,33.75,33.97,1.0,178257.0,1,19
207,2016-04-18,33.4487987784,33.6762071059,33.1620665394,33.2312777695,142103.0,33.83,0.0,34.06,33.54,33.61,1.0,142103.0,0,18
208,2016-04-15,33.3993621855,34.0024886193,33.2708270439,33.794854929,61328.0,33.78,0.0,34.39,33.65,34.18,1.0,61328.0,4,15
209,2016-04-14,33.9036154334,34.5166291858,33.5476719643,33.5476719643,62963.0,34.29,0.0,34.91,33.93,33.93,1.0,62963.0,3,14
210,2016-04-13,33.626770513,33.6860944245,32.6973625659,32.9148835748,68634.0,34.01,0.0,34.07,33.07,33.29,1.0,68634.0,2,13
211,2016-04-12,32.6677006101,32.8802779597,32.3018698224,32.5391654685,48736.0,33.04,0.0,33.255,32.67,32.91,1.0,48736.0,1,12
212,2016-04-11,32.4897288755,33.0730806722,32.0942361321,32.2425459109,68930.0,32.86,0.0,33.45,32.46,32.61,1.0,68930.0,0,11
213,2016-04-08,32.1733346808,32.8862103509,31.8371658488,32.4600669198,61682.0,32.54,0.0,33.261,32.2,32.83,1.0,61682.0,4,08
214,2016-04-07,32.1634473622,32.7962357517,31.6889549432,31.7481799816,215771.0,32.53,0.0,33.17,32.0501,32.11,1.0,215771.0,3,07
215,2016-04-06,31.9558136719,32.8357850261,31.6591941143,32.6578132915,154815.0,32.32,0.0,33.21,32.02,33.03,1.0,154815.0,2,06
216,2016-04-05,32.5787147428,33.3103763182,32.5292781499,33.171953858,59522.0,32.95,0.0,33.69,32.9,33.55,1.0,59522.0,1,05
217,2016-04-04,33.4685734156,34.0222632565,33.340038274,33.8146295662,56075.0,33.85,0.0,34.41,33.72,34.2,1.0,56075.0,0,04
218,2016-04-01,33.9728266635,34.249671584,33.3795875483,33.3795875483,102307.0,34.36,0.0,34.64,33.76,33.76,1.0,102307.0,4,01
219,2016-03-31,33.6168831944,34.0321505751,33.5674466015,33.6860944245,173337.0,34.0,0.0,34.42,33.95,34.07,1.0,173337.0,3,31
220,2016-03-30,33.6366578316,34.0914744866,33.340038274,33.8344042033,117982.0,34.02,0.0,34.48,33.72,34.22,1.0,117982.0,2,30
221,2016-03-29,33.626770513,34.0913756134,32.8951089376,33.2906016811,145455.0,34.01,0.0,34.4799,33.27,33.67,1.0,145455.0,1,29
222,2016-03-28,33.4092495041,33.5971085572,33.1620665394,33.3894748669,51888.0,33.79,0.0,33.98,33.54,33.77,1.0,51888.0,0,28
223,2016-03-24,33.3202636368,33.6564324688,32.8258977075,33.4982353714,72258.0,33.7,0.0,34.04,33.2,33.88,1.0,72258.0,3,24
224,2016-03-23,33.6860944245,34.0122770647,33.5674466015,33.9827139821,49887.0,34.07,0.0,34.3999,33.95,34.37,1.0,49887.0,2,23
225,2016-03-22,34.0519252122,34.1507983981,33.6366578316,33.8739534777,52966.0,34.44,0.0,34.54,34.02,34.26,1.0,52966.0,1,22
226,2016-03-21,34.0716998494,34.6253896903,33.626770513,34.4573052743,102900.0,34.46,0.0,35.02,34.01,34.85,1.0,102900.0,0,21
227,2016-03-18,34.6451643274,35.1691922125,34.1310237609,34.3979813628,340477.0,35.04,0.0,35.57,34.52,34.79,1.0,340477.0,4,18
228,2016-03-17,34.200234991,34.3633757477,32.9247708934,33.3499255926,55441.0,34.59,0.0,34.755,33.3,33.73,1.0,55441.0,3,17
229,2016-03-16,33.3202636368,34.2101223096,33.1818411766,33.8739534777,112923.0,33.7,0.0,34.6,33.56,34.26,1.0,112923.0,2,16
230,2016-03-15,33.9233900706,34.4276433185,33.3697991029,34.0519252122,81085.0,34.31,0.0,34.82,33.7501,34.44,1.0,81085.0,1,15
231,2016-03-14,34.2991081769,34.823136062,34.1211364423,34.5660657787,52412.0,34.69,0.0,35.22,34.51,34.96,1.0,52412.0,0,14
232,2016-03-11,34.6155023717,34.7835867876,33.7157563803,33.9530520264,90916.0,35.01,0.0,35.18,34.1,34.34,1.0,90916.0,4,11
233,2016-03-10,33.7750802918,35.1395302568,33.4982353714,34.4078686813,144539.0,34.16,0.0,35.54,33.88,34.8,1.0,144539.0,3,10
234,2016-03-09,34.2397842654,35.1395302568,34.081587168,34.249671584,111329.0,34.63,0.0,35.54,34.47,34.64,1.0,111329.0,2,09
235,2016-03-08,34.0519252122,34.1507983981,33.6069958758,34.0024886193,120899.0,34.44,0.0,34.54,33.99,34.39,1.0,120899.0,1,08
236,2016-03-07,34.1310237609,34.1507983981,33.4191368227,33.4487987784,100536.0,34.52,0.0,34.54,33.8,33.83,1.0,100536.0,0,07
237,2016-03-04,33.6860944245,33.9233900706,33.5377846457,33.7157563803,107933.0,34.07,0.0,34.31,33.92,34.1,1.0,107933.0,4,04
238,2016-03-03,33.7157563803,34.0123759379,33.3598129112,33.5377846457,114801.0,34.1,0.0,34.4,33.74,33.92,1.0,114801.0,3,03
239,2016-03-02,33.5278973271,33.5575592829,32.7467991588,33.1126299465,103120.0,33.91,0.0,33.94,33.12,33.49,1.0,103120.0,2,02
240,2016-03-01,33.1324045837,33.2115031324,31.8866024418,32.1041234507,101614.0,33.51,0.0,33.59,32.25,32.47,1.0,101614.0,1,01
241,2016-02-29,31.8964897604,33.4290241413,31.0956169548,31.6987433886,256973.0,32.26,0.0,33.81,31.45,32.06,1.0,256973.0,0,29
242,2016-02-26,31.7580673001,32.7863484331,31.2933633266,31.856940486,159512.0,32.12,0.0,33.16,31.65,32.22,1.0,159512.0,4,26
243,2016-02-25,31.6690814329,31.7284053444,31.1055042734,31.2043774593,101475.0,32.03,0.0,32.09,31.46,31.56,1.0,101475.0,3,25
244,2016-02-24,31.1055042734,31.3724618753,29.8102655386,30.8879832645,122013.0,31.46,0.0,31.73,30.15,31.24,1.0,122013.0,2,24
245,2016-02-23,31.0857296363,32.0546868577,30.7989973972,31.4911096983,163670.0,31.44,0.0,32.42,31.15,31.85,1.0,163670.0,1,23
246,2016-02-22,31.6196448399,31.6394194771,30.7396734857,31.0659549991,124508.0,31.98,0.0,32.0,31.09,31.42,1.0,124508.0,0,22
247,2016-02-19,30.8583213088,30.9571944946,29.9289133616,30.4529412467,117003.0,31.21,0.0,31.31,30.27,30.8,1.0,117003.0,4,19
248,2016-02-18,30.5715890698,31.1252789106,30.2947441493,30.8978705831,116884.0,30.92,0.0,31.48,30.64,31.25,1.0,116884.0,3,18
249,2016-02-17,30.828659353,31.3329126009,30.6704622556,30.828659353,106339.0,31.18,0.0,31.69,31.02,31.18,1.0,106339.0,2,17
250,2016-02-16,30.5814763883,31.283476008,30.0376738661,30.1365470519,108413.0,30.93,0.0,31.64,30.38,30.48,1.0,108413.0,1,16
251,2016-02-12,29.9882372731,32.1140107693,29.8201528572,29.8695894501,182899.0,30.33,0.0,32.48,30.16,30.21,1.0,182899.0,4,12
252,2016-02-11,29.4938713438,30.8583213088,28.511467369,29.5927445297,191954.0,29.83,0.0,31.21,28.8364,29.93,1.0,191954.0,3,11
253,2016-02-10,30.1662090077,31.6987433886,29.8992514059,30.4628285653,110774.0,30.51,0.0,32.06,30.24,30.81,1.0,110774.0,2,10
254,2016-02-09,30.205758282,30.3244061051,28.9204068658,29.0192800517,195238.0,30.55,0.0,30.67,29.25,29.35,1.0,195238.0,1,09
255,2016-02-08,29.4444347509,30.2453075564,28.8413083171,29.7410543085,210457.0,29.78,0.0,30.59,29.17,30.08,1.0,210457.0,0,08
256,2016-02-05,30.087110459,31.5998702028,29.3060122907,30.5320397954,223481.0,30.43,0.0,31.96,29.64,30.88,1.0,223481.0,4,05
257,2016-02-04,30.6210256627,31.6394194771,30.2354202378,31.1351662292,95300.0,30.97,0.0,32.0,30.58,31.49,1.0,95300.0,3,04
258,2016-02-03,31.1747155035,32.1980529772,30.5122651582,31.8272785302,158936.0,31.53,0.0,32.565,30.86,32.19,1.0,158936.0,2,03
259,2016-02-02,31.68885607,32.4205176454,30.996743769,31.5306589726,160493.0,32.05,0.15,32.79,31.35,31.89,1.0,160493.0,1,02
260,2016-02-01,31.7971099262,32.4663155823,31.2213962367,32.4269505437,164363.0,32.31,0.0,32.99,31.725,32.95,1.0,164363.0,0,01
261,2016-01-29,32.4663155823,32.476156842,31.521554656,32.0529826771,138835.0,32.99,0.0,33.0,32.03,32.57,1.0,138835.0,4,29
262,2016-01-28,31.9545700806,32.2990141683,31.3296500928,31.5609196946,128171.0,32.47,0.0,32.82,31.835,32.07,1.0,128171.0,3,28
263,2016-01-27,31.2952056841,32.2202840911,30.9113965578,31.3345707227,191171.0,31.8,0.0,32.74,31.41,31.84,1.0,191171.0,2,27
264,2016-01-26,31.5313959157,31.6002847332,30.1536195648,30.1536195648,222024.0,32.04,0.0,32.11,30.64,30.64,1.0,222024.0,1,26
265,2016-01-25,30.2618734209,33.0764736806,29.6812391016,32.5056806209,330910.0,30.75,0.0,33.61,30.16,33.03,1.0,330910.0,0,25
266,2016-01-22,32.7320295928,33.2782195034,31.7085385893,32.082506456,163070.0,33.26,0.0,33.815,32.22,32.6,1.0,163070.0,4,22
267,2016-01-21,31.7085385893,31.8167924455,30.5079049121,31.3050469437,284259.0,32.22,0.0,32.33,31.0,31.81,1.0,284259.0,3,21
268,2016-01-20,31.3050469437,31.5117133964,29.5729852455,30.5866349893,247188.0,31.81,0.0,32.02,30.05,31.08,1.0,247188.0,2,20
269,2016-01-19,31.0491741928,32.4269505437,30.6948888455,32.2596491297,207016.0,31.55,0.0,32.95,31.19,32.78,1.0,207016.0,1,19
270,2016-01-15,31.5313959157,32.7059502548,31.3148882034,32.0037763788,254198.0,32.04,0.0,33.2335,31.82,32.52,1.0,254198.0,4,15
271,2016-01-14,32.7713946314,34.1983772806,32.4367918034,32.7517121121,169032.0,33.3,0.0,34.75,32.96,33.28,1.0,169032.0,3,14
272,2016-01-13,32.5647281788,33.93266327,32.3482204665,33.6571079999,151243.0,33.09,0.0,34.48,32.87,34.2,1.0,151243.0,2,13
273,2016-01-12,33.5882191823,34.4739325507,33.007584863,34.1393297227,213044.0,34.13,0.0,35.03,33.54,34.69,1.0,213044.0,1,12
274,2016-01-11,33.7259968174,36.1371054314,32.6926645542,34.8282178981,184606.0,34.27,0.0,36.72,33.22,35.39,1.0,184606.0,0,11
275,2016-01-08,34.7494878209,35.7040900069,34.5920276665,34.9955193121,250782.0,35.31,0.0,36.28,35.15,35.56,1.0,250782.0,4,08
276,2016-01-07,34.7691703402,34.8774241963,33.9523457893,34.0015520876,263902.0,35.33,0.0,35.44,34.5,34.55,1.0,263902.0,3,07
277,2016-01-06,34.5034563297,34.9167892349,34.4247262525,34.5428213683,121259.0,35.06,0.0,35.48,34.98,35.1,1.0,121259.0,2,06
278,2016-01-05,34.6805990034,34.9955193121,34.0605996455,34.7691703402,169743.0,35.24,0.0,35.56,34.61,35.33,1.0,169743.0,1,05
279,2016-01-04,34.7494878209,36.2355180279,34.6510752244,36.2158355086,286785.0,35.31,0.0,36.82,35.21,36.8,1.0,286785.0,0,04
280,2015-12-31,36.3831369226,36.9736125016,36.343771884,36.8948824244,60180.0,36.97,0.0,37.57,36.93,37.49,1.0,60180.0,3,31
281,2015-12-30,36.9539299823,37.3377391086,36.8259936069,37.2196439928,58399.0,37.55,0.0,37.94,37.42,37.82,1.0,58399.0,2,30
282,2015-12-29,37.1507551753,37.4164691858,36.5702192686,36.9834537612,68423.0,37.75,0.0,38.02,37.1601,37.58,1.0,68423.0,1,29
283,2015-12-28,36.7767873086,36.7964698279,36.1371054314,36.3929781823,127907.0,37.37,0.0,37.39,36.72,36.98,1.0,127907.0,0,28
284,2015-12-24,36.3536131437,36.5602795963,36.009169056,36.2453592876,97664.0,36.94,0.0,37.15,36.59,36.83,1.0,97664.0,3,24
285,2015-12-23,36.3831369226,36.4028194419,35.9107564595,36.2158355086,199099.0,36.97,0.0,36.99,36.49,36.8,1.0,199099.0,2,23
286,2015-12-22,36.1666292104,36.4815495191,35.5367885928,36.3142481051,143435.0,36.75,0.0,37.07,36.11,36.9,1.0,143435.0,1,22
287,2015-12-21,36.1961529893,36.73742227,35.645042449,36.373295663,146380.0,36.78,0.0,37.33,36.22,36.96,1.0,146380.0,0,21
288,2015-12-18,36.2158355086,36.7472635297,35.9402802384,36.5209145577,463036.0,36.8,0.0,37.34,36.52,37.11,1.0,463036.0,4,18
289,2015-12-17,36.6783747121,36.7275810104,36.0682166139,36.17647047,192604.0,37.27,0.0,37.32,36.65,36.76,1.0,192604.0,3,17
290,2015-12-16,36.0780578735,36.6291684139,35.2809158419,36.6291684139,171225.0,36.66,0.0,37.22,35.85,37.22,1.0,171225.0,2,16
291,2015-12-15,36.1075816525,36.4421844805,35.7926613437,35.9698040174,264448.0,36.69,0.0,37.03,36.37,36.55,1.0,264448.0,1,15
292,2015-12-14,35.6942487472,36.8456761262,35.6253599297,36.3929781823,323513.0,36.27,0.0,37.44,36.2,36.98,1.0,323513.0,0,14
293,2015-12-11,36.2256767683,36.343771884,35.9107564595,35.9304389788,193155.0,36.81,0.0,36.93,36.49,36.51,1.0,193155.0,4,11
294,2015-12-10,36.5504383367,36.8259936069,35.9304389788,36.0485340946,368892.0,37.14,0.0,37.42,36.51,36.63,1.0,368892.0,3,10
295,2015-12-09,36.1863117297,36.2552005472,35.6253599297,36.2453592876,399389.0,36.77,0.0,36.84,36.2,36.83,1.0,399389.0,2,09
296,2015-12-08,36.3536131437,37.0129775402,36.1469466911,36.8850411647,198105.0,36.94,0.0,37.61,36.73,37.48,1.0,198105.0,1,08
297,2015-12-07,37.0917076174,37.7707545332,36.2256767683,37.662500677,273489.0,37.69,0.0,38.38,36.81,38.27,1.0,273489.0,0,07
298,2015-12-04,37.2491677718,38.0955161016,37.1802789542,37.3967866665,623394.0,37.85,0.0,38.71,37.78,38.0,1.0,623394.0,4,04
299,2015-12-03,37.3967866665,38.095417689,36.6586921928,37.7904370525,178449.0,38.0,0.0,38.7099,37.25,38.4,1.0,178449.0,3,03
300,2015-12-02,37.6329768981,38.8729756139,37.6231356384,38.8729756139,612227.0,38.24,0.0,39.5,38.23,39.5,1.0,612227.0,2,02
301,2015-12-01,38.8631343542,39.3650385963,38.3514872651,38.9615469507,232716.0,39.49,0.0,40.0,38.9701,39.59,1.0,232716.0,1,01
302,2015-11-30,38.7548804981,40.3885295998,38.4990077472,38.9910707297,319386.0,39.38,0.0,41.04,39.12,39.62,1.0,319386.0,0,30
303,2015-11-27,38.5186902665,39.9850379542,38.5088490068,39.1288483647,294740.0,39.14,0.0,40.63,39.13,39.76,1.0,294740.0,4,27
304,2015-11-25,38.8336105753,39.0599595472,37.5936118595,37.9282146876,218019.0,39.46,0.0,39.69,38.2,38.54,1.0,218019.0,2,25
305,2015-11-24,37.7215482349,38.1840874384,37.5247230419,38.0758335823,271512.0,38.33,0.0,38.8,38.13,38.69,1.0,271512.0,1,24
306,2015-11-23,37.8494846104,37.9872622454,36.6317271414,37.0818663577,448138.0,38.46,0.0,38.6,37.2226,37.68,1.0,448138.0,0,23
307,2015-11-20,36.8850411647,37.0917076174,35.9205977191,36.1666292104,324483.0,37.48,0.0,37.69,36.5,36.75,1.0,324483.0,4,20
308,2015-11-19,36.0977403928,36.4421844805,35.9205977191,36.0190103156,539138.0,36.68,0.0,37.03,36.5,36.6,1.0,539138.0,3,19
309,2015-11-18,36.009169056,36.5012320384,35.9205977191,36.1666292104,3166347.0,36.59,0.0,37.09,36.5,36.75,1.0,3166347.0,2,18
310,2015-11-17,36.3044068455,37.4558342244,36.0190103156,37.1409139156,486527.0,36.89,0.0,38.06,36.6,37.74,1.0,486527.0,1,17
311,2015-11-16,38.3120238139,38.8906898812,38.0856748419,38.5186902665,115416.0,38.93,0.0,39.518,38.7,39.14,1.0,115416.0,0,16
312,2015-11-13,38.4990077472,40.831386284,38.449801449,38.7647217577,125426.0,39.12,0.0,41.49,39.07,39.39,1.0,125426.0,4,13
313,2015-11-12,39.0304357682,39.0894833261,38.1840874384,39.0599595472,58878.0,39.66,0.0,39.72,38.8,39.69,1.0,58878.0,3,12
314,2015-11-11,39.2567847402,40.3491645612,39.2272609612,39.4142448946,121782.0,39.89,0.0,41.0,39.86,40.05,1.0,121782.0,2,11
315,2015-11-10,39.178054663,39.3158322981,38.1151986209,38.223452477,82659.0,39.81,0.0,39.95,38.73,38.84,1.0,82659.0,1,10
316,2015-11-09,38.1840874384,38.7745630174,37.7904370525,38.2628175156,140052.0,38.8,0.0,39.4,38.4,38.88,1.0,140052.0,0,09
317,2015-11-06,37.3623422577,37.9278210372,36.4323432209,36.4323432209,103597.0,37.965,0.0,38.5396,37.02,37.02,1.0,103597.0,4,06
318,2015-11-05,36.4126607016,36.7226603805,36.1075816525,36.1075816525,89332.0,37.0,0.0,37.315,36.69,36.69,1.0,89332.0,3,05
319,2015-11-04,35.9599627577,36.8358348665,35.6056774104,36.7767873086,244173.0,36.54,0.0,37.43,36.18,37.37,1.0,244173.0,2,04
320,2015-11-03,36.5996446349,37.5345643016,36.4520257402,37.5148817823,86686.0,37.19,0.12,38.14,37.04,38.12,1.0,86686.0,1,03
321,2015-11-02,37.4726996798,37.6198437885,36.5015485625,36.7467887436,35689.0,38.2,0.0,38.35,37.21,37.46,1.0,35689.0,0,02
322,2015-10-30,36.5407869914,37.4138420363,36.5015485625,37.3353651784,96493.0,37.25,0.0,38.14,37.21,38.06,1.0,96493.0,4,30
323,2015-10-29,37.2078402842,37.3549843929,36.1925459342,36.6094542422,55405.0,37.93,0.0,38.08,36.895,37.32,1.0,55405.0,3,29
324,2015-10-28,36.442690919,36.8743136378,35.5794454813,35.5794454813,72851.0,37.15,0.0,37.59,36.27,36.27,1.0,72851.0,2,28
325,2015-10-27,35.5009686234,35.7854472335,34.5003886843,35.5794454813,185977.0,36.19,0.0,36.48,35.17,36.27,1.0,185977.0,1,27
326,2015-10-26,35.9031625205,37.2765075349,34.3729618862,37.2765075349,406182.0,36.6,0.0,38.0,35.0401,38.0,1.0,406182.0,0,26
327,2015-10-23,37.75717829,38.3751835465,37.001838532,37.001838532,52546.0,38.49,0.0,39.12,37.72,37.72,1.0,52546.0,4,23
328,2015-10-22,36.9822193175,37.2765075349,36.2464987741,36.2464987741,38567.0,37.7,0.0,38.0,36.95,36.95,1.0,38567.0,3,22
329,2015-10-21,36.0993546654,37.1686018552,36.0993546654,37.1097442117,31240.0,36.8,0.0,37.89,36.8,37.83,1.0,31240.0,2,21
330,2015-10-20,36.8546944233,37.1097442117,36.8546944233,37.0705057827,56815.0,37.57,0.0,37.83,37.57,37.79,1.0,56815.0,1,20
331,2015-10-19,36.8448848161,37.0263625501,36.0797354509,36.0993546654,82349.0,37.56,0.0,37.745,36.78,36.8,1.0,82349.0,0,19
332,2015-10-16,36.0699258436,36.3936428828,35.7805424299,36.0503066291,59397.0,36.77,0.0,37.1,36.475,36.75,1.0,59397.0,4,16
333,2015-10-15,36.0503066291,36.3445948465,35.9620201639,36.2072603451,54367.0,36.75,0.0,37.05,36.66,36.91,1.0,54367.0,3,15
334,2015-10-14,36.0404970219,36.962600103,35.7560184118,36.8841232451,45963.0,36.74,0.0,37.68,36.45,37.6,1.0,45963.0,2,14
335,2015-10-13,36.6879311001,37.2765075349,36.5015485625,36.8546944233,41161.0,37.4,0.0,38.0,37.21,37.57,1.0,41161.0,1,13
336,2015-10-12,37.1587922479,37.2765075349,36.5702158132,36.5702158132,32765.0,37.88,0.0,38.0,37.28,37.28,1.0,32765.0,0,12
337,2015-10-09,36.6683118856,37.3942228219,36.4181669009,37.3942228219,29294.0,37.38,0.0,38.12,37.125,38.12,1.0,29294.0,4,09
338,2015-10-08,37.2568883204,37.2765075349,36.9920289248,37.119553819,38211.0,37.98,0.0,38.0,37.71,37.84,1.0,38211.0,3,08
339,2015-10-07,37.1097442117,37.4432708581,36.4623101335,36.962600103,42496.0,37.83,0.0,38.17,37.17,37.68,1.0,42496.0,2,07
340,2015-10-06,36.6683118856,37.0999346045,36.324975632,37.0901249972,26099.0,37.38,0.0,37.82,37.03,37.81,1.0,26099.0,1,06
341,2015-10-05,37.2372691059,37.3353651784,36.6683118856,37.2765075349,48983.0,37.96,0.0,38.06,37.38,38.0,1.0,48983.0,0,05
342,2015-10-02,37.119553819,37.1980306769,35.4323013726,36.2170699523,49521.0,37.84,0.0,37.92,36.12,36.92,1.0,49521.0,4,02
343,2015-10-01,36.7271695291,37.6688918247,35.6284935176,37.6688918247,89963.0,37.44,0.0,38.4,36.32,38.4,1.0,89963.0,3,01
344,2015-09-30,37.5119381088,37.6885110392,35.584350285,36.5702158132,69450.0,38.24,0.0,38.42,36.275,37.28,1.0,69450.0,2,30
345,2015-09-29,36.1484027016,36.6879311001,36.1484027016,36.6879311001,28819.0,36.85,0.0,37.4,36.85,37.4,1.0,28819.0,1,29
346,2015-09-28,36.4917389552,37.475642562,36.2268795596,36.9331712813,43121.0,37.2,0.0,38.203,36.93,37.65,1.0,43121.0,0,28
347,2015-09-25,37.0508865682,37.4923188943,36.7860271726,36.8252656016,116486.0,37.77,0.0,38.22,37.5,37.54,1.0,116486.0,4,25
348,2015-09-24,36.4623101335,36.5113581697,35.5598262668,36.0895450581,78949.0,37.17,0.0,37.22,36.25,36.79,1.0,78949.0,3,24
349,2015-09-23,36.2268795596,36.8939328523,35.5990646958,35.9424009494,50760.0,36.93,0.0,37.61,36.29,36.64,1.0,50760.0,2,23
350,2015-09-22,36.0404970219,36.5555014023,35.7363991973,36.4132620973,58414.0,36.74,0.0,37.265,36.43,37.12,1.0,58414.0,1,22
351,2015-09-21,36.6388830639,37.0606961755,36.2857372031,36.6781214929,70442.0,37.35,0.0,37.78,36.99,37.39,1.0,70442.0,0,21
352,2015-09-18,36.3445948465,37.6885110392,35.72658959,36.8252656016,281091.0,37.05,0.0,38.42,36.42,37.54,1.0,281091.0,4,18
353,2015-09-17,37.2765075349,38.8950927305,37.1833162661,37.9827992566,47543.0,38.0,0.0,39.65,37.905,38.72,1.0,47543.0,3,17
354,2015-09-16,37.9141320059,38.4242315827,37.4236516436,37.9533704349,68672.0,38.65,0.0,39.17,38.15,38.69,1.0,68672.0,2,16
355,2015-09-15,37.7669878972,38.0122280784,37.5021285016,37.7669878972,207696.0,38.5,0.0,38.75,38.23,38.5,1.0,207696.0,1,15
356,2015-09-14,37.5217477161,38.159372187,37.3157459639,37.6590822175,68401.0,38.25,0.0,38.9,38.04,38.39,1.0,68401.0,0,14
357,2015-09-11,37.7277494682,38.2672778668,37.1391730335,37.8258455407,92183.0,38.46,0.0,39.01,37.86,38.56,1.0,92183.0,4,11
358,2015-09-10,37.9141320059,38.1446577762,36.3347852393,36.5996446349,89928.0,38.65,0.0,38.885,37.04,37.31,1.0,89928.0,3,10
359,2015-09-09,36.5800254204,37.2176498914,36.1091642726,36.6585022784,105281.0,37.29,0.0,37.94,36.81,37.37,1.0,105281.0,2,09
360,2015-09-08,36.2955468103,36.5505965987,34.5984847567,35.0791555118,88272.0,37.0,0.0,37.26,35.27,35.76,1.0,88272.0,1,08
361,2015-09-04,34.2453388959,34.4611502553,33.8235257843,33.8235257843,22167.0,34.91,0.0,35.13,34.48,34.48,1.0,22167.0,4,04
362,2015-09-03,34.1668620379,35.1723467806,33.9902891075,34.9712498321,44313.0,34.83,0.0,35.855,34.65,35.65,1.0,44313.0,3,03
363,2015-09-02,35.2557284422,35.3047764785,33.9902891075,34.3924830046,64391.0,35.94,0.0,35.99,34.65,35.06,1.0,64391.0,2,02
364,2015-09-01,33.9020026423,35.5402070524,33.6960008901,35.5402070524,100008.0,34.56,0.0,36.23,34.35,36.23,1.0,100008.0,1,01
365,2015-08-31,36.0895450581,36.1091642726,35.5598262668,35.5598262668,67531.0,36.79,0.0,36.81,36.25,36.25,1.0,67531.0,0,31
366,2015-08-28,35.7560184118,37.0312673538,35.4617301944,36.6879311001,60599.0,36.45,0.0,37.75,36.15,37.4,1.0,60599.0,4,28
367,2015-08-27,36.8645040306,36.9822193175,36.3936428828,36.7664079581,63505.0,37.58,0.0,37.7,37.1,37.48,1.0,63505.0,3,27
368,2015-08-26,36.324975632,36.4230717045,34.5788655422,35.6677319466,77935.0,37.03,0.0,37.13,35.25,36.36,1.0,77935.0,2,26
369,2015-08-25,34.8535345451,35.5990646958,34.6181039712,35.5303974451,80559.0,35.53,0.0,36.29,35.29,36.22,1.0,80559.0,1,25
370,2015-08-24,34.451340648,36.3936428828,34.451340648,35.5205878379,66117.0,35.12,0.0,37.1,35.12,36.21,1.0,66117.0,0,24
371,2015-08-21,36.1582123089,36.5505965987,34.3336253611,35.4028725509,38886.0,36.86,0.0,37.26,35.0,36.09,1.0,38886.0,4,21
372,2015-08-20,36.0110682002,37.0312673538,36.0110682002,37.0312673538,32243.0,36.71,0.0,37.75,36.71,37.75,1.0,32243.0,3,20
373,2015-08-19,37.1587922479,37.7473686827,37.1293634262,37.7473686827,22916.0,37.88,0.0,38.48,37.85,38.48,1.0,22916.0,2,19
374,2015-08-18,37.7669878972,38.1789914015,37.4138420363,38.0122280784,38268.0,38.5,0.0,38.92,38.14,38.75,1.0,38268.0,1,18
375,2015-08-17,37.8650839697,38.1005145436,37.1293634262,37.2470787132,41056.0,38.6,0.0,38.84,37.85,37.97,1.0,41056.0,0,17
376,2015-08-14,37.1293634262,37.3549843929,36.6879311001,37.0508865682,53572.0,37.85,0.0,38.08,37.4,37.77,1.0,53572.0,4,14
377,2015-08-13,36.9527904958,37.4726996798,36.5309773842,37.001838532,59258.0,37.67,0.0,38.2,37.24,37.72,1.0,59258.0,3,13
378,2015-08-12,36.962600103,38.277087474,36.5898350277,38.1201337581,96603.0,37.68,0.0,39.02,37.3,38.86,1.0,96603.0,2,12
379,2015-08-11,38.159372187,38.3408499211,37.9141320059,38.0808953291,59450.0,38.9,0.0,39.085,38.65,38.82,1.0,59450.0,1,11
380,2015-08-10,38.2182298305,38.3948027609,37.717939861,37.8847031842,89091.0,38.96,0.0,39.14,38.45,38.62,1.0,89091.0,0,10
381,2015-08-07,36.9135520668,38.0220376856,36.7860271726,37.1293634262,49593.0,37.63,0.0,38.76,37.5,37.85,1.0,49593.0,4,07
382,2015-08-06,37.1882210697,38.5909949059,37.1686018552,38.316325903,60056.0,37.91,0.0,39.34,37.89,39.06,1.0,60056.0,3,06
383,2015-08-05,38.355564332,38.6498525493,38.1789914015,38.3261355102,27180.0,39.1,0.0,39.4,38.92,39.07,1.0,27180.0,2,05
384,2015-08-04,38.237849045,38.875473516,38.2182298305,38.7087101928,34144.0,38.98,0.1,39.63,38.96,39.46,1.0,34144.0,1,04
385,2015-08-03,38.8934109401,39.0303940227,38.3944011394,38.3944011394,30237.0,39.75,0.0,39.89,39.24,39.24,1.0,30237.0,0,03
386,2015-07-31,38.3063405863,39.1380235875,37.7094857266,37.7290547384,56948.0,39.15,0.0,40.0,38.54,38.56,1.0,56948.0,4,31
387,2015-07-30,37.6605631971,37.9051758445,37.386597032,37.6312096794,64482.0,38.49,0.0,38.74,38.21,38.46,1.0,64482.0,3,30
388,2015-07-29,37.7290547384,38.7466433517,37.7290547384,38.6585827986,37313.0,38.56,0.0,39.6,38.56,39.51,1.0,37313.0,2,29
389,2015-07-28,38.7466433517,38.9325489637,38.0225899153,38.4041856453,77915.0,39.6,0.0,39.79,38.86,39.25,1.0,77915.0,1,28
390,2015-07-27,38.0617279389,39.0206095168,37.190906914,37.4257350556,48979.0,38.9,0.0,39.88,38.01,38.25,1.0,48979.0,0,27
391,2015-07-24,36.7995266782,37.1811224081,36.5059915013,37.0147858079,108333.0,37.61,0.0,38.0,37.31,37.83,1.0,108333.0,4,24
392,2015-07-23,37.0930618551,37.2593984553,36.6429745838,37.1713379023,77290.0,37.91,0.0,38.08,37.45,37.99,1.0,77290.0,3,23
393,2015-07-22,37.1811224081,37.2300449376,37.0930618551,37.0930618551,59214.0,38.0,0.0,38.05,37.91,37.91,1.0,59214.0,2,22
394,2015-07-21,37.1321998787,37.670347703,36.8093111841,37.1811224081,36571.0,37.95,0.0,38.5,37.62,38.0,1.0,36571.0,1,21
395,2015-07-20,37.1811224081,37.2789674671,36.1928873126,36.8582337136,89413.0,38.0,0.0,38.1,36.99,37.67,1.0,89413.0,0,20
396,2015-07-17,36.8875872312,37.1321998787,36.6576513427,36.8484492077,69641.0,37.7,0.0,37.95,37.465,37.66,1.0,69641.0,4,17
397,2015-07-16,36.9560787725,37.7975462797,36.6038365602,37.6605631971,66211.0,37.77,0.0,38.63,37.41,38.49,1.0,66211.0,3,16
398,2015-07-15,37.3670280202,37.6801322089,37.2006914199,37.6312096794,135092.0,38.19,0.0,38.51,38.02,38.46,1.0,135092.0,2,15
399,2015-07-14,37.4648730792,37.4746575851,36.2515943479,36.2515943479,48630.0,38.29,0.0,38.3,37.05,37.05,1.0,48630.0,1,14
400,2015-07-13,36.2809478656,36.6821126074,36.0363352182,36.05590423,32464.0,37.08,0.0,37.49,36.83,36.85,1.0,32464.0,0,13
401,2015-07-10,36.0754732418,36.1928873126,35.4199113467,35.5764634411,46198.0,36.87,0.0,36.99,36.2,36.36,1.0,46198.0,4,10
402,2015-07-09,35.2927127701,35.7232310295,35.2242212288,35.7232310295,30304.0,36.07,0.0,36.51,36.0,36.51,1.0,30304.0,3,09
403,2015-07-08,35.3807733231,35.7036620177,34.9893930872,35.2437902406,25636.0,36.16,0.0,36.49,35.76,36.02,1.0,25636.0,2,08
404,2015-07-07,35.4590493703,35.958059171,35.1361606757,35.958059171,30471.0,36.24,0.0,36.75,35.91,36.75,1.0,30471.0,1,07
405,2015-07-06,36.0754732418,36.1048267595,34.9502550637,35.2340057347,37582.0,36.87,0.0,36.9,35.72,36.01,1.0,37582.0,0,06
406,2015-07-02,35.5568944293,36.1831028067,35.106807158,36.1831028067,57329.0,36.34,0.0,36.98,35.88,36.98,1.0,57329.0,3,02
407,2015-07-01,36.1243957713,36.5451295249,35.6058169588,35.6938775118,101796.0,36.92,0.0,37.35,36.39,36.48,1.0,101796.0,2,01
408,2015-06-30,35.4003423349,35.4786183821,34.9111170401,35.2535747465,147863.0,36.18,0.0,36.26,35.68,36.03,1.0,147863.0,1,30
409,2015-06-29,35.008962099,35.3024972759,34.6762888985,34.9111170401,51254.0,35.78,0.0,36.08,35.44,35.68,1.0,51254.0,0,29
410,2015-06-26,35.1165916639,35.7330155354,34.9306860519,35.488402888,669377.0,35.89,0.0,36.52,35.7,36.27,1.0,669377.0,4,26
411,2015-06-25,35.3709888172,35.6547394882,35.0676691344,35.3709888172,59558.0,36.15,0.0,36.44,35.84,36.15,1.0,59558.0,3,25
412,2015-06-24,35.1459451816,35.6547394882,34.9893930872,35.6547394882,67359.0,35.92,0.0,36.44,35.76,36.44,1.0,67359.0,2,24
413,2015-06-23,35.3709888172,35.3709888172,34.3631847098,34.6665043927,110809.0,36.15,0.0,36.15,35.12,35.43,1.0,110809.0,1,23
414,2015-06-22,34.3436156981,34.6175818632,34.0109424976,34.2066326155,106404.0,35.1,0.0,35.38,34.76,34.96,1.0,106404.0,0,22
415,2015-06-19,33.9815889799,33.9913734858,33.4825791791,33.8054678737,191521.0,34.73,0.0,34.74,34.22,34.55,1.0,191521.0,4,19
416,2015-06-18,33.6978383089,33.7467608383,33.2673200494,33.4336566496,51672.0,34.44,0.0,34.49,34.0,34.17,1.0,51672.0,3,18
417,2015-06-17,33.1596904845,33.5119326968,32.9640003666,33.2673200494,67116.0,33.89,0.0,34.25,33.69,34.0,1.0,67116.0,2,17
418,2015-06-16,33.2771045553,33.6538080323,32.6802496956,32.7246713524,158383.0,34.01,0.0,34.395,33.4,33.4454,1.0,158383.0,1,16
419,2015-06-15,32.7780947546,32.7780947546,32.4747750717,32.5824046366,201947.0,33.5,0.0,33.5,33.19,33.3,1.0,201947.0,0,15
420,2015-06-12,32.5824046366,32.9737848725,32.1127483536,32.1127483536,22838.0,33.3,0.0,33.7,32.82,32.82,1.0,22838.0,4,12
421,2015-06-11,32.0344723064,32.07361033,31.5550315174,31.5550315174,8444.0,32.74,0.0,32.78,32.25,32.25,1.0,8444.0,3,11
422,2015-06-10,31.6626610823,32.0149032946,31.4669709644,31.7115836118,60468.0,32.36,0.0,32.72,32.16,32.41,1.0,60468.0,2,10
423,2015-06-09,31.7605061413,32.2399469302,31.4669709644,31.8974892238,44123.0,32.46,0.0,32.95,32.16,32.6,1.0,44123.0,1,09
424,2015-06-08,31.8192131767,32.0540413182,31.6528765764,31.8681357061,48117.0,32.52,0.0,32.76,32.35,32.57,1.0,48117.0,0,08
425,2015-06-05,32.0638258241,32.0638258241,31.3593413995,31.6901555439,38241.0,32.77,0.0,32.77,32.05,32.3881,1.0,38241.0,4,05
426,2015-06-04,31.4865399762,31.6137385528,31.2125738111,31.2517118346,47184.0,32.18,0.0,32.31,31.9,31.94,1.0,47184.0,3,04
427,2015-06-03,31.3299878818,31.7996441649,31.2419273287,31.2517118346,28255.0,32.02,0.0,32.5,31.93,31.94,1.0,28255.0,2,03
428,2015-06-02,31.1538667757,31.2223583169,30.7527020339,31.124513258,43996.0,31.84,0.0,31.91,31.43,31.81,1.0,43996.0,1,02
429,2015-06-01,30.742917528,30.9190386341,30.4493823511,30.4493823511,32482.0,31.42,0.0,31.6,31.12,31.12,1.0,32482.0,0,01
430,2015-05-29,30.9092541282,31.4963244821,30.1264936565,31.4963244821,37026.0,31.59,0.0,32.19,30.79,32.19,1.0,37026.0,4,29
431,2015-05-28,31.3886949172,31.5746005292,31.0853752344,31.408263929,14177.0,32.08,0.0,32.27,31.77,32.1,1.0,14177.0,3,28
432,2015-05-27,31.5550315174,31.7311526236,30.840762587,30.840762587,17190.0,32.25,0.0,32.43,31.52,31.52,1.0,17190.0,2,27
433,2015-05-26,30.8505470929,31.7996441649,30.8309780811,31.4571864585,23048.0,31.53,0.0,32.5,31.51,32.15,1.0,23048.0,1,26
434,2015-05-22,31.5746005292,31.7800751531,30.9581766577,31.5158934939,22034.0,32.27,0.0,32.48,31.64,32.21,1.0,22034.0,4,22
435,2015-05-21,31.4278329408,31.9659807651,31.3397723877,31.7115836118,17999.0,32.12,0.0,32.67,32.03,32.41,1.0,17999.0,3,21
436,2015-05-20,31.6137385528,31.9366272474,31.3593413995,31.6137385528,13978.0,32.31,0.0,32.64,32.05,32.31,1.0,13978.0,2,20
437,2015-05-19,31.6626610823,31.9659807651,30.8896851165,30.8896851165,23939.0,32.36,0.0,32.67,31.57,31.57,1.0,23939.0,1,19
438,2015-05-18,30.8994696224,31.6137385528,30.8994696224,31.2027893052,38333.0,31.58,0.0,32.31,31.58,31.89,1.0,38333.0,0,18
439,2015-05-15,31.124513258,31.7017991059,31.0070991872,31.7017991059,30264.0,31.81,0.0,32.4,31.69,32.4,1.0,30264.0,4,15
440,2015-05-14,31.6626610823,31.6724455882,31.1636512816,31.3691259054,18913.0,32.36,0.0,32.37,31.85,32.06,1.0,18913.0,3,14
441,2015-05-13,31.31041887,31.31041887,30.3711063039,30.3711063039,32737.0,32.0,0.0,32.0,31.04,31.04,1.0,32737.0,2,13
442,2015-05-12,30.4787358688,30.4787358688,30.2341232214,30.3515372921,23533.0,31.15,0.0,31.15,30.9,31.02,1.0,23533.0,1,12
443,2015-05-11,30.5178738924,30.7135640103,30.2635745841,30.3221837744,34553.0,31.19,0.0,31.39,30.9301,30.99,1.0,34553.0,0,11
444,2015-05-08,30.3221837744,30.6352879631,30.1460626683,30.6352879631,34886.0,30.99,0.0,31.31,30.81,31.31,1.0,34886.0,4,08
445,2015-05-07,30.4493823511,30.4493823511,30.2830457508,30.3808908098,55911.0,31.12,0.0,31.12,30.95,31.05,1.0,55911.0,3,07
446,2015-05-06,30.3808908098,30.6939949985,30.0286485975,30.6939949985,12708.0,31.05,0.0,31.37,30.69,31.37,1.0,12708.0,2,06
447,2015-05-05,30.4200288334,31.1147287521,30.2439077273,30.742917528,38743.0,31.09,0.07,31.8,30.91,31.42,1.0,38743.0,1,05
448,2015-05-04,30.5567041876,30.8886300478,30.2931160045,30.5274166117,26505.0,31.3,0.0,31.64,31.03,31.27,1.0,26505.0,0,04
449,2015-05-01,30.341928631,31.5251466973,30.0198629214,31.5251466973,37770.0,31.08,0.0,32.292,30.7501,32.292,1.0,37770.0,4,01
450,2015-04-30,30.5567041876,31.5915318694,30.4981290358,30.8202923707,81533.0,31.3,0.0,32.36,31.24,31.57,1.0,81533.0,3,30
451,2015-04-29,31.9527453054,32.0308455078,31.4939066164,31.6012943946,35314.0,32.73,0.0,32.81,32.26,32.37,1.0,35314.0,2,29
452,2015-04-28,31.7574947994,32.5873094499,31.1522182309,31.1522182309,56793.0,32.53,0.0,33.38,31.91,31.91,1.0,56793.0,1,28
453,2015-04-27,31.1619807562,31.1717432815,30.1857282262,30.6152793394,46226.0,31.92,0.0,31.93,30.92,31.36,1.0,46226.0,0,27
454,2015-04-24,30.6543294406,30.6738544912,30.4688414599,30.5762292382,12624.0,31.4,0.0,31.42,31.21,31.32,1.0,12624.0,4,24
455,2015-04-23,30.6543294406,30.732429643,30.4005037828,30.4005037828,25631.0,31.4,0.0,31.48,31.14,31.14,1.0,25631.0,3,23
456,2015-04-22,30.6543294406,30.7421921683,30.3126410551,30.3126410551,9976.0,31.4,0.0,31.49,31.05,31.05,1.0,9976.0,2,22
457,2015-04-21,30.537179137,30.7519546936,30.5176540864,30.7421921683,22041.0,31.28,0.0,31.5,31.26,31.49,1.0,22041.0,1,21
458,2015-04-20,30.7129045924,30.7519546936,29.9807151949,30.1857282262,75588.0,31.46,0.0,31.5,30.71,30.92,1.0,75588.0,0,20
459,2015-04-17,30.0978654985,30.6640919659,29.8049897395,30.5762292382,37402.0,30.83,0.0,31.41,30.53,31.32,1.0,37402.0,4,17
460,2015-04-16,30.732429643,30.7519546936,30.0539341347,30.0539341347,63809.0,31.48,0.0,31.5,30.785,30.785,1.0,63809.0,3,16
461,2015-04-15,30.1369155997,30.2052532768,29.7659396383,29.9026149925,27038.0,30.87,0.0,30.94,30.49,30.63,1.0,27038.0,2,15
462,2015-04-14,29.8245147901,30.0100027708,29.6879370612,29.9709526696,38669.0,30.55,0.0,30.74,30.4101,30.7,1.0,38669.0,1,14
463,2015-04-13,29.8440398407,30.4688414599,29.7952272142,30.0978654985,73306.0,30.57,0.0,31.21,30.52,30.83,1.0,73306.0,0,13
464,2015-04-10,30.0100027708,30.1662031756,29.9319025684,30.1662031756,21633.0,30.74,0.0,30.9,30.66,30.9,1.0,21633.0,4,10
465,2015-04-09,30.1857282262,30.1857282262,29.7952272142,30.0881029732,33024.0,30.92,0.0,30.92,30.52,30.82,1.0,33024.0,3,09
466,2015-04-08,30.1564406503,30.3760974696,30.0100027708,30.1076280238,56212.0,30.89,0.0,31.115,30.74,30.84,1.0,56212.0,2,08
467,2015-04-07,30.1271530744,30.4297913587,30.0685779226,30.1173905491,50071.0,30.86,0.0,31.17,30.8,30.85,1.0,50071.0,1,07
468,2015-04-06,30.1173905491,30.341928631,29.8440398407,29.9026149925,41084.0,30.85,0.0,31.08,30.57,30.63,1.0,41084.0,0,06
469,2015-04-02,30.0197652961,30.2638284286,29.9319025684,30.0002402455,24137.0,30.75,0.0,31.0,30.66,30.73,1.0,24137.0,3,02
470,2015-04-01,29.9416650937,30.0685779226,29.6390268094,30.0685779226,15281.0,30.67,0.0,30.8,30.36,30.8,1.0,15281.0,2,01
471,2015-03-31,30.146678125,30.1564406503,29.8147522648,29.8147522648,53147.0,30.88,0.0,30.89,30.54,30.54,1.0,53147.0,1,31
472,2015-03-30,29.9416650937,30.244303378,29.9221400431,29.9611901443,47679.0,30.67,0.0,30.98,30.65,30.69,1.0,47679.0,0,30
473,2015-03-27,29.9026149925,30.0588153973,29.7024832239,29.8147522648,136616.0,30.63,0.0,30.79,30.425,30.54,1.0,136616.0,4,27
474,2015-03-26,29.7171270118,30.2833534792,29.5804516576,30.2735909539,14589.0,30.44,0.0,31.02,30.3,31.01,1.0,14589.0,3,26
475,2015-03-25,29.853802366,30.1564406503,29.4730638793,29.9709526696,300188.0,30.58,0.0,30.89,30.19,30.7,1.0,300188.0,2,25
476,2015-03-24,29.6195017588,29.8245147901,29.560926607,29.7073644865,53201.0,30.34,0.0,30.55,30.28,30.43,1.0,53201.0,1,24
477,2015-03-23,29.7757021636,29.8733274166,29.6780769106,29.8049897395,27788.0,30.5,0.0,30.6,30.4,30.53,1.0,27788.0,0,23
478,2015-03-20,29.8245147901,29.9904777202,29.5023514552,29.9709526696,65945.0,30.55,0.0,30.72,30.22,30.7,1.0,65945.0,4,20
479,2015-03-19,29.8635648913,30.1759657009,29.8147522648,30.1759657009,58258.0,30.59,0.0,30.91,30.54,30.91,1.0,58258.0,3,19
480,2015-03-18,30.1662031756,30.3272848431,30.0002402455,30.0002402455,270766.0,30.9,0.0,31.065,30.73,30.73,1.0,270766.0,2,18
481,2015-03-17,30.1173905491,30.3663349443,29.6878394359,30.2638284286,209328.0,30.85,0.0,31.105,30.41,31.0,1.0,209328.0,1,17
482,2015-03-16,30.2833534792,30.7519546936,30.2638284286,30.6445669153,64537.0,31.02,0.0,31.5,31.0,31.39,1.0,64537.0,0,16
483,2015-03-13,30.3516911563,30.6152793394,30.0783404479,30.2150158021,73917.0,31.09,0.0,31.36,30.81,30.95,1.0,73917.0,4,13
484,2015-03-12,30.2638284286,30.6445669153,30.161321913,30.2638284286,80513.0,31.0,0.0,31.39,30.895,31.0,1.0,80513.0,3,12
485,2015-03-11,30.1954907515,30.3907412575,30.0100027708,30.1954907515,60544.0,30.93,0.0,31.13,30.74,30.93,1.0,60544.0,2,11
486,2015-03-10,30.0881029732,30.9081550984,29.394963677,29.5121139805,74151.0,30.82,0.0,31.66,30.11,30.23,1.0,74151.0,1,10
487,2015-03-09,29.7268895371,29.7757021636,29.1509005445,29.1509005445,32406.0,30.45,0.0,30.5,29.86,29.86,1.0,32406.0,0,09
488,2015-03-06,29.8147522648,29.8733274166,29.3852011517,29.6878394359,45872.0,30.54,0.0,30.6,30.1,30.41,1.0,45872.0,4,06
489,2015-03-05,29.7854646889,29.9611901443,29.297338424,29.4144887276,93206.0,30.51,0.0,30.69,30.01,30.13,1.0,93206.0,3,05
490,2015-03-04,29.5023514552,29.5316390311,28.5846740771,28.7603995325,64116.0,30.22,0.0,30.25,29.28,29.46,1.0,64116.0,2,04
491,2015-03-03,28.6530117542,28.8482622602,28.2722732675,28.5553865012,58053.0,29.35,0.0,29.55,28.96,29.25,1.0,58053.0,1,03
492,2015-03-02,28.9361249879,29.2485257975,28.5260989253,28.5553865012,74380.0,29.64,0.0,29.96,29.22,29.25,1.0,74380.0,0,02
493,2015-02-27,28.4382361976,29.1606630698,27.5986590218,27.6767592242,59195.0,29.13,0.0,29.87,28.27,28.35,1.0,59195.0,4,27
494,2015-02-26,27.9110598314,28.0379726603,27.6865217495,27.6865217495,17913.0,28.59,0.0,28.72,28.36,28.36,1.0,17913.0,3,26
495,2015-02-25,28.028210135,28.0379726603,27.7538831741,27.8427221543,30170.0,28.71,0.0,28.72,28.429,28.52,1.0,30170.0,2,25
496,2015-02-24,27.8622472049,28.1063103374,27.7646219519,28.0086850844,41428.0,28.54,0.0,28.79,28.44,28.69,1.0,41428.0,1,24
497,2015-02-23,27.7548594266,28.2917983181,27.6084215471,27.6669966989,79511.0,28.43,0.0,28.98,28.28,28.34,1.0,79511.0,0,23
498,2015-02-20,27.8134345784,28.0867852868,27.3838834652,27.5010337688,134952.0,28.49,0.0,28.77,28.05,28.17,1.0,134952.0,4,20
499,2015-02-19,27.4326960917,27.735334376,27.0031449786,27.2764956869,115219.0,28.1,0.0,28.41,27.66,27.94,1.0,115219.0,3,19
500,2015-02-18,27.2374455858,27.3936459905,27.0031449786,27.3838834652,45223.0,27.9,0.0,28.06,27.66,28.05,1.0,45223.0,2,18
501,2015-02-17,27.5205588194,27.7450969013,27.0617201304,27.7450969013,26179.0,28.19,0.0,28.42,27.72,28.42,1.0,26179.0,1,17
502,2015-02-13,27.8036720531,28.1453604386,27.5791339712,27.637709123,54065.0,28.48,0.0,28.83,28.25,28.31,1.0,54065.0,4,13
503,2015-02-12,27.5986590218,27.6669966989,27.3742185652,27.5498463953,37433.0,28.27,0.0,28.34,28.0401,28.22,1.0,37433.0,3,12
504,2015-02-11,27.4229335664,27.7060468001,27.2764956869,27.54008387,40676.0,28.09,0.0,28.38,27.94,28.21,1.0,40676.0,2,11
505,2015-02-10,27.6669966989,28.223460641,27.4824849708,27.7450969013,70172.0,28.34,0.0,28.91,28.151,28.42,1.0,70172.0,1,10
506,2015-02-09,27.6474716483,28.1160728627,26.788369422,26.7981319473,68755.0,28.32,0.0,28.8,27.44,27.45,1.0,68755.0,0,09
507,2015-02-06,27.3350708387,27.6865217495,25.5094786077,25.9976048727,121452.0,28.0,0.0,28.36,26.13,26.63,1.0,121452.0,4,06
508,2015-02-05,26.0268924486,26.1782115907,25.0408773934,25.0408773934,52571.0,26.66,0.0,26.815,25.65,25.65,1.0,52571.0,3,05
509,2015-02-04,25.1189775957,25.5582912342,24.7284765838,24.7870517356,181440.0,25.73,0.0,26.18,25.33,25.39,1.0,181440.0,2,04
510,2015-02-03,24.7870517356,25.8316419426,24.7821704729,25.4899535571,228875.0,25.39,0.05,26.46,25.385,26.11,1.0,228875.0,1,03
511,2015-02-02,25.3619086744,25.790615544,25.3326786606,25.7224121784,55319.0,26.03,0.0,26.47,26.0,26.4,1.0,55319.0,0,02
512,2015-01-30,25.43011204,26.1218890342,25.4106253641,25.6834388266,34415.0,26.1,0.0,26.81,26.08,26.36,1.0,34415.0,4,30
513,2015-01-29,25.8880489235,26.1998357378,25.5275454195,26.1998357378,47866.0,26.57,0.0,26.89,26.2,26.89,1.0,47866.0,3,29
514,2015-01-28,26.0536856686,26.5505959039,25.7224121784,26.3264991311,55311.0,26.74,0.0,27.25,26.4,27.02,1.0,55311.0,2,28
515,2015-01-27,26.2680391034,27.2228862222,26.0536856686,26.3167557931,128418.0,26.96,0.0,27.94,26.74,27.01,1.0,128418.0,1,27
516,2015-01-26,26.3070124552,26.4336758485,25.3424219985,26.4336758485,332906.0,27.0,0.0,27.13,26.01,27.13,1.0,332906.0,0,26
517,2015-01-23,25.1280685637,25.3813953503,24.6311583284,24.6311583284,17051.0,25.79,0.0,26.05,25.28,25.28,1.0,17051.0,4,23
518,2015-01-22,24.7675650597,24.9332018048,23.9198946583,24.5921849766,25813.0,25.42,0.0,25.59,24.55,25.24,1.0,25813.0,3,22
519,2015-01-21,24.3778315418,24.5629549628,24.3583448659,24.4947515972,8069.0,25.02,0.0,25.21,25.0,25.14,1.0,8069.0,2,21
520,2015-01-20,24.5044949351,25.7353708179,23.8322046168,25.7353708179,10382.0,25.15,0.0,26.4133,24.46,26.4133,1.0,10382.0,1,20
521,2015-01-16,25.0890952119,25.6639521507,23.2456556724,24.3875748798,16268.0,25.75,0.0,26.34,23.858,25.03,1.0,16268.0,4,16
522,2015-01-15,24.4655215833,24.7480783838,23.8906646445,24.0660447275,31281.0,25.11,0.0,25.4,24.52,24.7,1.0,31281.0,3,15
523,2015-01-14,24.153734769,25.079351874,23.3937544092,24.3680882039,76815.0,24.79,0.0,25.74,24.01,25.01,1.0,76815.0,2,14
524,2015-01-13,24.5921849766,26.2582957655,24.3778315418,25.5372887574,52942.0,25.24,0.0,26.95,25.02,26.21,1.0,52942.0,1,13
525,2015-01-12,25.2352452811,25.4690853918,25.1962719293,25.2255019431,40341.0,25.9,0.0,26.14,25.86,25.89,1.0,40341.0,0,12
526,2015-01-09,25.3034486467,25.8685622476,25.1280685637,25.7224121784,38773.0,25.97,0.0,26.55,25.79,26.4,1.0,38773.0,4,09
527,2015-01-08,25.8101022199,25.9465089512,25.3326786606,25.9465089512,79274.0,26.49,0.0,26.63,26.0,26.63,1.0,79274.0,3,08
528,2015-01-07,25.7224121784,26.3654724829,25.3424219985,26.3654724829,54887.0,26.4,0.0,27.06,26.01,27.06,1.0,54887.0,2,07
529,2015-01-06,26.3654724829,27.076736153,26.1998357378,27.076736153,42153.0,27.06,0.0,27.79,26.89,27.79,1.0,42153.0,1,06
530,2015-01-05,26.9403294217,27.8854332025,26.7454626628,27.3592929534,22997.0,27.65,0.0,28.62,27.45,28.08,1.0,22997.0,0,05
531,2015-01-02,27.5541597123,27.7100531195,27.0377628012,27.6808231056,17218.0,28.28,0.0,28.44,27.75,28.41,1.0,17218.0,4,02
532,2014-12-31,27.6418497538,28.1095299753,27.1059661668,27.1449395186,34947.0,28.37,0.0,28.85,27.82,27.86,1.0,34947.0,2,31
533,2014-12-30,27.3008329257,27.4762130088,27.242372898,27.4762130088,23750.0,28.02,0.0,28.2,27.96,28.2,1.0,23750.0,1,30
534,2014-12-29,27.4762130088,27.8903048715,27.3105762637,27.427496319,14948.0,28.2,0.0,28.625,28.03,28.15,1.0,14948.0,0,29
535,2014-12-26,27.1839128704,27.3787796293,27.0085327873,27.0085327873,13105.0,27.9,0.0,28.1,27.72,27.72,1.0,13105.0,4,26
536,2014-12-24,26.9695594355,27.3105762637,26.6187992695,26.9598160976,8573.0,27.68,0.0,28.03,27.32,27.67,1.0,8573.0,2,24
537,2014-12-23,26.9403294217,27.0377628012,26.3558265783,26.4629058623,25358.0,27.65,0.0,27.75,27.0501,27.16,1.0,25358.0,1,23
538,2014-12-22,26.5116225521,26.6675159592,26.2388090896,26.5505959039,14983.0,27.21,0.0,27.37,26.93,27.25,1.0,14983.0,0,22
539,2014-12-19,26.706489311,26.7941793525,26.2972691172,26.7941793525,147916.0,27.41,0.0,27.5,26.99,27.5,1.0,147916.0,4,19
540,2014-12-18,26.8331527043,27.0377628012,26.6947973055,26.9598160976,49481.0,27.54,0.0,27.75,27.398,27.67,1.0,49481.0,3,18
541,2014-12-17,26.7454626628,27.2618595739,26.3849591588,26.4044458347,38901.0,27.45,0.0,27.98,27.08,27.1,1.0,38901.0,2,17
542,2014-12-16,26.4044458347,26.8136660284,25.68353626,26.2680391034,25938.0,27.1,0.0,27.52,26.3601,26.96,1.0,25938.0,1,16
543,2014-12-15,26.160862386,26.6821309661,25.8685622476,26.4141891726,27314.0,26.85,0.0,27.385,26.55,27.11,1.0,27314.0,0,15
544,2014-12-12,26.2875257793,26.6577726213,25.9659956271,26.2680391034,158855.0,26.98,0.0,27.36,26.65,26.96,1.0,158855.0,4,12
545,2014-12-11,26.5018792141,26.5505959039,25.975738965,26.0731723445,249448.0,27.2,0.0,27.25,26.66,26.76,1.0,249448.0,3,11
546,2014-12-10,26.1316323722,26.336242469,25.8685622476,26.2388090896,57155.0,26.82,0.0,27.03,26.55,26.93,1.0,57155.0,2,10
547,2014-12-09,26.2875257793,26.5017817807,25.9367656132,25.985482303,39977.0,26.98,0.0,27.1999,26.62,26.67,1.0,39977.0,1,09
548,2014-12-08,26.2582957655,26.3947024967,26.1121456963,26.345985807,51054.0,26.95,0.0,27.09,26.8,27.04,1.0,51054.0,0,08
549,2014-12-05,26.2972691172,26.531109228,26.1803490619,26.2485524275,479745.0,26.99,0.0,27.23,26.87,26.94,1.0,479745.0,4,05
550,2014-12-04,26.2193224137,26.3654724829,25.8490755717,25.9562522891,40389.0,26.91,0.0,27.06,26.53,26.64,1.0,40389.0,3,04
551,2014-12-03,26.1121456963,26.1511190481,25.4106253641,25.615235461,39737.0,26.8,0.0,26.84,26.08,26.29,1.0,39737.0,2,03
552,2014-12-02,25.9659956271,26.1511190481,24.4752649213,25.3424219985,37364.0,26.65,0.0,26.84,25.12,26.01,1.0,37364.0,1,02
553,2014-12-01,25.3131919847,26.3167557931,25.0208918463,26.3167557931,81076.0,25.98,0.0,27.01,25.68,27.01,1.0,81076.0,0,01
554,2014-11-28,26.1998357378,27.1351961806,26.1706057239,26.9890461114,39269.0,26.89,0.0,27.85,26.86,27.7,1.0,39269.0,4,28
555,2014-11-26,26.9208427458,26.9598160976,26.3264991311,26.6382859454,33767.0,27.63,0.0,27.67,27.02,27.34,1.0,33767.0,2,26
556,2014-11-25,26.52136589,26.9890461114,25.9952256409,26.4531625244,122784.0,27.22,0.0,27.7,26.68,27.15,1.0,122784.0,1,25
557,2014-11-24,26.5408525659,26.5505959039,26.1413757101,26.5018792141,47235.0,27.24,0.0,27.25,26.83,27.2,1.0,47235.0,0,24
558,2014-11-21,26.1706057239,26.6431576143,25.800358882,26.3557291449,46842.0,26.86,0.0,27.345,26.48,27.05,1.0,46842.0,4,21
559,2014-11-20,26.2290657516,26.9793027735,25.7126688405,26.8526393802,73690.0,26.92,0.0,27.69,26.39,27.56,1.0,73690.0,3,20
560,2014-11-19,26.5895692556,26.7552060007,26.1121456963,26.4921358762,37513.0,27.29,0.0,27.46,26.8,27.19,1.0,37513.0,2,19
561,2014-11-18,26.3167557931,26.6480292833,26.3167557931,26.4726492003,50380.0,27.01,0.0,27.35,27.01,27.17,1.0,50380.0,1,18
562,2014-11-17,26.4531625244,26.9500727597,26.1511190481,26.6675159592,212294.0,27.15,0.0,27.66,26.84,27.37,1.0,212294.0,0,17
563,2014-11-14,26.5798259177,26.9890461114,25.7029255025,25.7029255025,52773.0,27.28,0.0,27.7,26.38,26.38,1.0,52773.0,4,14
564,2014-11-13,25.8295888958,26.4434191864,25.5275454195,26.2777824414,55077.0,26.51,0.0,27.14,26.2,26.97,1.0,55077.0,3,13
565,2014-11-12,26.4141891726,26.6870026351,26.1900923998,26.4336758485,20274.0,27.11,0.0,27.39,26.88,27.13,1.0,20274.0,2,12
566,2014-11-11,26.2290657516,26.7259759869,26.1317298055,26.7259759869,25470.0,26.92,0.0,27.43,26.8201,27.43,1.0,25470.0,1,11
567,2014-11-10,26.2972691172,26.3849591588,26.0439423306,26.2777824414,26741.0,26.99,0.0,27.08,26.73,26.97,1.0,26741.0,0,10
568,2014-11-07,26.2972691172,27.5151863605,25.8490755717,26.2290657516,59311.0,26.99,0.0,28.24,26.53,26.92,1.0,59311.0,4,07
569,2014-11-06,26.1218890342,26.5116225521,25.985482303,25.985482303,42679.0,26.81,0.0,27.21,26.67,26.67,1.0,42679.0,3,06
570,2014-11-05,26.1121456963,27.7295397954,25.9172789373,26.160862386,78720.0,26.8,0.0,28.46,26.6,26.85,1.0,78720.0,2,05
571,2014-11-04,26.0731723445,26.2485524275,25.3326786606,25.8490755717,33067.0,26.76,0.0,26.94,26.0,26.53,1.0,33067.0,1,04
572,2014-11-03,25.4008820262,25.8744082504,25.3326786606,25.4203687021,84843.0,26.07,0.0,26.556,26.0,26.09,1.0,84843.0,0,03
573,2014-10-31,25.624978799,25.9562522891,25.4008820262,25.8685622476,43663.0,26.3,0.0,26.64,26.07,26.55,1.0,43663.0,4,31
574,2014-10-30,25.7224121784,26.0877873514,25.624978799,25.7126688405,30633.0,26.4,0.0,26.775,26.3,26.39,1.0,30633.0,3,30
575,2014-10-29,25.8490755717,26.749359998,25.439855378,26.4434191864,116057.0,26.53,0.0,27.454,26.11,27.14,1.0,116057.0,2,29
576,2014-10-28,26.4629058623,26.8721260561,25.4885720677,26.2290657516,131994.0,27.16,0.0,27.58,26.16,26.92,1.0,131994.0,1,28
577,2014-10-27,26.4434191864,28.3774717688,26.0147123168,28.1777333409,111448.0,27.14,0.0,29.125,26.7,28.92,1.0,111448.0,0,27
578,2014-10-24,28.4992634931,28.879253673,28.2361933686,28.879253673,49832.0,29.25,0.0,29.64,28.98,29.64,1.0,49832.0,4,24
579,2014-10-23,28.7428469418,29.1130937838,28.6454135623,29.1130937838,47485.0,29.5,0.0,29.88,29.4,29.88,1.0,47485.0,3,23
580,2014-10-22,28.7915636315,29.1520671355,28.7672052867,28.8882175439,22145.0,29.55,0.0,29.92,29.525,29.6492,1.0,22145.0,2,22
581,2014-10-21,29.0838637699,29.5710306672,28.6551569003,29.5564156603,46354.0,29.85,0.0,30.35,29.41,30.335,1.0,46354.0,1,21
582,2014-10-20,29.0936071079,29.3420622255,28.9377137007,29.2397571771,11185.0,29.86,0.0,30.115,29.7,30.01,1.0,11185.0,0,20
583,2014-10-17,29.1910404873,29.9217908333,29.1715538114,29.9217908333,26736.0,29.96,0.0,30.71,29.94,30.71,1.0,26736.0,4,17
584,2014-10-16,29.5612873293,29.9607641851,29.1325804596,29.3371905565,90046.0,30.34,0.0,30.75,29.9,30.11,1.0,90046.0,3,16
585,2014-10-15,29.7269240744,29.7464107503,28.4992634931,29.2787305288,45944.0,30.51,0.0,30.53,29.25,30.05,1.0,45944.0,2,15
586,2014-10-14,29.6587207087,29.9217908333,28.6161835485,29.2007838253,35716.0,30.44,0.0,30.71,29.37,29.97,1.0,35716.0,1,14
587,2014-10-13,29.1812971494,29.8730741436,28.9864303904,28.9864303904,33147.0,29.95,0.0,30.66,29.75,29.75,1.0,33147.0,0,13
588,2014-10-10,29.2105271632,29.3742152407,28.6064402105,29.0838637699,49193.0,29.98,0.0,30.148,29.36,29.85,1.0,49193.0,4,10
589,2014-10-09,29.2738588599,30.1458876061,29.1618104735,30.1458876061,32403.0,30.045,0.0,30.94,29.93,30.94,1.0,32403.0,3,09
590,2014-10-08,30.0874275784,30.2043476337,29.424880598,29.9558925161,78269.0,30.88,0.0,31.0,30.2,30.745,1.0,78269.0,2,08
591,2014-10-07,29.7171807364,30.2822943373,29.6489773708,30.2530643235,37471.0,30.5,0.0,31.08,30.43,31.05,1.0,37471.0,1,07
592,2014-10-06,30.2725509994,30.4479310824,29.4833406257,30.1458876061,60077.0,31.07,0.0,31.25,30.26,30.94,1.0,60077.0,0,06
593,2014-10-03,30.2433209855,30.5843378137,29.1345291272,29.6879507226,108427.0,31.04,0.0,31.39,29.902,30.47,1.0,108427.0,4,03
594,2014-10-02,29.4151372601,29.8633308056,29.0059170663,29.7581027558,50973.0,30.19,0.0,30.65,29.77,30.542,1.0,50973.0,3,02
595,2014-10-01,29.619747357,30.2628076614,28.9708410497,29.970507523,37819.0,30.4,0.0,31.06,29.734,30.76,1.0,37819.0,2,01
596,2014-09-30,29.8438441297,30.4187010686,29.7269240744,29.8828174815,30319.0,30.63,0.0,31.22,30.51,30.67,1.0,30319.0,1,30
597,2014-09-29,30.165374282,30.3212676891,29.5807740052,29.6684640467,29160.0,30.96,0.0,31.12,30.36,30.45,1.0,29160.0,0,29
598,2014-09-26,29.8730741436,30.2725509994,29.2397571771,29.9120474954,35048.0,30.66,0.0,31.07,30.01,30.7,1.0,35048.0,4,26
599,2014-09-25,29.9510208471,30.3797277168,29.6976940605,29.717083303,29655.0,30.74,0.0,31.18,30.48,30.4999,1.0,29655.0,3,25
600,2014-09-24,30.2530643235,30.9350979797,30.2043476337,30.2179883069,19531.0,31.05,0.0,31.75,31.0,31.014,1.0,19531.0,2,24
601,2014-09-23,30.4576744203,30.8571512762,29.5320573154,29.9510208471,40100.0,31.26,0.0,31.67,30.31,30.74,1.0,40100.0,1,23
602,2014-09-22,30.2433209855,30.9043090318,30.1069142543,30.6135678275,49400.0,31.04,0.0,31.7184,30.9,31.42,1.0,49400.0,0,22
603,2014-09-19,30.7597178967,31.3735481873,30.340754365,30.6135678275,54200.0,31.57,0.0,32.2,31.14,31.42,1.0,54200.0,4,19
604,2014-09-18,30.6427978413,31.1007347248,30.4479310824,30.7402312208,32300.0,31.45,0.0,31.92,31.25,31.55,1.0,32300.0,3,18
605,2014-09-17,30.6817711931,31.3053448217,30.5648511378,30.9350979797,92500.0,31.49,0.0,32.13,31.37,31.75,1.0,92500.0,2,17
606,2014-09-16,30.9156113038,30.9350979797,30.5940811516,30.5940811516,28400.0,31.73,0.0,31.75,31.4,31.4,1.0,28400.0,1,16
607,2014-09-15,30.6915145311,31.0812480489,30.516134448,30.7889479105,18100.0,31.5,0.0,31.9,31.32,31.6,1.0,18100.0,0,15
608,2014-09-12,30.5063911101,30.8639716127,30.0728125715,30.525877786,73500.0,31.31,0.0,31.677,30.865,31.33,1.0,73500.0,4,12
609,2014-09-11,30.6817711931,30.6915145311,30.4381877445,30.525877786,37100.0,31.49,0.0,31.5,31.24,31.33,1.0,37100.0,3,11
610,2014-09-10,30.6915145311,30.6915145311,30.2530643235,30.2530643235,13400.0,31.5,0.0,31.5,31.05,31.05,1.0,13400.0,2,10
611,2014-09-09,30.5940811516,30.6915145311,30.2238343096,30.2238343096,11700.0,31.4,0.0,31.5,31.02,31.02,1.0,11700.0,1,09
612,2014-09-08,30.5745944757,30.7304878828,30.4966477721,30.7304878828,4900.0,31.38,0.0,31.54,31.3,31.54,1.0,4900.0,0,08
613,2014-09-05,30.5745944757,30.6915145311,30.4674177583,30.5551077998,14800.0,31.38,0.0,31.5,31.27,31.36,1.0,14800.0,4,05
614,2014-09-04,30.4966477721,30.9350979797,30.4479310824,30.8571512762,16600.0,31.3,0.0,31.75,31.25,31.67,1.0,16600.0,3,04
615,2014-09-03,30.9253546418,30.9740713315,30.4089577306,30.4089577306,30000.0,31.74,0.0,31.79,31.21,31.21,1.0,30000.0,2,03
616,2014-09-02,30.4966477721,31.1494514145,30.4869044342,30.7889479105,128100.0,31.3,0.0,31.97,31.29,31.6,1.0,128100.0,1,02
617,2014-08-29,30.876637952,31.2857607124,30.5892094826,30.701257869,58900.0,31.69,0.0,32.1099,31.395,31.51,1.0,58900.0,4,29
618,2014-08-28,30.6427978413,30.9107396349,30.525877786,30.6915145311,20400.0,31.45,0.0,31.725,31.33,31.5,1.0,20400.0,3,28
619,2014-08-27,30.8668946141,30.8668946141,30.165374282,30.165374282,16500.0,31.68,0.0,31.68,30.96,30.96,1.0,16500.0,2,27
620,2014-08-26,30.7597178967,31.2273981181,30.6330545034,31.2079114422,59700.0,31.57,0.0,32.05,31.44,32.03,1.0,59700.0,1,26
621,2014-08-25,30.8474079382,31.061761373,30.2140909717,30.2140909717,35200.0,31.66,0.0,31.88,31.01,31.01,1.0,35200.0,0,25
622,2014-08-22,30.4966477721,30.5551077998,30.0581975645,30.0679409025,10100.0,31.3,0.0,31.36,30.85,30.86,1.0,10100.0,4,22
623,2014-08-21,30.2043476337,30.3602410409,29.5612873293,29.5612873293,50600.0,31.0,0.0,31.16,30.34,30.34,1.0,50600.0,3,21
624,2014-08-20,30.0289675507,30.2043476337,29.8048707779,29.9120474954,30800.0,30.82,0.0,31.0,30.59,30.7,1.0,30800.0,2,20
625,2014-08-19,29.9120474954,30.0094808748,29.8146141159,29.9120474954,109700.0,30.7,0.0,30.8,30.6,30.7,1.0,109700.0,1,19
626,2014-08-18,29.8730741436,29.9120474954,29.4541106119,29.619747357,83800.0,30.66,0.0,30.7,30.23,30.4,1.0,83800.0,0,18
627,2014-08-15,29.6002606811,29.7171807364,29.4443672739,29.619747357,29600.0,30.38,0.0,30.5,30.22,30.4,1.0,29600.0,4,15
628,2014-08-14,29.5710306672,29.7464107503,29.5125706396,29.7464107503,23600.0,30.35,0.0,30.53,30.29,30.53,1.0,23600.0,3,14
629,2014-08-13,29.5418006534,29.7658974262,29.5418006534,29.6392340329,27800.0,30.32,0.0,30.55,30.32,30.42,1.0,27800.0,2,13
630,2014-08-12,29.7464107503,29.7658974262,29.2689871909,29.7658974262,37400.0,30.53,0.0,30.55,30.04,30.55,1.0,37400.0,1,12
631,2014-08-11,29.7269240744,29.8779458125,29.5223139775,29.5905173431,34200.0,30.51,0.0,30.665,30.3,30.37,1.0,34200.0,0,11
632,2014-08-08,29.7366674123,30.4693664259,29.6782073846,29.7366674123,88400.0,30.52,0.0,31.272,30.46,30.52,1.0,88400.0,4,08
633,2014-08-07,29.7366674123,29.9315341712,29.5661589983,29.9120474954,42300.0,30.52,0.0,30.72,30.345,30.7,1.0,42300.0,3,07
634,2014-08-06,29.8925608195,30.1380929357,29.5759023362,29.785384102,74600.0,30.68,0.0,30.932,30.355,30.57,1.0,74600.0,2,06
635,2014-08-05,29.785384102,30.0289675507,29.3177038806,29.6002606811,57700.0,30.57,0.0,30.82,30.09,30.38,1.0,57700.0,1,05
636,2014-08-04,29.6002606811,29.6976940605,28.4505468034,29.0838637699,41300.0,30.38,0.0,30.48,29.2,29.85,1.0,41300.0,0,04
637,2014-08-01,29.0351470802,29.2202705012,28.2849100583,28.9377137007,19800.0,29.8,0.0,29.99,29.03,29.7,1.0,19800.0,4,01
638,2014-07-31,28.9377137007,29.1754511466,28.4797768172,28.9572003766,34100.0,29.7,0.0,29.944,29.23,29.72,1.0,34100.0,3,31
639,2014-07-30,29.0351470802,29.6275420273,28.8207936454,29.2300138391,71400.0,29.8,0.0,30.408,29.58,30.0,1.0,71400.0,2,30
640,2014-07-29,28.9572003766,32.0653251815,28.2556800445,28.4797768172,166100.0,29.72,0.0,32.91,29.0,29.23,1.0,166100.0,1,29
641,2014-07-28,28.5479801829,29.5262113127,28.158246665,29.1325804596,54500.0,29.3,0.0,30.304,28.9,29.9,1.0,54500.0,0,28
642,2014-07-25,29.1423237976,29.3664205704,28.8422289888,28.9864303904,102500.0,29.91,0.0,30.14,29.602,29.75,1.0,102500.0,4,25
643,2014-07-24,29.1423237976,29.7756407641,28.7623336177,29.3274472186,81600.0,29.91,0.0,30.56,29.52,30.1,1.0,81600.0,3,24
644,2014-07-23,29.3274472186,29.4687256188,29.1618104735,29.249500515,25700.0,30.1,0.0,30.245,29.93,30.02,1.0,25700.0,2,23
645,2014-07-22,29.3664205704,29.5515439913,28.9182270248,29.1812971494,87900.0,30.14,0.0,30.33,29.68,29.95,1.0,87900.0,1,22
646,2014-07-21,29.1325804596,29.2884738668,28.879253673,29.1130937838,49100.0,29.9,0.0,30.06,29.64,29.88,1.0,49100.0,0,21
647,2014-07-18,29.2300138391,29.3274472186,29.1520671355,29.2300138391,50700.0,30.0,0.0,30.1,29.92,30.0,1.0,50700.0,4,18
648,2014-07-17,29.1325804596,29.2007838253,28.8987403489,29.0546337561,63600.0,29.9,0.0,29.97,29.66,29.82,1.0,63600.0,3,17
649,2014-07-16,29.064377094,29.1910404873,28.6941302521,28.8500236592,367400.0,29.83,0.0,29.96,29.45,29.61,1.0,367400.0,2,16
650,2014-07-15,28.6746435762,29.2202705012,28.3920867757,29.0838637699,256800.0,29.43,0.0,29.99,29.14,29.85,1.0,256800.0,1,15
651,2014-07-14,28.9864303904,29.2982172047,28.7331036038,28.7428469418,97600.0,29.75,0.0,30.07,29.49,29.5,1.0,97600.0,0,14
652,2014-07-11,28.7331036038,28.7915636315,28.0608132855,28.4408034655,92100.0,29.49,0.0,29.55,28.8,29.19,1.0,92100.0,4,11
653,2014-07-10,28.3043967342,28.4992634931,27.6515930918,27.8951765405,63600.0,29.05,0.0,29.25,28.38,28.63,1.0,63600.0,3,10
654,2014-07-09,28.2361933686,28.5090068311,28.0413266096,28.5090068311,38800.0,28.98,0.0,29.26,28.78,29.26,1.0,38800.0,2,09
655,2014-07-08,28.3823434378,29.434623936,27.6808231056,28.3823434378,56600.0,29.13,0.0,30.21,28.41,29.13,1.0,56600.0,1,08
656,2014-07-07,28.4602901413,29.4151372601,28.2264500306,28.6259268864,50000.0,29.21,0.0,30.19,28.97,29.38,1.0,50000.0,0,07
657,2014-07-03,28.7428469418,28.9864303904,28.3726000998,28.7428469418,53000.0,29.5,0.0,29.75,29.12,29.5,1.0,53000.0,3,03
658,2014-07-02,28.7428469418,28.7915636315,28.0413266096,28.0413266096,65100.0,29.5,0.0,29.55,28.78,28.78,1.0,65100.0,2,02
659,2014-07-01,28.0802999614,28.6843869141,27.4664696708,28.6843869141,94300.0,28.82,0.0,29.44,28.19,29.44,1.0,94300.0,1,01
660,2014-06-30,28.3141400721,28.4797768172,27.8269731748,28.3628567619,151200.0,29.06,0.0,29.23,28.56,29.11,1.0,151200.0,0,30
661,2014-06-27,28.2264500306,29.2787305288,28.0120965958,29.064377094,886700.0,28.97,0.0,30.05,28.75,29.83,1.0,886700.0,4,27
662,2014-06-26,28.9766870525,29.2787305288,28.2556800445,28.9182270248,31100.0,29.74,0.0,30.05,29.0,29.68,1.0,31100.0,3,26
663,2014-06-25,29.1130937838,29.2787305288,27.6613364297,27.6613364297,72700.0,29.88,0.0,30.05,28.39,28.39,1.0,72700.0,2,25
664,2014-06-24,28.1485033271,28.4505468034,27.8367165128,27.8367165128,38600.0,28.89,0.0,29.2,28.57,28.57,1.0,38600.0,1,24
665,2014-06-23,27.9438932302,28.4310601275,27.5542571457,28.4310601275,67100.0,28.68,0.0,29.18,28.2801,29.18,1.0,67100.0,0,23
666,2014-06-20,28.2946533963,29.4541106119,27.797743161,29.1812971494,335800.0,29.04,0.0,30.23,28.53,29.95,1.0,335800.0,4,20
667,2014-06-19,29.1033504458,29.2300138391,28.6747410095,28.8928943462,89600.0,29.87,0.0,30.0,29.4301,29.654,1.0,89600.0,3,19
668,2014-06-18,29.2300138391,29.4638539498,28.7720769556,29.4638539498,74100.0,30.0,0.0,30.24,29.53,30.24,1.0,74100.0,2,18
669,2014-06-17,29.1520671355,29.3859072462,28.1192733132,29.3859072462,53800.0,29.92,0.0,30.16,28.86,30.16,1.0,53800.0,1,17
670,2014-06-16,29.074120432,29.4638539498,28.8695103351,29.1520671355,75900.0,29.84,0.0,30.24,29.63,29.92,1.0,75900.0,0,16
671,2014-06-13,29.2300138391,29.6392340329,28.9961737284,29.4638539498,24600.0,30.0,0.0,30.42,29.76,30.24,1.0,24600.0,4,13
672,2014-06-12,28.9766870525,29.3274472186,28.7331036038,29.3274472186,52700.0,29.74,0.0,30.1,29.49,30.1,1.0,52700.0,3,12
673,2014-06-11,29.1325804596,29.2300138391,28.7818202936,29.1423237976,20900.0,29.9,0.0,30.0,29.54,29.91,1.0,20900.0,2,11
674,2014-06-10,29.2300138391,29.7074373985,28.8597669971,29.1423237976,61500.0,30.0,0.0,30.49,29.62,29.91,1.0,61500.0,1,10
675,2014-06-09,29.2884738668,29.6587207087,28.7525902797,29.5223139775,89200.0,30.06,0.0,30.44,29.51,30.3,1.0,89200.0,0,09
676,2014-06-06,29.610004019,29.6879507226,29.3469338945,29.6879507226,24300.0,30.39,0.0,30.47,30.12,30.47,1.0,24300.0,4,06
677,2014-06-05,29.7366674123,29.8925608195,29.3761639083,29.5612873293,52600.0,30.52,0.0,30.68,30.15,30.34,1.0,52600.0,3,05
678,2014-06-04,29.5710306672,29.7171807364,29.434623936,29.7074373985,43800.0,30.35,0.0,30.5,30.21,30.49,1.0,43800.0,2,04
679,2014-06-03,29.5905173431,29.6878532892,29.249500515,29.5223139775,50700.0,30.37,0.0,30.4699,30.02,30.3,1.0,50700.0,1,03
680,2014-06-02,29.5320573154,30.1458876061,29.2300138391,29.3177038806,45100.0,30.31,0.0,30.94,30.0,30.09,1.0,45100.0,0,02
681,2014-05-30,29.2300138391,29.5125706396,28.879253673,29.2884738668,28500.0,30.0,0.0,30.29,29.64,30.06,1.0,28500.0,4,30
682,2014-05-29,29.2300138391,29.4638539498,28.9864303904,29.3274472186,47700.0,30.0,0.0,30.24,29.75,30.1,1.0,47700.0,3,29
683,2014-05-28,29.2787305288,29.424880598,28.8695103351,29.424880598,18000.0,30.05,0.0,30.2,29.63,30.2,1.0,18000.0,2,28
684,2014-05-27,29.2884738668,29.4638539498,28.9670411479,29.3274472186,28300.0,30.06,0.0,30.24,29.7301,30.1,1.0,28300.0,1,27
685,2014-05-23,29.3761639083,29.6684640467,29.074120432,29.3761639083,18500.0,30.15,0.0,30.45,29.84,30.15,1.0,18500.0,4,23
686,2014-05-22,29.3371905565,29.6684640467,29.0351470802,29.4735972878,28600.0,30.11,0.0,30.45,29.8,30.25,1.0,28600.0,3,22
687,2014-05-21,29.4735972878,29.790255771,28.9474570387,29.5418006534,33200.0,30.25,0.0,30.575,29.71,30.32,1.0,33200.0,2,21
688,2014-05-20,29.4151372601,29.7171807364,27.9341498922,29.3956505842,108400.0,30.19,0.0,30.5,28.67,30.17,1.0,108400.0,1,20
689,2014-05-19,29.4833406257,29.7074373985,29.4735972878,29.6782073846,6600.0,30.26,0.0,30.49,30.25,30.46,1.0,6600.0,0,19
690,2014-05-16,29.6489773708,29.8584591366,29.3029914403,29.8048707779,15900.0,30.43,0.0,30.645,30.0749,30.59,1.0,15900.0,4,16
691,2014-05-15,29.8048707779,30.340754365,29.4833406257,30.340754365,22000.0,30.59,0.0,31.14,30.26,31.14,1.0,22000.0,3,15
692,2014-05-14,29.980250861,30.1848609579,29.6976940605,30.1166575922,31200.0,30.77,0.0,30.98,30.48,30.91,1.0,31200.0,2,14
693,2014-05-13,29.9412775092,31.8217417328,29.2845765316,31.8217417328,51900.0,30.73,0.0,32.66,30.056,32.66,1.0,51900.0,1,13
694,2014-05-12,29.8146141159,30.1751176199,29.5807740052,30.0289675507,18300.0,30.6,0.0,30.97,30.36,30.82,1.0,18300.0,0,12
695,2014-05-09,29.8243574538,29.9023041574,29.0448904181,29.0448904181,17100.0,30.61,0.0,30.69,29.81,29.81,1.0,17100.0,4,09
696,2014-05-08,29.2300138391,29.4151372601,29.074120432,29.2300138391,46600.0,30.0,0.0,30.19,29.84,30.0,1.0,46600.0,3,08
697,2014-05-07,29.2300138391,29.4735972878,28.9961737284,29.0838637699,16000.0,30.0,0.0,30.25,29.76,29.85,1.0,16000.0,2,07
698,2014-05-06,29.249500515,29.2592438529,28.9962711618,29.1812971494,43800.0,30.02,0.0,30.03,29.7601,29.95,1.0,43800.0,1,06
699,2014-05-05,29.2300138391,29.2592438529,29.1715538114,29.2202705012,25200.0,30.0,0.0,30.03,29.94,29.99,1.0,25200.0,0,05
700,2014-05-02,29.2689871909,29.2787305288,29.1034478792,29.2300138391,63200.0,30.04,0.0,30.05,29.8701,30.0,1.0,63200.0,4,02
701,2014-05-01,29.249500515,29.2689871909,28.4505468034,28.4505468034,26400.0,30.02,0.0,30.04,29.2,29.2,1.0,26400.0,3,01
702,2014-04-30,29.2592438529,29.2689871909,28.7428469418,28.7428469418,49500.0,30.03,0.0,30.04,29.5,29.5,1.0,49500.0,2,30
703,2014-04-29,28.9961737284,29.2982172047,28.3628567619,29.2592438529,143000.0,29.76,0.0,30.07,29.11,30.03,1.0,143000.0,1,29
704,2014-04-28,29.2202705012,29.4735972878,29.1033504458,29.2106245966,181800.0,29.99,0.0,30.25,29.87,29.9801,1.0,181800.0,0,28
705,2014-04-25,29.1618104735,29.2300138391,28.4993609265,29.1130937838,61900.0,29.93,0.0,30.0,29.2501,29.88,1.0,61900.0,4,25
706,2014-04-24,29.2592438529,29.3177038806,29.0059170663,29.2787305288,86500.0,30.03,0.0,30.09,29.77,30.05,1.0,86500.0,3,24
707,2014-04-23,29.2300138391,29.2982172047,28.9474570387,29.1715538114,165700.0,30.0,0.0,30.07,29.71,29.94,1.0,165700.0,2,23
708,2014-04-22,29.0351470802,29.1325804596,28.7428469418,28.7428469418,152200.0,29.8,0.0,29.9,29.5,29.5,1.0,152200.0,1,22
709,2014-04-21,28.5577235208,28.7331036038,28.4992634931,28.6746435762,46200.0,29.31,0.0,29.49,29.25,29.43,1.0,46200.0,0,21
710,2014-04-17,28.6843869141,28.7428469418,28.4992634931,28.4992634931,259300.0,29.44,0.0,29.5,29.25,29.25,1.0,259300.0,3,17
711,2014-04-16,28.5772101967,29.4638539498,28.4992634931,29.2300138391,2437500.0,29.33,0.0,30.24,29.25,30.0,1.0,2437500.0,2,16
