,Unnamed: 0,adj_close,adj_high,adj_low,adj_open,adj_volume,close,ex_dividend,high,low,open,split_ratio,volume,Day of Week,Day
0,2017-02-10,0.53,0.5808,0.53,0.57,5651.0,0.53,0.0,0.5808,0.53,0.57,1.0,5651.0,4,10
1,2017-02-09,0.56,0.7,0.4718,0.5,12364.0,0.56,0.0,0.7,0.4718,0.5,1.0,12364.0,3,09
2,2017-02-08,0.7,0.7,0.7,0.7,130.0,0.7,0.0,0.7,0.7,0.7,1.0,130.0,2,08
3,2017-02-07,0.69,0.69,0.67515,0.67515,3608.0,0.69,0.0,0.69,0.67515,0.67515,1.0,3608.0,1,07
4,2017-02-06,0.68,0.68,0.68,0.68,1432.0,0.68,0.0,0.68,0.68,0.68,1.0,1432.0,0,06
5,2017-02-03,0.68,0.68,0.508,0.508,4242.0,0.68,0.0,0.68,0.508,0.508,1.0,4242.0,4,03
6,2017-02-02,0.7,0.7,0.7,0.7,55.0,0.7,0.0,0.7,0.7,0.7,1.0,55.0,3,02
7,2017-02-01,0.7,0.7,0.539,0.59,1621.0,0.7,0.0,0.7,0.539,0.59,1.0,1621.0,2,01
8,2017-01-31,0.5899,0.61,0.46,0.61,2459.0,0.5899,0.0,0.61,0.46,0.61,1.0,2459.0,1,31
9,2017-01-30,0.62,0.62,0.62,0.62,114.0,0.62,0.0,0.62,0.62,0.62,1.0,114.0,0,30
10,2017-01-27,0.62,0.6676,0.46,0.6676,7937.0,0.62,0.0,0.6676,0.46,0.6676,1.0,7937.0,4,27
11,2017-01-26,0.55,0.7,0.55,0.5838,4774.0,0.55,0.0,0.7,0.55,0.5838,1.0,4774.0,3,26
12,2017-01-25,0.6,0.67,0.54,0.67,17879.0,0.6,0.0,0.67,0.54,0.67,1.0,17879.0,2,25
13,2017-01-24,0.62,0.62,0.62,0.62,1305.0,0.62,0.0,0.62,0.62,0.62,1.0,1305.0,1,24
14,2017-01-23,0.4926,0.4926,0.4926,0.4926,247.0,0.4926,0.0,0.4926,0.4926,0.4926,1.0,247.0,0,23
15,2017-01-20,0.6186,0.7,0.45,0.63,5921.0,0.6186,0.0,0.7,0.45,0.63,1.0,5921.0,4,20
16,2017-01-19,0.61,0.65,0.61,0.65,4419.0,0.61,0.0,0.65,0.61,0.65,1.0,4419.0,3,19
17,2017-01-18,0.6295,0.6295,0.52,0.52,1368.0,0.6295,0.0,0.6295,0.52,0.52,1.0,1368.0,2,18
18,2017-01-17,0.52,0.6,0.4027,0.6,6987.0,0.52,0.0,0.6,0.4027,0.6,1.0,6987.0,1,17
19,2017-01-13,0.5,0.5,0.3675,0.5,1926.0,0.5,0.0,0.5,0.3675,0.5,1.0,1926.0,4,13
20,2017-01-12,0.35,0.35,0.35,0.35,2554.0,0.35,0.0,0.35,0.35,0.35,1.0,2554.0,3,12
21,2017-01-11,0.64,0.64,0.6107,0.6107,6712.0,0.64,0.0,0.64,0.6107,0.6107,1.0,6712.0,2,11
22,2017-01-10,0.64,0.65,0.546,0.6,18369.0,0.64,0.0,0.65,0.546,0.6,1.0,18369.0,1,10
23,2017-01-09,0.5,0.5,0.5,0.5,7150.0,0.5,0.0,0.5,0.5,0.5,1.0,7150.0,0,09
24,2017-01-06,0.5,0.63,0.5,0.63,3550.0,0.5,0.0,0.63,0.5,0.63,1.0,3550.0,4,06
25,2017-01-05,0.49,0.49,0.49,0.49,15.0,0.49,0.0,0.49,0.49,0.49,1.0,15.0,3,05
26,2017-01-04,0.49,0.49,0.4053,0.48,2993.0,0.49,0.0,0.49,0.4053,0.48,1.0,2993.0,2,04
27,2017-01-03,0.38,0.48,0.31,0.46,4232.0,0.38,0.0,0.48,0.31,0.46,1.0,4232.0,1,03
28,2016-12-30,0.325,0.45,0.21,0.44,33284.0,0.325,0.0,0.45,0.21,0.44,1.0,33284.0,4,30
29,2016-12-29,0.458,0.6,0.35,0.6,8993.0,0.458,0.0,0.6,0.35,0.6,1.0,8993.0,3,29
30,2016-12-28,0.4,0.4,0.3415,0.3415,5610.0,0.4,0.0,0.4,0.3415,0.3415,1.0,5610.0,2,28
31,2016-12-27,0.3996,0.4,0.3996,0.4,5900.0,0.3996,0.0,0.4,0.3996,0.4,1.0,5900.0,1,27
32,2016-12-23,0.4,0.46,0.3936,0.4,24990.0,0.4,0.0,0.46,0.3936,0.4,1.0,24990.0,4,23
33,2016-12-22,0.4,0.4,0.4,0.4,100.0,0.4,0.0,0.4,0.4,0.4,1.0,100.0,3,22
34,2016-12-21,0.4,0.4,0.4,0.4,100.0,0.4,0.0,0.4,0.4,0.4,1.0,100.0,2,21
35,2016-12-20,0.4,0.4305,0.34,0.4305,9660.0,0.4,0.0,0.4305,0.34,0.4305,1.0,9660.0,1,20
36,2016-12-19,0.4715,0.4715,0.382,0.4,27400.0,0.4715,0.0,0.4715,0.382,0.4,1.0,27400.0,0,19
37,2016-12-16,0.4,0.4,0.323,0.4,10650.0,0.4,0.0,0.4,0.323,0.4,1.0,10650.0,4,16
38,2016-12-15,0.406,0.44,0.37,0.44,8415.0,0.406,0.0,0.44,0.37,0.44,1.0,8415.0,3,15
39,2016-12-14,0.4499,0.45,0.44,0.44,3867.0,0.4499,0.0,0.45,0.44,0.44,1.0,3867.0,2,14
40,2016-12-13,0.34,0.4,0.34,0.3999,15557.0,0.34,0.0,0.4,0.34,0.3999,1.0,15557.0,1,13
41,2016-12-12,0.36,0.598,0.36,0.5,27555.0,0.36,0.0,0.598,0.36,0.5,1.0,27555.0,0,12
42,2016-12-09,0.361,0.45,0.361,0.45,9120.0,0.361,0.0,0.45,0.361,0.45,1.0,9120.0,4,09
43,2016-12-08,0.5851,0.5851,0.445,0.45,2340.0,0.5851,0.0,0.5851,0.445,0.45,1.0,2340.0,3,08
44,2016-12-07,0.38,0.38,0.38,0.38,1000.0,0.38,0.0,0.38,0.38,0.38,1.0,1000.0,2,07
45,2016-12-06,0.45,0.59,0.45,0.5,23580.0,0.45,0.0,0.59,0.45,0.5,1.0,23580.0,1,06
46,2016-12-05,0.49,0.49,0.49,0.49,5506.0,0.49,0.0,0.49,0.49,0.49,1.0,5506.0,0,05
47,2016-12-02,0.4895,0.4895,0.4895,0.4895,87.0,0.4895,0.0,0.4895,0.4895,0.4895,1.0,87.0,4,02
48,2016-12-01,0.4895,0.49,0.4895,0.49,2860.0,0.4895,0.0,0.49,0.4895,0.49,1.0,2860.0,3,01
49,2016-11-30,0.394,0.42,0.394,0.42,350.0,0.394,0.0,0.42,0.394,0.42,1.0,350.0,2,30
50,2016-11-29,0.4684,0.4706,0.4684,0.4706,2500.0,0.4684,0.0,0.4706,0.4684,0.4706,1.0,2500.0,1,29
51,2016-11-28,0.44,0.44,0.44,0.44,0.0,0.44,0.0,0.44,0.44,0.44,1.0,0.0,0,28
52,2016-11-25,0.44,0.44,0.36,0.36,6600.0,0.44,0.0,0.44,0.36,0.36,1.0,6600.0,4,25
53,2016-11-23,0.34,0.4834,0.34,0.46,3001.0,0.34,0.0,0.4834,0.34,0.46,1.0,3001.0,2,23
54,2016-11-22,0.35,0.58,0.35,0.58,3400.0,0.35,0.0,0.58,0.35,0.58,1.0,3400.0,1,22
55,2016-11-21,0.4596,0.4596,0.4596,0.4596,1.0,0.4596,0.0,0.4596,0.4596,0.4596,1.0,1.0,0,21
56,2016-11-18,0.4596,0.46,0.3684,0.45,9020.0,0.4596,0.0,0.46,0.3684,0.45,1.0,9020.0,4,18
57,2016-11-17,0.3401,0.3401,0.3401,0.3401,0.0,0.3401,0.0,0.3401,0.3401,0.3401,1.0,0.0,3,17
58,2016-11-16,0.3401,0.3401,0.3401,0.3401,0.0,0.3401,0.0,0.3401,0.3401,0.3401,1.0,0.0,2,16
59,2016-11-15,0.3401,0.45,0.34,0.45,8130.0,0.3401,0.0,0.45,0.34,0.45,1.0,8130.0,1,15
60,2016-11-14,0.45,0.45,0.45,0.45,4.0,0.45,0.0,0.45,0.45,0.45,1.0,4.0,0,14
61,2016-11-11,0.45,0.45,0.45,0.45,1000.0,0.45,0.0,0.45,0.45,0.45,1.0,1000.0,4,11
62,2016-11-10,0.45,0.45,0.45,0.45,0.0,0.45,0.0,0.45,0.45,0.45,1.0,0.0,3,10
63,2016-11-09,0.45,0.45,0.3787,0.45,500.0,0.45,0.0,0.45,0.3787,0.45,1.0,500.0,2,09
64,2016-11-08,0.35,0.45,0.35,0.45,1675.0,0.35,0.0,0.45,0.35,0.45,1.0,1675.0,1,08
65,2016-11-07,0.3975,0.45,0.3432,0.345,1784.0,0.3975,0.0,0.45,0.3432,0.345,1.0,1784.0,0,07
66,2016-11-04,0.345,0.345,0.345,0.345,100.0,0.345,0.0,0.345,0.345,0.345,1.0,100.0,4,04
67,2016-11-03,0.34,0.34,0.34,0.34,100.0,0.34,0.0,0.34,0.34,0.34,1.0,100.0,3,03
68,2016-11-02,0.34,0.34,0.34,0.34,1600.0,0.34,0.0,0.34,0.34,0.34,1.0,1600.0,2,02
69,2016-11-01,0.42,0.42,0.42,0.42,4.0,0.42,0.0,0.42,0.42,0.42,1.0,4.0,1,01
70,2016-10-31,0.42,0.42,0.42,0.42,0.0,0.42,0.0,0.42,0.42,0.42,1.0,0.0,0,31
71,2016-10-28,0.42,0.42,0.42,0.42,0.0,0.42,0.0,0.42,0.42,0.42,1.0,0.0,4,28
72,2016-10-27,0.42,0.42,0.42,0.42,0.0,0.42,0.0,0.42,0.42,0.42,1.0,0.0,3,27
73,2016-10-26,0.42,0.42,0.42,0.42,100.0,0.42,0.0,0.42,0.42,0.42,1.0,100.0,2,26
74,2016-10-25,0.44,0.45,0.44,0.45,600.0,0.44,0.0,0.45,0.44,0.45,1.0,600.0,1,25
75,2016-10-24,0.408,0.54,0.408,0.44,1690.0,0.408,0.0,0.54,0.408,0.44,1.0,1690.0,0,24
76,2016-10-21,0.34,0.45,0.34,0.45,3929.0,0.34,0.0,0.45,0.34,0.45,1.0,3929.0,4,21
77,2016-10-20,0.44,0.44,0.42,0.42,7605.0,0.44,0.0,0.44,0.42,0.42,1.0,7605.0,3,20
78,2016-10-19,0.42,0.42,0.42,0.42,100.0,0.42,0.0,0.42,0.42,0.42,1.0,100.0,2,19
79,2016-10-18,0.42,0.4929,0.42,0.45,2300.0,0.42,0.0,0.4929,0.42,0.45,1.0,2300.0,1,18
80,2016-10-17,0.4477,0.47,0.4477,0.47,1600.0,0.4477,0.0,0.47,0.4477,0.47,1.0,1600.0,0,17
81,2016-10-14,0.42,0.42,0.42,0.42,0.0,0.42,0.0,0.42,0.42,0.42,1.0,0.0,4,14
82,2016-10-13,0.42,0.42,0.42,0.42,620.0,0.42,0.0,0.42,0.42,0.42,1.0,620.0,3,13
83,2016-10-12,0.42,0.42,0.42,0.42,0.0,0.42,0.0,0.42,0.42,0.42,1.0,0.0,2,12
84,2016-10-11,0.42,0.45,0.42,0.45,14718.0,0.42,0.0,0.45,0.42,0.45,1.0,14718.0,1,11
85,2016-10-10,0.45,0.4923,0.44,0.45,22823.0,0.45,0.0,0.4923,0.44,0.45,1.0,22823.0,0,10
86,2016-10-07,0.3501,0.3501,0.3501,0.3501,2000.0,0.3501,0.0,0.3501,0.3501,0.3501,1.0,2000.0,4,07
87,2016-10-06,0.45,0.45,0.45,0.45,0.0,0.45,0.0,0.45,0.45,0.45,1.0,0.0,3,06
88,2016-10-05,0.45,0.45,0.45,0.45,0.0,0.45,0.0,0.45,0.45,0.45,1.0,0.0,2,05
89,2016-10-04,0.45,0.45,0.45,0.45,0.0,0.45,0.0,0.45,0.45,0.45,1.0,0.0,1,04
90,2016-10-03,0.45,0.45,0.45,0.45,0.0,0.45,0.0,0.45,0.45,0.45,1.0,0.0,0,03
91,2016-09-30,0.45,0.45,0.4077,0.43,4000.0,0.45,0.0,0.45,0.4077,0.43,1.0,4000.0,4,30
92,2016-09-29,0.34,0.35,0.34,0.35,6000.0,0.34,0.0,0.35,0.34,0.35,1.0,6000.0,3,29
93,2016-09-28,0.4,0.45,0.34,0.45,5600.0,0.4,0.0,0.45,0.34,0.45,1.0,5600.0,2,28
94,2016-09-27,0.34,0.4192,0.34,0.4,1001.0,0.34,0.0,0.4192,0.34,0.4,1.0,1001.0,1,27
95,2016-09-26,0.45,0.45,0.45,0.45,0.0,0.45,0.0,0.45,0.45,0.45,1.0,0.0,0,26
96,2016-09-23,0.45,0.45,0.45,0.45,0.0,0.45,0.0,0.45,0.45,0.45,1.0,0.0,4,23
97,2016-09-22,0.45,0.45,0.45,0.45,0.0,0.45,0.0,0.45,0.45,0.45,1.0,0.0,3,22
98,2016-09-21,0.45,0.45,0.45,0.45,0.0,0.45,0.0,0.45,0.45,0.45,1.0,0.0,2,21
99,2016-09-20,0.45,0.45,0.45,0.45,0.0,0.45,0.0,0.45,0.45,0.45,1.0,0.0,1,20
100,2016-09-19,0.45,0.45,0.45,0.45,0.0,0.45,0.0,0.45,0.45,0.45,1.0,0.0,0,19
101,2016-09-16,0.45,0.45,0.45,0.45,0.0,0.45,0.0,0.45,0.45,0.45,1.0,0.0,4,16
102,2016-09-15,0.45,0.45,0.45,0.45,4000.0,0.45,0.0,0.45,0.45,0.45,1.0,4000.0,3,15
103,2016-09-14,0.4,0.4,0.4,0.4,0.0,0.4,0.0,0.4,0.4,0.4,1.0,0.0,2,14
104,2016-09-13,0.4,0.4,0.4,0.4,30.0,0.4,0.0,0.4,0.4,0.4,1.0,30.0,1,13
105,2016-09-12,0.4,0.4,0.4,0.4,0.0,0.4,0.0,0.4,0.4,0.4,1.0,0.0,0,12
106,2016-09-09,0.4,0.4409,0.4,0.4409,910.0,0.4,0.0,0.4409,0.4,0.4409,1.0,910.0,4,09
107,2016-09-08,0.411,0.58,0.4105,0.48,1820.0,0.411,0.0,0.58,0.4105,0.48,1.0,1820.0,3,08
108,2016-09-07,0.41,0.58,0.34,0.4,6104.0,0.41,0.0,0.58,0.34,0.4,1.0,6104.0,2,07
109,2016-09-06,0.4081,0.4081,0.4081,0.4081,20.0,0.4081,0.0,0.4081,0.4081,0.4081,1.0,20.0,1,06
110,2016-09-02,0.4081,0.4081,0.4081,0.4081,0.0,0.4081,0.0,0.4081,0.4081,0.4081,1.0,0.0,4,02
111,2016-09-01,0.4081,0.4081,0.4081,0.4081,0.0,0.4081,0.0,0.4081,0.4081,0.4081,1.0,0.0,3,01
112,2016-08-31,0.4081,0.4081,0.4081,0.4081,0.0,0.4081,0.0,0.4081,0.4081,0.4081,1.0,0.0,2,31
113,2016-08-30,0.4081,0.4081,0.4081,0.4081,1010.0,0.4081,0.0,0.4081,0.4081,0.4081,1.0,1010.0,1,30
114,2016-08-29,0.42,0.42,0.42,0.42,65.0,0.42,0.0,0.42,0.42,0.42,1.0,65.0,0,29
115,2016-08-26,0.42,0.42,0.42,0.42,0.0,0.42,0.0,0.42,0.42,0.42,1.0,0.0,4,26
116,2016-08-25,0.42,0.42,0.42,0.42,0.0,0.42,0.0,0.42,0.42,0.42,1.0,0.0,3,25
117,2016-08-24,0.42,0.42,0.42,0.42,35.0,0.42,0.0,0.42,0.42,0.42,1.0,35.0,2,24
118,2016-08-23,0.42,0.5152,0.42,0.5152,853.0,0.42,0.0,0.5152,0.42,0.5152,1.0,853.0,1,23
119,2016-08-22,0.6,0.6,0.6,0.6,950.0,0.6,0.0,0.6,0.6,0.6,1.0,950.0,0,22
120,2016-08-19,0.35,0.5746,0.35,0.44,1241.0,0.35,0.0,0.5746,0.35,0.44,1.0,1241.0,4,19
121,2016-08-18,0.34,0.4794,0.34,0.46,2800.0,0.34,0.0,0.4794,0.34,0.46,1.0,2800.0,3,18
122,2016-08-17,0.42,0.42,0.42,0.42,0.0,0.42,0.0,0.42,0.42,0.42,1.0,0.0,2,17
123,2016-08-16,0.42,0.42,0.42,0.42,0.0,0.42,0.0,0.42,0.42,0.42,1.0,0.0,1,16
124,2016-08-15,0.42,0.46,0.42,0.45,2100.0,0.42,0.0,0.46,0.42,0.45,1.0,2100.0,0,15
125,2016-08-12,0.42,0.42,0.42,0.42,0.0,0.42,0.0,0.42,0.42,0.42,1.0,0.0,4,12
126,2016-08-11,0.42,0.42,0.42,0.42,2000.0,0.42,0.0,0.42,0.42,0.42,1.0,2000.0,3,11
127,2016-08-10,0.42,0.42,0.42,0.42,2.0,0.42,0.0,0.42,0.42,0.42,1.0,2.0,2,10
128,2016-08-09,0.42,0.42,0.42,0.42,200.0,0.42,0.0,0.42,0.42,0.42,1.0,200.0,1,09
129,2016-08-08,0.42,0.42,0.42,0.42,0.0,0.42,0.0,0.42,0.42,0.42,1.0,0.0,0,08
130,2016-08-05,0.42,0.42,0.42,0.42,2800.0,0.42,0.0,0.42,0.42,0.42,1.0,2800.0,4,05
131,2016-08-04,0.6,0.6,0.6,0.6,1003.0,0.6,0.0,0.6,0.6,0.6,1.0,1003.0,3,04
132,2016-08-03,0.59,0.59,0.59,0.59,0.0,0.59,0.0,0.59,0.59,0.59,1.0,0.0,2,03
133,2016-08-02,0.59,0.59,0.59,0.59,0.0,0.59,0.0,0.59,0.59,0.59,1.0,0.0,1,02
134,2016-08-01,0.59,0.59,0.59,0.59,2712.0,0.59,0.0,0.59,0.59,0.59,1.0,2712.0,0,01
135,2016-07-29,0.4,0.4,0.4,0.4,0.0,0.4,0.0,0.4,0.4,0.4,1.0,0.0,4,29
136,2016-07-28,0.4,0.4,0.4,0.4,0.0,0.4,0.0,0.4,0.4,0.4,1.0,0.0,3,28
137,2016-07-27,0.4,0.4,0.4,0.4,100.0,0.4,0.0,0.4,0.4,0.4,1.0,100.0,2,27
138,2016-07-26,0.59,0.59,0.59,0.59,1.0,0.59,0.0,0.59,0.59,0.59,1.0,1.0,1,26
139,2016-07-25,0.59,0.59,0.56,0.56,1295.0,0.59,0.0,0.59,0.56,0.56,1.0,1295.0,0,25
140,2016-07-22,0.4,0.4,0.4,0.4,0.0,0.4,0.0,0.4,0.4,0.4,1.0,0.0,4,22
141,2016-07-21,0.4,0.4,0.4,0.4,100.0,0.4,0.0,0.4,0.4,0.4,1.0,100.0,3,21
142,2016-07-20,0.3432,0.41,0.34,0.41,7000.0,0.3432,0.0,0.41,0.34,0.41,1.0,7000.0,2,20
143,2016-07-19,0.59,0.59,0.59,0.59,0.0,0.59,0.0,0.59,0.59,0.59,1.0,0.0,1,19
144,2016-07-18,0.59,0.59,0.59,0.59,0.0,0.59,0.0,0.59,0.59,0.59,1.0,0.0,0,18
145,2016-07-15,0.59,0.59,0.59,0.59,0.0,0.59,0.0,0.59,0.59,0.59,1.0,0.0,4,15
146,2016-07-14,0.59,0.59,0.59,0.59,0.0,0.59,0.0,0.59,0.59,0.59,1.0,0.0,3,14
147,2016-07-13,0.59,0.59,0.59,0.59,0.0,0.59,0.0,0.59,0.59,0.59,1.0,0.0,2,13
148,2016-07-12,0.59,0.59,0.59,0.59,0.0,0.59,0.0,0.59,0.59,0.59,1.0,0.0,1,12
149,2016-07-11,0.59,0.69,0.5142,0.59,600.0,0.59,0.0,0.69,0.5142,0.59,1.0,600.0,0,11
150,2016-07-08,0.45,0.45,0.45,0.45,0.0,0.45,0.0,0.45,0.45,0.45,1.0,0.0,4,08
151,2016-07-07,0.45,0.45,0.45,0.45,0.0,0.45,0.0,0.45,0.45,0.45,1.0,0.0,3,07
152,2016-07-06,0.45,0.45,0.45,0.45,0.0,0.45,0.0,0.45,0.45,0.45,1.0,0.0,2,06
153,2016-07-05,0.45,0.45,0.45,0.45,0.0,0.45,0.0,0.45,0.45,0.45,1.0,0.0,1,05
154,2016-07-01,0.45,0.45,0.45,0.45,0.0,0.45,0.0,0.45,0.45,0.45,1.0,0.0,4,01
155,2016-06-30,0.45,0.45,0.45,0.45,0.0,0.45,0.0,0.45,0.45,0.45,1.0,0.0,3,30
156,2016-06-29,0.45,0.45,0.45,0.45,0.0,0.45,0.0,0.45,0.45,0.45,1.0,0.0,2,29
157,2016-06-28,0.45,0.45,0.45,0.45,100.0,0.45,0.0,0.45,0.45,0.45,1.0,100.0,1,28
158,2016-06-27,0.46,0.46,0.45,0.45,1000.0,0.46,0.0,0.46,0.45,0.45,1.0,1000.0,0,27
159,2016-06-24,0.45,0.5,0.45,0.5,200.0,0.45,0.0,0.5,0.45,0.5,1.0,200.0,4,24
160,2016-06-23,0.4,0.4,0.4,0.4,0.0,0.4,0.0,0.4,0.4,0.4,1.0,0.0,3,23
161,2016-06-22,0.4,0.4,0.4,0.4,0.0,0.4,0.0,0.4,0.4,0.4,1.0,0.0,2,22
162,2016-06-21,0.4,0.4,0.4,0.4,100.0,0.4,0.0,0.4,0.4,0.4,1.0,100.0,1,21
163,2016-06-20,0.4,0.4,0.4,0.4,0.0,0.4,0.0,0.4,0.4,0.4,1.0,0.0,0,20
164,2016-06-17,0.4,0.4,0.4,0.4,40.0,0.4,0.0,0.4,0.4,0.4,1.0,40.0,4,17
165,2016-06-16,0.4,0.5107,0.4,0.4,3501.0,0.4,0.0,0.5107,0.4,0.4,1.0,3501.0,3,16
166,2016-06-15,0.4,0.4,0.4,0.4,2502.0,0.4,0.0,0.4,0.4,0.4,1.0,2502.0,2,15
167,2016-06-14,0.4,0.47,0.4,0.47,1000.0,0.4,0.0,0.47,0.4,0.47,1.0,1000.0,1,14
168,2016-06-13,0.35,0.35,0.35,0.35,0.0,0.35,0.0,0.35,0.35,0.35,1.0,0.0,0,13
169,2016-06-10,0.35,0.35,0.35,0.35,0.0,0.35,0.0,0.35,0.35,0.35,1.0,0.0,4,10
170,2016-06-09,0.35,0.35,0.35,0.35,1000.0,0.35,0.0,0.35,0.35,0.35,1.0,1000.0,3,09
171,2016-06-08,0.789,0.789,0.789,0.789,113.0,0.789,0.0,0.789,0.789,0.789,1.0,113.0,2,08
172,2016-06-07,0.83,0.96,0.48,0.489,3002.0,0.83,0.0,0.96,0.48,0.489,1.0,3002.0,1,07
173,2016-06-06,0.49,0.6767,0.45,0.45,1833.0,0.49,0.0,0.6767,0.45,0.45,1.0,1833.0,0,06
174,2016-06-03,0.37,0.37,0.37,0.37,0.0,0.37,0.0,0.37,0.37,0.37,1.0,0.0,4,03
175,2016-06-02,0.37,0.37,0.37,0.37,0.0,0.37,0.0,0.37,0.37,0.37,1.0,0.0,3,02
176,2016-06-01,0.37,0.37,0.37,0.37,300.0,0.37,0.0,0.37,0.37,0.37,1.0,300.0,2,01
177,2016-05-31,0.36,0.37,0.36,0.37,200.0,0.36,0.0,0.37,0.36,0.37,1.0,200.0,1,31
178,2016-05-27,0.37,0.4,0.37,0.4,200.0,0.37,0.0,0.4,0.37,0.4,1.0,200.0,4,27
179,2016-05-26,0.3636,0.3636,0.3636,0.3636,0.0,0.3636,0.0,0.3636,0.3636,0.3636,1.0,0.0,3,26
180,2016-05-25,0.3636,0.3636,0.3636,0.3636,0.0,0.3636,0.0,0.3636,0.3636,0.3636,1.0,0.0,2,25
181,2016-05-24,0.3636,0.3636,0.3636,0.3636,0.0,0.3636,0.0,0.3636,0.3636,0.3636,1.0,0.0,1,24
182,2016-05-23,0.3636,0.3636,0.3636,0.3636,22.0,0.3636,0.0,0.3636,0.3636,0.3636,1.0,22.0,0,23
183,2016-05-20,0.3636,0.3636,0.3636,0.3636,0.0,0.3636,0.0,0.3636,0.3636,0.3636,1.0,0.0,4,20
184,2016-05-19,0.3636,0.3636,0.3636,0.3636,0.0,0.3636,0.0,0.3636,0.3636,0.3636,1.0,0.0,3,19
185,2016-05-18,0.3636,0.7995,0.3636,0.39,2900.0,0.3636,0.0,0.7995,0.3636,0.39,1.0,2900.0,2,18
186,2016-05-17,0.34,0.34,0.34,0.34,0.0,0.34,0.0,0.34,0.34,0.34,1.0,0.0,1,17
187,2016-05-16,0.34,0.402,0.34,0.402,7300.0,0.34,0.0,0.402,0.34,0.402,1.0,7300.0,0,16
188,2016-05-13,0.34,0.34,0.34,0.34,600.0,0.34,0.0,0.34,0.34,0.34,1.0,600.0,4,13
189,2016-05-12,0.32,0.32,0.32,0.32,5500.0,0.32,0.0,0.32,0.32,0.32,1.0,5500.0,3,12
190,2016-05-11,0.3,0.33,0.3,0.33,1400.0,0.3,0.0,0.33,0.3,0.33,1.0,1400.0,2,11
191,2016-05-10,0.3,0.325,0.25,0.25,13300.0,0.3,0.0,0.325,0.25,0.25,1.0,13300.0,1,10
192,2016-05-09,0.25,0.484,0.1552,0.34,91458.0,0.25,0.0,0.484,0.1552,0.34,1.0,91458.0,0,09
193,2016-05-06,0.3296,0.3296,0.3296,0.3296,1000.0,0.3296,0.0,0.3296,0.3296,0.3296,1.0,1000.0,4,06
194,2016-05-05,0.26,0.26,0.26,0.26,0.0,0.26,0.0,0.26,0.26,0.26,1.0,0.0,3,05
195,2016-05-04,0.26,0.26,0.26,0.26,0.0,0.26,0.0,0.26,0.26,0.26,1.0,0.0,2,04
196,2016-05-03,0.26,0.26,0.26,0.26,0.0,0.26,0.0,0.26,0.26,0.26,1.0,0.0,1,03
197,2016-05-02,0.26,0.26,0.26,0.26,0.0,0.26,0.0,0.26,0.26,0.26,1.0,0.0,0,02
198,2016-04-29,0.26,0.26,0.26,0.26,0.0,0.26,0.0,0.26,0.26,0.26,1.0,0.0,4,29
199,2016-04-28,0.26,0.26,0.26,0.26,1020.0,0.26,0.0,0.26,0.26,0.26,1.0,1020.0,3,28
200,2016-04-27,0.48,0.48,0.48,0.48,0.0,0.48,0.0,0.48,0.48,0.48,1.0,0.0,2,27
201,2016-04-26,0.48,0.48,0.48,0.48,20.0,0.48,0.0,0.48,0.48,0.48,1.0,20.0,1,26
202,2016-04-25,0.48,0.48,0.48,0.48,0.0,0.48,0.0,0.48,0.48,0.48,1.0,0.0,0,25
203,2016-04-22,0.48,0.48,0.48,0.48,21.0,0.48,0.0,0.48,0.48,0.48,1.0,21.0,4,22
204,2016-04-21,0.48,0.48,0.48,0.48,1000.0,0.48,0.0,0.48,0.48,0.48,1.0,1000.0,3,21
205,2016-04-20,0.3255,0.3776,0.3255,0.3255,2475.0,0.3255,0.0,0.3776,0.3255,0.3255,1.0,2475.0,2,20
206,2016-04-19,0.3806,0.3806,0.3806,0.3806,221.0,0.3806,0.0,0.3806,0.3806,0.3806,1.0,221.0,1,19
207,2016-04-18,0.494,0.494,0.494,0.494,1000.0,0.494,0.0,0.494,0.494,0.494,1.0,1000.0,0,18
208,2016-04-15,0.448,0.448,0.448,0.448,0.0,0.448,0.0,0.448,0.448,0.448,1.0,0.0,4,15
209,2016-04-14,0.448,0.448,0.448,0.448,0.0,0.448,0.0,0.448,0.448,0.448,1.0,0.0,3,14
210,2016-04-13,0.448,0.45,0.27,0.45,2703.0,0.448,0.0,0.45,0.27,0.45,1.0,2703.0,2,13
211,2016-04-12,0.47,0.47,0.47,0.47,1000.0,0.47,0.0,0.47,0.47,0.47,1.0,1000.0,1,12
212,2016-04-11,0.49,0.49,0.49,0.49,10.0,0.49,0.0,0.49,0.49,0.49,1.0,10.0,0,11
213,2016-04-08,0.49,0.5,0.49,0.5,761.0,0.49,0.0,0.5,0.49,0.5,1.0,761.0,4,08
214,2016-04-07,0.498,0.498,0.498,0.498,1334.0,0.498,0.0,0.498,0.498,0.498,1.0,1334.0,3,07
215,2016-04-06,0.49,0.49,0.49,0.49,1070.0,0.49,0.0,0.49,0.49,0.49,1.0,1070.0,2,06
216,2016-04-05,0.49,0.6,0.49,0.49,1600.0,0.49,0.0,0.6,0.49,0.49,1.0,1600.0,1,05
217,2016-04-04,0.54,0.55,0.54,0.55,3001.0,0.54,0.0,0.55,0.54,0.55,1.0,3001.0,0,04
218,2016-04-01,0.589,0.599,0.589,0.599,10196.0,0.589,0.0,0.599,0.589,0.599,1.0,10196.0,4,01
219,2016-03-31,0.6,0.6,0.6,0.6,1020.0,0.6,0.0,0.6,0.6,0.6,1.0,1020.0,3,31
220,2016-03-30,0.49,0.49,0.49,0.49,20.0,0.49,0.0,0.49,0.49,0.49,1.0,20.0,2,30
221,2016-03-29,0.49,0.52,0.37,0.37,4185.0,0.49,0.0,0.52,0.37,0.37,1.0,4185.0,1,29
222,2016-03-28,0.39,0.4,0.39,0.4,1034.0,0.39,0.0,0.4,0.39,0.4,1.0,1034.0,0,28
223,2016-03-24,0.3751,0.57,0.375,0.57,6818.0,0.3751,0.0,0.57,0.375,0.57,1.0,6818.0,3,24
224,2016-03-23,0.57,0.57,0.555,0.57,1050.0,0.57,0.0,0.57,0.555,0.57,1.0,1050.0,2,23
225,2016-03-22,0.46,0.68,0.46,0.66,4800.0,0.46,0.0,0.68,0.46,0.66,1.0,4800.0,1,22
226,2016-03-21,0.4192,0.4192,0.4192,0.4192,0.0,0.4192,0.0,0.4192,0.4192,0.4192,1.0,0.0,0,21
227,2016-03-18,0.4192,0.71,0.38,0.39,5605.0,0.4192,0.0,0.71,0.38,0.39,1.0,5605.0,4,18
228,2016-03-17,0.36,0.5843,0.33,0.35,17257.0,0.36,0.0,0.5843,0.33,0.35,1.0,17257.0,3,17
229,2016-03-16,0.79,0.79,0.42,0.47,4401.0,0.79,0.0,0.79,0.42,0.47,1.0,4401.0,2,16
230,2016-03-15,0.8,0.8,0.4846,0.4846,3005.0,0.8,0.0,0.8,0.4846,0.4846,1.0,3005.0,1,15
231,2016-03-14,0.6923,0.6924,0.3001,0.5,74508.0,0.6923,0.0,0.6924,0.3001,0.5,1.0,74508.0,0,14
232,2016-03-11,0.8499,0.8499,0.8499,0.8499,39.0,0.8499,0.0,0.8499,0.8499,0.8499,1.0,39.0,4,11
233,2016-03-10,0.8499,0.8499,0.8499,0.8499,2.0,0.8499,0.0,0.8499,0.8499,0.8499,1.0,2.0,3,10
234,2016-03-09,0.8499,0.8499,0.8499,0.8499,0.0,0.8499,0.0,0.8499,0.8499,0.8499,1.0,0.0,2,09
235,2016-03-08,0.8499,0.8499,0.8499,0.8499,1000.0,0.8499,0.0,0.8499,0.8499,0.8499,1.0,1000.0,1,08
236,2016-03-07,0.7999,0.8,0.7999,0.8,1000.0,0.7999,0.0,0.8,0.7999,0.8,1.0,1000.0,0,07
237,2016-03-04,0.7,0.85,0.532,0.85,45381.0,0.7,0.0,0.85,0.532,0.85,1.0,45381.0,4,04
238,2016-03-03,0.78,0.85,0.5299,0.6,88000.0,0.78,0.0,0.85,0.5299,0.6,1.0,88000.0,3,03
239,2016-03-02,0.6801,0.97,0.549,0.97,41700.0,0.6801,0.0,0.97,0.549,0.97,1.0,41700.0,2,02
240,2016-03-01,0.5,0.5,0.5,0.5,0.0,0.5,0.0,0.5,0.5,0.5,1.0,0.0,1,01
241,2016-02-29,0.5,0.5001,0.5,0.5001,9809.0,0.5,0.0,0.5001,0.5,0.5001,1.0,9809.0,0,29
242,2016-02-26,0.5,0.5,0.5,0.5,2500.0,0.5,0.0,0.5,0.5,0.5,1.0,2500.0,4,26
243,2016-02-25,0.5,0.5,0.5,0.5,0.0,0.5,0.0,0.5,0.5,0.5,1.0,0.0,3,25
244,2016-02-24,0.5,0.5,0.5,0.5,0.0,0.5,0.0,0.5,0.5,0.5,1.0,0.0,2,24
245,2016-02-23,0.5,0.5,0.5,0.5,0.0,0.5,0.0,0.5,0.5,0.5,1.0,0.0,1,23
246,2016-02-22,0.5,0.5,0.5,0.5,0.0,0.5,0.0,0.5,0.5,0.5,1.0,0.0,0,22
247,2016-02-19,0.5,0.5,0.5,0.5,0.0,0.5,0.0,0.5,0.5,0.5,1.0,0.0,4,19
248,2016-02-18,0.5,0.5,0.5,0.5,0.0,0.5,0.0,0.5,0.5,0.5,1.0,0.0,3,18
249,2016-02-17,0.5,0.5,0.5,0.5,1.0,0.5,0.0,0.5,0.5,0.5,1.0,1.0,2,17
250,2016-02-16,0.5,0.5,0.5,0.5,0.0,0.5,0.0,0.5,0.5,0.5,1.0,0.0,1,16
251,2016-02-12,0.5,0.5,0.5,0.5,100.0,0.5,0.0,0.5,0.5,0.5,1.0,100.0,4,12
252,2016-02-11,0.6,0.6,0.6,0.6,0.0,0.6,0.0,0.6,0.6,0.6,1.0,0.0,3,11
253,2016-02-10,0.6,0.6,0.6,0.6,0.0,0.6,0.0,0.6,0.6,0.6,1.0,0.0,2,10
254,2016-02-09,0.6,0.6,0.6,0.6,0.0,0.6,0.0,0.6,0.6,0.6,1.0,0.0,1,09
255,2016-02-08,0.6,0.6,0.6,0.6,0.0,0.6,0.0,0.6,0.6,0.6,1.0,0.0,0,08
256,2016-02-05,0.6,0.6,0.6,0.6,100.0,0.6,0.0,0.6,0.6,0.6,1.0,100.0,4,05
257,2016-02-04,0.5,0.5,0.5,0.5,0.0,0.5,0.0,0.5,0.5,0.5,1.0,0.0,3,04
258,2016-02-03,0.5,0.5,0.5,0.5,0.0,0.5,0.0,0.5,0.5,0.5,1.0,0.0,2,03
259,2016-02-02,0.5,0.5,0.5,0.5,5000.0,0.5,0.0,0.5,0.5,0.5,1.0,5000.0,1,02
260,2016-02-01,0.5,0.5,0.5,0.5,0.0,0.5,0.0,0.5,0.5,0.5,1.0,0.0,0,01
261,2016-01-29,0.5,0.5,0.5,0.5,0.0,0.5,0.0,0.5,0.5,0.5,1.0,0.0,4,29
262,2016-01-28,0.5,0.5,0.5,0.5,100.0,0.5,0.0,0.5,0.5,0.5,1.0,100.0,3,28
263,2016-01-27,0.5,0.5,0.5,0.5,0.0,0.5,0.0,0.5,0.5,0.5,1.0,0.0,2,27
264,2016-01-26,0.5,0.5,0.5,0.5,1.0,0.5,0.0,0.5,0.5,0.5,1.0,1.0,1,26
265,2016-01-25,0.5,0.5,0.5,0.5,0.0,0.5,0.0,0.5,0.5,0.5,1.0,0.0,0,25
266,2016-01-22,0.5,0.5,0.5,0.5,0.0,0.5,0.0,0.5,0.5,0.5,1.0,0.0,4,22
267,2016-01-21,0.5,0.5,0.5,0.5,0.0,0.5,0.0,0.5,0.5,0.5,1.0,0.0,3,21
268,2016-01-20,0.5,0.5,0.5,0.5,2100.0,0.5,0.0,0.5,0.5,0.5,1.0,2100.0,2,20
269,2016-01-19,0.5,0.5,0.5,0.5,100.0,0.5,0.0,0.5,0.5,0.5,1.0,100.0,1,19
270,2016-01-15,0.5,0.65,0.5,0.65,34100.0,0.5,0.0,0.65,0.5,0.65,1.0,34100.0,4,15
271,2016-01-14,0.6081,0.6081,0.6081,0.6081,0.0,0.6081,0.0,0.6081,0.6081,0.6081,1.0,0.0,3,14
272,2016-01-13,0.6081,0.805,0.6081,0.65,3221.0,0.6081,0.0,0.805,0.6081,0.65,1.0,3221.0,2,13
273,2016-01-12,0.6,0.63,0.6,0.63,200.0,0.6,0.0,0.63,0.6,0.63,1.0,200.0,1,12
274,2016-01-11,0.5,0.55,0.5,0.5,6600.0,0.5,0.0,0.55,0.5,0.5,1.0,6600.0,0,11
275,2016-01-08,0.54,0.6877,0.26,0.26,39195.0,0.54,0.0,0.6877,0.26,0.26,1.0,39195.0,4,08
276,2016-01-07,0.4,0.4,0.4,0.4,100.0,0.4,0.0,0.4,0.4,0.4,1.0,100.0,3,07
277,2016-01-06,0.4,0.43,0.4,0.43,2800.0,0.4,0.0,0.43,0.4,0.43,1.0,2800.0,2,06
278,2016-01-05,0.44,0.48,0.44,0.48,15630.0,0.44,0.0,0.48,0.44,0.48,1.0,15630.0,1,05
279,2016-01-04,0.45,0.45,0.45,0.45,100.0,0.45,0.0,0.45,0.45,0.45,1.0,100.0,0,04
280,2015-12-31,0.4801,0.5,0.48,0.5,1500.0,0.4801,0.0,0.5,0.48,0.5,1.0,1500.0,3,31
281,2015-12-30,0.6462,0.6462,0.6462,0.6462,0.0,0.6462,0.0,0.6462,0.6462,0.6462,1.0,0.0,2,30
282,2015-12-29,0.6462,0.6462,0.6462,0.6462,2.0,0.6462,0.0,0.6462,0.6462,0.6462,1.0,2.0,1,29
283,2015-12-28,0.6462,0.6462,0.6462,0.6462,0.0,0.6462,0.0,0.6462,0.6462,0.6462,1.0,0.0,0,28
284,2015-12-24,0.6462,0.6462,0.6462,0.6462,0.0,0.6462,0.0,0.6462,0.6462,0.6462,1.0,0.0,3,24
285,2015-12-23,0.6462,0.66,0.6462,0.66,5043.0,0.6462,0.0,0.66,0.6462,0.66,1.0,5043.0,2,23
286,2015-12-22,0.55,0.55,0.55,0.55,0.0,0.55,0.0,0.55,0.55,0.55,1.0,0.0,1,22
287,2015-12-21,0.55,0.55,0.55,0.55,0.0,0.55,0.0,0.55,0.55,0.55,1.0,0.0,0,21
288,2015-12-18,0.55,0.55,0.55,0.55,0.0,0.55,0.0,0.55,0.55,0.55,1.0,0.0,4,18
289,2015-12-17,0.55,0.55,0.45,0.45,1251.0,0.55,0.0,0.55,0.45,0.45,1.0,1251.0,3,17
290,2015-12-16,0.5,0.55,0.43,0.55,3200.0,0.5,0.0,0.55,0.43,0.55,1.0,3200.0,2,16
291,2015-12-15,0.55,0.55,0.55,0.55,1000.0,0.55,0.0,0.55,0.55,0.55,1.0,1000.0,1,15
292,2015-12-14,0.51,0.6,0.51,0.6,200.0,0.51,0.0,0.6,0.51,0.6,1.0,200.0,0,14
293,2015-12-11,0.55,0.55,0.55,0.55,0.0,0.55,0.0,0.55,0.55,0.55,1.0,0.0,4,11
294,2015-12-10,0.55,0.55,0.55,0.55,400.0,0.55,0.0,0.55,0.55,0.55,1.0,400.0,3,10
295,2015-12-09,0.6599,0.6599,0.6599,0.6599,0.0,0.6599,0.0,0.6599,0.6599,0.6599,1.0,0.0,2,09
296,2015-12-08,0.6599,0.6599,0.6599,0.6599,200.0,0.6599,0.0,0.6599,0.6599,0.6599,1.0,200.0,1,08
297,2015-12-07,0.6599,0.6599,0.6599,0.6599,0.0,0.6599,0.0,0.6599,0.6599,0.6599,1.0,0.0,0,07
298,2015-12-04,0.6599,0.66,0.6545,0.6545,851.0,0.6599,0.0,0.66,0.6545,0.6545,1.0,851.0,4,04
299,2015-12-03,0.66,0.6601,0.66,0.66,7296.0,0.66,0.0,0.6601,0.66,0.66,1.0,7296.0,3,03
300,2015-12-02,0.6601,0.7922,0.6601,0.7922,5100.0,0.6601,0.0,0.7922,0.6601,0.7922,1.0,5100.0,2,02
301,2015-12-01,0.69,0.69,0.69,0.69,0.0,0.69,0.0,0.69,0.69,0.69,1.0,0.0,1,01
302,2015-11-30,0.69,0.69,0.69,0.69,0.0,0.69,0.0,0.69,0.69,0.69,1.0,0.0,0,30
303,2015-11-27,0.69,0.69,0.69,0.69,0.0,0.69,0.0,0.69,0.69,0.69,1.0,0.0,4,27
304,2015-11-25,0.69,0.69,0.66,0.69,3437.0,0.69,0.0,0.69,0.66,0.69,1.0,3437.0,2,25
305,2015-11-24,0.66,0.74,0.66,0.74,5202.0,0.66,0.0,0.74,0.66,0.74,1.0,5202.0,1,24
306,2015-11-23,0.766,0.766,0.766,0.766,0.0,0.766,0.0,0.766,0.766,0.766,1.0,0.0,0,23
307,2015-11-20,0.766,0.766,0.766,0.766,0.0,0.766,0.0,0.766,0.766,0.766,1.0,0.0,4,20
308,2015-11-19,0.766,0.766,0.766,0.766,0.0,0.766,0.0,0.766,0.766,0.766,1.0,0.0,3,19
309,2015-11-18,0.766,0.766,0.766,0.766,0.0,0.766,0.0,0.766,0.766,0.766,1.0,0.0,2,18
310,2015-11-17,0.766,0.766,0.766,0.766,0.0,0.766,0.0,0.766,0.766,0.766,1.0,0.0,1,17
311,2015-11-16,0.766,0.766,0.66,0.71,2400.0,0.766,0.0,0.766,0.66,0.71,1.0,2400.0,0,16
312,2015-11-13,0.672,0.672,0.672,0.672,0.0,0.672,0.0,0.672,0.672,0.672,1.0,0.0,4,13
313,2015-11-12,0.672,0.7596,0.66,0.7596,1600.0,0.672,0.0,0.7596,0.66,0.7596,1.0,1600.0,3,12
314,2015-11-11,0.9922,0.9922,0.9922,0.9922,0.0,0.9922,0.0,0.9922,0.9922,0.9922,1.0,0.0,2,11
315,2015-11-10,0.9922,0.9922,0.9922,0.9922,20.0,0.9922,0.0,0.9922,0.9922,0.9922,1.0,20.0,1,10
316,2015-11-09,0.9922,0.9922,0.9922,0.9922,0.0,0.9922,0.0,0.9922,0.9922,0.9922,1.0,0.0,0,09
317,2015-11-06,0.9922,0.9922,0.9922,0.9922,1.0,0.9922,0.0,0.9922,0.9922,0.9922,1.0,1.0,4,06
318,2015-11-05,0.9922,0.9922,0.95,0.95,1000.0,0.9922,0.0,0.9922,0.95,0.95,1.0,1000.0,3,05
319,2015-11-04,0.765,0.765,0.765,0.765,3.0,0.765,0.0,0.765,0.765,0.765,1.0,3.0,2,04
320,2015-11-03,0.765,0.765,0.765,0.765,0.0,0.765,0.0,0.765,0.765,0.765,1.0,0.0,1,03
321,2015-11-02,0.765,0.765,0.765,0.765,1.0,0.765,0.0,0.765,0.765,0.765,1.0,1.0,0,02
322,2015-10-30,0.765,0.765,0.765,0.765,0.0,0.765,0.0,0.765,0.765,0.765,1.0,0.0,4,30
323,2015-10-29,0.765,0.765,0.765,0.765,0.0,0.765,0.0,0.765,0.765,0.765,1.0,0.0,3,29
324,2015-10-28,0.765,0.765,0.765,0.765,0.0,0.765,0.0,0.765,0.765,0.765,1.0,0.0,2,28
325,2015-10-27,0.765,0.765,0.765,0.765,0.0,0.765,0.0,0.765,0.765,0.765,1.0,0.0,1,27
326,2015-10-26,0.765,0.765,0.66,0.66,1170.0,0.765,0.0,0.765,0.66,0.66,1.0,1170.0,0,26
327,2015-10-23,0.69,0.69,0.69,0.69,0.0,0.69,0.0,0.69,0.69,0.69,1.0,0.0,4,23
328,2015-10-22,0.69,0.69,0.69,0.69,0.0,0.69,0.0,0.69,0.69,0.69,1.0,0.0,3,22
329,2015-10-21,0.69,0.69,0.69,0.69,0.0,0.69,0.0,0.69,0.69,0.69,1.0,0.0,2,21
330,2015-10-20,0.69,0.69,0.69,0.69,0.0,0.69,0.0,0.69,0.69,0.69,1.0,0.0,1,20
331,2015-10-19,0.69,0.69,0.69,0.69,0.0,0.69,0.0,0.69,0.69,0.69,1.0,0.0,0,19
332,2015-10-16,0.69,0.69,0.69,0.69,0.0,0.69,0.0,0.69,0.69,0.69,1.0,0.0,4,16
333,2015-10-15,0.69,0.69,0.69,0.69,0.0,0.69,0.0,0.69,0.69,0.69,1.0,0.0,3,15
334,2015-10-14,0.69,0.69,0.69,0.69,0.0,0.69,0.0,0.69,0.69,0.69,1.0,0.0,2,14
335,2015-10-13,0.69,0.69,0.69,0.69,0.0,0.69,0.0,0.69,0.69,0.69,1.0,0.0,1,13
336,2015-10-12,0.69,0.69,0.69,0.69,52.0,0.69,0.0,0.69,0.69,0.69,1.0,52.0,0,12
337,2015-10-09,0.69,0.69,0.69,0.69,0.0,0.69,0.0,0.69,0.69,0.69,1.0,0.0,4,09
338,2015-10-08,0.69,0.69,0.69,0.69,100.0,0.69,0.0,0.69,0.69,0.69,1.0,100.0,3,08
339,2015-10-07,0.7,0.7,0.7,0.7,0.0,0.7,0.0,0.7,0.7,0.7,1.0,0.0,2,07
340,2015-10-06,0.7,0.7,0.7,0.7,653.0,0.7,0.0,0.7,0.7,0.7,1.0,653.0,1,06
341,2015-10-05,0.7,0.7,0.7,0.7,1000.0,0.7,0.0,0.7,0.7,0.7,1.0,1000.0,0,05
342,2015-10-02,0.7,0.7,0.7,0.7,0.0,0.7,0.0,0.7,0.7,0.7,1.0,0.0,4,02
343,2015-10-01,0.7,0.735,0.7,0.735,2237.0,0.7,0.0,0.735,0.7,0.735,1.0,2237.0,3,01
344,2015-09-30,0.7,0.7,0.7,0.7,1000.0,0.7,0.0,0.7,0.7,0.7,1.0,1000.0,2,30
345,2015-09-28,0.7,0.7,0.7,0.7,2325.0,0.7,0.0,0.7,0.7,0.7,1.0,2325.0,0,28
346,2015-09-24,0.7446,0.7446,0.7446,0.7446,1000.0,0.7446,0.0,0.7446,0.7446,0.7446,1.0,1000.0,3,24
347,2015-09-23,0.7,0.7,0.7,0.7,0.0,0.7,0.0,0.7,0.7,0.7,1.0,0.0,2,23
348,2015-09-22,0.7,0.7,0.7,0.7,0.0,0.7,0.0,0.7,0.7,0.7,1.0,0.0,1,22
349,2015-09-21,0.7,0.7,0.7,0.7,0.0,0.7,0.0,0.7,0.7,0.7,1.0,0.0,0,21
350,2015-09-18,0.7,0.7,0.7,0.7,100.0,0.7,0.0,0.7,0.7,0.7,1.0,100.0,4,18
351,2015-09-17,0.7,0.7,0.7,0.7,0.0,0.7,0.0,0.7,0.7,0.7,1.0,0.0,3,17
352,2015-09-16,0.7,0.7,0.7,0.7,1000.0,0.7,0.0,0.7,0.7,0.7,1.0,1000.0,2,16
353,2015-09-15,0.7,0.7,0.7,0.7,1.0,0.7,0.0,0.7,0.7,0.7,1.0,1.0,1,15
354,2015-09-14,0.7,0.7,0.7,0.7,0.0,0.7,0.0,0.7,0.7,0.7,1.0,0.0,0,14
355,2015-09-11,0.7,0.7,0.7,0.7,0.0,0.7,0.0,0.7,0.7,0.7,1.0,0.0,4,11
356,2015-09-10,0.7,0.7,0.7,0.7,0.0,0.7,0.0,0.7,0.7,0.7,1.0,0.0,3,10
357,2015-09-09,0.7,0.7,0.7,0.7,1000.0,0.7,0.0,0.7,0.7,0.7,1.0,1000.0,2,09
358,2015-09-08,0.7,0.7,0.7,0.7,0.0,0.7,0.0,0.7,0.7,0.7,1.0,0.0,1,08
359,2015-09-04,0.7,0.7,0.7,0.7,0.0,0.7,0.0,0.7,0.7,0.7,1.0,0.0,4,04
360,2015-09-03,0.7,0.7,0.7,0.7,0.0,0.7,0.0,0.7,0.7,0.7,1.0,0.0,3,03
361,2015-09-02,0.7,0.7,0.7,0.7,63.0,0.7,0.0,0.7,0.7,0.7,1.0,63.0,2,02
362,2015-09-01,0.7,0.7,0.7,0.7,2000.0,0.7,0.0,0.7,0.7,0.7,1.0,2000.0,1,01
363,2015-08-31,0.75,0.75,0.75,0.75,0.0,0.75,0.0,0.75,0.75,0.75,1.0,0.0,0,31
364,2015-08-28,0.75,0.75,0.75,0.75,0.0,0.75,0.0,0.75,0.75,0.75,1.0,0.0,4,28
365,2015-08-27,0.75,0.75,0.75,0.75,0.0,0.75,0.0,0.75,0.75,0.75,1.0,0.0,3,27
366,2015-08-26,0.75,0.75,0.7499,0.75,3500.0,0.75,0.0,0.75,0.7499,0.75,1.0,3500.0,2,26
367,2015-08-25,0.7,0.7,0.7,0.7,0.0,0.7,0.0,0.7,0.7,0.7,1.0,0.0,1,25
368,2015-08-24,0.7,0.7,0.7,0.7,0.0,0.7,0.0,0.7,0.7,0.7,1.0,0.0,0,24
369,2015-08-21,0.7,0.9,0.7,0.9,6001.0,0.7,0.0,0.9,0.7,0.9,1.0,6001.0,4,21
370,2015-08-20,0.9,0.9175,0.9,0.9175,5000.0,0.9,0.0,0.9175,0.9,0.9175,1.0,5000.0,3,20
371,2015-08-19,0.9,0.9964,0.9,0.91,4000.0,0.9,0.0,0.9964,0.9,0.91,1.0,4000.0,2,19
372,2015-08-18,0.9,0.9,0.9,0.9,0.0,0.9,0.0,0.9,0.9,0.9,1.0,0.0,1,18
373,2015-08-17,0.9,0.9,0.9,0.9,1834.0,0.9,0.0,0.9,0.9,0.9,1.0,1834.0,0,17
374,2015-08-14,0.8,0.8,0.8,0.8,0.0,0.8,0.0,0.8,0.8,0.8,1.0,0.0,4,14
375,2015-08-13,0.8,0.8,0.8,0.8,70.0,0.8,0.0,0.8,0.8,0.8,1.0,70.0,3,13
376,2015-08-12,0.8,1.0,0.8,1.0,6252.0,0.8,0.0,1.0,0.8,1.0,1.0,6252.0,2,12
377,2015-08-11,1.15,1.15,1.0,1.0,2110.0,1.15,0.0,1.15,1.0,1.0,1.0,2110.0,1,11
378,2015-08-10,1.1228,1.1228,1.1,1.1,5000.0,1.1228,0.0,1.1228,1.1,1.1,1.0,5000.0,0,10
379,2015-08-07,1.0,1.0,1.0,1.0,3500.0,1.0,0.0,1.0,1.0,1.0,1.0,3500.0,4,07
380,2015-08-06,1.0,1.12,1.0,1.12,10001.0,1.0,0.0,1.12,1.0,1.12,1.0,10001.0,3,06
381,2015-08-05,1.138,1.138,1.11,1.123,5400.0,1.138,0.0,1.138,1.11,1.123,1.0,5400.0,2,05
382,2015-08-04,1.1,1.1,1.0,1.0,420.0,1.1,0.0,1.1,1.0,1.0,1.0,420.0,1,04
383,2015-08-03,1.0,1.25,1.0,1.25,4900.0,1.0,0.0,1.25,1.0,1.25,1.0,4900.0,0,03
384,2015-07-31,1.0,1.0,0.99,0.99,10620.0,1.0,0.0,1.0,0.99,0.99,1.0,10620.0,4,31
385,2015-07-30,0.94,0.94,0.94,0.94,10.0,0.94,0.0,0.94,0.94,0.94,1.0,10.0,3,30
386,2015-07-29,0.94,0.94,0.94,0.94,0.0,0.94,0.0,0.94,0.94,0.94,1.0,0.0,2,29
387,2015-07-28,0.94,0.94,0.9,0.9144,2103.0,0.94,0.0,0.94,0.9,0.9144,1.0,2103.0,1,28
388,2015-07-27,0.99,0.99,0.9,0.9,4200.0,0.99,0.0,0.99,0.9,0.9,1.0,4200.0,0,27
389,2015-07-24,0.91,0.91,0.91,0.91,100.0,0.91,0.0,0.91,0.91,0.91,1.0,100.0,4,24
390,2015-07-23,0.99,0.99,0.99,0.99,1000.0,0.99,0.0,0.99,0.99,0.99,1.0,1000.0,3,23
391,2015-07-22,0.9,0.9,0.9,0.9,0.0,0.9,0.0,0.9,0.9,0.9,1.0,0.0,2,22
392,2015-07-21,0.9,0.9,0.9,0.9,2000.0,0.9,0.0,0.9,0.9,0.9,1.0,2000.0,1,21
393,2015-07-20,0.912,0.912,0.9064,0.9064,1400.0,0.912,0.0,0.912,0.9064,0.9064,1.0,1400.0,0,20
394,2015-07-17,0.915,0.915,0.915,0.915,0.0,0.915,0.0,0.915,0.915,0.915,1.0,0.0,4,17
395,2015-07-16,0.915,0.915,0.9,0.9,12470.0,0.915,0.0,0.915,0.9,0.9,1.0,12470.0,3,16
396,2015-07-15,0.9,0.901,0.9,0.9,10444.0,0.9,0.0,0.901,0.9,0.9,1.0,10444.0,2,15
397,2015-07-14,0.9,0.99,0.895,0.895,4400.0,0.9,0.0,0.99,0.895,0.895,1.0,4400.0,1,14
398,2015-07-13,0.6629,0.6629,0.6629,0.6629,400.0,0.6629,0.0,0.6629,0.6629,0.6629,1.0,400.0,0,13
399,2015-07-10,0.99,0.99,0.897,0.9,22457.0,0.99,0.0,0.99,0.897,0.9,1.0,22457.0,4,10
400,2015-07-09,0.88,0.88,0.87,0.87,1000.0,0.88,0.0,0.88,0.87,0.87,1.0,1000.0,3,09
401,2015-07-08,0.66,0.88,0.66,0.88,11109.0,0.66,0.0,0.88,0.66,0.88,1.0,11109.0,2,08
402,2015-07-07,0.89,0.89,0.89,0.89,1818.0,0.89,0.0,0.89,0.89,0.89,1.0,1818.0,1,07
403,2015-07-06,0.89,0.89,0.89,0.89,0.0,0.89,0.0,0.89,0.89,0.89,1.0,0.0,0,06
404,2015-07-02,0.89,0.89,0.89,0.89,0.0,0.89,0.0,0.89,0.89,0.89,1.0,0.0,3,02
405,2015-07-01,0.89,0.89,0.89,0.89,0.0,0.89,0.0,0.89,0.89,0.89,1.0,0.0,2,01
406,2015-06-30,0.89,0.89,0.75,0.75,2200.0,0.89,0.0,0.89,0.75,0.75,1.0,2200.0,1,30
407,2015-06-29,0.89,0.89,0.89,0.89,0.0,0.89,0.0,0.89,0.89,0.89,1.0,0.0,0,29
408,2015-06-26,0.89,0.89,0.89,0.89,0.0,0.89,0.0,0.89,0.89,0.89,1.0,0.0,4,26
409,2015-06-25,0.89,0.8901,0.89,0.89,6000.0,0.89,0.0,0.8901,0.89,0.89,1.0,6000.0,3,25
410,2015-06-24,0.9,0.9,0.9,0.9,1000.0,0.9,0.0,0.9,0.9,0.9,1.0,1000.0,2,24
411,2015-06-23,0.89,0.89,0.87,0.89,1982.0,0.89,0.0,0.89,0.87,0.89,1.0,1982.0,1,23
412,2015-06-22,0.89,0.89,0.89,0.89,1388.0,0.89,0.0,0.89,0.89,0.89,1.0,1388.0,0,22
413,2015-06-19,0.8902,0.9,0.81,0.81,1562.0,0.8902,0.0,0.9,0.81,0.81,1.0,1562.0,4,19
414,2015-06-18,0.83,0.83,0.83,0.83,12.0,0.83,0.0,0.83,0.83,0.83,1.0,12.0,3,18
415,2015-06-17,0.83,0.83,0.83,0.83,3.0,0.83,0.0,0.83,0.83,0.83,1.0,3.0,2,17
416,2015-06-16,0.83,0.83,0.83,0.83,18.0,0.83,0.0,0.83,0.83,0.83,1.0,18.0,1,16
417,2015-06-15,0.83,0.83,0.83,0.83,11.0,0.83,0.0,0.83,0.83,0.83,1.0,11.0,0,15
418,2015-06-12,0.83,0.83,0.83,0.83,101.0,0.83,0.0,0.83,0.83,0.83,1.0,101.0,4,12
419,2015-06-11,0.83,0.83,0.83,0.83,2.0,0.83,0.0,0.83,0.83,0.83,1.0,2.0,3,11
420,2015-06-10,0.83,0.83,0.83,0.83,0.0,0.83,0.0,0.83,0.83,0.83,1.0,0.0,2,10
421,2015-06-09,0.83,0.83,0.83,0.83,1.0,0.83,0.0,0.83,0.83,0.83,1.0,1.0,1,09
422,2015-06-08,0.83,0.83,0.83,0.83,0.0,0.83,0.0,0.83,0.83,0.83,1.0,0.0,0,08
423,2015-06-05,0.83,0.83,0.83,0.83,1.0,0.83,0.0,0.83,0.83,0.83,1.0,1.0,4,05
424,2015-06-04,0.83,0.83,0.83,0.83,49.0,0.83,0.0,0.83,0.83,0.83,1.0,49.0,3,04
425,2015-06-03,0.83,0.8301,0.83,0.8301,4600.0,0.83,0.0,0.8301,0.83,0.8301,1.0,4600.0,2,03
426,2015-06-02,0.8,0.8,0.61,0.61,3109.0,0.8,0.0,0.8,0.61,0.61,1.0,3109.0,1,02
427,2015-06-01,0.75,0.75,0.75,0.75,9.0,0.75,0.0,0.75,0.75,0.75,1.0,9.0,0,01
428,2015-05-29,0.75,0.75,0.7,0.75,4138.0,0.75,0.0,0.75,0.7,0.75,1.0,4138.0,4,29
429,2015-05-28,0.75,0.75,0.75,0.75,1000.0,0.75,0.0,0.75,0.75,0.75,1.0,1000.0,3,28
430,2015-05-27,0.9,0.9,0.9,0.9,330.0,0.9,0.0,0.9,0.9,0.9,1.0,330.0,2,27
431,2015-05-26,0.99,0.99,0.99,0.99,0.0,0.99,0.0,0.99,0.99,0.99,1.0,0.0,1,26
432,2015-05-22,0.99,0.99,0.99,0.99,70.0,0.99,0.0,0.99,0.99,0.99,1.0,70.0,4,22
433,2015-05-21,0.99,0.99,0.99,0.99,9.0,0.99,0.0,0.99,0.99,0.99,1.0,9.0,3,21
434,2015-05-20,0.99,0.99,0.99,0.99,1098.0,0.99,0.0,0.99,0.99,0.99,1.0,1098.0,2,20
435,2015-05-19,0.7626,0.818,0.75,0.75,1450.0,0.7626,0.0,0.818,0.75,0.75,1.0,1450.0,1,19
436,2015-05-18,0.92,1.0,0.8491,1.0,4417.0,0.92,0.0,1.0,0.8491,1.0,1.0,4417.0,0,18
437,2015-05-15,1.0,1.0,0.97,1.0,3620.0,1.0,0.0,1.0,0.97,1.0,1.0,3620.0,4,15
438,2015-05-14,0.8745,0.8745,0.8744,0.8744,1300.0,0.8745,0.0,0.8745,0.8744,0.8744,1.0,1300.0,3,14
439,2015-05-13,0.8,0.8,0.8,0.8,0.0,0.8,0.0,0.8,0.8,0.8,1.0,0.0,2,13
440,2015-05-12,0.8,0.8,0.8,0.8,0.0,0.8,0.0,0.8,0.8,0.8,1.0,0.0,1,12
441,2015-05-11,0.8,0.8,0.8,0.8,0.0,0.8,0.0,0.8,0.8,0.8,1.0,0.0,0,11
442,2015-05-08,0.8,0.8,0.73,0.7323,600.0,0.8,0.0,0.8,0.73,0.7323,1.0,600.0,4,08
443,2015-05-07,0.85,0.87,0.84,0.84,700.0,0.85,0.0,0.87,0.84,0.84,1.0,700.0,3,07
444,2015-05-06,0.8844,0.8844,0.8844,0.8844,5000.0,0.8844,0.0,0.8844,0.8844,0.8844,1.0,5000.0,2,06
445,2015-05-05,0.78,0.78,0.78,0.78,900.0,0.78,0.0,0.78,0.78,0.78,1.0,900.0,1,05
446,2015-05-04,0.75,1.0,0.75,1.0,800.0,0.75,0.0,1.0,0.75,1.0,1.0,800.0,0,04
447,2015-05-01,1.0,1.0,0.92,0.92,3730.0,1.0,0.0,1.0,0.92,0.92,1.0,3730.0,4,01
448,2015-04-30,0.96,0.96,0.959,0.96,1680.0,0.96,0.0,0.96,0.959,0.96,1.0,1680.0,3,30
449,2015-04-29,0.96,1.01,0.96,1.009,6400.0,0.96,0.0,1.01,0.96,1.009,1.0,6400.0,2,29
450,2015-04-28,0.84,0.85,0.84,0.85,200.0,0.84,0.0,0.85,0.84,0.85,1.0,200.0,1,28
451,2015-04-27,0.9999,0.9999,0.9999,0.9999,0.0,0.9999,0.0,0.9999,0.9999,0.9999,1.0,0.0,0,27
452,2015-04-24,0.9999,0.9999,0.94,0.94,1000.0,0.9999,0.0,0.9999,0.94,0.94,1.0,1000.0,4,24
453,2015-04-23,0.73,0.73,0.73,0.73,0.0,0.73,0.0,0.73,0.73,0.73,1.0,0.0,3,23
454,2015-04-22,0.73,0.99,0.73,0.99,5600.0,0.73,0.0,0.99,0.73,0.99,1.0,5600.0,2,22
455,2015-04-21,0.9,1.19,0.73,1.19,10616.0,0.9,0.0,1.19,0.73,1.19,1.0,10616.0,1,21
456,2015-04-20,1.0,1.0,1.0,1.0,1500.0,1.0,0.0,1.0,1.0,1.0,1.0,1500.0,0,20
457,2015-04-17,1.3,1.3,1.3,1.3,0.0,1.3,0.0,1.3,1.3,1.3,1.0,0.0,4,17
458,2015-04-16,1.3,1.3,1.3,1.3,4.0,1.3,0.0,1.3,1.3,1.3,1.0,4.0,3,16
459,2015-04-15,1.3,1.3,1.3,1.3,0.0,1.3,0.0,1.3,1.3,1.3,1.0,0.0,2,15
460,2015-04-14,1.3,1.3,1.3,1.3,66.0,1.3,0.0,1.3,1.3,1.3,1.0,66.0,1,14
461,2015-04-13,1.3,1.3,1.3,1.3,283.0,1.3,0.0,1.3,1.3,1.3,1.0,283.0,0,13
462,2015-04-10,0.81,1.47,0.8,1.2,1600.0,0.81,0.0,1.47,0.8,1.2,1.0,1600.0,4,10
463,2015-04-09,0.9992,0.9992,0.9992,0.9992,392.0,0.9992,0.0,0.9992,0.9992,0.9992,1.0,392.0,3,09
464,2015-04-08,0.94,0.94,0.7467,0.7467,1000.0,0.94,0.0,0.94,0.7467,0.7467,1.0,1000.0,2,08
465,2015-04-07,1.25,1.25,1.25,1.25,0.0,1.25,0.0,1.25,1.25,1.25,1.0,0.0,1,07
466,2015-04-06,1.25,1.25,1.25,1.25,0.0,1.25,0.0,1.25,1.25,1.25,1.0,0.0,0,06
467,2015-04-02,1.25,1.25,1.25,1.25,0.0,1.25,0.0,1.25,1.25,1.25,1.0,0.0,3,02
468,2015-04-01,1.25,1.25,1.0213,1.0213,2479.0,1.25,0.0,1.25,1.0213,1.0213,1.0,2479.0,2,01
469,2015-03-31,1.15,1.15,1.0001,1.01,9475.0,1.15,0.0,1.15,1.0001,1.01,1.0,9475.0,1,31
470,2015-03-30,1.0,1.0,1.0,1.0,0.0,1.0,0.0,1.0,1.0,1.0,1.0,0.0,0,30
471,2015-03-27,1.0,1.0572,0.9618,1.05,3114.0,1.0,0.0,1.0572,0.9618,1.05,1.0,3114.0,4,27
472,2015-03-26,1.05,1.06,1.05,1.05,1064.0,1.05,0.0,1.06,1.05,1.05,1.0,1064.0,3,26
473,2015-03-25,0.98,1.26,0.9,1.26,32061.0,0.98,0.0,1.26,0.9,1.26,1.0,32061.0,2,25
474,2015-03-24,1.2962,1.2962,1.25,1.26,3000.0,1.2962,0.0,1.2962,1.25,1.26,1.0,3000.0,1,24
475,2015-03-23,1.4,1.4,1.4,1.4,5000.0,1.4,0.0,1.4,1.4,1.4,1.0,5000.0,0,23
476,2015-03-20,1.25,1.2501,1.25,1.2501,4285.0,1.25,0.0,1.2501,1.25,1.2501,1.0,4285.0,4,20
477,2015-03-19,1.25,1.26,1.25,1.26,2000.0,1.25,0.0,1.26,1.25,1.26,1.0,2000.0,3,19
478,2015-03-18,1.3,1.3,1.3,1.3,1485.0,1.3,0.0,1.3,1.3,1.3,1.0,1485.0,2,18
479,2015-03-17,1.3,1.3,1.3,1.3,4300.0,1.3,0.0,1.3,1.3,1.3,1.0,4300.0,1,17
480,2015-03-16,1.4,1.4,1.4,1.4,105.0,1.4,0.0,1.4,1.4,1.4,1.0,105.0,0,16
481,2015-03-13,1.4,1.49,1.3,1.49,11730.0,1.4,0.0,1.49,1.3,1.49,1.0,11730.0,4,13
482,2015-03-12,1.48,1.5,1.48,1.5,3820.0,1.48,0.0,1.5,1.48,1.5,1.0,3820.0,3,12
483,2015-03-11,1.42,1.52,1.4,1.52,5300.0,1.42,0.0,1.52,1.4,1.52,1.0,5300.0,2,11
484,2015-03-10,1.4,1.55,1.4,1.55,9080.0,1.4,0.0,1.55,1.4,1.55,1.0,9080.0,1,10
485,2015-03-09,1.52,1.54,1.3,1.31,3250.0,1.52,0.0,1.54,1.3,1.31,1.0,3250.0,0,09
486,2015-03-06,1.54,1.54,1.4,1.4,890.0,1.54,0.0,1.54,1.4,1.4,1.0,890.0,4,06
487,2015-03-05,1.3,1.4,1.3,1.4,2210.0,1.3,0.0,1.4,1.3,1.4,1.0,2210.0,3,05
488,2015-03-04,1.3124,1.3124,1.3124,1.3124,130.0,1.3124,0.0,1.3124,1.3124,1.3124,1.0,130.0,2,04
489,2015-03-03,1.4,1.4,1.4,1.4,0.0,1.4,0.0,1.4,1.4,1.4,1.0,0.0,1,03
490,2015-03-02,1.4,1.45,1.3,1.45,10785.0,1.4,0.0,1.45,1.3,1.45,1.0,10785.0,0,02
491,2015-02-27,1.45,1.45,1.4095,1.4095,25000.0,1.45,0.0,1.45,1.4095,1.4095,1.0,25000.0,4,27
492,2015-02-26,1.4499,1.45,1.4299,1.4299,5000.0,1.4499,0.0,1.45,1.4299,1.4299,1.0,5000.0,3,26
493,2015-02-25,1.46,1.46,1.46,1.46,150.0,1.46,0.0,1.46,1.46,1.46,1.0,150.0,2,25
494,2015-02-24,1.4,1.4,1.4,1.4,0.0,1.4,0.0,1.4,1.4,1.4,1.0,0.0,1,24
495,2015-02-23,1.4,1.4,1.4,1.4,500.0,1.4,0.0,1.4,1.4,1.4,1.0,500.0,0,23
496,2015-02-20,1.35,1.47,1.3005,1.47,1600.0,1.35,0.0,1.47,1.3005,1.47,1.0,1600.0,4,20
497,2015-02-19,1.35,1.4,1.31,1.4,2700.0,1.35,0.0,1.4,1.31,1.4,1.0,2700.0,3,19
498,2015-02-18,1.4,1.4,1.4,1.4,0.0,1.4,0.0,1.4,1.4,1.4,1.0,0.0,2,18
499,2015-02-17,1.4,1.4,1.4,1.4,1000.0,1.4,0.0,1.4,1.4,1.4,1.0,1000.0,1,17
500,2015-02-13,1.505,1.55,1.3,1.53,4614.0,1.505,0.0,1.55,1.3,1.53,1.0,4614.0,4,13
501,2015-02-12,1.4,1.41,1.39,1.41,7800.0,1.4,0.0,1.41,1.39,1.41,1.0,7800.0,3,12
502,2015-02-11,1.41,1.55,1.41,1.54,10360.0,1.41,0.0,1.55,1.41,1.54,1.0,10360.0,2,11
503,2015-02-10,1.6,1.6,1.6,1.6,0.0,1.6,0.0,1.6,1.6,1.6,1.0,0.0,1,10
504,2015-02-09,1.6,1.65,1.5,1.5,3600.0,1.6,0.0,1.65,1.5,1.5,1.0,3600.0,0,09
505,2015-02-06,1.45,1.58,1.45,1.58,3000.0,1.45,0.0,1.58,1.45,1.58,1.0,3000.0,4,06
506,2015-02-05,1.38,1.5,1.3,1.34,6460.0,1.38,0.0,1.5,1.3,1.34,1.0,6460.0,3,05
507,2015-02-04,1.46,1.46,1.3,1.37,2250.0,1.46,0.0,1.46,1.3,1.37,1.0,2250.0,2,04
508,2015-02-03,1.5,1.51,1.49,1.51,5210.0,1.5,0.0,1.51,1.49,1.51,1.0,5210.0,1,03
509,2015-02-02,1.75,1.75,1.6,1.6,2200.0,1.75,0.0,1.75,1.6,1.6,1.0,2200.0,0,02
510,2015-01-30,1.6,1.6,1.6,1.6,100.0,1.6,0.0,1.6,1.6,1.6,1.0,100.0,4,30
511,2015-01-29,1.5001,1.53,1.5,1.53,4500.0,1.5001,0.0,1.53,1.5,1.53,1.0,4500.0,3,29
512,2015-01-28,1.55,1.77,1.55,1.77,9089.0,1.55,0.0,1.77,1.55,1.77,1.0,9089.0,2,28
513,2015-01-27,1.75,1.77,1.5574,1.71,17200.0,1.75,0.0,1.77,1.5574,1.71,1.0,17200.0,1,27
514,2015-01-26,1.75,1.75,1.7,1.7,1501.0,1.75,0.0,1.75,1.7,1.7,1.0,1501.0,0,26
515,2015-01-23,1.55,1.75,1.55,1.75,12725.0,1.55,0.0,1.75,1.55,1.75,1.0,12725.0,4,23
516,2015-01-22,1.6,1.6082,1.6,1.6082,3000.0,1.6,0.0,1.6082,1.6,1.6082,1.0,3000.0,3,22
517,2015-01-21,1.73,1.73,1.6,1.6,24400.0,1.73,0.0,1.73,1.6,1.6,1.0,24400.0,2,21
518,2015-01-20,1.75,1.75,1.75,1.75,0.0,1.75,0.0,1.75,1.75,1.75,1.0,0.0,1,20
519,2015-01-16,1.75,1.75,1.6,1.62,6650.0,1.75,0.0,1.75,1.6,1.62,1.0,6650.0,4,16
520,2015-01-15,1.6,1.62,1.6,1.62,550.0,1.6,0.0,1.62,1.6,1.62,1.0,550.0,3,15
521,2015-01-14,1.75,1.7501,1.75,1.7501,3275.0,1.75,0.0,1.7501,1.75,1.7501,1.0,3275.0,2,14
522,2015-01-13,1.775,1.85,1.75,1.85,4300.0,1.775,0.0,1.85,1.75,1.85,1.0,4300.0,1,13
523,2015-01-12,1.85,1.85,1.85,1.85,700.0,1.85,0.0,1.85,1.85,1.85,1.0,700.0,0,12
524,2015-01-09,1.85,1.86,1.8,1.8,27125.0,1.85,0.0,1.86,1.8,1.8,1.0,27125.0,4,09
525,2015-01-08,1.8,1.95,1.7,1.88,16800.0,1.8,0.0,1.95,1.7,1.88,1.0,16800.0,3,08
526,2015-01-07,1.7,1.7,1.69,1.7,300.0,1.7,0.0,1.7,1.69,1.7,1.0,300.0,2,07
527,2015-01-06,1.7,1.7,1.65,1.65,500.0,1.7,0.0,1.7,1.65,1.65,1.0,500.0,1,06
528,2015-01-05,1.82,1.88,1.66,1.88,5800.0,1.82,0.0,1.88,1.66,1.88,1.0,5800.0,0,05
529,2015-01-02,1.86,1.86,1.8,1.8,400.0,1.86,0.0,1.86,1.8,1.8,1.0,400.0,4,02
530,2014-12-31,2.059,2.06,1.7,1.8,2900.0,2.059,0.0,2.06,1.7,1.8,1.0,2900.0,2,31
531,2014-12-30,1.76,1.76,1.55,1.7,2180.0,1.76,0.0,1.76,1.55,1.7,1.0,2180.0,1,30
532,2014-12-29,1.98,1.98,1.98,1.98,0.0,1.98,0.0,1.98,1.98,1.98,1.0,0.0,0,29
533,2014-12-26,1.98,1.98,1.7921,1.7921,940.0,1.98,0.0,1.98,1.7921,1.7921,1.0,940.0,4,26
534,2014-12-24,1.95,1.95,1.95,1.95,0.0,1.95,0.0,1.95,1.95,1.95,1.0,0.0,2,24
535,2014-12-23,1.95,1.96,1.92,1.92,1600.0,1.95,0.0,1.96,1.92,1.92,1.0,1600.0,1,23
536,2014-12-22,1.7,2.0,1.5001,2.0,14200.0,1.7,0.0,2.0,1.5001,2.0,1.0,14200.0,0,22
537,2014-12-19,2.0,2.0,1.5999,1.68,12000.0,2.0,0.0,2.0,1.5999,1.68,1.0,12000.0,4,19
538,2014-12-18,1.859,1.86,1.68,1.68,2700.0,1.859,0.0,1.86,1.68,1.68,1.0,2700.0,3,18
539,2014-12-17,1.75,1.75,1.75,1.75,800.0,1.75,0.0,1.75,1.75,1.75,1.0,800.0,2,17
540,2014-12-16,1.77,1.77,1.7,1.7,200.0,1.77,0.0,1.77,1.7,1.7,1.0,200.0,1,16
541,2014-12-15,1.68,1.68,1.68,1.68,0.0,1.68,0.0,1.68,1.68,1.68,1.0,0.0,0,15
542,2014-12-12,1.68,1.68,1.68,1.68,0.0,1.68,0.0,1.68,1.68,1.68,1.0,0.0,4,12
543,2014-12-11,1.68,1.799,1.5,1.5,2200.0,1.68,0.0,1.799,1.5,1.5,1.0,2200.0,3,11
544,2014-12-10,1.5201,2.0,1.5,1.99,10000.0,1.5201,0.0,2.0,1.5,1.99,1.0,10000.0,2,10
545,2014-12-09,1.87,1.98,1.87,1.98,3400.0,1.87,0.0,1.98,1.87,1.98,1.0,3400.0,1,09
546,2014-12-08,1.78,1.78,1.73,1.739,9000.0,1.78,0.0,1.78,1.73,1.739,1.0,9000.0,0,08
547,2014-12-05,1.78,1.78,1.77,1.77,3000.0,1.78,0.0,1.78,1.77,1.77,1.0,3000.0,4,05
548,2014-12-04,1.78,1.78,1.68,1.759,11000.0,1.78,0.0,1.78,1.68,1.759,1.0,11000.0,3,04
549,2014-12-03,1.77,1.9,1.65,1.695,8500.0,1.77,0.0,1.9,1.65,1.695,1.0,8500.0,2,03
550,2014-12-02,1.75,1.99,1.75,1.82,16600.0,1.75,0.0,1.99,1.75,1.82,1.0,16600.0,1,02
551,2014-12-01,2.0,2.1722,1.5,1.901,22175.0,2.0,0.0,2.1722,1.5,1.901,1.0,22175.0,0,01
552,2014-11-28,2.141,2.2,2.141,2.15,7414.0,2.141,0.0,2.2,2.141,2.15,1.0,7414.0,4,28
553,2014-11-26,2.1928,2.1928,2.1928,2.1928,0.0,2.1928,0.0,2.1928,2.1928,2.1928,1.0,0.0,2,26
554,2014-11-25,2.1928,2.23,1.93,2.229,10920.0,2.1928,0.0,2.23,1.93,2.229,1.0,10920.0,1,25
555,2014-11-24,2.24,2.24,1.949,1.949,17734.0,2.24,0.0,2.24,1.949,1.949,1.0,17734.0,0,24
556,2014-11-21,1.95,2.3,1.95,2.29,13897.0,1.95,0.0,2.3,1.95,2.29,1.0,13897.0,4,21
557,2014-11-20,2.252,2.3,1.9,2.3,26806.0,2.252,0.0,2.3,1.9,2.3,1.0,26806.0,3,20
558,2014-11-19,2.25,2.311,1.7414,2.15,23700.0,2.25,0.0,2.311,1.7414,2.15,1.0,23700.0,2,19
559,2014-11-18,2.3297,2.3297,2.3297,2.3297,0.0,2.3297,0.0,2.3297,2.3297,2.3297,1.0,0.0,1,18
560,2014-11-17,2.3297,2.5,2.25,2.26,1700.0,2.3297,0.0,2.5,2.25,2.26,1.0,1700.0,0,17
561,2014-11-14,2.38,2.39,2.25,2.25,21500.0,2.38,0.0,2.39,2.25,2.25,1.0,21500.0,4,14
562,2014-11-13,2.29,2.4506,2.26,2.26,1100.0,2.29,0.0,2.4506,2.26,2.26,1.0,1100.0,3,13
563,2014-11-12,2.46,2.46,2.25,2.3,4800.0,2.46,0.0,2.46,2.25,2.3,1.0,4800.0,2,12
564,2014-11-11,2.55,2.55,2.28,2.45,5871.0,2.55,0.0,2.55,2.28,2.45,1.0,5871.0,1,11
565,2014-11-10,2.58,2.58,2.2001,2.5,8240.0,2.58,0.0,2.58,2.2001,2.5,1.0,8240.0,0,10
566,2014-11-07,2.5,2.5,2.1001,2.47,9000.0,2.5,0.0,2.5,2.1001,2.47,1.0,9000.0,4,07
567,2014-11-06,2.5,2.5,2.11,2.1101,4600.0,2.5,0.0,2.5,2.11,2.1101,1.0,4600.0,3,06
568,2014-11-05,2.5,2.5,2.0901,2.0901,2600.0,2.5,0.0,2.5,2.0901,2.0901,1.0,2600.0,2,05
569,2014-11-04,2.55,2.55,2.45,2.45,300.0,2.55,0.0,2.55,2.45,2.45,1.0,300.0,1,04
570,2014-11-03,2.45,2.45,2.18,2.45,6600.0,2.45,0.0,2.45,2.18,2.45,1.0,6600.0,0,03
571,2014-10-31,2.45,2.7,2.05,2.59,13400.0,2.45,0.0,2.7,2.05,2.59,1.0,13400.0,4,31
572,2014-10-30,2.25,2.54,2.0545,2.25,5400.0,2.25,0.0,2.54,2.0545,2.25,1.0,5400.0,3,30
573,2014-10-29,2.0816,2.49,1.95,2.3,1774.0,2.0816,0.0,2.49,1.95,2.3,1.0,1774.0,2,29
574,2014-10-28,2.0,2.25,1.91,2.25,27242.0,2.0,0.0,2.25,1.91,2.25,1.0,27242.0,1,28
575,2014-10-27,2.2,2.2,1.9999,1.9999,2300.0,2.2,0.0,2.2,1.9999,1.9999,1.0,2300.0,0,27
576,2014-10-24,2.0,2.4001,1.86,2.4,2420.0,2.0,0.0,2.4001,1.86,2.4,1.0,2420.0,4,24
577,2014-10-23,2.166,2.25,1.9,1.96,8797.0,2.166,0.0,2.25,1.9,1.96,1.0,8797.0,3,23
578,2014-10-22,2.246,2.25,1.62,2.0,9952.0,2.246,0.0,2.25,1.62,2.0,1.0,9952.0,2,22
579,2014-10-21,1.96,2.0,1.96,2.0,4088.0,1.96,0.0,2.0,1.96,2.0,1.0,4088.0,1,21
580,2014-10-20,2.0,2.0,2.0,2.0,160.0,2.0,0.0,2.0,2.0,2.0,1.0,160.0,0,20
581,2014-10-17,1.94,1.96,1.94,1.96,2700.0,1.94,0.0,1.96,1.94,1.96,1.0,2700.0,4,17
582,2014-10-16,1.969,1.97,1.6201,1.6201,9060.0,1.969,0.0,1.97,1.6201,1.6201,1.0,9060.0,3,16
583,2014-10-15,1.97,1.97,1.6301,1.6301,5100.0,1.97,0.0,1.97,1.6301,1.6301,1.0,5100.0,2,15
584,2014-10-13,1.9758,1.9758,1.8,1.8,3900.0,1.9758,0.0,1.9758,1.8,1.8,1.0,3900.0,0,13
585,2014-10-10,1.88,2.0,1.8581,1.899,6000.0,1.88,0.0,2.0,1.8581,1.899,1.0,6000.0,4,10
586,2014-10-09,2.0,2.0,1.96,1.96,1610.0,2.0,0.0,2.0,1.96,1.96,1.0,1610.0,3,09
587,2014-10-08,1.77,1.8,1.73,1.8,1200.0,1.77,0.0,1.8,1.73,1.8,1.0,1200.0,2,08
588,2014-10-07,1.61,1.9,1.6024,1.74,6560.0,1.61,0.0,1.9,1.6024,1.74,1.0,6560.0,1,07
589,2014-10-06,1.9,1.9,1.6001,1.6001,4329.0,1.9,0.0,1.9,1.6001,1.6001,1.0,4329.0,0,06
590,2014-10-03,1.75,1.7501,1.75,1.7501,4000.0,1.75,0.0,1.7501,1.75,1.7501,1.0,4000.0,4,03
591,2014-10-02,1.85,1.98,1.6,1.81,12030.0,1.85,0.0,1.98,1.6,1.81,1.0,12030.0,3,02
592,2014-10-01,1.6,1.701,1.5,1.7001,19620.0,1.6,0.0,1.701,1.5,1.7001,1.0,19620.0,2,01
593,2014-09-30,1.7,2.0,1.7,2.0,2800.0,1.7,0.0,2.0,1.7,2.0,1.0,2800.0,1,30
594,2014-09-29,1.9499,1.95,1.9499,1.95,1000.0,1.9499,0.0,1.95,1.9499,1.95,1.0,1000.0,0,29
595,2014-09-26,2.0,2.0,2.0,2.0,6000.0,2.0,0.0,2.0,2.0,2.0,1.0,6000.0,4,26
596,2014-09-25,2.05,2.05,1.99,1.99,3500.0,2.05,0.0,2.05,1.99,1.99,1.0,3500.0,3,25
597,2014-09-24,1.95,1.98,1.9378,1.9504,7700.0,1.95,0.0,1.98,1.9378,1.9504,1.0,7700.0,2,24
