,Unnamed: 0,adj_close,adj_high,adj_low,adj_open,adj_volume,close,ex_dividend,high,low,open,split_ratio,volume,Day of Week
0,2017-02-10,6.4,6.96,6.33,6.96,803.0,6.4,0.0,6.96,6.33,6.96,1.0,803.0,4
1,2017-02-09,6.61,6.61,6.4901,6.57,2877.0,6.61,0.0,6.61,6.4901,6.57,1.0,2877.0,3
2,2017-02-08,6.8,6.8,5.46,6.65,13913.0,6.8,0.0,6.8,5.46,6.65,1.0,13913.0,2
3,2017-02-07,7.01,7.04,6.7475,6.7475,997.0,7.01,0.0,7.04,6.7475,6.7475,1.0,997.0,1
4,2017-02-06,7.0,7.0,7.0,7.0,969.0,7.0,0.0,7.0,7.0,7.0,1.0,969.0,0
5,2017-02-03,7.0,7.95,6.44,7.95,4353.0,7.0,0.0,7.95,6.44,7.95,1.0,4353.0,4
6,2017-02-02,8.0,8.3,7.25,7.25,24390.0,8.0,0.0,8.3,7.25,7.25,1.0,24390.0,3
7,2017-02-01,7.0,7.5,6.85,7.0,6185.0,7.0,0.0,7.5,6.85,7.0,1.0,6185.0,2
8,2017-01-31,6.7507,7.2,6.1,6.1,13216.0,6.7507,0.0,7.2,6.1,6.1,1.0,13216.0,1
9,2017-01-30,5.8796,6.5125,5.6,5.6,13351.0,5.8796,0.0,6.5125,5.6,5.6,1.0,13351.0,0
10,2017-01-26,5.1,5.25,5.1,5.25,1708.0,5.1,0.0,5.25,5.1,5.25,1.0,1708.0,3
11,2017-01-25,5.25,5.25,5.25,5.25,375.0,5.25,0.0,5.25,5.25,5.25,1.0,375.0,2
12,2017-01-23,5.1777,5.1777,5.1777,5.1777,101.0,5.1777,0.0,5.1777,5.1777,5.1777,1.0,101.0,0
13,2017-01-20,5.1195,5.1688,5.11,5.111000000000001,2833.0,5.1195,0.0,5.1688,5.11,5.111000000000001,1.0,2833.0,4
14,2017-01-19,5.2703,6.29,4.65,4.65,6867.0,5.2703,0.0,6.29,4.65,4.65,1.0,6867.0,3
15,2017-01-18,4.64,5.15,4.64,4.8001,1755.0,4.64,0.0,5.15,4.64,4.8001,1.0,1755.0,2
16,2017-01-17,5.125,5.42,4.5,5.0,7298.0,5.125,0.0,5.42,4.5,5.0,1.0,7298.0,1
17,2017-01-13,5.61,5.61,5.12,5.12,985.0,5.61,0.0,5.61,5.12,5.12,1.0,985.0,4
18,2017-01-12,5.23,5.25,5.1,5.25,1726.0,5.23,0.0,5.25,5.1,5.25,1.0,1726.0,3
19,2017-01-11,5.2547,5.52,5.2547,5.51,1322.0,5.2547,0.0,5.52,5.2547,5.51,1.0,1322.0,2
20,2017-01-10,5.7891,5.8,5.6001,5.8,1352.0,5.7891,0.0,5.8,5.6001,5.8,1.0,1352.0,1
21,2017-01-09,6.0,6.0,6.0,6.0,242.0,6.0,0.0,6.0,6.0,6.0,1.0,242.0,0
22,2017-01-06,6.0,6.0,5.9,5.9,850.0,6.0,0.0,6.0,5.9,5.9,1.0,850.0,4
23,2017-01-05,6.0,6.93,5.64,6.5,3945.0,6.0,0.0,6.93,5.64,6.5,1.0,3945.0,3
24,2017-01-04,6.6,6.96,6.6,6.96,7851.0,6.6,0.0,6.96,6.6,6.96,1.0,7851.0,2
25,2017-01-03,6.843999999999999,6.843999999999999,6.5195,6.5195,879.0,6.843999999999999,0.0,6.843999999999999,6.5195,6.5195,1.0,879.0,1
26,2016-12-30,6.9,6.9,6.9,6.9,500.0,6.9,0.0,6.9,6.9,6.9,1.0,500.0,4
27,2016-12-28,6.8,7.0,6.7,7.0,2900.0,6.8,0.0,7.0,6.7,7.0,1.0,2900.0,2
28,2016-12-27,7.0,7.0,7.0,7.0,150.0,7.0,0.0,7.0,7.0,7.0,1.0,150.0,1
29,2016-12-23,7.0,7.75,6.8,7.15,4443.0,7.0,0.0,7.75,6.8,7.15,1.0,4443.0,4
30,2016-12-22,7.75,7.75,7.25,7.75,600.0,7.75,0.0,7.75,7.25,7.75,1.0,600.0,3
31,2016-12-21,6.9353,6.9353,6.9353,6.9353,102.0,6.9353,0.0,6.9353,6.9353,6.9353,1.0,102.0,2
32,2016-12-20,7.182,7.4301,6.9823,7.4110000000000005,1317.0,7.182,0.0,7.4301,6.9823,7.4110000000000005,1.0,1317.0,1
33,2016-12-19,7.11,8.2644,7.11,8.2301,5610.0,7.11,0.0,8.2644,7.11,8.2301,1.0,5610.0,0
34,2016-12-16,7.75,8.8,6.3,6.3,3555.0,7.75,0.0,8.8,6.3,6.3,1.0,3555.0,4
35,2016-12-15,6.91,7.4639999999999995,6.9,7.3,9081.0,6.91,0.0,7.4639999999999995,6.9,7.3,1.0,9081.0,3
36,2016-12-14,7.437,7.6533,7.437,7.437,1000.0,7.437,0.0,7.6533,7.437,7.437,1.0,1000.0,2
37,2016-12-13,7.97,8.0,7.2,8.0,1400.0,7.97,0.0,8.0,7.2,8.0,1.0,1400.0,1
38,2016-12-12,8.3,8.3,8.3,8.3,640.0,8.3,0.0,8.3,8.3,8.3,1.0,640.0,0
39,2016-12-09,8.25,8.29,8.25,8.25,1347.0,8.25,0.0,8.29,8.25,8.25,1.0,1347.0,4
40,2016-12-08,8.0,8.0,8.0,8.0,30.0,8.0,0.0,8.0,8.0,8.0,1.0,30.0,3
41,2016-12-07,8.0,8.0,7.1,7.55,4582.0,8.0,0.0,8.0,7.1,7.55,1.0,4582.0,2
42,2016-12-06,8.0,8.0,8.0,8.0,31.0,8.0,0.0,8.0,8.0,8.0,1.0,31.0,1
43,2016-12-01,8.0,8.0,8.0,8.0,1159.0,8.0,0.0,8.0,8.0,8.0,1.0,1159.0,3
44,2016-11-30,8.0,8.1301,7.4597,7.4597,3319.0,8.0,0.0,8.1301,7.4597,7.4597,1.0,3319.0,2
45,2016-11-29,8.7073,10.34,8.5,8.55,3600.0,8.7073,0.0,10.34,8.5,8.55,1.0,3600.0,1
46,2016-11-28,9.5,9.8,9.5,9.5,1108.0,9.5,0.0,9.8,9.5,9.5,1.0,1108.0,0
47,2016-11-25,9.5,9.5,9.5,9.5,0.0,9.5,0.0,9.5,9.5,9.5,1.0,0.0,4
48,2016-11-23,9.5,9.5,8.71,9.2,3920.0,9.5,0.0,9.5,8.71,9.2,1.0,3920.0,2
49,2016-11-22,9.2,9.2,9.2,9.2,0.0,9.2,0.0,9.2,9.2,9.2,1.0,0.0,1
50,2016-11-21,9.2,10.25,9.2,9.97,2529.0,9.2,0.0,10.25,9.2,9.97,1.0,2529.0,0
51,2016-11-18,8.9,10.72,8.85,10.72,5432.0,8.9,0.0,10.72,8.85,10.72,1.0,5432.0,4
52,2016-11-17,8.98,10.2875,8.98,10.2875,1482.0,8.98,0.0,10.2875,8.98,10.2875,1.0,1482.0,3
53,2016-11-16,10.0,10.0,10.0,10.0,300.0,10.0,0.0,10.0,10.0,10.0,1.0,300.0,2
54,2016-11-15,10.2785,10.4,10.2785,10.4,396.0,10.2785,0.0,10.4,10.2785,10.4,1.0,396.0,1
55,2016-11-14,10.5,10.64,10.5,10.64,640.0,10.5,0.0,10.64,10.5,10.64,1.0,640.0,0
56,2016-11-11,11.24,12.1,11.0,11.0,34698.0,11.24,0.0,12.1,11.0,11.0,1.0,34698.0,4
57,2016-11-10,11.0,11.4,11.0,11.4,2667.0,11.0,0.0,11.4,11.0,11.4,1.0,2667.0,3
58,2016-11-09,11.9,12.12,10.91,12.12,1105.0,11.9,0.0,12.12,10.91,12.12,1.0,1105.0,2
59,2016-11-08,10.5,10.5,10.5,10.5,1.0,10.5,0.0,10.5,10.5,10.5,1.0,1.0,1
60,2016-11-07,10.5,10.5,10.5,10.5,0.0,10.5,0.0,10.5,10.5,10.5,1.0,0.0,0
61,2016-11-04,10.5,10.5,10.5,10.5,207.0,10.5,0.0,10.5,10.5,10.5,1.0,207.0,4
62,2016-11-03,11.0188,11.0188,11.0188,11.0188,86.0,11.0188,0.0,11.0188,11.0188,11.0188,1.0,86.0,3
63,2016-11-02,11.0188,11.0188,11.0,11.0,1000.0,11.0188,0.0,11.0188,11.0,11.0,1.0,1000.0,2
64,2016-11-01,11.8,11.8,11.8,11.8,0.0,11.8,0.0,11.8,11.8,11.8,1.0,0.0,1
65,2016-10-31,11.8,11.8,11.8,11.8,795.0,11.8,0.0,11.8,11.8,11.8,1.0,795.0,0
66,2016-10-28,11.8112,11.8112,11.8,11.8,470.0,11.8112,0.0,11.8112,11.8,11.8,1.0,470.0,4
67,2016-10-27,11.85,11.85,11.85,11.85,0.0,11.85,0.0,11.85,11.85,11.85,1.0,0.0,3
68,2016-10-26,11.85,11.85,11.85,11.85,0.0,11.85,0.0,11.85,11.85,11.85,1.0,0.0,2
69,2016-10-25,11.85,11.85,11.85,11.85,0.0,11.85,0.0,11.85,11.85,11.85,1.0,0.0,1
70,2016-10-24,11.85,11.85,11.85,11.85,0.0,11.85,0.0,11.85,11.85,11.85,1.0,0.0,0
71,2016-10-21,11.85,11.85,11.5,11.5,400.0,11.85,0.0,11.85,11.5,11.5,1.0,400.0,4
72,2016-10-20,11.5,11.5,11.5,11.5,190.0,11.5,0.0,11.5,11.5,11.5,1.0,190.0,3
73,2016-10-19,11.9,11.9,11.9,11.9,0.0,11.9,0.0,11.9,11.9,11.9,1.0,0.0,2
74,2016-10-18,11.9,11.9,11.9,11.9,100.0,11.9,0.0,11.9,11.9,11.9,1.0,100.0,1
75,2016-10-17,12.1,12.1,12.1,12.1,0.0,12.1,0.0,12.1,12.1,12.1,1.0,0.0,0
76,2016-10-14,12.1,12.1,12.1,12.1,31.0,12.1,0.0,12.1,12.1,12.1,1.0,31.0,4
77,2016-10-13,12.1,12.14,11.5,11.5,500.0,12.1,0.0,12.14,11.5,11.5,1.0,500.0,3
78,2016-10-12,11.77,11.8728,11.7103,11.85,978.0,11.77,0.0,11.8728,11.7103,11.85,1.0,978.0,2
79,2016-10-11,11.77,13.0765,11.77,13.0765,2422.0,11.77,0.0,13.0765,11.77,13.0765,1.0,2422.0,1
80,2016-10-10,14.0,14.0,14.0,14.0,0.0,14.0,0.0,14.0,14.0,14.0,1.0,0.0,0
81,2016-10-07,14.0,14.0,14.0,14.0,0.0,14.0,0.0,14.0,14.0,14.0,1.0,0.0,4
82,2016-10-06,14.0,14.0,14.0,14.0,0.0,14.0,0.0,14.0,14.0,14.0,1.0,0.0,3
83,2016-10-05,14.0,14.0,14.0,14.0,0.0,14.0,0.0,14.0,14.0,14.0,1.0,0.0,2
84,2016-10-04,14.0,14.0,14.0,14.0,0.0,14.0,0.0,14.0,14.0,14.0,1.0,0.0,1
85,2016-10-03,14.0,14.0,14.0,14.0,105.0,14.0,0.0,14.0,14.0,14.0,1.0,105.0,0
86,2016-09-30,14.0,14.0,14.0,14.0,0.0,14.0,0.0,14.0,14.0,14.0,1.0,0.0,4
87,2016-09-29,14.0,14.0,14.0,14.0,0.0,14.0,0.0,14.0,14.0,14.0,1.0,0.0,3
88,2016-09-28,14.0,14.0,14.0,14.0,0.0,14.0,0.0,14.0,14.0,14.0,1.0,0.0,2
89,2016-09-27,14.0,14.0,14.0,14.0,3091.0,14.0,0.0,14.0,14.0,14.0,1.0,3091.0,1
90,2016-09-26,14.0,14.0,14.0,14.0,0.0,14.0,0.0,14.0,14.0,14.0,1.0,0.0,0
91,2016-09-23,14.0,14.0,14.0,14.0,0.0,14.0,0.0,14.0,14.0,14.0,1.0,0.0,4
92,2016-09-22,14.0,14.0,14.0,14.0,71.0,14.0,0.0,14.0,14.0,14.0,1.0,71.0,3
93,2016-09-21,14.0,14.0,14.0,14.0,100.0,14.0,0.0,14.0,14.0,14.0,1.0,100.0,2
94,2016-09-20,14.45,14.45,14.45,14.45,181.0,14.45,0.0,14.45,14.45,14.45,1.0,181.0,1
95,2016-09-19,14.45,14.45,14.45,14.45,0.0,14.45,0.0,14.45,14.45,14.45,1.0,0.0,0
96,2016-09-16,14.45,14.45,12.34,12.45,1332.0,14.45,0.0,14.45,12.34,12.45,1.0,1332.0,4
97,2016-09-15,14.45,14.45,12.0,12.04,752.0,14.45,0.0,14.45,12.0,12.04,1.0,752.0,3
98,2016-09-14,14.45,14.45,14.45,14.45,204.0,14.45,0.0,14.45,14.45,14.45,1.0,204.0,2
99,2016-09-13,13.0,13.0,12.17,12.95,1904.0,13.0,0.0,13.0,12.17,12.95,1.0,1904.0,1
100,2016-09-12,14.44,14.44,14.44,14.44,0.0,14.44,0.0,14.44,14.44,14.44,1.0,0.0,0
101,2016-09-09,14.44,14.44,14.44,14.44,5.0,14.44,0.0,14.44,14.44,14.44,1.0,5.0,4
102,2016-09-08,14.44,14.44,14.44,14.44,9.0,14.44,0.0,14.44,14.44,14.44,1.0,9.0,3
103,2016-09-07,14.44,14.44,14.44,14.44,352.0,14.44,0.0,14.44,14.44,14.44,1.0,352.0,2
104,2016-09-06,14.44,14.44,14.44,14.44,16.0,14.44,0.0,14.44,14.44,14.44,1.0,16.0,1
105,2016-09-02,14.44,14.44,14.44,14.44,82.0,14.44,0.0,14.44,14.44,14.44,1.0,82.0,4
106,2016-09-01,14.44,14.49,14.0,14.49,1390.0,14.44,0.0,14.49,14.0,14.49,1.0,1390.0,3
107,2016-08-31,14.3,14.3,14.3,14.3,10.0,14.3,0.0,14.3,14.3,14.3,1.0,10.0,2
108,2016-08-30,14.3,14.3,14.3,14.3,0.0,14.3,0.0,14.3,14.3,14.3,1.0,0.0,1
109,2016-08-29,14.3,14.3,14.3,14.3,300.0,14.3,0.0,14.3,14.3,14.3,1.0,300.0,0
110,2016-08-26,14.3,14.3,14.0,14.2277,850.0,14.3,0.0,14.3,14.0,14.2277,1.0,850.0,4
111,2016-08-25,14.25,14.25,14.25,14.25,1.0,14.25,0.0,14.25,14.25,14.25,1.0,1.0,3
112,2016-08-24,14.25,14.25,14.0,14.22,775.0,14.25,0.0,14.25,14.0,14.22,1.0,775.0,2
113,2016-08-23,14.25,14.25,14.0,14.02,1300.0,14.25,0.0,14.25,14.0,14.02,1.0,1300.0,1
114,2016-08-22,14.0001,14.0001,14.0001,14.0001,100.0,14.0001,0.0,14.0001,14.0001,14.0001,1.0,100.0,0
115,2016-08-19,14.12,14.12,14.12,14.12,9.0,14.12,0.0,14.12,14.12,14.12,1.0,9.0,4
116,2016-08-18,14.12,14.12,14.12,14.12,0.0,14.12,0.0,14.12,14.12,14.12,1.0,0.0,3
117,2016-08-17,14.12,14.12,14.12,14.12,202.0,14.12,0.0,14.12,14.12,14.12,1.0,202.0,2
118,2016-08-16,14.12,14.2301,13.7501,14.0,1903.0,14.12,0.0,14.2301,13.7501,14.0,1.0,1903.0,1
119,2016-08-15,13.6706,14.2001,13.5,13.5,743.0,13.6706,0.0,14.2001,13.5,13.5,1.0,743.0,0
120,2016-08-12,13.675,13.675,13.675,13.675,0.0,13.675,0.0,13.675,13.675,13.675,1.0,0.0,4
121,2016-08-11,13.675,13.675,13.675,13.675,0.0,13.675,0.0,13.675,13.675,13.675,1.0,0.0,3
122,2016-08-10,13.675,13.7265,13.515,13.7265,842.0,13.675,0.0,13.7265,13.515,13.7265,1.0,842.0,2
123,2016-08-09,14.4195,14.5,14.4195,14.5,600.0,14.4195,0.0,14.5,14.4195,14.5,1.0,600.0,1
124,2016-08-08,14.5,14.5,14.5,14.5,1.0,14.5,0.0,14.5,14.5,14.5,1.0,1.0,0
125,2016-08-05,14.5,14.5001,14.5,14.5001,300.0,14.5,0.0,14.5001,14.5,14.5001,1.0,300.0,4
126,2016-08-04,15.24,15.24,13.5,13.5,200.0,15.24,0.0,15.24,13.5,13.5,1.0,200.0,3
127,2016-08-03,13.0,14.0,13.0,14.0,697.0,13.0,0.0,14.0,13.0,14.0,1.0,697.0,2
128,2016-08-02,15.0,15.0,15.0,15.0,53.0,15.0,0.0,15.0,15.0,15.0,1.0,53.0,1
129,2016-08-01,15.0,15.0,15.0,15.0,161.0,15.0,0.0,15.0,15.0,15.0,1.0,161.0,0
130,2016-07-29,14.3,14.3,14.3,14.3,100.0,14.3,0.0,14.3,14.3,14.3,1.0,100.0,4
131,2016-07-28,13.0,13.0,13.0,13.0,100.0,13.0,0.0,13.0,13.0,13.0,1.0,100.0,3
