,Unnamed: 0,adj_close,adj_high,adj_low,adj_open,adj_volume,close,ex_dividend,high,low,open,split_ratio,volume,Day of Week,Day
0,2017-02-10,33.19,34.2365,32.02,34.01,482258.0,33.19,0.0,34.2365,32.02,34.01,1.0,482258.0,4,10
1,2017-02-09,33.83,34.3399,33.5601,34.02,470862.0,33.83,0.0,34.3399,33.5601,34.02,1.0,470862.0,3,09
2,2017-02-08,34.0,34.5,33.63,34.35,578988.0,34.0,0.0,34.5,33.63,34.35,1.0,578988.0,2,08
3,2017-02-07,33.38,34.45,33.1,34.17,348659.0,33.38,0.0,34.45,33.1,34.17,1.0,348659.0,1,07
4,2017-02-06,34.2,34.6499,33.81,34.43,301453.0,34.2,0.0,34.6499,33.81,34.43,1.0,301453.0,0,06
5,2017-02-03,34.41,34.625,34.0,34.03,546325.0,34.41,0.0,34.625,34.0,34.03,1.0,546325.0,4,03
6,2017-02-02,34.12,34.8,33.76,34.7,633006.0,34.12,0.0,34.8,33.76,34.7,1.0,633006.0,3,02
7,2017-02-01,34.74,35.46,34.43,35.2,473251.0,34.74,0.0,35.46,34.43,35.2,1.0,473251.0,2,01
8,2017-01-31,35.21,35.9434,34.95,35.38,627440.0,35.21,0.0,35.9434,34.95,35.38,1.0,627440.0,1,31
9,2017-01-30,35.37,36.45,34.5,35.34,590702.0,35.37,0.0,36.45,34.5,35.34,1.0,590702.0,0,30
10,2017-01-27,35.4,35.66,34.78,35.6,309194.0,35.4,0.0,35.66,34.78,35.6,1.0,309194.0,4,27
11,2017-01-26,35.38,36.2282,34.99,35.06,483924.0,35.38,0.0,36.2282,34.99,35.06,1.0,483924.0,3,26
12,2017-01-25,35.05,35.32,33.26,33.8,736108.0,35.05,0.0,35.32,33.26,33.8,1.0,736108.0,2,25
13,2017-01-24,33.38,33.73,32.47,33.6,539853.0,33.38,0.0,33.73,32.47,33.6,1.0,539853.0,1,24
14,2017-01-23,33.61,34.0,31.15,31.45,1102244.0,33.61,0.0,34.0,31.15,31.45,1.0,1102244.0,0,23
15,2017-01-20,31.13,31.7886,30.5,30.5,646342.0,31.13,0.0,31.7886,30.5,30.5,1.0,646342.0,4,20
16,2017-01-19,30.41,31.38,29.8,30.52,975499.0,30.41,0.0,31.38,29.8,30.52,1.0,975499.0,3,19
17,2017-01-18,30.64,31.99,29.3567,31.55,1279688.0,30.64,0.0,31.99,29.3567,31.55,1.0,1279688.0,2,18
18,2017-01-17,31.71,33.9299,31.25,33.53,546214.0,31.71,0.0,33.9299,31.25,33.53,1.0,546214.0,1,17
19,2017-01-13,33.53,34.5467,33.11,34.25,386298.0,33.53,0.0,34.5467,33.11,34.25,1.0,386298.0,4,13
20,2017-01-12,33.87,34.42,32.5,33.73,455409.0,33.87,0.0,34.42,32.5,33.73,1.0,455409.0,3,12
21,2017-01-11,33.53,35.0335,32.55,35.03,866502.0,33.53,0.0,35.0335,32.55,35.03,1.0,866502.0,2,11
22,2017-01-10,34.91,35.0785,32.3,32.38,802778.0,34.91,0.0,35.0785,32.3,32.38,1.0,802778.0,1,10
23,2017-01-09,32.25,33.5,32.07,32.67,411225.0,32.25,0.0,33.5,32.07,32.67,1.0,411225.0,0,09
24,2017-01-06,32.36,34.0,32.23,32.95,353110.0,32.36,0.0,34.0,32.23,32.95,1.0,353110.0,4,06
25,2017-01-05,33.16,34.5898,31.55,34.45,841458.0,33.16,0.0,34.5898,31.55,34.45,1.0,841458.0,3,05
26,2017-01-04,34.23,36.03,34.0,36.03,605250.0,34.23,0.0,36.03,34.0,36.03,1.0,605250.0,2,04
27,2017-01-03,35.35,36.93,34.14,36.88,500349.0,35.35,0.0,36.93,34.14,36.88,1.0,500349.0,1,03
28,2016-12-30,35.34,36.9699,35.04,35.04,318371.0,35.34,0.0,36.9699,35.04,35.04,1.0,318371.0,4,30
29,2016-12-29,35.16,35.76,34.555,35.58,648281.0,35.16,0.0,35.76,34.555,35.58,1.0,648281.0,3,29
30,2016-12-28,35.64,39.6899,35.011,39.18,1009416.0,35.64,0.0,39.6899,35.011,39.18,1.0,1009416.0,2,28
31,2016-12-27,39.27,40.39,38.51,39.33,623121.0,39.27,0.0,40.39,38.51,39.33,1.0,623121.0,1,27
32,2016-12-23,38.65,40.56,38.05,40.56,592179.0,38.65,0.0,40.56,38.05,40.56,1.0,592179.0,4,23
33,2016-12-22,39.24,41.91,38.83,39.93,985749.0,39.24,0.0,41.91,38.83,39.93,1.0,985749.0,3,22
34,2016-12-21,38.33,41.62,38.202,40.79,739727.0,38.33,0.0,41.62,38.202,40.79,1.0,739727.0,2,21
35,2016-12-20,39.9,39.99,35.71,35.74,1177141.0,39.9,0.0,39.99,35.71,35.74,1.0,1177141.0,1,20
36,2016-12-19,35.33,36.58,34.31,34.56,639615.0,35.33,0.0,36.58,34.31,34.56,1.0,639615.0,0,19
37,2016-12-16,34.04,34.6,32.9,32.9,423868.0,34.04,0.0,34.6,32.9,32.9,1.0,423868.0,4,16
38,2016-12-15,32.67,33.79,32.196,32.2,227706.0,32.67,0.0,33.79,32.196,32.2,1.0,227706.0,3,15
39,2016-12-14,32.07,33.7599,31.4001,33.34,347670.0,32.07,0.0,33.7599,31.4001,33.34,1.0,347670.0,2,14
40,2016-12-13,33.37,34.77,32.76,33.09,467973.0,33.37,0.0,34.77,32.76,33.09,1.0,467973.0,1,13
41,2016-12-12,32.88,33.36,31.56,31.92,328990.0,32.88,0.0,33.36,31.56,31.92,1.0,328990.0,0,12
42,2016-12-09,31.89,34.5792,31.7,34.24,1113986.0,31.89,0.0,34.5792,31.7,34.24,1.0,1113986.0,4,09
43,2016-12-08,34.2,35.75,33.34,35.35,1309812.0,34.2,0.0,35.75,33.34,35.35,1.0,1309812.0,3,08
44,2016-12-07,36.83,37.7,29.57,30.53,2285216.0,36.83,0.0,37.7,29.57,30.53,1.0,2285216.0,2,07
45,2016-12-06,29.58,29.88,27.51,27.93,854415.0,29.58,0.0,29.88,27.51,27.93,1.0,854415.0,1,06
46,2016-12-05,27.48,27.61,26.65,26.83,492976.0,27.48,0.0,27.61,26.65,26.83,1.0,492976.0,0,05
47,2016-12-02,26.72,29.5,26.4,29.0,3052299.0,26.72,0.0,29.5,26.4,29.0,1.0,3052299.0,4,02
48,2016-12-01,27.71,28.09,26.9,27.42,469482.0,27.71,0.0,28.09,26.9,27.42,1.0,469482.0,3,01
49,2016-11-30,27.31,28.35,27.12,27.68,389083.0,27.31,0.0,28.35,27.12,27.68,1.0,389083.0,2,30
50,2016-11-29,27.25,27.67,23.8,22.5,1246671.0,27.25,0.0,27.67,23.8,22.5,1.0,1246671.0,1,29
51,2016-11-28,26.57,28.67,26.23,28.65,627010.0,26.57,0.0,28.67,26.23,28.65,1.0,627010.0,0,28
52,2016-11-25,28.6,28.97,28.4,28.97,217363.0,28.6,0.0,28.97,28.4,28.97,1.0,217363.0,4,25
53,2016-11-23,28.8,29.34,28.0,29.25,372573.0,28.8,0.0,29.34,28.0,29.25,1.0,372573.0,2,23
54,2016-11-22,29.38,29.79,29.07,29.62,146454.0,29.38,0.0,29.79,29.07,29.62,1.0,146454.0,1,22
55,2016-11-21,29.6,31.3,29.2901,30.0,381129.0,29.6,0.0,31.3,29.2901,30.0,1.0,381129.0,0,21
56,2016-11-18,29.83,31.94,28.75,31.43,625507.0,29.83,0.0,31.94,28.75,31.43,1.0,625507.0,4,18
57,2016-11-17,32.83,33.2,32.2,32.2,372840.0,32.83,0.0,33.2,32.2,32.2,1.0,372840.0,3,17
58,2016-11-16,32.14,33.25,30.78,33.15,464650.0,32.14,0.0,33.25,30.78,33.15,1.0,464650.0,2,16
59,2016-11-15,33.32,33.48,31.4263,32.3,280182.0,33.32,0.0,33.48,31.4263,32.3,1.0,280182.0,1,15
60,2016-11-14,32.05,32.25,30.81,30.85,304636.0,32.05,0.0,32.25,30.81,30.85,1.0,304636.0,0,14
61,2016-11-11,30.77,31.32,30.01,30.4,241785.0,30.77,0.0,31.32,30.01,30.4,1.0,241785.0,4,11
62,2016-11-10,30.55,31.77,29.59,31.26,443183.0,30.55,0.0,31.77,29.59,31.26,1.0,443183.0,3,10
63,2016-11-09,30.95,31.075,26.59,26.76,635306.0,30.95,0.0,31.075,26.59,26.76,1.0,635306.0,2,09
64,2016-11-08,27.81,28.0,25.58,26.35,521817.0,27.81,0.0,28.0,25.58,26.35,1.0,521817.0,1,08
65,2016-11-07,26.47,28.54,26.05,28.4,739008.0,26.47,0.0,28.54,26.05,28.4,1.0,739008.0,0,07
66,2016-11-04,27.52,28.67,26.01,27.7,1683469.0,27.52,0.0,28.67,26.01,27.7,1.0,1683469.0,4,04
67,2016-11-03,25.3,26.1,24.54,25.19,572744.0,25.3,0.0,26.1,24.54,25.19,1.0,572744.0,3,03
68,2016-11-02,25.09,25.2,23.55,24.44,446242.0,25.09,0.0,25.2,23.55,24.44,1.0,446242.0,2,02
69,2016-11-01,24.42,24.7999,24.17,24.57,300286.0,24.42,0.0,24.7999,24.17,24.57,1.0,300286.0,1,01
70,2016-10-31,24.69,25.4871,24.18,25.26,276141.0,24.69,0.0,25.4871,24.18,25.26,1.0,276141.0,0,31
71,2016-10-28,25.15,25.999,25.11,25.75,159748.0,25.15,0.0,25.999,25.11,25.75,1.0,159748.0,4,28
72,2016-10-27,25.75,27.169,25.55,26.85,342104.0,25.75,0.0,27.169,25.55,26.85,1.0,342104.0,3,27
73,2016-10-26,26.7,27.29,26.58,26.65,134735.0,26.7,0.0,27.29,26.58,26.65,1.0,134735.0,2,26
74,2016-10-25,27.02,27.78,26.95,27.78,204242.0,27.02,0.0,27.78,26.95,27.78,1.0,204242.0,1,25
75,2016-10-24,27.93,28.21,26.55,26.6,365657.0,27.93,0.0,28.21,26.55,26.6,1.0,365657.0,0,24
76,2016-10-21,26.8,27.432,26.7,27.17,248509.0,26.8,0.0,27.432,26.7,27.17,1.0,248509.0,4,21
77,2016-10-20,27.46,28.505,27.2501,28.12,162768.0,27.46,0.0,28.505,27.2501,28.12,1.0,162768.0,3,20
78,2016-10-19,28.1,29.1,27.51,27.79,297438.0,28.1,0.0,29.1,27.51,27.79,1.0,297438.0,2,19
79,2016-10-18,27.96,28.39,27.35,27.93,313144.0,27.96,0.0,28.39,27.35,27.93,1.0,313144.0,1,18
80,2016-10-17,27.59,28.102,27.22,27.26,244248.0,27.59,0.0,28.102,27.22,27.26,1.0,244248.0,0,17
81,2016-10-14,27.51,29.369,27.4,28.42,359818.0,27.51,0.0,29.369,27.4,28.42,1.0,359818.0,4,14
82,2016-10-13,28.24,28.5,26.63,27.51,523463.0,28.24,0.0,28.5,26.63,27.51,1.0,523463.0,3,13
83,2016-10-12,28.24,29.8878,27.765,28.75,1015073.0,28.24,0.0,29.8878,27.765,28.75,1.0,1015073.0,2,12
84,2016-10-11,28.21,32.97,27.52,32.51,1581143.0,28.21,0.0,32.97,27.52,32.51,1.0,1581143.0,1,11
85,2016-10-10,32.51,33.965,31.95,33.24,305192.0,32.51,0.0,33.965,31.95,33.24,1.0,305192.0,0,10
86,2016-10-07,33.44,34.34,33.261,34.04,176477.0,33.44,0.0,34.34,33.261,34.04,1.0,176477.0,4,07
87,2016-10-06,34.25,35.16,32.7515,33.16,579781.0,34.25,0.0,35.16,32.7515,33.16,1.0,579781.0,3,06
88,2016-10-05,32.51,35.259,32.43,33.64,766381.0,32.51,0.0,35.259,32.43,33.64,1.0,766381.0,2,05
89,2016-10-04,33.32,35.87,32.84,35.86,570250.0,33.32,0.0,35.87,32.84,35.86,1.0,570250.0,1,04
90,2016-10-03,36.0,37.94,35.93,37.77,532839.0,36.0,0.0,37.94,35.93,37.77,1.0,532839.0,0,03
91,2016-09-30,37.42,38.05,36.5952,36.75,996958.0,37.42,0.0,38.05,36.5952,36.75,1.0,996958.0,4,30
92,2016-09-29,36.55,38.43,35.5,36.15,928642.0,36.55,0.0,38.43,35.5,36.15,1.0,928642.0,3,29
93,2016-09-28,35.91,36.399,34.28,35.78,398685.0,35.91,0.0,36.399,34.28,35.78,1.0,398685.0,2,28
94,2016-09-27,35.68,35.71,31.5805,32.14,662707.0,35.68,0.0,35.71,31.5805,32.14,1.0,662707.0,1,27
95,2016-09-26,32.13,34.5,32.01,34.38,503690.0,32.13,0.0,34.5,32.01,34.38,1.0,503690.0,0,26
96,2016-09-23,34.24,34.365,33.38,34.02,298265.0,34.24,0.0,34.365,33.38,34.02,1.0,298265.0,4,23
97,2016-09-22,33.85,35.28,33.51,34.36,496856.0,33.85,0.0,35.28,33.51,34.36,1.0,496856.0,3,22
98,2016-09-21,34.32,34.87,32.55,33.24,674222.0,34.32,0.0,34.87,32.55,33.24,1.0,674222.0,2,21
99,2016-09-20,33.35,36.6232,32.93,36.42,994045.0,33.35,0.0,36.6232,32.93,36.42,1.0,994045.0,1,20
100,2016-09-19,36.33,37.4985,36.25,37.49,436364.0,36.33,0.0,37.4985,36.25,37.49,1.0,436364.0,0,19
101,2016-09-16,36.97,37.55,36.42,36.8,735368.0,36.97,0.0,37.55,36.42,36.8,1.0,735368.0,4,16
102,2016-09-15,37.07,37.85,36.25,37.12,571009.0,37.07,0.0,37.85,36.25,37.12,1.0,571009.0,3,15
103,2016-09-14,36.65,37.86,35.53,36.13,935608.0,36.65,0.0,37.86,35.53,36.13,1.0,935608.0,2,14
104,2016-09-13,35.6,36.97,33.56,34.01,1193199.0,35.6,0.0,36.97,33.56,34.01,1.0,1193199.0,1,13
105,2016-09-12,34.01,34.2833,31.1,31.34,385130.0,34.01,0.0,34.2833,31.1,31.34,1.0,385130.0,0,12
106,2016-09-09,32.55,34.89,31.31,34.89,790493.0,32.55,0.0,34.89,31.31,34.89,1.0,790493.0,4,09
107,2016-09-08,35.25,35.88,34.2,34.64,873909.0,35.25,0.0,35.88,34.2,34.64,1.0,873909.0,3,08
108,2016-09-07,34.6,34.72,32.1,33.7,1025415.0,34.6,0.0,34.72,32.1,33.7,1.0,1025415.0,2,07
109,2016-09-06,33.7,34.8999,32.3805,33.2,1561726.0,33.7,0.0,34.8999,32.3805,33.2,1.0,1561726.0,1,06
110,2016-09-02,32.67,33.6,27.75,27.87,3462166.0,32.67,0.0,33.6,27.75,27.87,1.0,3462166.0,4,02
111,2016-09-01,27.57,27.9199,24.65,26.52,2120764.0,27.57,0.0,27.9199,24.65,26.52,1.0,2120764.0,3,01
112,2016-08-31,22.82,24.5,22.5,22.83,856830.0,22.82,0.0,24.5,22.5,22.83,1.0,856830.0,2,31
113,2016-08-30,22.75,23.8,22.1,22.92,269235.0,22.75,0.0,23.8,22.1,22.92,1.0,269235.0,1,30
114,2016-08-29,22.79,23.33,20.13,20.13,620680.0,22.79,0.0,23.33,20.13,20.13,1.0,620680.0,0,29
115,2016-08-26,20.0,21.43,19.55,20.77,314627.0,20.0,0.0,21.43,19.55,20.77,1.0,314627.0,4,26
116,2016-08-25,20.85,21.482,20.5,20.97,119875.0,20.85,0.0,21.482,20.5,20.97,1.0,119875.0,3,25
117,2016-08-24,21.16,21.93,20.81,21.29,151184.0,21.16,0.0,21.93,20.81,21.29,1.0,151184.0,2,24
118,2016-08-23,21.81,22.77,21.35,21.63,242937.0,21.81,0.0,22.77,21.35,21.63,1.0,242937.0,1,23
119,2016-08-22,21.29,22.19,20.67,21.7,197507.0,21.29,0.0,22.19,20.67,21.7,1.0,197507.0,0,22
120,2016-08-19,21.97,23.3685,21.6,22.4,178307.0,21.97,0.0,23.3685,21.6,22.4,1.0,178307.0,4,19
121,2016-08-18,22.56,24.9347,22.36,23.83,393166.0,22.56,0.0,24.9347,22.36,23.83,1.0,393166.0,3,18
122,2016-08-17,23.47,23.8399,20.9,21.22,464936.0,23.47,0.0,23.8399,20.9,21.22,1.0,464936.0,2,17
123,2016-08-16,20.95,22.62,20.32,22.0,344896.0,20.95,0.0,22.62,20.32,22.0,1.0,344896.0,1,16
124,2016-08-15,21.7,21.994,20.36,20.45,557696.0,21.7,0.0,21.994,20.36,20.45,1.0,557696.0,0,15
125,2016-08-12,19.97,20.189,19.78,19.87,85238.0,19.97,0.0,20.189,19.78,19.87,1.0,85238.0,4,12
126,2016-08-11,19.99,20.475,19.7912,20.32,84483.0,19.99,0.0,20.475,19.7912,20.32,1.0,84483.0,3,11
127,2016-08-10,20.0,20.0745,19.8506,20.0,65854.0,20.0,0.0,20.0745,19.8506,20.0,1.0,65854.0,2,10
128,2016-08-09,19.76,20.4,19.57,19.89,75705.0,19.76,0.0,20.4,19.57,19.89,1.0,75705.0,1,09
129,2016-08-08,19.81,19.91,18.75,19.0,130201.0,19.81,0.0,19.91,18.75,19.0,1.0,130201.0,0,08
130,2016-08-05,19.22,19.91,18.91,19.91,39063.0,19.22,0.0,19.91,18.91,19.91,1.0,39063.0,4,05
131,2016-08-04,19.33,19.505,18.61,19.0,90307.0,19.33,0.0,19.505,18.61,19.0,1.0,90307.0,3,04
132,2016-08-03,18.83,19.585,18.35,19.32,259968.0,18.83,0.0,19.585,18.35,19.32,1.0,259968.0,2,03
133,2016-08-02,19.4,20.4,19.0,19.87,159355.0,19.4,0.0,20.4,19.0,19.87,1.0,159355.0,1,02
134,2016-08-01,19.72,21.0,18.74,18.95,413514.0,19.72,0.0,21.0,18.74,18.95,1.0,413514.0,0,01
135,2016-07-29,18.41,19.29,18.2,18.6,262641.0,18.41,0.0,19.29,18.2,18.6,1.0,262641.0,4,29
136,2016-07-28,18.49,18.73,18.0,18.0,104913.0,18.49,0.0,18.73,18.0,18.0,1.0,104913.0,3,28
137,2016-07-27,18.1,19.205,18.05,19.0,153264.0,18.1,0.0,19.205,18.05,19.0,1.0,153264.0,2,27
138,2016-07-26,18.61,20.045,18.42,19.82,237454.0,18.61,0.0,20.045,18.42,19.82,1.0,237454.0,1,26
139,2016-07-25,19.73,21.38,19.6,20.13,383070.0,19.73,0.0,21.38,19.6,20.13,1.0,383070.0,0,25
140,2016-07-22,19.56,19.9,18.0,18.07,741281.0,19.56,0.0,19.9,18.0,18.07,1.0,741281.0,4,22
141,2016-07-21,17.97,18.44,16.3601,18.0,4750072.0,17.97,0.0,18.44,16.3601,18.0,1.0,4750072.0,3,21
