,Unnamed: 0,adj_close,adj_high,adj_low,adj_open,adj_volume,close,ex_dividend,high,low,open,split_ratio,volume,Day of Week
0,2017-02-10,66.27,66.42,65.58,66.32,1003296.0,66.27,0.0,66.42,65.58,66.32,1.0,1003296.0,4
1,2017-02-09,66.28,66.4,65.57,66.13,1305111.0,66.28,0.0,66.4,65.57,66.13,1.0,1305111.0,3
2,2017-02-08,66.2,66.25,64.55,64.93,1745352.0,66.2,0.0,66.25,64.55,64.93,1.0,1745352.0,2
3,2017-02-07,64.75,65.05,64.19,64.36,1271554.0,64.75,0.0,65.05,64.19,64.36,1.0,1271554.0,1
4,2017-02-06,64.36,64.36,63.31,63.49,2005719.0,64.36,0.0,64.36,63.31,63.49,1.0,2005719.0,0
5,2017-02-03,63.96,64.63,63.36,63.46,1559375.0,63.96,0.0,64.63,63.36,63.46,1.0,1559375.0,4
6,2017-02-02,63.35,65.69,61.12,61.34,5477859.0,63.35,0.0,65.69,61.12,61.34,1.0,5477859.0,3
7,2017-02-01,64.55,65.97,63.34,65.15,4150153.0,64.55,0.0,65.97,63.34,65.15,1.0,4150153.0,2
8,2017-01-31,64.21,64.42,63.28,63.84,1944601.0,64.21,0.0,64.42,63.28,63.84,1.0,1944601.0,1
9,2017-01-30,64.29,64.51,63.01,63.52,3150234.0,64.29,0.0,64.51,63.01,63.52,1.0,3150234.0,0
10,2017-01-27,63.65,63.96,62.89,63.57,1134590.0,63.65,0.0,63.96,62.89,63.57,1.0,1134590.0,4
11,2017-01-26,63.34,64.19,62.8,63.7,2107147.0,63.34,0.0,64.19,62.8,63.7,1.0,2107147.0,3
12,2017-01-25,64.04,64.08,62.55,63.13,1842980.0,64.04,0.0,64.08,62.55,63.13,1.0,1842980.0,2
13,2017-01-24,62.5,63.09,61.92,62.15,2435115.0,62.5,0.0,63.09,61.92,62.15,1.0,2435115.0,1
14,2017-01-23,61.85,62.11,60.92,60.92,2224422.0,61.85,0.0,62.11,60.92,60.92,1.0,2224422.0,0
15,2017-01-20,61.02,61.7,59.51,60.04,3420649.0,61.02,0.0,61.7,59.51,60.04,1.0,3420649.0,4
16,2017-01-19,58.31,59.8,58.11,59.19,2206589.0,58.31,0.0,59.8,58.11,59.19,1.0,2206589.0,3
17,2017-01-18,59.17,59.29,57.63,57.7,1567890.0,59.17,0.0,59.29,57.63,57.7,1.0,1567890.0,2
18,2017-01-17,57.26,58.87,56.9,58.03,2067049.0,57.26,0.0,58.87,56.9,58.03,1.0,2067049.0,1
19,2017-01-13,58.57,58.98,56.63,56.78,1598843.0,58.57,0.0,58.98,56.63,56.78,1.0,1598843.0,4
20,2017-01-12,56.84,56.94,55.37,56.06,1622163.0,56.84,0.0,56.94,55.37,56.06,1.0,1622163.0,3
21,2017-01-11,56.8,56.86,55.5,56.35,1107132.0,56.8,0.0,56.86,55.5,56.35,1.0,1107132.0,2
22,2017-01-10,56.4,56.58,54.43,54.43,1972550.0,56.4,0.0,56.58,54.43,54.43,1.0,1972550.0,1
23,2017-01-09,54.37,55.35,53.91,53.91,1253041.0,54.37,0.0,55.35,53.91,53.91,1.0,1253041.0,0
24,2017-01-06,53.86,54.41,53.09,53.6,943023.0,53.86,0.0,54.41,53.09,53.6,1.0,943023.0,4
25,2017-01-05,53.36,54.52,52.81,54.04,1343366.0,53.36,0.0,54.52,52.81,54.04,1.0,1343366.0,3
26,2017-01-04,54.51,54.56,52.74,52.99,1503774.0,54.51,0.0,54.56,52.74,52.99,1.0,1503774.0,2
27,2017-01-03,52.9,53.95,52.12,53.18,1841244.0,52.9,0.0,53.95,52.12,53.18,1.0,1841244.0,1
28,2016-12-30,52.73,53.8087,52.05,53.75,1223168.0,52.73,0.0,53.8087,52.05,53.75,1.0,1223168.0,4
29,2016-12-29,53.61,54.5662,52.9,54.47,982880.0,53.61,0.0,54.5662,52.9,54.47,1.0,982880.0,3
30,2016-12-28,54.7,55.75,54.01,55.55,1064546.0,54.7,0.0,55.75,54.01,55.55,1.0,1064546.0,2
31,2016-12-27,55.54,56.15,55.29,55.38,745658.0,55.54,0.0,56.15,55.29,55.38,1.0,745658.0,1
32,2016-12-23,55.53,55.58,54.88,55.1,1073253.0,55.53,0.0,55.58,54.88,55.1,1.0,1073253.0,4
33,2016-12-22,55.1,55.8,54.86,55.46,712247.0,55.1,0.0,55.8,54.86,55.46,1.0,712247.0,3
34,2016-12-21,54.99,55.45,54.67,54.85,785166.0,54.99,0.0,55.45,54.67,54.85,1.0,785166.0,2
35,2016-12-20,54.74,55.72,54.01,55.7,958219.0,54.74,0.0,55.72,54.01,55.7,1.0,958219.0,1
36,2016-12-19,55.45,55.5,54.69,54.93,712747.0,55.45,0.0,55.5,54.69,54.93,1.0,712747.0,0
37,2016-12-16,54.69,56.38,54.57,56.04,1771032.0,54.69,0.0,56.38,54.57,56.04,1.0,1771032.0,4
38,2016-12-15,55.69,56.09,53.45,54.0,2170268.0,55.69,0.0,56.09,53.45,54.0,1.0,2170268.0,3
39,2016-12-14,53.59,54.99,53.42,54.76,1234664.0,53.59,0.0,54.99,53.42,54.76,1.0,1234664.0,2
40,2016-12-13,54.78,55.26,54.48,54.92,965432.0,54.78,0.0,55.26,54.48,54.92,1.0,965432.0,1
41,2016-12-12,54.79,56.55,54.47,56.48,1121308.0,54.79,0.0,56.55,54.47,56.48,1.0,1121308.0,0
42,2016-12-09,56.48,59.12,56.1,58.4,1443021.0,56.48,0.0,59.12,56.1,58.4,1.0,1443021.0,4
43,2016-12-08,57.81,58.92,55.0,55.0,3092541.0,57.81,0.0,58.92,55.0,55.0,1.0,3092541.0,3
44,2016-12-07,55.14,55.47,53.5,54.0,1765477.0,55.14,0.0,55.47,53.5,54.0,1.0,1765477.0,2
45,2016-12-06,54.06,54.25,52.72,52.77,1340597.0,54.06,0.0,54.25,52.72,52.77,1.0,1340597.0,1
46,2016-12-05,52.48,52.63,50.76,50.96,1443599.0,52.48,0.0,52.63,50.76,50.96,1.0,1443599.0,0
47,2016-12-02,50.54,50.96,49.53,49.94,1169364.0,50.54,0.0,50.96,49.53,49.94,1.0,1169364.0,4
48,2016-12-01,50.03,53.485,49.79,53.41,1947285.0,50.03,0.0,53.485,49.79,53.41,1.0,1947285.0,3
49,2016-11-30,53.41,54.8,53.25,59.21,1152926.0,53.41,0.0,54.8,53.25,59.21,1.0,1152926.0,2
50,2016-11-29,54.28,54.77,54.06,54.55,834508.0,54.28,0.0,54.77,54.06,54.55,1.0,834508.0,1
51,2016-11-28,54.86,55.68,54.57,54.82,889103.0,54.86,0.0,55.68,54.57,54.82,1.0,889103.0,0
52,2016-11-25,54.9,55.03,53.64,54.58,660204.0,54.9,0.0,55.03,53.64,54.58,1.0,660204.0,4
53,2016-11-23,54.61,55.25,54.43,55.21,931259.0,54.61,0.0,55.25,54.43,55.21,1.0,931259.0,2
54,2016-11-22,55.3,55.625,54.71,55.26,904450.0,55.3,0.0,55.625,54.71,55.26,1.0,904450.0,1
55,2016-11-21,54.95,55.9,54.5,55.37,885538.0,54.95,0.0,55.9,54.5,55.37,1.0,885538.0,0
56,2016-11-18,55.28,55.9259,54.33,55.41,1123037.0,55.28,0.0,55.9259,54.33,55.41,1.0,1123037.0,4
57,2016-11-17,55.55,55.59,54.2,54.57,1168406.0,55.55,0.0,55.59,54.2,54.57,1.0,1168406.0,3
58,2016-11-16,54.4,54.702,53.8,54.44,1328322.0,54.4,0.0,54.702,53.8,54.44,1.0,1328322.0,2
59,2016-11-15,54.3,54.81,52.87,53.05,1400865.0,54.3,0.0,54.81,52.87,53.05,1.0,1400865.0,1
60,2016-11-14,52.74,53.54,52.31,53.33,1282941.0,52.74,0.0,53.54,52.31,53.33,1.0,1282941.0,0
61,2016-11-11,53.52,54.58,52.59,52.93,2038428.0,53.52,0.0,54.58,52.59,52.93,1.0,2038428.0,4
62,2016-11-10,51.56,53.6,50.751000000000005,51.79,2272897.0,51.56,0.0,53.6,50.751000000000005,51.79,1.0,2272897.0,3
63,2016-11-09,51.78,51.93,49.601000000000006,50.06,2023837.0,51.78,0.0,51.93,49.601000000000006,50.06,1.0,2023837.0,2
64,2016-11-08,50.96,51.59,49.61,50.21,2737649.0,50.96,0.0,51.59,49.61,50.21,1.0,2737649.0,1
65,2016-11-07,50.47,51.5,49.76,51.48,4073279.0,50.47,0.0,51.5,49.76,51.48,1.0,4073279.0,0
66,2016-11-04,51.08,51.46,48.28,48.36,10113456.0,51.08,0.0,51.46,48.28,48.36,1.0,10113456.0,4
67,2016-11-03,56.74,57.68,55.72,56.03,3605826.0,56.74,0.0,57.68,55.72,56.03,1.0,3605826.0,3
68,2016-11-02,56.06,56.48,55.415,55.73,1304265.0,56.06,0.0,56.48,55.415,55.73,1.0,1304265.0,2
69,2016-11-01,56.01,56.65,55.1576,55.66,1210190.0,56.01,0.0,56.65,55.1576,55.66,1.0,1210190.0,1
70,2016-10-31,55.65,55.95,54.46,54.55,993072.0,55.65,0.0,55.95,54.46,54.55,1.0,993072.0,0
71,2016-10-28,54.18,56.2,54.1,55.8,1124667.0,54.18,0.0,56.2,54.1,55.8,1.0,1124667.0,4
72,2016-10-27,55.59,57.29,55.26,57.08,1448241.0,55.59,0.0,57.29,55.26,57.08,1.0,1448241.0,3
73,2016-10-26,56.65,56.8,55.42,55.82,968360.0,56.65,0.0,56.8,55.42,55.82,1.0,968360.0,2
74,2016-10-25,56.33,57.43,56.15,57.18,988773.0,56.33,0.0,57.43,56.15,57.18,1.0,988773.0,1
75,2016-10-24,57.29,57.49,55.0,55.3,1813515.0,57.29,0.0,57.49,55.0,55.3,1.0,1813515.0,0
76,2016-10-21,54.7,54.91,53.803999999999995,54.54,830350.0,54.7,0.0,54.91,53.803999999999995,54.54,1.0,830350.0,4
77,2016-10-20,54.88,55.16,54.2,54.37,1135527.0,54.88,0.0,55.16,54.2,54.37,1.0,1135527.0,3
78,2016-10-19,54.35,54.38,52.99,53.32,667229.0,54.35,0.0,54.38,52.99,53.32,1.0,667229.0,2
79,2016-10-18,53.59,54.06,53.17,53.18,818153.0,53.59,0.0,54.06,53.17,53.18,1.0,818153.0,1
80,2016-10-17,52.65,53.38,52.6,52.93,632584.0,52.65,0.0,53.38,52.6,52.93,1.0,632584.0,0
81,2016-10-14,53.0,54.28,52.91,53.03,846548.0,53.0,0.0,54.28,52.91,53.03,1.0,846548.0,4
82,2016-10-13,52.91,54.995,52.71,54.79,1698405.0,52.91,0.0,54.995,52.71,54.79,1.0,1698405.0,3
83,2016-10-12,55.21,55.61,54.63,55.48,1159025.0,55.21,0.0,55.61,54.63,55.48,1.0,1159025.0,2
84,2016-10-11,55.52,56.0973,54.95,55.92,1178127.0,55.52,0.0,56.0973,54.95,55.92,1.0,1178127.0,1
85,2016-10-10,56.02,57.228,55.75,56.69,831891.0,56.02,0.0,57.228,55.75,56.69,1.0,831891.0,0
86,2016-10-07,56.64,56.87,55.24,55.57,1645972.0,56.64,0.0,56.87,55.24,55.57,1.0,1645972.0,4
87,2016-10-06,55.34,55.44,53.85,54.72,1124541.0,55.34,0.0,55.44,53.85,54.72,1.0,1124541.0,3
88,2016-10-05,54.5,55.7,54.3,54.56,1416627.0,54.5,0.0,55.7,54.3,54.56,1.0,1416627.0,2
89,2016-10-04,54.25,54.94,54.06,54.32,1007632.0,54.25,0.0,54.94,54.06,54.32,1.0,1007632.0,1
90,2016-10-03,54.15,56.14,54.1,55.4,1414640.0,54.15,0.0,56.14,54.1,55.4,1.0,1414640.0,0
91,2016-09-30,55.74,56.21,53.86,54.11,2216516.0,55.74,0.0,56.21,53.86,54.11,1.0,2216516.0,4
92,2016-09-29,53.68,54.83,52.82,54.3,2948667.0,53.68,0.0,54.83,52.82,54.3,1.0,2948667.0,3
93,2016-09-28,54.62,55.6044,54.18,54.89,846730.0,54.62,0.0,55.6044,54.18,54.89,1.0,846730.0,2
94,2016-09-27,54.6,54.731,53.3,53.84,926741.0,54.6,0.0,54.731,53.3,53.84,1.0,926741.0,1
95,2016-09-26,53.99,54.69,53.55,54.44,1286130.0,53.99,0.0,54.69,53.55,54.44,1.0,1286130.0,0
96,2016-09-23,54.87,56.65,54.84,56.48,1257829.0,54.87,0.0,56.65,54.84,56.48,1.0,1257829.0,4
97,2016-09-22,56.52,56.97,56.19,56.37,928244.0,56.52,0.0,56.97,56.19,56.37,1.0,928244.0,3
98,2016-09-21,56.07,56.09,54.73,54.93,1093812.0,56.07,0.0,56.09,54.73,54.93,1.0,1093812.0,2
99,2016-09-20,54.75,56.54,54.62,56.47,1489504.0,54.75,0.0,56.54,54.62,56.47,1.0,1489504.0,1
100,2016-09-19,56.33,56.64,55.56,55.75,1240426.0,56.33,0.0,56.64,55.56,55.75,1.0,1240426.0,0
101,2016-09-16,55.76,56.67,54.98,56.67,3648213.0,55.76,0.0,56.67,54.98,56.67,1.0,3648213.0,4
102,2016-09-15,56.53,56.86,55.236999999999995,55.37,2219397.0,56.53,0.0,56.86,55.236999999999995,55.37,1.0,2219397.0,3
103,2016-09-14,55.11,55.42,53.58,53.86,2186962.0,55.11,0.0,55.42,53.58,53.86,1.0,2186962.0,2
104,2016-09-13,53.92,54.57,53.33,54.01,1641734.0,53.92,0.0,54.57,53.33,54.01,1.0,1641734.0,1
105,2016-09-12,53.76,53.8,51.19,52.0,2047021.0,53.76,0.0,53.8,51.19,52.0,1.0,2047021.0,0
106,2016-09-09,52.48,55.31,52.43,55.0,3136318.0,52.48,0.0,55.31,52.43,55.0,1.0,3136318.0,4
107,2016-09-08,55.43,56.1,55.32,55.71,2224804.0,55.43,0.0,56.1,55.32,55.71,1.0,2224804.0,3
108,2016-09-07,55.93,56.26,54.96,54.96,1769920.0,55.93,0.0,56.26,54.96,54.96,1.0,1769920.0,2
109,2016-09-06,56.02,57.85,55.45,57.85,2521494.0,56.02,0.0,57.85,55.45,57.85,1.0,2521494.0,1
110,2016-09-02,57.6,58.33,57.15,57.95,966365.0,57.6,0.0,58.33,57.15,57.95,1.0,966365.0,4
111,2016-09-01,57.75,57.85,56.34,57.46,1582230.0,57.75,0.0,57.85,56.34,57.46,1.0,1582230.0,3
112,2016-08-31,57.43,57.75,56.75,57.46,1626163.0,57.43,0.0,57.75,56.75,57.46,1.0,1626163.0,2
113,2016-08-30,57.69,58.03,57.29,57.5,1359194.0,57.69,0.0,58.03,57.29,57.5,1.0,1359194.0,1
114,2016-08-29,57.87,58.13,57.53,57.64,802359.0,57.87,0.0,58.13,57.53,57.64,1.0,802359.0,0
115,2016-08-26,57.62,58.53,56.7,57.84,1294648.0,57.62,0.0,58.53,56.7,57.84,1.0,1294648.0,4
116,2016-08-25,57.94,58.388999999999996,57.02,57.13,1665749.0,57.94,0.0,58.388999999999996,57.02,57.13,1.0,1665749.0,3
117,2016-08-24,57.31,57.919,56.08,56.12,1964131.0,57.31,0.0,57.919,56.08,56.12,1.0,1964131.0,2
118,2016-08-23,56.03,56.63,55.94,56.28,1733971.0,56.03,0.0,56.63,55.94,56.28,1.0,1733971.0,1
119,2016-08-22,55.98,56.45,55.57,56.05,889981.0,55.98,0.0,56.45,55.57,56.05,1.0,889981.0,0
120,2016-08-19,56.23,56.521,54.91,55.06,1352547.0,56.23,0.0,56.521,54.91,55.06,1.0,1352547.0,4
121,2016-08-18,55.2,55.67,54.57,54.72,1308230.0,55.2,0.0,55.67,54.57,54.72,1.0,1308230.0,3
122,2016-08-17,54.56,55.64,54.33,55.01,1305880.0,54.56,0.0,55.64,54.33,55.01,1.0,1305880.0,2
123,2016-08-16,55.28,55.62,54.86,55.41,1342977.0,55.28,0.0,55.62,54.86,55.41,1.0,1342977.0,1
124,2016-08-15,55.77,56.45,54.54,54.54,2221350.0,55.77,0.0,56.45,54.54,54.54,1.0,2221350.0,0
125,2016-08-12,54.59,54.87,54.25,54.57,1170364.0,54.59,0.0,54.87,54.25,54.57,1.0,1170364.0,4
126,2016-08-11,54.48,54.87,54.13,54.49,1105372.0,54.48,0.0,54.87,54.13,54.49,1.0,1105372.0,3
127,2016-08-10,54.14,54.88,54.06,54.86,1231236.0,54.14,0.0,54.88,54.06,54.86,1.0,1231236.0,2
128,2016-08-09,54.49,55.2,54.38,54.38,1656515.0,54.49,0.0,55.2,54.38,54.38,1.0,1656515.0,1
129,2016-08-08,54.3,55.4414,54.065,55.09,2269883.0,54.3,0.0,55.4414,54.065,55.09,1.0,2269883.0,0
130,2016-08-05,55.05,55.27,53.328,53.79,2741894.0,55.05,0.0,55.27,53.328,53.79,1.0,2741894.0,4
131,2016-08-04,53.41,55.5,52.46,55.47,4671149.0,53.41,0.0,55.5,52.46,55.47,1.0,4671149.0,3
132,2016-08-03,55.12,56.51,54.05,55.5,7982522.0,55.12,0.0,56.51,54.05,55.5,1.0,7982522.0,2
133,2016-08-02,61.45,63.34,61.1,63.34,3358584.0,61.45,0.0,63.34,61.1,63.34,1.0,3358584.0,1
134,2016-08-01,63.47,64.48,63.1,63.5,1807626.0,63.47,0.0,64.48,63.1,63.5,1.0,1807626.0,0
135,2016-07-29,63.23,63.44,61.79,63.0,2546741.0,63.23,0.0,63.44,61.79,63.0,1.0,2546741.0,4
136,2016-07-28,63.1,64.38,62.52,63.0,1351772.0,63.1,0.0,64.38,62.52,63.0,1.0,1351772.0,3
137,2016-07-27,63.01,64.8,62.18,64.2,2865819.0,63.01,0.0,64.8,62.18,64.2,1.0,2865819.0,2
138,2016-07-26,60.38,61.75,60.08,61.13,2172124.0,60.38,0.0,61.75,60.08,61.13,1.0,2172124.0,1
139,2016-07-25,60.62,61.13,60.34,60.77,1196205.0,60.62,0.0,61.13,60.34,60.77,1.0,1196205.0,0
140,2016-07-22,60.56,61.0,58.4701,59.4,2098657.0,60.56,0.0,61.0,58.4701,59.4,1.0,2098657.0,4
141,2016-07-21,60.1,61.42,59.76,61.23,1296685.0,60.1,0.0,61.42,59.76,61.23,1.0,1296685.0,3
142,2016-07-20,60.8,61.17,59.81,60.72,1120152.0,60.8,0.0,61.17,59.81,60.72,1.0,1120152.0,2
143,2016-07-19,60.4,60.619,60.1,60.31,760891.0,60.4,0.0,60.619,60.1,60.31,1.0,760891.0,1
144,2016-07-18,60.66,60.98,59.54,59.79,1333013.0,60.66,0.0,60.98,59.54,59.79,1.0,1333013.0,0
145,2016-07-15,59.42,59.6,58.68,59.5,1005610.0,59.42,0.0,59.6,58.68,59.5,1.0,1005610.0,4
146,2016-07-14,59.31,59.48,57.06,57.54,1536321.0,59.31,0.0,59.48,57.06,57.54,1.0,1536321.0,3
147,2016-07-13,56.67,58.498999999999995,56.65,58.44,1271664.0,56.67,0.0,58.498999999999995,56.65,58.44,1.0,1271664.0,2
148,2016-07-12,58.0,58.65,57.58,58.21,1142635.0,58.0,0.0,58.65,57.58,58.21,1.0,1142635.0,1
149,2016-07-11,57.73,58.68,56.43,56.94,1596292.0,57.73,0.0,58.68,56.43,56.94,1.0,1596292.0,0
150,2016-07-08,56.02,56.25,54.7,54.84,1084547.0,56.02,0.0,56.25,54.7,54.84,1.0,1084547.0,4
151,2016-07-07,54.37,54.94,53.45,53.46,1264955.0,54.37,0.0,54.94,53.45,53.46,1.0,1264955.0,3
152,2016-07-06,52.57,52.68,50.45,51.49,1263098.0,52.57,0.0,52.68,50.45,51.49,1.0,1263098.0,2
153,2016-07-05,51.82,54.0,50.63,53.75,1526100.0,51.82,0.0,54.0,50.63,53.75,1.0,1526100.0,1
154,2016-07-01,54.5,54.75,52.94,54.4,1509887.0,54.5,0.0,54.75,52.94,54.4,1.0,1509887.0,4
155,2016-06-30,55.26,55.26,53.84,54.79,1449991.0,55.26,0.0,55.26,53.84,54.79,1.0,1449991.0,3
156,2016-06-29,54.65,54.88,52.8775,53.1,1736114.0,54.65,0.0,54.88,52.8775,53.1,1.0,1736114.0,2
157,2016-06-28,52.75,53.38,51.26,51.81,1435912.0,52.75,0.0,53.38,51.26,51.81,1.0,1435912.0,1
158,2016-06-27,50.69,54.05,50.25,53.99,1911789.0,50.69,0.0,54.05,50.25,53.99,1.0,1911789.0,0
159,2016-06-24,54.94,56.99,54.09,56.2,4327058.0,54.94,0.0,56.99,54.09,56.2,1.0,4327058.0,4
160,2016-06-23,58.28,58.3,56.0,56.15,1334114.0,58.28,0.0,58.3,56.0,56.15,1.0,1334114.0,3
161,2016-06-22,55.64,57.045,55.56,56.26,1457489.0,55.64,0.0,57.045,55.56,56.26,1.0,1457489.0,2
162,2016-06-21,56.33,56.58,55.58,56.32,957770.0,56.33,0.0,56.58,55.58,56.32,1.0,957770.0,1
163,2016-06-20,55.98,56.75,54.93,55.52,1459424.0,55.98,0.0,56.75,54.93,55.52,1.0,1459424.0,0
164,2016-06-17,54.5,54.83,53.55,54.75,1507102.0,54.5,0.0,54.83,53.55,54.75,1.0,1507102.0,4
165,2016-06-16,54.81,54.86,53.5,54.21,1051985.0,54.81,0.0,54.86,53.5,54.21,1.0,1051985.0,3
166,2016-06-15,54.94,55.26,53.76,54.72,1565730.0,54.94,0.0,55.26,53.76,54.72,1.0,1565730.0,2
167,2016-06-14,54.43,54.55,53.4,53.57,1310383.0,54.43,0.0,54.55,53.4,53.57,1.0,1310383.0,1
168,2016-06-13,53.69,54.46,53.4,53.51,1792676.0,53.69,0.0,54.46,53.4,53.51,1.0,1792676.0,0
169,2016-06-10,54.03,55.4,53.88,55.4,2308036.0,54.03,0.0,55.4,53.88,55.4,1.0,2308036.0,4
170,2016-06-09,56.07,56.5,55.2,56.01,1365077.0,56.07,0.0,56.5,55.2,56.01,1.0,1365077.0,3
171,2016-06-08,56.04,56.14,54.95,55.56,1419646.0,56.04,0.0,56.14,54.95,55.56,1.0,1419646.0,2
172,2016-06-07,55.49,55.9,54.69,54.92,1185381.0,55.49,0.0,55.9,54.69,54.92,1.0,1185381.0,1
173,2016-06-06,54.81,55.11,53.81,53.81,1752347.0,54.81,0.0,55.11,53.81,53.81,1.0,1752347.0,0
174,2016-06-03,53.67,54.67,52.73,54.0,2155098.0,53.67,0.0,54.67,52.73,54.0,1.0,2155098.0,4
175,2016-06-02,53.49,53.74,51.99,52.0,1814191.0,53.49,0.0,53.74,51.99,52.0,1.0,1814191.0,3
176,2016-06-01,52.14,52.34,50.5,50.65,1574554.0,52.14,0.0,52.34,50.5,50.65,1.0,1574554.0,2
177,2016-05-31,50.97,51.43,50.25,50.75,1244683.0,50.97,0.0,51.43,50.25,50.75,1.0,1244683.0,1
178,2016-05-27,50.53,50.67,49.8,50.38,1006413.0,50.53,0.0,50.67,49.8,50.38,1.0,1006413.0,4
179,2016-05-26,50.53,51.04,50.21,50.73,786662.0,50.53,0.0,51.04,50.21,50.73,1.0,786662.0,3
180,2016-05-25,50.65,51.45,50.24,50.97,965491.0,50.65,0.0,51.45,50.24,50.97,1.0,965491.0,2
181,2016-05-24,50.98,51.53,50.06,50.74,936682.0,50.98,0.0,51.53,50.06,50.74,1.0,936682.0,1
182,2016-05-23,50.4,51.56,50.0,50.0,1909074.0,50.4,0.0,51.56,50.0,50.0,1.0,1909074.0,0
183,2016-05-20,49.4,49.45,47.4,47.66,1782648.0,49.4,0.0,49.45,47.4,47.66,1.0,1782648.0,4
184,2016-05-19,47.17,48.07,46.37,46.71,1696640.0,47.17,0.0,48.07,46.37,46.71,1.0,1696640.0,3
185,2016-05-18,47.22,47.68,45.35,45.63,2056256.0,47.22,0.0,47.68,45.35,45.63,1.0,2056256.0,2
186,2016-05-17,45.83,46.7,45.27,45.54,1287745.0,45.83,0.0,46.7,45.27,45.54,1.0,1287745.0,1
187,2016-05-16,45.56,46.41,45.0,45.03,1255243.0,45.56,0.0,46.41,45.0,45.03,1.0,1255243.0,0
188,2016-05-13,44.99,46.38,44.52,45.24,1266822.0,44.99,0.0,46.38,44.52,45.24,1.0,1266822.0,4
189,2016-05-12,45.18,46.54,44.52,46.19,1682791.0,45.18,0.0,46.54,44.52,46.19,1.0,1682791.0,3
190,2016-05-11,45.99,46.88,45.97,46.4,729186.0,45.99,0.0,46.88,45.97,46.4,1.0,729186.0,2
191,2016-05-10,46.64,46.88,45.06,45.86,1217938.0,46.64,0.0,46.88,45.06,45.86,1.0,1217938.0,1
192,2016-05-09,45.62,46.5837,45.4,46.27,914289.0,45.62,0.0,46.5837,45.4,46.27,1.0,914289.0,0
193,2016-05-06,46.11,46.8279,45.02,46.65,1751168.0,46.11,0.0,46.8279,45.02,46.65,1.0,1751168.0,4
194,2016-05-05,46.66,48.95,46.51,47.9,4692962.0,46.66,0.0,48.95,46.51,47.9,1.0,4692962.0,3
195,2016-05-04,44.51,45.43,43.79,44.48,2385308.0,44.51,0.0,45.43,43.79,44.48,1.0,2385308.0,2
196,2016-05-03,45.04,45.19,44.32,44.32,1433214.0,45.04,0.0,45.19,44.32,44.32,1.0,1433214.0,1
197,2016-05-02,44.71,45.12,44.0,45.07,1196446.0,44.71,0.0,45.12,44.0,45.07,1.0,1196446.0,0
198,2016-04-29,45.03,46.495,43.97,45.67,2132228.0,45.03,0.0,46.495,43.97,45.67,1.0,2132228.0,4
199,2016-04-28,45.83,46.88,45.64,46.23,1382887.0,45.83,0.0,46.88,45.64,46.23,1.0,1382887.0,3
200,2016-04-27,46.62,47.38,44.3,44.3,2317088.0,46.62,0.0,47.38,44.3,44.3,1.0,2317088.0,2
201,2016-04-26,46.3,46.93,45.18,45.42,1082615.0,46.3,0.0,46.93,45.18,45.42,1.0,1082615.0,1
202,2016-04-25,45.05,45.7,44.52,45.52,639571.0,45.05,0.0,45.7,44.52,45.52,1.0,639571.0,0
203,2016-04-22,45.7,46.35,45.24,45.26,859692.0,45.7,0.0,46.35,45.24,45.26,1.0,859692.0,4
204,2016-04-21,45.35,46.33,44.65,45.86,1265392.0,45.35,0.0,46.33,44.65,45.86,1.0,1265392.0,3
205,2016-04-20,45.94,46.28,44.576,45.06,1669151.0,45.94,0.0,46.28,44.576,45.06,1.0,1669151.0,2
206,2016-04-19,45.24,47.0,44.87,46.98,2333092.0,45.24,0.0,47.0,44.87,46.98,1.0,2333092.0,1
207,2016-04-18,47.16,47.52,46.66,47.3,1351230.0,47.16,0.0,47.52,46.66,47.3,1.0,1351230.0,0
208,2016-04-15,47.74,49.79,47.61,49.29,1472907.0,47.74,0.0,49.79,47.61,49.29,1.0,1472907.0,4
209,2016-04-14,49.63,49.9,48.8,49.41,885948.0,49.63,0.0,49.9,48.8,49.41,1.0,885948.0,3
210,2016-04-13,50.04,50.16,47.82,48.1,1265454.0,50.04,0.0,50.16,47.82,48.1,1.0,1265454.0,2
211,2016-04-12,47.68,48.34,47.16,47.96,1196328.0,47.68,0.0,48.34,47.16,47.96,1.0,1196328.0,1
212,2016-04-11,47.99,49.47,47.95,49.41,905883.0,47.99,0.0,49.47,47.95,49.41,1.0,905883.0,0
213,2016-04-08,49.24,49.8,48.78,49.43,1143244.0,49.24,0.0,49.8,48.78,49.43,1.0,1143244.0,4
214,2016-04-07,48.73,50.49,48.64,49.85,1098237.0,48.73,0.0,50.49,48.64,49.85,1.0,1098237.0,3
215,2016-04-06,50.5,50.58,48.435,49.97,1168395.0,50.5,0.0,50.58,48.435,49.97,1.0,1168395.0,2
216,2016-04-05,49.86,50.62,49.68,50.03,768816.0,49.86,0.0,50.62,49.68,50.03,1.0,768816.0,1
217,2016-04-04,50.62,51.25,50.34,50.93,763510.0,50.62,0.0,51.25,50.34,50.93,1.0,763510.0,0
218,2016-04-01,50.82,51.27,49.55,50.15,1231281.0,50.82,0.0,51.27,49.55,50.15,1.0,1231281.0,4
219,2016-03-31,50.41,51.25,50.37,51.01,1029879.0,50.41,0.0,51.25,50.37,51.01,1.0,1029879.0,3
220,2016-03-30,51.23,51.95,50.78,51.0,1270743.0,51.23,0.0,51.95,50.78,51.0,1.0,1270743.0,2
221,2016-03-29,50.58,50.69,48.21,48.8,1032915.0,50.58,0.0,50.69,48.21,48.8,1.0,1032915.0,1
222,2016-03-28,49.1,49.67,48.85,49.66,863899.0,49.1,0.0,49.67,48.85,49.66,1.0,863899.0,0
223,2016-03-24,49.24,49.47,48.58,49.23,1296019.0,49.24,0.0,49.47,48.58,49.23,1.0,1296019.0,3
224,2016-03-23,49.52,51.78,49.5,51.72,906652.0,49.52,0.0,51.78,49.5,51.72,1.0,906652.0,2
225,2016-03-22,51.75,51.85,50.18,50.35,1226277.0,51.75,0.0,51.85,50.18,50.35,1.0,1226277.0,1
226,2016-03-21,50.64,51.2,50.03,50.65,756755.0,50.64,0.0,51.2,50.03,50.65,1.0,756755.0,0
227,2016-03-18,50.69,51.15,49.16,49.39,2730879.0,50.69,0.0,51.15,49.16,49.39,1.0,2730879.0,4
228,2016-03-17,49.2,49.43,48.24,48.69,1352843.0,49.2,0.0,49.43,48.24,48.69,1.0,1352843.0,3
229,2016-03-16,48.99,50.17,48.14,48.93,1593412.0,48.99,0.0,50.17,48.14,48.93,1.0,1593412.0,2
230,2016-03-15,49.27,49.9,48.1,49.36,1238861.0,49.27,0.0,49.9,48.1,49.36,1.0,1238861.0,1
231,2016-03-14,48.73,49.13,47.59,48.31,1614677.0,48.73,0.0,49.13,47.59,48.31,1.0,1614677.0,0
232,2016-03-11,48.64,49.11,47.515,48.07,1059411.0,48.64,0.0,49.11,47.515,48.07,1.0,1059411.0,4
233,2016-03-10,47.4,48.9299,46.68,48.2,1359922.0,47.4,0.0,48.9299,46.68,48.2,1.0,1359922.0,3
234,2016-03-09,48.18,48.68,46.23,47.54,1432205.0,48.18,0.0,48.68,46.23,47.54,1.0,1432205.0,2
235,2016-03-08,47.09,49.1,46.86,48.91,2252648.0,47.09,0.0,49.1,46.86,48.91,1.0,2252648.0,1
236,2016-03-07,49.06,50.07,48.3775,49.5,2236710.0,49.06,0.0,50.07,48.3775,49.5,1.0,2236710.0,0
237,2016-03-04,49.9,50.82,48.59,49.56,2496295.0,49.9,0.0,50.82,48.59,49.56,1.0,2496295.0,4
238,2016-03-03,49.11,49.13,47.23,47.73,1878221.0,49.11,0.0,49.13,47.23,47.73,1.0,1878221.0,3
239,2016-03-02,47.65,48.29,46.65,46.66,1825976.0,47.65,0.0,48.29,46.65,46.66,1.0,1825976.0,2
240,2016-03-01,47.36,48.2425,45.5,45.52,2361028.0,47.36,0.0,48.2425,45.5,45.52,1.0,2361028.0,1
241,2016-02-29,45.08,46.64,43.47,43.5,2249572.0,45.08,0.0,46.64,43.47,43.5,1.0,2249572.0,0
242,2016-02-26,43.46,44.14,42.72,43.08,2503448.0,43.46,0.0,44.14,42.72,43.08,1.0,2503448.0,4
243,2016-02-25,42.67,43.06,41.43,42.31,1444721.0,42.67,0.0,43.06,41.43,42.31,1.0,1444721.0,3
244,2016-02-24,42.17,42.47,40.54,40.98,1484971.0,42.17,0.0,42.47,40.54,40.98,1.0,1484971.0,2
245,2016-02-23,41.49,42.32,40.95,41.73,1425208.0,41.49,0.0,42.32,40.95,41.73,1.0,1425208.0,1
246,2016-02-22,41.96,43.0,41.2275,42.79,2008245.0,41.96,0.0,43.0,41.2275,42.79,1.0,2008245.0,0
247,2016-02-19,41.85,42.11,40.11,40.12,1923001.0,41.85,0.0,42.11,40.11,40.12,1.0,1923001.0,4
248,2016-02-18,40.41,42.3,39.92,41.6,2317190.0,40.41,0.0,42.3,39.92,41.6,1.0,2317190.0,3
249,2016-02-17,41.59,44.72,41.04,41.23,4120028.0,41.59,0.0,44.72,41.04,41.23,1.0,4120028.0,2
250,2016-02-16,40.78,41.23,37.51,38.12,2704396.0,40.78,0.0,41.23,37.51,38.12,1.0,2704396.0,1
251,2016-02-12,37.55,37.73,34.82,35.2,2090846.0,37.55,0.0,37.73,34.82,35.2,1.0,2090846.0,4
252,2016-02-11,34.53,34.9,33.3,34.54,1564435.0,34.53,0.0,34.9,33.3,34.54,1.0,1564435.0,3
253,2016-02-10,35.36,36.67,34.6,35.28,1315445.0,35.36,0.0,36.67,34.6,35.28,1.0,1315445.0,2
254,2016-02-09,35.14,37.06,35.03,35.65,1702628.0,35.14,0.0,37.06,35.03,35.65,1.0,1702628.0,1
255,2016-02-08,36.42,37.22,35.43,36.61,2460864.0,36.42,0.0,37.22,35.43,36.61,1.0,2460864.0,0
256,2016-02-05,37.25,38.2,34.9,36.6,3651525.0,37.25,0.0,38.2,34.9,36.6,1.0,3651525.0,4
257,2016-02-04,38.78,38.94,37.09,37.39,2783756.0,38.78,0.0,38.94,37.09,37.39,1.0,2783756.0,3
258,2016-02-03,37.06,37.59,35.52,37.24,1301491.0,37.06,0.0,37.59,35.52,37.24,1.0,1301491.0,2
259,2016-02-02,37.15,39.35,37.07,39.25,1372001.0,37.15,0.0,39.35,37.07,39.25,1.0,1372001.0,1
260,2016-02-01,39.97,40.55,38.34,39.45,1758399.0,39.97,0.0,40.55,38.34,39.45,1.0,1758399.0,0
261,2016-01-29,39.6,39.98,37.18,37.26,2477020.0,39.6,0.0,39.98,37.18,37.26,1.0,2477020.0,4
262,2016-01-28,36.67,37.71,36.13,37.09,1878995.0,36.67,0.0,37.71,36.13,37.09,1.0,1878995.0,3
263,2016-01-27,37.02,39.42,36.8,39.31,2321145.0,37.02,0.0,39.42,36.8,39.31,1.0,2321145.0,2
264,2016-01-26,39.76,40.5,39.025,40.2,1499975.0,39.76,0.0,40.5,39.025,40.2,1.0,1499975.0,1
265,2016-01-25,39.76,40.81,39.48,40.77,1363342.0,39.76,0.0,40.81,39.48,40.77,1.0,1363342.0,0
266,2016-01-22,41.06,41.15,38.26,38.81,2804693.0,41.06,0.0,41.15,38.26,38.81,1.0,2804693.0,4
267,2016-01-21,37.84,38.4,36.6,37.45,1363049.0,37.84,0.0,38.4,36.6,37.45,1.0,1363049.0,3
268,2016-01-20,37.05,37.94,35.31,35.54,1884686.0,37.05,0.0,37.94,35.31,35.54,1.0,1884686.0,2
269,2016-01-19,36.29,37.48,35.7201,37.21,1987039.0,36.29,0.0,37.48,35.7201,37.21,1.0,1987039.0,1
270,2016-01-15,36.6,38.05,35.16,37.92,3559548.0,36.6,0.0,38.05,35.16,37.92,1.0,3559548.0,4
271,2016-01-14,39.42,40.64,38.96,40.56,2223256.0,39.42,0.0,40.64,38.96,40.56,1.0,2223256.0,3
272,2016-01-13,40.39,42.25,38.9,40.74,5785252.0,40.39,0.0,42.25,38.9,40.74,1.0,5785252.0,2
273,2016-01-12,44.78,45.77,44.01,44.37,1318062.0,44.78,0.0,45.77,44.01,44.37,1.0,1318062.0,1
274,2016-01-11,44.22,44.86,42.8,44.66,2159945.0,44.22,0.0,44.86,42.8,44.66,1.0,2159945.0,0
275,2016-01-08,44.49,45.32,42.4,43.05,7724413.0,44.49,0.0,45.32,42.4,43.05,1.0,7724413.0,4
276,2016-01-07,45.64,47.11,44.11,44.5,3609775.0,45.64,0.0,47.11,44.11,44.5,1.0,3609775.0,3
277,2016-01-06,44.62,46.69,44.16,46.66,2644564.0,44.62,0.0,46.69,44.16,46.66,1.0,2644564.0,2
278,2016-01-05,47.53,50.97,47.36,50.76,1611810.0,47.53,0.0,50.97,47.36,50.76,1.0,1611810.0,1
279,2016-01-04,50.72,50.8,48.72,49.68,1544110.0,50.72,0.0,50.8,48.72,49.68,1.0,1544110.0,0
280,2015-12-31,50.9,51.83,49.48,51.41,1540004.0,50.9,0.0,51.83,49.48,51.41,1.0,1540004.0,3
281,2015-12-30,51.66,53.28,51.6,52.96,975414.0,51.66,0.0,53.28,51.6,52.96,1.0,975414.0,2
282,2015-12-29,52.99,53.72,51.4,53.18,1134506.0,52.99,0.0,53.72,51.4,53.18,1.0,1134506.0,1
283,2015-12-28,52.89,54.0899,52.03,54.0,978632.0,52.89,0.0,54.0899,52.03,54.0,1.0,978632.0,0
284,2015-12-24,54.21,54.86,54.17,54.29,482622.0,54.21,0.0,54.86,54.17,54.29,1.0,482622.0,3
285,2015-12-23,54.41,54.79,52.26,52.59,1065063.0,54.41,0.0,54.79,52.26,52.59,1.0,1065063.0,2
286,2015-12-22,52.41,53.7,51.63,53.5,883523.0,52.41,0.0,53.7,51.63,53.5,1.0,883523.0,1
287,2015-12-21,53.35,53.4,50.14,51.87,1370369.0,53.35,0.0,53.4,50.14,51.87,1.0,1370369.0,0
288,2015-12-18,51.63,53.27,51.32,52.5,2146970.0,51.63,0.0,53.27,51.32,52.5,1.0,2146970.0,4
289,2015-12-17,52.75,54.09,52.1075,53.47,869707.0,52.75,0.0,54.09,52.1075,53.47,1.0,869707.0,3
290,2015-12-16,53.23,53.61,50.21,52.23,2435506.0,53.23,0.0,53.61,50.21,52.23,1.0,2435506.0,2
291,2015-12-15,51.69,53.23,50.56,52.4,1876245.0,51.69,0.0,53.23,50.56,52.4,1.0,1876245.0,1
292,2015-12-14,52.48,56.49,52.11,56.06,1912653.0,52.48,0.0,56.49,52.11,56.06,1.0,1912653.0,0
293,2015-12-11,56.19,57.65,55.96,56.67,1231036.0,56.19,0.0,57.65,55.96,56.67,1.0,1231036.0,4
294,2015-12-10,57.5,57.97,55.88,56.2,1268242.0,57.5,0.0,57.97,55.88,56.2,1.0,1268242.0,3
295,2015-12-09,56.15,57.52,54.8617,57.03,1422059.0,56.15,0.0,57.52,54.8617,57.03,1.0,1422059.0,2
296,2015-12-08,57.28,57.64,56.02,57.0,914141.0,57.28,0.0,57.64,56.02,57.0,1.0,914141.0,1
297,2015-12-07,57.63,59.4,57.45,59.28,1131916.0,57.63,0.0,59.4,57.45,59.28,1.0,1131916.0,0
298,2015-12-04,59.54,59.95,57.77,58.05,1233528.0,59.54,0.0,59.95,57.77,58.05,1.0,1233528.0,4
299,2015-12-03,58.09,60.0,57.87,59.3,1523158.0,58.09,0.0,60.0,57.87,59.3,1.0,1523158.0,3
300,2015-12-02,58.48,59.43,57.86,58.1,1217959.0,58.48,0.0,59.43,57.86,58.1,1.0,1217959.0,2
301,2015-12-01,58.04,59.79,57.25,58.31,1989708.0,58.04,0.0,59.79,57.25,58.31,1.0,1989708.0,1
302,2015-11-30,58.07,58.43,56.82,57.65,1487809.0,58.07,0.0,58.43,56.82,57.65,1.0,1487809.0,0
303,2015-11-27,57.51,57.73,56.51,57.43,1870758.0,57.51,0.0,57.73,56.51,57.43,1.0,1870758.0,4
304,2015-11-25,57.34,58.24,55.65,55.65,1740758.0,57.34,0.0,58.24,55.65,55.65,1.0,1740758.0,2
305,2015-11-24,55.75,56.12,54.07,54.55,2246714.0,55.75,0.0,56.12,54.07,54.55,1.0,2246714.0,1
306,2015-11-23,54.85,55.36,54.06,54.65,1871257.0,54.85,0.0,55.36,54.06,54.65,1.0,1871257.0,0
307,2015-11-20,54.78,56.1,54.527,55.94,1817858.0,54.78,0.0,56.1,54.527,55.94,1.0,1817858.0,4
308,2015-11-19,55.77,57.28,54.67,56.55,1744264.0,55.77,0.0,57.28,54.67,56.55,1.0,1744264.0,3
309,2015-11-18,56.34,56.964,54.21,55.2,2797339.0,56.34,0.0,56.964,54.21,55.2,1.0,2797339.0,2
310,2015-11-17,54.74,55.04,51.99,52.0,2730312.0,54.74,0.0,55.04,51.99,52.0,1.0,2730312.0,1
311,2015-11-16,51.84,51.98,50.56,50.67,1972234.0,51.84,0.0,51.98,50.56,50.67,1.0,1972234.0,0
312,2015-11-13,51.0,52.03,50.28,50.48,1667880.0,51.0,0.0,52.03,50.28,50.48,1.0,1667880.0,4
313,2015-11-12,50.97,52.18,50.095,51.74,1964177.0,50.97,0.0,52.18,50.095,51.74,1.0,1964177.0,3
314,2015-11-11,52.2,52.9199,51.57,52.33,1123264.0,52.2,0.0,52.9199,51.57,52.33,1.0,1123264.0,2
315,2015-11-10,52.29,52.98,51.3,52.0,2671735.0,52.29,0.0,52.98,51.3,52.0,1.0,2671735.0,1
316,2015-11-09,54.09,55.18,53.08,55.17,1769608.0,54.09,0.0,55.18,53.08,55.17,1.0,1769608.0,0
317,2015-11-06,55.55,55.83,50.51,50.6,5236970.0,55.55,0.0,55.83,50.51,50.6,1.0,5236970.0,4
318,2015-11-05,45.08,46.8606,44.35,46.79,2526677.0,45.08,0.0,46.8606,44.35,46.79,1.0,2526677.0,3
319,2015-11-04,46.57,47.05,45.27,45.86,1717710.0,46.57,0.0,47.05,45.27,45.86,1.0,1717710.0,2
320,2015-11-03,45.71,46.28,44.6,44.94,3059173.0,45.71,0.0,46.28,44.6,44.94,1.0,3059173.0,1
321,2015-11-02,45.27,45.6,43.96,44.13,1222679.0,45.27,0.0,45.6,43.96,44.13,1.0,1222679.0,0
322,2015-10-30,43.93,44.8,43.65,44.07,1312137.0,43.93,0.0,44.8,43.65,44.07,1.0,1312137.0,4
323,2015-10-29,43.81,45.17,43.4901,43.9,1587757.0,43.81,0.0,45.17,43.4901,43.9,1.0,1587757.0,3
324,2015-10-28,45.17,47.07,44.5,47.0,2344333.0,45.17,0.0,47.07,44.5,47.0,1.0,2344333.0,2
325,2015-10-27,45.89,46.75,45.25,46.25,1693251.0,45.89,0.0,46.75,45.25,46.25,1.0,1693251.0,1
326,2015-10-26,46.76,50.95,46.43,50.89,1925467.0,46.76,0.0,50.95,46.43,50.89,1.0,1925467.0,0
327,2015-10-23,51.5,51.625,49.0,50.11,1303514.0,51.5,0.0,51.625,49.0,50.11,1.0,1303514.0,4
328,2015-10-22,49.55,50.81,48.81,49.25,1460763.0,49.55,0.0,50.81,48.81,49.25,1.0,1460763.0,3
329,2015-10-21,48.5,48.9,47.84,48.48,1378201.0,48.5,0.0,48.9,47.84,48.48,1.0,1378201.0,2
330,2015-10-20,48.2,48.25,46.66,47.18,1179375.0,48.2,0.0,48.25,46.66,47.18,1.0,1179375.0,1
331,2015-10-19,46.85,47.71,46.29,47.29,845421.0,46.85,0.0,47.71,46.29,47.29,1.0,845421.0,0
332,2015-10-16,47.32,48.44,46.53,48.44,961479.0,47.32,0.0,48.44,46.53,48.44,1.0,961479.0,4
333,2015-10-15,48.31,48.79,46.88,47.06,1890991.0,48.31,0.0,48.79,46.88,47.06,1.0,1890991.0,3
334,2015-10-14,46.5,46.97,44.2,44.43,2130835.0,46.5,0.0,46.97,44.2,44.43,1.0,2130835.0,2
335,2015-10-13,44.14,46.198,43.9399,46.0,1550028.0,44.14,0.0,46.198,43.9399,46.0,1.0,1550028.0,1
336,2015-10-12,46.43,46.73,45.24,45.85,1264307.0,46.43,0.0,46.73,45.24,45.85,1.0,1264307.0,0
337,2015-10-09,45.66,46.275,44.91,45.03,1027020.0,45.66,0.0,46.275,44.91,45.03,1.0,1027020.0,4
338,2015-10-08,45.26,45.43,43.68,45.25,1396474.0,45.26,0.0,45.43,43.68,45.25,1.0,1396474.0,3
339,2015-10-07,45.55,45.73,44.18,44.74,1634975.0,45.55,0.0,45.73,44.18,44.74,1.0,1634975.0,2
340,2015-10-06,44.28,45.04,42.67,44.83,1702268.0,44.28,0.0,45.04,42.67,44.83,1.0,1702268.0,1
341,2015-10-05,44.77,45.86,44.6,45.35,1159040.0,44.77,0.0,45.86,44.6,45.35,1.0,1159040.0,0
342,2015-10-02,44.96,44.98,42.24,42.88,1406788.0,44.96,0.0,44.98,42.24,42.88,1.0,1406788.0,4
343,2015-10-01,43.63,44.63,42.43,44.46,2323863.0,43.63,0.0,44.63,42.43,44.46,1.0,2323863.0,3
344,2015-09-30,45.05,45.47,44.04,44.23,1852136.0,45.05,0.0,45.47,44.04,44.23,1.0,1852136.0,2
345,2015-09-29,43.57,44.67,42.73,43.01,1548697.0,43.57,0.0,44.67,42.73,43.01,1.0,1548697.0,1
346,2015-09-28,43.25,46.97,43.14,46.52,3153547.0,43.25,0.0,46.97,43.14,46.52,1.0,3153547.0,0
347,2015-09-25,47.68,49.15,47.01,47.5,1714148.0,47.68,0.0,49.15,47.01,47.5,1.0,1714148.0,4
348,2015-09-24,46.77,47.96,45.8801,47.66,1784350.0,46.77,0.0,47.96,45.8801,47.66,1.0,1784350.0,3
349,2015-09-23,48.06,49.81,47.8,47.95,1479155.0,48.06,0.0,49.81,47.8,47.95,1.0,1479155.0,2
350,2015-09-22,47.37,49.82,47.19,49.27,2027102.0,47.37,0.0,49.82,47.19,49.27,1.0,2027102.0,1
351,2015-09-21,49.9,51.35,49.8,50.97,1527102.0,49.9,0.0,51.35,49.8,50.97,1.0,1527102.0,0
352,2015-09-18,50.73,51.73,49.77,50.7,3070117.0,50.73,0.0,51.73,49.77,50.7,1.0,3070117.0,4
353,2015-09-17,51.39,52.66,51.2144,51.49,1528336.0,51.39,0.0,52.66,51.2144,51.49,1.0,1528336.0,3
354,2015-09-16,51.74,53.28,51.3,52.64,1621702.0,51.74,0.0,53.28,51.3,52.64,1.0,1621702.0,2
355,2015-09-15,52.73,54.08,51.73,53.86,1825687.0,52.73,0.0,54.08,51.73,53.86,1.0,1825687.0,1
356,2015-09-14,53.49,54.497,52.91,54.1,1540124.0,53.49,0.0,54.497,52.91,54.1,1.0,1540124.0,0
357,2015-09-11,53.52,54.38,52.61,53.77,1532035.0,53.52,0.0,54.38,52.61,53.77,1.0,1532035.0,4
358,2015-09-10,53.98,57.16,53.61,56.98,2971263.0,53.98,0.0,57.16,53.61,56.98,1.0,2971263.0,3
359,2015-09-09,56.55,59.45,56.05,58.54,2079930.0,56.55,0.0,59.45,56.05,58.54,1.0,2079930.0,2
360,2015-09-08,58.19,58.4,56.68,57.04,1411267.0,58.19,0.0,58.4,56.68,57.04,1.0,1411267.0,1
361,2015-09-04,55.79,56.64,54.72,55.29,1332220.0,55.79,0.0,56.64,54.72,55.29,1.0,1332220.0,4
362,2015-09-03,56.57,58.36,54.86,55.0,2281855.0,56.57,0.0,58.36,54.86,55.0,1.0,2281855.0,3
363,2015-09-02,54.82,55.4399,53.51,54.75,1925130.0,54.82,0.0,55.4399,53.51,54.75,1.0,1925130.0,2
364,2015-09-01,53.45,55.94,53.12,53.89,2299274.0,53.45,0.0,55.94,53.12,53.89,1.0,2299274.0,1
365,2015-08-31,55.51,56.28,54.17,54.79,2092778.0,55.51,0.0,56.28,54.17,54.79,1.0,2092778.0,0
366,2015-08-28,55.79,55.92,54.22,54.37,1757971.0,55.79,0.0,55.92,54.22,54.37,1.0,1757971.0,4
367,2015-08-27,54.74,55.89,54.02,54.13,2540710.0,54.74,0.0,55.89,54.02,54.13,1.0,2540710.0,3
368,2015-08-26,52.75,52.97,49.77,51.67,2350959.0,52.75,0.0,52.97,49.77,51.67,1.0,2350959.0,2
369,2015-08-25,49.81,52.972,49.78,51.79,2656140.0,49.81,0.0,52.972,49.78,51.79,1.0,2656140.0,1
370,2015-08-24,48.5,51.07,45.0,45.5,3978164.0,48.5,0.0,51.07,45.0,45.5,1.0,3978164.0,0
371,2015-08-21,49.99,51.99,49.86,51.83,3704004.0,49.99,0.0,51.99,49.86,51.83,1.0,3704004.0,4
372,2015-08-20,52.36,55.355,52.23,54.61,2399474.0,52.36,0.0,55.355,52.23,54.61,1.0,2399474.0,3
373,2015-08-19,55.59,56.85,55.01,55.9,1820140.0,55.59,0.0,56.85,55.01,55.9,1.0,1820140.0,2
374,2015-08-18,55.93,57.94,55.85,57.6,1585966.0,55.93,0.0,57.94,55.85,57.6,1.0,1585966.0,1
375,2015-08-17,58.28,58.43,57.35,57.71,1251786.0,58.28,0.0,58.43,57.35,57.71,1.0,1251786.0,0
376,2015-08-14,58.24,58.68,56.31,57.58,2517344.0,58.24,0.0,58.68,56.31,57.58,1.0,2517344.0,4
377,2015-08-13,58.32,59.68,55.84,57.23,3508380.0,58.32,0.0,59.68,55.84,57.23,1.0,3508380.0,3
378,2015-08-12,56.96,57.6,51.71,52.74,3352155.0,56.96,0.0,57.6,51.71,52.74,1.0,3352155.0,2
379,2015-08-11,53.86,54.91,53.13,53.5,2311339.0,53.86,0.0,54.91,53.13,53.5,1.0,2311339.0,1
380,2015-08-10,54.53,55.1,53.17,53.18,2160562.0,54.53,0.0,55.1,53.17,53.18,1.0,2160562.0,0
381,2015-08-07,52.2,53.07,51.0,51.54,1874090.0,52.2,0.0,53.07,51.0,51.54,1.0,1874090.0,4
382,2015-08-06,51.83,54.83,50.8,54.73,3199748.0,51.83,0.0,54.83,50.8,54.73,1.0,3199748.0,3
383,2015-08-05,54.83,56.83,54.25,55.16,4071828.0,54.83,0.0,56.83,54.25,55.16,1.0,4071828.0,2
384,2015-08-04,55.06,58.14,54.37,56.68,5794839.0,55.06,0.0,58.14,54.37,56.68,1.0,5794839.0,1
385,2015-08-03,57.52,58.61,56.55,57.52,3662936.0,57.52,0.0,58.61,56.55,57.52,1.0,3662936.0,0
386,2015-07-31,57.95,60.79,57.64,60.61,4389313.0,57.95,0.0,60.79,57.64,60.61,1.0,4389313.0,4
387,2015-07-30,60.485,62.348,57.1,60.65,10331417.0,60.485,0.0,62.348,57.1,60.65,1.0,10331417.0,3
388,2015-07-29,70.47,70.85,68.94,70.33,2562748.0,70.47,0.0,70.85,68.94,70.33,1.0,2562748.0,2
389,2015-07-28,70.75,71.084,68.5,70.5,1371697.0,70.75,0.0,71.084,68.5,70.5,1.0,1371697.0,1
390,2015-07-27,69.94,71.45,69.01,71.45,1926702.0,69.94,0.0,71.45,69.01,71.45,1.0,1926702.0,0
391,2015-07-24,72.28,77.1699,72.2,76.51,1952249.0,72.28,0.0,77.1699,72.2,76.51,1.0,1952249.0,4
392,2015-07-23,75.24,77.22,74.44,74.71,1777362.0,75.24,0.0,77.22,74.44,74.71,1.0,1777362.0,3
393,2015-07-22,74.17,74.88,71.01,72.55,3345645.0,74.17,0.0,74.88,71.01,72.55,1.0,3345645.0,2
394,2015-07-21,77.45,77.95,75.41,76.22,1692304.0,77.45,0.0,77.95,75.41,76.22,1.0,1692304.0,1
395,2015-07-20,76.7,79.58,76.5,78.5,2117605.0,76.7,0.0,79.58,76.5,78.5,1.0,2117605.0,0
396,2015-07-17,78.86,80.79,78.1,80.14,1327631.0,78.86,0.0,80.79,78.1,80.14,1.0,1327631.0,4
397,2015-07-16,80.24,80.52,77.7,78.07,1501041.0,80.24,0.0,80.52,77.7,78.07,1.0,1501041.0,3
398,2015-07-15,77.88,79.1,77.42699999999999,78.6,1051254.0,77.88,0.0,79.1,77.42699999999999,78.6,1.0,1051254.0,2
399,2015-07-14,77.96,78.52,76.93,77.14,1047521.0,77.96,0.0,78.52,76.93,77.14,1.0,1047521.0,1
400,2015-07-13,76.61,78.21,75.24,77.17,1397443.0,76.61,0.0,78.21,75.24,77.17,1.0,1397443.0,0
401,2015-07-10,76.16,76.5,73.71,75.22,2365795.0,76.16,0.0,76.5,73.71,75.22,1.0,2365795.0,4
402,2015-07-09,74.63,77.27,74.33,76.3,2011298.0,74.63,0.0,77.27,74.33,76.3,1.0,2011298.0,3
403,2015-07-08,74.68,77.45,74.4808,77.43,3271840.0,74.68,0.0,77.45,74.4808,77.43,1.0,3271840.0,2
404,2015-07-07,79.95,80.43,74.36,80.29,3086401.0,79.95,0.0,80.43,74.36,80.29,1.0,3086401.0,1
405,2015-07-06,79.99,81.935,78.59,80.33,2121645.0,79.99,0.0,81.935,78.59,80.33,1.0,2121645.0,0
406,2015-07-02,81.36,81.55,80.2,80.72,1151395.0,81.36,0.0,81.55,80.2,80.72,1.0,1151395.0,3
407,2015-07-01,80.36,82.25,80.01,81.25,1639714.0,80.36,0.0,82.25,80.01,81.25,1.0,1639714.0,2
408,2015-06-30,80.27,81.0,78.5768,80.0,1957799.0,80.27,0.0,81.0,78.5768,80.0,1.0,1957799.0,1
409,2015-06-29,79.06,81.69,77.83,78.75,2892520.0,79.06,0.0,81.69,77.83,78.75,1.0,2892520.0,0
410,2015-06-26,80.41,84.9999,79.66,84.85,20596323.0,80.41,0.0,84.9999,79.66,84.85,1.0,20596323.0,4
411,2015-06-25,84.98,85.86,84.75,84.75,1391270.0,84.98,0.0,85.86,84.75,84.75,1.0,1391270.0,3
412,2015-06-24,84.59,85.88,84.56,85.13,1488568.0,84.59,0.0,85.88,84.56,85.13,1.0,1488568.0,2
413,2015-06-23,85.31,87.96,84.85,87.9,2469367.0,85.31,0.0,87.96,84.85,87.9,1.0,2469367.0,1
414,2015-06-22,87.81,88.35,85.86,86.27,2664696.0,87.81,0.0,88.35,85.86,86.27,1.0,2664696.0,0
415,2015-06-19,85.25,86.28,84.33,84.89,2833108.0,85.25,0.0,86.28,84.33,84.89,1.0,2833108.0,4
416,2015-06-18,84.65,85.46,83.62299999999999,84.63,2013364.0,84.65,0.0,85.46,83.62299999999999,84.63,1.0,2013364.0,3
417,2015-06-17,84.56,85.07,83.09,84.81,1894035.0,84.56,0.0,85.07,83.09,84.81,1.0,1894035.0,2
418,2015-06-16,84.75,84.99,82.11,82.22,2476532.0,84.75,0.0,84.99,82.11,82.22,1.0,2476532.0,1
419,2015-06-15,82.18,82.99,82.05,82.51,2640829.0,82.18,0.0,82.99,82.05,82.51,1.0,2640829.0,0
420,2015-06-12,83.51,83.7,81.75,81.99,2641046.0,83.51,0.0,83.7,81.75,81.99,1.0,2641046.0,4
421,2015-06-11,82.0,83.0,81.65100000000001,82.49,28866259.0,82.0,0.0,83.0,81.65100000000001,82.49,1.0,28866259.0,3
422,2015-06-10,82.5,82.74,80.29,81.375,6108678.0,82.5,0.0,82.74,80.29,81.375,1.0,6108678.0,2
423,2015-06-09,80.05,81.0,77.6,80.51,2807660.0,80.05,0.0,81.0,77.6,80.51,1.0,2807660.0,1
424,2015-06-08,80.24,83.76899999999999,79.75,83.42,2193013.0,80.24,0.0,83.76899999999999,79.75,83.42,1.0,2193013.0,0
425,2015-06-05,83.7,83.85,80.12,81.06,1801268.0,83.7,0.0,83.85,80.12,81.06,1.0,1801268.0,4
426,2015-06-04,81.32,82.1,80.08,80.68,1203774.0,81.32,0.0,82.1,80.08,80.68,1.0,1203774.0,3
427,2015-06-03,81.55,81.907,80.9,81.35,2263414.0,81.55,0.0,81.907,80.9,81.35,1.0,2263414.0,2
428,2015-06-02,80.86,80.96,79.0,80.59,1703772.0,80.86,0.0,80.96,79.0,80.59,1.0,1703772.0,1
429,2015-06-01,80.94,83.3632,80.09,82.5,2210923.0,80.94,0.0,83.3632,80.09,82.5,1.0,2210923.0,0
430,2015-05-29,82.15,84.33,82.03,82.87,2770204.0,82.15,0.0,84.33,82.03,82.87,1.0,2770204.0,4
431,2015-05-28,82.3,86.33,82.06,86.21,2310460.0,82.3,0.0,86.33,82.06,86.21,1.0,2310460.0,3
432,2015-05-27,86.4,86.75,82.7,82.96,2807004.0,86.4,0.0,86.75,82.7,82.96,1.0,2807004.0,2
433,2015-05-26,82.46,83.73,81.39,83.44,2157360.0,82.46,0.0,83.73,81.39,83.44,1.0,2157360.0,1
434,2015-05-22,84.03,84.6426,82.0,82.0,3055359.0,84.03,0.0,84.6426,82.0,82.0,1.0,3055359.0,4
435,2015-05-21,81.26,81.85,79.79,81.15,1937811.0,81.26,0.0,81.85,79.79,81.15,1.0,1937811.0,3
436,2015-05-20,81.15,81.99,79.4,79.8,1213533.0,81.15,0.0,81.99,79.4,79.8,1.0,1213533.0,2
437,2015-05-19,80.1,81.89,79.4,80.75,1644055.0,80.1,0.0,81.89,79.4,80.75,1.0,1644055.0,1
438,2015-05-18,80.3,80.39,75.5,75.76,2668764.0,80.3,0.0,80.39,75.5,75.76,1.0,2668764.0,0
439,2015-05-15,76.54,77.14,75.83,76.7,1711316.0,76.54,0.0,77.14,75.83,76.7,1.0,1711316.0,4
440,2015-05-14,76.98,77.215,75.04,75.17,1556393.0,76.98,0.0,77.215,75.04,75.17,1.0,1556393.0,3
441,2015-05-13,74.96,76.1,74.33,75.35,804124.0,74.96,0.0,76.1,74.33,75.35,1.0,804124.0,2
442,2015-05-12,74.75,75.85,74.0,74.13,1381572.0,74.75,0.0,75.85,74.0,74.13,1.0,1381572.0,1
443,2015-05-11,74.56,76.0,73.84,75.99,1697885.0,74.56,0.0,76.0,73.84,75.99,1.0,1697885.0,0
444,2015-05-08,76.56,77.97,76.21,76.38,1991630.0,76.56,0.0,77.97,76.21,76.38,1.0,1991630.0,4
445,2015-05-07,75.56,78.0,73.21,77.63,4721326.0,75.56,0.0,78.0,73.21,77.63,1.0,4721326.0,3
446,2015-05-06,69.06,69.4,66.5,67.7,2131898.0,69.06,0.0,69.4,66.5,67.7,1.0,2131898.0,2
447,2015-05-05,67.07,69.2217,66.02,68.51,1532575.0,67.07,0.0,69.2217,66.02,68.51,1.0,1532575.0,1
448,2015-05-04,68.99,70.5,68.6601,69.85,1621588.0,68.99,0.0,70.5,68.6601,69.85,1.0,1621588.0,0
449,2015-05-01,69.6,69.61,66.68,66.8,1708891.0,69.6,0.0,69.61,66.68,66.8,1.0,1708891.0,4
450,2015-04-30,65.91,68.8499,65.8,68.47,1632031.0,65.91,0.0,68.8499,65.8,68.47,1.0,1632031.0,3
451,2015-04-29,68.65,69.0,66.51,67.59,994215.0,68.65,0.0,69.0,66.51,67.59,1.0,994215.0,2
452,2015-04-28,67.86,70.308,65.442,69.97,2044430.0,67.86,0.0,70.308,65.442,69.97,1.0,2044430.0,1
453,2015-04-27,69.37,71.69,68.9,69.93,1512928.0,69.37,0.0,71.69,68.9,69.93,1.0,1512928.0,0
454,2015-04-24,70.12,73.1,69.7003,73.08,1633801.0,70.12,0.0,73.1,69.7003,73.08,1.0,1633801.0,4
455,2015-04-23,73.27,73.95,71.55,73.93,1121670.0,73.27,0.0,73.95,71.55,73.93,1.0,1121670.0,3
456,2015-04-22,74.48,74.54,73.06,74.25,817874.0,74.48,0.0,74.54,73.06,74.25,1.0,817874.0,2
457,2015-04-21,74.07,74.26,72.01,72.5,1159958.0,74.07,0.0,74.26,72.01,72.5,1.0,1159958.0,1
458,2015-04-20,72.01,72.35,70.4,70.4,1216884.0,72.01,0.0,72.35,70.4,70.4,1.0,1216884.0,0
459,2015-04-17,70.07,71.11,69.61,70.7,1177836.0,70.07,0.0,71.11,69.61,70.7,1.0,1177836.0,4
460,2015-04-16,71.46,71.5,68.61,70.8,1495531.0,71.46,0.0,71.5,68.61,70.8,1.0,1495531.0,3
461,2015-04-15,70.91,72.0,69.37,71.0,1714594.0,70.91,0.0,72.0,69.37,71.0,1.0,1714594.0,2
462,2015-04-14,70.5,73.17,69.3,72.38,2457067.0,70.5,0.0,73.17,69.3,72.38,1.0,2457067.0,1
463,2015-04-13,72.63,75.12,72.11,73.79,1243676.0,72.63,0.0,75.12,72.11,73.79,1.0,1243676.0,0
464,2015-04-10,73.58,75.93,72.7601,75.61,1315407.0,73.58,0.0,75.93,72.7601,75.61,1.0,1315407.0,4
465,2015-04-09,74.63,74.9,71.22,72.71,1385059.0,74.63,0.0,74.9,71.22,72.71,1.0,1385059.0,3
466,2015-04-08,72.84,75.2,72.51,73.8,2108002.0,72.84,0.0,75.2,72.51,73.8,1.0,2108002.0,2
467,2015-04-07,73.23,77.69,72.73,77.08,2251917.0,73.23,0.0,77.69,72.73,77.08,1.0,2251917.0,1
468,2015-04-06,76.51,77.15,75.2,76.88,1613574.0,76.51,0.0,77.15,75.2,76.88,1.0,1613574.0,0
469,2015-04-02,77.79,79.2,76.67,79.2,1603809.0,77.79,0.0,79.2,76.67,79.2,1.0,1603809.0,3
470,2015-04-01,78.8,79.3,77.81,78.53,1430165.0,78.8,0.0,79.3,77.81,78.53,1.0,1430165.0,2
471,2015-03-31,79.7,81.0,78.5503,80.93,2006906.0,79.7,0.0,81.0,78.5503,80.93,1.0,2006906.0,1
472,2015-03-30,81.4,81.4,79.71,80.22,1820353.0,81.4,0.0,81.4,79.71,80.22,1.0,1820353.0,0
473,2015-03-27,79.28,80.69,77.51,77.63,2634855.0,79.28,0.0,80.69,77.51,77.63,1.0,2634855.0,4
474,2015-03-26,77.19,77.75,72.1,73.5,3005851.0,77.19,0.0,77.75,72.1,73.5,1.0,3005851.0,3
475,2015-03-25,77.13,83.79,75.52,83.55,3728849.0,77.13,0.0,83.79,75.52,83.55,1.0,3728849.0,2
476,2015-03-24,83.21,85.6275,82.66,84.6,1792326.0,83.21,0.0,85.6275,82.66,84.6,1.0,1792326.0,1
477,2015-03-23,84.09,84.19,81.07,81.15,2001013.0,84.09,0.0,84.19,81.07,81.15,1.0,2001013.0,0
478,2015-03-20,80.8,81.4999,79.695,81.44,4740960.0,80.8,0.0,81.4999,79.695,81.44,1.0,4740960.0,4
479,2015-03-19,80.38,82.27,79.21,81.52,1885961.0,80.38,0.0,82.27,79.21,81.52,1.0,1885961.0,3
480,2015-03-18,79.96,80.8,77.69,77.86,2272864.0,79.96,0.0,80.8,77.69,77.86,1.0,2272864.0,2
481,2015-03-17,77.71,78.12,75.9,76.16,1824736.0,77.71,0.0,78.12,75.9,76.16,1.0,1824736.0,1
482,2015-03-16,76.33,76.75,74.0,74.21,1822376.0,76.33,0.0,76.75,74.0,74.21,1.0,1822376.0,0
483,2015-03-13,72.57,73.99,71.8,73.35,761933.0,72.57,0.0,73.99,71.8,73.35,1.0,761933.0,4
484,2015-03-12,73.42,74.35,72.92,73.34,794838.0,73.42,0.0,74.35,72.92,73.34,1.0,794838.0,3
485,2015-03-11,72.95,73.6,72.05,72.67,1039697.0,72.95,0.0,73.6,72.05,72.67,1.0,1039697.0,2
486,2015-03-10,72.15,74.31,71.74,74.13,1365519.0,72.15,0.0,74.31,71.74,74.13,1.0,1365519.0,1
487,2015-03-09,74.83,75.45,73.13,73.24,1076610.0,74.83,0.0,75.45,73.13,73.24,1.0,1076610.0,0
488,2015-03-06,72.98,74.5,72.75,73.41,988083.0,72.98,0.0,74.5,72.75,73.41,1.0,988083.0,4
489,2015-03-05,74.51,75.16,72.02,72.2,1621943.0,74.51,0.0,75.16,72.02,72.2,1.0,1621943.0,3
490,2015-03-04,72.02,73.25,70.11,70.23,1397547.0,72.02,0.0,73.25,70.11,70.23,1.0,1397547.0,2
491,2015-03-03,70.84,70.96,68.35,69.36,1509044.0,70.84,0.0,70.96,68.35,69.36,1.0,1509044.0,1
492,2015-03-02,69.35,70.8,68.8,69.39,1127924.0,69.35,0.0,70.8,68.8,69.39,1.0,1127924.0,0
493,2015-02-27,69.4,71.428,69.2,70.75,1400857.0,69.4,0.0,71.428,69.2,70.75,1.0,1400857.0,4
494,2015-02-26,71.53,71.72,67.89,68.0,2116352.0,71.53,0.0,71.72,67.89,68.0,1.0,2116352.0,3
495,2015-02-25,67.21,69.28,66.6,68.95,965173.0,67.21,0.0,69.28,66.6,68.95,1.0,965173.0,2
496,2015-02-24,69.34,69.35,65.2,65.36,1700103.0,69.34,0.0,69.35,65.2,65.36,1.0,1700103.0,1
497,2015-02-23,65.05,65.88,64.3,65.16,889737.0,65.05,0.0,65.88,64.3,65.16,1.0,889737.0,0
498,2015-02-20,65.17,65.77,64.04,65.57,1463428.0,65.17,0.0,65.77,64.04,65.57,1.0,1463428.0,4
499,2015-02-19,65.3,68.17,65.25,67.0,1225397.0,65.3,0.0,68.17,65.25,67.0,1.0,1225397.0,3
500,2015-02-18,67.54,70.0,67.31,69.15,1056656.0,67.54,0.0,70.0,67.31,69.15,1.0,1056656.0,2
501,2015-02-17,69.44,70.0,68.06,70.0,973963.0,69.44,0.0,70.0,68.06,70.0,1.0,973963.0,1
502,2015-02-13,70.03,70.27,65.6301,66.35,1870878.0,70.03,0.0,70.27,65.6301,66.35,1.0,1870878.0,4
503,2015-02-12,66.2,66.33,65.0,65.63,1159026.0,66.2,0.0,66.33,65.0,65.63,1.0,1159026.0,3
504,2015-02-11,64.75,65.65,63.17,64.93,1096587.0,64.75,0.0,65.65,63.17,64.93,1.0,1096587.0,2
505,2015-02-10,65.02,65.12,63.67,63.87,1306622.0,65.02,0.0,65.12,63.67,63.87,1.0,1306622.0,1
506,2015-02-09,63.74,65.8245,63.35,65.2,1563602.0,63.74,0.0,65.8245,63.35,65.2,1.0,1563602.0,0
507,2015-02-06,65.89,68.5,65.53,67.5,1302192.0,65.89,0.0,68.5,65.53,67.5,1.0,1302192.0,4
508,2015-02-05,67.39,68.73,66.5,67.66,1322918.0,67.39,0.0,68.73,66.5,67.66,1.0,1322918.0,3
509,2015-02-04,68.33,69.3999,66.76,67.53,1499558.0,68.33,0.0,69.3999,66.76,67.53,1.0,1499558.0,2
510,2015-02-03,68.52,70.0,67.05,68.74,2551794.0,68.52,0.0,70.0,67.05,68.74,1.0,2551794.0,1
511,2015-02-02,68.72,74.0,66.88,73.08,3348309.0,68.72,0.0,74.0,66.88,73.08,1.0,3348309.0,0
512,2015-01-30,73.87,75.26,73.31,74.64,1623369.0,73.87,0.0,75.26,73.31,74.64,1.0,1623369.0,4
513,2015-01-29,75.76,75.88,72.2,72.7,2636706.0,75.76,0.0,75.88,72.2,72.7,1.0,2636706.0,3
514,2015-01-28,75.5,78.05,74.22,75.0,3063005.0,75.5,0.0,78.05,74.22,75.0,1.0,3063005.0,2
515,2015-01-27,73.75,73.88,71.5,73.0,1246687.0,73.75,0.0,73.88,71.5,73.0,1.0,1246687.0,1
516,2015-01-26,73.15,74.0,72.3,72.4,1571826.0,73.15,0.0,74.0,72.3,72.4,1.0,1571826.0,0
517,2015-01-23,73.37,74.34,70.57,70.72,1677595.0,73.37,0.0,74.34,70.57,70.72,1.0,1677595.0,4
518,2015-01-22,70.61,70.68,67.03,69.54,1332703.0,70.61,0.0,70.68,67.03,69.54,1.0,1332703.0,3
519,2015-01-21,68.84,70.8,67.57,67.61,1451616.0,68.84,0.0,70.8,67.57,67.61,1.0,1451616.0,2
520,2015-01-20,67.96,68.2,65.23,65.75,1096239.0,67.96,0.0,68.2,65.23,65.75,1.0,1096239.0,1
521,2015-01-16,65.81,66.42,63.81,64.02,1392888.0,65.81,0.0,66.42,63.81,64.02,1.0,1392888.0,4
522,2015-01-15,64.39,64.94,63.6,64.23,1246849.0,64.39,0.0,64.94,63.6,64.23,1.0,1246849.0,3
523,2015-01-14,64.59,65.45,63.11,64.65,980702.0,64.59,0.0,65.45,63.11,64.65,1.0,980702.0,2
524,2015-01-13,65.02,67.59,63.61,65.74,1230742.0,65.02,0.0,67.59,63.61,65.74,1.0,1230742.0,1
525,2015-01-12,65.52,67.99,64.8,67.39,1259246.0,65.52,0.0,67.99,64.8,67.39,1.0,1259246.0,0
526,2015-01-09,67.0801,68.45,66.61,68.45,890633.0,67.0801,0.0,68.45,66.61,68.45,1.0,890633.0,4
527,2015-01-08,67.69,69.69,67.13,67.95,2514567.0,67.69,0.0,69.69,67.13,67.95,1.0,2514567.0,3
528,2015-01-07,66.65,66.76,63.51,65.01,2122624.0,66.65,0.0,66.76,63.51,65.01,1.0,2122624.0,2
529,2015-01-06,64.67,67.9899,63.02,67.93,3749900.0,64.67,0.0,67.9899,63.02,67.93,1.0,3749900.0,1
530,2015-01-05,67.63,71.3,67.06,71.23,4534786.0,67.63,0.0,71.3,67.06,71.23,1.0,4534786.0,0
531,2015-01-02,70.4,71.9995,68.01,69.0,4218773.0,70.4,0.0,71.9995,68.01,69.0,1.0,4218773.0,4
