,Unnamed: 0,adj_close,adj_high,adj_low,adj_open,adj_volume,close,ex_dividend,high,low,open,split_ratio,volume,Day of Week,Day
0,2017-02-10,31.09,31.11,31.0,31.03,151080.0,31.09,0.0,31.11,31.0,31.03,1.0,151080.0,4,10
1,2017-02-09,30.95,30.97,30.75,30.85,151012.0,30.95,0.0,30.97,30.75,30.85,1.0,151012.0,3,09
2,2017-02-08,30.8,30.83,30.62,30.81,113972.0,30.8,0.0,30.83,30.62,30.81,1.0,113972.0,2,08
3,2017-02-07,30.718,30.88,30.66,30.88,274462.0,30.718,0.0,30.88,30.66,30.88,1.0,274462.0,1,07
4,2017-02-06,30.76,30.88,30.68,30.88,190576.0,30.76,0.0,30.88,30.68,30.88,1.0,190576.0,0,06
5,2017-02-03,30.97,30.97,30.8,30.91,144109.0,30.97,0.0,30.97,30.8,30.91,1.0,144109.0,4,03
6,2017-02-02,30.74,30.78,30.6001,30.78,112571.0,30.74,0.0,30.78,30.6001,30.78,1.0,112571.0,3,02
7,2017-02-01,30.79,30.8,30.52,30.75,122856.0,30.79,0.0,30.8,30.52,30.75,1.0,122856.0,2,01
8,2017-01-31,30.48,30.5,30.19,30.37,93383.0,30.48,0.0,30.5,30.19,30.37,1.0,93383.0,1,31
9,2017-01-30,30.33,30.56,30.111,30.56,70423.0,30.33,0.0,30.56,30.111,30.56,1.0,70423.0,0,30
10,2017-01-27,30.5,30.61,30.36,30.61,66135.0,30.5,0.0,30.61,30.36,30.61,1.0,66135.0,4,27
11,2017-01-26,30.53,30.8,30.5,30.8,259329.0,30.53,0.0,30.8,30.5,30.8,1.0,259329.0,3,26
12,2017-01-25,30.73,30.73,30.4,30.45,193791.0,30.73,0.0,30.73,30.4,30.45,1.0,193791.0,2,25
13,2017-01-24,30.09,30.14,29.78,29.91,130418.0,30.09,0.0,30.14,29.78,29.91,1.0,130418.0,1,24
14,2017-01-23,29.735,29.91,29.59,29.91,95402.0,29.735,0.0,29.91,29.59,29.91,1.0,95402.0,0,23
15,2017-01-20,29.88,29.88,29.73,29.86,164564.0,29.88,0.0,29.88,29.73,29.86,1.0,164564.0,4,20
16,2017-01-19,29.59,29.75,29.5,29.65,127627.0,29.59,0.0,29.75,29.5,29.65,1.0,127627.0,3,19
17,2017-01-18,29.52,29.56,29.4,29.5,138388.0,29.52,0.0,29.56,29.4,29.5,1.0,138388.0,2,18
18,2017-01-17,29.42,29.83,29.37,29.83,161305.0,29.42,0.0,29.83,29.37,29.83,1.0,161305.0,1,17
19,2017-01-13,29.71,29.75,29.5,29.63,176810.0,29.71,0.0,29.75,29.5,29.63,1.0,176810.0,4,13
20,2017-01-12,29.53,29.75,29.34,29.75,119953.0,29.53,0.0,29.75,29.34,29.75,1.0,119953.0,3,12
21,2017-01-11,29.55,29.55,29.37,29.55,135014.0,29.55,0.0,29.55,29.37,29.55,1.0,135014.0,2,11
22,2017-01-10,29.3654,29.439,29.3174,29.32,55713.0,29.3654,0.0,29.439,29.3174,29.32,1.0,55713.0,1,10
23,2017-01-09,29.43,29.47,29.34,29.34,67568.0,29.43,0.0,29.47,29.34,29.34,1.0,67568.0,0,09
24,2017-01-06,29.35,29.4201,29.274,29.35,49349.0,29.35,0.0,29.4201,29.274,29.35,1.0,49349.0,4,06
25,2017-01-05,29.26,29.46,29.23,29.37,52897.0,29.26,0.0,29.46,29.23,29.37,1.0,52897.0,3,05
26,2017-01-04,29.276,29.3077,29.06,29.06,222832.0,29.276,0.0,29.3077,29.06,29.06,1.0,222832.0,2,04
27,2017-01-03,28.99,28.99,28.72,28.94,140484.0,28.99,0.0,28.99,28.72,28.94,1.0,140484.0,1,03
28,2016-12-30,28.65,28.8399,28.65,28.65,31841.0,28.65,0.0,28.8399,28.65,28.65,1.0,31841.0,4,30
29,2016-12-29,28.65,28.75,28.5639,28.63,63458.0,28.65,0.0,28.75,28.5639,28.63,1.0,63458.0,3,29
30,2016-12-28,28.63,28.99,28.61,28.99,17586.0,28.63,0.0,28.99,28.61,28.99,1.0,17586.0,2,28
31,2016-12-27,28.79,28.907,28.71,28.77,35197.0,28.79,0.0,28.907,28.71,28.77,1.0,35197.0,1,27
32,2016-12-23,28.6299,28.76,28.5708,28.76,36588.0,28.6299,0.0,28.76,28.5708,28.76,1.0,36588.0,4,23
33,2016-12-22,28.6491,28.738,28.551,28.69,38684.0,28.6491,0.0,28.738,28.551,28.69,1.0,38684.0,3,22
34,2016-12-21,28.7,28.8774,28.6501,28.76,113978.0,28.7,0.0,28.8774,28.6501,28.76,1.0,113978.0,2,21
35,2016-12-20,28.74,28.9,28.73,28.79,104126.0,28.74,0.0,28.9,28.73,28.79,1.0,104126.0,1,20
36,2016-12-19,28.74,28.852,28.6558,28.73,35994.0,28.74,0.0,28.852,28.6558,28.73,1.0,35994.0,0,19
37,2016-12-16,28.63,29.09,28.63,29.09,57776.0,28.63,0.0,29.09,28.63,29.09,1.0,57776.0,4,16
38,2016-12-15,28.925,28.989,28.76,28.94,60681.0,28.925,0.0,28.989,28.76,28.94,1.0,60681.0,3,15
39,2016-12-14,28.79,29.19,28.71,28.97,93231.0,28.79,0.0,29.19,28.71,28.97,1.0,93231.0,2,14
40,2016-12-13,29.13,29.26,28.86,28.86,84215.0,29.13,0.0,29.26,28.86,28.86,1.0,84215.0,1,13
41,2016-12-12,28.91,29.17,28.8316,29.17,48117.0,28.91,0.0,29.17,28.8316,29.17,1.0,48117.0,0,12
42,2016-12-09,29.14,29.27,29.0851,29.27,75287.0,29.14,0.0,29.27,29.0851,29.27,1.0,75287.0,4,09
43,2016-12-08,29.16,29.18,28.85,28.85,35888.0,29.16,0.0,29.18,28.85,28.85,1.0,35888.0,3,08
44,2016-12-07,28.88,28.8899,28.5242,28.73,83917.0,28.88,0.0,28.8899,28.5242,28.73,1.0,83917.0,2,07
45,2016-12-06,28.62,28.65,28.3836,28.55,35953.0,28.62,0.0,28.65,28.3836,28.55,1.0,35953.0,1,06
46,2016-12-05,28.38,28.4891,28.15,28.15,55111.0,28.38,0.0,28.4891,28.15,28.15,1.0,55111.0,0,05
47,2016-12-02,28.1523,28.17,28.05,28.05,25168.0,28.1523,0.0,28.17,28.05,28.05,1.0,25168.0,4,02
48,2016-12-01,28.192,28.49,28.11,28.49,30252.0,28.192,0.0,28.49,28.11,28.49,1.0,30252.0,3,01
49,2016-11-30,28.37,28.43,28.2801,28.33,29623.0,28.37,0.0,28.43,28.2801,28.33,1.0,29623.0,2,30
50,2016-11-29,28.42,28.53,28.302,28.33,41572.0,28.42,0.0,28.53,28.302,28.33,1.0,41572.0,1,29
51,2016-11-28,28.44,28.545,28.41,28.53,73627.0,28.44,0.0,28.545,28.41,28.53,1.0,73627.0,0,28
52,2016-11-25,28.409,28.52,28.409,28.52,31403.0,28.409,0.0,28.52,28.409,28.52,1.0,31403.0,4,25
53,2016-11-23,28.51,28.51,28.27,28.43,40502.0,28.51,0.0,28.51,28.27,28.43,1.0,40502.0,2,23
54,2016-11-22,28.42,28.43,28.2495,28.36,47301.0,28.42,0.0,28.43,28.2495,28.36,1.0,47301.0,1,22
55,2016-11-21,28.36,28.3893,28.21,28.36,38456.0,28.36,0.0,28.3893,28.21,28.36,1.0,38456.0,0,21
56,2016-11-18,28.3,28.42,28.2,28.42,39723.0,28.3,0.0,28.42,28.2,28.42,1.0,39723.0,4,18
57,2016-11-17,28.3,28.3,28.21,28.25,27742.0,28.3,0.0,28.3,28.21,28.25,1.0,27742.0,3,17
58,2016-11-16,28.07,28.24,28.04,28.13,37815.0,28.07,0.0,28.24,28.04,28.13,1.0,37815.0,2,16
59,2016-11-15,28.25,28.3,28.0048,28.19,37044.0,28.25,0.0,28.3,28.0048,28.19,1.0,37044.0,1,15
60,2016-11-14,28.1,28.1807,27.91,28.14,38281.0,28.1,0.0,28.1807,27.91,28.14,1.0,38281.0,0,14
61,2016-11-11,28.09,28.09,27.71,27.81,38207.0,28.09,0.0,28.09,27.71,27.81,1.0,38207.0,4,11
62,2016-11-10,27.81,28.1,27.5801,27.8,59881.0,27.81,0.0,28.1,27.5801,27.8,1.0,59881.0,3,10
63,2016-11-09,27.58,27.635,27.05,27.05,48193.0,27.58,0.0,27.635,27.05,27.05,1.0,48193.0,2,09
64,2016-11-08,27.42,27.5587,27.2601,27.48,35835.0,27.42,0.0,27.5587,27.2601,27.48,1.0,35835.0,1,08
65,2016-11-07,27.45,27.494,27.3,27.35,45324.0,27.45,0.0,27.494,27.3,27.35,1.0,45324.0,0,07
66,2016-11-04,26.93,27.1,26.92,26.98,31053.0,26.93,0.0,27.1,26.92,26.98,1.0,31053.0,4,04
67,2016-11-03,26.94,27.22,26.91,26.91,12061.0,26.94,0.0,27.22,26.91,26.91,1.0,12061.0,3,03
68,2016-11-02,27.05,27.2118,26.96,27.17,30370.0,27.05,0.0,27.2118,26.96,27.17,1.0,30370.0,2,02
69,2016-11-01,27.324,27.7,27.2,27.6,28708.0,27.324,0.0,27.7,27.2,27.6,1.0,28708.0,1,01
70,2016-10-31,27.6,27.63,27.49,27.555,16799.0,27.6,0.0,27.63,27.49,27.555,1.0,16799.0,0,31
71,2016-10-28,27.54,27.86,27.5,27.86,56076.0,27.54,0.0,27.86,27.5,27.86,1.0,56076.0,4,28
72,2016-10-27,27.6,27.88,27.58,27.88,37758.0,27.6,0.0,27.88,27.58,27.88,1.0,37758.0,3,27
73,2016-10-26,27.73,27.82,27.6,27.62,32043.0,27.73,0.0,27.82,27.6,27.62,1.0,32043.0,2,26
74,2016-10-25,27.604,27.79,27.55,27.79,27981.0,27.604,0.0,27.79,27.55,27.79,1.0,27981.0,1,25
75,2016-10-24,27.78,27.9794,27.76,27.85,41287.0,27.78,0.0,27.9794,27.76,27.85,1.0,41287.0,0,24
76,2016-10-21,27.75,27.791,27.53,27.68,29369.0,27.75,0.0,27.791,27.53,27.68,1.0,29369.0,4,21
77,2016-10-20,27.69,27.8117,27.5301,27.75,43395.0,27.69,0.0,27.8117,27.5301,27.75,1.0,43395.0,3,20
78,2016-10-19,27.61,27.74,27.41,27.41,27384.0,27.61,0.0,27.74,27.41,27.41,1.0,27384.0,2,19
79,2016-10-18,27.63,27.6976,27.54,27.69,21495.0,27.63,0.0,27.6976,27.54,27.69,1.0,21495.0,1,18
80,2016-10-17,27.47,27.55,27.4199,27.5,74527.0,27.47,0.0,27.55,27.4199,27.5,1.0,74527.0,0,17
81,2016-10-14,27.46,27.63,27.42,27.42,21358.0,27.46,0.0,27.63,27.42,27.42,1.0,21358.0,4,14
82,2016-10-13,27.48,27.5699,27.2,27.45,48533.0,27.48,0.0,27.5699,27.2,27.45,1.0,48533.0,3,13
83,2016-10-12,27.72,27.89,27.654,27.89,15341.0,27.72,0.0,27.89,27.654,27.89,1.0,15341.0,2,12
84,2016-10-11,27.76,28.23,27.69,28.23,36825.0,27.76,0.0,28.23,27.69,28.23,1.0,36825.0,1,11
85,2016-10-10,28.22,28.49,28.18,28.49,33749.0,28.22,0.0,28.49,28.18,28.49,1.0,33749.0,0,10
86,2016-10-07,28.155,28.2,28.02,28.17,26596.0,28.155,0.0,28.2,28.02,28.17,1.0,26596.0,4,07
87,2016-10-06,28.21,28.32,28.1,28.11,29255.0,28.21,0.0,28.32,28.1,28.11,1.0,29255.0,3,06
88,2016-10-05,28.33,28.4099,28.21,28.28,11134.0,28.33,0.0,28.4099,28.21,28.28,1.0,11134.0,2,05
89,2016-10-04,28.147,28.4,28.015,28.4,17303.0,28.147,0.0,28.4,28.015,28.4,1.0,17303.0,1,04
90,2016-10-03,28.2925,28.99,28.21,28.99,35114.0,28.2925,0.0,28.99,28.21,28.99,1.0,35114.0,0,03
91,2016-09-30,28.3937,28.4499,28.12,28.26,18466.0,28.3937,0.0,28.4499,28.12,28.26,1.0,18466.0,4,30
92,2016-09-29,28.25,28.52,28.18,28.52,24391.0,28.25,0.0,28.52,28.18,28.52,1.0,24391.0,3,29
93,2016-09-28,28.35,28.39,28.03,28.15,19535.0,28.35,0.0,28.39,28.03,28.15,1.0,19535.0,2,28
94,2016-09-27,28.0,28.05,27.656,27.75,18590.0,28.0,0.0,28.05,27.656,27.75,1.0,18590.0,1,27
95,2016-09-26,27.81,27.92,27.7501,27.91,17674.0,27.81,0.0,27.92,27.7501,27.91,1.0,17674.0,0,26
96,2016-09-23,28.0699,28.18,28.0001,28.18,15554.0,28.0699,0.0,28.18,28.0001,28.18,1.0,15554.0,4,23
97,2016-09-22,28.19,28.2499,28.0,28.0,50777.0,28.19,0.0,28.2499,28.0,28.0,1.0,50777.0,3,22
98,2016-09-21,27.85,27.86,27.46,27.46,16806.0,27.85,0.0,27.86,27.46,27.46,1.0,16806.0,2,21
99,2016-09-20,27.39,27.54,27.3339,27.54,12401.0,27.39,0.0,27.54,27.3339,27.54,1.0,12401.0,1,20
100,2016-09-19,27.3104,27.5,27.07,27.07,15445.0,27.3104,0.0,27.5,27.07,27.07,1.0,15445.0,0,19
101,2016-09-16,27.01,27.08,26.9201,27.06,8202.0,27.01,0.0,27.08,26.9201,27.06,1.0,8202.0,4,16
102,2016-09-15,27.2,27.22,26.94,26.94,14304.0,27.2,0.0,27.22,26.94,26.94,1.0,14304.0,3,15
103,2016-09-14,26.958,27.13,26.91,27.13,5170.0,26.958,0.0,27.13,26.91,27.13,1.0,5170.0,2,14
104,2016-09-13,27.0025,27.34,26.9238,27.34,16033.0,27.0025,0.0,27.34,26.9238,27.34,1.0,16033.0,1,13
105,2016-09-12,27.35,27.41,27.0,27.03,15196.0,27.35,0.0,27.41,27.0,27.03,1.0,15196.0,0,12
106,2016-09-09,27.2275,27.74,27.2201,27.74,23976.0,27.2275,0.0,27.74,27.2201,27.74,1.0,23976.0,4,09
107,2016-09-08,27.84,27.93,27.7395,27.93,51369.0,27.84,0.0,27.93,27.7395,27.93,1.0,51369.0,3,08
108,2016-09-07,27.743,27.86,27.6999,27.86,32739.0,27.743,0.0,27.86,27.6999,27.86,1.0,32739.0,2,07
109,2016-09-06,27.63,27.66,27.54,27.59,25792.0,27.63,0.0,27.66,27.54,27.59,1.0,25792.0,1,06
110,2016-09-02,27.1642,27.21,27.03,27.21,14228.0,27.1642,0.0,27.21,27.03,27.21,1.0,14228.0,4,02
111,2016-09-01,27.05,27.0899,26.86,26.86,8702.0,27.05,0.0,27.0899,26.86,26.86,1.0,8702.0,3,01
112,2016-08-31,26.9,27.2,26.81,27.2,18225.0,26.9,0.0,27.2,26.81,27.2,1.0,18225.0,2,31
113,2016-08-30,27.25,27.28,27.0856,27.24,18887.0,27.25,0.0,27.28,27.0856,27.24,1.0,18887.0,1,30
114,2016-08-29,27.2425,27.27,27.06,27.23,18131.0,27.2425,0.0,27.27,27.06,27.23,1.0,18131.0,0,29
115,2016-08-26,27.1,27.3699,26.95,27.05,27218.0,27.1,0.0,27.3699,26.95,27.05,1.0,27218.0,4,26
116,2016-08-25,27.1309,27.17,27.06,27.17,3798.0,27.1309,0.0,27.17,27.06,27.17,1.0,3798.0,3,25
117,2016-08-24,27.105,27.28,27.06,27.28,16621.0,27.105,0.0,27.28,27.06,27.28,1.0,16621.0,2,24
118,2016-08-23,27.25,27.33,27.1801,27.3,33296.0,27.25,0.0,27.33,27.1801,27.3,1.0,33296.0,1,23
119,2016-08-22,27.185,27.25,27.0,27.08,26036.0,27.185,0.0,27.25,27.0,27.08,1.0,26036.0,0,22
120,2016-08-19,27.26,27.26,26.96,27.12,10707.0,27.26,0.0,27.26,26.96,27.12,1.0,10707.0,4,19
121,2016-08-18,27.12,27.1599,27.005,27.04,13704.0,27.12,0.0,27.1599,27.005,27.04,1.0,13704.0,3,18
122,2016-08-17,26.99,27.12,26.9001,27.12,9642.0,26.99,0.0,27.12,26.9001,27.12,1.0,9642.0,2,17
123,2016-08-16,27.11,27.3,27.0903,27.3,18732.0,27.11,0.0,27.3,27.0903,27.3,1.0,18732.0,1,16
124,2016-08-15,27.261,27.2899,27.08,27.08,10928.0,27.261,0.0,27.2899,27.08,27.08,1.0,10928.0,0,15
125,2016-08-12,27.01,27.13,26.97,27.13,15015.0,27.01,0.0,27.13,26.97,27.13,1.0,15015.0,4,12
126,2016-08-11,27.0,27.01,26.77,26.77,27502.0,27.0,0.0,27.01,26.77,26.77,1.0,27502.0,3,11
127,2016-08-10,26.7666,27.0,26.7662,27.0,14470.0,26.7666,0.0,27.0,26.7662,27.0,1.0,14470.0,2,10
128,2016-08-09,26.93,26.98,26.78,26.78,23554.0,26.93,0.0,26.98,26.78,26.78,1.0,23554.0,1,09
129,2016-08-08,26.65,26.7,26.63,26.7,39977.0,26.65,0.0,26.7,26.63,26.7,1.0,39977.0,0,08
130,2016-08-05,26.6299,26.6309,26.49,26.49,9616.0,26.6299,0.0,26.6309,26.49,26.49,1.0,9616.0,4,05
131,2016-08-04,26.4632,26.4999,26.337,26.39,10952.0,26.4632,0.0,26.4999,26.337,26.39,1.0,10952.0,3,04
132,2016-08-03,26.258,26.349,26.12,26.12,16473.0,26.258,0.0,26.349,26.12,26.12,1.0,16473.0,2,03
133,2016-08-02,26.2162,26.5,26.1901,26.5,5593.0,26.2162,0.0,26.5,26.1901,26.5,1.0,5593.0,1,02
134,2016-08-01,26.31,26.4951,26.29,26.29,14003.0,26.31,0.0,26.4951,26.29,26.29,1.0,14003.0,0,01
135,2016-07-29,26.41,26.46,26.12,26.12,8302.0,26.41,0.0,26.46,26.12,26.12,1.0,8302.0,4,29
136,2016-07-28,26.24,26.295,26.1592,26.21,22069.0,26.24,0.0,26.295,26.1592,26.21,1.0,22069.0,3,28
137,2016-07-27,26.19,26.24,25.95,25.95,43771.0,26.19,0.0,26.24,25.95,25.95,1.0,43771.0,2,27
138,2016-07-26,25.91,26.029,25.8,25.9,6542.0,25.91,0.0,26.029,25.8,25.9,1.0,6542.0,1,26
139,2016-07-25,25.8812,26.01,25.83,26.01,6075.0,25.8812,0.0,26.01,25.83,26.01,1.0,6075.0,0,25
140,2016-07-22,25.95,25.989,25.8001,25.83,5736.0,25.95,0.0,25.989,25.8001,25.83,1.0,5736.0,4,22
141,2016-07-21,25.8996,26.0584,25.8622,25.94,7095.0,25.8996,0.0,26.0584,25.8622,25.94,1.0,7095.0,3,21
142,2016-07-20,26.06,26.06,25.93,25.93,17564.0,26.06,0.0,26.06,25.93,25.93,1.0,17564.0,2,20
143,2016-07-19,25.6901,25.8,25.69,25.8,7779.0,25.6901,0.0,25.8,25.69,25.8,1.0,7779.0,1,19
144,2016-07-18,25.8499,25.8599,25.6001,25.72,40986.0,25.8499,0.0,25.8599,25.6001,25.72,1.0,40986.0,0,18
145,2016-07-15,25.7289,25.75,25.69,25.72,3462.0,25.7289,0.0,25.75,25.69,25.72,1.0,3462.0,4,15
146,2016-07-14,25.7901,25.99,25.7901,25.96,12523.0,25.7901,0.0,25.99,25.7901,25.96,1.0,12523.0,3,14
147,2016-07-13,25.7899,25.9099,25.71,25.74,13880.0,25.7899,0.0,25.9099,25.71,25.74,1.0,13880.0,2,13
148,2016-07-12,25.758,25.79,25.64,25.65,13802.0,25.758,0.0,25.79,25.64,25.65,1.0,13802.0,1,12
149,2016-07-11,25.39,25.47,25.24,25.24,15386.0,25.39,0.0,25.47,25.24,25.24,1.0,15386.0,0,11
150,2016-07-08,25.0,25.0099,24.75,24.75,8416.0,25.0,0.0,25.0099,24.75,24.75,1.0,8416.0,4,08
151,2016-07-07,24.65,24.8243,24.6109,24.76,14367.0,24.65,0.0,24.8243,24.6109,24.76,1.0,14367.0,3,07
152,2016-07-06,24.67,24.67,24.43,24.63,7663.0,24.67,0.0,24.67,24.43,24.63,1.0,7663.0,2,06
153,2016-07-05,24.6788,25.09,24.5568,25.09,11879.0,24.6788,0.0,25.09,24.5568,25.09,1.0,11879.0,1,05
154,2016-07-01,25.11,25.19,25.0357,25.0357,17738.0,25.11,0.0,25.19,25.0357,25.0357,1.0,17738.0,4,01
155,2016-06-30,25.0396,25.08,24.8,24.8,3714.0,25.0396,0.0,25.08,24.8,24.8,1.0,3714.0,3,30
156,2016-06-29,24.7759,24.7999,24.6161,24.65,9576.0,24.7759,0.0,24.7999,24.6161,24.65,1.0,9576.0,2,29
157,2016-06-28,24.398,24.43,24.24,24.24,24357.0,24.398,0.0,24.43,24.24,24.24,1.0,24357.0,1,28
158,2016-06-27,23.904,24.5,23.761,24.5,36433.0,23.904,0.0,24.5,23.761,24.5,1.0,36433.0,0,27
159,2016-06-24,24.68,25.05,24.65,24.83,23215.0,24.68,0.0,25.05,24.65,24.83,1.0,23215.0,4,24
160,2016-06-23,25.96,25.96,25.76,25.76,5665.0,25.96,0.0,25.96,25.76,25.76,1.0,5665.0,3,23
161,2016-06-22,25.48,25.64,25.43,25.4801,7503.0,25.48,0.0,25.64,25.43,25.4801,1.0,7503.0,2,22
162,2016-06-21,25.56,25.58,25.4317,25.58,8102.0,25.56,0.0,25.58,25.4317,25.58,1.0,8102.0,1,21
163,2016-06-20,25.4,25.535,25.3,25.3,7874.0,25.4,0.0,25.535,25.3,25.3,1.0,7874.0,0,20
164,2016-06-17,24.93,24.9453,24.8395,24.851,3546.0,24.93,0.0,24.9453,24.8395,24.851,1.0,3546.0,4,17
165,2016-06-16,24.7333,24.7899,24.42,24.66,9902.0,24.7333,0.0,24.7899,24.42,24.66,1.0,9902.0,3,16
166,2016-06-15,24.88,25.1,24.8711,24.91,7006.0,24.88,0.0,25.1,24.8711,24.91,1.0,7006.0,2,15
167,2016-06-14,24.76,24.87,24.64,24.87,8134.0,24.76,0.0,24.87,24.64,24.87,1.0,8134.0,1,14
168,2016-06-13,25.1,25.27,25.09,25.25,18329.0,25.1,0.0,25.27,25.09,25.25,1.0,18329.0,0,13
169,2016-06-10,25.38,25.68,25.3601,25.68,10431.0,25.38,0.0,25.68,25.3601,25.68,1.0,10431.0,4,10
170,2016-06-09,25.8391,25.98,25.7812,25.98,10831.0,25.8391,0.0,25.98,25.7812,25.98,1.0,10831.0,3,09
171,2016-06-08,26.07,26.07,25.94,26.0,11277.0,26.07,0.0,26.07,25.94,26.0,1.0,11277.0,2,08
172,2016-06-07,25.93,25.955,25.9,25.9001,12624.0,25.93,0.0,25.955,25.9,25.9001,1.0,12624.0,1,07
173,2016-06-06,25.82,25.839,25.5,25.5,18620.0,25.82,0.0,25.839,25.5,25.5,1.0,18620.0,0,06
174,2016-06-03,25.53,25.539,25.3568,25.41,13428.0,25.53,0.0,25.539,25.3568,25.41,1.0,13428.0,4,03
175,2016-06-02,25.426,25.49,25.2601,25.27,13720.0,25.426,0.0,25.49,25.2601,25.27,1.0,13720.0,3,02
176,2016-06-01,25.43,25.55,25.25,25.55,8028.0,25.43,0.0,25.55,25.25,25.55,1.0,8028.0,2,01
177,2016-05-31,25.34,25.61,25.2,25.61,16778.0,25.34,0.0,25.61,25.2,25.61,1.0,16778.0,1,31
178,2016-05-27,25.15,25.21,25.1015,25.15,16269.0,25.15,0.0,25.21,25.1015,25.15,1.0,16269.0,4,27
179,2016-05-26,25.14,25.2399,25.02,25.18,11642.0,25.14,0.0,25.2399,25.02,25.18,1.0,11642.0,3,26
180,2016-05-25,25.0201,25.0996,24.9125,25.01,11291.0,25.0201,0.0,25.0996,24.9125,25.01,1.0,11291.0,2,25
181,2016-05-24,24.873,24.88,24.667,24.7,14314.0,24.873,0.0,24.88,24.667,24.7,1.0,14314.0,1,24
182,2016-05-23,24.6,24.6728,24.43,24.43,5975.0,24.6,0.0,24.6728,24.43,24.43,1.0,5975.0,0,23
183,2016-05-20,24.358,24.5,24.3068,24.38,8822.0,24.358,0.0,24.5,24.3068,24.38,1.0,8822.0,4,20
184,2016-05-19,24.21,24.35,24.12,24.35,7105.0,24.21,0.0,24.35,24.12,24.35,1.0,7105.0,3,19
185,2016-05-18,24.4399,24.5399,24.36,24.37,2123.0,24.4399,0.0,24.5399,24.36,24.37,1.0,2123.0,2,18
186,2016-05-17,24.2705,24.61,24.2201,24.53,6623.0,24.2705,0.0,24.61,24.2201,24.53,1.0,6623.0,1,17
187,2016-05-16,24.5287,24.5699,24.3001,24.42,9464.0,24.5287,0.0,24.5699,24.3001,24.42,1.0,9464.0,0,16
188,2016-05-13,24.14,24.3052,24.14,24.27,5539.0,24.14,0.0,24.3052,24.14,24.27,1.0,5539.0,4,13
189,2016-05-12,24.5385,24.69,24.3301,24.69,10807.0,24.5385,0.0,24.69,24.3301,24.69,1.0,10807.0,3,12
190,2016-05-11,24.6099,24.69,24.51,24.53,11127.0,24.6099,0.0,24.69,24.51,24.53,1.0,11127.0,2,11
191,2016-05-10,24.6883,24.6987,24.46,24.46,8099.0,24.6883,0.0,24.6987,24.46,24.46,1.0,8099.0,1,10
192,2016-05-09,24.4599,24.65,24.3301,24.65,8919.0,24.4599,0.0,24.65,24.3301,24.65,1.0,8919.0,0,09
193,2016-05-06,24.56,24.5744,24.3206,24.48,20673.0,24.56,0.0,24.5744,24.3206,24.48,1.0,20673.0,4,06
194,2016-05-05,24.43,24.651,24.4,24.4,13483.0,24.43,0.0,24.651,24.4,24.4,1.0,13483.0,3,05
195,2016-05-04,24.45,24.56,24.43,24.52,4065.0,24.45,0.0,24.56,24.43,24.52,1.0,4065.0,2,04
196,2016-05-03,24.6699,24.91,24.5414,24.9,32472.0,24.6699,0.0,24.91,24.5414,24.9,1.0,32472.0,1,03
197,2016-05-02,24.99,25.02,24.845,25.02,7277.0,24.99,0.0,25.02,24.845,25.02,1.0,7277.0,0,02
198,2016-04-29,24.75,24.9028,24.7105,24.73,8335.0,24.75,0.0,24.9028,24.7105,24.73,1.0,8335.0,4,29
199,2016-04-28,24.9899,25.48,24.921,25.48,14234.0,24.9899,0.0,25.48,24.921,25.48,1.0,14234.0,3,28
200,2016-04-27,25.4507,25.5102,25.41,25.4899,3251.0,25.4507,0.0,25.5102,25.41,25.4899,1.0,3251.0,2,27
201,2016-04-26,25.34,25.48,25.3024,25.48,5408.0,25.34,0.0,25.48,25.3024,25.48,1.0,5408.0,1,26
202,2016-04-25,25.3,25.57,25.28,25.57,29659.0,25.3,0.0,25.57,25.28,25.57,1.0,29659.0,0,25
203,2016-04-22,25.5,25.55,25.4,25.53,18406.0,25.5,0.0,25.55,25.4,25.53,1.0,18406.0,4,22
204,2016-04-21,25.4,25.5525,25.32,25.4,40659.0,25.4,0.0,25.5525,25.32,25.4,1.0,40659.0,3,21
205,2016-04-20,25.67,25.76,25.34,25.34,38731.0,25.67,0.0,25.76,25.34,25.34,1.0,38731.0,2,20
206,2016-04-19,25.54,25.684,25.53,25.54,67930.0,25.54,0.0,25.684,25.53,25.54,1.0,67930.0,1,19
207,2016-04-18,25.4,25.4,25.01,25.26,27261.0,25.4,0.0,25.4,25.01,25.26,1.0,27261.0,0,18
208,2016-04-15,25.32,25.46,25.27,25.46,10514.0,25.32,0.0,25.46,25.27,25.46,1.0,10514.0,4,15
209,2016-04-14,25.3975,25.63,25.31,25.31,6225.0,25.3975,0.0,25.63,25.31,25.31,1.0,6225.0,3,14
210,2016-04-13,25.41,25.41,25.03,25.03,9195.0,25.41,0.0,25.41,25.03,25.03,1.0,9195.0,2,13
211,2016-04-12,24.8,24.892,24.55,24.74,17939.0,24.8,0.0,24.892,24.55,24.74,1.0,17939.0,1,12
212,2016-04-11,24.44,24.91,24.44,24.7,33189.0,24.44,0.0,24.91,24.44,24.7,1.0,33189.0,0,11
213,2016-04-08,24.38,24.5299,24.29,24.32,19846.0,24.38,0.0,24.5299,24.29,24.32,1.0,19846.0,4,08
214,2016-04-07,23.87,24.25,23.76,24.1,24468.0,23.87,0.0,24.25,23.76,24.1,1.0,24468.0,3,07
215,2016-04-06,24.2501,24.3,23.96,24.09,21075.0,24.2501,0.0,24.3,23.96,24.09,1.0,21075.0,2,06
216,2016-04-05,23.9701,24.11,23.89,24.11,20711.0,23.9701,0.0,24.11,23.89,24.11,1.0,20711.0,1,05
217,2016-04-04,24.4,24.5885,24.35,24.41,6521.0,24.4,0.0,24.5885,24.35,24.41,1.0,6521.0,0,04
218,2016-04-01,24.48,24.48,24.24,24.38,18464.0,24.48,0.0,24.48,24.24,24.38,1.0,18464.0,4,01
219,2016-03-31,24.62,24.8299,24.62,24.65,18804.0,24.62,0.0,24.8299,24.62,24.65,1.0,18804.0,3,31
220,2016-03-30,24.66,24.8,24.43,24.43,20612.0,24.66,0.0,24.8,24.43,24.43,1.0,20612.0,2,30
221,2016-03-29,24.55,24.55,23.94,23.95,26398.0,24.55,0.0,24.55,23.94,23.95,1.0,26398.0,1,29
222,2016-03-28,24.0,24.18,23.92,24.08,52409.0,24.0,0.0,24.18,23.92,24.08,1.0,52409.0,0,28
223,2016-03-24,24.12,24.12,23.73,24.01,19481.0,24.12,0.0,24.12,23.73,24.01,1.0,19481.0,3,24
224,2016-03-23,24.16,24.49,24.16,24.47,13571.0,24.16,0.0,24.49,24.16,24.47,1.0,13571.0,2,23
225,2016-03-22,24.49,24.5905,24.33,24.42,21442.0,24.49,0.0,24.5905,24.33,24.42,1.0,21442.0,1,22
226,2016-03-21,24.47,24.54,24.34,24.5,28699.0,24.47,0.0,24.54,24.34,24.5,1.0,28699.0,0,21
227,2016-03-18,24.42,24.49,24.32,24.32,14527.0,24.42,0.0,24.49,24.32,24.32,1.0,14527.0,4,18
228,2016-03-17,24.21,24.2699,23.85,23.85,19984.0,24.21,0.0,24.2699,23.85,23.85,1.0,19984.0,3,17
229,2016-03-16,23.921,23.99,23.56,23.56,6297.0,23.921,0.0,23.99,23.56,23.56,1.0,6297.0,2,16
230,2016-03-15,23.7099,23.83,23.59,23.83,24716.0,23.7099,0.0,23.83,23.59,23.83,1.0,24716.0,1,15
231,2016-03-14,24.12,24.12,23.92,23.98,19328.0,24.12,0.0,24.12,23.92,23.98,1.0,19328.0,0,14
232,2016-03-11,23.88,23.9399,23.62,23.67,17537.0,23.88,0.0,23.9399,23.62,23.67,1.0,17537.0,4,11
233,2016-03-10,23.41,23.8388,23.3,23.66,16235.0,23.41,0.0,23.8388,23.3,23.66,1.0,16235.0,3,10
234,2016-03-09,23.52,23.62,23.47,23.51,25217.0,23.52,0.0,23.62,23.47,23.51,1.0,25217.0,2,09
235,2016-03-08,23.5,23.84,23.5,23.84,15848.0,23.5,0.0,23.84,23.5,23.84,1.0,15848.0,1,08
236,2016-03-07,23.87,23.87,23.64,23.67,13670.0,23.87,0.0,23.87,23.64,23.67,1.0,13670.0,0,07
237,2016-03-04,23.64,23.852,23.41,23.48,27135.0,23.64,0.0,23.852,23.41,23.48,1.0,27135.0,4,04
238,2016-03-03,23.26,23.33,23.08,23.1,26751.0,23.26,0.0,23.33,23.08,23.1,1.0,26751.0,3,03
239,2016-03-02,22.99,23.015,22.752,22.81,21382.0,22.99,0.0,23.015,22.752,22.81,1.0,21382.0,2,02
240,2016-03-01,22.86,22.905,22.61,22.73,16267.0,22.86,0.0,22.905,22.61,22.73,1.0,16267.0,1,01
241,2016-02-29,22.6,22.77,22.6,22.62,6797.0,22.6,0.0,22.77,22.6,22.62,1.0,6797.0,0,29
242,2016-02-26,22.59,22.6,22.49,22.49,7922.0,22.59,0.0,22.6,22.49,22.49,1.0,7922.0,4,26
243,2016-02-25,22.4,22.5,22.094,22.28,22843.0,22.4,0.0,22.5,22.094,22.28,1.0,22843.0,3,25
244,2016-02-24,22.22,22.22,21.79,21.79,5281.0,22.22,0.0,22.22,21.79,21.79,1.0,5281.0,2,24
245,2016-02-23,22.09,22.334,22.08,22.21,28315.0,22.09,0.0,22.334,22.08,22.21,1.0,28315.0,1,23
246,2016-02-22,22.45,22.45,22.28,22.28,4561.0,22.45,0.0,22.45,22.28,22.28,1.0,4561.0,0,22
247,2016-02-19,22.2525,22.3057,22.15,22.15,3329.0,22.2525,0.0,22.3057,22.15,22.15,1.0,3329.0,4,19
248,2016-02-18,22.23,22.2889,22.135,22.21,6059.0,22.23,0.0,22.2889,22.135,22.21,1.0,6059.0,3,18
249,2016-02-17,22.16,22.2,21.81,21.81,12764.0,22.16,0.0,22.2,21.81,21.81,1.0,12764.0,2,17
250,2016-02-16,21.44,21.5399,21.24,21.24,12932.0,21.44,0.0,21.5399,21.24,21.24,1.0,12932.0,1,16
251,2016-02-12,20.863,20.87,20.6,20.6,125621.0,20.863,0.0,20.87,20.6,20.6,1.0,125621.0,4,12
252,2016-02-11,20.75,20.75,20.54,20.66,19249.0,20.75,0.0,20.75,20.54,20.66,1.0,19249.0,3,11
253,2016-02-10,20.9112,21.28,20.9112,21.07,10778.0,20.9112,0.0,21.28,20.9112,21.07,1.0,10778.0,2,10
254,2016-02-09,21.0901,21.1,20.7721,20.87,5182.0,21.0901,0.0,21.1,20.7721,20.87,1.0,5182.0,1,09
255,2016-02-08,21.13,21.26,20.93,21.26,41803.0,21.13,0.0,21.26,20.93,21.26,1.0,41803.0,0,08
256,2016-02-05,21.55,21.76,21.53,21.74,4182.0,21.55,0.0,21.76,21.53,21.74,1.0,4182.0,4,05
257,2016-02-04,21.81,22.01,21.69,21.7,10206.0,21.81,0.0,22.01,21.69,21.7,1.0,10206.0,3,04
258,2016-02-03,21.5901,21.6385,21.37,21.6,8853.0,21.5901,0.0,21.6385,21.37,21.6,1.0,8853.0,2,03
259,2016-02-02,21.5501,21.79,21.532,21.79,6515.0,21.5501,0.0,21.79,21.532,21.79,1.0,6515.0,1,02
260,2016-02-01,21.9801,22.03,21.73,21.86,3060.0,21.9801,0.0,22.03,21.73,21.86,1.0,3060.0,0,01
261,2016-01-29,21.9827,21.9827,21.6801,21.7,7205.0,21.9827,0.0,21.9827,21.6801,21.7,1.0,7205.0,4,29
262,2016-01-28,21.72,22.05,21.72,22.0,3830.0,21.72,0.0,22.05,21.72,22.0,1.0,3830.0,3,28
263,2016-01-27,21.723,22.0899,21.716,21.79,10843.0,21.723,0.0,22.0899,21.716,21.79,1.0,10843.0,2,27
264,2016-01-26,21.84,21.84,21.46,21.49,84065.0,21.84,0.0,21.84,21.46,21.49,1.0,84065.0,1,26
265,2016-01-25,21.4801,21.76,21.4801,21.76,150547.0,21.4801,0.0,21.76,21.4801,21.76,1.0,150547.0,0,25
266,2016-01-22,21.7,21.7,21.38,21.38,12022.0,21.7,0.0,21.7,21.38,21.38,1.0,12022.0,4,22
267,2016-01-21,21.11,21.3,20.8501,21.1,11527.0,21.11,0.0,21.3,20.8501,21.1,1.0,11527.0,3,21
268,2016-01-20,21.1434,21.17,20.6,21.04,19650.0,21.1434,0.0,21.17,20.6,21.04,1.0,19650.0,2,20
269,2016-01-19,21.46,21.762,21.37,21.66,15093.0,21.46,0.0,21.762,21.37,21.66,1.0,15093.0,1,19
270,2016-01-15,21.36,21.63,21.18,21.48,21806.0,21.36,0.0,21.63,21.18,21.48,1.0,21806.0,4,15
271,2016-01-14,22.005,22.129,21.705,21.88,24313.0,22.005,0.0,22.129,21.705,21.88,1.0,24313.0,3,14
272,2016-01-13,21.93,22.5699,21.8901,22.42,13033.0,21.93,0.0,22.5699,21.8901,22.42,1.0,13033.0,2,13
273,2016-01-12,22.3101,22.5,22.18,22.43,5059.0,22.3101,0.0,22.5,22.18,22.43,1.0,5059.0,1,12
274,2016-01-11,22.225,22.49,22.11,22.43,8475.0,22.225,0.0,22.49,22.11,22.43,1.0,8475.0,0,11
275,2016-01-08,22.4,22.769,22.4,22.75,9256.0,22.4,0.0,22.769,22.4,22.75,1.0,9256.0,4,08
276,2016-01-07,22.75,22.99,22.6801,22.98,9236.0,22.75,0.0,22.99,22.6801,22.98,1.0,9236.0,3,07
277,2016-01-06,23.217,23.49,23.21,23.49,14967.0,23.217,0.0,23.49,23.21,23.49,1.0,14967.0,2,06
278,2016-01-05,23.7899,23.9,23.62,23.9,34006.0,23.7899,0.0,23.9,23.62,23.9,1.0,34006.0,1,05
279,2016-01-04,23.93,24.0,23.62,23.94,30654.0,23.93,0.0,24.0,23.62,23.94,1.0,30654.0,0,04
280,2015-12-31,24.2,24.43,24.2,24.43,5436.0,24.2,0.0,24.43,24.2,24.43,1.0,5436.0,3,31
281,2015-12-30,24.4585,24.57,24.41,24.51,8793.0,24.4585,0.0,24.57,24.41,24.51,1.0,8793.0,2,30
282,2015-12-29,24.59,24.67,24.5001,24.56,8572.0,24.59,0.0,24.67,24.5001,24.56,1.0,8572.0,1,29
283,2015-12-28,24.4185,24.42,24.25,24.37,119888.0,24.4185,0.0,24.42,24.25,24.37,1.0,119888.0,0,28
284,2015-12-24,24.414,24.449,24.25,24.25,13996.0,24.414,0.0,24.449,24.25,24.25,1.0,13996.0,3,24
285,2015-12-23,24.42,24.484,24.22,24.22,9189.0,24.42,0.0,24.484,24.22,24.22,1.0,9189.0,2,23
286,2015-12-22,24.2078,24.2078,24.056,24.081,5887.0,24.2078,0.0,24.2078,24.056,24.081,1.0,5887.0,1,22
287,2015-12-21,23.97,24.025,23.83,23.83,8948.0,23.97,0.0,24.025,23.83,23.83,1.0,8948.0,0,21
288,2015-12-18,23.8,23.9,23.8,23.9,17599.0,23.8,0.0,23.9,23.8,23.9,1.0,17599.0,4,18
289,2015-12-17,24.0501,24.37,24.04,24.3,20379.0,24.0501,0.0,24.37,24.04,24.3,1.0,20379.0,3,17
290,2015-12-16,24.19,24.19,23.905,24.03,11356.0,24.19,0.068305,24.19,23.905,24.03,1.0,11356.0,2,16
291,2015-12-15,23.8825631057,23.9573519255,23.6731544104,23.6731544104,9744.0,23.95,0.0,24.025,23.74,23.74,1.0,9744.0,1,15
292,2015-12-14,23.6930980957,23.8426757352,23.5136049283,23.8227320499,19564.0,23.76,0.0,23.91,23.58,23.89,1.0,19564.0,0,14
293,2015-12-11,23.8057799174,24.0221689026,23.7230136236,24.0221689026,49290.0,23.873,0.0,24.09,23.79,24.09,1.0,49290.0,4,11
294,2015-12-10,24.1232833869,24.3316948979,24.0620562731,24.0620562731,6144.0,24.1914,0.0,24.4004,24.13,24.13,1.0,6144.0,3,10
295,2015-12-09,24.0397193456,24.2415494405,23.9713125051,24.2415494405,6371.0,24.1076,0.0,24.31,24.039,24.31,1.0,6371.0,2,09
296,2015-12-08,24.2614931258,24.3312960242,24.1717465421,24.1717465421,4226.0,24.33,0.0,24.4,24.24,24.24,1.0,4226.0,1,08
297,2015-12-07,24.5317300611,24.690282359,24.5207610342,24.690282359,5360.0,24.601,0.0,24.76,24.59,24.76,1.0,5360.0,0,07
298,2015-12-04,24.7177049262,24.7301697295,24.4210426079,24.4210426079,15527.0,24.7875,0.0,24.8,24.49,24.49,1.0,15527.0,4,04
299,2015-12-03,24.470901821,24.8298881558,24.4509581358,24.8298881558,5649.0,24.54,0.0,24.9,24.52,24.9,1.0,5649.0,3,03
300,2015-12-02,24.6405228642,24.8398599985,24.6405228642,24.8398599985,8302.0,24.7101,0.0,24.91,24.7101,24.91,1.0,8302.0,2,02
301,2015-12-01,24.8995913358,24.9096628969,24.7301697295,24.7401415721,13851.0,24.9699,0.0,24.98,24.8,24.81,1.0,13851.0,1,01
302,2015-11-30,24.7800289427,24.9196347395,24.6312490506,24.9196347395,165659.0,24.85,0.0,24.99,24.7008,24.99,1.0,165659.0,0,30
303,2015-11-27,24.6004360568,24.6503949884,24.5008173489,24.6005357753,2538.0,24.6699,0.0,24.72,24.57,24.67,1.0,2538.0,4,27
304,2015-11-25,24.6304513032,24.6673471209,24.5207610342,24.5606484047,9161.0,24.7,0.0,24.737,24.59,24.63,1.0,9161.0,2,25
305,2015-11-24,24.4318121979,24.5107891916,24.2315775979,24.2315775979,8575.0,24.5008,0.0,24.58,24.3,24.3,1.0,8575.0,1,24
306,2015-11-23,24.4010989226,24.5008173489,24.4010989226,24.4310144505,16271.0,24.47,0.0,24.57,24.47,24.5,1.0,16271.0,0,23
307,2015-11-20,24.4509581358,24.5206613158,24.3013804963,24.3013804963,8981.0,24.52,0.0,24.5899,24.37,24.37,1.0,8981.0,4,20
308,2015-11-19,24.2415494405,24.3243157343,24.2116339126,24.3113523389,6097.0,24.31,0.0,24.393,24.28,24.38,1.0,6097.0,3,19
309,2015-11-18,24.2338711217,24.2338711217,23.9324223189,23.9324223189,4977.0,24.3023,0.0,24.3023,24.0,24.0,1.0,4977.0,2,18
310,2015-11-17,23.9922533747,24.1617746994,23.9723096894,24.0520844305,21435.0,24.06,0.0,24.23,24.04,24.12,1.0,21435.0,1,17
311,2015-11-16,24.0022252173,24.0022252173,23.6752484974,23.7329854662,42707.0,24.07,0.0,24.07,23.7421,23.8,1.0,42707.0,0,16
312,2015-11-13,23.6332670399,23.8027883646,23.5943768536,23.7130417809,22650.0,23.7,0.0,23.87,23.661,23.78,1.0,22650.0,4,13
313,2015-11-12,23.7828446794,24.0072111386,23.7828446794,23.9423941615,15684.0,23.85,0.0,24.075,23.85,24.01,1.0,15684.0,3,12
314,2015-11-11,24.091971801,24.2415494405,24.091971801,24.1418310142,11054.0,24.16,0.0,24.31,24.16,24.21,1.0,11054.0,2,11
315,2015-11-10,24.1912913536,24.1912913536,24.0022252173,24.0022252173,18882.0,24.2596,0.0,24.2596,24.07,24.07,1.0,18882.0,1,10
316,2015-11-09,24.1557915938,24.39112708,24.0122967784,24.39112708,6794.0,24.224,0.0,24.46,24.0801,24.46,1.0,6794.0,0,09
317,2015-11-06,24.3114520573,24.3512397095,24.1019436436,24.2116339126,24401.0,24.3801,0.0,24.42,24.17,24.28,1.0,24401.0,4,06
318,2015-11-05,24.20166207,24.3711833947,24.1029408279,24.3512397095,8844.0,24.27,0.0,24.44,24.171,24.42,1.0,8844.0,3,05
319,2015-11-04,24.2614931258,24.3811552374,24.1817183847,24.3113523389,4631.0,24.33,0.0,24.45,24.25,24.38,1.0,4631.0,2,04
320,2015-11-03,24.3412678668,24.5107891916,24.2416491589,24.3612115521,7576.0,24.41,0.0,24.58,24.3101,24.43,1.0,7576.0,1,03
321,2015-11-02,24.3587185914,24.3811552374,24.0321407452,24.0321407452,47535.0,24.4275,0.0,24.45,24.1,24.1,1.0,47535.0,0,02
322,2015-10-30,23.982281532,24.091971801,23.9364110559,23.9423941615,7320.0,24.05,0.0,24.16,24.004,24.01,1.0,7320.0,4,30
323,2015-10-29,23.7828446794,23.9523660041,23.7728728367,23.9523660041,7591.0,23.85,0.0,24.02,23.84,24.02,1.0,7591.0,3,29
324,2015-10-28,23.8327038925,23.9123789152,23.5634641415,23.5634641415,5834.0,23.9,0.0,23.9799,23.63,23.63,1.0,5834.0,2,28
325,2015-10-27,23.4737175578,23.6432388825,23.3893557691,23.6432388825,10665.0,23.54,0.0,23.71,23.4554,23.71,1.0,10665.0,1,27
326,2015-10-26,23.7030699383,23.9124786336,23.698084017,23.9124786336,9692.0,23.77,0.0,23.98,23.765,23.98,1.0,9692.0,0,26
327,2015-10-23,23.8426757352,23.8953270643,23.7030699383,23.7130417809,10556.0,23.91,0.0,23.9628,23.77,23.78,1.0,10556.0,4,23
328,2015-10-22,23.6133233546,23.7668897312,23.5036330857,23.5036330857,8686.0,23.68,0.0,23.834,23.57,23.57,1.0,8686.0,3,22
329,2015-10-21,23.3540554462,23.5932799509,23.3440836035,23.5335486136,19326.0,23.42,0.0,23.6599,23.41,23.6,1.0,19326.0,2,21
330,2015-10-20,23.2443651772,23.3728025103,23.0549001672,23.0549001672,30933.0,23.31,0.0,23.4388,23.12,23.12,1.0,30933.0,1,20
331,2015-10-19,23.184434403,23.304196233,23.0861120346,23.2244214919,7840.0,23.2499,0.0,23.37,23.1513,23.29,1.0,7840.0,0,19
332,2015-10-16,23.2842525477,23.4537738725,23.2543370198,23.4537738725,16962.0,23.35,0.0,23.52,23.32,23.52,1.0,16962.0,4,16
333,2015-10-15,23.413886502,23.439613856,23.1965003326,23.2543370198,8484.0,23.48,0.0,23.5058,23.262,23.32,1.0,8484.0,3,15
334,2015-10-14,23.1645904361,23.3540554462,23.0549998856,23.2942243904,60719.0,23.23,0.0,23.42,23.1201,23.36,1.0,60719.0,2,14
335,2015-10-13,23.373899413,23.522180713,23.2543370198,23.3839709741,7580.0,23.4399,0.0,23.5886,23.32,23.45,1.0,7580.0,1,13
336,2015-10-12,23.6133233546,23.8327038925,23.5735357025,23.8227320499,41523.0,23.68,0.0,23.9,23.6401,23.89,1.0,41523.0,0,12
337,2015-10-09,23.7628012757,23.887549027,23.6631825678,23.7629009941,23165.0,23.8299,0.0,23.955,23.73,23.83,1.0,23165.0,4,09
338,2015-10-08,23.6532107252,23.7030699383,23.4338301872,23.5435204562,4018.0,23.72,0.0,23.77,23.5,23.61,1.0,4018.0,3,08
339,2015-10-07,23.4039146593,23.5933796694,23.3440836035,23.3440836035,22582.0,23.47,0.0,23.66,23.41,23.41,1.0,22582.0,2,07
340,2015-10-06,23.1935087798,23.3530582619,23.0849154135,23.0947875377,14254.0,23.259,0.0,23.419,23.1501,23.16,1.0,14254.0,1,06
341,2015-10-05,23.1645904361,23.2692947838,22.8056041014,22.8056041014,25124.0,23.23,0.0,23.335,22.87,22.87,1.0,25124.0,0,05
342,2015-10-02,22.4665614518,22.4665614518,21.9081382644,21.9779411628,4026.0,22.53,0.0,22.53,21.97,22.04,1.0,4026.0,4,02
343,2015-10-01,22.137490645,22.3070119697,21.9082379828,22.3070119697,7123.0,22.2,0.0,22.37,21.9701,22.37,1.0,7123.0,3,01
344,2015-09-30,22.1674061729,22.1674061729,21.8682508939,22.027800376,10837.0,22.23,0.0,22.23,21.93,22.09,1.0,10837.0,2,30
345,2015-09-29,21.708302538,21.8283635233,21.618954828,21.6388985133,16023.0,21.7696,0.0,21.89,21.68,21.7,1.0,16023.0,1,29
346,2015-09-28,21.7186732544,22.1873498581,21.7121915567,22.1873498581,141218.0,21.78,0.0,22.25,21.7735,22.25,1.0,141218.0,0,28
347,2015-09-25,22.0722747941,22.3927698164,21.9996797798,22.3369274976,3432.0,22.1346,0.0,22.456,22.0618,22.4,1.0,3432.0,4,25
348,2015-09-24,22.0876314318,22.1574343302,21.8981664218,22.1474624876,18077.0,22.15,0.0,22.22,21.96,22.21,1.0,18077.0,3,24
349,2015-09-23,22.5263925076,22.6285041762,22.3668430255,22.5662798782,10721.0,22.59,0.0,22.6924,22.43,22.63,1.0,10721.0,2,23
350,2015-09-22,22.4705501889,22.6161390913,22.406730396,22.6161390913,9528.0,22.534,0.0,22.68,22.47,22.68,1.0,9528.0,1,22
351,2015-09-21,23.0137164571,23.194505964,22.9083140805,23.0249846393,4168.0,23.0787,0.0,23.26,22.973,23.09,1.0,4168.0,0,21
352,2015-09-18,23.0019496828,23.1346749082,22.976022892,23.1346749082,6694.0,23.0669,0.0,23.2,23.0409,23.2,1.0,6694.0,4,18
353,2015-09-17,23.3739991314,23.7130417809,23.2942243904,23.2942243904,13611.0,23.44,0.0,23.78,23.36,23.36,1.0,13611.0,3,17
354,2015-09-16,23.2004890696,23.413886502,23.0728494839,23.1446467509,15348.0,23.266,0.0,23.48,23.138,23.21,1.0,15348.0,2,16
355,2015-09-15,23.0947875377,23.1077509331,22.7856604161,22.7856604161,6864.0,23.16,0.0,23.173,22.85,22.85,1.0,6864.0,1,15
356,2015-09-14,22.7956322587,22.9351383372,22.7358012029,22.8355196293,36886.0,22.86,0.0,22.9999,22.8,22.9,1.0,36886.0,0,14
357,2015-09-11,23.0217936496,23.0217936496,22.7059853935,22.7856604161,6216.0,23.0868,0.0,23.0868,22.7701,22.85,1.0,6216.0,4,11
358,2015-09-10,22.9352380556,23.0249846393,22.8554633145,22.8554633145,8622.0,23.0,0.0,23.09,22.92,22.92,1.0,8622.0,3,10
359,2015-09-09,22.8255477866,23.4302403239,22.8255477866,23.3839709741,10714.0,22.89,0.0,23.4964,22.89,23.45,1.0,10714.0,2,09
360,2015-09-08,23.2543370198,23.2643088625,22.9352380556,23.1745622788,11521.0,23.32,0.0,23.33,23.0,23.24,1.0,11521.0,1,08
361,2015-09-04,22.4964769797,22.6759701471,22.3768148681,22.5563080355,5782.0,22.56,0.0,22.74,22.44,22.62,1.0,5782.0,4,04
362,2015-09-03,22.9153940887,23.1644907177,22.9153940887,23.0748438524,2912.0,22.9801,0.0,23.2299,22.9801,23.14,1.0,2912.0,3,03
363,2015-09-02,22.9551817409,22.9551817409,22.5464359113,22.9551817409,10655.0,23.02,0.0,23.02,22.6101,23.02,1.0,10655.0,2,02
364,2015-09-01,22.5363643503,22.9541845566,22.5363643503,22.7258293603,18568.0,22.6,0.0,23.019,22.6,22.79,1.0,18568.0,1,01
365,2015-08-31,23.4238583446,23.4238583446,23.2319003739,23.2643088625,9163.0,23.49,0.0,23.49,23.2975,23.33,1.0,9163.0,0,31
366,2015-08-28,23.3540554462,23.4238583446,23.1845341214,23.1845341214,12272.0,23.42,0.0,23.49,23.25,23.25,1.0,12272.0,4,28
367,2015-08-27,23.1645904361,23.3640272888,22.9950691114,23.0150127966,69373.0,23.23,0.0,23.43,23.06,23.08,1.0,69373.0,3,27
368,2015-08-26,22.8255477866,22.8554633145,22.326955655,22.626110934,40995.0,22.89,0.0,22.92,22.39,22.69,1.0,40995.0,2,26
369,2015-08-25,22.0477440613,22.8633410702,21.9879130055,22.7657167308,28480.0,22.11,0.0,22.9279,22.05,22.83,1.0,28480.0,1,25
370,2015-08-24,21.9579974776,22.3297477709,12.793874098,20.2528123873,129045.0,22.02,0.0,22.3928,12.83,20.31,1.0,129045.0,0,24
371,2015-08-21,22.6560264619,23.0848156951,22.6161390913,22.9551817409,39224.0,22.72,0.0,23.15,22.68,23.02,1.0,39224.0,4,21
372,2015-08-20,23.1247030656,23.5834078267,23.1247030656,23.5834078267,64351.0,23.19,0.0,23.65,23.19,23.65,1.0,64351.0,3,20
373,2015-08-19,23.8678047786,24.0620562731,23.8327038925,24.0321407452,25978.0,23.9352,0.0,24.13,23.9,24.1,1.0,25978.0,2,19
374,2015-08-18,24.20166207,24.3063664176,24.1617746994,24.281436811,83799.0,24.27,0.0,24.375,24.23,24.35,1.0,83799.0,1,18
375,2015-08-17,24.3661974734,24.4300172663,24.1817183847,24.2415494405,11067.0,24.435,0.0,24.499,24.25,24.31,1.0,11067.0,0,17
376,2015-08-14,24.4509581358,24.4609299784,24.3313957426,24.3412678668,5404.0,24.52,0.0,24.53,24.4001,24.41,1.0,5404.0,4,14
377,2015-08-13,24.4557446202,24.4969283303,24.401198641,24.4110707652,9904.0,24.5248,0.0,24.5661,24.4701,24.48,1.0,9904.0,3,13
378,2015-08-12,24.5107891916,24.5107891916,24.2416491589,24.4409862931,171635.0,24.58,0.0,24.58,24.3101,24.51,1.0,171635.0,2,12
379,2015-08-11,24.6603668311,24.8498318411,24.6105076179,24.8498318411,10024.0,24.73,0.0,24.92,24.68,24.92,1.0,10024.0,1,11
380,2015-08-10,25.0192534474,25.0192534474,24.7346570587,24.7600852574,13267.0,25.0899,0.0,25.0899,24.8045,24.83,1.0,13267.0,0,10
381,2015-08-07,24.633442856,24.690282359,24.5726146159,24.6703386737,6079.0,24.703,0.0,24.76,24.642,24.74,1.0,6079.0,4,07
382,2015-08-06,24.6583724625,24.690282359,24.5212596263,24.6803105163,16466.0,24.728,0.0,24.76,24.5905,24.75,1.0,16466.0,3,06
383,2015-08-05,24.6204794605,24.6603668311,24.5107891916,24.5107891916,14776.0,24.69,0.0,24.73,24.58,24.58,1.0,14776.0,2,05
384,2015-08-04,24.3113523389,24.4758877424,24.3013804963,24.4310144505,15978.0,24.38,0.0,24.545,24.37,24.5,1.0,15978.0,1,04
385,2015-08-03,24.5107891916,24.7600852574,24.4310144505,24.7600852574,17931.0,24.58,0.0,24.83,24.5,24.83,1.0,17931.0,0,03
386,2015-07-31,24.8298881558,24.9893379195,24.8298881558,24.8398599985,15112.0,24.9,0.0,25.0599,24.9,24.91,1.0,15112.0,4,31
387,2015-07-30,24.7531049676,24.80934616,24.6404231458,24.7201978869,13515.0,24.823,0.0,24.8794,24.71,24.79,1.0,13515.0,3,30
388,2015-07-29,24.89869387,24.9196347395,24.6703386737,24.7999726279,44063.0,24.969,0.0,24.99,24.74,24.87,1.0,44063.0,2,29
389,2015-07-28,25.0193531659,25.0193531659,24.7301697295,24.8298881558,13279.0,25.09,0.0,25.09,24.8,24.9,1.0,13279.0,1,28
390,2015-07-27,24.690282359,24.8697755264,24.6105076179,24.8697755264,37886.0,24.76,0.0,24.94,24.68,24.94,1.0,37886.0,0,27
391,2015-07-24,25.0392968511,25.2686492317,24.9595221101,25.2686492317,16543.0,25.11,0.0,25.34,25.03,25.34,1.0,16543.0,4,24
392,2015-07-23,25.2985647596,25.4880297696,25.2786210743,25.4880297696,23700.0,25.37,0.0,25.56,25.35,25.56,1.0,23700.0,3,23
393,2015-07-22,25.3883113433,25.5448692726,25.3883113433,25.5079734549,23806.0,25.46,0.0,25.617,25.46,25.58,1.0,23806.0,2,22
394,2015-07-21,25.6575510944,25.7672413633,25.5478608254,25.7373258354,27480.0,25.73,0.0,25.84,25.62,25.81,1.0,27480.0,1,21
395,2015-07-20,25.7309438561,25.8968753175,25.7248610321,25.8968753175,10677.0,25.8036,0.0,25.97,25.7975,25.97,1.0,10677.0,0,20
396,2015-07-17,25.7971568912,25.8470161044,25.7672413633,25.7971568912,22353.0,25.87,0.0,25.92,25.84,25.87,1.0,22353.0,4,17
397,2015-07-16,25.8315597483,25.9467345307,25.777213206,25.777213206,8522.0,25.9045,0.0,26.02,25.85,25.85,1.0,8522.0,3,16
398,2015-07-15,25.7373258354,25.9866219012,25.7373258354,25.9866219012,10690.0,25.81,0.0,26.06,25.81,26.06,1.0,10690.0,2,15
399,2015-07-14,26.0065655865,26.0762687665,25.9567063733,26.0165374291,18912.0,26.08,0.0,26.1499,26.03,26.09,1.0,18912.0,1,14
400,2015-07-13,25.9965937439,26.0763684849,25.8879006592,26.0763684849,17459.0,26.07,0.0,26.15,25.961,26.15,1.0,17459.0,0,13
401,2015-07-10,25.7273539928,25.7273539928,25.6176637238,25.7074103075,11727.0,25.8,0.0,25.8,25.69,25.78,1.0,11727.0,4,10
402,2015-07-09,25.2787207927,25.5090703576,25.2787207927,25.4281987138,21750.0,25.3501,0.0,25.5811,25.3501,25.5,1.0,21750.0,3,09
403,2015-07-08,25.1669364368,25.6076918812,25.0891560643,25.478057927,26871.0,25.238,0.0,25.68,25.16,25.55,1.0,26871.0,2,08
404,2015-07-07,26.046452957,26.0663966423,25.4980016122,25.9267908454,44453.0,26.12,0.0,26.14,25.57,26.0,1.0,44453.0,1,07
405,2015-07-06,25.9068471602,26.0065655865,25.7273539928,26.0065655865,19537.0,25.98,0.0,26.08,25.8,26.08,1.0,19537.0,0,06
406,2015-07-02,26.1960305965,26.3155929897,26.0763684849,26.265833495,10054.0,26.27,0.0,26.3899,26.15,26.34,1.0,10054.0,3,02
407,2015-07-01,26.1661150686,26.4752421903,26.1361995407,26.4752421903,41401.0,26.24,0.0,26.55,26.21,26.55,1.0,41401.0,2,01
408,2015-06-30,26.1062840128,26.3655519213,25.9766500586,26.3655519213,52808.0,26.18,0.0,26.44,26.05,26.44,1.0,52808.0,1,30
409,2015-06-29,26.046452957,26.4353548197,26.046452957,26.4353548197,64322.0,26.12,0.0,26.51,26.12,26.51,1.0,64322.0,0,29
410,2015-06-26,26.7694115479,26.9427221729,26.6746790429,26.9239751087,11585.0,26.845,0.0,27.0188,26.75,27.0,1.0,11585.0,4,26
411,2015-06-25,26.8442003677,27.0336653777,26.834926554,27.0336653777,17139.0,26.92,0.0,27.11,26.9107,27.11,1.0,17139.0,3,25
412,2015-06-24,26.8940595808,27.2231303877,26.7944408729,27.2231303877,29418.0,26.97,0.0,27.3,26.8701,27.3,1.0,29418.0,2,24
413,2015-06-23,27.1632993319,27.1632993319,26.983905883,27.0037498498,45738.0,27.24,0.0,27.24,27.0601,27.08,1.0,45738.0,1,23
414,2015-06-22,27.0037498498,27.0834248724,26.7743974692,27.053609063,155156.0,27.08,0.0,27.1599,26.85,27.13,1.0,155156.0,0,22
415,2015-06-19,26.7434847571,26.7943411545,26.5749606166,26.7245382561,37904.0,26.819,0.0,26.87,26.65,26.8,1.0,37904.0,4,19
416,2015-06-18,26.6946227282,26.8042132787,26.5152292792,26.6148479871,21688.0,26.77,0.0,26.8799,26.5901,26.69,1.0,21688.0,3,18
417,2015-06-17,26.4652703476,26.4752421903,26.2768025219,26.4253829771,42352.0,26.54,0.0,26.55,26.351,26.5,1.0,42352.0,2,17
418,2015-06-16,26.4253829771,26.5051577182,26.2857771802,26.4253829771,52221.0,26.5,0.0,26.58,26.36,26.5,1.0,52221.0,1,16
419,2015-06-15,26.5151295608,26.5749606166,26.4154111345,26.5749606166,25230.0,26.59,0.0,26.65,26.49,26.65,1.0,25230.0,0,15
420,2015-06-12,26.6724852375,26.754453784,26.5749606166,26.754453784,6811.0,26.7478,0.0,26.83,26.65,26.83,1.0,6811.0,4,12
421,2015-06-11,26.7245382561,26.8242566824,26.644763515,26.7045945708,18157.0,26.8,0.0,26.9,26.72,26.78,1.0,18157.0,3,11
422,2015-06-10,26.8242566824,26.9040314235,26.4951858755,26.5749606166,62304.0,26.9,0.0,26.98,26.57,26.65,1.0,62304.0,2,10
423,2015-06-09,26.3565772629,26.4253829771,26.1860587539,26.3256645508,28882.0,26.431,0.0,26.5,26.26,26.4,1.0,28882.0,1,09
424,2015-06-08,26.5550169313,26.7045945708,26.4343576355,26.7045945708,15977.0,26.63,0.0,26.78,26.509,26.78,1.0,15977.0,0,08
425,2015-06-05,26.754453784,26.754453784,26.5151295608,26.6148479871,13960.0,26.83,0.0,26.83,26.59,26.69,1.0,13960.0,4,05
426,2015-06-04,26.714466695,26.8637451792,26.6248198297,26.8541722103,11636.0,26.7899,0.0,26.9396,26.7,26.93,1.0,11636.0,3,04
427,2015-06-03,27.0037498498,27.0316710092,26.7245382561,26.8840877382,29998.0,27.08,0.0,27.108,26.8,26.96,1.0,29998.0,2,03
428,2015-06-02,26.8212651296,26.8797001274,26.6647072003,26.6647072003,12279.0,26.897,0.0,26.9556,26.74,26.74,1.0,12279.0,1,02
429,2015-06-01,26.6846508855,26.7245382561,26.5051577182,26.6746790429,15036.0,26.76,0.0,26.8,26.58,26.75,1.0,15036.0,0,01
430,2015-05-29,26.5570112998,26.754453784,26.455298505,26.7345100987,24388.0,26.632,0.0,26.83,26.53,26.81,1.0,24388.0,4,29
431,2015-05-28,26.754453784,26.754453784,26.575060335,26.6746790429,14683.0,26.83,0.0,26.83,26.6501,26.75,1.0,14683.0,3,28
432,2015-05-27,26.7843693119,26.7943411545,26.5749606166,26.6547353576,17942.0,26.86,0.0,26.87,26.65,26.73,1.0,17942.0,2,27
433,2015-05-26,26.4950861571,26.7743974692,26.3999547784,26.7743974692,22069.0,26.5699,0.0,26.85,26.4745,26.85,1.0,22069.0,1,26
434,2015-05-22,26.754453784,26.8242566824,26.7145664134,26.7943411545,11998.0,26.83,0.0,26.9,26.79,26.87,1.0,11998.0,4,22
435,2015-05-21,26.8442003677,26.8442003677,26.5749606166,26.5749606166,20049.0,26.92,0.0,26.92,26.65,26.65,1.0,20049.0,3,21
436,2015-05-20,26.7444819413,26.834228525,26.6158451714,26.7943411545,15896.0,26.82,0.0,26.91,26.691,26.87,1.0,15896.0,2,20
437,2015-05-19,26.7055917551,26.8442003677,26.6746790429,26.8442003677,15453.0,26.781,0.0,26.92,26.75,26.92,1.0,15453.0,1,19
438,2015-05-18,26.7843693119,26.8142848398,26.5699746953,26.644763515,10956.0,26.86,0.0,26.89,26.645,26.72,1.0,10956.0,0,18
439,2015-05-15,26.7145664134,26.754453784,26.6248198297,26.754453784,18871.0,26.79,0.0,26.83,26.7,26.83,1.0,18871.0,4,15
440,2015-05-14,26.7608357633,26.7883580489,26.5550169313,26.5550169313,10929.0,26.8364,0.0,26.864,26.63,26.63,1.0,10929.0,3,14
441,2015-05-13,26.4951858755,26.6746790429,26.4692590847,26.5450450887,16707.0,26.57,0.0,26.75,26.544,26.62,1.0,16707.0,2,13
442,2015-05-12,26.4852140329,26.5251014034,26.2559613708,26.4852140329,18886.0,26.56,0.0,26.6,26.3301,26.56,1.0,18886.0,1,12
443,2015-05-11,26.4453266624,26.535073246,26.3755237639,26.535073246,10423.0,26.52,0.0,26.61,26.45,26.61,1.0,10423.0,0,11
444,2015-05-08,26.5850321776,26.6746790429,26.3854956066,26.3854956066,22957.0,26.6601,0.0,26.75,26.46,26.46,1.0,22957.0,4,08
445,2015-05-07,26.2060024392,26.2957490229,26.086440046,26.2957490229,49288.0,26.28,0.0,26.37,26.1601,26.37,1.0,49288.0,3,07
446,2015-05-06,26.1860587539,26.3255648323,26.0963121702,26.2857771802,15590.0,26.26,0.0,26.3999,26.17,26.36,1.0,15590.0,2,06
447,2015-05-05,26.2139799133,26.627911101,26.1960305965,26.6248198297,34438.0,26.288,0.0,26.7031,26.27,26.7,1.0,34438.0,1,05
448,2015-05-04,26.6248198297,26.6845511671,26.5949043018,26.6647072003,12666.0,26.7,0.0,26.7599,26.67,26.74,1.0,12666.0,0,04
449,2015-05-01,26.5251014034,26.5450450887,26.4253829771,26.4253829771,12679.0,26.6,0.0,26.62,26.5,26.5,1.0,12679.0,4,01
450,2015-04-30,26.5251014034,26.8640443345,26.455298505,26.7843693119,159105.0,26.6,0.0,26.9399,26.53,26.86,1.0,159105.0,3,30
451,2015-04-29,26.8942590177,27.0236935351,26.8043129971,26.9937780072,10415.0,26.9702,0.0,27.1,26.88,27.07,1.0,10415.0,2,29
452,2015-04-28,27.1193235059,27.1532277709,26.943918794,27.1234119614,20660.0,27.1959,0.0,27.2299,27.02,27.2,1.0,20660.0,1,28
453,2015-04-27,26.9867977173,27.1433556467,26.9339469514,27.0436372203,18084.0,27.063,0.0,27.22,27.01,27.12,1.0,18084.0,0,27
454,2015-04-24,26.8940595808,27.0236935351,26.8741158956,27.0236935351,18939.0,26.97,0.0,27.1,26.95,27.1,1.0,18939.0,4,24
455,2015-04-23,27.0336653777,27.1077561685,26.754453784,26.754453784,17247.0,27.11,0.0,27.1843,26.83,26.83,1.0,17247.0,3,23
456,2015-04-22,26.9340466698,27.0236935351,26.8631468687,26.8741158956,24635.0,27.0101,0.0,27.1,26.939,26.95,1.0,24635.0,2,22
457,2015-04-21,26.8541722103,26.9140032661,26.7644256266,26.8142848398,46843.0,26.93,0.0,26.99,26.84,26.89,1.0,46843.0,1,21
458,2015-04-20,26.8043129971,26.8581609474,26.7246379745,26.834228525,41007.0,26.88,0.0,26.934,26.8001,26.91,1.0,41007.0,0,20
459,2015-04-17,26.8741158956,26.9937780072,26.7046942892,26.9937780072,25658.0,26.95,0.0,27.07,26.7801,27.07,1.0,25658.0,4,17
460,2015-04-16,27.2929332861,27.4225672404,27.2729896009,27.4225672404,42315.0,27.37,0.0,27.5,27.35,27.5,1.0,42315.0,3,16
461,2015-04-15,27.3926517125,27.4124956793,27.0735527482,27.0735527482,25697.0,27.47,0.0,27.4899,27.15,27.15,1.0,25697.0,2,15
462,2015-04-14,27.0735527482,27.0735527482,26.943918794,27.0735527482,27670.0,27.15,0.0,27.15,27.02,27.15,1.0,27670.0,1,14
463,2015-04-13,26.9738343219,27.0236935351,26.9638624793,26.9638624793,6127.0,27.05,0.0,27.1,27.04,27.04,1.0,6127.0,0,13
464,2015-04-10,26.9638624793,26.9668540321,26.8841874566,26.943918794,21436.0,27.04,0.0,27.043,26.9601,27.02,1.0,21436.0,4,10
465,2015-04-09,26.8741158956,26.9139035477,26.677969751,26.8840877382,15570.0,26.95,0.0,26.9899,26.7533,26.96,1.0,15570.0,3,09
466,2015-04-08,26.7594397053,26.9140032661,26.7444819413,26.8940595808,15156.0,26.835,0.0,26.99,26.82,26.97,1.0,15156.0,2,08
467,2015-04-07,26.7345100987,26.943918794,26.7345100987,26.7444819413,24916.0,26.81,0.0,27.02,26.81,26.82,1.0,24916.0,1,07
468,2015-04-06,26.9239751087,26.9339469514,26.5450450887,26.5450450887,25822.0,27.0,0.0,27.01,26.62,26.62,1.0,25822.0,0,06
469,2015-04-02,26.4961830598,26.6248198297,26.3555800787,26.3555800787,21542.0,26.571,0.0,26.7,26.43,26.43,1.0,21542.0,3,02
470,2015-04-01,26.3192825715,26.4652703476,26.2064013129,26.4652703476,18652.0,26.3936,0.0,26.54,26.2804,26.54,1.0,18652.0,2,01
471,2015-03-31,26.5550169313,26.6048761445,26.3954674492,26.5151295608,83292.0,26.63,0.0,26.68,26.47,26.59,1.0,83292.0,1,31
472,2015-03-30,26.6347916724,26.7145664134,26.6043775523,26.6248198297,8260.0,26.71,0.0,26.79,26.6795,26.7,1.0,8260.0,0,30
473,2015-03-27,26.5450450887,26.5450450887,26.345608236,26.4652703476,20298.0,26.62,0.0,26.62,26.42,26.54,1.0,20298.0,4,27
474,2015-03-26,26.4253829771,26.5251014034,26.2857771802,26.4951858755,17711.0,26.5,0.0,26.6,26.36,26.57,1.0,17711.0,3,26
475,2015-03-25,26.6547353576,27.0236935351,26.5849324592,27.0236935351,51605.0,26.73,0.0,27.1,26.66,27.1,1.0,51605.0,2,25
476,2015-03-24,26.9120088976,27.0336653777,26.8541722103,27.0336653777,37802.0,26.988,0.0,27.11,26.93,27.11,1.0,37802.0,1,24
477,2015-03-23,26.9538906366,27.0037498498,26.7245382561,26.8242566824,54619.0,27.03,0.0,27.08,26.8,26.9,1.0,54619.0,0,23
478,2015-03-20,26.9239751087,26.9537909182,26.7743974692,26.7943411545,80210.0,27.0,0.0,27.0299,26.85,26.87,1.0,80210.0,4,20
479,2015-03-19,26.4852140329,26.5649887739,26.3854956066,26.5450450887,33201.0,26.56,0.0,26.64,26.46,26.62,1.0,33201.0,3,19
480,2015-03-18,26.5849324592,26.6846508855,26.0165374291,26.0165374291,44535.0,26.66,0.0,26.76,26.09,26.09,1.0,44535.0,2,18
481,2015-03-17,26.1062840128,26.1262276981,25.9616922947,25.9866219012,42567.0,26.18,0.0,26.2,26.035,26.06,1.0,42567.0,1,17
482,2015-03-16,26.2060024392,26.2557619339,26.1361995407,26.156143226,86084.0,26.28,0.0,26.3299,26.21,26.23,1.0,86084.0,0,16
483,2015-03-13,25.9567063733,25.9567063733,25.7782103902,25.8171005765,23771.0,26.03,0.0,26.03,25.851,25.89,1.0,23771.0,4,13
484,2015-03-12,25.8968753175,25.8968753175,25.6376074091,25.8071287339,29095.0,25.97,0.0,25.97,25.71,25.88,1.0,29095.0,3,12
485,2015-03-11,25.5378889828,25.5876484775,25.3783395006,25.5279171401,11939.0,25.61,0.0,25.6599,25.45,25.6,1.0,11939.0,2,11
486,2015-03-10,25.3883113433,25.5079734549,25.368367658,25.5079734549,21017.0,25.46,0.0,25.58,25.44,25.58,1.0,21017.0,1,10
487,2015-03-09,25.8071287339,25.8071287339,25.6377071275,25.7572695207,14920.0,25.88,0.0,25.88,25.7101,25.83,1.0,14920.0,0,09
488,2015-03-06,25.7173821502,25.9766500586,25.6176637238,25.9766500586,40698.0,25.79,0.0,26.05,25.69,26.05,1.0,40698.0,4,06
489,2015-03-05,25.974157098,26.0663966423,25.9268905639,26.0663966423,15514.0,26.0475,0.0,26.14,26.0001,26.14,1.0,15514.0,3,05
490,2015-03-04,25.9766500586,26.0065655865,25.8270724191,26.0065655865,39055.0,26.05,0.0,26.08,25.9,26.08,1.0,39055.0,2,04
491,2015-03-03,26.0763684849,26.2957490229,25.9965937439,26.2957490229,46283.0,26.15,0.0,26.37,26.07,26.37,1.0,46283.0,1,03
492,2015-03-02,26.3256645508,26.3256645508,26.1960305965,26.2957490229,25355.0,26.4,0.0,26.4,26.27,26.37,1.0,25355.0,0,02
493,2015-02-27,26.2758053376,26.3655519213,26.2060024392,26.2060024392,34428.0,26.35,0.0,26.44,26.28,26.28,1.0,34428.0,4,27
494,2015-02-26,26.2758053376,26.3617626211,26.2359179671,26.3156927081,62049.0,26.35,0.0,26.4362,26.31,26.39,1.0,62049.0,3,26
495,2015-02-25,26.2359179671,26.2558616523,26.1860587539,26.2458898097,100369.0,26.31,0.0,26.33,26.26,26.32,1.0,100369.0,2,25
496,2015-02-24,26.1960305965,26.2259461244,25.9267908454,25.9267908454,59706.0,26.27,0.0,26.3,26.0,26.0,1.0,59706.0,1,24
497,2015-02-23,26.0265092718,26.1062840128,25.9417486094,26.1062840128,35837.0,26.1,0.0,26.18,26.015,26.18,1.0,35837.0,0,23
498,2015-02-20,26.1461713834,26.1461713834,25.7971568912,25.9367626881,15957.0,26.22,0.0,26.22,25.87,26.01,1.0,15957.0,4,20
499,2015-02-19,25.9168190028,25.9367626881,25.7871850486,25.8968753175,37885.0,25.99,0.0,26.01,25.86,25.97,1.0,37885.0,3,19
500,2015-02-18,25.8769316323,25.9068471602,25.7273539928,25.7273539928,46770.0,25.95,0.0,25.98,25.8,25.8,1.0,46770.0,2,18
501,2015-02-17,25.7273539928,25.8669597896,25.633618672,25.8669597896,46251.0,25.8,0.0,25.94,25.706,25.94,1.0,46251.0,1,17
502,2015-02-13,25.8171005765,25.8668600712,25.5777763533,25.7472976781,41171.0,25.89,0.0,25.9399,25.65,25.82,1.0,41171.0,4,13
503,2015-02-12,25.6575510944,25.667522937,25.4281987138,25.4680860843,35682.0,25.73,0.0,25.74,25.5,25.54,1.0,35682.0,3,12
504,2015-02-11,25.3783395006,25.4232127925,25.1888744906,25.1888744906,20515.0,25.45,0.0,25.495,25.26,25.26,1.0,20515.0,2,11
505,2015-02-10,25.3284802875,25.3384521301,25.1290434348,25.1988463332,16584.0,25.4,0.0,25.41,25.2,25.27,1.0,16584.0,1,10
506,2015-02-09,25.0991279069,25.2287618611,25.0889566274,25.2088181759,10753.0,25.17,0.0,25.3,25.1598,25.28,1.0,10753.0,0,09
507,2015-02-06,25.2287618611,25.3655755421,25.1689308053,25.2088181759,22178.0,25.3,0.0,25.4372,25.24,25.28,1.0,22178.0,4,06
508,2015-02-05,25.4879300512,25.4879300512,25.1988463332,25.2387337038,22484.0,25.5599,0.0,25.5599,25.27,25.31,1.0,22484.0,3,05
509,2015-02-04,25.1689308053,25.3484239727,25.1688310869,25.3185084448,15945.0,25.24,0.0,25.42,25.2399,25.39,1.0,15945.0,2,04
510,2015-02-03,25.2985647596,25.3284802875,24.9794657953,25.1888744906,63513.0,25.37,0.0,25.4,25.05,25.26,1.0,63513.0,1,03
511,2015-02-02,25.1887747722,25.1887747722,24.8099444706,24.8099444706,13393.0,25.2599,0.0,25.2599,24.88,24.88,1.0,13393.0,0,02
512,2015-01-30,24.7800289427,25.069212379,24.7800289427,24.989437638,29951.0,24.85,0.0,25.14,24.85,25.06,1.0,29951.0,4,30
513,2015-01-29,25.1297414638,25.1430040145,24.879747369,25.0293250085,22508.0,25.2007,0.0,25.214,24.95,25.1,1.0,22508.0,3,29
514,2015-01-28,24.9196347395,25.3284802875,24.9196347395,25.3284802875,12343.0,24.99,0.0,25.4,24.99,25.4,1.0,12343.0,2,28
515,2015-01-27,25.1908688591,25.3484239727,25.1090997495,25.2786210743,10570.0,25.262,0.0,25.42,25.18,25.35,1.0,10570.0,1,27
516,2015-01-26,25.3883113433,25.4182268712,25.1888744906,25.1888744906,11931.0,25.46,0.0,25.49,25.26,25.26,1.0,11931.0,0,26
517,2015-01-23,25.1390152774,25.3084368838,25.0991279069,25.2287618611,12624.0,25.21,0.0,25.3799,25.17,25.3,1.0,12624.0,4,23
518,2015-01-22,25.1882761801,25.248605828,24.9296065822,25.0592405364,51341.0,25.2594,0.0,25.3199,25.0,25.13,1.0,51341.0,3,22
519,2015-01-21,24.9794657953,25.069212379,24.9096628969,24.9096628969,16917.0,25.05,0.0,25.14,24.98,24.98,1.0,16917.0,2,21
520,2015-01-20,24.9296065822,25.2487055464,24.7401415721,25.2487055464,42459.0,25.0,0.0,25.32,24.81,25.32,1.0,42459.0,1,20
521,2015-01-16,24.8478374726,24.8498318411,24.4310144505,24.4310144505,29715.0,24.918,0.0,24.92,24.5,24.5,1.0,29715.0,4,16
522,2015-01-15,24.58059209,24.9296065822,24.5506765621,24.9196347395,24447.0,24.65,0.0,25.0,24.62,24.99,1.0,24447.0,3,15
523,2015-01-14,24.7055392782,24.7600852574,24.5208607526,24.6005357753,18368.0,24.7753,0.0,24.83,24.5901,24.67,1.0,18368.0,2,14
524,2015-01-13,24.8167253236,25.1390152774,24.6297532742,25.0093813232,13036.0,24.8868,0.0,25.21,24.6993,25.08,1.0,13036.0,1,13
525,2015-01-12,24.8298881558,24.9096628969,24.7800289427,24.8996910543,20536.0,24.9,0.0,24.98,24.85,24.97,1.0,20536.0,0,12
526,2015-01-09,24.9994094806,25.2088181759,24.9395784248,25.2088181759,6042.0,25.07,0.0,25.28,25.01,25.28,1.0,6042.0,4,09
527,2015-01-08,25.2686492317,25.3045478652,24.9296065822,24.9296065822,18893.0,25.34,0.0,25.376,25.0,25.0,1.0,18893.0,3,08
528,2015-01-07,24.9056741598,25.0093813232,24.8498318411,24.9196347395,8320.0,24.976,0.0,25.08,24.92,24.99,1.0,8320.0,2,07
529,2015-01-06,24.7800289427,25.1090000311,24.5905639326,25.0293250085,27906.0,24.85,0.0,25.1799,24.66,25.1,1.0,27906.0,1,06
530,2015-01-05,25.2186903001,25.4880297696,25.1390152774,25.4880297696,10508.0,25.2899,0.0,25.56,25.21,25.56,1.0,10508.0,0,05
531,2015-01-02,25.5378889828,25.7373258354,25.4381705564,25.7373258354,7229.0,25.61,0.0,25.81,25.51,25.81,1.0,7229.0,4,02
532,2014-12-31,25.6276355665,25.8668600712,25.5977200386,25.7273539928,13647.0,25.7,0.0,25.9399,25.67,25.8,1.0,13647.0,2,31
533,2014-12-30,25.667522937,25.8390386303,25.667522937,25.7572695207,25776.0,25.74,0.0,25.912,25.74,25.83,1.0,25776.0,1,30
534,2014-12-29,25.8968753175,26.1062840128,25.8869034749,26.0265092718,71549.0,25.97,0.0,26.18,25.96,26.1,1.0,71549.0,0,29
535,2014-12-26,26.1262276981,26.1661150686,26.0564247997,26.0564247997,11052.0,26.2,0.0,26.24,26.13,26.13,1.0,11052.0,4,26
536,2014-12-24,25.9567063733,25.9766500586,25.7472976781,25.7472976781,19099.0,26.03,0.0,26.05,25.82,25.82,1.0,19099.0,2,24
537,2014-12-23,25.7074103075,25.8869034749,25.6774947796,25.8669597896,49876.0,25.78,0.0,25.96,25.75,25.94,1.0,49876.0,1,23
538,2014-12-22,25.8270724191,25.8370442617,25.6774947796,25.8370442617,37764.0,25.9,0.0,25.91,25.75,25.91,1.0,37764.0,0,22
539,2014-12-19,25.777213206,25.8270724191,25.5568354838,25.7373258354,23330.0,25.85,0.0,25.9,25.629,25.81,1.0,23330.0,4,19
540,2014-12-18,25.5977200386,25.6276355665,25.4082550285,25.4381705564,38022.0,25.67,0.0,25.7,25.48,25.51,1.0,38022.0,3,18
541,2014-12-17,25.2088181759,25.2885929169,24.8398599985,24.9196347395,5307.0,25.28,0.0,25.36,24.91,24.99,1.0,5307.0,2,17
542,2014-12-16,24.7402412906,25.0791842217,24.6503949884,24.6503949884,15718.0,24.8101,0.07309,25.15,24.72,24.72,1.0,15718.0,1,16
543,2014-12-15,24.8364951374,25.3236801901,24.7370696164,25.1148865961,25415.0,24.98,0.0,25.47,24.88,25.26,1.0,25415.0,0,15
544,2014-12-12,25.0950014919,25.4231057111,25.0950014919,25.4231057111,8550.0,25.24,0.0,25.57,25.24,25.57,1.0,8550.0,4,12
545,2014-12-11,25.4250942215,25.6517844093,25.3733929506,25.3733929506,7644.0,25.572,0.0,25.8,25.52,25.52,1.0,7644.0,3,11
546,2014-12-10,25.4151516694,25.7014971698,25.3833355027,25.7014971698,10345.0,25.562,0.0,25.85,25.53,25.85,1.0,10345.0,2,10
547,2014-12-09,25.930175868,25.930175868,25.5821865447,25.5821865447,30495.0,26.08,0.0,26.08,25.73,25.73,1.0,30495.0,1,09
548,2014-12-08,25.8009226908,26.1588545663,25.7909801387,26.1588545663,18951.0,25.95,0.0,26.31,25.94,26.31,1.0,18951.0,0,08
549,2014-12-05,26.2134391773,26.2692168945,26.1190843579,26.1190843579,8340.0,26.3649,0.0,26.421,26.27,26.27,1.0,8340.0,4,05
550,2014-12-04,26.1489120142,26.264543895,26.0991992537,26.1190843579,12349.0,26.3,0.0,26.4163,26.25,26.27,1.0,12349.0,3,04
551,2014-12-03,26.2473432799,26.2473432799,25.9600035243,25.9600035243,18076.0,26.399,0.0,26.399,26.11,26.11,1.0,18076.0,2,03
552,2014-12-02,26.0494864932,26.0793141495,25.949066717,25.9997737327,16208.0,26.2,0.0,26.23,26.099,26.15,1.0,16208.0,1,02
553,2014-12-01,25.930175868,26.1588545663,25.8805625331,26.1588545663,23256.0,26.08,0.0,26.31,26.0301,26.31,1.0,23256.0,0,01
554,2014-11-28,26.1588545663,26.337820504,26.1588545663,26.337820504,11625.0,26.31,0.0,26.49,26.31,26.49,1.0,11625.0,4,28
555,2014-11-26,26.3775907124,26.4770162334,26.2980502956,26.3775907124,13026.0,26.53,0.0,26.63,26.45,26.53,1.0,13026.0,2,26
556,2014-11-25,26.5068438896,26.5763423288,26.4074183687,26.4273034729,80007.0,26.66,0.0,26.7299,26.56,26.58,1.0,80007.0,1,25
557,2014-11-24,26.4471885771,26.4670736813,26.2980502956,26.337820504,63601.0,26.6,0.0,26.62,26.45,26.49,1.0,63601.0,0,24
558,2014-11-21,26.1489120142,26.337820504,26.1389694621,26.2185098788,27597.0,26.3,0.0,26.49,26.29,26.37,1.0,27597.0,4,21
559,2014-11-20,26.0594290453,26.0793141495,25.9202333159,25.9202333159,10698.0,26.21,0.0,26.23,26.07,26.07,1.0,10698.0,3,20
560,2014-11-19,25.9202333159,26.0494864932,25.8735033211,26.0494864932,15414.0,26.07,0.0,26.2,26.023,26.2,1.0,15414.0,2,19
561,2014-11-18,26.1588545663,26.202900072,25.9699460764,25.9699460764,19935.0,26.31,0.0,26.3543,26.12,26.12,1.0,19935.0,1,18
562,2014-11-17,25.9056177644,25.9898311806,25.8904056597,25.8904056597,25317.0,26.0553,0.0,26.14,26.04,26.04,1.0,25317.0,0,17
563,2014-11-14,26.1200786131,26.1289274844,25.9798886285,26.0494864932,10914.0,26.271,0.0,26.2799,26.13,26.2,1.0,10914.0,4,14
564,2014-11-13,26.0196588369,26.2881077435,26.0196588369,26.2185098788,11956.0,26.17,0.0,26.44,26.17,26.37,1.0,11956.0,3,13
565,2014-11-12,26.029601389,26.0494864932,25.930175868,25.9500609722,6418.0,26.18,0.0,26.2,26.08,26.1,1.0,6418.0,2,12
566,2014-11-11,26.079413575,26.1787396705,26.029601389,26.0693715974,9456.0,26.2301,0.0,26.33,26.18,26.22,1.0,9456.0,1,11
567,2014-11-10,26.0594290453,26.0991992537,25.9997737327,26.0991992537,15680.0,26.21,0.0,26.25,26.15,26.25,1.0,15680.0,0,10
568,2014-11-07,25.8009226908,25.9003482117,25.721382274,25.9003482117,22523.0,25.95,0.0,26.05,25.87,26.05,1.0,22523.0,4,07
569,2014-11-06,25.8526239617,25.930175868,25.7710950345,25.930175868,18283.0,26.002,0.0,26.08,25.92,26.08,1.0,18283.0,3,06
570,2014-11-05,25.8307503471,25.9898311806,25.7889916283,25.9699460764,19534.0,25.98,0.0,26.14,25.938,26.12,1.0,19534.0,2,05
571,2014-11-04,25.9003482117,25.9898311806,25.8029112012,25.8406928992,9967.0,26.05,0.0,26.14,25.952,25.99,1.0,9967.0,1,04
572,2014-11-03,26.0693715974,26.2483375351,26.0494864932,26.1687971184,22040.0,26.22,0.0,26.4,26.2,26.32,1.0,22040.0,0,03
573,2014-10-31,26.1090423803,26.1190843579,25.8506354513,26.0594290453,35715.0,26.2599,0.0,26.27,26.0,26.21,1.0,35715.0,4,31
574,2014-10-30,25.5424163363,25.640847602,25.3336227422,25.4728184716,20045.0,25.69,0.0,25.789,25.48,25.62,1.0,20045.0,3,30
575,2014-10-29,25.5424163363,25.7610530569,25.3743872058,25.6120142009,18085.0,25.69,0.0,25.9099,25.521,25.76,1.0,18085.0,2,29
576,2014-10-28,25.5324737842,25.5324737842,25.2133178619,25.3236801901,6553.0,25.68,0.0,25.68,25.359,25.47,1.0,6553.0,1,28
577,2014-10-27,25.1148865961,25.1944270129,24.9060930021,25.1347717003,11896.0,25.26,0.0,25.34,25.05,25.28,1.0,11896.0,0,27
578,2014-10-24,25.1745419087,25.2381742421,25.1248291482,25.2341972213,12379.0,25.32,0.0,25.384,25.27,25.38,1.0,12379.0,4,24
579,2014-10-23,25.1645993566,25.2739674297,25.0154610751,25.0154610751,11136.0,25.31,0.0,25.42,25.16,25.16,1.0,11136.0,3,23
580,2014-10-22,24.796724929,25.1745419087,24.796724929,25.1745419087,16353.0,24.94,0.0,25.32,24.94,25.32,1.0,16353.0,2,22
581,2014-10-21,25.0055185231,25.0751163877,24.796724929,24.8364951374,16993.0,25.15,0.0,25.22,24.94,24.98,1.0,16993.0,1,21
582,2014-10-20,24.8066674811,24.8066674811,24.5083909182,24.5083909182,9306.0,24.95,0.0,24.95,24.65,24.65,1.0,9306.0,0,20
583,2014-10-17,24.4914885797,24.6078164392,24.3194824284,24.6078164392,26027.0,24.633,0.0,24.75,24.46,24.75,1.0,26027.0,4,17
584,2014-10-16,24.2896547721,24.4089653973,23.8621250319,23.8621250319,38489.0,24.43,0.0,24.55,24.0,24.0,1.0,38489.0,3,16
585,2014-10-15,24.1504590427,24.1604015948,23.66327399,24.0112633134,47038.0,24.29,0.0,24.3,23.8,24.15,1.0,47038.0,2,15
586,2014-10-14,24.2001718032,24.4089653973,24.070918626,24.070918626,27720.0,24.34,0.0,24.55,24.21,24.21,1.0,27720.0,1,14
587,2014-10-13,23.9516080008,24.3095398763,23.9317228966,24.2101143553,39741.0,24.09,0.0,24.45,24.07,24.35,1.0,39741.0,0,13
588,2014-10-10,24.2697696679,24.6475866476,24.2697696679,24.6475866476,41300.0,24.41,0.0,24.79,24.41,24.79,1.0,41300.0,4,10
589,2014-10-09,24.7997076947,25.1844844608,24.7370696164,25.1844844608,30246.0,24.943,0.0,25.33,24.88,25.33,1.0,30246.0,3,09
590,2014-10-08,25.5424163363,25.5424163363,24.9563028902,25.104944044,33463.0,25.69,0.0,25.69,25.1005,25.25,1.0,33463.0,2,08
591,2014-10-07,25.3535078464,25.6418418572,25.3535078464,25.4628759195,10389.0,25.5,0.0,25.79,25.5,25.61,1.0,10389.0,1,07
592,2014-10-06,25.7014971698,25.9102907638,25.6318993051,25.9102907638,24914.0,25.85,0.0,26.06,25.78,26.06,1.0,24914.0,0,06
593,2014-10-03,25.6919523198,25.8406928992,25.5921290968,25.8406928992,23828.0,25.8404,0.0,25.99,25.74,25.99,1.0,23828.0,4,03
594,2014-10-02,25.5026461279,25.6318993051,25.104944044,25.6318993051,20086.0,25.65,0.0,25.78,25.25,25.78,1.0,20086.0,3,02
595,2014-10-01,25.6318993051,25.8705205555,25.5518617608,25.8506354513,82880.0,25.78,0.0,26.02,25.6995,26.0,1.0,82880.0,2,01
596,2014-09-30,26.1107326141,26.238394983,26.0395439411,26.238394983,16957.0,26.2616,0.0,26.39,26.19,26.39,1.0,16957.0,1,30
597,2014-09-29,26.2881077435,26.3577056082,26.1787396705,26.2085673267,6622.0,26.44,0.0,26.51,26.33,26.36,1.0,6622.0,0,29
598,2014-09-26,26.5366715459,26.6061699851,26.3676481603,26.4571311292,61644.0,26.69,0.0,26.7599,26.52,26.61,1.0,61644.0,4,26
599,2014-09-25,26.2881077435,26.5068438896,26.238394983,26.4770162334,47344.0,26.44,0.0,26.66,26.39,26.63,1.0,47344.0,3,25
600,2014-09-24,26.4969013375,26.4969013375,26.1091418058,26.1091418058,13859.0,26.65,0.0,26.65,26.26,26.26,1.0,13859.0,2,24
601,2014-09-23,26.2483375351,26.437246025,26.2483375351,26.2781651914,36100.0,26.4,0.0,26.59,26.4,26.43,1.0,36100.0,1,23
602,2014-09-22,26.437246025,26.7554076921,26.3477630561,26.7554076921,26300.0,26.59,0.0,26.91,26.5,26.91,1.0,26300.0,0,22
603,2014-09-19,26.6062694106,26.8945039959,26.5963268585,26.7752927963,18200.0,26.76,0.0,27.0499,26.75,26.93,1.0,18200.0,4,19
604,2014-09-18,26.7951779004,26.854833213,26.7733042858,26.854833213,21400.0,26.95,0.0,27.01,26.928,27.01,1.0,21400.0,3,18
605,2014-09-17,26.6798442961,26.7951779004,26.646039619,26.646039619,8000.0,26.834,0.0,26.95,26.8,26.8,1.0,8000.0,2,17
606,2014-09-16,26.8052198781,26.8647757651,26.5963268585,26.6957523795,9900.0,26.9601,0.0,27.02,26.75,26.85,1.0,9900.0,1,16
607,2014-09-15,26.6559821711,26.7554076921,26.6162119627,26.7554076921,15800.0,26.81,0.0,26.91,26.77,26.91,1.0,15800.0,0,15
608,2014-09-12,26.7554076921,26.9741438382,26.7132512712,26.9741438382,17600.0,26.91,0.0,27.13,26.8676,27.13,1.0,17600.0,4,12
609,2014-09-11,26.9443161819,26.954258734,26.7951779004,26.8448906609,13500.0,27.1,0.0,27.11,26.95,27.0,1.0,13500.0,3,11
610,2014-09-10,27.0437417029,27.0437417029,26.854833213,26.9443161819,25200.0,27.2,0.0,27.2,27.01,27.1,1.0,25200.0,2,10
611,2014-09-09,26.8647757651,27.1232821196,26.8448906609,27.1232821196,16400.0,27.02,0.0,27.28,27.0,27.28,1.0,16400.0,1,09
612,2014-09-08,27.0166979612,27.1531097759,26.9840863903,27.0437417029,15000.0,27.1728,0.0,27.31,27.14,27.2,1.0,15000.0,0,08
613,2014-09-05,27.0835119112,27.1232821196,26.904645399,27.1232821196,11600.0,27.24,0.0,27.28,27.0601,27.28,1.0,11600.0,4,05
614,2014-09-04,26.954258734,27.2923055053,26.9244310777,27.2227076406,21600.0,27.11,0.0,27.45,27.08,27.38,1.0,21600.0,3,04
615,2014-09-03,27.2326501927,27.4513863388,27.1739891353,27.4513863388,23400.0,27.39,0.0,27.61,27.331,27.61,1.0,23400.0,2,03
616,2014-09-02,27.163052328,27.2525352969,27.1431672238,27.2525352969,25200.0,27.32,0.0,27.41,27.3,27.41,1.0,25200.0,1,02
617,2014-08-29,27.1928799843,27.1928799843,27.053684255,27.1431672238,16100.0,27.35,0.0,27.35,27.21,27.3,1.0,16100.0,4,29
618,2014-08-28,27.0835119112,27.1928799843,27.0337991508,27.1928799843,34500.0,27.24,0.0,27.35,27.19,27.35,1.0,34500.0,3,28
619,2014-08-27,27.2346387031,27.2923055053,27.1928799843,27.1928799843,14200.0,27.392,0.0,27.45,27.35,27.35,1.0,14200.0,2,27
620,2014-08-26,27.2326501927,27.322033736,27.2107765781,27.3022480574,11300.0,27.39,0.0,27.4799,27.368,27.46,1.0,11300.0,1,26
621,2014-08-25,27.2724204011,27.3319762881,27.2209179812,27.2326501927,8300.0,27.43,0.0,27.4899,27.3782,27.39,1.0,8300.0,0,25
622,2014-08-22,27.1531097759,27.1729948801,27.0437417029,27.1729948801,6600.0,27.31,0.0,27.33,27.2,27.33,1.0,6600.0,4,22
623,2014-08-21,27.1929794098,27.2127650885,27.0437417029,27.2028225364,13200.0,27.3501,0.0,27.37,27.2,27.36,1.0,13200.0,3,21
624,2014-08-20,27.1431672238,27.1629529025,26.9910461767,26.9940289424,11700.0,27.3,0.0,27.3199,27.147,27.15,1.0,11700.0,2,20
625,2014-08-19,27.0934544633,27.1531097759,26.9840863903,27.0139140466,21800.0,27.25,0.0,27.31,27.14,27.17,1.0,21800.0,1,19
626,2014-08-18,26.9144885256,26.9443161819,26.7355225879,26.7355225879,11600.0,27.07,0.0,27.1,26.89,26.89,1.0,11600.0,0,18
627,2014-08-15,26.7056949316,26.904446548,26.5386600564,26.7752927963,82600.0,26.86,0.0,27.0599,26.692,26.93,1.0,82600.0,4,15
628,2014-08-14,26.7653502442,26.8051204525,26.6063688361,26.7852353483,152900.0,26.92,0.0,26.96,26.7601,26.94,1.0,152900.0,3,14
629,2014-08-13,26.7037064212,26.7200122066,26.5068438896,26.5068438896,12000.0,26.858,0.0,26.8744,26.66,26.66,1.0,12000.0,2,13
630,2014-08-12,26.4969013375,26.7355225879,26.4273034729,26.7255800358,42800.0,26.65,0.0,26.89,26.58,26.88,1.0,42800.0,1,12
631,2014-08-11,26.7752927963,26.9442167564,26.6957523795,26.8448906609,21900.0,26.93,0.0,27.0999,26.85,27.0,1.0,21900.0,0,11
632,2014-08-08,26.4670736813,26.4770162334,26.1986247746,26.2483375351,10200.0,26.62,0.0,26.63,26.35,26.4,1.0,10200.0,4,08
633,2014-08-07,26.2980502956,26.5963268585,26.2781651914,26.4571311292,11900.0,26.45,0.0,26.75,26.43,26.61,1.0,11900.0,3,07
634,2014-08-06,26.3974758166,26.4969013375,26.2741881706,26.3477630561,14400.0,26.55,0.0,26.65,26.426,26.5,1.0,14400.0,2,06
635,2014-08-05,26.4173609208,26.6957523795,26.3477630561,26.6858098274,30000.0,26.57,0.0,26.85,26.5,26.84,1.0,30000.0,1,05
636,2014-08-04,27.0228623435,27.0228623435,26.7554076921,26.9443161819,13500.0,27.179,0.0,27.179,26.91,27.1,1.0,13500.0,0,04
637,2014-08-01,26.854833213,27.053684255,26.7255800358,27.053684255,26700.0,27.01,0.0,27.21,26.88,27.21,1.0,26700.0,4,01
638,2014-07-31,27.0139140466,27.2425927448,26.9741438382,27.2425927448,18900.0,27.17,0.0,27.4,27.13,27.4,1.0,18900.0,3,31
639,2014-07-30,27.3519608179,27.466300167,27.300259547,27.4215586825,30600.0,27.51,0.0,27.625,27.458,27.58,1.0,30600.0,2,30
640,2014-07-29,27.2425927448,27.5507124343,27.2425927448,27.4315012346,39600.0,27.4,0.0,27.7099,27.4,27.59,1.0,39600.0,1,29
641,2014-07-28,27.1431672238,27.2227076406,26.9840863903,27.2227076406,9800.0,27.3,0.0,27.38,27.14,27.38,1.0,9800.0,0,28
642,2014-07-25,27.1232821196,27.4215586825,27.1232821196,27.2923055053,28400.0,27.28,0.0,27.58,27.28,27.45,1.0,28400.0,4,25
643,2014-07-24,27.3099038225,27.4911565472,27.2924049308,27.3420182658,28500.0,27.4677,0.0,27.65,27.4501,27.5,1.0,28500.0,3,24
644,2014-07-23,27.3420182658,27.4115167049,27.3022480574,27.3320757137,21300.0,27.5,0.0,27.5699,27.46,27.49,1.0,21300.0,2,23
645,2014-07-22,27.2028225364,27.2545238073,27.0238565987,27.0238565987,16200.0,27.36,0.0,27.412,27.18,27.18,1.0,16200.0,1,22
646,2014-07-21,26.8946034214,26.9442167564,26.7554076921,26.9244310777,14400.0,27.05,0.0,27.0999,26.91,27.08,1.0,14400.0,0,21
647,2014-07-18,26.9244310777,26.9940289424,26.646039619,26.646039619,16000.0,27.08,0.0,27.15,26.8,26.8,1.0,16000.0,4,18
648,2014-07-17,26.6858098274,27.0238565987,26.6858098274,27.0238565987,19100.0,26.84,0.0,27.18,26.84,27.18,1.0,19100.0,3,17
649,2014-07-16,27.0039714945,27.0934544633,26.9502817132,27.0437417029,14200.0,27.16,0.0,27.25,27.106,27.2,1.0,14200.0,2,16
650,2014-07-15,27.0337991508,27.3320757137,26.9999944736,27.3320757137,8100.0,27.19,0.0,27.49,27.156,27.49,1.0,8100.0,1,15
651,2014-07-14,27.3022480574,27.3976965575,27.2127650885,27.3420182658,18600.0,27.46,0.0,27.556,27.37,27.5,1.0,18600.0,0,14
652,2014-07-11,26.9940289424,27.1728954546,26.8747183172,26.8747183172,13400.0,27.15,0.0,27.3299,27.03,27.03,1.0,13400.0,4,11
653,2014-07-10,27.0735693592,27.1629529025,26.8448906609,27.0735693592,29800.0,27.23,0.0,27.3199,27.0,27.23,1.0,29800.0,3,10
654,2014-07-09,27.3817884741,27.4812139951,27.2127650885,27.2127650885,27700.0,27.54,0.0,27.64,27.37,27.37,1.0,27700.0,2,09
655,2014-07-08,27.36190337,27.670122485,27.2724204011,27.670122485,29800.0,27.52,0.0,27.83,27.43,27.83,1.0,29800.0,1,08
656,2014-07-07,27.6601799329,28.0479394646,27.651231636,28.0479394646,46800.0,27.82,0.0,28.21,27.811,28.21,1.0,46800.0,0,07
657,2014-07-03,28.087709673,28.1404051991,27.988284152,28.0678245688,33000.0,28.25,0.0,28.303,28.15,28.23,1.0,33000.0,3,03
658,2014-07-02,27.9385713916,28.2070202982,27.8689735269,28.1374224335,26600.0,28.1,0.0,28.37,28.03,28.3,1.0,26600.0,2,02
659,2014-07-01,28.1274798814,28.2567330587,27.9304184988,27.9584564958,65600.0,28.29,0.0,28.42,28.0918,28.12,1.0,65600.0,1,01
660,2014-06-30,27.729678372,27.7397203496,27.570696964,27.680065037,44400.0,27.8899,0.0,27.9,27.73,27.84,1.0,44400.0,0,30
661,2014-06-27,27.4911565472,27.5010990993,27.3221331616,27.3718459221,17400.0,27.65,0.0,27.66,27.48,27.53,1.0,17400.0,4,27
662,2014-06-26,27.3221331616,27.3420182658,27.2227076406,27.3420182658,28000.0,27.48,0.0,27.5,27.38,27.5,1.0,28000.0,3,26
663,2014-06-25,27.3320757137,27.3320757137,27.1928799843,27.2425927448,8700.0,27.49,0.0,27.49,27.35,27.4,1.0,8700.0,2,25
664,2014-06-24,27.2923055053,27.5408693077,27.2326501927,27.5209842035,47100.0,27.45,0.0,27.7,27.39,27.68,1.0,47100.0,1,24
665,2014-06-23,27.5110416514,27.5408693077,27.3520602434,27.4911565472,12900.0,27.67,0.0,27.7,27.5101,27.65,1.0,12900.0,0,23
666,2014-06-20,27.4839979097,27.5209842035,27.3718459221,27.5209842035,22500.0,27.6428,0.0,27.68,27.53,27.68,1.0,22500.0,4,20
667,2014-06-19,27.5010990993,27.5508118598,27.3917310262,27.5010990993,133000.0,27.66,0.0,27.71,27.55,27.66,1.0,133000.0,3,19
668,2014-06-18,27.4116161304,27.4315012346,27.163052328,27.163052328,23000.0,27.57,0.0,27.59,27.32,27.32,1.0,23000.0,2,18
669,2014-06-17,27.163052328,27.1928799843,26.9642012861,27.0437417029,22500.0,27.32,0.0,27.35,27.12,27.2,1.0,22500.0,1,17
670,2014-06-16,27.0337991508,27.0636268071,26.854833213,26.854833213,20900.0,27.19,0.0,27.22,27.01,27.01,1.0,20900.0,0,16
671,2014-06-13,26.854833213,26.8747183172,26.6957523795,26.8747183172,15800.0,27.01,0.0,27.03,26.85,27.03,1.0,15800.0,4,13
672,2014-06-12,26.7554076921,26.9333793746,26.6961500816,26.9045459735,17600.0,26.91,0.0,27.089,26.8504,27.06,1.0,17600.0,3,12
673,2014-06-11,26.854833213,26.8747183172,26.74546514,26.8448906609,13200.0,27.01,0.0,27.03,26.9,27.0,1.0,13200.0,2,11
674,2014-06-10,26.7752927963,26.9144885256,26.74546514,26.8846608693,27600.0,26.93,0.0,27.07,26.9,27.04,1.0,27600.0,1,10
675,2014-06-09,26.9642012861,27.0238565987,26.8448906609,26.8448906609,8200.0,27.12,0.0,27.18,27.0,27.0,1.0,8200.0,0,09
676,2014-06-06,26.7852353483,26.8647757651,26.6559821711,26.6559821711,45800.0,26.94,0.0,27.02,26.81,26.81,1.0,45800.0,4,06
677,2014-06-05,26.7056949316,26.7056949316,26.4332690041,26.5167864417,8300.0,26.86,0.0,26.86,26.586,26.67,1.0,8300.0,3,05
678,2014-06-04,26.3477630561,26.3974758166,26.1588545663,26.1588545663,12000.0,26.5,0.0,26.55,26.31,26.31,1.0,12000.0,2,04
679,2014-06-03,26.3079928477,26.3179353998,26.1987242002,26.3079928477,9000.0,26.46,0.0,26.47,26.3501,26.46,1.0,9000.0,1,03
680,2014-06-02,26.2483375351,26.2672283841,26.0892567016,26.2284524309,78100.0,26.4,0.0,26.419,26.24,26.38,1.0,78100.0,0,02
681,2014-05-30,26.1588545663,26.2284524309,26.0892567016,26.2284524309,10500.0,26.31,0.0,26.38,26.24,26.38,1.0,10500.0,4,30
682,2014-05-29,26.1687971184,26.3079928477,26.0594290453,26.0594290453,10700.0,26.32,0.0,26.46,26.21,26.21,1.0,10700.0,3,29
683,2014-05-28,26.0892567016,26.1886822226,26.0494864932,26.1886822226,20100.0,26.24,0.0,26.34,26.2,26.34,1.0,20100.0,2,28
684,2014-05-27,26.2185098788,26.2185098788,25.8705205555,25.8705205555,15000.0,26.37,0.0,26.37,26.02,26.02,1.0,15000.0,1,27
685,2014-05-23,25.8307503471,25.8406928992,25.6020716488,25.6020716488,12500.0,25.98,0.0,25.99,25.75,25.75,1.0,12500.0,4,23
686,2014-05-22,25.4927035758,25.5613071853,25.2341972213,25.2341972213,27500.0,25.64,0.0,25.709,25.38,25.38,1.0,27500.0,3,22
687,2014-05-21,25.313737638,25.313737638,25.1745419087,25.2143121171,6500.0,25.46,0.0,25.46,25.32,25.36,1.0,6500.0,2,21
688,2014-05-20,25.0552312835,25.2540823255,25.0154610751,25.2540823255,34400.0,25.2,0.0,25.4,25.16,25.4,1.0,34400.0,1,20
689,2014-05-19,25.2878870026,25.4104786699,25.2540823255,25.3037950859,28000.0,25.434,0.0,25.5573,25.4,25.45,1.0,28000.0,0,19
690,2014-05-16,25.3733929506,25.3733929506,25.1645993566,25.2242546692,16800.0,25.52,0.0,25.52,25.31,25.37,1.0,16800.0,4,16
691,2014-05-15,25.2938525339,25.4579046434,25.1645993566,25.4529333674,44400.0,25.44,0.0,25.605,25.31,25.6,1.0,44400.0,3,15
692,2014-05-14,25.5424163363,25.7512099303,25.5026461279,25.7512099303,66000.0,25.69,0.0,25.9,25.65,25.9,1.0,66000.0,2,14
693,2014-05-13,25.7512099303,25.930175868,25.7512099303,25.8804631076,29000.0,25.9,0.0,26.08,25.9,26.03,1.0,29000.0,1,13
694,2014-05-12,25.7710950345,25.9003482117,25.413163159,25.413163159,25400.0,25.92,0.0,26.05,25.56,25.56,1.0,25400.0,0,12
695,2014-05-09,25.4032206069,25.4330482632,25.3535078464,25.3634503985,16400.0,25.55,0.0,25.58,25.5,25.51,1.0,16400.0,4,09
696,2014-05-08,25.4529333674,25.8108652429,25.3634503985,25.3634503985,63900.0,25.6,0.0,25.96,25.51,25.51,1.0,63900.0,3,08
697,2014-05-07,25.5772152686,25.8705205555,25.5424163363,25.8705205555,486200.0,25.725,0.0,26.02,25.69,26.02,1.0,486200.0,2,07
698,2014-05-06,25.8904056597,25.9500609722,25.7909801387,25.8804631076,18000.0,26.04,0.0,26.1,25.94,26.03,1.0,18000.0,1,06
699,2014-05-05,25.8804631076,25.9401184201,25.7313248261,25.8705205555,23400.0,26.03,0.0,26.09,25.88,26.02,1.0,23400.0,0,05
700,2014-05-02,26.029601389,26.0494864932,25.8406928992,25.8506354513,16000.0,26.18,0.0,26.2,25.99,26.0,1.0,16000.0,4,02
701,2014-05-01,25.9600035243,26.0204542411,25.7611524824,25.7909801387,242200.0,26.11,0.0,26.1708,25.91,25.94,1.0,242200.0,3,01
702,2014-04-30,25.9401184201,25.9401184201,25.6915546177,25.7014971698,23300.0,26.09,0.0,26.09,25.84,25.85,1.0,23300.0,2,30
703,2014-04-29,25.9500609722,26.0097162848,25.8904056597,25.8904056597,38000.0,26.1,0.0,26.16,26.04,26.04,1.0,38000.0,1,29
704,2014-04-28,26.0693715974,26.1703879267,25.7710950345,26.029601389,27900.0,26.22,0.0,26.3216,25.92,26.18,1.0,27900.0,0,28
705,2014-04-25,26.0395439411,26.3577056082,25.9997737327,26.3577056082,23400.0,26.19,0.0,26.51,26.15,26.51,1.0,23400.0,4,25
706,2014-04-24,26.4670736813,26.546614098,26.2881077435,26.546614098,15700.0,26.62,0.0,26.7,26.44,26.7,1.0,15700.0,3,24
707,2014-04-23,26.4670736813,26.5267289938,26.4474868536,26.4869587854,18000.0,26.62,0.0,26.68,26.6003,26.64,1.0,18000.0,2,23
708,2014-04-22,26.646039619,26.7156374837,26.4483816833,26.6062694106,38100.0,26.8,0.0,26.87,26.6012,26.76,1.0,38100.0,1,22
709,2014-04-21,26.5565566501,26.5754474991,26.3676481603,26.5565566501,17900.0,26.71,0.0,26.729,26.52,26.71,1.0,17900.0,0,21
710,2014-04-17,26.5267289938,26.5862848809,26.3467688009,26.3974758166,10200.0,26.68,0.0,26.7399,26.499,26.55,1.0,10200.0,3,17
711,2014-04-16,26.3079928477,26.3079928477,26.0196588369,26.1489120142,7400.0,26.46,0.0,26.46,26.17,26.3,1.0,7400.0,2,16
712,2014-04-15,25.9798886285,26.0395439411,25.6020716488,25.8605780034,35900.0,26.13,0.0,26.19,25.75,26.01,1.0,35900.0,1,15
713,2014-04-14,25.9898311806,26.12902691,25.8506354513,26.1091418058,24200.0,26.14,0.0,26.28,26.0,26.26,1.0,24200.0,0,14
714,2014-04-11,26.029601389,26.2284524309,25.930175868,26.0494864932,37000.0,26.18,0.0,26.38,26.08,26.2,1.0,37000.0,4,11
715,2014-04-10,26.1489120142,26.8349481088,26.0494864932,26.8349481088,46100.0,26.3,0.0,26.99,26.2,26.99,1.0,46100.0,3,10
716,2014-04-09,26.9244310777,26.9244310777,26.5664992022,26.5664992022,20300.0,27.08,0.0,27.08,26.72,26.72,1.0,20300.0,2,09
717,2014-04-08,26.5963268585,26.695652954,26.3974758166,26.6360970669,24300.0,26.75,0.0,26.8499,26.55,26.79,1.0,24300.0,1,08
718,2014-04-07,26.7156374837,26.8747183172,26.5167864417,26.8448906609,45000.0,26.87,0.0,27.03,26.67,27.0,1.0,45000.0,0,07
719,2014-04-04,26.9343736298,27.5508118598,26.8747183172,27.5508118598,27100.0,27.09,0.0,27.71,27.03,27.71,1.0,27100.0,4,04
720,2014-04-03,27.5209842035,27.5508118598,27.4215586825,27.5508118598,52100.0,27.68,0.0,27.71,27.58,27.71,1.0,52100.0,3,03
721,2014-04-02,27.5508118598,27.5607544119,27.3737350069,27.5607544119,28900.0,27.71,0.0,27.72,27.5319,27.72,1.0,28900.0,2,02
722,2014-04-01,27.4215586825,27.4512869133,27.2823629532,27.2923055053,52300.0,27.58,0.0,27.6099,27.44,27.45,1.0,52300.0,1,01
723,2014-03-31,27.053684255,27.1431672238,27.0237571731,27.1332246717,44800.0,27.21,0.0,27.3,27.1799,27.29,1.0,44800.0,0,31
724,2014-03-28,26.7255800358,26.9443161819,26.7255800358,26.7355225879,14300.0,26.88,0.0,27.1,26.88,26.89,1.0,14300.0,4,28
725,2014-03-27,26.546614098,26.8438964057,26.4771156589,26.5167864417,11500.0,26.7,0.0,26.999,26.6301,26.67,1.0,11500.0,3,27
726,2014-03-26,26.7156374837,27.1232821196,26.7156374837,27.1232821196,52900.0,26.87,0.0,27.28,26.87,27.28,1.0,52900.0,2,26
727,2014-03-25,26.8747183172,26.9642012861,26.6858098274,26.8448906609,154100.0,27.03,0.0,27.12,26.84,27.0,1.0,154100.0,1,25
728,2014-03-24,26.6062694106,26.8349481088,26.3477630561,26.8150630046,33200.0,26.76,0.0,26.99,26.5,26.97,1.0,33200.0,0,24
729,2014-03-21,26.5963268585,26.8846608693,26.546614098,26.8846608693,17300.0,26.75,0.0,27.04,26.7,27.04,1.0,17300.0,4,21
730,2014-03-20,26.6659247232,26.7255800358,26.5270272704,26.5963268585,14400.0,26.82,0.0,26.88,26.6803,26.75,1.0,14400.0,3,20
731,2014-03-19,26.7453657144,26.9244310777,26.4571311292,26.9244310777,36300.0,26.8999,0.0,27.08,26.61,27.08,1.0,36300.0,2,19
732,2014-03-18,26.8349481088,26.8747183172,26.664930468,26.6659247232,19300.0,26.99,0.0,27.03,26.819,26.82,1.0,19300.0,1,18
733,2014-03-17,26.5764417543,26.6957523795,26.4571311292,26.4571311292,52900.0,26.73,0.0,26.85,26.61,26.61,1.0,52900.0,0,17
734,2014-03-14,26.3278779519,26.4769168078,26.1190843579,26.2781651914,25900.0,26.48,0.0,26.6299,26.27,26.43,1.0,25900.0,4,14
735,2014-03-13,26.4273034729,26.9641018606,26.3477630561,26.7852353483,42700.0,26.58,0.0,27.1199,26.5,26.94,1.0,42700.0,3,13
736,2014-03-12,26.8150630046,26.8448906609,26.6261545148,26.7554076921,23000.0,26.97,0.0,27.0,26.78,26.91,1.0,23000.0,2,12
737,2014-03-11,26.9244310777,27.3022480574,26.9144885256,27.2923055053,24600.0,27.08,0.0,27.46,27.07,27.45,1.0,24600.0,1,11
738,2014-03-10,27.2724204011,27.3718459221,27.1265631618,27.3718459221,23200.0,27.43,0.0,27.53,27.2833,27.53,1.0,23200.0,0,10
739,2014-03-07,27.4006793231,27.608478662,27.262477849,27.5905820682,58400.0,27.559,0.0,27.768,27.42,27.75,1.0,58400.0,4,07
740,2014-03-06,27.4513863388,27.5109422259,27.2823629532,27.2923055053,63000.0,27.61,0.0,27.6699,27.44,27.45,1.0,63000.0,3,06
741,2014-03-05,27.2822635277,27.2923055053,27.2156484286,27.2923055053,28200.0,27.4399,0.0,27.45,27.3729,27.45,1.0,28200.0,2,05
742,2014-03-04,27.2525352969,27.32660731,27.0437417029,27.0437417029,67000.0,27.41,0.0,27.4845,27.2,27.2,1.0,67000.0,1,04
743,2014-03-03,26.8041261973,26.9343736298,26.6559821711,26.9343736298,76400.0,26.959,0.0,27.09,26.81,27.09,1.0,76400.0,0,03
744,2014-02-28,27.1928799843,27.3718459221,27.0835119112,27.2724204011,51700.0,27.35,0.0,27.53,27.24,27.43,1.0,51700.0,4,28
745,2014-02-27,27.1431672238,27.163052328,27.0039714945,27.0636268071,39400.0,27.3,0.0,27.32,27.16,27.22,1.0,39400.0,3,27
746,2014-02-26,26.9244310777,27.1729948801,26.854833213,27.0636268071,67900.0,27.08,0.0,27.33,27.01,27.22,1.0,67900.0,2,26
747,2014-02-25,26.9840863903,27.2227076406,26.9839869648,27.2227076406,26800.0,27.14,0.0,27.38,27.1399,27.38,1.0,26800.0,1,25
748,2014-02-24,27.1526126483,27.3121906095,27.0934544633,27.1033970154,147100.0,27.3095,0.0,27.47,27.25,27.26,1.0,147100.0,0,24
749,2014-02-21,26.8846608693,27.1431672238,26.8846608693,27.1232821196,31200.0,27.04,0.0,27.3,27.04,27.28,1.0,31200.0,4,21
750,2014-02-20,26.954258734,26.9820978799,26.664930468,26.8250055567,33000.0,27.11,0.0,27.138,26.819,26.98,1.0,33000.0,3,20
751,2014-02-19,26.8052198781,27.1829374322,26.8052198781,27.1829374322,70100.0,26.9601,0.0,27.34,26.9601,27.34,1.0,70100.0,2,19
752,2014-02-18,27.1729948801,27.2127650885,26.9443161819,27.1133395675,115900.0,27.33,0.0,27.37,27.1,27.27,1.0,115900.0,1,18
753,2014-02-14,26.7355225879,26.7752927963,26.5267289938,26.6162119627,64700.0,26.89,0.0,26.93,26.68,26.77,1.0,64700.0,4,14
754,2014-02-13,26.6360970669,26.6758672753,26.1856994569,26.2582800872,45200.0,26.79,0.0,26.83,26.337,26.41,1.0,45200.0,3,13
755,2014-02-12,26.5068438896,26.546614098,26.4123896447,26.4173609208,47600.0,26.66,0.0,26.7,26.565,26.57,1.0,47600.0,2,12
756,2014-02-11,26.3477630561,26.4173609208,26.0793141495,26.1190843579,66700.0,26.5,0.0,26.57,26.23,26.27,1.0,66700.0,1,11
757,2014-02-10,25.9798886285,26.0494864932,25.8606774289,26.0494864932,35700.0,26.13,0.0,26.2,26.0101,26.2,1.0,35700.0,0,10
758,2014-02-07,26.0196588369,26.0514750036,25.8219014757,25.8804631076,39600.0,26.17,0.0,26.202,25.9711,26.03,1.0,39600.0,4,07
759,2014-02-06,25.7313248261,25.8307503471,25.4529333674,25.4728184716,64200.0,25.88,0.0,25.98,25.6,25.62,1.0,64200.0,3,06
760,2014-02-05,25.4728184716,25.5921290968,25.3037950859,25.5424163363,114900.0,25.62,0.0,25.74,25.45,25.69,1.0,114900.0,2,05
761,2014-02-04,25.5523588884,25.6019722233,25.3535078464,25.4728184716,61300.0,25.7,0.0,25.7499,25.5,25.62,1.0,61300.0,1,04
762,2014-02-03,25.413163159,26.0743428734,25.3535078464,26.0693715974,85700.0,25.56,0.0,26.225,25.5,26.22,1.0,85700.0,0,03
763,2014-01-31,26.0991992537,26.1986247746,25.9381299097,25.9798886285,44400.0,26.25,0.0,26.35,26.088,26.13,1.0,44400.0,4,31
764,2014-01-30,26.3958850082,26.5166870162,26.2284524309,26.2284524309,26400.0,26.5484,0.0,26.6699,26.38,26.38,1.0,26400.0,3,30
765,2014-01-29,26.3179353998,26.4761214037,26.2980502956,26.3775907124,33100.0,26.47,0.0,26.6291,26.45,26.53,1.0,33100.0,2,29
766,2014-01-28,26.4869587854,26.496801912,26.1886822226,26.1886822226,36000.0,26.64,0.0,26.6499,26.34,26.34,1.0,36000.0,1,28
767,2014-01-27,26.1986247746,26.6062694106,25.9699460764,26.6062694106,111900.0,26.35,0.0,26.76,26.12,26.76,1.0,111900.0,0,27
768,2014-01-24,26.546614098,27.1033970154,26.5267289938,27.1033970154,88200.0,26.7,0.0,27.26,26.68,27.26,1.0,88200.0,4,24
769,2014-01-23,27.2525352969,27.5309267556,27.1531097759,27.5309267556,76300.0,27.41,0.0,27.69,27.31,27.69,1.0,76300.0,3,23
770,2014-01-22,27.5309267556,27.5905820682,27.4613288909,27.5408693077,96500.0,27.69,0.0,27.75,27.62,27.7,1.0,96500.0,2,22
771,2014-01-21,27.4315012346,27.6104671724,27.2923055053,27.6104671724,86000.0,27.59,0.0,27.77,27.45,27.77,1.0,86000.0,1,21
772,2014-01-17,27.36190337,27.4961278233,27.3320757137,27.4215586825,241100.0,27.52,0.0,27.655,27.49,27.58,1.0,241100.0,4,17
773,2014-01-16,27.4215586825,27.5309267556,27.3420182658,27.5309267556,54300.0,27.58,0.0,27.69,27.5,27.69,1.0,54300.0,3,16
774,2014-01-15,27.4513863388,27.4811145696,27.3280986928,27.4513863388,146700.0,27.61,0.0,27.6399,27.486,27.61,1.0,146700.0,2,15
775,2014-01-14,27.2823629532,27.2823629532,26.9940289424,26.9940289424,62700.0,27.44,0.0,27.44,27.15,27.15,1.0,62700.0,1,14
776,2014-01-13,26.9940289424,27.3121906095,26.9614173715,27.3121906095,135900.0,27.15,0.0,27.47,27.1172,27.47,1.0,135900.0,0,13
777,2014-01-10,27.2923055053,27.2992652917,27.1133395675,27.2127650885,79400.0,27.45,0.0,27.457,27.27,27.37,1.0,79400.0,4,10
778,2014-01-09,27.0835119112,27.2724204011,26.9443161819,27.2425927448,205500.0,27.24,0.0,27.43,27.1,27.4,1.0,205500.0,3,09
779,2014-01-08,27.0238565987,27.0735693592,26.9343736298,27.0735693592,193000.0,27.18,0.0,27.23,27.09,27.23,1.0,193000.0,2,08
780,2014-01-07,26.8747183172,27.1332246717,26.8254032588,26.9144885256,39400.0,27.03,0.0,27.29,26.9804,27.07,1.0,39400.0,1,07
781,2014-01-06,26.7852353483,27.1531097759,26.74546514,27.1133395675,63500.0,26.94,0.0,27.31,26.9,27.27,1.0,63500.0,0,06
782,2014-01-03,26.8349481088,27.0337991508,26.795277326,26.9443161819,59200.0,26.99,0.0,27.19,26.9501,27.1,1.0,59200.0,4,03
783,2014-01-02,26.8448906609,27.6005246203,26.7951779004,27.6005246203,244400.0,27.0,0.0,27.76,26.95,27.76,1.0,244400.0,3,02
784,2013-12-31,27.2028225364,27.3320757137,27.1431672238,27.3320757137,115800.0,27.36,0.0,27.49,27.3,27.49,1.0,115800.0,1,31
785,2013-12-30,27.1232821196,27.163052328,26.9443161819,27.1332246717,123300.0,27.28,0.0,27.32,27.1,27.29,1.0,123300.0,0,30
786,2013-12-27,27.0238565987,27.2028225364,26.9840863903,27.2028225364,123200.0,27.18,0.0,27.36,27.14,27.36,1.0,123200.0,4,27
787,2013-12-26,26.854833213,27.1829374322,26.7870250077,27.1829374322,76700.0,27.01,0.0,27.34,26.9418,27.34,1.0,76700.0,3,26
788,2013-12-24,26.6062694106,26.6957523795,26.5963268585,26.6957523795,60900.0,26.76,0.0,26.85,26.75,26.85,1.0,60900.0,1,24
789,2013-12-23,26.5963268585,26.74546514,26.437246025,26.74546514,81100.0,26.75,0.0,26.9,26.59,26.9,1.0,81100.0,0,23
790,2013-12-20,26.3079928477,27.0735693592,26.1687971184,26.2483375351,74700.0,26.46,0.0,27.23,26.32,26.4,1.0,74700.0,4,20
791,2013-12-19,25.930175868,26.9840863903,25.9102907638,26.9840863903,53700.0,26.08,0.0,27.14,26.06,27.14,1.0,53700.0,3,19
792,2013-12-18,26.1389694621,26.2085673267,25.8009226908,26.0793141495,92300.0,26.29,0.0,26.36,25.95,26.23,1.0,92300.0,2,18
793,2013-12-17,25.7313248261,25.9102907638,25.6915546177,25.9102907638,36200.0,25.88,0.0,26.06,25.84,26.06,1.0,36200.0,1,17
794,2013-12-16,25.6617269614,25.7114397219,25.6020716488,25.7114397219,26800.0,25.81,0.0,25.86,25.75,25.86,1.0,26800.0,0,16
795,2013-12-13,25.4827610237,25.8506354513,25.3634503985,25.8506354513,23100.0,25.63,0.0,26.0,25.51,26.0,1.0,23100.0,4,13
796,2013-12-12,25.4519391122,25.5026461279,25.3833355027,25.5026461279,12100.0,25.599,0.0,25.65,25.53,25.65,1.0,12100.0,3,12
797,2013-12-11,25.4529333674,25.8506354513,25.4529333674,25.8506354513,24800.0,25.6,0.0,26.0,25.6,26.0,1.0,24800.0,2,11
798,2013-12-10,25.7710950345,25.820807795,25.7412673782,25.820807795,27500.0,25.92,0.0,25.97,25.89,25.97,1.0,27500.0,1,10
799,2013-12-09,25.740273123,26.1986247746,25.692747724,26.1687971184,34400.0,25.889,0.0,26.35,25.8412,26.32,1.0,34400.0,0,09
800,2013-12-06,25.7512099303,25.8506354513,25.6539717708,25.8506354513,29000.0,25.9,0.0,26.0,25.8022,26.0,1.0,29000.0,4,06
801,2013-12-05,25.4231057111,25.5821865447,25.3733929506,25.5821865447,39200.0,25.57,0.0,25.73,25.52,25.73,1.0,39200.0,3,05
802,2013-12-04,25.5225312321,25.5821865447,25.313737638,25.5821865447,29500.0,25.67,0.0,25.73,25.46,25.73,1.0,29500.0,2,04
803,2013-12-03,25.5920296712,26.0991992537,25.5036403831,25.7611524824,31900.0,25.7399,0.0,26.25,25.651,25.91,1.0,31900.0,1,03
804,2013-12-02,25.7014971698,26.029601389,25.6618263869,26.029601389,23300.0,25.85,0.0,26.18,25.8101,26.18,1.0,23300.0,0,02
805,2013-11-29,25.8506354513,26.0494864932,25.8506354513,26.0494864932,11900.0,26.0,0.0,26.2,26.0,26.2,1.0,11900.0,4,29
806,2013-11-27,25.7710950345,25.8009226908,25.621956753,25.8009226908,23600.0,25.92,0.0,25.95,25.77,25.95,1.0,23600.0,2,27
807,2013-11-26,25.5991883087,25.7014971698,25.5563359092,25.7014971698,27100.0,25.7471,0.0,25.85,25.704,25.85,1.0,27100.0,1,26
808,2013-11-25,25.5623014405,25.8605780034,25.5623014405,25.8605780034,25100.0,25.71,0.0,26.01,25.71,26.01,1.0,25100.0,0,25
809,2013-11-22,25.6318993051,25.8406928992,25.51258868,25.8406928992,82200.0,25.78,0.0,25.99,25.66,25.99,1.0,82200.0,4,22
810,2013-11-21,25.4728184716,25.51258868,25.3535078464,25.51258868,34700.0,25.62,0.0,25.66,25.5,25.66,1.0,34700.0,3,21
811,2013-11-20,25.2540823255,25.7611524824,25.2242546692,25.7512099303,71300.0,25.4,0.0,25.91,25.37,25.9,1.0,71300.0,2,20
812,2013-11-19,25.6517844093,26.029601389,25.6020716488,26.029601389,52600.0,25.8,0.0,26.18,25.75,26.18,1.0,52600.0,1,19
813,2013-11-18,25.7710950345,26.1091418058,25.7014971698,26.1091418058,69300.0,25.92,0.0,26.26,25.85,26.26,1.0,69300.0,0,18
814,2013-11-15,25.7014971698,25.8406928992,25.6125113286,25.8406928992,37300.0,25.85,0.0,25.99,25.7605,25.99,1.0,37300.0,4,15
815,2013-11-14,25.5921290968,25.6567556854,25.4628759195,25.6020716488,97000.0,25.74,0.0,25.805,25.61,25.75,1.0,97000.0,3,14
816,2013-11-13,25.413163159,25.4827610237,25.1645993566,25.4827610237,39400.0,25.56,0.0,25.63,25.31,25.63,1.0,39400.0,2,13
817,2013-11-12,25.3037950859,25.413163159,25.2143121171,25.4032206069,83100.0,25.45,0.0,25.56,25.36,25.55,1.0,83100.0,1,12
818,2013-11-11,25.2839099818,25.3037950859,25.104944044,25.1546568045,21600.0,25.43,0.0,25.45,25.25,25.3,1.0,21600.0,0,11
819,2013-11-08,25.0954986195,25.1447142524,24.8563802416,24.9756908668,13600.0,25.2405,0.0,25.29,25.0,25.12,1.0,13600.0,4,08
820,2013-11-07,24.796724929,25.3833355027,24.7768398248,25.3833355027,27500.0,24.94,0.0,25.53,24.92,25.53,1.0,27500.0,3,07
821,2013-11-06,25.2272374348,25.4529333674,25.15475623,25.4529333674,30300.0,25.373,0.0,25.6,25.3001,25.6,1.0,30300.0,2,06
822,2013-11-05,25.099972768,25.2143121171,24.9558057626,25.2143121171,21600.0,25.245,0.0,25.36,25.1,25.36,1.0,21600.0,1,05
823,2013-11-04,25.1934327577,25.2739674297,25.0751163877,25.2739674297,14000.0,25.339,0.0,25.42,25.22,25.42,1.0,14000.0,0,04
824,2013-11-01,25.0552312835,25.0552312835,24.8762653458,25.0552312835,14000.0,25.2,0.0,25.2,25.02,25.2,1.0,14000.0,4,01
825,2013-10-31,25.0552312835,25.1645993566,24.9558057626,25.0651738356,36200.0,25.2,0.0,25.31,25.1,25.21,1.0,36200.0,3,31
826,2013-10-30,24.9458632105,25.1148865961,24.8862078979,25.1148865961,95100.0,25.09,0.0,25.26,25.03,25.26,1.0,95100.0,2,30
827,2013-10-29,24.9340315735,24.9558057626,24.820388203,24.9558057626,29100.0,25.0781,0.0,25.1,24.9638,25.1,1.0,29100.0,1,29
828,2013-10-28,24.8166100332,25.0055185231,24.7668972727,25.0055185231,34900.0,24.96,0.0,25.15,24.91,25.15,1.0,34900.0,0,28
829,2013-10-25,24.8265525853,25.104944044,24.7370696164,25.104944044,54400.0,24.97,0.0,25.25,24.88,25.25,1.0,54400.0,4,25
830,2013-10-24,24.9954765454,25.0452887314,24.9160355542,25.0452887314,30700.0,25.1399,0.0,25.19,25.06,25.19,1.0,30700.0,3,24
831,2013-10-23,24.8166100332,25.1546568045,24.7072419602,25.1546568045,84900.0,24.96,0.0,25.3,24.85,25.3,1.0,84900.0,2,23
832,2013-10-22,25.1745419087,25.1844844608,24.7668972727,24.7668972727,227000.0,25.32,0.0,25.33,24.91,24.91,1.0,227000.0,1,22
