,Unnamed: 0,adj_close,adj_high,adj_low,adj_open,adj_volume,close,ex_dividend,high,low,open,split_ratio,volume,Day of Week,Day
0,2017-02-10,3.48,3.57,3.39,3.57,75105.0,3.48,0.0,3.57,3.39,3.57,1.0,75105.0,4,10
1,2017-02-09,3.5,3.56,3.41,3.49,72213.0,3.5,0.0,3.56,3.41,3.49,1.0,72213.0,3,09
2,2017-02-08,3.43,3.5624,3.25,3.48,84375.0,3.43,0.0,3.5624,3.25,3.48,1.0,84375.0,2,08
3,2017-02-07,3.44,3.4496,3.05,3.43,89735.0,3.44,0.0,3.4496,3.05,3.43,1.0,89735.0,1,07
4,2017-02-06,3.47,3.75,3.41,3.53,215919.0,3.47,0.0,3.75,3.41,3.53,1.0,215919.0,0,06
5,2017-02-03,3.57,3.59,3.326,3.37,240337.0,3.57,0.0,3.59,3.326,3.37,1.0,240337.0,4,03
6,2017-02-02,3.29,3.41,3.2,3.41,80473.0,3.29,0.0,3.41,3.2,3.41,1.0,80473.0,3,02
7,2017-02-01,3.27,3.55,3.0901,3.43,149514.0,3.27,0.0,3.55,3.0901,3.43,1.0,149514.0,2,01
8,2017-01-31,3.42,3.7,3.32,3.35,639911.0,3.42,0.0,3.7,3.32,3.35,1.0,639911.0,1,31
9,2017-01-30,3.315,3.3399,2.85,2.95,202521.0,3.315,0.0,3.3399,2.85,2.95,1.0,202521.0,0,30
10,2017-01-27,2.92,2.98,2.85,2.94,109642.0,2.92,0.0,2.98,2.85,2.94,1.0,109642.0,4,27
11,2017-01-26,2.91,2.999,2.89,2.92,97686.0,2.91,0.0,2.999,2.89,2.92,1.0,97686.0,3,26
12,2017-01-25,2.8899,2.9,2.87,2.9,28851.0,2.8899,0.0,2.9,2.87,2.9,1.0,28851.0,2,25
13,2017-01-24,2.88,2.96,2.77,2.81,82141.0,2.88,0.0,2.96,2.77,2.81,1.0,82141.0,1,24
14,2017-01-23,2.83,3.04,2.81,3.0,96384.0,2.83,0.0,3.04,2.81,3.0,1.0,96384.0,0,23
15,2017-01-20,2.97,3.04,2.97,3.04,64865.0,2.97,0.0,3.04,2.97,3.04,1.0,64865.0,4,20
16,2017-01-19,2.99,3.0699,2.95,3.05,96487.0,2.99,0.0,3.0699,2.95,3.05,1.0,96487.0,3,19
17,2017-01-18,3.05,3.05,3.01,3.01,45255.0,3.05,0.0,3.05,3.01,3.01,1.0,45255.0,2,18
18,2017-01-17,3.0,3.19,2.9344,3.19,136567.0,3.0,0.0,3.19,2.9344,3.19,1.0,136567.0,1,17
19,2017-01-13,2.92,2.95,2.84,2.9,27218.0,2.92,0.0,2.95,2.84,2.9,1.0,27218.0,4,13
20,2017-01-12,2.8672,2.98,2.84,2.96,75095.0,2.8672,0.0,2.98,2.84,2.96,1.0,75095.0,3,12
21,2017-01-11,2.98,2.98,2.9,2.97,51744.0,2.98,0.0,2.98,2.9,2.97,1.0,51744.0,2,11
22,2017-01-10,2.95,3.0,2.9,2.93,70604.0,2.95,0.0,3.0,2.9,2.93,1.0,70604.0,1,10
23,2017-01-09,2.93,3.0266,2.8601,3.01,98200.0,2.93,0.0,3.0266,2.8601,3.01,1.0,98200.0,0,09
24,2017-01-06,2.81,2.99,2.7601,2.99,72863.0,2.81,0.0,2.99,2.7601,2.99,1.0,72863.0,4,06
25,2017-01-05,2.92,2.9845,2.8001,2.85,53191.0,2.92,0.0,2.9845,2.8001,2.85,1.0,53191.0,3,05
26,2017-01-04,2.77,3.18,2.75,3.18,151830.0,2.77,0.0,3.18,2.75,3.18,1.0,151830.0,2,04
27,2017-01-03,2.8899,2.9,2.5849,2.76,41733.0,2.8899,0.0,2.9,2.5849,2.76,1.0,41733.0,1,03
28,2016-12-30,2.71,2.73,2.6413,2.68,44427.0,2.71,0.0,2.73,2.6413,2.68,1.0,44427.0,4,30
29,2016-12-29,2.64,2.7059,2.55,2.69,36866.0,2.64,0.0,2.7059,2.55,2.69,1.0,36866.0,3,29
30,2016-12-28,2.7,2.71,2.57,2.71,41593.0,2.7,0.0,2.71,2.57,2.71,1.0,41593.0,2,28
31,2016-12-27,2.7,2.71,2.6101,2.7,12751.0,2.7,0.0,2.71,2.6101,2.7,1.0,12751.0,1,27
32,2016-12-23,2.72,2.7599,2.61,2.7,36091.0,2.72,0.0,2.7599,2.61,2.7,1.0,36091.0,4,23
33,2016-12-22,2.7367,2.7771,2.7019,2.7771,9672.0,2.7367,0.0,2.7771,2.7019,2.7771,1.0,9672.0,3,22
34,2016-12-21,2.71,2.8,2.7,2.76,17681.0,2.71,0.0,2.8,2.7,2.76,1.0,17681.0,2,21
35,2016-12-20,2.77,2.86,2.66,2.8325,41265.0,2.77,0.0,2.86,2.66,2.8325,1.0,41265.0,1,20
36,2016-12-19,2.86,2.89,2.8166,2.84,25313.0,2.86,0.0,2.89,2.8166,2.84,1.0,25313.0,0,19
37,2016-12-16,2.81,2.83,2.65,2.79,34642.0,2.81,0.0,2.83,2.65,2.79,1.0,34642.0,4,16
38,2016-12-15,2.79,2.81,2.7151,2.72,5562.0,2.79,0.0,2.81,2.7151,2.72,1.0,5562.0,3,15
39,2016-12-14,2.7,2.75,2.6,2.74,35792.0,2.7,0.0,2.75,2.6,2.74,1.0,35792.0,2,14
40,2016-12-13,2.66,2.97,2.62,2.96,110132.0,2.66,0.0,2.97,2.62,2.96,1.0,110132.0,1,13
41,2016-12-12,2.77,3.022,2.71,3.0,125427.0,2.77,0.0,3.022,2.71,3.0,1.0,125427.0,0,12
42,2016-12-09,2.91,3.05,2.82,2.82,125257.0,2.91,0.0,3.05,2.82,2.82,1.0,125257.0,4,09
43,2016-12-08,2.93,3.11,2.4608,2.51,553157.0,2.93,0.0,3.11,2.4608,2.51,1.0,553157.0,3,08
44,2016-12-07,2.56,2.81,2.5,2.72,121474.0,2.56,0.0,2.81,2.5,2.72,1.0,121474.0,2,07
45,2016-12-06,2.7,2.73,2.59,2.59,114867.0,2.7,0.0,2.73,2.59,2.59,1.0,114867.0,1,06
46,2016-12-05,2.56,2.68,2.4711,2.58,129934.0,2.56,0.0,2.68,2.4711,2.58,1.0,129934.0,0,05
47,2016-12-02,2.49,2.69,2.27,2.3001,129415.0,2.49,0.0,2.69,2.27,2.3001,1.0,129415.0,4,02
48,2016-12-01,2.3,2.39,2.26,2.2901,77697.0,2.3,0.0,2.39,2.26,2.2901,1.0,77697.0,3,01
49,2016-11-30,2.31,2.37,2.28,2.37,13223.0,2.31,0.0,2.37,2.28,2.37,1.0,13223.0,2,30
50,2016-11-29,2.37,2.4,2.2763,2.2763,10382.0,2.37,0.0,2.4,2.2763,2.2763,1.0,10382.0,1,29
51,2016-11-28,2.35,2.4,2.27,2.37,28467.0,2.35,0.0,2.4,2.27,2.37,1.0,28467.0,0,28
52,2016-11-25,2.36,2.3699,2.3033,2.31,24871.0,2.36,0.0,2.3699,2.3033,2.31,1.0,24871.0,4,25
53,2016-11-23,2.26,2.37,2.25,2.36,9489.0,2.26,0.0,2.37,2.25,2.36,1.0,9489.0,2,23
54,2016-11-22,2.35,2.4,2.25,2.4,42861.0,2.35,0.0,2.4,2.25,2.4,1.0,42861.0,1,22
55,2016-11-21,2.41,2.48,2.27,2.45,55780.0,2.41,0.0,2.48,2.27,2.45,1.0,55780.0,0,21
56,2016-11-18,2.44,2.48,2.2003,2.48,81771.0,2.44,0.0,2.48,2.2003,2.48,1.0,81771.0,4,18
57,2016-11-17,2.35,2.382,2.31,2.3115,26357.0,2.35,0.0,2.382,2.31,2.3115,1.0,26357.0,3,17
58,2016-11-16,2.33,2.52,2.19,2.52,51914.0,2.33,0.0,2.52,2.19,2.52,1.0,51914.0,2,16
59,2016-11-15,2.5,2.61,2.28,2.61,140549.0,2.5,0.0,2.61,2.28,2.61,1.0,140549.0,1,15
60,2016-11-14,2.55,2.62,2.46,2.62,62849.0,2.55,0.0,2.62,2.46,2.62,1.0,62849.0,0,14
61,2016-11-11,2.6,2.62,2.3101,2.42,100789.0,2.6,0.0,2.62,2.3101,2.42,1.0,100789.0,4,11
62,2016-11-10,2.36,2.58,2.3077,2.32,112193.0,2.36,0.0,2.58,2.3077,2.32,1.0,112193.0,3,10
63,2016-11-09,2.34,2.4554,2.26,2.3,92867.0,2.34,0.0,2.4554,2.26,2.3,1.0,92867.0,2,09
64,2016-11-08,2.47,2.47,2.15,2.15,111386.0,2.47,0.0,2.47,2.15,2.15,1.0,111386.0,1,08
65,2016-11-07,2.17,2.219,2.01,2.01,49567.0,2.17,0.0,2.219,2.01,2.01,1.0,49567.0,0,07
66,2016-11-04,2.08,2.16,2.05,2.06,182712.0,2.08,0.0,2.16,2.05,2.06,1.0,182712.0,4,04
67,2016-11-03,2.23,2.34,2.2,2.34,82054.0,2.23,0.0,2.34,2.2,2.34,1.0,82054.0,3,03
68,2016-11-02,2.33,2.3964,2.3,2.39,57976.0,2.33,0.0,2.3964,2.3,2.39,1.0,57976.0,2,02
69,2016-11-01,2.35,2.417,2.32,2.36,62554.0,2.35,0.0,2.417,2.32,2.36,1.0,62554.0,1,01
70,2016-10-31,2.38,2.57,2.38,2.5,65225.0,2.38,0.0,2.57,2.38,2.5,1.0,65225.0,0,31
71,2016-10-28,2.49,2.56,2.37,2.56,147509.0,2.49,0.0,2.56,2.37,2.56,1.0,147509.0,4,28
72,2016-10-27,2.53,2.65,2.5,2.65,293546.0,2.53,0.0,2.65,2.5,2.65,1.0,293546.0,3,27
73,2016-10-26,2.68,3.0,2.45,2.54,1021846.0,2.68,0.0,3.0,2.45,2.54,1.0,1021846.0,2,26
74,2016-10-25,2.6,3.15,2.5,3.15,581888.0,2.6,0.0,3.15,2.5,3.15,1.0,581888.0,1,25
75,2016-10-24,3.2,3.26,2.6,2.67,791468.0,3.2,0.0,3.26,2.6,2.67,1.0,791468.0,0,24
76,2016-10-21,2.6,2.78,2.49,2.7,217968.0,2.6,0.0,2.78,2.49,2.7,1.0,217968.0,4,21
77,2016-10-20,2.7,2.8,2.5,2.78,867651.0,2.7,0.0,2.8,2.5,2.78,1.0,867651.0,3,20
78,2016-10-19,2.77,3.0,2.25,2.25,3131979.0,2.77,0.0,3.0,2.25,2.25,1.0,3131979.0,2,19
79,2016-10-18,2.3,2.45,1.9,2.1,1344183.0,2.3,0.0,2.45,1.9,2.1,1.0,1344183.0,1,18
80,2016-10-17,1.87,1.87,1.7036,1.72,25927.0,1.87,0.0,1.87,1.7036,1.72,1.0,25927.0,0,17
81,2016-10-14,1.7,1.71,1.69,1.7089,9751.0,1.7,0.0,1.71,1.69,1.7089,1.0,9751.0,4,14
82,2016-10-13,1.72,1.78,1.685,1.78,22613.0,1.72,0.0,1.78,1.685,1.78,1.0,22613.0,3,13
83,2016-10-12,1.78,1.8,1.6565,1.76,21093.0,1.78,0.0,1.8,1.6565,1.76,1.0,21093.0,2,12
84,2016-10-11,1.73,1.82,1.675,1.82,67442.0,1.73,0.0,1.82,1.675,1.82,1.0,67442.0,1,11
85,2016-10-10,1.8,2.0489,1.79,1.98,62505.0,1.8,0.0,2.0489,1.79,1.98,1.0,62505.0,0,10
86,2016-10-07,1.97,2.05,1.79,2.05,182702.0,1.97,0.0,2.05,1.79,2.05,1.0,182702.0,4,07
87,2016-10-06,1.99,2.1799,1.7601,1.79,315026.0,1.99,0.0,2.1799,1.7601,1.79,1.0,315026.0,3,06
88,2016-10-05,1.7711,1.8099,1.7507,1.8,5321.0,1.7711,0.0,1.8099,1.7507,1.8,1.0,5321.0,2,05
89,2016-10-04,1.7875,1.8917,1.7301,1.74,49314.0,1.7875,0.0,1.8917,1.7301,1.74,1.0,49314.0,1,04
90,2016-10-03,1.7701,1.8,1.62,1.7,86680.0,1.7701,0.0,1.8,1.62,1.7,1.0,86680.0,0,03
91,2016-09-30,1.68,1.68,1.4601,1.64,34337.0,1.68,0.0,1.68,1.4601,1.64,1.0,34337.0,4,30
92,2016-09-29,1.6,1.68,1.45,1.5228,154871.0,1.6,0.0,1.68,1.45,1.5228,1.0,154871.0,3,29
93,2016-09-28,1.62,1.71,1.5611,1.71,29110.0,1.62,0.0,1.71,1.5611,1.71,1.0,29110.0,2,28
94,2016-09-27,1.68,1.7,1.68,1.7,18073.0,1.68,0.0,1.7,1.68,1.7,1.0,18073.0,1,27
95,2016-09-26,1.71,1.77,1.6816,1.75,41008.0,1.71,0.0,1.77,1.6816,1.75,1.0,41008.0,0,26
96,2016-09-23,1.74,1.8,1.7,1.72,108341.0,1.74,0.0,1.8,1.7,1.72,1.0,108341.0,4,23
97,2016-09-22,1.66,1.7,1.5,1.55,188001.0,1.66,0.0,1.7,1.5,1.55,1.0,188001.0,3,22
98,2016-09-21,1.55,1.55,1.4,1.45,605401.0,1.55,0.0,1.55,1.4,1.45,1.0,605401.0,2,21
99,2016-09-20,1.45,1.465,1.35,1.409,83556.0,1.45,0.0,1.465,1.35,1.409,1.0,83556.0,1,20
100,2016-09-19,1.41,1.45,1.3801,1.45,14536.0,1.41,0.0,1.45,1.3801,1.45,1.0,14536.0,0,19
101,2016-09-16,1.49,1.49,1.3,1.35,90323.0,1.49,0.0,1.49,1.3,1.35,1.0,90323.0,4,16
102,2016-09-15,1.36,1.38,1.321,1.3251,3868.0,1.36,0.0,1.38,1.321,1.3251,1.0,3868.0,3,15
103,2016-09-14,1.34,1.34,1.29,1.29,12624.0,1.34,0.0,1.34,1.29,1.29,1.0,12624.0,2,14
104,2016-09-13,1.28,1.3305,1.26,1.31,9493.0,1.28,0.0,1.3305,1.26,1.31,1.0,9493.0,1,13
105,2016-09-12,1.276,1.35,1.2,1.28,53471.0,1.276,0.0,1.35,1.2,1.28,1.0,53471.0,0,12
106,2016-09-09,1.27,1.42,1.27,1.42,81018.0,1.27,0.0,1.42,1.27,1.42,1.0,81018.0,4,09
107,2016-09-08,1.44,1.46,1.36,1.36,85746.0,1.44,0.0,1.46,1.36,1.36,1.0,85746.0,3,08
108,2016-09-07,1.37,1.47,1.3,1.37,37371.0,1.37,0.0,1.47,1.3,1.37,1.0,37371.0,2,07
109,2016-09-06,1.4,1.4899,1.3,1.37,33947.0,1.4,0.0,1.4899,1.3,1.37,1.0,33947.0,1,06
110,2016-09-02,1.41,1.44,1.3,1.3,64535.0,1.41,0.0,1.44,1.3,1.3,1.0,64535.0,4,02
111,2016-09-01,1.28,1.321,1.28,1.32,7003.0,1.28,0.0,1.321,1.28,1.32,1.0,7003.0,3,01
112,2016-08-31,1.34,1.35,1.2711,1.2711,12817.0,1.34,0.0,1.35,1.2711,1.2711,1.0,12817.0,2,31
113,2016-08-30,1.33,1.33,1.285,1.32,27944.0,1.33,0.0,1.33,1.285,1.32,1.0,27944.0,1,30
114,2016-08-29,1.3,1.35,1.28,1.28,2622.0,1.3,0.0,1.35,1.28,1.28,1.0,2622.0,0,29
115,2016-08-26,1.299,1.37,1.27,1.35,14218.0,1.299,0.0,1.37,1.27,1.35,1.0,14218.0,4,26
116,2016-08-25,1.26,1.361,1.25,1.361,27884.0,1.26,0.0,1.361,1.25,1.361,1.0,27884.0,3,25
117,2016-08-24,1.3201,1.38,1.3201,1.35,7227.0,1.3201,0.0,1.38,1.3201,1.35,1.0,7227.0,2,24
118,2016-08-23,1.3,1.36,1.3,1.35,6975.0,1.3,0.0,1.36,1.3,1.35,1.0,6975.0,1,23
119,2016-08-22,1.33,1.4,1.33,1.37,24005.0,1.33,0.0,1.4,1.33,1.37,1.0,24005.0,0,22
120,2016-08-19,1.36,1.38,1.31,1.31,10187.0,1.36,0.0,1.38,1.31,1.31,1.0,10187.0,4,19
121,2016-08-18,1.38,1.3963,1.31,1.37,10072.0,1.38,0.0,1.3963,1.31,1.37,1.0,10072.0,3,18
122,2016-08-17,1.38,1.42,1.33,1.33,6322.0,1.38,0.0,1.42,1.33,1.33,1.0,6322.0,2,17
123,2016-08-16,1.36,1.4452,1.3383,1.41,15482.0,1.36,0.0,1.4452,1.3383,1.41,1.0,15482.0,1,16
124,2016-08-15,1.38,1.5,1.37,1.37,84702.0,1.38,0.0,1.5,1.37,1.37,1.0,84702.0,0,15
125,2016-08-12,1.28,1.43,1.25,1.27,20525.0,1.28,0.0,1.43,1.25,1.27,1.0,20525.0,4,12
126,2016-08-11,1.2876,1.2908,1.26,1.2801,21833.0,1.2876,0.0,1.2908,1.26,1.2801,1.0,21833.0,3,11
127,2016-08-10,1.32,1.359,1.28,1.3304,17458.0,1.32,0.0,1.359,1.28,1.3304,1.0,17458.0,2,10
128,2016-08-09,1.33,1.35,1.2601,1.29,13961.0,1.33,0.0,1.35,1.2601,1.29,1.0,13961.0,1,09
129,2016-08-08,1.36,1.44,1.3101,1.35,12148.0,1.36,0.0,1.44,1.3101,1.35,1.0,12148.0,0,08
130,2016-08-05,1.31,1.4299,1.24,1.32,24869.0,1.31,0.0,1.4299,1.24,1.32,1.0,24869.0,4,05
131,2016-08-04,1.31,1.38,1.3,1.35,26712.0,1.31,0.0,1.38,1.3,1.35,1.0,26712.0,3,04
132,2016-08-03,1.35,1.49,1.23,1.23,32564.0,1.35,0.0,1.49,1.23,1.23,1.0,32564.0,2,03
133,2016-08-02,1.23,1.47,1.23,1.35,56368.0,1.23,0.0,1.47,1.23,1.35,1.0,56368.0,1,02
134,2016-08-01,1.33,1.5,1.3101,1.4,33474.0,1.33,0.0,1.5,1.3101,1.4,1.0,33474.0,0,01
135,2016-07-29,1.45,1.52,1.4,1.43,39409.0,1.45,0.0,1.52,1.4,1.43,1.0,39409.0,4,29
136,2016-07-28,1.42,1.54,1.32,1.39,164507.0,1.42,0.0,1.54,1.32,1.39,1.0,164507.0,3,28
137,2016-07-27,1.39,1.44,1.33,1.44,50678.0,1.39,0.0,1.44,1.33,1.44,1.0,50678.0,2,27
138,2016-07-26,1.44,1.53,1.25,1.45,349264.0,1.44,0.0,1.53,1.25,1.45,1.0,349264.0,1,26
139,2016-07-25,1.55,2.47,1.39,1.39,1733036.0,1.55,0.0,2.47,1.39,1.39,1.0,1733036.0,0,25
140,2016-07-22,1.38,1.38,1.3799,1.3799,6010.0,1.38,0.0,1.38,1.3799,1.3799,1.0,6010.0,4,22
141,2016-07-21,1.38,1.38,1.36,1.36,9204.0,1.38,0.0,1.38,1.36,1.36,1.0,9204.0,3,21
142,2016-07-20,1.405,1.46,1.27,1.46,2788.0,1.405,0.0,1.46,1.27,1.46,1.0,2788.0,2,20
143,2016-07-19,1.46,1.51,1.46,1.49,1703.0,1.46,0.0,1.51,1.46,1.49,1.0,1703.0,1,19
144,2016-07-18,1.489,1.514,1.4776,1.514,11735.0,1.489,0.0,1.514,1.4776,1.514,1.0,11735.0,0,18
145,2016-07-15,1.46,1.5048,1.46,1.46,2628.0,1.46,0.0,1.5048,1.46,1.46,1.0,2628.0,4,15
146,2016-07-14,1.46,1.49,1.44,1.44,9459.0,1.46,0.0,1.49,1.44,1.44,1.0,9459.0,3,14
147,2016-07-13,1.49,1.5328,1.49,1.53,23889.0,1.49,0.0,1.5328,1.49,1.53,1.0,23889.0,2,13
148,2016-07-12,1.56,1.62,1.45,1.61,28669.0,1.56,0.0,1.62,1.45,1.61,1.0,28669.0,1,12
149,2016-07-11,1.54,1.65,1.54,1.58,4810.0,1.54,0.0,1.65,1.54,1.58,1.0,4810.0,0,11
150,2016-07-08,1.58,1.6,1.55,1.55,12533.0,1.58,0.0,1.6,1.55,1.55,1.0,12533.0,4,08
151,2016-07-07,1.58,1.61,1.41,1.49,5770.0,1.58,0.0,1.61,1.41,1.49,1.0,5770.0,3,07
152,2016-07-06,1.5035,1.55,1.4777,1.4777,4402.0,1.5035,0.0,1.55,1.4777,1.4777,1.0,4402.0,2,06
153,2016-07-05,1.5348,1.63,1.47,1.6,32835.0,1.5348,0.0,1.63,1.47,1.6,1.0,32835.0,1,05
154,2016-07-01,1.5999,1.65,1.5,1.51,7274.0,1.5999,0.0,1.65,1.5,1.51,1.0,7274.0,4,01
155,2016-06-30,1.53,1.72,1.48,1.48,62310.0,1.53,0.0,1.72,1.48,1.48,1.0,62310.0,3,30
156,2016-06-29,1.47,1.75,1.4,1.75,39429.0,1.47,0.0,1.75,1.4,1.75,1.0,39429.0,2,29
157,2016-06-28,1.5999,1.7,1.5,1.61,23814.0,1.5999,0.0,1.7,1.5,1.61,1.0,23814.0,1,28
158,2016-06-27,1.67,1.89,1.6001,1.7,47747.0,1.67,0.0,1.89,1.6001,1.7,1.0,47747.0,0,27
159,2016-06-24,1.7,1.83,1.51,1.51,4707.0,1.7,0.0,1.83,1.51,1.51,1.0,4707.0,4,24
160,2016-06-23,1.69,1.78,1.55,1.7,13875.0,1.69,0.0,1.78,1.55,1.7,1.0,13875.0,3,23
161,2016-06-22,1.61,1.88,1.61,1.624,16709.0,1.61,0.0,1.88,1.61,1.624,1.0,16709.0,2,22
162,2016-06-21,1.7,1.71,1.62,1.7,8603.0,1.7,0.0,1.71,1.62,1.7,1.0,8603.0,1,21
163,2016-06-20,1.71,1.88,1.644,1.73,10753.0,1.71,0.0,1.88,1.644,1.73,1.0,10753.0,0,20
164,2016-06-17,1.78,1.8299,1.72,1.73,23313.0,1.78,0.0,1.8299,1.72,1.73,1.0,23313.0,4,17
165,2016-06-16,1.74,1.74,1.64,1.65,3862.0,1.74,0.0,1.74,1.64,1.65,1.0,3862.0,3,16
166,2016-06-15,1.69,1.73,1.5901,1.5901,3180.0,1.69,0.0,1.73,1.5901,1.5901,1.0,3180.0,2,15
167,2016-06-14,1.71,1.73,1.6882,1.7,3319.0,1.71,0.0,1.73,1.6882,1.7,1.0,3319.0,1,14
168,2016-06-13,1.69,1.73,1.62,1.62,23197.0,1.69,0.0,1.73,1.62,1.62,1.0,23197.0,0,13
169,2016-06-10,1.58,1.59,1.5401,1.58,6178.0,1.58,0.0,1.59,1.5401,1.58,1.0,6178.0,4,10
170,2016-06-09,1.6,1.65,1.58,1.6165,1272.0,1.6,0.0,1.65,1.58,1.6165,1.0,1272.0,3,09
171,2016-06-08,1.7,1.7,1.7,1.7,601.0,1.7,0.0,1.7,1.7,1.7,1.0,601.0,2,08
172,2016-06-07,1.7,1.73,1.68,1.68,3995.0,1.7,0.0,1.73,1.68,1.68,1.0,3995.0,1,07
173,2016-06-06,1.71,1.73,1.69,1.71,1839.0,1.71,0.0,1.73,1.69,1.71,1.0,1839.0,0,06
174,2016-06-03,1.665,1.6999,1.5601,1.5601,16657.0,1.665,0.0,1.6999,1.5601,1.5601,1.0,16657.0,4,03
175,2016-06-02,1.62,1.64,1.57,1.6,4740.0,1.62,0.0,1.64,1.57,1.6,1.0,4740.0,3,02
176,2016-06-01,1.57,1.74,1.57,1.6,4735.0,1.57,0.0,1.74,1.57,1.6,1.0,4735.0,2,01
177,2016-05-31,1.65,1.65,1.625,1.649,6061.0,1.65,0.0,1.65,1.625,1.649,1.0,6061.0,1,31
178,2016-05-27,1.64,1.6501,1.63,1.64,8436.0,1.64,0.0,1.6501,1.63,1.64,1.0,8436.0,4,27
179,2016-05-26,1.64,1.695,1.5801,1.5801,5072.0,1.64,0.0,1.695,1.5801,1.5801,1.0,5072.0,3,26
180,2016-05-25,1.6601,1.69,1.6,1.64,12547.0,1.6601,0.0,1.69,1.6,1.64,1.0,12547.0,2,25
181,2016-05-24,1.64,1.64,1.64,1.64,314.0,1.64,0.0,1.64,1.64,1.64,1.0,314.0,1,24
182,2016-05-23,1.6,1.675,1.51,1.6,1794.0,1.6,0.0,1.675,1.51,1.6,1.0,1794.0,0,23
183,2016-05-20,1.6,1.66,1.5,1.5601,8754.0,1.6,0.0,1.66,1.5,1.5601,1.0,8754.0,4,20
184,2016-05-19,1.53,1.7,1.53,1.699,7290.0,1.53,0.0,1.7,1.53,1.699,1.0,7290.0,3,19
185,2016-05-18,1.55,1.6483,1.55,1.5901,1236.0,1.55,0.0,1.6483,1.55,1.5901,1.0,1236.0,2,18
186,2016-05-17,1.66,1.68,1.6,1.68,5188.0,1.66,0.0,1.68,1.6,1.68,1.0,5188.0,1,17
187,2016-05-16,1.71,1.73,1.71,1.73,1689.0,1.71,0.0,1.73,1.71,1.73,1.0,1689.0,0,16
188,2016-05-13,1.72,1.75,1.699,1.699,12012.0,1.72,0.0,1.75,1.699,1.699,1.0,12012.0,4,13
189,2016-05-12,1.72,1.81,1.7,1.7943,8449.0,1.72,0.0,1.81,1.7,1.7943,1.0,8449.0,3,12
190,2016-05-11,1.79,1.7943,1.79,1.7943,777.0,1.79,0.0,1.7943,1.79,1.7943,1.0,777.0,2,11
191,2016-05-10,1.75,1.82,1.72,1.72,5532.0,1.75,0.0,1.82,1.72,1.72,1.0,5532.0,1,10
192,2016-05-09,1.72,1.89,1.72,1.87,40869.0,1.72,0.0,1.89,1.72,1.87,1.0,40869.0,0,09
193,2016-05-06,1.8,1.8688,1.7605,1.85,21249.0,1.8,0.0,1.8688,1.7605,1.85,1.0,21249.0,4,06
194,2016-05-05,1.8,1.86,1.75,1.8,20284.0,1.8,0.0,1.86,1.75,1.8,1.0,20284.0,3,05
195,2016-05-04,1.73,1.875,1.68,1.68,17877.0,1.73,0.0,1.875,1.68,1.68,1.0,17877.0,2,04
196,2016-05-03,1.76,1.87,1.64,1.7,29935.0,1.76,0.0,1.87,1.64,1.7,1.0,29935.0,1,03
197,2016-05-02,1.72,1.85,1.63,1.63,22890.0,1.72,0.0,1.85,1.63,1.63,1.0,22890.0,0,02
198,2016-04-29,1.63,1.68,1.57,1.6383,25305.0,1.63,0.0,1.68,1.57,1.6383,1.0,25305.0,4,29
199,2016-04-28,1.61,1.67,1.6,1.61,5778.0,1.61,0.0,1.67,1.6,1.61,1.0,5778.0,3,28
200,2016-04-27,1.61,1.65,1.5605,1.6001,6883.0,1.61,0.0,1.65,1.5605,1.6001,1.0,6883.0,2,27
201,2016-04-26,1.57,1.65,1.5428,1.65,12219.0,1.57,0.0,1.65,1.5428,1.65,1.0,12219.0,1,26
202,2016-04-25,1.62,1.68,1.5729,1.5729,5643.0,1.62,0.0,1.68,1.5729,1.5729,1.0,5643.0,0,25
203,2016-04-22,1.64,1.6999,1.5476,1.65,13714.0,1.64,0.0,1.6999,1.5476,1.65,1.0,13714.0,4,22
204,2016-04-21,1.64,1.68,1.5701,1.5701,18790.0,1.64,0.0,1.68,1.5701,1.5701,1.0,18790.0,3,21
205,2016-04-20,1.6,1.656,1.52,1.6,6055.0,1.6,0.0,1.656,1.52,1.6,1.0,6055.0,2,20
206,2016-04-19,1.65,1.71,1.61,1.65,31811.0,1.65,0.0,1.71,1.61,1.65,1.0,31811.0,1,19
207,2016-04-18,1.7,1.82,1.558,1.558,151193.0,1.7,0.0,1.82,1.558,1.558,1.0,151193.0,0,18
208,2016-04-15,1.52,1.5899,1.51,1.51,12545.0,1.52,0.0,1.5899,1.51,1.51,1.0,12545.0,4,15
209,2016-04-14,1.49,1.64,1.46,1.51,102053.0,1.49,0.0,1.64,1.46,1.51,1.0,102053.0,3,14
210,2016-04-13,1.4,1.41,1.26,1.36,110072.0,1.4,0.0,1.41,1.26,1.36,1.0,110072.0,2,13
211,2016-04-12,1.39,1.4,1.25,1.3301,74463.0,1.39,0.0,1.4,1.25,1.3301,1.0,74463.0,1,12
212,2016-04-11,1.33,1.42,1.2966,1.4,68808.0,1.33,0.0,1.42,1.2966,1.4,1.0,68808.0,0,11
213,2016-04-08,1.38,1.54,1.2701,1.46,136366.0,1.38,0.0,1.54,1.2701,1.46,1.0,136366.0,4,08
214,2016-04-07,1.45,1.49,1.18,1.18,126676.0,1.45,0.0,1.49,1.18,1.18,1.0,126676.0,3,07
215,2016-04-06,1.26,1.402,1.17,1.21,118385.0,1.26,0.0,1.402,1.17,1.21,1.0,118385.0,2,06
216,2016-04-05,1.18,1.29,1.1,1.11,63513.0,1.18,0.0,1.29,1.1,1.11,1.0,63513.0,1,05
217,2016-04-04,1.18,1.2949,1.12,1.18,52452.0,1.18,0.0,1.2949,1.12,1.18,1.0,52452.0,0,04
218,2016-04-01,1.18,1.2001,1.14,1.14,31873.0,1.18,0.0,1.2001,1.14,1.14,1.0,31873.0,4,01
219,2016-03-31,1.13,1.17,1.11,1.11,9352.0,1.13,0.0,1.17,1.11,1.11,1.0,9352.0,3,31
220,2016-03-30,1.1,1.24,1.07,1.07,15550.0,1.1,0.0,1.24,1.07,1.07,1.0,15550.0,2,30
221,2016-03-29,1.1,1.18,1.03,1.15,50544.0,1.1,0.0,1.18,1.03,1.15,1.0,50544.0,1,29
222,2016-03-28,1.15,1.21,1.07,1.16,28245.0,1.15,0.0,1.21,1.07,1.16,1.0,28245.0,0,28
223,2016-03-24,1.12,1.23,1.08,1.18,121028.0,1.12,0.0,1.23,1.08,1.18,1.0,121028.0,3,24
224,2016-03-23,1.15,1.39,1.0698,1.34,264679.0,1.15,0.0,1.39,1.0698,1.34,1.0,264679.0,2,23
225,2016-03-22,1.31,1.48,1.26,1.4,104714.0,1.31,0.0,1.48,1.26,1.4,1.0,104714.0,1,22
226,2016-03-21,1.38,1.4299,1.28,1.28,32786.0,1.38,0.0,1.4299,1.28,1.28,1.0,32786.0,0,21
227,2016-03-18,1.32,1.46,1.26,1.43,54600.0,1.32,0.0,1.46,1.26,1.43,1.0,54600.0,4,18
228,2016-03-17,1.405,1.51,1.39,1.39,17246.0,1.405,0.0,1.51,1.39,1.39,1.0,17246.0,3,17
229,2016-03-16,1.42,1.63,1.39,1.63,36657.0,1.42,0.0,1.63,1.39,1.63,1.0,36657.0,2,16
230,2016-03-15,1.63,1.72,1.32,1.7,128032.0,1.63,0.0,1.72,1.32,1.7,1.0,128032.0,1,15
231,2016-03-14,1.73,1.79,1.72,1.7585,11742.0,1.73,0.0,1.79,1.72,1.7585,1.0,11742.0,0,14
232,2016-03-11,1.785,1.79,1.6733,1.69,8687.0,1.785,0.0,1.79,1.6733,1.69,1.0,8687.0,4,11
233,2016-03-10,1.78,1.78,1.57,1.6282,48903.0,1.78,0.0,1.78,1.57,1.6282,1.0,48903.0,3,10
234,2016-03-09,1.66,1.7599,1.4201,1.4899,38996.0,1.66,0.0,1.7599,1.4201,1.4899,1.0,38996.0,2,09
235,2016-03-08,1.5,1.56,1.4201,1.56,15460.0,1.5,0.0,1.56,1.4201,1.56,1.0,15460.0,1,08
236,2016-03-07,1.55,1.73,1.47,1.5,41333.0,1.55,0.0,1.73,1.47,1.5,1.0,41333.0,0,07
237,2016-03-04,1.5,1.5499,1.4422,1.4422,22618.0,1.5,0.0,1.5499,1.4422,1.4422,1.0,22618.0,4,04
238,2016-03-03,1.5499,1.55,1.523,1.54,7279.0,1.5499,0.0,1.55,1.523,1.54,1.0,7279.0,3,03
239,2016-03-02,1.5,1.6,1.38,1.5,49217.0,1.5,0.0,1.6,1.38,1.5,1.0,49217.0,2,02
240,2016-03-01,1.55,1.71,1.5016,1.6399,78267.0,1.55,0.0,1.71,1.5016,1.6399,1.0,78267.0,1,01
241,2016-02-29,1.45,1.53,1.4008,1.52,8053.0,1.45,0.0,1.53,1.4008,1.52,1.0,8053.0,0,29
242,2016-02-26,1.4938,1.56,1.4301,1.56,20764.0,1.4938,0.0,1.56,1.4301,1.56,1.0,20764.0,4,26
243,2016-02-25,1.55,1.72,1.5,1.58,59146.0,1.55,0.0,1.72,1.5,1.58,1.0,59146.0,3,25
244,2016-02-24,1.55,1.65,1.42,1.55,68561.0,1.55,0.0,1.65,1.42,1.55,1.0,68561.0,2,24
245,2016-02-23,1.5346,1.72,1.5,1.68,39369.0,1.5346,0.0,1.72,1.5,1.68,1.0,39369.0,1,23
246,2016-02-22,1.59,1.66,1.56,1.5996,33200.0,1.59,0.0,1.66,1.56,1.5996,1.0,33200.0,0,22
247,2016-02-19,1.5307,1.65,1.5001,1.57,13201.0,1.5307,0.0,1.65,1.5001,1.57,1.0,13201.0,4,19
248,2016-02-18,1.476,1.5005,1.35,1.35,6208.0,1.476,0.0,1.5005,1.35,1.35,1.0,6208.0,3,18
249,2016-02-17,1.41,1.665,1.28,1.5,178463.0,1.41,0.0,1.665,1.28,1.5,1.0,178463.0,2,17
250,2016-02-16,1.46,1.47,1.32,1.401,15950.0,1.46,0.0,1.47,1.32,1.401,1.0,15950.0,1,16
251,2016-02-12,1.4101,1.581,1.41,1.581,19069.0,1.4101,0.0,1.581,1.41,1.581,1.0,19069.0,4,12
252,2016-02-11,1.51,1.55,1.2601,1.45,121516.0,1.51,0.0,1.55,1.2601,1.45,1.0,121516.0,3,11
253,2016-02-10,1.41,1.6883,1.07,1.07,164751.0,1.41,0.0,1.6883,1.07,1.07,1.0,164751.0,2,10
254,2016-02-09,1.07,1.1289,0.9807,1.04,27550.0,1.07,0.0,1.1289,0.9807,1.04,1.0,27550.0,1,09
255,2016-02-08,1.22,1.2399,1.02,1.2399,90516.0,1.22,0.0,1.2399,1.02,1.2399,1.0,90516.0,0,08
256,2016-02-05,1.19,1.3599,1.09,1.3042,71644.0,1.19,0.0,1.3599,1.09,1.3042,1.0,71644.0,4,05
257,2016-02-04,1.2757,1.3352,1.15,1.2375,22521.0,1.2757,0.0,1.3352,1.15,1.2375,1.0,22521.0,3,04
258,2016-02-03,1.216,1.33,1.09,1.2,71975.0,1.216,0.0,1.33,1.09,1.2,1.0,71975.0,2,03
259,2016-02-02,1.2166,1.24,1.1501,1.1501,21126.0,1.2166,0.0,1.24,1.1501,1.1501,1.0,21126.0,1,02
260,2016-02-01,1.16,1.32,1.16,1.32,20217.0,1.16,0.0,1.32,1.16,1.32,1.0,20217.0,0,01
261,2016-01-29,1.37,1.3752,1.27,1.36,24985.0,1.37,0.0,1.3752,1.27,1.36,1.0,24985.0,4,29
262,2016-01-28,1.31,1.36,1.27,1.32,17256.0,1.31,0.0,1.36,1.27,1.32,1.0,17256.0,3,28
263,2016-01-27,1.29,1.45,1.27,1.45,29421.0,1.29,0.0,1.45,1.27,1.45,1.0,29421.0,2,27
264,2016-01-26,1.39,1.4599,1.36,1.36,53416.0,1.39,0.0,1.4599,1.36,1.36,1.0,53416.0,1,26
265,2016-01-25,1.37,1.4,1.27,1.37,26464.0,1.37,0.0,1.4,1.27,1.37,1.0,26464.0,0,25
266,2016-01-22,1.36,1.4582,1.22,1.41,60640.0,1.36,0.0,1.4582,1.22,1.41,1.0,60640.0,4,22
267,2016-01-21,1.36,1.41,1.1301,1.18,55581.0,1.36,0.0,1.41,1.1301,1.18,1.0,55581.0,3,21
268,2016-01-20,1.28,1.35,1.1358,1.35,67860.0,1.28,0.0,1.35,1.1358,1.35,1.0,67860.0,2,20
269,2016-01-19,1.45,1.45,1.08,1.2828,390405.0,1.45,0.0,1.45,1.08,1.2828,1.0,390405.0,1,19
270,2016-01-15,1.3301,1.44,1.2334,1.39,23968.0,1.3301,0.0,1.44,1.2334,1.39,1.0,23968.0,4,15
271,2016-01-14,1.35,1.419,1.27,1.41,15747.0,1.35,0.0,1.419,1.27,1.41,1.0,15747.0,3,14
272,2016-01-13,1.34,1.56,1.27,1.406,18568.0,1.34,0.0,1.56,1.27,1.406,1.0,18568.0,2,13
273,2016-01-12,1.4,1.47,1.12,1.46,105462.0,1.4,0.0,1.47,1.12,1.46,1.0,105462.0,1,12
274,2016-01-11,1.37,1.5299,1.32,1.5,114511.0,1.37,0.0,1.5299,1.32,1.5,1.0,114511.0,0,11
275,2016-01-08,1.56,1.64,1.47,1.64,89897.0,1.56,0.0,1.64,1.47,1.64,1.0,89897.0,4,08
276,2016-01-07,1.52,1.675,1.39,1.675,80242.0,1.52,0.0,1.675,1.39,1.675,1.0,80242.0,3,07
277,2016-01-06,1.49,1.76,1.31,1.68,387271.0,1.49,0.0,1.76,1.31,1.68,1.0,387271.0,2,06
278,2016-01-05,1.6399,1.72,1.53,1.68,16914.0,1.6399,0.0,1.72,1.53,1.68,1.0,16914.0,1,05
279,2016-01-04,1.63,1.7,1.5316,1.7,45183.0,1.63,0.0,1.7,1.5316,1.7,1.0,45183.0,0,04
280,2015-12-31,1.7,1.75,1.54,1.69,38028.0,1.7,0.0,1.75,1.54,1.69,1.0,38028.0,3,31
281,2015-12-30,1.75,1.76,1.7,1.75,24622.0,1.75,0.0,1.76,1.7,1.75,1.0,24622.0,2,30
282,2015-12-29,1.79,1.839,1.63,1.78,391585.0,1.79,0.0,1.839,1.63,1.78,1.0,391585.0,1,29
283,2015-12-28,1.77,2.0,1.76,1.87,156094.0,1.77,0.0,2.0,1.76,1.87,1.0,156094.0,0,28
284,2015-12-24,1.9,1.97,1.81,1.97,40036.0,1.9,0.0,1.97,1.81,1.97,1.0,40036.0,3,24
285,2015-12-23,2.0,2.05,1.92,1.9408,15511.0,2.0,0.0,2.05,1.92,1.9408,1.0,15511.0,2,23
286,2015-12-22,1.96,2.1695,1.86,2.0,164548.0,1.96,0.0,2.1695,1.86,2.0,1.0,164548.0,1,22
287,2015-12-21,2.12,2.12,1.7201,1.82,236297.0,2.12,0.0,2.12,1.7201,1.82,1.0,236297.0,0,21
288,2015-12-18,1.79,1.86,1.65,1.65,26828.0,1.79,0.0,1.86,1.65,1.65,1.0,26828.0,4,18
289,2015-12-17,1.6701,1.8599,1.6183,1.75,49209.0,1.6701,0.0,1.8599,1.6183,1.75,1.0,49209.0,3,17
290,2015-12-16,1.75,1.89,1.7,1.7,55045.0,1.75,0.0,1.89,1.7,1.7,1.0,55045.0,2,16
291,2015-12-15,1.69,1.97,1.69,1.69,129207.0,1.69,0.0,1.97,1.69,1.69,1.0,129207.0,1,15
292,2015-12-14,1.61,1.962,1.61,1.9316,237681.0,1.61,0.0,1.962,1.61,1.9316,1.0,237681.0,0,14
293,2015-12-11,1.99,2.16,1.91,2.14,241295.0,1.99,0.0,2.16,1.91,2.14,1.0,241295.0,4,11
294,2015-12-10,2.16,2.21,2.13,2.18,67000.0,2.16,0.0,2.21,2.13,2.18,1.0,67000.0,3,10
295,2015-12-09,2.1701,2.208,2.16,2.201,59138.0,2.1701,0.0,2.208,2.16,2.201,1.0,59138.0,2,09
296,2015-12-08,2.2,2.26,2.13,2.18,72524.0,2.2,0.0,2.26,2.13,2.18,1.0,72524.0,1,08
297,2015-12-07,2.2,2.32,2.11,2.27,88854.0,2.2,0.0,2.32,2.11,2.27,1.0,88854.0,0,07
298,2015-12-04,2.26,2.4209,2.26,2.35,31378.0,2.26,0.0,2.4209,2.26,2.35,1.0,31378.0,4,04
299,2015-12-03,2.27,2.504,2.25,2.36,45842.0,2.27,0.0,2.504,2.25,2.36,1.0,45842.0,3,03
300,2015-12-02,2.35,2.63,2.2,2.27,346950.0,2.35,0.0,2.63,2.2,2.27,1.0,346950.0,2,02
301,2015-12-01,2.1999,2.21,2.13,2.17,76114.0,2.1999,0.0,2.21,2.13,2.17,1.0,76114.0,1,01
302,2015-11-30,2.1799,2.27,2.1739,2.26,44848.0,2.1799,0.0,2.27,2.1739,2.26,1.0,44848.0,0,30
303,2015-11-27,2.25,2.38,2.15,2.32,57124.0,2.25,0.0,2.38,2.15,2.32,1.0,57124.0,4,27
304,2015-11-25,2.27,2.31,2.11,2.29,70871.0,2.27,0.0,2.31,2.11,2.29,1.0,70871.0,2,25
305,2015-11-24,2.18,2.4,2.17,2.28,62731.0,2.18,0.0,2.4,2.17,2.28,1.0,62731.0,1,24
306,2015-11-23,2.236,2.4,2.22,2.38,67900.0,2.236,0.0,2.4,2.22,2.38,1.0,67900.0,0,23
307,2015-11-20,2.32,2.4,2.26,2.39,48327.0,2.32,0.0,2.4,2.26,2.39,1.0,48327.0,4,20
308,2015-11-19,2.38,2.45,2.22,2.2499,79441.0,2.38,0.0,2.45,2.22,2.2499,1.0,79441.0,3,19
309,2015-11-18,2.21,2.375,2.18,2.35,64839.0,2.21,0.0,2.375,2.18,2.35,1.0,64839.0,2,18
310,2015-11-17,2.32,2.45,2.23,2.37,21750.0,2.32,0.0,2.45,2.23,2.37,1.0,21750.0,1,17
311,2015-11-16,2.35,2.35,2.16,2.2112,18835.0,2.35,0.0,2.35,2.16,2.2112,1.0,18835.0,0,16
312,2015-11-13,2.22,2.235,2.16,2.18,7210.0,2.22,0.0,2.235,2.16,2.18,1.0,7210.0,4,13
313,2015-11-12,2.22,2.2899,2.22,2.2899,34459.0,2.22,0.0,2.2899,2.22,2.2899,1.0,34459.0,3,12
314,2015-11-11,2.24,2.3072,2.18,2.3072,26365.0,2.24,0.0,2.3072,2.18,2.3072,1.0,26365.0,2,11
315,2015-11-10,2.24,2.32,2.17,2.26,32861.0,2.24,0.0,2.32,2.17,2.26,1.0,32861.0,1,10
316,2015-11-09,2.35,2.485,2.062,2.34,26206.0,2.35,0.0,2.485,2.062,2.34,1.0,26206.0,0,09
317,2015-11-06,2.3,2.34,2.25,2.32,33308.0,2.3,0.0,2.34,2.25,2.32,1.0,33308.0,4,06
318,2015-11-05,2.242,2.275,2.2,2.2,8394.0,2.242,0.0,2.275,2.2,2.2,1.0,8394.0,3,05
319,2015-11-04,2.15,2.3299,2.15,2.27,14468.0,2.15,0.0,2.3299,2.15,2.27,1.0,14468.0,2,04
320,2015-11-03,2.28,2.341,2.25,2.306,7536.0,2.28,0.0,2.341,2.25,2.306,1.0,7536.0,1,03
321,2015-11-02,2.3,2.39,2.25,2.38,4162.0,2.3,0.0,2.39,2.25,2.38,1.0,4162.0,0,02
322,2015-10-30,2.36,2.411,2.35,2.389,11672.0,2.36,0.0,2.411,2.35,2.389,1.0,11672.0,4,30
323,2015-10-29,2.34,2.35,2.3256,2.34,4231.0,2.34,0.0,2.35,2.3256,2.34,1.0,4231.0,3,29
324,2015-10-28,2.4,2.44,2.2901,2.43,6124.0,2.4,0.0,2.44,2.2901,2.43,1.0,6124.0,2,28
325,2015-10-27,2.28,2.305,2.15,2.26,27945.0,2.28,0.0,2.305,2.15,2.26,1.0,27945.0,1,27
326,2015-10-26,2.4544,2.5899,2.4101,2.4101,1214.0,2.4544,0.0,2.5899,2.4101,2.4101,1.0,1214.0,0,26
327,2015-10-23,2.5096,2.55,2.2326,2.26,3913.0,2.5096,0.0,2.55,2.2326,2.26,1.0,3913.0,4,23
328,2015-10-22,2.373,2.54,2.21,2.4,8896.0,2.373,0.0,2.54,2.21,2.4,1.0,8896.0,3,22
329,2015-10-21,2.43,2.52,2.33,2.33,16739.0,2.43,0.0,2.52,2.33,2.33,1.0,16739.0,2,21
330,2015-10-20,2.29,2.44,2.25,2.3901,9286.0,2.29,0.0,2.44,2.25,2.3901,1.0,9286.0,1,20
331,2015-10-19,2.45,2.6,2.4086,2.4086,7671.0,2.45,0.0,2.6,2.4086,2.4086,1.0,7671.0,0,19
332,2015-10-16,2.59,2.6,2.4501,2.4501,10826.0,2.59,0.0,2.6,2.4501,2.4501,1.0,10826.0,4,16
333,2015-10-15,2.43,2.43,2.31,2.34,3021.0,2.43,0.0,2.43,2.31,2.34,1.0,3021.0,3,15
334,2015-10-14,2.27,2.3,2.15,2.23,4061.0,2.27,0.0,2.3,2.15,2.23,1.0,4061.0,2,14
335,2015-10-13,2.25,2.404,2.2,2.3849,12353.0,2.25,0.0,2.404,2.2,2.3849,1.0,12353.0,1,13
336,2015-10-12,2.47,2.4794,2.32,2.46,10133.0,2.47,0.0,2.4794,2.32,2.46,1.0,10133.0,0,12
337,2015-10-09,2.4535,2.52,2.4535,2.47,2607.0,2.4535,0.0,2.52,2.4535,2.47,1.0,2607.0,4,09
338,2015-10-08,2.42,2.4451,2.3701,2.3701,1801.0,2.42,0.0,2.4451,2.3701,2.3701,1.0,1801.0,3,08
339,2015-10-07,2.39,2.4799,2.3001,2.3001,6656.0,2.39,0.0,2.4799,2.3001,2.3001,1.0,6656.0,2,07
340,2015-10-06,2.43,2.53,2.38,2.5,14265.0,2.43,0.0,2.53,2.38,2.5,1.0,14265.0,1,06
341,2015-10-05,2.45,2.485,2.39,2.39,12450.0,2.45,0.0,2.485,2.39,2.39,1.0,12450.0,0,05
342,2015-10-02,2.4,2.4,2.1524,2.1524,18217.0,2.4,0.0,2.4,2.1524,2.1524,1.0,18217.0,4,02
343,2015-10-01,2.2,2.34,2.1,2.1,19731.0,2.2,0.0,2.34,2.1,2.1,1.0,19731.0,3,01
344,2015-09-30,2.05,2.27,2.0,2.15,45695.0,2.05,0.0,2.27,2.0,2.15,1.0,45695.0,2,30
345,2015-09-29,2.08,2.56,2.01,2.5001,71778.0,2.08,0.0,2.56,2.01,2.5001,1.0,71778.0,1,29
346,2015-09-28,2.5,2.7399,2.5,2.6,52470.0,2.5,0.0,2.7399,2.5,2.6,1.0,52470.0,0,28
347,2015-09-25,2.68,3.05,2.66,2.89,63860.0,2.68,0.0,3.05,2.66,2.89,1.0,63860.0,4,25
348,2015-09-24,2.9,2.95,2.8,2.91,30367.0,2.9,0.0,2.95,2.8,2.91,1.0,30367.0,3,24
349,2015-09-23,2.96,3.1348,2.73,3.03,22137.0,2.96,0.0,3.1348,2.73,3.03,1.0,22137.0,2,23
350,2015-09-22,3.0,3.1699,2.86,2.91,63291.0,3.0,0.0,3.1699,2.86,2.91,1.0,63291.0,1,22
351,2015-09-21,2.985,3.39,2.86,2.9,161750.0,2.985,0.0,3.39,2.86,2.9,1.0,161750.0,0,21
352,2015-09-18,2.5,3.26,2.5,3.26,99435.0,2.5,0.0,3.26,2.5,3.26,1.0,99435.0,4,18
353,2015-09-17,3.15,3.34,3.05,3.09,47851.0,3.15,0.0,3.34,3.05,3.09,1.0,47851.0,3,17
354,2015-09-16,3.3,3.34,3.18,3.19,8482.0,3.3,0.0,3.34,3.18,3.19,1.0,8482.0,2,16
355,2015-09-15,3.19,3.34,3.06,3.21,10313.0,3.19,0.0,3.34,3.06,3.21,1.0,10313.0,1,15
356,2015-09-14,3.36,3.39,3.0,3.26,34742.0,3.36,0.0,3.39,3.0,3.26,1.0,34742.0,0,14
357,2015-09-11,3.38,3.4,3.23,3.34,18877.0,3.38,0.0,3.4,3.23,3.34,1.0,18877.0,4,11
358,2015-09-10,3.34,3.38,3.1801,3.3,14343.0,3.34,0.0,3.38,3.1801,3.3,1.0,14343.0,3,10
359,2015-09-09,3.3,3.37,3.09,3.09,13483.0,3.3,0.0,3.37,3.09,3.09,1.0,13483.0,2,09
360,2015-09-08,3.23,3.37,3.05,3.25,27218.0,3.23,0.0,3.37,3.05,3.25,1.0,27218.0,1,08
361,2015-09-04,3.3,3.39,3.05,3.34,15982.0,3.3,0.0,3.39,3.05,3.34,1.0,15982.0,4,04
362,2015-09-03,3.37,3.4,3.14,3.23,51008.0,3.37,0.0,3.4,3.14,3.23,1.0,51008.0,3,03
363,2015-09-02,3.23,3.25,3.0,3.0366,32088.0,3.23,0.0,3.25,3.0,3.0366,1.0,32088.0,2,02
364,2015-09-01,3.12,3.25,3.01,3.25,48278.0,3.12,0.0,3.25,3.01,3.25,1.0,48278.0,1,01
365,2015-08-31,3.29,3.5,3.13,3.2,127047.0,3.29,0.0,3.5,3.13,3.2,1.0,127047.0,0,31
366,2015-08-28,3.23,3.45,2.63,2.7,161536.0,3.23,0.0,3.45,2.63,2.7,1.0,161536.0,4,28
367,2015-08-27,2.86,3.2,2.8301,2.8301,46691.0,2.86,0.0,3.2,2.8301,2.8301,1.0,46691.0,3,27
368,2015-08-26,3.08,3.1799,2.9001,3.02,23624.0,3.08,0.0,3.1799,2.9001,3.02,1.0,23624.0,2,26
369,2015-08-25,2.9,3.39,2.63,2.63,156347.0,2.9,0.0,3.39,2.63,2.63,1.0,156347.0,1,25
370,2015-08-24,2.77,2.86,2.5,2.5,26546.0,2.77,0.0,2.86,2.5,2.5,1.0,26546.0,0,24
371,2015-08-21,2.7,2.98,2.51,2.9,89990.0,2.7,0.0,2.98,2.51,2.9,1.0,89990.0,4,21
372,2015-08-20,2.91,3.198,2.7,2.93,105922.0,2.91,0.0,3.198,2.7,2.93,1.0,105922.0,3,20
373,2015-08-19,2.95,3.25,2.79,3.201,135447.0,2.95,0.0,3.25,2.79,3.201,1.0,135447.0,2,19
374,2015-08-18,3.29,3.63,3.25,3.26,140033.0,3.29,0.0,3.63,3.25,3.26,1.0,140033.0,1,18
375,2015-08-17,3.51,4.42,3.22,3.22,1247135.0,3.51,0.0,4.42,3.22,3.22,1.0,1247135.0,0,17
376,2015-08-14,3.18,3.24,3.03,3.0301,11138.0,3.18,0.0,3.24,3.03,3.0301,1.0,11138.0,4,14
377,2015-08-13,3.07,3.25,3.03,3.25,11864.0,3.07,0.0,3.25,3.03,3.25,1.0,11864.0,3,13
378,2015-08-12,3.23,3.5799,3.06,3.5,48719.0,3.23,0.0,3.5799,3.06,3.5,1.0,48719.0,2,12
379,2015-08-11,3.56,3.77,3.48,3.532,7481.0,3.56,0.0,3.77,3.48,3.532,1.0,7481.0,1,11
380,2015-08-10,3.57,3.8299,3.4,3.4,48909.0,3.57,0.0,3.8299,3.4,3.4,1.0,48909.0,0,10
381,2015-08-07,3.445,3.6,3.38,3.4,23400.0,3.445,0.0,3.6,3.38,3.4,1.0,23400.0,4,07
382,2015-08-06,3.4,3.73,3.25,3.73,24081.0,3.4,0.0,3.73,3.25,3.73,1.0,24081.0,3,06
383,2015-08-05,3.59,3.91,3.54,3.91,14397.0,3.59,0.0,3.91,3.54,3.91,1.0,14397.0,2,05
384,2015-08-04,3.87,3.93,3.71,3.85,6539.0,3.87,0.0,3.93,3.71,3.85,1.0,6539.0,1,04
385,2015-08-03,3.85,3.89,3.52,3.52,17177.0,3.85,0.0,3.89,3.52,3.52,1.0,17177.0,0,03
386,2015-07-31,3.67,3.8399,3.5,3.62,4399.0,3.67,0.0,3.8399,3.5,3.62,1.0,4399.0,4,31
387,2015-07-30,3.69,4.0,3.348,4.0,99967.0,3.69,0.0,4.0,3.348,4.0,1.0,99967.0,3,30
388,2015-07-29,4.0,4.04,3.86,3.86,6102.0,4.0,0.0,4.04,3.86,3.86,1.0,6102.0,2,29
389,2015-07-28,3.85,3.98,3.81,3.81,28730.0,3.85,0.0,3.98,3.81,3.81,1.0,28730.0,1,28
390,2015-07-27,3.95,4.3,3.75,4.05,29711.0,3.95,0.0,4.3,3.75,4.05,1.0,29711.0,0,27
391,2015-07-24,4.1599,4.69,3.96,4.69,102179.0,4.1599,0.0,4.69,3.96,4.69,1.0,102179.0,4,24
392,2015-07-23,4.41,4.45,3.56,3.8,281462.0,4.41,0.0,4.45,3.56,3.8,1.0,281462.0,3,23
393,2015-07-22,3.55,3.7,3.02,3.4,284750.0,3.55,0.0,3.7,3.02,3.4,1.0,284750.0,2,22
394,2015-07-21,3.39,3.618,3.13,3.61,29827.0,3.39,0.0,3.618,3.13,3.61,1.0,29827.0,1,21
395,2015-07-20,3.53,3.71,3.53,3.6,36760.0,3.53,0.0,3.71,3.53,3.6,1.0,36760.0,0,20
396,2015-07-17,3.85,3.86,3.58,3.61,95883.0,3.85,0.0,3.86,3.58,3.61,1.0,95883.0,4,17
397,2015-07-16,3.69,3.92,3.57,3.9,93028.0,3.69,0.0,3.92,3.57,3.9,1.0,93028.0,3,16
398,2015-07-15,3.94,4.0799,3.82,4.0,48148.0,3.94,0.0,4.0799,3.82,4.0,1.0,48148.0,2,15
399,2015-07-14,4.0,4.15,3.91,4.1,23556.0,4.0,0.0,4.15,3.91,4.1,1.0,23556.0,1,14
400,2015-07-13,4.1,4.29,3.9432,4.28,85976.0,4.1,0.0,4.29,3.9432,4.28,1.0,85976.0,0,13
401,2015-07-10,4.29,4.3927,4.15,4.34,26840.0,4.29,0.0,4.3927,4.15,4.34,1.0,26840.0,4,10
402,2015-07-09,4.34,4.49,4.27,4.4,61054.0,4.34,0.0,4.49,4.27,4.4,1.0,61054.0,3,09
403,2015-07-08,4.34,4.49,4.22,4.4,105211.0,4.34,0.0,4.49,4.22,4.4,1.0,105211.0,2,08
404,2015-07-07,4.48,4.64,4.3,4.4,197771.0,4.48,0.0,4.64,4.3,4.4,1.0,197771.0,1,07
405,2015-07-06,4.42,4.69,4.21,4.69,18001.0,4.42,0.0,4.69,4.21,4.69,1.0,18001.0,0,06
406,2015-07-02,4.5,4.6,4.45,4.46,18056.0,4.5,0.0,4.6,4.45,4.46,1.0,18056.0,3,02
407,2015-07-01,4.58,4.7,4.45,4.49,60640.0,4.58,0.0,4.7,4.45,4.49,1.0,60640.0,2,01
408,2015-06-30,4.45,4.59,3.8022,4.41,123549.0,4.45,0.0,4.59,3.8022,4.41,1.0,123549.0,1,30
409,2015-06-29,4.41,4.78,4.4,4.75,72924.0,4.41,0.0,4.78,4.4,4.75,1.0,72924.0,0,29
410,2015-06-26,4.69,4.8022,4.51,4.75,101717.0,4.69,0.0,4.8022,4.51,4.75,1.0,101717.0,4,26
411,2015-06-25,4.78,5.08,4.55,5.01,279339.0,4.78,0.0,5.08,4.55,5.01,1.0,279339.0,3,25
412,2015-06-24,4.96,5.4999,4.5,5.0,1657038.0,4.96,0.0,5.4999,4.5,5.0,1.0,1657038.0,2,24
