,Unnamed: 0,adj_close,adj_high,adj_low,adj_open,adj_volume,close,ex_dividend,high,low,open,split_ratio,volume,Day of Week
0,2017-02-10,7.75,8.25,7.075,7.2,911114.0,7.75,0.0,8.25,7.075,7.2,1.0,911114.0,4
1,2017-02-09,7.35,7.8,5.8,5.8,1311696.0,7.35,0.0,7.8,5.8,5.8,1.0,1311696.0,3
2,2017-02-08,5.75,5.95,5.7,5.95,99766.0,5.75,0.0,5.95,5.7,5.95,1.0,99766.0,2
3,2017-02-07,5.85,5.9,5.3153,5.75,97215.0,5.85,0.0,5.9,5.3153,5.75,1.0,97215.0,1
4,2017-02-06,5.85,6.159,5.85,5.85,117075.0,5.85,0.0,6.159,5.85,5.85,1.0,117075.0,0
5,2017-02-03,6.2,6.2,5.75,5.85,228813.0,6.2,0.0,6.2,5.75,5.85,1.0,228813.0,4
6,2017-02-02,5.85,6.0,5.05,5.1,323127.0,5.85,0.0,6.0,5.05,5.1,1.0,323127.0,3
7,2017-02-01,5.1,5.2,4.85,5.0,494389.0,5.1,0.0,5.2,4.85,5.0,1.0,494389.0,2
8,2017-01-31,4.9,4.95,4.667,4.8,161888.0,4.9,0.0,4.95,4.667,4.8,1.0,161888.0,1
9,2017-01-30,4.85,4.9,4.7,4.85,99154.0,4.85,0.0,4.9,4.7,4.85,1.0,99154.0,0
10,2017-01-27,4.9,5.05,4.8,5.0,100140.0,4.9,0.0,5.05,4.8,5.0,1.0,100140.0,4
11,2017-01-26,5.05,5.35,4.95,5.05,156103.0,5.05,0.0,5.35,4.95,5.05,1.0,156103.0,3
12,2017-01-25,5.1,5.15,4.8,5.05,138852.0,5.1,0.0,5.15,4.8,5.05,1.0,138852.0,2
13,2017-01-24,5.0,5.1,4.85,5.0,116468.0,5.0,0.0,5.1,4.85,5.0,1.0,116468.0,1
14,2017-01-23,4.9,5.0,4.6,4.95,107803.0,4.9,0.0,5.0,4.6,4.95,1.0,107803.0,0
15,2017-01-20,4.95,5.05,4.95,4.95,79617.0,4.95,0.0,5.05,4.95,4.95,1.0,79617.0,4
16,2017-01-19,4.95,5.05,4.9,5.0,79154.0,4.95,0.0,5.05,4.9,5.0,1.0,79154.0,3
17,2017-01-18,5.0,5.05,4.95,5.0,87606.0,5.0,0.0,5.05,4.95,5.0,1.0,87606.0,2
18,2017-01-17,5.0,5.2,5.0,5.2,108572.0,5.0,0.0,5.2,5.0,5.2,1.0,108572.0,1
19,2017-01-13,5.2,5.36,5.15,5.2,87706.0,5.2,0.0,5.36,5.15,5.2,1.0,87706.0,4
20,2017-01-12,5.25,5.45,5.2,5.45,89705.0,5.25,0.0,5.45,5.2,5.45,1.0,89705.0,3
21,2017-01-11,5.4,5.55,5.3,5.45,122460.0,5.4,0.0,5.55,5.3,5.45,1.0,122460.0,2
22,2017-01-10,5.5,5.7,5.4,5.6,97077.0,5.5,0.0,5.7,5.4,5.6,1.0,97077.0,1
23,2017-01-09,5.5,5.8,5.5,5.7,76272.0,5.5,0.0,5.8,5.5,5.7,1.0,76272.0,0
24,2017-01-06,5.7,5.75,5.5,5.7,103775.0,5.7,0.0,5.75,5.5,5.7,1.0,103775.0,4
25,2017-01-05,5.6,5.7,5.15,5.15,100462.0,5.6,0.0,5.7,5.15,5.15,1.0,100462.0,3
26,2017-01-04,5.1,5.2,4.85,5.05,143209.0,5.1,0.0,5.2,4.85,5.05,1.0,143209.0,2
27,2017-01-03,5.0,5.55,4.95,5.45,128952.0,5.0,0.0,5.55,4.95,5.45,1.0,128952.0,1
28,2016-12-30,5.3,5.55,5.15,5.55,270180.0,5.3,0.0,5.55,5.15,5.55,1.0,270180.0,4
29,2016-12-29,5.5,5.75,5.45,5.65,76281.0,5.5,0.0,5.75,5.45,5.65,1.0,76281.0,3
30,2016-12-28,5.65,5.75,5.4,5.7,116822.0,5.65,0.0,5.75,5.4,5.7,1.0,116822.0,2
31,2016-12-27,5.7,5.8,5.6,5.7,141483.0,5.7,0.0,5.8,5.6,5.7,1.0,141483.0,1
32,2016-12-23,5.7,5.8,5.55,5.65,137772.0,5.7,0.0,5.8,5.55,5.65,1.0,137772.0,4
33,2016-12-22,5.6,5.845,5.5,5.75,125131.0,5.6,0.0,5.845,5.5,5.75,1.0,125131.0,3
34,2016-12-21,5.7,5.825,5.65,5.8,144753.0,5.7,0.0,5.825,5.65,5.8,1.0,144753.0,2
35,2016-12-20,5.75,6.05,5.6,5.95,142667.0,5.75,0.0,6.05,5.6,5.95,1.0,142667.0,1
36,2016-12-19,5.85,6.15,5.85,5.9,139769.0,5.85,0.0,6.15,5.85,5.9,1.0,139769.0,0
37,2016-12-16,5.95,6.0815,5.75,5.85,256120.0,5.95,0.0,6.0815,5.75,5.85,1.0,256120.0,4
38,2016-12-15,5.8,6.05,5.7,6.0,255543.0,5.8,0.0,6.05,5.7,6.0,1.0,255543.0,3
39,2016-12-14,5.9,6.15,5.85,6.0,87342.0,5.9,0.0,6.15,5.85,6.0,1.0,87342.0,2
40,2016-12-13,6.05,6.25,5.9,6.15,92389.0,6.05,0.0,6.25,5.9,6.15,1.0,92389.0,1
41,2016-12-12,6.0,6.4,5.95,6.15,157209.0,6.0,0.0,6.4,5.95,6.15,1.0,157209.0,0
42,2016-12-09,6.1,6.7,6.05,6.25,237150.0,6.1,0.0,6.7,6.05,6.25,1.0,237150.0,4
43,2016-12-08,6.4,6.45,6.05,6.25,101497.0,6.4,0.0,6.45,6.05,6.25,1.0,101497.0,3
44,2016-12-07,6.2,6.4,6.0,6.25,108467.0,6.2,0.0,6.4,6.0,6.25,1.0,108467.0,2
45,2016-12-06,6.25,6.4,6.0,6.2,136159.0,6.25,0.0,6.4,6.0,6.2,1.0,136159.0,1
46,2016-12-05,6.25,6.35,5.85,5.95,168755.0,6.25,0.0,6.35,5.85,5.95,1.0,168755.0,0
47,2016-12-02,5.95,6.35,5.85,6.15,154443.0,5.95,0.0,6.35,5.85,6.15,1.0,154443.0,4
48,2016-12-01,6.15,6.64,6.05,6.3,214510.0,6.15,0.0,6.64,6.05,6.3,1.0,214510.0,3
49,2016-11-30,6.25,6.55,6.1,6.45,149371.0,6.25,0.0,6.55,6.1,6.45,1.0,149371.0,2
50,2016-11-29,6.35,6.75,6.15,6.65,171441.0,6.35,0.0,6.75,6.15,6.65,1.0,171441.0,1
51,2016-11-28,6.6,6.9,6.425,6.7,76587.0,6.6,0.0,6.9,6.425,6.7,1.0,76587.0,0
52,2016-11-25,6.75,7.0,6.7,6.95,32415.0,6.75,0.0,7.0,6.7,6.95,1.0,32415.0,4
53,2016-11-23,6.95,7.1,6.65,6.7,142805.0,6.95,0.0,7.1,6.65,6.7,1.0,142805.0,2
54,2016-11-22,6.8,7.0,6.7,6.9,94348.0,6.8,0.0,7.0,6.7,6.9,1.0,94348.0,1
55,2016-11-21,6.95,6.95,6.6,6.85,151515.0,6.95,0.0,6.95,6.6,6.85,1.0,151515.0,0
56,2016-11-18,6.8,6.95,6.45,6.65,168779.0,6.8,0.0,6.95,6.45,6.65,1.0,168779.0,4
57,2016-11-17,6.6,6.8,6.4,6.6,135148.0,6.6,0.0,6.8,6.4,6.6,1.0,135148.0,3
58,2016-11-16,6.5,7.0,6.35,7.0,198787.0,6.5,0.0,7.0,6.35,7.0,1.0,198787.0,2
59,2016-11-15,7.1,7.2,6.15,6.8,177244.0,7.1,0.0,7.2,6.15,6.8,1.0,177244.0,1
60,2016-11-14,6.825,6.85,6.155,6.75,201017.0,6.825,0.0,6.85,6.155,6.75,1.0,201017.0,0
61,2016-11-11,6.65,6.7,5.45,5.5,368957.0,6.65,0.0,6.7,5.45,5.5,1.0,368957.0,4
62,2016-11-10,5.5,5.55,5.35,5.55,205759.0,5.5,0.0,5.55,5.35,5.55,1.0,205759.0,3
63,2016-11-09,5.4,5.4,5.1,5.25,172044.0,5.4,0.0,5.4,5.1,5.25,1.0,172044.0,2
64,2016-11-08,5.1,5.25,4.75,5.25,116920.0,5.1,0.0,5.25,4.75,5.25,1.0,116920.0,1
65,2016-11-07,4.85,4.95,4.4,4.4,112667.0,4.85,0.0,4.95,4.4,4.4,1.0,112667.0,0
66,2016-11-04,4.25,4.6,4.15,4.3,330466.0,4.25,0.0,4.6,4.15,4.3,1.0,330466.0,4
67,2016-11-03,4.25,4.7,4.25,4.7,349845.0,4.25,0.0,4.7,4.25,4.7,1.0,349845.0,3
68,2016-11-02,4.65,4.875,4.6,4.85,236561.0,4.65,0.0,4.875,4.6,4.85,1.0,236561.0,2
69,2016-11-01,4.85,5.05,4.85,5.0,159485.0,4.85,0.0,5.05,4.85,5.0,1.0,159485.0,1
70,2016-10-31,5.0,5.05,4.8,4.85,90631.0,5.0,0.0,5.05,4.8,4.85,1.0,90631.0,0
71,2016-10-28,4.94,5.38,4.91,5.12,159952.0,4.94,0.0,5.38,4.91,5.12,1.0,159952.0,4
72,2016-10-27,5.14,5.2,5.07,5.14,107944.0,5.14,0.0,5.2,5.07,5.14,1.0,107944.0,3
73,2016-10-26,5.07,5.2499,5.05,5.23,142789.0,5.07,0.0,5.2499,5.05,5.23,1.0,142789.0,2
74,2016-10-25,5.21,5.39,5.19,5.3,119205.0,5.21,0.0,5.39,5.19,5.3,1.0,119205.0,1
75,2016-10-24,5.3,5.66,5.22,5.4,154420.0,5.3,0.0,5.66,5.22,5.4,1.0,154420.0,0
76,2016-10-21,5.35,5.877999999999999,5.27,5.45,199919.0,5.35,0.0,5.877999999999999,5.27,5.45,1.0,199919.0,4
77,2016-10-20,5.48,5.56,5.45,5.45,83425.0,5.48,0.0,5.56,5.45,5.45,1.0,83425.0,3
78,2016-10-19,5.48,5.61,5.45,5.61,74721.0,5.48,0.0,5.61,5.45,5.61,1.0,74721.0,2
79,2016-10-18,5.58,5.65,5.5,5.63,75349.0,5.58,0.0,5.65,5.5,5.63,1.0,75349.0,1
80,2016-10-17,5.52,5.62,5.45,5.56,93185.0,5.52,0.0,5.62,5.45,5.56,1.0,93185.0,0
81,2016-10-14,5.56,5.8005,5.52,5.62,84280.0,5.56,0.0,5.8005,5.52,5.62,1.0,84280.0,4
82,2016-10-13,5.6,5.8,5.58,5.64,77593.0,5.6,0.0,5.8,5.58,5.64,1.0,77593.0,3
83,2016-10-12,5.7,5.96,5.65,5.88,112685.0,5.7,0.0,5.96,5.65,5.88,1.0,112685.0,2
84,2016-10-11,5.87,6.18,5.8,6.03,140821.0,5.87,0.0,6.18,5.8,6.03,1.0,140821.0,1
85,2016-10-10,6.15,6.24,6.05,6.05,91421.0,6.15,0.0,6.24,6.05,6.05,1.0,91421.0,0
86,2016-10-07,5.99,6.13,5.85,6.07,104270.0,5.99,0.0,6.13,5.85,6.07,1.0,104270.0,4
87,2016-10-06,6.05,6.38,6.03,6.19,146320.0,6.05,0.0,6.38,6.03,6.19,1.0,146320.0,3
88,2016-10-05,6.25,6.39,6.101,6.2,134890.0,6.25,0.0,6.39,6.101,6.2,1.0,134890.0,2
89,2016-10-04,6.15,6.31,6.1,6.15,104509.0,6.15,0.0,6.31,6.1,6.15,1.0,104509.0,1
90,2016-10-03,6.14,6.38,6.04,6.25,170378.0,6.14,0.0,6.38,6.04,6.25,1.0,170378.0,0
91,2016-09-30,6.29,6.37,5.84,5.99,234058.0,6.29,0.0,6.37,5.84,5.99,1.0,234058.0,4
92,2016-09-29,5.94,6.56,5.9,6.28,135184.0,5.94,0.0,6.56,5.9,6.28,1.0,135184.0,3
93,2016-09-28,6.24,6.4757,6.07,6.41,86499.0,6.24,0.0,6.4757,6.07,6.41,1.0,86499.0,2
94,2016-09-27,6.41,6.53,6.32,6.4,86786.0,6.41,0.0,6.53,6.32,6.4,1.0,86786.0,1
95,2016-09-26,6.44,6.5,6.28,6.4,123216.0,6.44,0.0,6.5,6.28,6.4,1.0,123216.0,0
96,2016-09-23,6.47,6.72,6.41,6.46,153871.0,6.47,0.0,6.72,6.41,6.46,1.0,153871.0,4
97,2016-09-22,6.46,6.47,6.17,6.18,140084.0,6.46,0.0,6.47,6.17,6.18,1.0,140084.0,3
98,2016-09-21,6.17,6.6753,5.95,6.48,247425.0,6.17,0.0,6.6753,5.95,6.48,1.0,247425.0,2
99,2016-09-20,6.46,6.68,6.345,6.39,361639.0,6.46,0.0,6.68,6.345,6.39,1.0,361639.0,1
100,2016-09-19,6.3,6.3,6.03,6.03,325089.0,6.3,0.0,6.3,6.03,6.03,1.0,325089.0,0
101,2016-09-16,6.01,6.02,5.79,5.9,353158.0,6.01,0.0,6.02,5.79,5.9,1.0,353158.0,4
102,2016-09-15,5.85,5.93,5.65,5.69,359197.0,5.85,0.0,5.93,5.65,5.69,1.0,359197.0,3
103,2016-09-14,5.7,5.77,5.58,5.65,93631.0,5.7,0.0,5.77,5.58,5.65,1.0,93631.0,2
104,2016-09-13,5.6,5.84,5.51,5.8,79272.0,5.6,0.0,5.84,5.51,5.8,1.0,79272.0,1
105,2016-09-12,5.87,5.87,5.56,5.56,165951.0,5.87,0.0,5.87,5.56,5.56,1.0,165951.0,0
106,2016-09-09,5.54,5.8,5.54,5.77,105442.0,5.54,0.0,5.8,5.54,5.77,1.0,105442.0,4
107,2016-09-08,5.78,5.87,5.72,5.79,126432.0,5.78,0.0,5.87,5.72,5.79,1.0,126432.0,3
108,2016-09-07,5.77,5.89,5.71,5.82,72914.0,5.77,0.0,5.89,5.71,5.82,1.0,72914.0,2
109,2016-09-06,5.8,5.97,5.79,5.92,83367.0,5.8,0.0,5.97,5.79,5.92,1.0,83367.0,1
110,2016-09-02,5.9,6.01,5.73,6.01,115171.0,5.9,0.0,6.01,5.73,6.01,1.0,115171.0,4
111,2016-09-01,5.88,5.9,5.6,5.65,123129.0,5.88,0.0,5.9,5.6,5.65,1.0,123129.0,3
112,2016-08-31,5.51,5.98,5.5,5.95,342602.0,5.51,0.0,5.98,5.5,5.95,1.0,342602.0,2
113,2016-08-30,5.59,5.716,5.5,5.66,162463.0,5.59,0.0,5.716,5.5,5.66,1.0,162463.0,1
114,2016-08-29,5.66,5.84,5.61,5.84,50321.0,5.66,0.0,5.84,5.61,5.84,1.0,50321.0,0
115,2016-08-26,5.79,5.97,5.68,5.95,90737.0,5.79,0.0,5.97,5.68,5.95,1.0,90737.0,4
116,2016-08-25,5.89,6.01,5.606,5.98,123353.0,5.89,0.0,6.01,5.606,5.98,1.0,123353.0,3
117,2016-08-24,5.92,6.14,5.8575,6.1,150835.0,5.92,0.0,6.14,5.8575,6.1,1.0,150835.0,2
118,2016-08-23,6.07,6.24,5.98,6.03,105100.0,6.07,0.0,6.24,5.98,6.03,1.0,105100.0,1
119,2016-08-22,5.96,6.16,5.8,5.96,195826.0,5.96,0.0,6.16,5.8,5.96,1.0,195826.0,0
120,2016-08-19,5.95,6.143,5.9,5.97,90776.0,5.95,0.0,6.143,5.9,5.97,1.0,90776.0,4
121,2016-08-18,5.99,6.0,5.9,5.93,272799.0,5.99,0.0,6.0,5.9,5.93,1.0,272799.0,3
122,2016-08-17,5.92,5.9699,5.59,5.66,227392.0,5.92,0.0,5.9699,5.59,5.66,1.0,227392.0,2
123,2016-08-16,5.56,5.72,5.51,5.72,54847.0,5.56,0.0,5.72,5.51,5.72,1.0,54847.0,1
124,2016-08-15,5.65,5.77,5.53,5.54,65717.0,5.65,0.0,5.77,5.53,5.54,1.0,65717.0,0
125,2016-08-12,5.53,5.54,5.33,5.51,107046.0,5.53,0.0,5.54,5.33,5.51,1.0,107046.0,4
126,2016-08-11,5.53,5.55,5.35,5.46,148060.0,5.53,0.0,5.55,5.35,5.46,1.0,148060.0,3
127,2016-08-10,5.45,5.71,5.33,5.52,199310.0,5.45,0.0,5.71,5.33,5.52,1.0,199310.0,2
128,2016-08-09,5.78,5.86,5.59,5.86,105185.0,5.78,0.0,5.86,5.59,5.86,1.0,105185.0,1
129,2016-08-08,5.78,6.21,5.7,5.96,119828.0,5.78,0.0,6.21,5.7,5.96,1.0,119828.0,0
130,2016-08-05,5.96,6.02,5.78,5.79,115458.0,5.96,0.0,6.02,5.78,5.79,1.0,115458.0,4
131,2016-08-04,5.76,5.95,5.69,5.71,64248.0,5.76,0.0,5.95,5.69,5.71,1.0,64248.0,3
132,2016-08-03,5.71,5.71,5.39,5.44,75924.0,5.71,0.0,5.71,5.39,5.44,1.0,75924.0,2
133,2016-08-02,5.44,5.59,5.31,5.52,146499.0,5.44,0.0,5.59,5.31,5.52,1.0,146499.0,1
134,2016-08-01,5.52,5.67,5.36,5.51,111405.0,5.52,0.0,5.67,5.36,5.51,1.0,111405.0,0
135,2016-07-29,5.51,5.58,5.29,5.5,172067.0,5.51,0.0,5.58,5.29,5.5,1.0,172067.0,4
136,2016-07-28,5.5,5.8,5.45,5.69,69118.0,5.5,0.0,5.8,5.45,5.69,1.0,69118.0,3
137,2016-07-27,5.68,5.7,5.36,5.55,98813.0,5.68,0.0,5.7,5.36,5.55,1.0,98813.0,2
138,2016-07-26,5.53,5.6,5.36,5.49,89676.0,5.53,0.0,5.6,5.36,5.49,1.0,89676.0,1
139,2016-07-25,5.52,5.609,5.25,5.43,163327.0,5.52,0.0,5.609,5.25,5.43,1.0,163327.0,0
140,2016-07-22,5.41,5.59,5.34,5.5,86915.0,5.41,0.0,5.59,5.34,5.5,1.0,86915.0,4
141,2016-07-21,5.52,5.707999999999999,5.45,5.55,105354.0,5.52,0.0,5.707999999999999,5.45,5.55,1.0,105354.0,3
142,2016-07-20,5.53,5.59,5.39,5.49,193061.0,5.53,0.0,5.59,5.39,5.49,1.0,193061.0,2
143,2016-07-19,5.46,5.72,5.42,5.72,162466.0,5.46,0.0,5.72,5.42,5.72,1.0,162466.0,1
144,2016-07-18,5.73,5.84,5.52,5.72,103911.0,5.73,0.0,5.84,5.52,5.72,1.0,103911.0,0
145,2016-07-15,5.72,5.7799,5.59,5.65,101587.0,5.72,0.0,5.7799,5.59,5.65,1.0,101587.0,4
146,2016-07-14,5.6,5.78,5.53,5.77,119994.0,5.6,0.0,5.78,5.53,5.77,1.0,119994.0,3
147,2016-07-13,5.72,5.95,5.67,5.87,162588.0,5.72,0.0,5.95,5.67,5.87,1.0,162588.0,2
148,2016-07-12,5.85,5.95,5.75,5.81,147721.0,5.85,0.0,5.95,5.75,5.81,1.0,147721.0,1
149,2016-07-11,5.77,6.05,5.76,6.05,190338.0,5.77,0.0,6.05,5.76,6.05,1.0,190338.0,0
150,2016-07-08,6.03,6.125,5.718,5.75,196911.0,6.03,0.0,6.125,5.718,5.75,1.0,196911.0,4
151,2016-07-07,5.76,5.83,5.52,5.68,199005.0,5.76,0.0,5.83,5.52,5.68,1.0,199005.0,3
152,2016-07-06,5.68,5.9,5.61,5.7,220994.0,5.68,0.0,5.9,5.61,5.7,1.0,220994.0,2
153,2016-07-05,5.7,5.83,5.44,5.83,223685.0,5.7,0.0,5.83,5.44,5.83,1.0,223685.0,1
154,2016-07-01,5.74,5.81,5.38,5.4,193458.0,5.74,0.0,5.81,5.38,5.4,1.0,193458.0,4
155,2016-06-30,5.42,5.43,5.1,5.26,256932.0,5.42,0.0,5.43,5.1,5.26,1.0,256932.0,3
156,2016-06-29,5.25,5.327999999999999,5.03,5.26,183249.0,5.25,0.0,5.327999999999999,5.03,5.26,1.0,183249.0,2
157,2016-06-28,5.18,5.2576,4.8,4.8,369780.0,5.18,0.0,5.2576,4.8,4.8,1.0,369780.0,1
158,2016-06-27,4.71,4.97,4.66,4.91,484711.0,4.71,0.0,4.97,4.66,4.91,1.0,484711.0,0
159,2016-06-24,5.01,5.14,4.87,4.91,710495.0,5.01,0.0,5.14,4.87,4.91,1.0,710495.0,4
160,2016-06-23,5.13,5.79,5.0214,5.63,777375.0,5.13,0.0,5.79,5.0214,5.63,1.0,777375.0,3
161,2016-06-22,5.0,5.26,4.92,5.13,261845.0,5.0,0.0,5.26,4.92,5.13,1.0,261845.0,2
162,2016-06-21,5.13,5.26,4.63,5.04,763899.0,5.13,0.0,5.26,4.63,5.04,1.0,763899.0,1
163,2016-06-20,5.03,5.32,4.99,5.26,713721.0,5.03,0.0,5.32,4.99,5.26,1.0,713721.0,0
164,2016-06-17,5.16,5.468,5.13,5.45,653279.0,5.16,0.0,5.468,5.13,5.45,1.0,653279.0,4
165,2016-06-16,5.43,5.53,5.32,5.53,290200.0,5.43,0.0,5.53,5.32,5.53,1.0,290200.0,3
166,2016-06-15,5.6,5.84,5.56,5.6,241624.0,5.6,0.0,5.84,5.56,5.6,1.0,241624.0,2
167,2016-06-14,5.54,5.84,5.47,5.71,267532.0,5.54,0.0,5.84,5.47,5.71,1.0,267532.0,1
168,2016-06-13,5.75,5.995,5.66,5.84,278848.0,5.75,0.0,5.995,5.66,5.84,1.0,278848.0,0
169,2016-06-10,5.79,5.93,5.68,5.93,370575.0,5.79,0.0,5.93,5.68,5.93,1.0,370575.0,4
170,2016-06-09,6.01,6.3999,5.88,6.25,265599.0,6.01,0.0,6.3999,5.88,6.25,1.0,265599.0,3
171,2016-06-08,6.29,6.54,6.25,6.44,321599.0,6.29,0.0,6.54,6.25,6.44,1.0,321599.0,2
172,2016-06-07,6.44,6.82,6.37,6.82,408451.0,6.44,0.0,6.82,6.37,6.82,1.0,408451.0,1
173,2016-06-06,6.87,7.34,6.85,7.34,245151.0,6.87,0.0,7.34,6.85,7.34,1.0,245151.0,0
174,2016-06-03,7.335,7.65,7.11,7.6,353306.0,7.335,0.0,7.65,7.11,7.6,1.0,353306.0,4
175,2016-06-02,7.49,7.52,6.77,6.79,419377.0,7.49,0.0,7.52,6.77,6.79,1.0,419377.0,3
176,2016-06-01,6.75,6.88,6.55,6.75,310107.0,6.75,0.0,6.88,6.55,6.75,1.0,310107.0,2
177,2016-05-31,6.785,6.9999,6.65,6.7,974529.0,6.785,0.0,6.9999,6.65,6.7,1.0,974529.0,1
178,2016-05-27,6.8,6.85,6.57,6.7,131616.0,6.8,0.0,6.85,6.57,6.7,1.0,131616.0,4
179,2016-05-26,6.66,6.905,6.65,6.89,152194.0,6.66,0.0,6.905,6.65,6.89,1.0,152194.0,3
180,2016-05-25,6.89,6.97,6.76,6.97,207315.0,6.89,0.0,6.97,6.76,6.97,1.0,207315.0,2
181,2016-05-24,6.9,6.99,6.5,6.53,359399.0,6.9,0.0,6.99,6.5,6.53,1.0,359399.0,1
182,2016-05-23,6.47,6.6,6.36,6.4,355140.0,6.47,0.0,6.6,6.36,6.4,1.0,355140.0,0
183,2016-05-20,6.33,6.425,6.037999999999999,6.09,175058.0,6.33,0.0,6.425,6.037999999999999,6.09,1.0,175058.0,4
184,2016-05-19,6.04,6.2099,5.76,6.03,267510.0,6.04,0.0,6.2099,5.76,6.03,1.0,267510.0,3
185,2016-05-18,6.03,6.19,5.96,5.96,284484.0,6.03,0.0,6.19,5.96,5.96,1.0,284484.0,2
186,2016-05-17,5.98,6.53,5.96,6.38,397427.0,5.98,0.0,6.53,5.96,6.38,1.0,397427.0,1
187,2016-05-16,6.4,6.6,6.31,6.37,214084.0,6.4,0.0,6.6,6.31,6.37,1.0,214084.0,0
188,2016-05-13,6.31,6.468999999999999,6.13,6.19,241176.0,6.31,0.0,6.468999999999999,6.13,6.19,1.0,241176.0,4
189,2016-05-12,6.21,6.34,5.93,6.25,252353.0,6.21,0.0,6.34,5.93,6.25,1.0,252353.0,3
190,2016-05-11,6.19,6.65,6.12,6.36,345501.0,6.19,0.0,6.65,6.12,6.36,1.0,345501.0,2
191,2016-05-10,6.58,6.83,6.35,6.52,265249.0,6.58,0.0,6.83,6.35,6.52,1.0,265249.0,1
192,2016-05-09,6.49,6.69,6.08,6.15,337983.0,6.49,0.0,6.69,6.08,6.15,1.0,337983.0,0
193,2016-05-06,6.15,7.07,5.9,6.84,765144.0,6.15,0.0,7.07,5.9,6.84,1.0,765144.0,4
194,2016-05-05,6.93,7.205,6.83,7.13,300124.0,6.93,0.0,7.205,6.83,7.13,1.0,300124.0,3
195,2016-05-04,6.93,7.16,6.655,7.12,331738.0,6.93,0.0,7.16,6.655,7.12,1.0,331738.0,2
196,2016-05-03,7.18,7.42,6.94,7.04,316982.0,7.18,0.0,7.42,6.94,7.04,1.0,316982.0,1
197,2016-05-02,7.15,7.27,6.61,6.99,523692.0,7.15,0.0,7.27,6.61,6.99,1.0,523692.0,0
198,2016-04-29,6.92,7.13,6.35,6.43,2441818.0,6.92,0.0,7.13,6.35,6.43,1.0,2441818.0,4
199,2016-04-28,6.79,7.28,6.5004,7.28,769920.0,6.79,0.0,7.28,6.5004,7.28,1.0,769920.0,3
200,2016-04-27,7.53,7.61,7.25,7.53,164528.0,7.53,0.0,7.61,7.25,7.53,1.0,164528.0,2
201,2016-04-26,7.5,7.72,7.31,7.63,198643.0,7.5,0.0,7.72,7.31,7.63,1.0,198643.0,1
202,2016-04-25,7.62,8.23,7.58,8.08,218014.0,7.62,0.0,8.23,7.58,8.08,1.0,218014.0,0
203,2016-04-22,8.1,8.18,7.8,8.02,148841.0,8.1,0.0,8.18,7.8,8.02,1.0,148841.0,4
204,2016-04-21,8.03,8.15,7.36,7.56,222082.0,8.03,0.0,8.15,7.36,7.56,1.0,222082.0,3
205,2016-04-20,7.57,7.99,7.5,7.98,411806.0,7.57,0.0,7.99,7.5,7.98,1.0,411806.0,2
206,2016-04-19,7.98,8.43,7.571000000000001,8.34,602499.0,7.98,0.0,8.43,7.571000000000001,8.34,1.0,602499.0,1
207,2016-04-18,8.19,9.69,8.01,9.36,1793005.0,8.19,0.0,9.69,8.01,9.36,1.0,1793005.0,0
208,2016-04-15,8.11,8.5,8.02,8.36,184365.0,8.11,0.0,8.5,8.02,8.36,1.0,184365.0,4
209,2016-04-14,8.39,8.53,8.07,8.07,221322.0,8.39,0.0,8.53,8.07,8.07,1.0,221322.0,3
210,2016-04-13,8.05,8.2,7.89,8.06,191838.0,8.05,0.0,8.2,7.89,8.06,1.0,191838.0,2
211,2016-04-12,8.01,8.27,7.57,7.73,501068.0,8.01,0.0,8.27,7.57,7.73,1.0,501068.0,1
212,2016-04-11,8.11,8.42,7.83,8.14,352842.0,8.11,0.0,8.42,7.83,8.14,1.0,352842.0,0
213,2016-04-08,8.17,8.24,7.72,8.0,249094.0,8.17,0.0,8.24,7.72,8.0,1.0,249094.0,4
214,2016-04-07,7.91,8.29,7.51,7.79,209666.0,7.91,0.0,8.29,7.51,7.79,1.0,209666.0,3
215,2016-04-06,7.85,7.99,7.12,7.12,213335.0,7.85,0.0,7.99,7.12,7.12,1.0,213335.0,2
216,2016-04-05,7.09,7.39,6.95,7.14,230234.0,7.09,0.0,7.39,6.95,7.14,1.0,230234.0,1
217,2016-04-04,7.22,7.415,6.91,7.04,169818.0,7.22,0.0,7.415,6.91,7.04,1.0,169818.0,0
218,2016-04-01,7.0,7.1,6.62,6.69,123450.0,7.0,0.0,7.1,6.62,6.69,1.0,123450.0,4
219,2016-03-31,6.77,7.11,6.29,6.66,205923.0,6.77,0.0,7.11,6.29,6.66,1.0,205923.0,3
220,2016-03-30,6.63,6.835,6.5,6.6,133658.0,6.63,0.0,6.835,6.5,6.6,1.0,133658.0,2
221,2016-03-29,6.5,6.55,5.78,5.98,171048.0,6.5,0.0,6.55,5.78,5.98,1.0,171048.0,1
222,2016-03-28,5.99,6.3497,5.88,6.27,151610.0,5.99,0.0,6.3497,5.88,6.27,1.0,151610.0,0
223,2016-03-24,6.23,6.28,5.61,5.75,261680.0,6.23,0.0,6.28,5.61,5.75,1.0,261680.0,3
224,2016-03-23,5.8,6.4,5.715,6.23,311062.0,5.8,0.0,6.4,5.715,6.23,1.0,311062.0,2
225,2016-03-22,6.24,6.3,5.78,6.09,277249.0,6.24,0.0,6.3,5.78,6.09,1.0,277249.0,1
226,2016-03-21,6.15,6.32,5.49,5.49,396421.0,6.15,0.0,6.32,5.49,5.49,1.0,396421.0,0
227,2016-03-18,5.5,5.69,5.26,5.49,333020.0,5.5,0.0,5.69,5.26,5.49,1.0,333020.0,4
228,2016-03-17,5.44,5.8,5.35,5.57,300687.0,5.44,0.0,5.8,5.35,5.57,1.0,300687.0,3
229,2016-03-16,5.57,5.87,5.28,5.41,404246.0,5.57,0.0,5.87,5.28,5.41,1.0,404246.0,2
230,2016-03-15,5.55,7.4,5.07,7.27,749090.0,5.55,0.0,7.4,5.07,7.27,1.0,749090.0,1
231,2016-03-14,7.52,7.8999,6.88,7.05,197745.0,7.52,0.0,7.8999,6.88,7.05,1.0,197745.0,0
232,2016-03-11,7.14,7.24,6.5701,6.87,88564.0,7.14,0.0,7.24,6.5701,6.87,1.0,88564.0,4
233,2016-03-10,6.76,7.27,6.62,7.06,104431.0,6.76,0.0,7.27,6.62,7.06,1.0,104431.0,3
234,2016-03-09,7.15,7.18,6.64,6.97,142469.0,7.15,0.0,7.18,6.64,6.97,1.0,142469.0,2
235,2016-03-08,6.94,7.76,6.89,7.46,246848.0,6.94,0.0,7.76,6.89,7.46,1.0,246848.0,1
236,2016-03-07,7.57,7.8,7.01,7.05,138653.0,7.57,0.0,7.8,7.01,7.05,1.0,138653.0,0
237,2016-03-04,7.16,7.59,6.82,6.97,282236.0,7.16,0.0,7.59,6.82,6.97,1.0,282236.0,4
238,2016-03-03,6.99,7.24,6.78,6.92,213967.0,6.99,0.0,7.24,6.78,6.92,1.0,213967.0,3
239,2016-03-02,6.92,7.4,6.77,7.25,798358.0,6.92,0.0,7.4,6.77,7.25,1.0,798358.0,2
240,2016-03-01,7.29,7.325,6.27,6.45,277190.0,7.29,0.0,7.325,6.27,6.45,1.0,277190.0,1
241,2016-02-29,6.39,6.94,6.34,6.68,204595.0,6.39,0.0,6.94,6.34,6.68,1.0,204595.0,0
242,2016-02-26,6.72,6.86,6.62,6.8,121158.0,6.72,0.0,6.86,6.62,6.8,1.0,121158.0,4
243,2016-02-25,6.77,6.84,6.4,6.4,145728.0,6.77,0.0,6.84,6.4,6.4,1.0,145728.0,3
244,2016-02-24,6.4,6.55,6.13,6.49,107182.0,6.4,0.0,6.55,6.13,6.49,1.0,107182.0,2
245,2016-02-23,6.55,7.52,6.51,7.09,176331.0,6.55,0.0,7.52,6.51,7.09,1.0,176331.0,1
246,2016-02-22,7.26,7.526,7.2,7.32,152526.0,7.26,0.0,7.526,7.2,7.32,1.0,152526.0,0
247,2016-02-19,7.2,7.45,7.11,7.29,116219.0,7.2,0.0,7.45,7.11,7.29,1.0,116219.0,4
248,2016-02-18,7.36,7.49,7.01,7.05,221912.0,7.36,0.0,7.49,7.01,7.05,1.0,221912.0,3
249,2016-02-17,7.08,7.43,6.96,7.26,262411.0,7.08,0.0,7.43,6.96,7.26,1.0,262411.0,2
250,2016-02-16,7.22,7.89,7.14,7.64,245579.0,7.22,0.0,7.89,7.14,7.64,1.0,245579.0,1
251,2016-02-12,7.21,8.54,6.88,7.27,425195.0,7.21,0.0,8.54,6.88,7.27,1.0,425195.0,4
252,2016-02-11,6.86,7.28,6.37,6.97,506137.0,6.86,0.0,7.28,6.37,6.97,1.0,506137.0,3
253,2016-02-10,7.16,7.71,7.02,7.54,262337.0,7.16,0.0,7.71,7.02,7.54,1.0,262337.0,2
254,2016-02-09,7.43,7.95,7.42,7.75,270799.0,7.43,0.0,7.95,7.42,7.75,1.0,270799.0,1
255,2016-02-08,7.95,9.6028,7.81,8.75,229357.0,7.95,0.0,9.6028,7.81,8.75,1.0,229357.0,0
256,2016-02-05,9.01,9.65,8.99,9.51,193267.0,9.01,0.0,9.65,8.99,9.51,1.0,193267.0,4
257,2016-02-04,9.58,10.02,9.04,9.29,108456.0,9.58,0.0,10.02,9.04,9.29,1.0,108456.0,3
258,2016-02-03,9.44,9.81,9.01,9.81,208100.0,9.44,0.0,9.81,9.01,9.81,1.0,208100.0,2
259,2016-02-02,9.7,10.09,9.55,9.79,77261.0,9.7,0.0,10.09,9.55,9.79,1.0,77261.0,1
260,2016-02-01,9.93,10.12,9.62,9.86,177804.0,9.93,0.0,10.12,9.62,9.86,1.0,177804.0,0
261,2016-01-29,9.98,10.07,9.23,9.52,216550.0,9.98,0.0,10.07,9.23,9.52,1.0,216550.0,4
262,2016-01-28,9.5,9.72,9.075,9.72,143655.0,9.5,0.0,9.72,9.075,9.72,1.0,143655.0,3
263,2016-01-27,9.6,10.24,9.44,10.11,115251.0,9.6,0.0,10.24,9.44,10.11,1.0,115251.0,2
264,2016-01-26,10.18,10.33,9.33,9.95,82175.0,10.18,0.0,10.33,9.33,9.95,1.0,82175.0,1
265,2016-01-25,9.93,10.545,9.85,10.17,160444.0,9.93,0.0,10.545,9.85,10.17,1.0,160444.0,0
266,2016-01-22,10.27,10.7,9.86,10.22,178304.0,10.27,0.0,10.7,9.86,10.22,1.0,178304.0,4
267,2016-01-21,9.93,11.47,9.77,10.28,170286.0,9.93,0.0,11.47,9.77,10.28,1.0,170286.0,3
268,2016-01-20,10.1,10.69,9.05,9.61,199318.0,10.1,0.0,10.69,9.05,9.61,1.0,199318.0,2
269,2016-01-19,9.87,10.54,9.62,10.45,149739.0,9.87,0.0,10.54,9.62,10.45,1.0,149739.0,1
270,2016-01-15,10.28,11.55,9.43,10.5,247052.0,10.28,0.0,11.55,9.43,10.5,1.0,247052.0,4
271,2016-01-14,11.19,11.8599,9.78,10.34,333923.0,11.19,0.0,11.8599,9.78,10.34,1.0,333923.0,3
272,2016-01-13,10.27,11.9,10.2,11.71,222956.0,10.27,0.0,11.9,10.2,11.71,1.0,222956.0,2
273,2016-01-12,11.65,12.4,10.97,11.42,109309.0,11.65,0.0,12.4,10.97,11.42,1.0,109309.0,1
274,2016-01-11,11.18,12.0,10.77,11.89,168131.0,11.18,0.0,12.0,10.77,11.89,1.0,168131.0,0
275,2016-01-08,11.79,12.37,11.54,12.01,90961.0,11.79,0.0,12.37,11.54,12.01,1.0,90961.0,4
276,2016-01-07,11.96,12.1001,11.36,12.07,139468.0,11.96,0.0,12.1001,11.36,12.07,1.0,139468.0,3
277,2016-01-06,12.38,12.69,12.21,12.39,147769.0,12.38,0.0,12.69,12.21,12.39,1.0,147769.0,2
278,2016-01-05,12.66,12.84,12.16,12.47,114749.0,12.66,0.0,12.84,12.16,12.47,1.0,114749.0,1
279,2016-01-04,12.47,13.41,12.4,13.2,172955.0,12.47,0.0,13.41,12.4,13.2,1.0,172955.0,0
280,2015-12-31,13.4,13.7,13.17,13.33,109046.0,13.4,0.0,13.7,13.17,13.33,1.0,109046.0,3
281,2015-12-30,13.41,14.01,13.22,13.66,90076.0,13.41,0.0,14.01,13.22,13.66,1.0,90076.0,2
282,2015-12-29,13.65,14.0,13.16,13.51,126302.0,13.65,0.0,14.0,13.16,13.51,1.0,126302.0,1
283,2015-12-28,13.37,13.78,13.02,13.64,119967.0,13.37,0.0,13.78,13.02,13.64,1.0,119967.0,0
284,2015-12-24,13.66,14.17,13.6,13.88,46049.0,13.66,0.0,14.17,13.6,13.88,1.0,46049.0,3
285,2015-12-23,13.98,14.55,13.8,14.19,87970.0,13.98,0.0,14.55,13.8,14.19,1.0,87970.0,2
286,2015-12-22,14.02,14.82,13.75,14.76,127666.0,14.02,0.0,14.82,13.75,14.76,1.0,127666.0,1
287,2015-12-21,14.65,14.99,13.98,14.29,201735.0,14.65,0.0,14.99,13.98,14.29,1.0,201735.0,0
288,2015-12-18,14.22,14.5,13.1,13.44,443177.0,14.22,0.0,14.5,13.1,13.44,1.0,443177.0,4
289,2015-12-17,13.42,14.15,11.94,12.3,427784.0,13.42,0.0,14.15,11.94,12.3,1.0,427784.0,3
290,2015-12-16,12.33,12.49,11.57,12.11,429953.0,12.33,0.0,12.49,11.57,12.11,1.0,429953.0,2
291,2015-12-15,11.98,13.14,11.81,12.51,278470.0,11.98,0.0,13.14,11.81,12.51,1.0,278470.0,1
292,2015-12-14,12.33,13.44,12.065,13.1,298324.0,12.33,0.0,13.44,12.065,13.1,1.0,298324.0,0
293,2015-12-11,12.98,13.52,12.42,13.05,106187.0,12.98,0.0,13.52,12.42,13.05,1.0,106187.0,4
294,2015-12-10,13.46,14.0,12.555,13.26,77348.0,13.46,0.0,14.0,12.555,13.26,1.0,77348.0,3
295,2015-12-09,13.32,14.66,12.82,13.34,111548.0,13.32,0.0,14.66,12.82,13.34,1.0,111548.0,2
296,2015-12-08,13.46,14.17,12.93,13.12,203620.0,13.46,0.0,14.17,12.93,13.12,1.0,203620.0,1
297,2015-12-07,13.29,14.29,13.08,14.29,167214.0,13.29,0.0,14.29,13.08,14.29,1.0,167214.0,0
298,2015-12-04,14.38,14.86,13.81,14.15,107785.0,14.38,0.0,14.86,13.81,14.15,1.0,107785.0,4
299,2015-12-03,14.15,14.4,13.424000000000001,14.4,151070.0,14.15,0.0,14.4,13.424000000000001,14.4,1.0,151070.0,3
300,2015-12-02,14.44,15.13,14.35,14.64,150324.0,14.44,0.0,15.13,14.35,14.64,1.0,150324.0,2
301,2015-12-01,14.69,14.86,14.07,14.81,125943.0,14.69,0.0,14.86,14.07,14.81,1.0,125943.0,1
302,2015-11-30,14.7,15.18,13.955,14.4,287087.0,14.7,0.0,15.18,13.955,14.4,1.0,287087.0,0
303,2015-11-27,14.4,14.48,13.97,14.28,53660.0,14.4,0.0,14.48,13.97,14.28,1.0,53660.0,4
304,2015-11-25,14.26,14.54,12.72,14.12,423716.0,14.26,0.0,14.54,12.72,14.12,1.0,423716.0,2
305,2015-11-24,14.09,14.86,13.7,14.52,153242.0,14.09,0.0,14.86,13.7,14.52,1.0,153242.0,1
306,2015-11-23,14.64,15.2,14.09,14.1,551682.0,14.64,0.0,15.2,14.09,14.1,1.0,551682.0,0
307,2015-11-20,13.67,13.72,12.76,13.15,240995.0,13.67,0.0,13.72,12.76,13.15,1.0,240995.0,4
308,2015-11-19,13.05,13.4595,12.77,13.37,123293.0,13.05,0.0,13.4595,12.77,13.37,1.0,123293.0,3
309,2015-11-18,13.34,13.55,12.005,12.3,174732.0,13.34,0.0,13.55,12.005,12.3,1.0,174732.0,2
310,2015-11-17,12.29,12.35,11.62,12.01,148931.0,12.29,0.0,12.35,11.62,12.01,1.0,148931.0,1
311,2015-11-16,12.02,12.52,11.6003,12.28,170719.0,12.02,0.0,12.52,11.6003,12.28,1.0,170719.0,0
312,2015-11-13,12.23,12.99,11.08,11.19,236028.0,12.23,0.0,12.99,11.08,11.19,1.0,236028.0,4
313,2015-11-12,11.31,11.68,11.17,11.58,110843.0,11.31,0.0,11.68,11.17,11.58,1.0,110843.0,3
314,2015-11-11,11.7,12.09,10.72,10.92,215165.0,11.7,0.0,12.09,10.72,10.92,1.0,215165.0,2
315,2015-11-10,10.94,11.99,10.31,11.3,317211.0,10.94,0.0,11.99,10.31,11.3,1.0,317211.0,1
316,2015-11-09,10.55,12.87,10.03,12.87,617868.0,10.55,0.0,12.87,10.03,12.87,1.0,617868.0,0
317,2015-11-06,11.06,11.35,10.54,10.89,111097.0,11.06,0.0,11.35,10.54,10.89,1.0,111097.0,4
318,2015-11-05,10.93,11.26,10.37,10.99,116973.0,10.93,0.0,11.26,10.37,10.99,1.0,116973.0,3
319,2015-11-04,11.0,11.25,10.88,11.0,193906.0,11.0,0.0,11.25,10.88,11.0,1.0,193906.0,2
320,2015-11-03,10.99,11.08,10.44,10.62,86274.0,10.99,0.0,11.08,10.44,10.62,1.0,86274.0,1
321,2015-11-02,10.68,10.94,10.15,10.28,184777.0,10.68,0.0,10.94,10.15,10.28,1.0,184777.0,0
322,2015-10-30,10.24,10.6,9.86,10.15,144245.0,10.24,0.0,10.6,9.86,10.15,1.0,144245.0,4
323,2015-10-29,10.14,11.22,9.96,10.81,96332.0,10.14,0.0,11.22,9.96,10.81,1.0,96332.0,3
324,2015-10-28,10.82,10.88,9.64,10.53,148081.0,10.82,0.0,10.88,9.64,10.53,1.0,148081.0,2
325,2015-10-27,10.54,10.75,10.12,10.4,115052.0,10.54,0.0,10.75,10.12,10.4,1.0,115052.0,1
326,2015-10-26,10.5,11.32,9.99,10.47,125538.0,10.5,0.0,11.32,9.99,10.47,1.0,125538.0,0
327,2015-10-23,10.27,11.23,10.14,10.43,221818.0,10.27,0.0,11.23,10.14,10.43,1.0,221818.0,4
328,2015-10-22,10.02,10.2,9.2,9.75,170199.0,10.02,0.0,10.2,9.2,9.75,1.0,170199.0,3
329,2015-10-21,9.71,10.22,9.25,10.09,127448.0,9.71,0.0,10.22,9.25,10.09,1.0,127448.0,2
330,2015-10-20,9.99,11.15,9.89,10.96,203427.0,9.99,0.0,11.15,9.89,10.96,1.0,203427.0,1
331,2015-10-19,11.01,12.130999999999998,10.805,11.64,125332.0,11.01,0.0,12.130999999999998,10.805,11.64,1.0,125332.0,0
332,2015-10-16,11.73,11.9,10.96,11.33,380927.0,11.73,0.0,11.9,10.96,11.33,1.0,380927.0,4
333,2015-10-15,11.33,11.35,9.66,9.93,185673.0,11.33,0.0,11.35,9.66,9.93,1.0,185673.0,3
334,2015-10-14,9.96,10.35,9.785,10.09,145224.0,9.96,0.0,10.35,9.785,10.09,1.0,145224.0,2
335,2015-10-13,10.03,10.69,10.0011,10.22,148204.0,10.03,0.0,10.69,10.0011,10.22,1.0,148204.0,1
336,2015-10-12,10.23,10.53,9.98,10.47,180517.0,10.23,0.0,10.53,9.98,10.47,1.0,180517.0,0
337,2015-10-09,10.36,10.52,10.05,10.39,114772.0,10.36,0.0,10.52,10.05,10.39,1.0,114772.0,4
338,2015-10-08,10.39,10.7,9.9501,10.44,245755.0,10.39,0.0,10.7,9.9501,10.44,1.0,245755.0,3
339,2015-10-07,10.39,10.47,9.5,10.01,203822.0,10.39,0.0,10.47,9.5,10.01,1.0,203822.0,2
340,2015-10-06,9.81,10.8,9.156,10.04,179560.0,9.81,0.0,10.8,9.156,10.04,1.0,179560.0,1
341,2015-10-05,10.1,10.26,9.12,9.12,293869.0,10.1,0.0,10.26,9.12,9.12,1.0,293869.0,0
342,2015-10-02,9.35,9.69,8.08,8.09,437547.0,9.35,0.0,9.69,8.08,8.09,1.0,437547.0,4
343,2015-10-01,8.2,9.03,8.15,9.01,341350.0,8.2,0.0,9.03,8.15,9.01,1.0,341350.0,3
344,2015-09-30,8.78,9.1,8.07,8.4,527579.0,8.78,0.0,9.1,8.07,8.4,1.0,527579.0,2
345,2015-09-29,8.38,10.17,8.215,8.73,636511.0,8.38,0.0,10.17,8.215,8.73,1.0,636511.0,1
346,2015-09-28,8.72,13.43,8.17,13.41,1522924.0,8.72,0.0,13.43,8.17,13.41,1.0,1522924.0,0
347,2015-09-25,13.43,15.55,13.12,15.38,283463.0,13.43,0.0,15.55,13.12,15.38,1.0,283463.0,4
348,2015-09-24,15.22,15.5699,14.6,15.25,189207.0,15.22,0.0,15.5699,14.6,15.25,1.0,189207.0,3
349,2015-09-23,15.34,16.38,15.27,15.73,225563.0,15.34,0.0,16.38,15.27,15.73,1.0,225563.0,2
350,2015-09-22,15.74,16.87,15.61,16.51,259682.0,15.74,0.0,16.87,15.61,16.51,1.0,259682.0,1
351,2015-09-21,16.71,18.19,16.15,18.0,284307.0,16.71,0.0,18.19,16.15,18.0,1.0,284307.0,0
352,2015-09-18,17.87,17.97,16.28,16.46,429666.0,17.87,0.0,17.97,16.28,16.46,1.0,429666.0,4
353,2015-09-17,16.75,16.98,15.8009,15.9,251218.0,16.75,0.0,16.98,15.8009,15.9,1.0,251218.0,3
354,2015-09-16,15.73,16.06,15.38,15.93,106134.0,15.73,0.0,16.06,15.38,15.93,1.0,106134.0,2
355,2015-09-15,15.97,16.33,15.82,16.16,157103.0,15.97,0.0,16.33,15.82,16.16,1.0,157103.0,1
356,2015-09-14,16.03,16.71,15.6,16.15,202925.0,16.03,0.0,16.71,15.6,16.15,1.0,202925.0,0
357,2015-09-11,16.0,16.13,15.39,15.39,180684.0,16.0,0.0,16.13,15.39,15.39,1.0,180684.0,4
358,2015-09-10,15.57,16.095,15.1911,15.56,111740.0,15.57,0.0,16.095,15.1911,15.56,1.0,111740.0,3
359,2015-09-09,15.61,16.65,15.41,16.65,212694.0,15.61,0.0,16.65,15.41,16.65,1.0,212694.0,2
360,2015-09-08,16.4,16.6,15.55,15.71,261045.0,16.4,0.0,16.6,15.55,15.71,1.0,261045.0,1
361,2015-09-04,15.39,15.43,14.05,14.05,279639.0,15.39,0.0,15.43,14.05,14.05,1.0,279639.0,4
362,2015-09-03,14.27,15.0344,14.22,14.54,244767.0,14.27,0.0,15.0344,14.22,14.54,1.0,244767.0,3
363,2015-09-02,14.47,14.6253,13.26,13.6,143122.0,14.47,0.0,14.6253,13.26,13.6,1.0,143122.0,2
364,2015-09-01,13.46,14.0,13.17,13.44,154410.0,13.46,0.0,14.0,13.17,13.44,1.0,154410.0,1
365,2015-08-31,13.68,14.0612,13.34,13.75,136303.0,13.68,0.0,14.0612,13.34,13.75,1.0,136303.0,0
366,2015-08-28,13.82,13.85,13.44,13.45,179633.0,13.82,0.0,13.85,13.44,13.45,1.0,179633.0,4
367,2015-08-27,13.52,13.54,12.71,13.28,204405.0,13.52,0.0,13.54,12.71,13.28,1.0,204405.0,3
368,2015-08-26,13.13,13.16,12.16,12.89,176146.0,13.13,0.0,13.16,12.16,12.89,1.0,176146.0,2
369,2015-08-25,12.53,13.11,12.24,13.11,257999.0,12.53,0.0,13.11,12.24,13.11,1.0,257999.0,1
370,2015-08-24,12.54,13.92,12.08,12.14,366276.0,12.54,0.0,13.92,12.08,12.14,1.0,366276.0,0
371,2015-08-21,12.57,12.93,11.51,11.92,151106.0,12.57,0.0,12.93,11.51,11.92,1.0,151106.0,4
372,2015-08-20,12.24,13.01,12.18,12.55,222885.0,12.24,0.0,13.01,12.18,12.55,1.0,222885.0,3
373,2015-08-19,12.92,13.56,12.68,13.3,175180.0,12.92,0.0,13.56,12.68,13.3,1.0,175180.0,2
374,2015-08-18,13.47,13.834000000000001,13.41,13.74,231791.0,13.47,0.0,13.834000000000001,13.41,13.74,1.0,231791.0,1
375,2015-08-17,13.78,14.59,12.77,13.15,202013.0,13.78,0.0,14.59,12.77,13.15,1.0,202013.0,0
376,2015-08-14,13.12,13.64,12.58,13.44,199506.0,13.12,0.0,13.64,12.58,13.44,1.0,199506.0,4
377,2015-08-13,13.45,14.09,13.27,13.68,174756.0,13.45,0.0,14.09,13.27,13.68,1.0,174756.0,3
378,2015-08-12,13.72,13.86,13.29,13.69,528142.0,13.72,0.0,13.86,13.29,13.69,1.0,528142.0,2
379,2015-08-11,13.84,14.8,13.66,13.88,221826.0,13.84,0.0,14.8,13.66,13.88,1.0,221826.0,1
380,2015-08-10,14.28,15.25,13.0,13.41,338508.0,14.28,0.0,15.25,13.0,13.41,1.0,338508.0,0
381,2015-08-07,13.37,14.0,12.91,13.95,285605.0,13.37,0.0,14.0,12.91,13.95,1.0,285605.0,4
382,2015-08-06,14.08,14.44,13.41,14.11,202624.0,14.08,0.0,14.44,13.41,14.11,1.0,202624.0,3
383,2015-08-05,14.14,14.56,13.93,14.32,118314.0,14.14,0.0,14.56,13.93,14.32,1.0,118314.0,2
384,2015-08-04,14.28,14.45,14.02,14.11,99163.0,14.28,0.0,14.45,14.02,14.11,1.0,99163.0,1
385,2015-08-03,14.12,14.425,13.53,13.96,124571.0,14.12,0.0,14.425,13.53,13.96,1.0,124571.0,0
386,2015-07-31,13.86,14.3,13.265,13.47,363930.0,13.86,0.0,14.3,13.265,13.47,1.0,363930.0,4
387,2015-07-30,13.46,13.66,13.13,13.62,201618.0,13.46,0.0,13.66,13.13,13.62,1.0,201618.0,3
388,2015-07-29,13.75,14.33,13.45,14.15,183047.0,13.75,0.0,14.33,13.45,14.15,1.0,183047.0,2
389,2015-07-28,14.22,14.55,13.21,13.99,397514.0,14.22,0.0,14.55,13.21,13.99,1.0,397514.0,1
390,2015-07-27,14.04,14.63,13.85,14.61,229120.0,14.04,0.0,14.63,13.85,14.61,1.0,229120.0,0
391,2015-07-24,14.69,15.7199,14.61,15.58,140385.0,14.69,0.0,15.7199,14.61,15.58,1.0,140385.0,4
392,2015-07-23,15.6,16.58,15.58,16.29,189241.0,15.6,0.0,16.58,15.58,16.29,1.0,189241.0,3
393,2015-07-22,16.31,16.69,14.7,14.94,420593.0,16.31,0.0,16.69,14.7,14.94,1.0,420593.0,2
394,2015-07-21,14.87,15.0301,14.55,14.94,270596.0,14.87,0.0,15.0301,14.55,14.94,1.0,270596.0,1
395,2015-07-20,14.88,15.23,14.87,15.13,216662.0,14.88,0.0,15.23,14.87,15.13,1.0,216662.0,0
396,2015-07-17,15.17,15.61,14.8,15.54,191310.0,15.17,0.0,15.61,14.8,15.54,1.0,191310.0,4
397,2015-07-16,15.34,15.8995,15.18,15.37,169486.0,15.34,0.0,15.8995,15.18,15.37,1.0,169486.0,3
398,2015-07-15,15.2,16.47,15.117,16.05,210551.0,15.2,0.0,16.47,15.117,16.05,1.0,210551.0,2
399,2015-07-14,16.09,16.25,15.42,15.46,234923.0,16.09,0.0,16.25,15.42,15.46,1.0,234923.0,1
400,2015-07-13,15.36,15.85,15.15,15.56,239293.0,15.36,0.0,15.85,15.15,15.56,1.0,239293.0,0
401,2015-07-10,15.42,15.55,15.01,15.26,349476.0,15.42,0.0,15.55,15.01,15.26,1.0,349476.0,4
402,2015-07-09,15.17,15.26,14.995,15.26,202723.0,15.17,0.0,15.26,14.995,15.26,1.0,202723.0,3
403,2015-07-08,15.04,15.27,14.98,15.26,237753.0,15.04,0.0,15.27,14.98,15.26,1.0,237753.0,2
404,2015-07-07,15.4,15.49,14.82,15.06,461353.0,15.4,0.0,15.49,14.82,15.06,1.0,461353.0,1
405,2015-07-06,15.05,15.315,14.800999999999998,15.2,278550.0,15.05,0.0,15.315,14.800999999999998,15.2,1.0,278550.0,0
406,2015-07-02,15.3,15.5,14.92,15.19,310205.0,15.3,0.0,15.5,14.92,15.19,1.0,310205.0,3
407,2015-07-01,15.08,15.53,14.83,15.14,462585.0,15.08,0.0,15.53,14.83,15.14,1.0,462585.0,2
408,2015-06-30,15.09,15.39,14.81,14.81,457454.0,15.09,0.0,15.39,14.81,14.81,1.0,457454.0,1
409,2015-06-29,15.0,15.64,14.8,15.0,553434.0,15.0,0.0,15.64,14.8,15.0,1.0,553434.0,0
410,2015-06-26,15.17,15.97,14.99,15.75,3099613.0,15.17,0.0,15.97,14.99,15.75,1.0,3099613.0,4
411,2015-06-25,15.84,16.79,15.56,16.67,489967.0,15.84,0.0,16.79,15.56,16.67,1.0,489967.0,3
412,2015-06-24,16.67,17.45,16.3,16.74,429652.0,16.67,0.0,17.45,16.3,16.74,1.0,429652.0,2
413,2015-06-23,16.46,16.66,16.014,16.18,239332.0,16.46,0.0,16.66,16.014,16.18,1.0,239332.0,1
414,2015-06-22,16.28,18.2,15.8,18.0,1291500.0,16.28,0.0,18.2,15.8,18.0,1.0,1291500.0,0
415,2015-06-19,16.73,17.0,16.46,16.83,271914.0,16.73,0.0,17.0,16.46,16.83,1.0,271914.0,4
416,2015-06-18,16.76,17.4699,16.61,16.82,512163.0,16.76,0.0,17.4699,16.61,16.82,1.0,512163.0,3
417,2015-06-17,16.84,16.95,16.36,16.95,254787.0,16.84,0.0,16.95,16.36,16.95,1.0,254787.0,2
418,2015-06-16,16.71,17.31,16.44,16.48,575553.0,16.71,0.0,17.31,16.44,16.48,1.0,575553.0,1
419,2015-06-15,16.51,17.3,16.25,17.0,520285.0,16.51,0.0,17.3,16.25,17.0,1.0,520285.0,0
420,2015-06-12,17.0,17.22,16.6,16.71,688146.0,17.0,0.0,17.22,16.6,16.71,1.0,688146.0,4
421,2015-06-11,16.85,19.4,16.5,18.25,3507132.0,16.85,0.0,19.4,16.5,18.25,1.0,3507132.0,3
422,2015-06-10,18.42,18.74,17.1,17.5,712750.0,18.42,0.0,18.74,17.1,17.5,1.0,712750.0,2
423,2015-06-09,18.08,18.8,17.4,17.75,414446.0,18.08,0.0,18.8,17.4,17.75,1.0,414446.0,1
424,2015-06-08,17.9,18.38,17.3001,18.31,527927.0,17.9,0.0,18.38,17.3001,18.31,1.0,527927.0,0
425,2015-06-05,18.49,18.8,17.5,17.81,984095.0,18.49,0.0,18.8,17.5,17.81,1.0,984095.0,4
426,2015-06-04,17.97,18.48,16.35,17.5,1302838.0,17.97,0.0,18.48,16.35,17.5,1.0,1302838.0,3
427,2015-06-03,17.7,18.18,14.7,15.38,2844698.0,17.7,0.0,18.18,14.7,15.38,1.0,2844698.0,2
428,2015-06-02,15.83,16.93,14.6,14.99,7289049.0,15.83,0.0,16.93,14.6,14.99,1.0,7289049.0,1
429,2015-06-01,14.9,15.64,10.5,11.0,4852987.0,14.9,0.0,15.64,10.5,11.0,1.0,4852987.0,0
430,2015-05-29,8.98,9.4,8.87,9.31,173095.0,8.98,0.0,9.4,8.87,9.31,1.0,173095.0,4
431,2015-05-28,9.33,9.85,9.25,9.58,348182.0,9.33,0.0,9.85,9.25,9.58,1.0,348182.0,3
432,2015-05-27,9.7,9.89,9.44,9.68,135059.0,9.7,0.0,9.89,9.44,9.68,1.0,135059.0,2
433,2015-05-26,9.62,9.67,9.36,9.5,124181.0,9.62,0.0,9.67,9.36,9.5,1.0,124181.0,1
434,2015-05-22,9.53,9.54,9.02,9.2,109778.0,9.53,0.0,9.54,9.02,9.2,1.0,109778.0,4
435,2015-05-21,9.18,9.39,9.08,9.37,97121.0,9.18,0.0,9.39,9.08,9.37,1.0,97121.0,3
436,2015-05-20,9.33,9.49,8.92,9.49,117606.0,9.33,0.0,9.49,8.92,9.49,1.0,117606.0,2
437,2015-05-19,9.1,9.74,8.94,9.1,85994.0,9.1,0.0,9.74,8.94,9.1,1.0,85994.0,1
438,2015-05-18,9.15,9.37,9.0,9.12,59122.0,9.15,0.0,9.37,9.0,9.12,1.0,59122.0,0
439,2015-05-15,9.21,9.35,8.76,9.35,89397.0,9.21,0.0,9.35,8.76,9.35,1.0,89397.0,4
440,2015-05-14,8.86,9.25,8.57,9.13,93412.0,8.86,0.0,9.25,8.57,9.13,1.0,93412.0,3
441,2015-05-13,8.88,9.39,8.81,9.24,119415.0,8.88,0.0,9.39,8.81,9.24,1.0,119415.0,2
442,2015-05-12,9.15,9.4,8.282,8.35,82275.0,9.15,0.0,9.4,8.282,8.35,1.0,82275.0,1
443,2015-05-11,9.23,9.53,9.11,9.43,99734.0,9.23,0.0,9.53,9.11,9.43,1.0,99734.0,0
444,2015-05-08,9.49,9.68,9.32,9.47,120229.0,9.49,0.0,9.68,9.32,9.47,1.0,120229.0,4
445,2015-05-07,9.45,9.54,9.1,9.25,114832.0,9.45,0.0,9.54,9.1,9.25,1.0,114832.0,3
446,2015-05-06,9.31,9.38,8.82,9.19,139602.0,9.31,0.0,9.38,8.82,9.19,1.0,139602.0,2
447,2015-05-05,9.26,9.44,9.11,9.44,92423.0,9.26,0.0,9.44,9.11,9.44,1.0,92423.0,1
448,2015-05-04,9.39,9.52,9.0776,9.1799,59073.0,9.39,0.0,9.52,9.0776,9.1799,1.0,59073.0,0
449,2015-05-01,9.12,9.14,8.53,8.77,148899.0,9.12,0.0,9.14,8.53,8.77,1.0,148899.0,4
450,2015-04-30,8.91,9.07,8.46,8.865,156686.0,8.91,0.0,9.07,8.46,8.865,1.0,156686.0,3
451,2015-04-29,8.48,9.06,8.3105,8.61,220112.0,8.48,0.0,9.06,8.3105,8.61,1.0,220112.0,2
452,2015-04-28,8.72,9.1,8.35,8.85,147275.0,8.72,0.0,9.1,8.35,8.85,1.0,147275.0,1
453,2015-04-27,8.95,9.54,8.8,9.48,106429.0,8.95,0.0,9.54,8.8,9.48,1.0,106429.0,0
454,2015-04-24,9.42,9.53,9.22,9.53,72722.0,9.42,0.0,9.53,9.22,9.53,1.0,72722.0,4
455,2015-04-23,9.58,9.97,9.36,9.9,121421.0,9.58,0.0,9.97,9.36,9.9,1.0,121421.0,3
456,2015-04-22,9.92,10.42,9.6103,10.28,144798.0,9.92,0.0,10.42,9.6103,10.28,1.0,144798.0,2
457,2015-04-21,10.22,10.7,10.05,10.45,149830.0,10.22,0.0,10.7,10.05,10.45,1.0,149830.0,1
458,2015-04-20,10.38,10.8,9.96,10.2,101603.0,10.38,0.0,10.8,9.96,10.2,1.0,101603.0,0
459,2015-04-17,10.23,10.33,9.84,10.33,115470.0,10.23,0.0,10.33,9.84,10.33,1.0,115470.0,4
460,2015-04-16,10.39,10.55,10.21,10.5,198462.0,10.39,0.0,10.55,10.21,10.5,1.0,198462.0,3
461,2015-04-15,10.53,10.719000000000001,10.18,10.48,166751.0,10.53,0.0,10.719000000000001,10.18,10.48,1.0,166751.0,2
462,2015-04-14,10.52,10.85,10.19,10.46,239506.0,10.52,0.0,10.85,10.19,10.46,1.0,239506.0,1
463,2015-04-13,10.49,10.74,10.27,10.55,216389.0,10.49,0.0,10.74,10.27,10.55,1.0,216389.0,0
464,2015-04-10,10.55,10.86,10.38,10.81,238800.0,10.55,0.0,10.86,10.38,10.81,1.0,238800.0,4
465,2015-04-09,10.75,10.89,10.03,10.35,183451.0,10.75,0.0,10.89,10.03,10.35,1.0,183451.0,3
466,2015-04-08,10.35,11.07,9.9,10.43,314798.0,10.35,0.0,11.07,9.9,10.43,1.0,314798.0,2
467,2015-04-07,10.36,10.92,10.27,10.59,190365.0,10.36,0.0,10.92,10.27,10.59,1.0,190365.0,1
468,2015-04-06,10.59,10.72,10.05,10.1,151403.0,10.59,0.0,10.72,10.05,10.1,1.0,151403.0,0
469,2015-04-02,10.2,10.5,10.02,10.42,199923.0,10.2,0.0,10.5,10.02,10.42,1.0,199923.0,3
470,2015-04-01,10.37,10.865,9.9,9.99,313748.0,10.37,0.0,10.865,9.9,9.99,1.0,313748.0,2
471,2015-03-31,9.95,10.0,9.5,9.75,140773.0,9.95,0.0,10.0,9.5,9.75,1.0,140773.0,1
472,2015-03-30,9.7,9.93,9.44,9.75,131378.0,9.7,0.0,9.93,9.44,9.75,1.0,131378.0,0
473,2015-03-27,9.46,9.998,9.28,9.73,236563.0,9.46,0.0,9.998,9.28,9.73,1.0,236563.0,4
474,2015-03-26,9.48,9.93,9.051,9.46,157287.0,9.48,0.0,9.93,9.051,9.46,1.0,157287.0,3
475,2015-03-25,9.33,10.73,9.13,9.75,394299.0,9.33,0.0,10.73,9.13,9.75,1.0,394299.0,2
476,2015-03-24,9.4,9.49,8.664,9.08,281493.0,9.4,0.0,9.49,8.664,9.08,1.0,281493.0,1
477,2015-03-23,8.99,9.23,8.92,9.11,95592.0,8.99,0.0,9.23,8.92,9.11,1.0,95592.0,0
478,2015-03-20,9.03,9.05,8.57,8.72,212075.0,9.03,0.0,9.05,8.57,8.72,1.0,212075.0,4
479,2015-03-19,8.7,9.2,8.6201,8.95,136988.0,8.7,0.0,9.2,8.6201,8.95,1.0,136988.0,3
480,2015-03-18,8.84,9.79,8.6,9.68,775571.0,8.84,0.0,9.79,8.6,9.68,1.0,775571.0,2
481,2015-03-17,7.92,7.95,7.31,7.56,37335.0,7.92,0.0,7.95,7.31,7.56,1.0,37335.0,1
482,2015-03-16,7.5,7.68,7.3,7.4,12643.0,7.5,0.0,7.68,7.3,7.4,1.0,12643.0,0
483,2015-03-13,7.39,7.4975,7.16,7.355,5945.0,7.39,0.0,7.4975,7.16,7.355,1.0,5945.0,4
484,2015-03-12,7.33,7.48,7.14,7.48,12689.0,7.33,0.0,7.48,7.14,7.48,1.0,12689.0,3
485,2015-03-11,7.58,7.63,7.29,7.63,18688.0,7.58,0.0,7.63,7.29,7.63,1.0,18688.0,2
486,2015-03-10,7.5,7.51,7.3,7.39,21076.0,7.5,0.0,7.51,7.3,7.39,1.0,21076.0,1
487,2015-03-09,7.5,7.6501,7.31,7.59,8962.0,7.5,0.0,7.6501,7.31,7.59,1.0,8962.0,0
488,2015-03-06,7.58,7.6852,7.3,7.6852,30325.0,7.58,0.0,7.6852,7.3,7.6852,1.0,30325.0,4
489,2015-03-05,7.85,8.0,7.6,7.77,12301.0,7.85,0.0,8.0,7.6,7.77,1.0,12301.0,3
490,2015-03-04,7.78,7.99,7.29,7.51,37812.0,7.78,0.0,7.99,7.29,7.51,1.0,37812.0,2
491,2015-03-03,7.5,8.037,7.5,8.03,21364.0,7.5,0.0,8.037,7.5,8.03,1.0,21364.0,1
492,2015-03-02,8.05,9.1,8.0401,9.1,39472.0,8.05,0.0,9.1,8.0401,9.1,1.0,39472.0,0
493,2015-02-27,8.54,8.61,8.32,8.6,16854.0,8.54,0.0,8.61,8.32,8.6,1.0,16854.0,4
494,2015-02-26,8.63,9.2299,8.55,8.76,22856.0,8.63,0.0,9.2299,8.55,8.76,1.0,22856.0,3
495,2015-02-25,8.51,8.71,7.91,7.99,44451.0,8.51,0.0,8.71,7.91,7.99,1.0,44451.0,2
496,2015-02-24,7.8,7.98,7.32,7.39,97526.0,7.8,0.0,7.98,7.32,7.39,1.0,97526.0,1
497,2015-02-23,7.29,7.33,7.05,7.25,60404.0,7.29,0.0,7.33,7.05,7.25,1.0,60404.0,0
498,2015-02-20,7.17,7.29,6.905,6.905,7008.0,7.17,0.0,7.29,6.905,6.905,1.0,7008.0,4
499,2015-02-19,6.91,7.15,6.87,6.95,21785.0,6.91,0.0,7.15,6.87,6.95,1.0,21785.0,3
500,2015-02-18,7.02,7.21,6.95,7.005,25643.0,7.02,0.0,7.21,6.95,7.005,1.0,25643.0,2
501,2015-02-17,6.9,7.11,6.81,7.01,25483.0,6.9,0.0,7.11,6.81,7.01,1.0,25483.0,1
502,2015-02-13,6.91,7.08,6.6,6.91,17782.0,6.91,0.0,7.08,6.6,6.91,1.0,17782.0,4
503,2015-02-12,6.85,7.14,6.8,7.14,21122.0,6.85,0.0,7.14,6.8,7.14,1.0,21122.0,3
504,2015-02-11,7.09,7.09,6.85,6.89,18544.0,7.09,0.0,7.09,6.85,6.89,1.0,18544.0,2
505,2015-02-10,6.88,7.0,6.88,7.0,4843.0,6.88,0.0,7.0,6.88,7.0,1.0,4843.0,1
506,2015-02-09,6.98,7.0,6.69,6.69,13887.0,6.98,0.0,7.0,6.69,6.69,1.0,13887.0,0
507,2015-02-06,6.69,6.89,6.63,6.68,15970.0,6.69,0.0,6.89,6.63,6.68,1.0,15970.0,4
508,2015-02-05,6.64,6.97,6.6,6.97,31381.0,6.64,0.0,6.97,6.6,6.97,1.0,31381.0,3
509,2015-02-04,6.71,6.76,6.63,6.67,15285.0,6.71,0.0,6.76,6.63,6.67,1.0,15285.0,2
510,2015-02-03,6.71,6.75,6.59,6.6001,20829.0,6.71,0.0,6.75,6.59,6.6001,1.0,20829.0,1
511,2015-02-02,6.65,6.89,6.63,6.81,11085.0,6.65,0.0,6.89,6.63,6.81,1.0,11085.0,0
512,2015-01-30,6.8,6.9,6.59,6.69,27793.0,6.8,0.0,6.9,6.59,6.69,1.0,27793.0,4
513,2015-01-29,6.67,6.82,6.61,6.7,12781.0,6.67,0.0,6.82,6.61,6.7,1.0,12781.0,3
514,2015-01-28,6.82,6.9,6.65,6.85,22133.0,6.82,0.0,6.9,6.65,6.85,1.0,22133.0,2
515,2015-01-27,6.9,6.99,6.75,6.95,11790.0,6.9,0.0,6.99,6.75,6.95,1.0,11790.0,1
516,2015-01-26,6.9,7.0,6.85,6.9,36411.0,6.9,0.0,7.0,6.85,6.9,1.0,36411.0,0
517,2015-01-23,6.86,7.12,6.75,7.0739,58762.0,6.86,0.0,7.12,6.75,7.0739,1.0,58762.0,4
518,2015-01-22,6.99,6.99,6.52,6.77,12246.0,6.99,0.0,6.99,6.52,6.77,1.0,12246.0,3
519,2015-01-21,6.86,7.0,6.54,6.7701,38893.0,6.86,0.0,7.0,6.54,6.7701,1.0,38893.0,2
520,2015-01-20,6.91,7.5,6.76,7.23,44023.0,6.91,0.0,7.5,6.76,7.23,1.0,44023.0,1
521,2015-01-16,7.13,7.24,7.0,7.02,14088.0,7.13,0.0,7.24,7.0,7.02,1.0,14088.0,4
522,2015-01-15,7.0,7.0,6.6,6.68,9360.0,7.0,0.0,7.0,6.6,6.68,1.0,9360.0,3
523,2015-01-14,6.58,6.69,6.42,6.55,22500.0,6.58,0.0,6.69,6.42,6.55,1.0,22500.0,2
524,2015-01-13,6.5,6.69,6.41,6.5101,34172.0,6.5,0.0,6.69,6.41,6.5101,1.0,34172.0,1
525,2015-01-12,6.59,6.69,6.5128,6.5128,13394.0,6.59,0.0,6.69,6.5128,6.5128,1.0,13394.0,0
526,2015-01-09,6.5,6.72,6.5,6.6,16754.0,6.5,0.0,6.72,6.5,6.6,1.0,16754.0,4
527,2015-01-08,6.58,6.73,6.5,6.59,30062.0,6.58,0.0,6.73,6.5,6.59,1.0,30062.0,3
528,2015-01-07,6.56,6.73,6.51,6.6,19084.0,6.56,0.0,6.73,6.51,6.6,1.0,19084.0,2
529,2015-01-06,6.58,7.03,6.5,6.53,47531.0,6.58,0.0,7.03,6.5,6.53,1.0,47531.0,1
530,2015-01-05,6.66,6.855,6.46,6.72,47270.0,6.66,0.0,6.855,6.46,6.72,1.0,47270.0,0
531,2015-01-02,6.86,6.92,6.704,6.92,18923.0,6.86,0.0,6.92,6.704,6.92,1.0,18923.0,4
532,2014-12-31,6.85,6.85,6.5778,6.6999,25516.0,6.85,0.0,6.85,6.5778,6.6999,1.0,25516.0,2
533,2014-12-30,6.67,6.94,6.5,6.94,27767.0,6.67,0.0,6.94,6.5,6.94,1.0,27767.0,1
534,2014-12-29,6.74,7.09,6.6,7.0,158175.0,6.74,0.0,7.09,6.6,7.0,1.0,158175.0,0
535,2014-12-26,6.54,6.83,6.49,6.71,12405.0,6.54,0.0,6.83,6.49,6.71,1.0,12405.0,4
536,2014-12-24,6.7,6.8,6.68,6.8,805.0,6.7,0.0,6.8,6.68,6.8,1.0,805.0,2
537,2014-12-23,6.69,6.7985,6.343999999999999,6.53,35514.0,6.69,0.0,6.7985,6.343999999999999,6.53,1.0,35514.0,1
538,2014-12-22,6.95,6.95,6.95,6.95,421.0,6.95,0.0,6.95,6.95,6.95,1.0,421.0,0
539,2014-12-19,6.78,6.78,6.4,6.4,11420.0,6.78,0.0,6.78,6.4,6.4,1.0,11420.0,4
540,2014-12-18,6.53,6.96,6.39,6.62,19890.0,6.53,0.0,6.96,6.39,6.62,1.0,19890.0,3
541,2014-12-17,6.56,6.73,6.5,6.52,7075.0,6.56,0.0,6.73,6.5,6.52,1.0,7075.0,2
542,2014-12-16,6.62,6.76,6.36,6.61,11268.0,6.62,0.0,6.76,6.36,6.61,1.0,11268.0,1
543,2014-12-15,6.28,6.8,6.28,6.72,30156.0,6.28,0.0,6.8,6.28,6.72,1.0,30156.0,0
544,2014-12-12,6.75,6.93,6.53,6.75,18122.0,6.75,0.0,6.93,6.53,6.75,1.0,18122.0,4
545,2014-12-11,6.93,6.97,6.75,6.75,27216.0,6.93,0.0,6.97,6.75,6.75,1.0,27216.0,3
546,2014-12-10,6.843,6.843,6.5887,6.8,7131.0,6.843,0.0,6.843,6.5887,6.8,1.0,7131.0,2
547,2014-12-09,6.65,6.79,6.5,6.77,7631.0,6.65,0.0,6.79,6.5,6.77,1.0,7631.0,1
548,2014-12-08,6.69,6.97,6.69,6.82,8848.0,6.69,0.0,6.97,6.69,6.82,1.0,8848.0,0
549,2014-12-05,6.76,6.9,6.64,6.7703,8676.0,6.76,0.0,6.9,6.64,6.7703,1.0,8676.0,4
550,2014-12-04,6.8,6.91,6.33,6.75,8503.0,6.8,0.0,6.91,6.33,6.75,1.0,8503.0,3
551,2014-12-03,6.76,6.9,6.3020000000000005,6.55,13957.0,6.76,0.0,6.9,6.3020000000000005,6.55,1.0,13957.0,2
552,2014-12-02,6.75,6.9899,6.75,6.9899,9914.0,6.75,0.0,6.9899,6.75,6.9899,1.0,9914.0,1
553,2014-12-01,6.965,7.07,6.69,6.69,48056.0,6.965,0.0,7.07,6.69,6.69,1.0,48056.0,0
554,2014-11-28,6.74,6.89,6.56,6.87,18165.0,6.74,0.0,6.89,6.56,6.87,1.0,18165.0,4
555,2014-11-26,6.67,6.9899,6.55,6.9899,36429.0,6.67,0.0,6.9899,6.55,6.9899,1.0,36429.0,2
556,2014-11-25,6.95,6.95,6.54,6.54,3847.0,6.95,0.0,6.95,6.54,6.54,1.0,3847.0,1
557,2014-11-24,6.5,6.7,6.425,6.425,13347.0,6.5,0.0,6.7,6.425,6.425,1.0,13347.0,0
558,2014-11-21,6.48,6.5,6.4,6.44,7790.0,6.48,0.0,6.5,6.4,6.44,1.0,7790.0,4
559,2014-11-20,6.28,6.55,6.25,6.33,12176.0,6.28,0.0,6.55,6.25,6.33,1.0,12176.0,3
560,2014-11-19,6.5,6.74,6.26,6.74,10651.0,6.5,0.0,6.74,6.26,6.74,1.0,10651.0,2
561,2014-11-18,6.6,6.947,6.55,6.61,12839.0,6.6,0.0,6.947,6.55,6.61,1.0,12839.0,1
562,2014-11-17,6.58,6.78,6.56,6.69,5653.0,6.58,0.0,6.78,6.56,6.69,1.0,5653.0,0
563,2014-11-14,6.63,6.88,6.58,6.7,11572.0,6.63,0.0,6.88,6.58,6.7,1.0,11572.0,4
564,2014-11-13,6.76,6.85,6.55,6.76,20936.0,6.76,0.0,6.85,6.55,6.76,1.0,20936.0,3
565,2014-11-12,6.72,6.8,6.53,6.7,22261.0,6.72,0.0,6.8,6.53,6.7,1.0,22261.0,2
566,2014-11-11,6.8,6.83,6.5801,6.65,20068.0,6.8,0.0,6.83,6.5801,6.65,1.0,20068.0,1
567,2014-11-10,6.69,7.099,6.56,6.62,20241.0,6.69,0.0,7.099,6.56,6.62,1.0,20241.0,0
568,2014-11-07,6.6516,6.95,6.52,6.71,23254.0,6.6516,0.0,6.95,6.52,6.71,1.0,23254.0,4
569,2014-11-06,6.6,6.745,6.57,6.72,15451.0,6.6,0.0,6.745,6.57,6.72,1.0,15451.0,3
570,2014-11-05,6.52,6.78,6.51,6.7,48216.0,6.52,0.0,6.78,6.51,6.7,1.0,48216.0,2
571,2014-11-04,6.74,6.9842,6.55,6.79,43439.0,6.74,0.0,6.9842,6.55,6.79,1.0,43439.0,1
572,2014-11-03,6.79,6.9451,6.79,6.9451,1716.0,6.79,0.0,6.9451,6.79,6.9451,1.0,1716.0,0
573,2014-10-31,6.92,7.17,6.76,6.92,40562.0,6.92,0.0,7.17,6.76,6.92,1.0,40562.0,4
574,2014-10-30,6.85,6.85,6.73,6.75,1182.0,6.85,0.0,6.85,6.73,6.75,1.0,1182.0,3
575,2014-10-29,6.84,6.98,6.82,6.92,1750.0,6.84,0.0,6.98,6.82,6.92,1.0,1750.0,2
576,2014-10-28,7.01,7.16,6.7175,7.09,13138.0,7.01,0.0,7.16,6.7175,7.09,1.0,13138.0,1
577,2014-10-27,7.02,7.2,7.02,7.17,2309.0,7.02,0.0,7.2,7.02,7.17,1.0,2309.0,0
578,2014-10-24,7.12,7.149,6.73,6.94,8723.0,7.12,0.0,7.149,6.73,6.94,1.0,8723.0,4
579,2014-10-23,6.7,7.2,6.7,6.87,21509.0,6.7,0.0,7.2,6.7,6.87,1.0,21509.0,3
580,2014-10-22,6.98,6.98,6.6,6.91,33268.0,6.98,0.0,6.98,6.6,6.91,1.0,33268.0,2
581,2014-10-21,6.97,7.4899,6.655,7.4899,29785.0,6.97,0.0,7.4899,6.655,7.4899,1.0,29785.0,1
582,2014-10-20,6.96,7.74,6.51,6.75,18282.0,6.96,0.0,7.74,6.51,6.75,1.0,18282.0,0
583,2014-10-17,6.76,7.07,6.52,6.82,15225.0,6.76,0.0,7.07,6.52,6.82,1.0,15225.0,4
584,2014-10-16,6.75,7.12,6.51,6.57,33534.0,6.75,0.0,7.12,6.51,6.57,1.0,33534.0,3
585,2014-10-15,6.55,7.0199,6.544,7.0,10306.0,6.55,0.0,7.0199,6.544,7.0,1.0,10306.0,2
586,2014-10-14,6.74,7.0,6.54,6.877999999999999,32979.0,6.74,0.0,7.0,6.54,6.877999999999999,1.0,32979.0,1
587,2014-10-13,7.0,7.12,6.95,7.07,8039.0,7.0,0.0,7.12,6.95,7.07,1.0,8039.0,0
588,2014-10-10,6.94,7.24,6.51,6.5101,13101.0,6.94,0.0,7.24,6.51,6.5101,1.0,13101.0,4
589,2014-10-09,7.05,7.265,6.94,6.9479999999999995,18184.0,7.05,0.0,7.265,6.94,6.9479999999999995,1.0,18184.0,3
590,2014-10-08,7.29,7.4,7.0,7.0,21843.0,7.29,0.0,7.4,7.0,7.0,1.0,21843.0,2
591,2014-10-07,7.45,7.64,6.85,7.28,16406.0,7.45,0.0,7.64,6.85,7.28,1.0,16406.0,1
592,2014-10-06,7.33,7.8,7.15,7.56,31366.0,7.33,0.0,7.8,7.15,7.56,1.0,31366.0,0
593,2014-10-03,7.35,7.64,6.95,7.05,14727.0,7.35,0.0,7.64,6.95,7.05,1.0,14727.0,4
594,2014-10-02,7.0,7.75,6.84,7.42,43401.0,7.0,0.0,7.75,6.84,7.42,1.0,43401.0,3
595,2014-10-01,7.37,8.2,7.16,8.2,31207.0,7.37,0.0,8.2,7.16,8.2,1.0,31207.0,2
596,2014-09-30,8.06,8.06,7.38,7.95,29035.0,8.06,0.0,8.06,7.38,7.95,1.0,29035.0,1
597,2014-09-29,7.83,7.83,7.01,7.56,93743.0,7.83,0.0,7.83,7.01,7.56,1.0,93743.0,0
598,2014-09-26,7.54,7.66,7.12,7.2,32988.0,7.54,0.0,7.66,7.12,7.2,1.0,32988.0,4
599,2014-09-25,7.34,7.59,7.2,7.46,15909.0,7.34,0.0,7.59,7.2,7.46,1.0,15909.0,3
600,2014-09-24,7.51,7.56,6.92,7.011,20351.0,7.51,0.0,7.56,6.92,7.011,1.0,20351.0,2
601,2014-09-23,6.99,7.01,6.8,7.01,26900.0,6.99,0.0,7.01,6.8,7.01,1.0,26900.0,1
602,2014-09-22,7.12,7.35,6.805,7.14,46500.0,7.12,0.0,7.35,6.805,7.14,1.0,46500.0,0
603,2014-09-19,7.09,8.21,7.02,7.94,185000.0,7.09,0.0,8.21,7.02,7.94,1.0,185000.0,4
604,2014-09-18,7.88,8.0,7.65,7.99,34300.0,7.88,0.0,8.0,7.65,7.99,1.0,34300.0,3
605,2014-09-17,7.99,8.0,7.83,7.97,9100.0,7.99,0.0,8.0,7.83,7.97,1.0,9100.0,2
606,2014-09-16,7.89,7.99,7.77,7.77,16500.0,7.89,0.0,7.99,7.77,7.77,1.0,16500.0,1
607,2014-09-15,7.77,7.94,7.52,7.94,22600.0,7.77,0.0,7.94,7.52,7.94,1.0,22600.0,0
608,2014-09-12,8.0,8.0,7.57,7.57,20500.0,8.0,0.0,8.0,7.57,7.57,1.0,20500.0,4
609,2014-09-11,7.98,7.99,7.46,7.76,32200.0,7.98,0.0,7.99,7.46,7.76,1.0,32200.0,3
610,2014-09-10,7.84,8.0,7.7,7.93,26000.0,7.84,0.0,8.0,7.7,7.93,1.0,26000.0,2
611,2014-09-09,7.99,8.2,7.86,7.88,44300.0,7.99,0.0,8.2,7.86,7.88,1.0,44300.0,1
612,2014-09-08,7.9,8.0,7.41,7.49,126000.0,7.9,0.0,8.0,7.41,7.49,1.0,126000.0,0
613,2014-09-05,7.46,7.55,7.291,7.291,3400.0,7.46,0.0,7.55,7.291,7.291,1.0,3400.0,4
614,2014-09-04,7.4919,7.5,7.41,7.5,4200.0,7.4919,0.0,7.5,7.41,7.5,1.0,4200.0,3
615,2014-09-03,7.5,7.59,7.4177,7.42,4600.0,7.5,0.0,7.59,7.4177,7.42,1.0,4600.0,2
616,2014-09-02,7.47,7.6,7.4,7.44,28400.0,7.47,0.0,7.6,7.4,7.44,1.0,28400.0,1
617,2014-08-29,7.5,7.7,7.32,7.53,23900.0,7.5,0.0,7.7,7.32,7.53,1.0,23900.0,4
618,2014-08-28,7.52,7.52,7.37,7.402,28400.0,7.52,0.0,7.52,7.37,7.402,1.0,28400.0,3
619,2014-08-27,7.54,7.69,7.36,7.69,22500.0,7.54,0.0,7.69,7.36,7.69,1.0,22500.0,2
620,2014-08-26,7.73,7.73,7.3812,7.51,13600.0,7.73,0.0,7.73,7.3812,7.51,1.0,13600.0,1
621,2014-08-25,7.5,7.575,7.5,7.56,5700.0,7.5,0.0,7.575,7.5,7.56,1.0,5700.0,0
622,2014-08-22,7.54,7.555,7.5,7.51,4600.0,7.54,0.0,7.555,7.5,7.51,1.0,4600.0,4
623,2014-08-21,7.51,7.6,7.51,7.55,11300.0,7.51,0.0,7.6,7.51,7.55,1.0,11300.0,3
624,2014-08-20,7.58,7.6,7.57,7.57,3800.0,7.58,0.0,7.6,7.57,7.57,1.0,3800.0,2
625,2014-08-19,7.55,7.565,7.51,7.52,4800.0,7.55,0.0,7.565,7.51,7.52,1.0,4800.0,1
626,2014-08-18,7.52,7.5501,7.52,7.54,1800.0,7.52,0.0,7.5501,7.52,7.54,1.0,1800.0,0
627,2014-08-15,7.5,7.62,7.47,7.6,11700.0,7.5,0.0,7.62,7.47,7.6,1.0,11700.0,4
628,2014-08-14,7.59,7.75,7.49,7.74,16100.0,7.59,0.0,7.75,7.49,7.74,1.0,16100.0,3
629,2014-08-13,7.55,7.7,7.42,7.55,35100.0,7.55,0.0,7.7,7.42,7.55,1.0,35100.0,2
630,2014-08-12,7.6,7.74,7.42,7.56,58900.0,7.6,0.0,7.74,7.42,7.56,1.0,58900.0,1
631,2014-08-11,7.59,7.85,7.52,7.74,46800.0,7.59,0.0,7.85,7.52,7.74,1.0,46800.0,0
632,2014-08-08,7.73,8.185,7.6275,8.185,7500.0,7.73,0.0,8.185,7.6275,8.185,1.0,7500.0,4
633,2014-08-07,7.8,7.9631,7.6,7.7499,16400.0,7.8,0.0,7.9631,7.6,7.7499,1.0,16400.0,3
634,2014-08-06,7.75,8.0,7.75,7.96,43000.0,7.75,0.0,8.0,7.75,7.96,1.0,43000.0,2
635,2014-08-05,7.97,8.769,7.8,7.97,9500.0,7.97,0.0,8.769,7.8,7.97,1.0,9500.0,1
636,2014-08-04,7.98,8.0,7.49,7.95,14800.0,7.98,0.0,8.0,7.49,7.95,1.0,14800.0,0
637,2014-08-01,7.99,8.24,7.56,8.17,9100.0,7.99,0.0,8.24,7.56,8.17,1.0,9100.0,4
638,2014-07-31,8.12,8.39,7.11,8.14,256000.0,8.12,0.0,8.39,7.11,8.14,1.0,256000.0,3
639,2014-07-30,8.18,8.26,8.03,8.26,15100.0,8.18,0.0,8.26,8.03,8.26,1.0,15100.0,2
640,2014-07-29,8.2,8.5,8.11,8.25,18000.0,8.2,0.0,8.5,8.11,8.25,1.0,18000.0,1
641,2014-07-28,8.33,8.4295,8.06,8.37,16300.0,8.33,0.0,8.4295,8.06,8.37,1.0,16300.0,0
642,2014-07-25,8.4,8.41,8.25,8.33,4800.0,8.4,0.0,8.41,8.25,8.33,1.0,4800.0,4
643,2014-07-24,8.39,8.46,8.17,8.17,8500.0,8.39,0.0,8.46,8.17,8.17,1.0,8500.0,3
644,2014-07-23,8.42,8.5,8.13,8.36,2400.0,8.42,0.0,8.5,8.13,8.36,1.0,2400.0,2
645,2014-07-22,8.345,8.56,8.17,8.53,17000.0,8.345,0.0,8.56,8.17,8.53,1.0,17000.0,1
646,2014-07-21,8.59,8.95,8.001,8.95,33800.0,8.59,0.0,8.95,8.001,8.95,1.0,33800.0,0
647,2014-07-18,8.9,9.0,8.83,8.88,2400.0,8.9,0.0,9.0,8.83,8.88,1.0,2400.0,4
648,2014-07-17,8.87,9.23,8.8,9.14,158500.0,8.87,0.0,9.23,8.8,9.14,1.0,158500.0,3
649,2014-07-16,9.16,9.45,8.84,8.84,46800.0,9.16,0.0,9.45,8.84,8.84,1.0,46800.0,2
650,2014-07-15,9.25,9.41,8.855,8.95,19900.0,9.25,0.0,9.41,8.855,8.95,1.0,19900.0,1
651,2014-07-14,9.0,9.12,8.88,9.07,6600.0,9.0,0.0,9.12,8.88,9.07,1.0,6600.0,0
652,2014-07-11,9.12,9.36,8.9,8.96,10600.0,9.12,0.0,9.36,8.9,8.96,1.0,10600.0,4
653,2014-07-10,9.0,9.15,8.89,9.06,44600.0,9.0,0.0,9.15,8.89,9.06,1.0,44600.0,3
654,2014-07-09,9.12,9.43,8.9501,9.19,7700.0,9.12,0.0,9.43,8.9501,9.19,1.0,7700.0,2
655,2014-07-08,9.235,9.35,9.01,9.17,35300.0,9.235,0.0,9.35,9.01,9.17,1.0,35300.0,1
656,2014-07-07,9.11,9.325,8.82,9.2,29400.0,9.11,0.0,9.325,8.82,9.2,1.0,29400.0,0
657,2014-07-03,9.28,9.49,9.06,9.18,4400.0,9.28,0.0,9.49,9.06,9.18,1.0,4400.0,3
658,2014-07-02,9.19,9.21,8.76,9.21,29300.0,9.19,0.0,9.21,8.76,9.21,1.0,29300.0,2
659,2014-07-01,9.25,9.4,9.06,9.06,31500.0,9.25,0.0,9.4,9.06,9.06,1.0,31500.0,1
660,2014-06-30,9.09,9.46,8.71,8.89,74400.0,9.09,0.0,9.46,8.71,8.89,1.0,74400.0,0
661,2014-06-27,8.98,9.15,8.25,8.25,142700.0,8.98,0.0,9.15,8.25,8.25,1.0,142700.0,4
662,2014-06-26,8.22,8.39,8.0,8.2,24300.0,8.22,0.0,8.39,8.0,8.2,1.0,24300.0,3
663,2014-06-25,8.13,8.16,8.0,8.05,17100.0,8.13,0.0,8.16,8.0,8.05,1.0,17100.0,2
664,2014-06-24,8.11,8.26,7.8,7.9799,36100.0,8.11,0.0,8.26,7.8,7.9799,1.0,36100.0,1
665,2014-06-23,7.87,8.195,7.71,8.15,44500.0,7.87,0.0,8.195,7.71,8.15,1.0,44500.0,0
666,2014-06-20,8.12,8.5,7.635,8.33,376500.0,8.12,0.0,8.5,7.635,8.33,1.0,376500.0,4
667,2014-06-19,8.41,8.9,8.29,8.29,45700.0,8.41,0.0,8.9,8.29,8.29,1.0,45700.0,3
668,2014-06-18,8.22,9.1,8.07,9.1,36500.0,8.22,0.0,9.1,8.07,9.1,1.0,36500.0,2
669,2014-06-17,9.09,9.24,8.45,8.45,25100.0,9.09,0.0,9.24,8.45,8.45,1.0,25100.0,1
670,2014-06-16,8.39,9.61,8.3,9.61,118600.0,8.39,0.0,9.61,8.3,9.61,1.0,118600.0,0
671,2014-06-13,9.67,9.75,9.38,9.52,91900.0,9.67,0.0,9.75,9.38,9.52,1.0,91900.0,4
672,2014-06-12,9.6,9.66,8.985,9.12,108600.0,9.6,0.0,9.66,8.985,9.12,1.0,108600.0,3
673,2014-06-11,9.17,9.2,7.9201,9.04,71400.0,9.17,0.0,9.2,7.9201,9.04,1.0,71400.0,2
674,2014-06-10,9.04,9.04,8.43,8.43,80200.0,9.04,0.0,9.04,8.43,8.43,1.0,80200.0,1
675,2014-06-09,8.48,8.89,8.32,8.6,44400.0,8.48,0.0,8.89,8.32,8.6,1.0,44400.0,0
676,2014-06-06,8.49,8.5,8.22,8.45,27700.0,8.49,0.0,8.5,8.22,8.45,1.0,27700.0,4
677,2014-06-05,8.39,8.66,8.1,8.2,71400.0,8.39,0.0,8.66,8.1,8.2,1.0,71400.0,3
678,2014-06-04,8.08,8.2,7.87,7.9,72300.0,8.08,0.0,8.2,7.87,7.9,1.0,72300.0,2
679,2014-06-03,7.945,8.36,7.81,8.36,85000.0,7.945,0.0,8.36,7.81,8.36,1.0,85000.0,1
680,2014-06-02,8.34,8.35,8.0,8.2,245600.0,8.34,0.0,8.35,8.0,8.2,1.0,245600.0,0
681,2014-05-30,7.4,7.5,7.0,7.2,46600.0,7.4,0.0,7.5,7.0,7.2,1.0,46600.0,4
682,2014-05-29,7.24,7.47,6.57,6.77,54600.0,7.24,0.0,7.47,6.57,6.77,1.0,54600.0,3
683,2014-05-28,6.4,7.41,6.4,6.94,9600.0,6.4,0.0,7.41,6.4,6.94,1.0,9600.0,2
684,2014-05-27,6.92,7.2,6.85,6.85,27800.0,6.92,0.0,7.2,6.85,6.85,1.0,27800.0,1
685,2014-05-23,6.86,7.19,6.858,7.05,27600.0,6.86,0.0,7.19,6.858,7.05,1.0,27600.0,4
686,2014-05-22,7.08,7.35,6.74,7.35,37600.0,7.08,0.0,7.35,6.74,7.35,1.0,37600.0,3
687,2014-05-21,7.11,8.02,7.03,7.27,36000.0,7.11,0.0,8.02,7.03,7.27,1.0,36000.0,2
688,2014-05-20,7.21,7.59,7.05,7.05,17500.0,7.21,0.0,7.59,7.05,7.05,1.0,17500.0,1
689,2014-05-19,7.312,7.685,6.5760000000000005,7.16,19900.0,7.312,0.0,7.685,6.5760000000000005,7.16,1.0,19900.0,0
690,2014-05-16,7.11,7.65,7.0,7.52,30000.0,7.11,0.0,7.65,7.0,7.52,1.0,30000.0,4
691,2014-05-15,7.52,7.96,7.21,7.67,23100.0,7.52,0.0,7.96,7.21,7.67,1.0,23100.0,3
692,2014-05-14,7.4,7.61,7.1339999999999995,7.34,26600.0,7.4,0.0,7.61,7.1339999999999995,7.34,1.0,26600.0,2
693,2014-05-13,7.21,7.49,7.03,7.29,23300.0,7.21,0.0,7.49,7.03,7.29,1.0,23300.0,1
694,2014-05-12,7.15,7.79,7.09,7.4,86200.0,7.15,0.0,7.79,7.09,7.4,1.0,86200.0,0
695,2014-05-09,7.32,7.44,6.9,7.24,109400.0,7.32,0.0,7.44,6.9,7.24,1.0,109400.0,4
696,2014-05-08,7.247999999999999,7.35,7.15,7.31,22300.0,7.247999999999999,0.0,7.35,7.15,7.31,1.0,22300.0,3
697,2014-05-07,7.2,7.5,7.2,7.24,11600.0,7.2,0.0,7.5,7.2,7.24,1.0,11600.0,2
698,2014-05-06,7.19,7.425,6.91,7.1,10900.0,7.19,0.0,7.425,6.91,7.1,1.0,10900.0,1
699,2014-05-05,7.29,7.5,6.75,7.5,14900.0,7.29,0.0,7.5,6.75,7.5,1.0,14900.0,0
700,2014-05-02,7.46,7.84,6.98,7.63,49600.0,7.46,0.0,7.84,6.98,7.63,1.0,49600.0,4
701,2014-05-01,7.5,7.8,7.5,7.72,4800.0,7.5,0.0,7.8,7.5,7.72,1.0,4800.0,3
702,2014-04-30,7.6,7.8,7.1,7.26,51400.0,7.6,0.0,7.8,7.1,7.26,1.0,51400.0,2
703,2014-04-29,7.27,7.437,6.85,7.347,61800.0,7.27,0.0,7.437,6.85,7.347,1.0,61800.0,1
704,2014-04-28,7.17,7.48,6.76,6.85,50500.0,7.17,0.0,7.48,6.76,6.85,1.0,50500.0,0
705,2014-04-25,6.94,7.5,6.77,7.45,46500.0,6.94,0.0,7.5,6.77,7.45,1.0,46500.0,4
706,2014-04-24,7.45,7.5,7.06,7.39,10600.0,7.45,0.0,7.5,7.06,7.39,1.0,10600.0,3
707,2014-04-23,7.29,7.47,6.15,6.6,111300.0,7.29,0.0,7.47,6.15,6.6,1.0,111300.0,2
708,2014-04-22,6.55,6.8,6.1,6.68,56700.0,6.55,0.0,6.8,6.1,6.68,1.0,56700.0,1
709,2014-04-21,6.58,7.09,6.31,6.6,41200.0,6.58,0.0,7.09,6.31,6.6,1.0,41200.0,0
710,2014-04-17,6.56,6.77,6.33,6.62,40000.0,6.56,0.0,6.77,6.33,6.62,1.0,40000.0,3
711,2014-04-16,6.69,6.892,6.155,6.52,35100.0,6.69,0.0,6.892,6.155,6.52,1.0,35100.0,2
712,2014-04-15,6.51,7.06,5.36,6.86,323600.0,6.51,0.0,7.06,5.36,6.86,1.0,323600.0,1
713,2014-04-14,6.88,7.0896,6.4,6.4,119800.0,6.88,0.0,7.0896,6.4,6.4,1.0,119800.0,0
714,2014-04-11,6.63,7.04,6.41,6.48,188000.0,6.63,0.0,7.04,6.41,6.48,1.0,188000.0,4
715,2014-04-10,6.48,6.86,6.45,6.52,108500.0,6.48,0.0,6.86,6.45,6.52,1.0,108500.0,3
716,2014-04-09,6.57,6.78,6.45,6.67,222400.0,6.57,0.0,6.78,6.45,6.67,1.0,222400.0,2
717,2014-04-08,6.68,7.39,6.36,6.97,272700.0,6.68,0.0,7.39,6.36,6.97,1.0,272700.0,1
718,2014-04-07,7.09,7.5,6.7620000000000005,7.34,56500.0,7.09,0.0,7.5,6.7620000000000005,7.34,1.0,56500.0,0
719,2014-04-04,7.39,8.5,6.5,7.93,230300.0,7.39,0.0,8.5,6.5,7.93,1.0,230300.0,4
720,2014-04-03,8.03,8.95,8.0,8.55,90700.0,8.03,0.0,8.95,8.0,8.55,1.0,90700.0,3
721,2014-04-02,9.0,9.05,8.335,9.0,84900.0,9.0,0.0,9.05,8.335,9.0,1.0,84900.0,2
722,2014-04-01,8.59,8.99,8.0,8.51,207200.0,8.59,0.0,8.99,8.0,8.51,1.0,207200.0,1
723,2014-03-31,8.3,8.71,8.0,8.23,167800.0,8.3,0.0,8.71,8.0,8.23,1.0,167800.0,0
724,2014-03-28,8.21,9.01,7.78,8.26,36900.0,8.21,0.0,9.01,7.78,8.26,1.0,36900.0,4
725,2014-03-27,8.27,8.79,8.095,8.59,82800.0,8.27,0.0,8.79,8.095,8.59,1.0,82800.0,3
726,2014-03-26,8.63,9.95,7.2,9.19,121600.0,8.63,0.0,9.95,7.2,9.19,1.0,121600.0,2
727,2014-03-25,8.95,9.89,8.5,9.89,156900.0,8.95,0.0,9.89,8.5,9.89,1.0,156900.0,1
728,2014-03-24,9.58,10.0,9.33,10.0,45300.0,9.58,0.0,10.0,9.33,10.0,1.0,45300.0,0
729,2014-03-21,9.96,10.0,9.8,10.0,36100.0,9.96,0.0,10.0,9.8,10.0,1.0,36100.0,4
730,2014-03-20,10.03,10.1,9.85,10.09,58000.0,10.03,0.0,10.1,9.85,10.09,1.0,58000.0,3
731,2014-03-19,10.02,10.19,9.75,10.19,35900.0,10.02,0.0,10.19,9.75,10.19,1.0,35900.0,2
732,2014-03-18,10.0,10.1899,9.57,9.84,101900.0,10.0,0.0,10.1899,9.57,9.84,1.0,101900.0,1
733,2014-03-17,10.19,10.64,9.51,10.28,227700.0,10.19,0.0,10.64,9.51,10.28,1.0,227700.0,0
734,2014-03-14,10.2,10.38,9.38,10.0,1408600.0,10.2,0.0,10.38,9.38,10.0,1.0,1408600.0,4
735,2014-03-13,9.95,10.0,9.45,9.64,277300.0,9.95,0.0,10.0,9.45,9.64,1.0,277300.0,3
736,2014-03-12,9.5,9.95,9.3,9.3,123300.0,9.5,0.0,9.95,9.3,9.3,1.0,123300.0,2
737,2014-03-11,9.25,9.3,9.0,9.05,42900.0,9.25,0.0,9.3,9.0,9.05,1.0,42900.0,1
738,2014-03-10,9.088,9.1,8.75,9.0,52100.0,9.088,0.0,9.1,8.75,9.0,1.0,52100.0,0
739,2014-03-07,8.9,9.11,8.8,9.11,112200.0,8.9,0.0,9.11,8.8,9.11,1.0,112200.0,4
740,2014-03-06,9.1,9.15,9.0,9.15,15000.0,9.1,0.0,9.15,9.0,9.15,1.0,15000.0,3
741,2014-03-05,9.05,9.05,9.0,9.0,10100.0,9.05,0.0,9.05,9.0,9.0,1.0,10100.0,2
742,2014-03-04,9.1,9.15,9.0,9.15,16700.0,9.1,0.0,9.15,9.0,9.15,1.0,16700.0,1
743,2014-03-03,9.0,9.3,9.0,9.0,43500.0,9.0,0.0,9.3,9.0,9.0,1.0,43500.0,0
744,2014-02-28,8.95,9.45,8.75,9.45,135600.0,8.95,0.0,9.45,8.75,9.45,1.0,135600.0,4
745,2014-02-27,9.2,9.45,9.0,9.1,39400.0,9.2,0.0,9.45,9.0,9.1,1.0,39400.0,3
746,2014-02-26,8.95,9.1,8.95,9.1,13500.0,8.95,0.0,9.1,8.95,9.1,1.0,13500.0,2
747,2014-02-25,8.9,9.1,8.9,9.05,9800.0,8.9,0.0,9.1,8.9,9.05,1.0,9800.0,1
748,2014-02-24,8.8,9.2,8.8,9.05,18100.0,8.8,0.0,9.2,8.8,9.05,1.0,18100.0,0
749,2014-02-21,8.5,9.3,8.5,9.3,23100.0,8.5,0.0,9.3,8.5,9.3,1.0,23100.0,4
750,2014-02-20,9.0,9.1,8.75,9.0,9700.0,9.0,0.0,9.1,8.75,9.0,1.0,9700.0,3
751,2014-02-19,8.75,9.49,8.25,9.3,29300.0,8.75,0.0,9.49,8.25,9.3,1.0,29300.0,2
752,2014-02-18,9.2,10.0,8.0,10.0,46400.0,9.2,0.0,10.0,8.0,10.0,1.0,46400.0,1
753,2014-02-14,11.5,12.5,11.5,12.5,600.0,11.5,0.0,12.5,11.5,12.5,1.0,600.0,4
754,2014-02-13,12.5,12.5,12.5,12.5,0.0,12.5,0.0,12.5,12.5,12.5,1.0,0.0,3
755,2014-02-12,12.5,12.5,12.5,12.5,3000.0,12.5,0.0,12.5,12.5,12.5,1.0,3000.0,2
756,2014-02-11,20.0,20.0,20.0,20.0,0.0,20.0,0.0,20.0,20.0,20.0,1.0,0.0,1
757,2014-02-10,20.0,20.0,20.0,20.0,0.0,20.0,0.0,20.0,20.0,20.0,1.0,0.0,0
758,2014-02-07,20.0,20.0,20.0,20.0,0.0,20.0,0.0,20.0,20.0,20.0,1.0,0.0,4
759,2014-02-06,20.0,20.0,20.0,20.0,0.0,20.0,0.0,20.0,20.0,20.0,1.0,0.0,3
760,2014-02-05,20.0,20.0,20.0,20.0,0.0,20.0,0.0,20.0,20.0,20.0,1.0,0.0,2
761,2014-02-04,20.0,20.0,20.0,20.0,0.0,20.0,0.0,20.0,20.0,20.0,1.0,0.0,1
762,2014-02-03,20.0,20.0,20.0,20.0,0.0,20.0,0.0,20.0,20.0,20.0,1.0,0.0,0
763,2014-01-31,20.0,20.0,20.0,20.0,0.0,20.0,0.0,20.0,20.0,20.0,1.0,0.0,4
764,2014-01-30,20.0,20.0,20.0,20.0,0.0,20.0,0.0,20.0,20.0,20.0,1.0,0.0,3
765,2014-01-29,20.0,20.0,20.0,20.0,100.0,20.0,0.0,20.0,20.0,20.0,1.0,100.0,2
