,Unnamed: 0,adj_close,adj_high,adj_low,adj_open,adj_volume,close,ex_dividend,high,low,open,split_ratio,volume,Day of Week,Day
0,2017-02-10,22.77,22.77,22.33,22.49,3551769.0,22.77,0.0,22.77,22.33,22.49,1.0,3551769.0,4,10
1,2017-02-09,22.47,22.49,21.91,21.93,5696351.0,22.47,0.0,22.49,21.91,21.93,1.0,5696351.0,3,09
2,2017-02-08,21.82,22.37,21.74,22.17,8708253.0,21.82,0.0,22.37,21.74,22.17,1.0,8708253.0,2,08
3,2017-02-07,22.21,23.43,21.42,22.42,23530221.0,22.21,0.0,23.43,21.42,22.42,1.0,23530221.0,1,07
4,2017-02-06,24.81,25.0,24.6,24.85,4224527.0,24.81,0.0,25.0,24.6,24.85,1.0,4224527.0,0,06
5,2017-02-03,24.92,25.0213,24.68,24.75,2548278.0,24.92,0.0,25.0213,24.68,24.75,1.0,2548278.0,4,03
6,2017-02-02,24.64,24.77,24.3,24.42,3851115.0,24.64,0.0,24.77,24.3,24.42,1.0,3851115.0,3,02
7,2017-02-01,24.53,24.71,24.28,24.55,3948357.0,24.53,0.0,24.71,24.28,24.55,1.0,3948357.0,2,01
8,2017-01-31,24.5,24.72,24.33,24.46,2284423.0,24.5,0.0,24.72,24.33,24.46,1.0,2284423.0,1,31
9,2017-01-30,24.54,24.79,24.45,24.71,1409916.0,24.54,0.0,24.79,24.45,24.71,1.0,1409916.0,0,30
10,2017-01-27,24.78,24.81,24.5,24.72,2216965.0,24.78,0.0,24.81,24.5,24.72,1.0,2216965.0,4,27
11,2017-01-26,24.65,24.82,24.45,24.71,2089205.0,24.65,0.0,24.82,24.45,24.71,1.0,2089205.0,3,26
12,2017-01-25,24.59,24.93,24.5,24.69,3138454.0,24.59,0.0,24.93,24.5,24.69,1.0,3138454.0,2,25
13,2017-01-24,24.51,24.78,24.415,24.7,2985262.0,24.51,0.0,24.78,24.415,24.7,1.0,2985262.0,1,24
14,2017-01-23,24.82,24.87,24.51,24.8,1298594.0,24.82,0.0,24.87,24.51,24.8,1.0,1298594.0,0,23
15,2017-01-20,24.76,25.0,24.635,24.87,1109356.0,24.76,0.0,25.0,24.635,24.87,1.0,1109356.0,4,20
16,2017-01-19,24.8,24.93,24.52,24.58,1219007.0,24.8,0.0,24.93,24.52,24.58,1.0,1219007.0,3,19
17,2017-01-18,24.72,25.06,24.62,25.0,2572491.0,24.72,0.0,25.06,24.62,25.0,1.0,2572491.0,2,18
18,2017-01-17,24.92,25.12,24.81,25.08,1661228.0,24.92,0.0,25.12,24.81,25.08,1.0,1661228.0,1,17
19,2017-01-13,25.14,25.33,25.0,25.05,2449842.0,25.14,0.0,25.33,25.0,25.05,1.0,2449842.0,4,13
20,2017-01-12,24.96,24.99,24.71,24.85,2009634.0,24.96,0.0,24.99,24.71,24.85,1.0,2009634.0,3,12
21,2017-01-11,24.96,25.13,24.67,24.98,2340963.0,24.96,0.0,25.13,24.67,24.98,1.0,2340963.0,2,11
22,2017-01-10,24.94,25.0,24.79,24.92,2037548.0,24.94,0.0,25.0,24.79,24.92,1.0,2037548.0,1,10
23,2017-01-09,24.9,25.18,24.7,24.75,2865285.0,24.9,0.0,25.18,24.7,24.75,1.0,2865285.0,0,09
24,2017-01-06,24.86,24.88,24.67,24.82,1585503.0,24.86,0.0,24.88,24.67,24.82,1.0,1585503.0,4,06
25,2017-01-05,24.71,25.14,24.66,24.85,2035352.0,24.71,0.0,25.14,24.66,24.85,1.0,2035352.0,3,05
26,2017-01-04,24.82,25.01,24.68,24.68,2997324.0,24.82,0.0,25.01,24.68,24.68,1.0,2997324.0,2,04
27,2017-01-03,24.79,25.8926,24.61,25.16,1569644.0,24.79,0.0,25.8926,24.61,25.16,1.0,1569644.0,1,03
28,2016-12-30,24.95,25.035,24.7375,25.03,1081424.0,24.95,0.0,25.035,24.7375,25.03,1.0,1081424.0,4,30
29,2016-12-29,25.0,25.13,24.81,24.84,1501047.0,25.0,0.0,25.13,24.81,24.84,1.0,1501047.0,3,29
30,2016-12-28,24.9,25.13,24.78,25.13,1266561.0,24.9,0.0,25.13,24.78,25.13,1.0,1266561.0,2,28
31,2016-12-27,25.01,25.21,24.75,24.9,1459156.0,25.01,0.0,25.21,24.75,24.9,1.0,1459156.0,1,27
32,2016-12-23,24.84,25.0,24.74,24.74,1337063.0,24.84,0.0,25.0,24.74,24.74,1.0,1337063.0,4,23
33,2016-12-22,24.79,25.13,24.69,25.13,2090769.0,24.79,0.0,25.13,24.69,25.13,1.0,2090769.0,3,22
34,2016-12-21,25.15,25.32,24.7,25.06,3495101.0,25.15,0.0,25.32,24.7,25.06,1.0,3495101.0,2,21
35,2016-12-20,25.15,25.71,24.93,25.45,3569975.0,25.15,0.0,25.71,24.93,25.45,1.0,3569975.0,1,20
36,2016-12-19,25.5,25.85,25.17,25.21,1670585.0,25.5,0.13,25.85,25.17,25.21,1.0,1670585.0,0,19
37,2016-12-16,25.291065158,25.3209129926,25.0622317597,25.2811158798,3147940.0,25.42,0.0,25.45,25.19,25.41,1.0,3147940.0,4,16
38,2016-12-15,25.3010144362,26.1666016387,25.3010144362,26.0472103004,2759859.0,25.43,0.0,26.3,25.43,26.18,1.0,2759859.0,3,15
39,2016-12-14,25.9775653531,26.2561451424,25.7686305111,25.8780725712,2268939.0,26.11,0.0,26.39,25.9,26.01,1.0,2268939.0,2,14
40,2016-12-13,25.9875146313,27.0122902848,25.8382754584,26.7635583301,2742894.0,26.12,0.0,27.15,25.97,26.9,1.0,2742894.0,1,13
41,2016-12-12,26.3556379243,27.2112758486,26.236246586,26.5645727663,2762380.0,26.49,0.0,27.35,26.37,26.7,1.0,2762380.0,0,12
42,2016-12-09,26.9326960593,26.9525946157,25.9825399922,26.1367538041,3172195.0,27.07,0.0,27.09,26.115,26.27,1.0,3172195.0,4,09
43,2016-12-08,26.0372610222,26.0969566914,25.6293406165,25.7387826766,1341135.0,26.17,0.0,26.23,25.76,25.87,1.0,1341135.0,3,08
44,2016-12-07,25.6392898947,25.7785797893,25.3209129926,25.340811549,1696390.0,25.77,0.0,25.91,25.45,25.47,1.0,1696390.0,2,07
45,2016-12-06,25.2711666016,25.291065158,24.9527896996,25.0721810378,3224069.0,25.4,0.0,25.42,25.08,25.2,1.0,3224069.0,1,06
46,2016-12-05,25.1617245416,25.538304721,25.1119781506,25.4403043309,2623565.0,25.29,0.0,25.6685,25.24,25.57,1.0,2623565.0,0,05
47,2016-12-02,25.4403043309,25.5198985564,25.25823254,25.340811549,2155776.0,25.57,0.0,25.65,25.387,25.47,1.0,2155776.0,4,02
48,2016-12-01,25.4303550527,26.0671088568,25.1816230979,25.7984783457,1974127.0,25.56,0.0,26.2,25.31,25.93,1.0,1974127.0,3,01
49,2016-11-30,25.7188841202,26.0571595786,25.7188841202,25.9576667967,2647452.0,25.85,0.0,26.19,25.85,26.09,1.0,2647452.0,2,30
50,2016-11-29,25.8979711276,26.604369879,25.868123293,26.445181428,1800571.0,26.03,0.0,26.74,26.0,26.58,1.0,1800571.0,1,29
51,2016-11-28,26.3655872025,26.4252828716,25.8183769021,25.9278189622,2911171.0,26.5,0.0,26.56,25.95,26.06,1.0,2911171.0,0,28
52,2016-11-25,26.1865001951,26.2511705033,25.9875146313,26.0173624659,796950.0,26.32,0.0,26.385,26.12,26.15,1.0,796950.0,4,25
53,2016-11-23,25.8880218494,25.9875146313,25.5198985564,25.5497463909,2232699.0,26.02,0.0,26.12,25.65,25.68,1.0,2232699.0,2,23
54,2016-11-22,25.6790870074,25.9875146313,25.4005072181,25.659188451,2100258.0,25.81,0.0,26.12,25.53,25.79,1.0,2100258.0,1,22
55,2016-11-21,25.6492391728,25.8780725712,25.3756340226,25.7387826766,2570690.0,25.78,0.0,26.01,25.505,25.87,1.0,2570690.0,0,21
56,2016-11-18,25.5696449473,25.7785797893,24.9826375341,24.9826375341,2680035.0,25.7,0.0,25.91,25.11,25.11,1.0,2680035.0,4,18
57,2016-11-17,25.4801014436,25.5895435037,24.9627389778,24.9627389778,2933797.0,25.61,0.0,25.72,25.09,25.09,1.0,2933797.0,3,17
58,2016-11-16,25.1716738197,25.2313694889,24.636004682,24.6443620757,2681155.0,25.3,0.0,25.36,24.7616,24.77,1.0,2681155.0,2,16
59,2016-11-15,24.6443620757,24.8930940304,24.4354272337,24.7239563012,3227345.0,24.77,0.0,25.02,24.56,24.85,1.0,3227345.0,1,15
60,2016-11-14,24.5647678502,24.922941865,24.3558330082,24.8632461959,2630930.0,24.69,0.0,25.05,24.48,24.99,1.0,2630930.0,0,14
61,2016-11-11,24.8134998049,24.8333983613,23.8543893874,24.4155286773,3948766.0,24.94,0.0,24.96,23.976,24.54,1.0,3948766.0,4,11
62,2016-11-10,24.4254779555,24.7737026922,23.8683183769,24.3060866172,3249200.0,24.55,0.0,24.9,23.99,24.43,1.0,3249200.0,3,10
63,2016-11-09,24.1767460008,24.4254779555,23.7588763168,24.0275068279,4440166.0,24.3,0.0,24.55,23.88,24.15,1.0,4440166.0,2,09
64,2016-11-08,24.4951229028,24.6742099103,23.3410066329,23.3907530238,6851690.0,24.62,0.0,24.8,23.46,23.51,1.0,6851690.0,1,08
65,2016-11-07,23.4404994147,23.7887241514,23.0226297308,23.7290284822,8977827.0,23.56,0.0,23.91,23.14,23.85,1.0,8977827.0,0,07
66,2016-11-04,23.0624268435,23.5847639485,23.0577506828,23.2514631291,4560315.0,23.18,0.0,23.705,23.1753,23.37,1.0,4560315.0,4,04
67,2016-11-03,23.3360319938,23.9976589934,23.19176746,23.8782676551,6748620.0,23.455,0.0,24.12,23.31,24.0,1.0,6748620.0,3,03
68,2016-11-02,23.9578618806,24.8731954741,22.7838470542,22.8833398361,15030958.0,24.08,0.0,25.0,22.9,23.0,1.0,15030958.0,2,02
69,2016-11-01,26.2461958642,26.3158408115,25.5497463909,25.5596956691,5573820.0,26.38,0.0,26.45,25.68,25.69,1.0,5573820.0,1,01
70,2016-10-31,25.6989855638,25.7338080375,25.340811549,25.5795942255,2646514.0,25.83,0.0,25.865,25.47,25.71,1.0,2646514.0,0,31
71,2016-10-28,25.5397971128,25.6890362856,25.2114709325,25.4204057745,2423244.0,25.67,0.0,25.82,25.34,25.55,1.0,2423244.0,4,28
72,2016-10-27,25.3905579399,25.6193913383,25.1716738197,25.4104564963,1812926.0,25.52,0.0,25.75,25.3,25.54,1.0,1812926.0,3,27
73,2016-10-26,25.3806086617,25.6293406165,25.340811549,25.5099492782,1991405.0,25.51,0.0,25.76,25.47,25.64,1.0,1991405.0,2,26
74,2016-10-25,25.6790870074,25.7487319547,25.4353296918,25.6989855638,1885817.0,25.81,0.0,25.88,25.565,25.83,1.0,1885817.0,1,25
75,2016-10-24,25.6293406165,25.8880218494,25.5895435037,25.7885290675,1598935.0,25.76,0.0,26.02,25.72,25.92,1.0,1598935.0,0,24
76,2016-10-21,25.6492391728,25.7487319547,25.1816230979,25.2512680453,2269595.0,25.78,0.0,25.88,25.31,25.38,1.0,2269595.0,4,21
77,2016-10-20,25.2612173234,26.0671088568,25.2462934062,25.868123293,4008597.0,25.39,0.0,26.2,25.375,26.0,1.0,4008597.0,3,20
78,2016-10-19,25.8581740148,26.3158408115,25.7686305111,26.0472103004,2987667.0,25.99,0.0,26.45,25.9,26.18,1.0,2987667.0,2,19
79,2016-10-18,25.9775653531,26.3456886461,25.9377682403,26.0671088568,2244242.0,26.11,0.0,26.48,26.07,26.2,1.0,2244242.0,1,18
80,2016-10-17,26.027311744,26.236246586,25.917869684,26.0472103004,1469877.0,26.16,0.0,26.37,26.05,26.18,1.0,1469877.0,0,17
81,2016-10-14,26.027311744,26.2063987515,25.8780725712,26.0472103004,2595731.0,26.16,0.0,26.34,26.01,26.18,1.0,2595731.0,4,14
82,2016-10-13,26.0472103004,26.2660944206,25.8183769021,26.2660944206,2239230.0,26.18,0.0,26.4,25.95,26.4,1.0,2239230.0,3,13
83,2016-10-12,26.4252828716,26.4750292626,26.1666016387,26.2262973078,1650086.0,26.56,0.0,26.61,26.3,26.36,1.0,1650086.0,2,12
84,2016-10-11,26.2959422552,26.8232539992,26.1865001951,26.8232539992,2331311.0,26.43,0.0,26.96,26.32,26.96,1.0,2331311.0,1,11
85,2016-10-10,26.9227467811,26.9625438939,26.5446742099,26.7735076083,1923195.0,27.06,0.0,27.1,26.68,26.91,1.0,1923195.0,0,10
86,2016-10-07,26.6143191572,27.3207179087,26.445181428,27.3207179087,2705773.0,26.75,0.0,27.46,26.58,27.46,1.0,2705773.0,4,07
87,2016-10-06,27.2112758486,27.5396020289,26.9525946157,27.2809207959,1879602.0,27.35,0.0,27.68,27.09,27.42,1.0,1879602.0,3,06
88,2016-10-05,27.2212251268,27.8380803746,27.0620366758,27.4699570815,3369623.0,27.36,0.0,27.98,27.2,27.61,1.0,3369623.0,2,05
89,2016-10-04,27.3605150215,27.8579789309,27.1515801795,27.7883339836,4091260.0,27.5,0.0,28.0,27.29,27.93,1.0,4091260.0,1,04
90,2016-10-03,27.8480296528,28.0818376902,27.5197034725,27.8778774873,2418696.0,27.99,0.0,28.225,27.66,28.02,1.0,2418696.0,0,03
91,2016-09-30,28.0370659384,28.226102224,27.967420991,28.0569644947,2746827.0,28.18,0.0,28.37,28.11,28.2,1.0,2746827.0,4,30
92,2016-09-29,28.0370659384,28.280823254,27.3505657433,27.4799063597,3721368.0,28.18,0.0,28.425,27.49,27.62,1.0,3721368.0,3,29
93,2016-09-28,27.4003121342,27.4301599688,27.0122902848,27.4301599688,3212717.0,27.54,0.0,27.57,27.15,27.57,1.0,3212717.0,2,28
94,2016-09-27,27.4301599688,27.5097541943,27.0521868904,27.1217323449,2602092.0,27.57,0.0,27.65,27.1901,27.26,1.0,2602092.0,1,27
95,2016-09-26,27.0620366758,27.0918845103,26.7237612173,26.8431525556,1495366.0,27.2,0.0,27.23,26.86,26.98,1.0,1495366.0,0,26
96,2016-09-23,27.022239563,27.4998049161,26.8730003902,27.4998049161,2679499.0,27.16,0.0,27.64,27.01,27.64,1.0,2679499.0,4,23
97,2016-09-22,27.5097541943,27.6191962544,26.9625438939,27.0520873976,2099420.0,27.65,0.0,27.76,27.1,27.19,1.0,2099420.0,3,22
98,2016-09-21,26.9326960593,26.9376706984,26.4153335934,26.5944206009,2414421.0,27.07,0.0,27.075,26.55,26.73,1.0,2414421.0,2,21
99,2016-09-20,26.5745220445,27.005823254,26.5048770972,26.863051112,2466774.0,26.71,0.0,27.1435,26.64,27.0,1.0,2466774.0,1,20
100,2016-09-19,26.7834568865,26.994879048,26.5478579789,26.8232539992,3060888.0,26.92,0.13,27.1325,26.6832,26.96,1.0,3060888.0,0,19
101,2016-09-16,26.7339495724,27.228923698,26.6398856758,27.1201066218,2379348.0,27.0,0.0,27.4999,26.905,27.39,1.0,2379348.0,4,16
102,2016-09-15,27.2983329523,27.4963622084,26.9418802913,27.011190531,2352639.0,27.57,0.0,27.77,27.21,27.28,1.0,2352639.0,3,15
103,2016-09-14,27.060697845,28.0359919312,26.9220773657,27.5458695224,4938003.0,27.33,0.0,28.315,27.19,27.82,1.0,4938003.0,2,14
104,2016-09-13,27.6349826877,28.5533433628,27.516165134,28.0904499767,3149595.0,27.91,0.0,28.8375,27.79,28.37,1.0,3149595.0,1,13
105,2016-09-12,28.1102529023,28.2092675303,27.615179762,27.7934060925,2438263.0,28.39,0.0,28.49,27.89,28.07,1.0,2438263.0,0,12
106,2016-09-09,27.9023221834,28.4964099517,27.8924207206,28.476607026,2566886.0,28.18,0.0,28.78,28.17,28.76,1.0,2566886.0,4,09
107,2016-09-08,28.6746362821,29.1598079596,28.5756216541,28.7241435962,2962458.0,28.96,0.0,29.45,28.86,29.01,1.0,2962458.0,3,08
108,2016-09-07,28.7538479846,28.7934538358,28.3478880096,28.6251289681,2359779.0,29.04,0.0,29.08,28.63,28.91,1.0,2359779.0,2,07
109,2016-09-06,28.5756216541,28.6251289681,28.1300558279,28.4964099517,2165351.0,28.86,0.0,28.91,28.41,28.78,1.0,2165351.0,1,06
110,2016-09-02,28.4072967864,28.5459172657,28.2092675303,28.2092675303,1767779.0,28.69,0.0,28.83,28.49,28.49,1.0,1767779.0,4,02
111,2016-09-01,28.1696616791,28.1795631419,27.6844900017,27.9122236462,2292221.0,28.45,0.0,28.46,27.96,28.19,1.0,2292221.0,3,01
112,2016-08-31,27.872617795,27.9122236462,27.6349826877,27.7438987785,1514393.0,28.15,0.0,28.19,27.91,28.02,1.0,1514393.0,2,31
113,2016-08-30,27.8528148694,27.922125109,27.6349826877,27.7240958529,2247085.0,28.13,0.0,28.2,27.91,28.0,1.0,2247085.0,1,30
114,2016-08-29,27.7240958529,27.8825192578,27.7042929273,27.7240958529,1710487.0,28.0,0.0,28.16,27.98,28.0,1.0,1710487.0,0,29
115,2016-08-26,27.7438987785,27.9518294974,27.5359680596,27.7042929273,1939834.0,28.02,0.0,28.23,27.81,27.98,1.0,1939834.0,4,26
116,2016-08-25,27.6250812249,27.7141943901,27.4765592828,27.7141943901,2744509.0,27.9,0.0,27.99,27.75,27.99,1.0,2744509.0,3,25
117,2016-08-24,27.6646870761,27.8132090181,27.3379388035,27.4072490432,4371231.0,27.94,0.0,28.09,27.61,27.68,1.0,4371231.0,2,24
118,2016-08-23,27.5260665968,27.5557709852,26.9616832169,27.0210919938,2113712.0,27.8,0.0,27.83,27.23,27.29,1.0,2113712.0,1,23
119,2016-08-22,27.0210919938,27.1696139358,26.6448364072,26.6943437212,1908342.0,27.29,0.0,27.44,26.91,26.96,1.0,1908342.0,0,22
120,2016-08-19,26.7240481096,26.8626685889,26.5260188535,26.7339495724,1892358.0,26.99,0.0,27.13,26.79,27.0,1.0,1892358.0,4,19
121,2016-08-18,26.8230627377,27.4072490432,26.704245184,27.4072490432,1726843.0,27.09,0.0,27.68,26.97,27.68,1.0,1726843.0,3,18
122,2016-08-17,26.753752498,27.2834807581,26.7339495724,27.2389241755,1873466.0,27.02,0.0,27.555,27.0,27.51,1.0,1873466.0,2,17
123,2016-08-16,27.2290227127,27.3676431919,26.8527671261,27.0408949194,3104210.0,27.5,0.0,27.64,27.12,27.31,1.0,3104210.0,1,16
124,2016-08-15,27.060697845,27.1894168615,26.2497680413,27.011190531,3036178.0,27.33,0.0,27.46,26.511,27.28,1.0,3036178.0,0,15
125,2016-08-12,27.0309934566,27.035944188,26.5161173907,26.6646393328,3878425.0,27.3,0.0,27.305,26.78,26.93,1.0,3878425.0,4,12
126,2016-08-11,26.5755261676,26.6200827502,26.2685808206,26.3774969115,2720117.0,26.84,0.0,26.885,26.53,26.64,1.0,2720117.0,3,11
127,2016-08-10,26.3972998371,26.5946359908,26.1794676554,26.3774969115,2318948.0,26.66,0.0,26.8593,26.44,26.64,1.0,2318948.0,2,10
128,2016-08-09,26.3873983743,26.7141466468,26.2586793578,26.4567086139,3821895.0,26.65,0.0,26.98,26.52,26.72,1.0,3821895.0,1,09
129,2016-08-08,26.3675954487,26.6745407956,26.2438271636,26.5656247048,5122876.0,26.63,0.0,26.94,26.505,26.83,1.0,5122876.0,0,08
130,2016-08-05,26.6844422584,27.0210919938,26.6745407956,27.0210919938,1957269.0,26.95,0.0,27.29,26.94,27.29,1.0,1957269.0,4,05
131,2016-08-04,26.9814861426,27.035944188,26.3972998371,26.3972998371,3452411.0,27.25,0.0,27.305,26.66,26.66,1.0,3452411.0,3,04
132,2016-08-03,26.3972998371,26.6151320188,26.248777895,26.4666100767,3987691.0,26.66,0.0,26.88,26.51,26.73,1.0,3987691.0,2,03
133,2016-08-02,26.5953290932,27.5557709852,25.6447886639,26.2388764322,17982937.0,26.86,0.0,27.83,25.9,26.5,1.0,17982937.0,1,02
134,2016-08-01,29.0013845547,29.288526976,28.8627640754,28.9023699266,3374319.0,29.29,0.0,29.58,29.15,29.19,1.0,3374319.0,0,01
135,2016-07-29,28.8627640754,29.33803429,28.7241435962,29.1003991827,2701362.0,29.15,0.0,29.63,29.01,29.39,1.0,2701362.0,4,29
136,2016-07-28,28.9815816291,29.0211874803,28.6152275053,28.9419757779,2669113.0,29.27,0.0,29.31,28.9,29.23,1.0,2669113.0,3,28
137,2016-07-27,28.9122713895,29.0508918687,28.80830603,28.9122713895,2275688.0,29.2,0.0,29.34,29.095,29.2,1.0,2275688.0,2,27
138,2016-07-26,28.8429611498,29.0112860175,28.7142421334,28.8033552986,1757880.0,29.13,0.0,29.3,29.0,29.09,1.0,1757880.0,1,26
139,2016-07-25,28.9023699266,28.9617787035,28.5657201913,28.8528626126,5511958.0,29.19,0.0,29.25,28.85,29.14,1.0,5511958.0,0,25
140,2016-07-22,28.9122713895,29.1202021083,28.734045059,28.9419757779,1873013.0,29.2,0.0,29.41,29.02,29.23,1.0,1873013.0,4,22
141,2016-07-21,28.9419757779,29.2786255132,28.7290943276,29.0508918687,4264019.0,29.23,0.0,29.57,29.015,29.34,1.0,4264019.0,3,21
142,2016-07-20,29.0508918687,29.2687240504,28.6944392078,29.2687240504,1739239.0,29.34,0.0,29.56,28.98,29.56,1.0,1739239.0,2,20
143,2016-07-19,28.783552373,28.833059687,28.6449318937,28.7142421334,985041.0,29.07,0.0,29.12,28.93,29.0,1.0,985041.0,1,19
144,2016-07-18,28.7439465218,28.9221728523,28.6449318937,28.6449318937,1219614.0,29.03,0.0,29.21,28.93,28.93,1.0,1219614.0,0,18
145,2016-07-15,28.6944392078,28.734045059,28.5607694599,28.6548333565,2452847.0,28.98,0.0,29.02,28.845,28.94,1.0,2452847.0,4,15
146,2016-07-14,28.7142421334,28.7934538358,28.4568041004,28.6746362821,1818265.0,29.0,0.0,29.08,28.74,28.96,1.0,1818265.0,3,14
147,2016-07-13,28.4667055632,28.6944392078,28.3973953236,28.4072967864,1636077.0,28.75,0.0,28.98,28.68,28.69,1.0,1636077.0,2,13
148,2016-07-12,28.5162128773,28.5756216541,27.8330119437,28.1696616791,2416918.0,28.8,0.0,28.86,28.11,28.45,1.0,2416918.0,1,12
149,2016-07-11,27.8330119437,27.9914353486,27.4864607456,27.5755739108,1694565.0,28.11,0.0,28.27,27.76,27.85,1.0,1694565.0,0,11
150,2016-07-08,27.5260665968,27.565672448,26.9220773657,27.2092197871,2566427.0,27.8,0.0,27.84,27.19,27.48,1.0,2566427.0,4,08
151,2016-07-07,27.0408949194,27.2191212499,26.7636539609,26.7834568865,1843077.0,27.31,0.0,27.49,27.03,27.05,1.0,1843077.0,3,07
152,2016-07-06,26.8131612749,27.0210919938,26.5062159279,26.6943437212,2783279.0,27.08,0.0,27.29,26.77,26.96,1.0,2783279.0,2,06
153,2016-07-05,26.7438510352,26.8824715145,26.0606501017,26.5458217792,2766035.0,27.01,0.0,27.15,26.32,26.81,1.0,2766035.0,1,05
154,2016-07-01,26.5953290932,26.7438510352,26.3279895974,26.6250334816,2438498.0,26.86,0.0,27.01,26.59,26.89,1.0,2438498.0,4,01
155,2016-06-30,26.5260188535,26.5260188535,26.130059356,26.3378910603,2920165.0,26.79,0.0,26.79,26.3901,26.6,1.0,2920165.0,3,30
156,2016-06-29,26.2190735066,26.2685808206,25.461611602,25.6744930523,2669142.0,26.48,0.0,26.53,25.715,25.93,1.0,2669142.0,2,29
157,2016-06-28,25.6744930523,25.7140989036,25.1200111353,25.2388286889,2710083.0,25.93,0.0,25.97,25.37,25.49,1.0,2710083.0,1,28
158,2016-06-27,25.0507008957,25.1794199121,24.6150365323,25.0011935816,5360443.0,25.3,0.0,25.43,24.86,25.25,1.0,5360443.0,0,27
159,2016-06-24,25.1992228377,25.8626208456,25.1992228377,25.7240003664,9633486.0,25.45,0.0,26.12,25.45,25.98,1.0,9633486.0,4,24
160,2016-06-23,26.555723242,26.7339495724,26.0606501017,26.2388764322,3367923.0,26.82,0.0,27.0,26.32,26.5,1.0,3367923.0,3,23
161,2016-06-22,26.3378910603,26.5260188535,26.1893691182,26.3081866718,4205321.0,26.6,0.0,26.79,26.45,26.57,1.0,4205321.0,2,22
162,2016-06-21,26.3279895974,26.7933583493,26.1893691182,26.3675954487,5176137.0,26.59,0.0,27.06,26.45,26.63,1.0,5176137.0,1,21
163,2016-06-20,26.9418802913,27.565672448,26.9220773657,27.1003036962,2228392.0,27.21,0.0,27.84,27.19,27.37,1.0,2228392.0,0,20
164,2016-06-17,26.9022744401,26.9220773657,26.3774969115,26.5854276304,2566776.0,27.17,0.13,27.19,26.64,26.85,1.0,2566776.0,4,17
165,2016-06-16,26.5967907377,26.6460623026,26.1730552795,26.5475191728,2110145.0,26.99,0.0,27.04,26.56,26.94,1.0,2110145.0,3,16
166,2016-06-15,26.6953338675,27.2865926464,26.6066450507,27.1584865776,2372954.0,27.09,0.0,27.69,27.0,27.56,1.0,2372954.0,2,15
167,2016-06-14,27.1387779517,27.1683408906,26.8332942492,27.1584865776,3282579.0,27.54,0.0,27.57,27.23,27.56,1.0,3282579.0,1,14
168,2016-06-13,27.1190693257,27.5920763488,27.0599434478,27.513241845,3023482.0,27.52,0.0,28.0,27.46,27.92,1.0,3023482.0,0,13
169,2016-06-10,27.6512022267,28.0749376849,27.5920763488,28.055229059,4705385.0,28.06,0.0,28.49,28.0,28.47,1.0,4705385.0,4,10
170,2016-06-09,28.2720239446,28.4494015782,28.02566612,28.2818782576,1393901.0,28.69,0.0,28.87,28.44,28.7,1.0,1393901.0,3,09
171,2016-06-08,28.3410041354,28.4888188302,28.2079709102,28.2720239446,2241135.0,28.76,0.0,28.91,28.625,28.69,1.0,2241135.0,2,08
172,2016-06-07,28.2227523797,28.3804213874,27.7891626085,27.9566859292,2589978.0,28.64,0.0,28.8,28.2,28.37,1.0,2589978.0,1,07
173,2016-06-06,27.7990169215,27.8877057383,27.2865926464,27.6512022267,2359687.0,28.21,0.0,28.3,27.69,28.06,1.0,2359687.0,0,06
174,2016-06-03,27.6610565397,27.8039440779,27.4196258717,27.7398910436,1945252.0,28.07,0.0,28.215,27.825,28.15,1.0,1945252.0,4,03
175,2016-06-02,27.9074143643,27.9468316162,27.4443601972,27.5723677229,1563612.0,28.32,0.0,28.36,27.8501,27.98,1.0,1563612.0,3,02
176,2016-06-01,27.6906194787,27.9763945551,27.2964469594,27.9665402421,2550816.0,28.1,0.0,28.39,27.7,28.38,1.0,2550816.0,2,01
177,2016-05-31,27.7595996695,28.045374746,27.6413479137,27.9074143643,1795238.0,28.17,0.0,28.46,28.05,28.32,1.0,1795238.0,1,31
178,2016-05-27,27.8975600513,28.045374746,27.5970035053,27.6709108527,1353863.0,28.31,0.0,28.46,28.005,28.08,1.0,1353863.0,4,27
179,2016-05-26,27.7004737916,27.8285798604,27.2865926464,27.6117849748,1151227.0,28.11,0.0,28.24,27.69,28.02,1.0,1151227.0,3,26
180,2016-05-25,27.7004737916,27.8877057383,27.6019306618,27.7201824176,1336743.0,28.11,0.0,28.3,28.01,28.13,1.0,1336743.0,2,25
181,2016-05-24,27.6906194787,27.7694539825,27.1289236387,27.3260098983,2266925.0,28.1,0.0,28.18,27.53,27.73,1.0,2266925.0,1,24
182,2016-05-23,27.2373210815,27.483678906,27.1584865776,27.3851357762,1741669.0,27.64,0.0,27.89,27.56,27.79,1.0,1741669.0,0,23
183,2016-05-20,27.4442616541,27.8285798604,27.2767383334,27.503387532,1868349.0,27.85,0.0,28.24,27.68,27.91,1.0,1868349.0,4,20
184,2016-05-19,27.3457185243,27.5526590969,27.0697977608,27.2865926464,2551346.0,27.75,0.0,27.96,27.47,27.69,1.0,2551346.0,3,19
185,2016-05-18,27.4344073411,28.2424610056,27.0500891348,28.2424610056,4364262.0,27.84,0.0,28.66,27.45,28.66,1.0,4364262.0,2,18
186,2016-05-17,27.3752814632,28.0946463109,27.2767383334,27.9961031811,3049526.0,27.78,0.0,28.51,27.68,28.41,1.0,3049526.0,1,17
187,2016-05-16,28.1242092499,28.567653334,28.0059574941,28.5479447081,3231850.0,28.54,0.0,28.99,28.42,28.97,1.0,3231850.0,0,16
188,2016-05-13,28.58736196,28.7351766547,28.4296929523,28.5282360821,1952183.0,29.01,0.0,29.16,28.85,28.95,1.0,1952183.0,4,13
189,2016-05-12,28.4592558912,29.0209517312,28.3754942309,28.9421172273,2528004.0,28.88,0.0,29.45,28.795,29.37,1.0,2528004.0,3,12
190,2016-05-11,28.7056137158,29.0603689831,28.4099843263,28.6169248989,2872609.0,29.13,0.0,29.49,28.83,29.04,1.0,2872609.0,2,11
191,2016-05-10,28.6169248989,28.7548852807,28.1045006239,28.2227523797,2532251.0,29.04,0.0,29.18,28.52,28.64,1.0,2532251.0,1,10
192,2016-05-09,28.2128980667,28.4395472653,27.9468316162,28.1439178758,1612636.0,28.63,0.0,28.86,28.36,28.56,1.0,1612636.0,0,09
193,2016-05-06,28.2523153186,28.4789645172,27.9665402421,28.055229059,2659643.0,28.67,0.0,28.9,28.38,28.47,1.0,2659643.0,4,06
194,2016-05-05,28.0749376849,28.1734808148,27.7497453565,28.1636265018,1499420.0,28.49,0.0,28.59,28.16,28.58,1.0,1499420.0,3,05
195,2016-05-04,28.1636265018,28.2128980667,27.7990169215,28.035520433,1653474.0,28.58,0.0,28.63,28.21,28.45,1.0,1653474.0,2,04
196,2016-05-03,28.2720239446,28.4050571698,27.9369773032,28.3902757004,1570979.0,28.69,0.0,28.825,28.35,28.81,1.0,1570979.0,1,03
197,2016-05-02,28.5183817691,28.6563421509,27.9369773032,28.5380903951,2387486.0,28.94,0.0,29.08,28.35,28.96,1.0,2387486.0,0,02
198,2016-04-29,28.5282360821,28.7548852807,27.7793082955,28.4001300133,2906147.0,28.95,0.0,29.18,28.19,28.82,1.0,2906147.0,4,29
199,2016-04-28,28.5085274561,29.3264354336,27.9764930983,28.1340635628,3325677.0,28.93,0.0,29.76,28.3901,28.55,1.0,3325677.0,3,28
200,2016-04-27,27.6019306618,27.7694539825,27.2274667685,27.4344073411,2905581.0,28.01,0.0,28.18,27.63,27.84,1.0,2905581.0,2,27
201,2016-04-26,27.5822220359,27.7398910436,27.3407913678,27.483678906,2551597.0,27.99,0.0,28.15,27.745,27.89,1.0,2551597.0,1,26
202,2016-04-25,27.483678906,27.8581427993,27.3358642113,27.6314936008,1992662.0,27.89,0.0,28.27,27.74,28.04,1.0,1992662.0,0,25
203,2016-04-22,27.6117849748,27.7497453565,27.3654271503,27.5723677229,2077028.0,28.02,0.0,28.16,27.77,27.98,1.0,2077028.0,4,22
204,2016-04-21,27.7694539825,28.4198386393,27.6512022267,28.2621696316,1072983.0,28.18,0.0,28.84,28.06,28.68,1.0,1072983.0,3,21
205,2016-04-20,28.1931894407,28.3212955095,27.8581427993,28.055229059,1914652.0,28.61,0.0,28.74,28.27,28.47,1.0,1914652.0,2,20
206,2016-04-19,28.0946463109,28.3705670744,27.9172686772,28.0847919979,1923757.0,28.51,0.0,28.79,28.33,28.5,1.0,1923757.0,1,19
207,2016-04-18,27.9172686772,28.1143549369,27.764526826,27.8877057383,1742452.0,28.33,0.0,28.53,28.175,28.3,1.0,1742452.0,0,18
208,2016-04-15,28.045374746,28.3901771572,27.8482884864,28.2917325705,2175890.0,28.46,0.0,28.8099,28.26,28.71,1.0,2175890.0,4,15
209,2016-04-14,28.4001300133,28.4592558912,27.8679971123,28.2227523797,2730951.0,28.82,0.0,28.88,28.28,28.64,1.0,2730951.0,3,14
210,2016-04-13,28.0946463109,28.326222666,26.6066450507,28.2917325705,10599308.0,28.51,0.0,28.745,27.0,28.71,1.0,10599308.0,2,13
211,2016-04-12,28.0158118071,28.1094277804,27.6955466351,28.0059574941,3484400.0,28.43,0.0,28.525,28.105,28.42,1.0,3484400.0,1,12
212,2016-04-11,28.055229059,28.6267792119,28.0305932765,28.597216273,2565595.0,28.47,0.0,29.05,28.445,29.02,1.0,2565595.0,0,11
213,2016-04-08,28.4789645172,28.9322629144,28.2818782576,28.9322629144,2136814.0,28.9,0.0,29.36,28.7,29.36,1.0,2136814.0,4,08
214,2016-04-07,28.7943025326,28.9618258533,28.4296929523,28.5183817691,3793373.0,29.22,0.0,29.39,28.85,28.94,1.0,3793373.0,3,07
215,2016-04-06,28.7647395937,28.8041568456,28.2424610056,28.5085274561,1066368.0,29.19,0.0,29.23,28.66,28.93,1.0,1066368.0,2,06
216,2016-04-05,28.4986731432,28.9618258533,28.3952028568,28.7450309677,1695380.0,28.92,0.0,29.39,28.815,29.17,1.0,1695380.0,1,05
217,2016-04-04,28.9224086014,29.2968724947,28.6169248989,28.7943025326,2701837.0,29.35,0.0,29.73,29.04,29.22,1.0,2701837.0,0,04
218,2016-04-01,28.8632827235,28.8632827235,28.02566612,28.2523153186,1992534.0,29.29,0.0,29.29,28.44,28.67,1.0,1992534.0,4,01
219,2016-03-31,28.4986731432,28.5282360821,28.045374746,28.045374746,2136598.0,28.92,0.0,28.95,28.46,28.46,1.0,2136598.0,3,31
220,2016-03-30,28.1636265018,28.5380903951,27.9763945551,28.0946463109,1924465.0,28.58,0.0,28.96,28.39,28.51,1.0,1924465.0,2,30
221,2016-03-29,27.9961031811,28.1439178758,26.990963257,27.1190693257,2334814.0,28.41,0.0,28.56,27.39,27.52,1.0,2334814.0,1,29
222,2016-03-28,27.0697977608,27.2077581426,26.971254631,27.1486322647,1239878.0,27.47,0.0,27.61,27.37,27.55,1.0,1239878.0,0,28
223,2016-03-24,27.1190693257,27.2373210815,26.9022744401,26.9219830661,1282863.0,27.52,0.0,27.64,27.3,27.32,1.0,1282863.0,3,24
224,2016-03-23,27.1387779517,27.2373210815,26.8924201271,27.0697977608,1043457.0,27.54,0.0,27.64,27.29,27.47,1.0,1043457.0,2,23
225,2016-03-22,27.1387779517,27.1979038296,26.8431485622,26.8628571882,1473078.0,27.54,0.0,27.6,27.24,27.26,1.0,1473078.0,1,22
226,2016-03-21,27.1781952036,27.3949900892,26.7741683714,26.7741683714,1751740.0,27.58,0.0,27.8,27.17,27.17,1.0,1751740.0,0,21
227,2016-03-18,26.9022744401,27.1289236387,26.7051881805,26.7051881805,1939039.0,27.3,0.0,27.53,27.1,27.1,1.0,1939039.0,4,18
228,2016-03-17,26.7741683714,27.1683408906,26.7248968064,27.0303805089,1793640.0,27.17,0.13,27.57,27.12,27.43,1.0,1793640.0,3,17
229,2016-03-16,26.9507013496,27.2841525308,26.8281090036,27.1468491033,3135512.0,27.48,0.0,27.82,27.355,27.68,1.0,3135512.0,2,16
230,2016-03-15,27.2056934294,27.4704928968,26.9016644112,27.0683900018,1397302.0,27.74,0.0,28.01,27.43,27.6,1.0,1397302.0,1,15
231,2016-03-14,27.2547303678,27.5783741613,27.2449229801,27.4606855091,998226.0,27.79,0.0,28.12,27.78,28.0,1.0,998226.0,0,14
232,2016-03-11,27.5097224475,27.6077963243,26.9801235127,27.1076195525,1562115.0,28.05,0.0,28.15,27.51,27.64,1.0,1562115.0,4,11
233,2016-03-10,26.783975759,27.7058702011,26.5289836793,27.4704928968,1663915.0,27.31,0.0,28.25,27.05,28.01,1.0,1663915.0,3,10
234,2016-03-09,27.4508781214,27.6764480381,26.9801235127,27.3626116323,2176426.0,27.99,0.0,28.22,27.51,27.9,1.0,2176426.0,2,09
235,2016-03-08,27.2547303678,27.6862554258,27.1566564909,27.4410707337,2414311.0,27.79,0.0,28.23,27.69,27.98,1.0,2414311.0,1,08
236,2016-03-07,27.3135746939,27.8725957917,27.2449229801,27.431263346,2267537.0,27.85,0.0,28.42,27.78,27.97,1.0,2267537.0,0,07
237,2016-03-04,27.5783741613,28.4757501341,27.1370417156,28.4757501341,3225583.0,28.12,0.0,29.035,27.67,29.035,1.0,3225583.0,4,04
238,2016-03-03,27.4508781214,27.5636630797,26.9408939619,27.2743451431,2317918.0,27.99,0.0,28.105,27.47,27.81,1.0,2317918.0,3,03
239,2016-03-02,27.3822264076,27.6862554258,26.8526274728,27.4606855091,2852946.0,27.92,0.0,28.23,27.38,28.0,1.0,2852946.0,2,02
240,2016-03-01,27.4606855091,27.5881815489,26.7251314329,26.8722422482,8091818.0,28.0,0.0,28.13,27.25,27.4,1.0,8091818.0,1,01
241,2016-02-29,26.6270575561,26.999738288,26.5584058424,26.7251314329,5963755.0,27.15,0.0,27.53,27.08,27.25,1.0,5963755.0,0,29
242,2016-02-26,26.7055166576,26.9212791866,26.4112950271,26.9212791866,12105918.0,27.23,0.0,27.45,26.93,27.45,1.0,12105918.0,4,26
243,2016-02-25,27.2939599185,27.4606855091,26.5780206177,26.7349388206,1283493.0,27.83,0.0,28.0,27.1,27.26,1.0,1283493.0,3,25
244,2016-02-24,26.7349388206,27.0723129569,26.1170733967,26.5191762916,2010718.0,27.26,0.0,27.604,26.63,27.04,1.0,2010718.0,2,24
245,2016-02-23,26.7251314329,27.3626116323,26.6809981884,27.1076195525,1706075.0,27.25,0.0,27.9,27.205,27.64,1.0,1706075.0,1,23
246,2016-02-22,27.1468491033,27.9216327301,27.0291604511,27.3822264076,2232221.0,27.68,0.0,28.47,27.56,27.92,1.0,2232221.0,0,22
247,2016-02-19,27.0193530634,27.0585826141,26.3818728641,26.4112950271,1573350.0,27.55,0.0,27.59,26.9,26.93,1.0,1573350.0,4,19
248,2016-02-18,26.5584058424,27.0193530634,26.3132211503,27.0193530634,3104223.0,27.08,0.0,27.55,26.83,27.55,1.0,3104223.0,3,18
249,2016-02-17,26.7937831467,26.9899309004,25.5286301358,25.9013108677,5243848.0,27.32,0.0,27.52,26.03,26.41,1.0,5243848.0,2,17
250,2016-02-16,25.6659335633,25.9503478061,25.3128676068,25.6659335633,3060388.0,26.17,0.0,26.46,25.81,26.17,1.0,3060388.0,1,16
251,2016-02-12,25.4109414836,25.5874744619,24.9843201194,25.5874744619,2629292.0,25.91,0.0,26.09,25.475,26.09,1.0,2629292.0,4,12
252,2016-02-11,25.3619045452,25.9111182554,24.9401868749,25.0676829147,5571634.0,25.86,0.0,26.42,25.43,25.56,1.0,5571634.0,3,11
253,2016-02-10,25.5188227481,26.0189995199,24.5307284391,24.6851947951,7466782.0,26.02,0.0,26.53,25.0125,25.17,1.0,7466782.0,2,10
254,2016-02-09,24.4302027154,24.9499942625,21.6057731369,22.0666222841,6806689.0,24.91,0.0,25.44,22.0301,22.5,1.0,6806689.0,1,09
255,2016-02-08,22.7335246464,24.0918478404,21.9783557949,23.4690787226,6680043.0,23.18,0.0,24.565,22.41,23.93,1.0,6680043.0,0,08
256,2016-02-05,23.8221446791,24.6361578567,23.7044560269,24.6067356937,4617894.0,24.29,0.0,25.12,24.17,25.09,1.0,4617894.0,4,05
257,2016-02-04,24.6459652444,24.7293280397,24.1065589219,24.2928992879,2267717.0,25.13,0.0,25.215,24.58,24.77,1.0,2267717.0,3,04
258,2016-02-03,24.5184692045,25.1167198531,23.9104111683,24.8617277734,2464625.0,25.0,0.0,25.61,24.38,25.35,1.0,2464625.0,2,03
259,2016-02-02,24.7636538966,25.0382607517,24.5576987553,24.9794164256,1926127.0,25.25,0.0,25.53,25.04,25.47,1.0,1926127.0,1,02
260,2016-02-01,24.9696090379,25.2638306684,24.41058794,24.9696090379,2009593.0,25.46,0.0,25.76,24.89,25.46,1.0,2009593.0,0,01
261,2016-01-29,25.1167198531,25.1657567915,24.1752106357,24.1752106357,1828542.0,25.61,0.0,25.66,24.65,24.65,1.0,1828542.0,4,29
262,2016-01-28,24.1359810849,25.244215893,23.7829151284,24.9598016502,3167610.0,24.61,0.0,25.74,24.25,25.45,1.0,3167610.0,3,28
263,2016-01-27,24.6753874074,25.4305562589,24.5380839799,25.2246011176,1950903.0,25.16,0.0,25.93,25.02,25.72,1.0,1950903.0,2,27
264,2016-01-26,25.3226749944,25.4746895035,24.6361578567,24.9990312009,1990423.0,25.82,0.0,25.975,25.12,25.49,1.0,1990423.0,1,26
265,2016-01-25,24.8224982227,25.3520971575,24.6557726321,25.3128676068,2044277.0,25.31,0.0,25.85,25.14,25.81,1.0,2044277.0,0,25
266,2016-01-22,25.4795931974,25.5384375234,24.8028834473,24.9009573241,2126518.0,25.98,0.0,26.04,25.29,25.39,1.0,2126518.0,4,22
267,2016-01-21,24.5086618169,25.3619045452,24.1457884726,25.3619045452,2424754.0,24.99,0.0,25.86,24.62,25.86,1.0,2424754.0,3,21
268,2016-01-20,25.2638306684,25.459978422,24.4302027154,24.4988544292,4367246.0,25.76,0.0,25.96,24.91,24.98,1.0,4367246.0,2,20
269,2016-01-19,25.028453364,25.4305562589,24.5822172245,24.842112998,3467587.0,25.52,0.0,25.93,25.065,25.33,1.0,3467587.0,1,19
270,2016-01-15,24.4498174908,25.0137422825,24.2047308726,24.5871209183,2935305.0,24.93,0.0,25.505,24.6801,25.07,1.0,2935305.0,4,15
271,2016-01-14,25.3520971575,25.459978422,24.8903653454,25.1657567915,2077031.0,25.85,0.0,25.96,25.3792,25.66,1.0,2077031.0,3,14
272,2016-01-13,25.1657567915,25.8816960923,25.0088385886,25.5972818495,1967115.0,25.66,0.0,26.39,25.5,26.1,1.0,1967115.0,2,13
273,2016-01-12,25.5678596865,25.9699625814,24.7343298074,25.7836222155,2041437.0,26.07,0.0,26.48,25.2201,26.29,1.0,2041437.0,1,12
274,2016-01-11,25.459978422,25.6365114003,25.0088385886,25.5874744619,1244634.0,25.96,0.0,26.14,25.5,26.09,1.0,1244634.0,0,11
275,2016-01-08,25.3717119329,26.3083174565,25.2638306684,25.9013108677,1349027.0,25.87,0.0,26.825,25.76,26.41,1.0,1349027.0,4,08
276,2016-01-07,25.7443926648,26.2690879057,25.5482449111,25.9503478061,1595591.0,26.25,0.0,26.785,26.05,26.46,1.0,1595591.0,3,07
277,2016-01-06,26.4505245779,26.729054388,26.2641842119,26.2641842119,2717742.0,26.97,0.0,27.254,26.78,26.78,1.0,2717742.0,2,06
278,2016-01-05,26.7153240453,26.8133979221,25.9993847445,26.2347620489,5918297.0,27.24,0.0,27.34,26.51,26.75,1.0,5918297.0,1,05
279,2016-01-04,26.9114717989,26.9507013496,26.3328359257,26.8918570235,3148629.0,27.44,0.0,27.48,26.85,27.42,1.0,3148629.0,0,04
280,2015-12-31,27.431263346,27.7843293026,27.2253082047,27.4606855091,788548.0,27.97,0.0,28.33,27.76,28.0,1.0,788548.0,3,31
281,2015-12-30,27.647025875,27.8529810164,27.3233820815,27.833366241,856852.0,28.19,0.0,28.4,27.86,28.38,1.0,856852.0,2,30
282,2015-12-29,27.862788404,27.9118253424,27.4704928968,27.6372184874,1101033.0,28.41,0.0,28.46,28.01,28.18,1.0,1101033.0,1,29
283,2015-12-28,27.4214559584,27.5979889366,27.0880047772,27.3724190199,1262320.0,27.96,0.0,28.14,27.62,27.91,1.0,1262320.0,0,28
284,2015-12-24,27.4606855091,27.6568332627,27.1811749601,27.5391446105,335310.0,28.0,0.0,28.2,27.715,28.08,1.0,335310.0,3,24
285,2015-12-23,27.4999150598,27.5686648475,27.2253082047,27.5195298352,1384370.0,28.04,0.0,28.1101,27.76,28.06,1.0,1384370.0,2,23
286,2015-12-22,27.3724190199,28.3629651758,27.3037673062,28.0098992193,1700282.0,27.91,0.0,28.92,27.84,28.56,1.0,1700282.0,1,22
287,2015-12-21,27.8039440779,28.3727725635,27.5685667736,28.1472026468,1191284.0,28.35,0.0,28.93,28.11,28.7,1.0,1191284.0,0,21
288,2015-12-18,28.0589361577,28.4414242773,27.7647145272,28.0197066069,4837411.0,28.61,0.0,29.0,28.31,28.57,1.0,4837411.0,4,18
289,2015-12-17,28.2158543606,29.2259172179,28.2060469729,29.1083266396,1427772.0,28.77,0.09,29.7999,28.76,29.68,1.0,1427772.0,3,17
290,2015-12-16,28.8806769858,28.9295610024,28.0692023109,28.47982805,1900484.0,29.54,0.0,29.59,28.71,29.13,1.0,1900484.0,2,16
291,2015-12-15,28.2549615738,28.3136223937,27.5803621453,27.6194693585,1451655.0,28.9,0.0,28.96,28.21,28.25,1.0,1451655.0,1,15
292,2015-12-14,27.2968348492,28.323399197,27.0524147664,27.1208523896,1549409.0,27.92,0.0,28.97,27.67,27.74,1.0,1549409.0,0,14
293,2015-12-11,27.1404059962,27.9127734579,27.0524147664,27.6879069817,1670151.0,27.76,0.0,28.55,27.67,28.32,1.0,1670151.0,4,11
294,2015-12-10,27.9616574744,28.2940687871,27.7465678016,27.8736662446,1206817.0,28.6,0.0,28.94,28.38,28.51,1.0,1206817.0,3,10
295,2015-12-09,27.9323270645,28.5678192798,27.7661214082,28.4993816567,1554809.0,28.57,0.0,29.22,28.4,29.15,1.0,1554809.0,2,09
296,2015-12-08,28.5580424765,28.6069264931,27.8736662446,28.0692023109,1371720.0,29.21,0.0,29.26,28.51,28.71,1.0,1371720.0,1,08
297,2015-12-07,28.2745151805,29.2130882985,28.1180863275,28.8904537892,1869635.0,28.92,0.0,29.88,28.76,29.55,1.0,1869635.0,0,07
298,2015-12-04,29.0664362488,29.2081998968,28.4504976401,28.6558105097,1229249.0,29.73,0.0,29.875,29.1,29.31,1.0,1229249.0,4,04
299,2015-12-03,28.665587313,29.134873872,28.4700512467,28.8611233792,1982461.0,29.32,0.0,29.8,29.12,29.52,1.0,1982461.0,3,03
300,2015-12-02,28.8122393627,29.2033114952,28.5775960832,29.1739810852,1220598.0,29.47,0.0,29.87,29.23,29.84,1.0,1220598.0,2,02
301,2015-12-01,29.0859898554,29.1397622736,28.6460337063,28.8122393627,1718410.0,29.75,0.0,29.805,29.3,29.47,1.0,1718410.0,1,01
302,2015-11-30,28.6069264931,29.105543462,28.4162788285,28.978445019,9981521.0,29.26,0.0,29.77,29.065,29.64,1.0,9981521.0,0,30
303,2015-11-27,29.0175522322,29.2228651018,28.665587313,28.9197841991,1291290.0,29.68,0.0,29.89,29.32,29.58,1.0,1291290.0,4,27
304,2015-11-25,28.822016166,29.2521955117,27.8785546463,28.0203182943,2393989.0,29.48,0.0,29.92,28.515,28.66,1.0,2393989.0,2,25
305,2015-11-24,27.9225502612,28.9393378057,27.6585765718,28.9393378057,3108427.0,28.56,0.0,29.6,28.29,29.6,1.0,3108427.0,1,24
306,2015-11-23,29.2424187084,29.3304099382,28.8513465759,28.9588914123,1864355.0,29.91,0.0,30.0,29.51,29.62,1.0,1864355.0,0,23
307,2015-11-20,28.8513465759,28.9295610024,28.4113904268,28.6949177229,1337508.0,29.51,0.0,29.59,29.06,29.35,1.0,1337508.0,4,20
308,2015-11-19,28.50915846,28.5287120666,27.1012987829,28.1180863275,1608252.0,29.16,0.0,29.18,27.72,28.76,1.0,1608252.0,3,19
309,2015-11-18,28.181635549,28.2256311639,27.2577276359,27.384826079,1867076.0,28.825,0.0,28.87,27.88,28.01,1.0,1867076.0,2,18
310,2015-11-17,27.384826079,27.697683785,27.060236209,27.2577276359,1805023.0,28.01,0.0,28.33,27.678,27.88,1.0,1805023.0,1,17
311,2015-11-16,27.1110755862,27.4923709154,26.9546467332,27.4141564889,2326540.0,27.73,0.0,28.12,27.57,28.04,1.0,2326540.0,0,16
312,2015-11-13,27.5021477188,28.0887559175,27.3750492757,27.9421038678,3416806.0,28.13,0.0,28.73,28.0,28.58,1.0,3416806.0,4,13
313,2015-11-12,27.9812110811,28.50915846,27.9469922695,28.352729607,1979171.0,28.62,0.0,29.16,28.585,29.0,1.0,1979171.0,3,12
314,2015-11-11,28.5873728865,28.6753641163,28.352729607,28.4602744434,1657497.0,29.24,0.0,29.33,29.0,29.11,1.0,1657497.0,2,11
315,2015-11-10,28.3429528036,28.5580424765,28.2647383771,28.323399197,1902655.0,28.99,0.0,29.21,28.91,28.97,1.0,1902655.0,1,10
316,2015-11-09,28.4896048533,28.8415697726,28.2354079672,28.6558105097,2243094.0,29.14,0.0,29.5,28.88,29.31,1.0,2243094.0,0,09
317,2015-11-06,28.7438017395,28.7731321494,28.1914123523,28.5873728865,3270214.0,29.4,0.0,29.43,28.835,29.24,1.0,3270214.0,4,06
318,2015-11-05,28.5189352633,28.978445019,28.2940687871,28.8513465759,9785737.0,29.17,0.0,29.64,28.94,29.51,1.0,9785737.0,3,05
319,2015-11-04,29.2033114952,29.3304099382,28.4993816567,29.134873872,1641396.0,29.87,0.0,30.0,29.15,29.8,1.0,1641396.0,2,04
320,2015-11-03,28.9588914123,29.2033114952,28.7144713295,29.1935346919,1420793.0,29.62,0.0,29.87,29.37,29.86,1.0,1420793.0,1,03
321,2015-11-02,29.1153202654,29.2424187084,28.665587313,28.6851409196,1468646.0,29.78,0.0,29.91,29.32,29.34,1.0,1468646.0,0,02
322,2015-10-30,28.665587313,29.3010795283,28.1415506554,28.949114609,1568052.0,29.32,0.0,29.97,28.784,29.61,1.0,1568052.0,4,30
323,2015-10-29,28.8415697726,29.6237140376,28.0007646877,29.5552764144,3792131.0,29.5,0.0,30.3,28.64,30.23,1.0,3792131.0,3,29
324,2015-10-28,29.5552764144,29.775254489,28.8122393627,28.9588914123,1721539.0,30.23,0.0,30.455,29.47,29.62,1.0,1721539.0,2,28
325,2015-10-27,28.8904537892,29.0468826422,28.5971496898,28.8024625593,1590842.0,29.55,0.0,29.71,29.25,29.46,1.0,1590842.0,1,27
326,2015-10-26,28.9100073958,29.3304099382,28.8317929693,29.2815259217,1089530.0,29.57,0.0,30.0,29.49,29.95,1.0,1089530.0,0,26
327,2015-10-23,29.1837578885,29.4575083813,29.0957666587,29.4575083813,926024.0,29.85,0.0,30.13,29.76,30.13,1.0,926024.0,4,23
328,2015-10-22,29.134873872,29.3792939548,28.7731321494,28.9295610024,970850.0,29.8,0.0,30.05,29.43,29.59,1.0,970850.0,3,22
329,2015-10-21,28.7242481328,29.3450751432,28.665587313,29.134873872,1001051.0,29.38,0.0,30.015,29.32,29.8,1.0,1001051.0,2,21
330,2015-10-20,29.1446506753,29.5748300211,29.0077754289,29.2033114952,1474948.0,29.81,0.0,30.25,29.67,29.87,1.0,1474948.0,1,20
331,2015-10-19,29.1153202654,29.134873872,28.5873728865,28.6264800997,908203.0,29.78,0.0,29.8,29.24,29.28,1.0,908203.0,0,19
332,2015-10-16,28.9197841991,29.0468826422,28.5971496898,28.8415697726,938948.0,29.58,0.0,29.71,29.25,29.5,1.0,938948.0,4,16
333,2015-10-15,28.8317929693,28.8415697726,27.7367909983,27.8345590314,1189765.0,29.49,0.0,29.5,28.37,28.47,1.0,1189765.0,3,15
334,2015-10-14,27.8443358347,28.6753641163,27.6781301784,28.4309440335,1521572.0,28.48,0.0,29.33,28.31,29.08,1.0,1521572.0,2,14
335,2015-10-13,28.4407208368,28.8611233792,28.1278631308,28.1278631308,1427786.0,29.09,0.0,29.52,28.77,28.77,1.0,1427786.0,1,13
336,2015-10-12,28.196300754,28.4504976401,27.854112638,28.0985327208,918882.0,28.84,0.0,29.1,28.49,28.74,1.0,918882.0,0,12
337,2015-10-09,28.1180863275,28.2940687871,27.7954518181,28.2256311639,911806.0,28.76,0.0,28.94,28.43,28.87,1.0,911806.0,4,09
338,2015-10-08,28.196300754,28.4309440335,27.4239332922,28.1278631308,1309753.0,28.84,0.0,29.08,28.05,28.77,1.0,1309753.0,3,08
339,2015-10-07,28.1571935407,28.3038455904,27.4532637022,27.6683533751,1342037.0,28.8,0.0,28.95,28.08,28.3,1.0,1342037.0,2,07
340,2015-10-06,27.7270141949,28.3136223937,27.4825941121,27.8638894413,1512450.0,28.36,0.0,28.96,28.11,28.5,1.0,1512450.0,1,06
341,2015-10-05,27.8834430479,28.3135246257,27.4141564889,27.7661214082,1964768.0,28.52,0.0,28.9599,28.04,28.4,1.0,1964768.0,0,05
342,2015-10-02,27.4239332922,27.4337100956,26.4071457477,26.7395570604,1347818.0,28.05,0.0,28.06,27.01,27.35,1.0,1347818.0,4,02
343,2015-10-01,27.0133075531,27.0230843564,26.1920560748,26.6613426339,1015553.0,27.63,0.0,27.64,26.79,27.27,1.0,1015553.0,3,01
344,2015-09-30,26.573351404,26.9350931266,26.260493698,26.6417890272,1554963.0,27.18,0.0,27.55,26.86,27.25,1.0,1554963.0,2,30
345,2015-09-29,26.4071457477,26.5244673875,26.2018328782,26.3875921411,1738354.0,27.01,0.0,27.13,26.8,26.99,1.0,1738354.0,1,29
346,2015-09-28,26.3973689444,27.3554956691,26.289824108,27.228397226,1369103.0,27.0,0.0,27.98,26.89,27.85,1.0,1369103.0,0,28
347,2015-09-25,27.3163884558,27.697683785,27.1012987829,27.6194693585,978736.0,27.94,0.0,28.33,27.72,28.25,1.0,978736.0,4,25
348,2015-09-24,27.2772812426,27.6683533751,26.9790887415,27.384826079,936936.0,27.9,0.0,28.3,27.595,28.01,1.0,936936.0,3,24
349,2015-09-23,27.5705853419,27.8052286214,27.2675044392,27.4337100956,1217465.0,28.2,0.0,28.44,27.89,28.06,1.0,1217465.0,2,23
350,2015-09-22,27.2968348492,27.4435846669,27.1501827995,27.3457188657,1367540.0,27.92,0.0,28.0701,27.77,27.97,1.0,1367540.0,1,22
351,2015-09-21,27.6683533751,28.0789791142,27.5705853419,27.9323270645,1194453.0,28.3,0.0,28.72,28.2,28.57,1.0,1194453.0,0,21
352,2015-09-18,27.7758982115,28.0007646877,27.6879069817,27.7074605883,1281427.0,28.41,0.0,28.64,28.32,28.34,1.0,1281427.0,4,18
353,2015-09-17,28.0496487043,28.4407208368,27.9225502612,28.3136223937,1568095.0,28.69,0.09,29.09,28.56,28.96,1.0,1568095.0,3,17
354,2015-09-16,28.0983798521,28.5954375602,27.9570595233,28.5856913306,1921990.0,28.83,0.0,29.34,28.685,29.33,1.0,1921990.0,2,16
355,2015-09-15,28.5954375602,28.8585857586,27.7572618171,27.8937090311,2715417.0,29.34,0.0,29.61,28.48,28.62,1.0,2715417.0,1,15
356,2015-09-14,27.7962467354,27.9619326381,27.6354339475,27.7572618171,1883021.0,28.52,0.0,28.69,28.355,28.48,1.0,1883021.0,0,14
357,2015-09-11,27.7572618171,27.8254854241,27.6305608327,27.7865005059,1277476.0,28.48,0.0,28.55,28.35,28.51,1.0,1277476.0,4,11
358,2015-09-10,27.805992965,28.0301562451,27.5818296849,27.6987844397,1811372.0,28.53,0.0,28.76,28.3,28.42,1.0,1811372.0,3,10
359,2015-09-09,27.737769358,28.3712742801,27.6500532919,28.0886336225,1447140.0,28.46,0.0,29.11,28.37,28.82,1.0,1447140.0,2,09
360,2015-09-08,27.9034552607,27.9326939494,26.9385785332,27.5038598483,1385392.0,28.63,0.0,28.66,27.64,28.22,1.0,1385392.0,1,08
361,2015-09-04,27.0750257472,27.2114729612,26.7436539418,26.8313700079,1028409.0,27.78,0.0,27.92,27.44,27.53,1.0,1028409.0,4,04
362,2015-09-03,27.1822342725,27.3479201752,26.8703549262,26.8703549262,1413126.0,27.89,0.0,28.06,27.57,27.57,1.0,1413126.0,3,03
363,2015-09-02,26.8118775488,26.8216237784,26.1198952493,26.4122821364,1426314.0,27.51,0.0,27.52,26.8,27.1,1.0,1426314.0,2,02
364,2015-09-01,26.1198952493,26.3732972181,25.7202998369,25.9249706579,1640302.0,26.8,0.0,27.06,26.39,26.6,1.0,1640302.0,1,01
365,2015-08-31,26.5292368912,27.0847719768,26.3937643002,26.8508624671,1560271.0,27.22,0.0,27.79,27.081,27.55,1.0,1560271.0,0,31
366,2015-08-28,27.1042644359,27.3089352569,26.7826388601,26.8508624671,1425530.0,27.81,0.0,28.02,27.48,27.55,1.0,1425530.0,4,28
367,2015-08-27,26.9678172219,27.3381739456,26.4463939399,26.9580709924,3339595.0,27.67,0.0,28.05,27.135,27.66,1.0,3339595.0,3,27
368,2015-08-26,26.490251973,26.4999982025,25.0770486852,26.1978650858,2742081.0,27.18,0.0,27.19,25.73,26.88,1.0,2742081.0,2,26
369,2015-08-25,25.2329883584,26.3002004963,25.2232421288,25.7592847552,2600108.0,25.89,0.0,26.985,25.88,26.43,1.0,2600108.0,1,25
370,2015-08-24,25.1062873739,26.0321791831,24.6092296658,25.7202998369,3195313.0,25.76,0.0,26.71,25.25,26.39,1.0,3195313.0,0,24
371,2015-08-21,26.626699187,27.5136060779,26.6169529574,27.4161437822,1295798.0,27.32,0.0,28.23,27.31,28.13,1.0,1295798.0,4,21
372,2015-08-20,27.6403070623,28.0399024747,27.6305608327,27.7475155876,1219082.0,28.36,0.0,28.77,28.35,28.47,1.0,1219082.0,3,20
373,2015-08-19,28.0009175564,28.1568572295,27.6890382102,28.0301562451,1189395.0,28.73,0.0,28.89,28.41,28.76,1.0,1189395.0,2,19
374,2015-08-18,28.0301562451,28.1276185408,27.7280231284,27.9229477198,1277839.0,28.76,0.0,28.86,28.45,28.65,1.0,1277839.0,1,18
375,2015-08-17,28.215334607,28.3225431322,27.4843673892,27.805992965,1650176.0,28.95,0.0,29.06,28.2,28.53,1.0,1650176.0,0,17
376,2015-08-14,27.7767542763,27.8449778833,27.1432493542,27.3089352569,2877124.0,28.5,0.0,28.57,27.85,28.02,1.0,2877124.0,4,14
377,2015-08-13,27.2309654203,27.3576664047,26.875228041,26.9190860741,1254342.0,27.94,0.0,28.07,27.575,27.62,1.0,1254342.0,3,13
378,2015-08-12,26.9580709924,27.2796965682,26.490251973,27.0652795176,2068776.0,27.66,0.0,27.99,27.18,27.77,1.0,2068776.0,2,12
379,2015-08-11,27.191980502,27.4941136187,27.1140106655,27.3089352569,1443441.0,27.9,0.0,28.21,27.82,28.02,1.0,1443441.0,1,11
380,2015-08-10,27.5428447666,27.942440179,27.4317377495,27.5428447666,1635420.0,28.26,0.0,28.67,28.146,28.26,1.0,1635420.0,0,10
381,2015-08-07,27.4063975526,27.737769358,27.0993913211,27.7182768989,2331738.0,28.12,0.0,28.46,27.805,28.44,1.0,2331738.0,4,07
382,2015-08-06,27.3869050935,28.0691411634,27.260204109,27.4258900117,4095634.0,28.1,0.0,28.8,27.97,28.14,1.0,4095634.0,3,06
383,2015-08-05,27.4258900117,27.4843673892,26.3148198407,26.3635509885,11504576.0,28.14,0.0,28.2,27.0,27.05,1.0,11504576.0,2,05
384,2015-08-04,26.7923850897,27.7767542763,26.4610132843,27.2894427978,5383763.0,27.49,0.0,28.5,27.15,28.0,1.0,5383763.0,1,04
385,2015-08-03,25.7885234439,26.0711641014,25.5741063933,25.8664932804,2709491.0,26.46,0.0,26.75,26.24,26.54,1.0,2709491.0,0,03
386,2015-07-31,25.9249706579,26.0321791831,25.3967250151,25.6618224595,1650127.0,26.6,0.0,26.71,26.058,26.33,1.0,1650127.0,4,31
387,2015-07-30,25.5935988525,25.7105536073,24.9990788487,25.3694355723,823008.0,26.26,0.0,26.38,25.65,26.03,1.0,823008.0,3,30
388,2015-07-29,25.4863903272,25.5058827863,24.6384683545,24.7554231094,1012906.0,26.15,0.0,26.17,25.28,25.4,1.0,1012906.0,2,29
389,2015-07-28,24.6677070433,25.0770486852,24.4435437631,24.8139004868,1368624.0,25.31,0.0,25.73,25.08,25.46,1.0,1368624.0,1,28
390,2015-07-27,24.6482145841,24.8041542572,24.4630362223,24.7846617981,714742.0,25.29,0.0,25.45,25.1,25.43,1.0,714742.0,0,27
391,2015-07-24,24.8528854051,24.9113627825,24.7164381911,24.7944080277,1085166.0,25.5,0.0,25.56,25.36,25.44,1.0,1085166.0,4,24
392,2015-07-23,24.8918703234,25.2914657358,24.7359306503,25.1355260626,504645.0,25.54,0.0,25.95,25.38,25.79,1.0,504645.0,3,23
393,2015-07-22,25.0283175374,25.0770486852,24.7018188468,24.9308552417,944459.0,25.68,0.0,25.73,25.345,25.58,1.0,944459.0,2,22
394,2015-07-21,24.9698401599,25.0380637669,24.901616553,24.9211090121,468194.0,25.62,0.0,25.69,25.55,25.57,1.0,468194.0,1,21
395,2015-07-20,24.9893326191,25.4766440976,24.901616553,25.4084204906,1182230.0,25.64,0.0,26.14,25.55,26.07,1.0,1182230.0,0,20
396,2015-07-17,25.3401968836,25.7202998369,25.2232421288,25.5935988525,802851.0,26.0,0.0,26.39,25.88,26.26,1.0,802851.0,4,17
397,2015-07-16,25.5546139342,25.7592847552,25.2914657358,25.5838526229,1848881.0,26.22,0.0,26.43,25.95,26.25,1.0,1848881.0,3,16
398,2015-07-15,25.4863903272,25.5838526229,25.1745109809,25.3012119653,1409003.0,26.15,0.0,26.25,25.83,25.96,1.0,1409003.0,2,15
399,2015-07-14,25.2232421288,25.3207044245,25.0867949148,25.2232421288,1083078.0,25.88,0.0,25.98,25.74,25.88,1.0,1083078.0,1,14
400,2015-07-13,25.1452722922,25.2719732766,25.0673024557,25.1550185218,1410841.0,25.8,0.0,25.93,25.72,25.81,1.0,1410841.0,0,13
401,2015-07-10,24.9990788487,25.0867949148,24.5994834363,24.6871995024,3587047.0,25.65,0.0,25.74,25.24,25.33,1.0,3587047.0,4,10
402,2015-07-09,24.3753201561,24.424051304,23.3812047399,23.6833378566,1554619.0,25.01,0.0,25.06,23.99,24.3,1.0,1554619.0,3,09
403,2015-07-08,23.4396821174,23.7905463819,23.4299358878,23.7515614636,1267309.0,24.05,0.0,24.41,24.04,24.37,1.0,1267309.0,2,08
404,2015-07-07,23.8880086776,23.8977549072,23.2155188372,23.3909509695,2489777.0,24.51,0.0,24.52,23.82,24.0,1.0,2489777.0,1,07
405,2015-07-06,23.3227273625,23.5273981835,23.1180565415,23.1472952302,1253958.0,23.93,0.0,24.14,23.72,23.75,1.0,1253958.0,0,06
406,2015-07-02,23.4494283469,23.7223227749,23.2057726077,23.6638453975,740770.0,24.06,0.0,24.34,23.81,24.28,1.0,740770.0,3,02
407,2015-07-01,23.6053680201,23.6540991679,23.2545037555,23.3714585104,1348184.0,24.22,0.0,24.27,23.86,23.98,1.0,1348184.0,2,01
408,2015-06-30,23.1960263781,23.2934886738,22.8549083431,23.0985640824,1505197.0,23.8,0.0,23.9,23.45,23.7,1.0,1505197.0,1,30
409,2015-06-29,22.971863098,23.6833378566,22.8256696544,23.6833378566,1741225.0,23.57,0.0,24.3,23.42,24.3,1.0,1741225.0,0,29
410,2015-06-26,23.7808001523,23.9854709733,23.6151142496,23.8490237593,6571955.0,24.4,0.0,24.61,24.23,24.47,1.0,6571955.0,4,26
411,2015-06-25,23.8295313002,23.878262448,23.4494283469,23.5858755609,1942148.0,24.45,0.0,24.5,24.06,24.2,1.0,1942148.0,3,25
412,2015-06-24,23.5956217905,24.1121719577,23.4786670356,24.0342021212,2304275.0,24.21,0.0,24.74,24.09,24.66,1.0,2304275.0,2,24
413,2015-06-23,24.0244558916,24.1414106464,23.878262448,24.0244558916,1293342.0,24.65,0.0,24.77,24.5,24.65,1.0,1293342.0,1,23
414,2015-06-22,24.0342021212,24.1803955647,23.8295313002,23.946486055,1138316.0,24.66,0.0,24.81,24.45,24.57,1.0,1138316.0,0,22
415,2015-06-19,23.8880086776,24.1706493352,23.7710539228,24.0536945803,1091294.0,24.51,0.0,24.8,24.39,24.68,1.0,1091294.0,4,19
416,2015-06-18,24.0244558916,24.082933269,23.6053680201,23.7710539228,1419753.0,24.65,0.0,24.71,24.22,24.39,1.0,1419753.0,3,18
417,2015-06-17,23.7808001523,23.9562322846,23.6540991679,23.6540991679,2182973.0,24.4,0.09,24.58,24.27,24.27,1.0,2182973.0,2,17
418,2015-06-16,23.6157231402,23.7905105648,23.4409357157,23.6934064401,1585431.0,24.32,0.0,24.5,24.14,24.4,1.0,1585431.0,1,16
419,2015-06-15,23.6836960276,23.7419585024,23.0622296291,23.1107816915,2859835.0,24.39,0.0,24.45,23.75,23.8,1.0,2859835.0,0,15
420,2015-06-12,23.6157231402,23.9847188143,23.5186190155,23.9361667519,1651630.0,24.32,0.0,24.7,24.22,24.65,1.0,1651630.0,4,12
421,2015-06-11,24.0332708767,24.1400854139,23.7905105648,24.0041396393,865527.0,24.75,0.0,24.86,24.5,24.72,1.0,865527.0,3,11
422,2015-06-10,23.897325102,24.2857416011,23.6487385427,23.916745927,1854209.0,24.61,0.0,25.01,24.354,24.63,1.0,1854209.0,2,10
423,2015-06-09,23.8099313898,24.2760311886,23.6351439652,24.1303750014,4466697.0,24.52,0.0,25.0,24.34,24.85,1.0,4466697.0,1,09
424,2015-06-08,24.5576331504,24.8295246997,24.4799498506,24.7712622248,773266.0,25.29,0.0,25.57,25.21,25.51,1.0,773266.0,0,08
425,2015-06-05,24.8198142872,25.2567828486,24.7712622248,25.1305474864,1342000.0,25.56,0.0,26.01,25.51,25.88,1.0,1342000.0,4,05
426,2015-06-04,25.101416249,25.1451131051,24.6256060377,24.6644476876,3070492.0,25.85,0.0,25.895,25.36,25.4,1.0,3070492.0,3,04
427,2015-06-03,24.71299975,25.081995424,23.8400336684,24.7615518123,9422071.0,25.45,0.0,25.83,24.551,25.5,1.0,9422071.0,2,03
428,2015-06-02,25.2956244985,25.8394075971,25.2616380548,25.7228826474,1803751.0,26.05,0.0,26.61,26.015,26.49,1.0,1803751.0,1,02
429,2015-06-01,25.7034618225,25.7811451223,25.2179411987,25.489832748,2519238.0,26.47,0.0,26.55,25.97,26.25,1.0,2519238.0,0,01
430,2015-05-29,25.3344661484,25.5626608416,24.9072079995,25.2470724361,3498928.0,26.09,0.0,26.325,25.65,26.0,1.0,3498928.0,4,29
431,2015-05-28,25.2470724361,25.5383848104,25.1888099613,25.3733077983,2014710.0,26.0,0.0,26.3,25.94,26.13,1.0,2014710.0,3,28
432,2015-05-27,25.489832748,25.6451993476,25.285914086,25.4412806856,2184715.0,26.25,0.0,26.41,26.04,26.2,1.0,2184715.0,2,27
433,2015-05-26,25.4801223355,25.5383848104,25.1693891363,25.4024390357,1747170.0,26.24,0.0,26.3,25.92,26.16,1.0,1747170.0,1,26
434,2015-05-22,25.4024390357,25.489832748,25.0237329492,25.2762036735,1659479.0,26.16,0.0,26.25,25.77,26.03,1.0,1659479.0,4,22
435,2015-05-21,25.3733077983,25.6451993476,25.285914086,25.3150453234,10505367.0,26.13,0.0,26.41,26.04,26.07,1.0,10505367.0,3,21
436,2015-05-20,25.7228826474,25.8296971846,25.5189639854,25.8005659472,849597.0,26.49,0.0,26.6,26.28,26.57,1.0,849597.0,2,20
437,2015-05-19,25.7617242973,26.0530366716,24.7735927238,24.8101038747,1065275.0,26.53,0.0,26.83,25.5124,25.55,1.0,1065275.0,1,19
438,2015-05-18,25.2956244985,25.6354889351,25.081995424,25.5286743979,1031457.0,26.05,0.0,26.4,25.83,26.29,1.0,1031457.0,0,18
439,2015-05-15,25.4315702732,25.9365117219,25.2956244985,25.7325930599,1130792.0,26.19,0.0,26.71,26.05,26.5,1.0,1130792.0,4,15
440,2015-05-14,25.6160681102,25.674330585,24.9363392369,25.0043121242,1368951.0,26.38,0.0,26.44,25.68,25.75,1.0,1368951.0,3,14
441,2015-05-13,24.7615518123,25.0431537741,24.7324205749,24.7421309874,325585.0,25.5,0.0,25.79,25.47,25.48,1.0,325585.0,2,13
442,2015-05-12,24.7615518123,24.8877871745,24.1497958264,24.3634249009,1439246.0,25.5,0.0,25.63,24.87,25.09,1.0,1439246.0,1,12
443,2015-05-11,24.5187915005,24.7421309874,24.2371895387,24.489660263,789680.0,25.25,0.0,25.48,24.96,25.22,1.0,789680.0,0,11
444,2015-05-08,24.4799498506,25.0334433617,24.4508186131,24.693578925,1058615.0,25.21,0.0,25.78,25.18,25.43,1.0,1058615.0,4,08
445,2015-05-07,24.5673435628,25.0256750317,24.5673435628,24.9460496494,1164676.0,25.3,0.0,25.772,25.3,25.69,1.0,1164676.0,3,07
446,2015-05-06,24.9946017118,25.1693891363,24.7906830498,25.081995424,1217860.0,25.74,0.0,25.92,25.53,25.83,1.0,1217860.0,2,06
447,2015-05-05,24.6353164502,25.1888099613,24.4175118983,24.5673435628,1048872.0,25.37,0.0,25.94,25.1457,25.3,1.0,1048872.0,1,05
448,2015-05-04,24.6838685125,24.7421309874,24.4702394381,24.5479227379,580168.0,25.42,0.0,25.48,25.2,25.28,1.0,580168.0,0,04
449,2015-05-01,24.4993706755,24.5479227379,24.2177687137,24.3342936634,452967.0,25.23,0.0,25.28,24.94,25.06,1.0,452967.0,4,01
450,2015-04-30,24.1692166513,24.3847878083,24.0915333515,24.3440040759,376102.0,24.89,0.0,25.112,24.81,25.07,1.0,376102.0,3,30
451,2015-04-29,24.3828457258,24.6644476876,24.2954520135,24.4119769632,414278.0,25.11,0.0,25.4,25.02,25.14,1.0,414278.0,2,29
452,2015-04-28,24.5673435628,24.6256060377,24.4022665508,24.5673435628,212404.0,25.3,0.0,25.36,25.13,25.3,1.0,212404.0,1,28
453,2015-04-27,24.5479227379,25.0140225367,24.489660263,24.8683663496,510481.0,25.28,0.0,25.76,25.22,25.61,1.0,510481.0,0,27
454,2015-04-24,24.8003934622,24.8295246997,24.5721987691,24.693578925,424859.0,25.54,0.0,25.57,25.305,25.43,1.0,424859.0,4,24
455,2015-04-23,24.6450268626,24.7032893375,24.3459461584,24.4216873757,605637.0,25.38,0.0,25.44,25.072,25.15,1.0,605637.0,3,23
456,2015-04-22,24.4799498506,24.6838685125,24.4508186131,24.5964748003,1208324.0,25.21,0.0,25.42,25.18,25.33,1.0,1208324.0,2,22
457,2015-04-21,24.509081088,24.6450268626,24.1808691463,24.305162426,969845.0,25.24,0.0,25.38,24.902,25.03,1.0,969845.0,1,21
458,2015-04-20,24.1789270638,24.5187915005,24.0721125266,24.305162426,1149250.0,24.9,0.0,25.25,24.79,25.03,1.0,1149250.0,0,20
459,2015-04-17,24.2274791262,24.6741581001,24.2080583012,24.5673435628,1027318.0,24.95,0.0,25.41,24.93,25.3,1.0,1027318.0,4,17
460,2015-04-16,24.6838685125,25.1499683114,24.6450268626,25.0528641866,617940.0,25.42,0.0,25.9,25.38,25.8,1.0,617940.0,3,16
461,2015-04-15,25.0431537741,25.081995424,24.5770539753,24.7227101624,642784.0,25.79,0.0,25.83,25.31,25.46,1.0,642784.0,2,15
462,2015-04-14,24.7324205749,25.285914086,24.6158956252,24.897497587,1222176.0,25.47,0.0,26.04,25.35,25.64,1.0,1222176.0,1,14
463,2015-04-13,24.4993706755,24.71299975,24.4508186131,24.489660263,611641.0,25.23,0.0,25.45,25.18,25.22,1.0,611641.0,0,13
464,2015-04-10,24.489660263,24.5479227379,24.324583251,24.509081088,1089326.0,25.22,0.0,25.28,25.05,25.24,1.0,1089326.0,4,10
465,2015-04-09,24.4313977882,24.4653842318,23.9750084018,24.1109541765,755330.0,25.16,0.0,25.195,24.69,24.83,1.0,755330.0,3,09
466,2015-04-08,24.1497958264,24.2468999512,23.6934064401,23.8196418022,700965.0,24.87,0.0,24.97,24.4,24.53,1.0,700965.0,2,08
467,2015-04-07,23.8681938646,23.9652979894,23.7516689149,23.9652979894,1356421.0,24.58,0.0,24.68,24.46,24.68,1.0,1356421.0,1,07
468,2015-04-06,23.8293522147,23.9944292268,23.3438315909,23.7905105648,1898126.0,24.54,0.0,24.71,24.04,24.5,1.0,1898126.0,0,06
469,2015-04-02,23.4312253032,23.4700669531,22.8874422046,23.0136775668,1053619.0,24.13,0.0,24.17,23.57,23.7,1.0,1053619.0,3,02
470,2015-04-01,22.9748359169,23.5963023153,22.7709172549,23.5963023153,2146332.0,23.66,0.0,24.3,23.45,24.3,1.0,2146332.0,2,01
471,2015-03-31,23.5963023153,23.7710897399,23.304989941,23.7710897399,784383.0,24.3,0.0,24.48,24.0,24.48,1.0,784383.0,1,31
472,2015-03-30,23.7710897399,23.8390626272,23.2564378787,23.2564378787,938719.0,24.48,0.0,24.55,23.95,23.95,1.0,938719.0,0,30
473,2015-03-27,23.1884649913,23.4506461282,22.8034471367,23.0622296291,1049654.0,23.88,0.0,24.15,23.4835,23.75,1.0,1049654.0,4,27
474,2015-03-26,22.9845463293,23.1107816915,22.1688716814,22.3048174561,1068532.0,23.67,0.0,23.8,22.83,22.97,1.0,1068532.0,3,26
475,2015-03-25,22.3533695184,22.5572881804,22.3339486935,22.5572881804,1341384.0,23.02,0.0,23.23,23.0,23.23,1.0,1341384.0,2,25
476,2015-03-24,22.4601840557,22.5961298303,22.1980029188,22.4796048806,875166.0,23.13,0.0,23.27,22.86,23.15,1.0,875166.0,1,24
477,2015-03-23,22.4504736432,22.5815642116,22.0960435878,22.120319619,499607.0,23.12,0.0,23.255,22.755,22.78,1.0,499607.0,0,23
478,2015-03-20,22.1494508565,22.3339486935,22.0717675567,22.2271341563,900679.0,22.81,0.0,23.0,22.73,22.89,1.0,900679.0,4,20
479,2015-03-19,22.0329259068,22.3339486935,21.63538162,21.6639302327,2300696.0,22.69,0.0,23.0,22.2806,22.31,1.0,2300696.0,3,19
480,2015-03-18,21.7416135325,21.751323945,21.1492783715,21.4503011582,3855406.0,22.39,0.0,22.4,21.78,22.09,1.0,3855406.0,2,18
481,2015-03-17,21.4308803333,21.9455321945,21.3580522397,21.7707447699,617122.0,22.07,0.0,22.6,21.995,22.42,1.0,617122.0,1,17
482,2015-03-16,21.7804551824,21.8969801321,21.3726178584,21.5182740456,1074319.0,22.43,0.0,22.55,22.01,22.16,1.0,1074319.0,0,16
483,2015-03-13,21.4697219832,21.6736406452,21.2658033212,21.5571156955,1209102.0,22.11,0.0,22.32,21.9,22.2,1.0,1209102.0,4,13
484,2015-03-12,21.5085636331,21.527984458,20.935649297,21.0230430093,1206491.0,22.15,0.09,22.17,21.56,21.65,1.0,1206491.0,3,12
485,2015-03-11,20.9814877707,21.2571145978,20.7929009942,21.1313900802,1049431.0,21.695,0.0,21.98,21.5,21.85,1.0,1049431.0,2,11
486,2015-03-10,21.063692263,21.1797456639,20.763887644,20.8605988114,2110247.0,21.78,0.0,21.9,21.47,21.57,1.0,2110247.0,1,10
487,2015-03-09,20.986323329,21.0346789127,20.6236564512,20.8025721109,702782.0,21.7,0.0,21.75,21.325,21.51,1.0,702782.0,0,09
488,2015-03-06,20.7348742938,20.986323329,20.5511230757,20.8412565779,806888.0,21.44,0.0,21.7,21.25,21.55,1.0,806888.0,4,06
489,2015-03-05,20.9766522123,21.2087590141,20.7832298775,20.986323329,668109.0,21.69,0.0,21.93,21.49,21.7,1.0,668109.0,3,05
490,2015-03-04,20.9573099788,21.2184301308,20.8702699281,21.2184301308,896131.0,21.67,0.0,21.94,21.58,21.94,1.0,896131.0,2,04
491,2015-03-03,21.2184301308,21.2764568313,21.0153366793,21.0830344965,1165643.0,21.94,0.0,22.0,21.73,21.8,1.0,1165643.0,1,03
492,2015-03-02,21.1217189634,21.1797456639,20.8702699281,20.9476388621,1252904.0,21.84,0.0,21.9,21.58,21.66,1.0,1252904.0,0,02
493,2015-02-27,21.0443500295,21.194252339,20.763887644,21.0927056132,763702.0,21.76,0.0,21.915,21.47,21.81,1.0,763702.0,4,27
494,2015-02-26,20.9959944458,21.324812415,20.8799410449,21.1604034304,3010517.0,21.71,0.0,22.05,21.59,21.88,1.0,3010517.0,3,26
495,2015-02-25,21.1023767299,21.1410611969,20.7348742938,20.9282966286,1082430.0,21.82,0.0,21.86,21.44,21.64,1.0,1082430.0,2,25
496,2015-02-24,20.9186255118,20.9186255118,20.3093451571,20.6478342431,1005006.0,21.63,0.0,21.63,21.0,21.35,1.0,1005006.0,1,24
497,2015-02-23,20.6381631263,20.8605988114,20.4544119083,20.4544119083,922653.0,21.34,0.0,21.57,21.15,21.15,1.0,922653.0,0,23
498,2015-02-20,20.5317808422,20.7929009942,20.4060563245,20.7929009942,1591838.0,21.23,0.0,21.5,21.1,21.5,1.0,1591838.0,4,20
499,2015-02-19,20.8605988114,21.3925102322,20.8364210195,21.3054701815,3374282.0,21.57,0.0,22.12,21.545,22.03,1.0,3374282.0,3,19
500,2015-02-18,21.3054701815,21.9631061199,20.8122432277,21.2667857145,1949870.0,22.03,0.0,22.71,21.52,21.99,1.0,1949870.0,2,18
501,2015-02-17,21.3828391154,21.4021813489,20.9476388621,21.1313900802,897951.0,22.11,0.0,22.13,21.66,21.85,1.0,897951.0,1,17
502,2015-02-13,21.025007796,21.3731679987,20.986323329,21.0540211462,2102141.0,21.74,0.0,22.1,21.7,21.77,1.0,2102141.0,4,13
503,2015-02-12,21.0346789127,21.2909635064,20.8992832784,21.2474434811,1427642.0,21.75,0.0,22.015,21.61,21.97,1.0,1427642.0,3,12
504,2015-02-11,21.063692263,21.1120478467,20.8412565779,20.9766522123,824311.0,21.78,0.0,21.83,21.55,21.69,1.0,824311.0,2,11
505,2015-02-10,20.9379677453,21.585932567,20.9089543951,21.585932567,2179693.0,21.65,0.0,22.32,21.62,22.32,1.0,2179693.0,1,10
506,2015-02-09,21.3731679987,21.5230703082,20.9959944458,21.363496882,1163207.0,22.1,0.0,22.255,21.71,22.09,1.0,1163207.0,0,09
507,2015-02-06,21.4505369326,21.624617034,20.986323329,21.2281012476,2289622.0,22.18,0.0,22.36,21.7,21.95,1.0,2289622.0,4,06
508,2015-02-05,21.3925102322,21.4698791661,20.2996740404,20.3190162739,10600636.0,22.12,0.0,22.2,20.99,21.01,1.0,10600636.0,3,05
509,2015-02-04,20.4834252585,20.8412565779,19.903158254,20.1739495228,842073.0,21.18,0.0,21.55,20.58,20.86,1.0,842073.0,2,04
510,2015-02-03,20.164278406,20.3383585074,19.4969713508,19.5840114015,940347.0,20.85,0.0,21.03,20.16,20.25,1.0,940347.0,1,03
511,2015-02-02,19.8064470866,19.8257893201,19.2648645491,19.7097359192,1113800.0,20.48,0.0,20.5,19.92,20.38,1.0,1113800.0,0,02
512,2015-01-30,19.7580915029,19.8354604368,19.5356558178,19.7387492694,621417.0,20.43,0.0,20.51,20.2,20.41,1.0,621417.0,4,30
513,2015-01-29,19.8548026703,19.8934871372,19.1101266812,19.4292735337,627333.0,20.53,0.0,20.57,19.76,20.09,1.0,627333.0,3,29
514,2015-01-28,19.38091795,19.6710514522,19.1004555644,19.4776291174,476847.0,20.04,0.0,20.34,19.75,20.14,1.0,476847.0,2,28
515,2015-01-27,19.4002601834,19.4079970768,18.8006509455,18.9940732803,638384.0,20.06,0.0,20.068,19.44,19.64,1.0,638384.0,1,27
516,2015-01-26,19.2745356658,19.7967759698,18.5878863771,19.5840114015,1264337.0,19.93,0.0,20.47,19.22,20.25,1.0,1264337.0,0,26
517,2015-01-23,20.0288827716,20.164278406,19.6903936857,19.8741449038,875415.0,20.71,0.0,20.85,20.36,20.55,1.0,875415.0,4,23
518,2015-01-22,19.8064470866,19.941842721,19.303549016,19.342233483,1148232.0,20.48,0.0,20.62,19.96,20.0,1.0,1148232.0,3,22
519,2015-01-21,19.2938778993,19.4002601834,19.1488111482,19.2938778993,530267.0,19.95,0.0,20.06,19.8,19.95,1.0,530267.0,2,21
520,2015-01-20,19.2938778993,19.342233483,18.9070332296,18.9844021635,406020.0,19.95,0.0,20.0,19.55,19.63,1.0,406020.0,1,20
521,2015-01-16,19.0520999807,19.342233483,18.9360465798,19.003744397,395680.0,19.7,0.0,20.0,19.58,19.65,1.0,395680.0,4,16
522,2015-01-15,18.7619664785,19.3654441632,18.6942686613,19.003744397,335711.0,19.4,0.0,20.024,19.33,19.65,1.0,335711.0,3,15
523,2015-01-14,19.081113331,19.1488111482,18.5975574939,18.5975574939,504404.0,19.73,0.0,19.8,19.23,19.23,1.0,504404.0,2,14
524,2015-01-13,18.9844021635,19.5840114015,18.9360465798,18.9360465798,349951.0,19.63,0.0,20.25,19.58,19.58,1.0,349951.0,1,13
525,2015-01-12,18.8876909961,19.1681533816,18.8199931789,19.1391400314,195904.0,19.53,0.0,19.82,19.46,19.79,1.0,195904.0,0,12
526,2015-01-09,19.1778244984,19.8161182033,19.1584822649,19.1584822649,295387.0,19.83,0.0,20.49,19.81,19.81,1.0,295387.0,4,09
527,2015-01-08,19.5453269346,19.5936825183,19.0134155138,19.0134155138,647555.0,20.21,0.0,20.26,19.66,19.66,1.0,647555.0,3,08
528,2015-01-07,18.8490065292,19.2165089653,18.7716375952,18.8683487627,547716.0,19.49,0.0,19.87,19.41,19.51,1.0,547716.0,2,07
529,2015-01-06,18.8586776459,19.3518078886,18.6459130776,19.2551934323,1226392.0,19.5,0.0,20.0099,19.28,19.91,1.0,1226392.0,1,06
530,2015-01-05,19.1294689147,19.5549980513,18.9167043464,19.5163135843,936595.0,19.78,0.0,20.22,19.56,20.18,1.0,936595.0,0,05
531,2015-01-02,19.4292735337,19.8315919901,19.2068378486,19.642038102,968580.0,20.09,0.0,20.506,19.86,20.31,1.0,968580.0,4,02
532,2014-12-31,19.603353635,19.8161182033,19.5743402848,19.6807225689,118998.0,20.27,0.0,20.49,20.24,20.35,1.0,118998.0,2,31
533,2014-12-30,19.6807225689,19.8354604368,19.5936825183,19.7580915029,179526.0,20.35,0.0,20.51,20.26,20.43,1.0,179526.0,1,30
534,2014-12-29,19.7290781526,19.8257893201,19.564669168,19.7774337364,193815.0,20.4,0.0,20.5,20.23,20.45,1.0,193815.0,0,29
535,2014-12-26,19.7967759698,19.8257893201,19.6517092187,19.7290781526,93750.0,20.47,0.0,20.5,20.32,20.4,1.0,93750.0,4,26
536,2014-12-24,19.7194070359,19.8064470866,19.6323669852,19.6807225689,97257.0,20.39,0.0,20.48,20.3,20.35,1.0,97257.0,2,24
537,2014-12-23,19.6517092187,19.8122497566,19.38091795,19.6613803355,162773.0,20.32,0.0,20.486,20.04,20.33,1.0,162773.0,1,23
538,2014-12-22,19.6517092187,19.8161182033,19.1778244984,19.2842067825,462942.0,20.32,0.0,20.49,19.83,19.94,1.0,462942.0,0,22
539,2014-12-19,19.2842067825,19.7774337364,19.1004555644,19.4776291174,1474785.0,19.94,0.0,20.45,19.75,20.14,1.0,1474785.0,4,19
540,2014-12-18,19.4389446504,19.8934871372,18.9940732803,19.0520999807,937789.0,20.1,0.0,20.57,19.64,19.7,1.0,937789.0,3,18
541,2014-12-17,19.0520999807,19.1391400314,18.703939778,18.7232820115,683404.0,19.7,0.0,19.79,19.34,19.36,1.0,683404.0,2,17
542,2014-12-16,18.7232820115,18.8199931789,18.442819626,18.5298596767,523677.0,19.36,0.0,19.46,19.07,19.16,1.0,523677.0,1,16
543,2014-12-15,18.5782152604,18.8103220622,18.4621618595,18.781308712,492453.0,19.21,0.0,19.45,19.09,19.42,1.0,492453.0,0,15
544,2014-12-12,18.7329531283,18.8490065292,18.3847929256,18.5975574939,564771.0,19.37,0.0,19.49,19.01,19.23,1.0,564771.0,4,12
545,2014-12-11,18.7619664785,18.7909798287,18.2590684079,18.4911752097,624490.0,19.4,0.09,19.43,18.88,19.12,1.0,624490.0,3,11
546,2014-12-10,18.3865346198,18.4442933673,18.0592350506,18.4154139935,455865.0,19.1,0.0,19.16,18.76,19.13,1.0,455865.0,2,10
547,2014-12-09,18.3865346198,18.5598108623,17.9341873623,18.1073673402,1314600.0,19.1,0.0,19.28,18.6301,18.81,1.0,1314600.0,1,09
548,2014-12-08,18.2228848352,18.2902700406,18.126620256,18.1651260877,612804.0,18.93,0.0,19.0,18.83,18.87,1.0,612804.0,0,08
549,2014-12-05,18.2228848352,18.5309314885,17.9533440135,18.5309314885,643211.0,18.93,0.0,19.25,18.65,19.25,1.0,643211.0,4,05
550,2014-12-04,18.5116785727,18.5790637781,17.7993206869,17.895585266,3040206.0,19.23,0.0,19.3,18.49,18.59,1.0,3040206.0,3,04
551,2014-12-03,17.9148381819,17.9148381819,17.7223090236,17.7223090236,688583.0,18.61,0.0,18.61,18.41,18.41,1.0,688583.0,2,03
552,2014-12-02,17.7319354815,17.789694229,17.4720211177,17.558659239,503425.0,18.42,0.0,18.48,18.15,18.24,1.0,503425.0,1,02
553,2014-12-01,17.558659239,18.020729219,17.4912740336,18.020729219,350992.0,18.24,0.0,18.72,18.17,18.72,1.0,350992.0,0,01
554,2014-11-28,18.0399821348,18.0496085927,17.8089471448,17.8089471448,326025.0,18.74,0.0,18.75,18.5,18.5,1.0,326025.0,4,28
555,2014-11-26,17.8570794344,17.9629704715,17.6067915286,17.6164179865,682330.0,18.55,0.0,18.66,18.29,18.3,1.0,682330.0,2,26
556,2014-11-25,17.5779121548,17.895585266,17.4335152861,17.8089471448,1911048.0,18.26,0.0,18.59,18.11,18.5,1.0,1911048.0,1,25
557,2014-11-24,17.7511883973,17.9437175556,17.6645502761,17.8570794344,231823.0,18.44,0.0,18.64,18.35,18.55,1.0,231823.0,0,24
558,2014-11-21,17.8667058923,17.9629704715,17.7511883973,17.9244646398,444472.0,18.56,0.0,18.66,18.44,18.62,1.0,444472.0,4,21
559,2014-11-20,17.8667058923,17.9533440135,17.3661300807,17.4912740336,428057.0,18.56,0.0,18.65,18.04,18.17,1.0,428057.0,3,20
560,2014-11-19,17.4912740336,17.7511883973,17.2987448752,17.5490327811,445105.0,18.17,0.0,18.44,17.97,18.23,1.0,445105.0,2,19
561,2014-11-18,17.5490327811,17.905211724,17.5009004915,17.6067915286,335269.0,18.23,0.0,18.6,18.18,18.29,1.0,335269.0,1,18
562,2014-11-17,17.6356709023,17.905211724,17.4623946598,17.8474529765,401282.0,18.32,0.0,18.6,18.14,18.54,1.0,401282.0,0,17
563,2014-11-14,17.8474529765,17.9244646398,17.0099511378,17.0292040536,835788.0,18.54,0.0,18.62,17.67,17.69,1.0,835788.0,4,14
564,2014-11-13,17.0773363432,17.3179977911,16.8270484374,17.0292040536,481163.0,17.74,0.0,17.99,17.48,17.69,1.0,481163.0,3,13
565,2014-11-12,16.9906982219,17.4142623702,16.8944336428,16.8944336428,944145.0,17.65,0.0,18.09,17.55,17.55,1.0,944145.0,2,12
566,2014-11-11,17.3179977911,17.327624249,16.9521923903,17.1350950907,734325.0,17.99,0.0,18.0,17.61,17.8,1.0,734325.0,1,11
567,2014-11-10,17.0773363432,17.2506125857,16.6922780265,16.7981690636,518028.0,17.74,0.0,17.92,17.34,17.45,1.0,518028.0,0,10
568,2014-11-07,16.7981690636,17.3565036227,16.5960134474,17.2506125857,1533111.0,17.45,0.0,18.03,17.24,17.92,1.0,1533111.0,4,07
569,2014-11-06,17.2698655015,17.327624249,16.3072197099,16.5575076157,1570340.0,17.94,0.0,18.0,16.94,17.2,1.0,1570340.0,3,06
570,2014-11-05,16.519001784,16.8077955215,16.2494609624,16.8077955215,787348.0,17.16,0.0,17.46,16.88,17.46,1.0,787348.0,2,05
571,2014-11-04,16.7789161478,17.0580834273,16.4804959524,16.7981690636,472943.0,17.43,0.0,17.72,17.12,17.45,1.0,472943.0,1,04
572,2014-11-03,16.8944336428,16.9233130165,16.528628242,16.6056399053,663073.0,17.55,0.0,17.58,17.17,17.25,1.0,663073.0,0,03
573,2014-10-31,16.5575076157,16.6152663632,16.3649784574,16.4901224103,609909.0,17.2,0.0,17.26,17.0,17.13,1.0,609909.0,4,31
574,2014-10-30,16.3842313732,16.6056399053,16.3457255416,16.4901224103,397654.0,17.02,0.0,17.25,16.98,17.13,1.0,397654.0,3,30
575,2014-10-29,16.6248928211,16.8270484374,16.3072197099,16.5478811578,772473.0,17.27,0.0,17.48,16.94,17.19,1.0,772473.0,2,29
576,2014-10-28,16.528628242,16.5960134474,16.1243170095,16.3457255416,821439.0,17.17,0.0,17.24,16.75,16.98,1.0,821439.0,1,28
577,2014-10-27,16.2687138782,16.3264726257,15.9799201407,16.1628228411,356986.0,16.9,0.0,16.96,16.6,16.79,1.0,356986.0,0,27
578,2014-10-24,16.2783403361,16.3649784574,16.0954376357,16.0954376357,392485.0,16.91,0.0,17.0,16.72,16.72,1.0,392485.0,4,24
579,2014-10-23,16.1628228411,16.3457255416,15.7777645245,16.0087995145,482217.0,16.79,0.0,16.98,16.39,16.63,1.0,482217.0,3,23
580,2014-10-22,15.9317878512,16.3649784574,15.5659824503,15.835523272,580338.0,16.55,0.0,17.0,16.17,16.45,1.0,580338.0,2,22
581,2014-10-21,15.7873909824,15.8066438982,15.2733381297,15.5371030766,683375.0,16.4,0.0,16.42,15.866,16.14,1.0,683375.0,1,21
582,2014-10-20,15.488970787,15.6622470295,15.2098035075,15.4504649554,679001.0,16.09,0.0,16.27,15.8,16.05,1.0,679001.0,0,20
583,2014-10-17,15.4697178712,15.5852353662,15.1279786152,15.257935797,474499.0,16.07,0.0,16.19,15.715,15.85,1.0,474499.0,4,17
584,2014-10-16,15.1039124704,15.1616712179,14.4300604162,14.6129631167,1357054.0,15.69,0.0,15.75,14.99,15.18,1.0,1357054.0,3,16
585,2014-10-15,14.7766129012,15.1039124704,14.6514689483,14.9017568541,1143161.0,15.35,0.0,15.69,15.22,15.48,1.0,1143161.0,2,15
586,2014-10-14,15.0172743491,15.3927062079,14.3049164633,14.4396868742,2077305.0,15.6,0.0,15.99,14.86,15.0,1.0,2077305.0,1,14
587,2014-10-13,15.1039124704,15.5756089083,15.0654066387,15.5756089083,504736.0,15.69,0.0,16.18,15.65,16.18,1.0,504736.0,0,13
588,2014-10-10,15.5082237029,16.2783403361,15.4697178712,16.2205815886,691273.0,16.11,0.0,16.91,16.07,16.85,1.0,691273.0,4,10
589,2014-10-09,16.2205815886,16.6730251107,16.182075757,16.4997488682,964015.0,16.85,0.0,17.32,16.81,17.14,1.0,964015.0,3,09
590,2014-10-08,16.5671340736,16.8944336428,16.4227372049,16.7789161478,748417.0,17.21,0.0,17.55,17.06,17.43,1.0,748417.0,2,08
591,2014-10-07,16.750036774,17.0773363432,16.6633986528,17.0773363432,296346.0,17.4,0.0,17.74,17.31,17.74,1.0,296346.0,1,07
592,2014-10-06,17.1736009223,17.4623946598,17.0677098853,17.327624249,235365.0,17.84,0.0,18.14,17.73,18.0,1.0,235365.0,0,06
593,2014-10-03,17.3179977911,17.3757565386,16.8270484374,17.096589259,321413.0,17.99,0.0,18.05,17.48,17.76,1.0,321413.0,4,03
594,2014-10-02,16.9521923903,17.0677098853,16.5575076157,16.7307838582,554428.0,17.61,0.0,17.73,17.2,17.38,1.0,554428.0,3,02
595,2014-10-01,16.6826515686,17.327624249,16.4997488682,17.2313596698,1584826.0,17.33,0.0,18.0,17.14,17.9,1.0,1584826.0,2,01
596,2014-09-30,17.2457993567,17.5105269494,17.212106754,17.3757565386,420189.0,17.915,0.0,18.19,17.88,18.05,1.0,420189.0,1,30
597,2014-09-29,17.327624249,17.4527682019,17.2024802961,17.3661300807,369415.0,18.0,0.0,18.13,17.87,18.04,1.0,369415.0,0,29
598,2014-09-26,17.3853829965,17.9437175556,17.2217332119,17.6260444444,655424.0,18.06,0.0,18.64,17.89,18.31,1.0,655424.0,4,26
599,2014-09-25,17.6164179865,18.2132583773,17.2409861277,18.2132583773,1242954.0,18.3,0.0,18.92,17.91,18.92,1.0,1242954.0,3,25
600,2014-09-24,18.2132583773,18.24695098,17.9783728041,18.126620256,502385.0,18.92,0.0,18.955,18.676,18.83,1.0,502385.0,2,24
601,2014-09-23,18.1169937981,18.2710171248,17.9437175556,18.0977408823,743800.0,18.82,0.0,18.98,18.64,18.8,1.0,743800.0,1,23
602,2014-09-22,18.126620256,18.1651260877,17.9148381819,18.1554996298,247500.0,18.83,0.0,18.87,18.61,18.86,1.0,247500.0,0,22
603,2014-09-19,18.1073673402,18.126620256,17.9340910977,17.9918498452,293400.0,18.81,0.0,18.83,18.63,18.69,1.0,293400.0,4,19
604,2014-09-18,17.8859588081,17.9725969294,17.7511883973,17.7511883973,1633100.0,18.58,0.0,18.67,18.44,18.44,1.0,1633100.0,3,18
605,2014-09-17,17.7223090236,17.8426397475,17.4238888282,17.5875386127,472600.0,18.41,0.0,18.535,18.1,18.27,1.0,472600.0,2,17
606,2014-09-16,17.5105269494,17.8282000606,17.2987448752,17.7993206869,663300.0,18.19,0.0,18.52,17.97,18.49,1.0,663300.0,1,16
607,2014-09-15,17.8185736027,17.9533440135,17.6549238181,17.8185736027,474600.0,18.51,0.0,18.65,18.34,18.51,1.0,474600.0,0,15
608,2014-09-12,17.8089471448,17.9244646398,17.6164179865,17.674176734,430700.0,18.5,0.0,18.62,18.3,18.36,1.0,430700.0,4,12
609,2014-09-11,17.7223090236,17.9196514108,17.5490327811,17.7126825656,163100.0,18.41,0.0,18.615,18.23,18.4,1.0,163100.0,3,11
610,2014-09-10,17.8185736027,17.8570794344,17.6549238181,17.8570794344,144500.0,18.51,0.0,18.55,18.34,18.55,1.0,144500.0,2,10
611,2014-09-09,17.8474529765,17.9725969294,17.8089471448,17.9340910977,894300.0,18.54,0.0,18.67,18.5,18.63,1.0,894300.0,1,09
612,2014-09-08,17.9629704715,18.0399821348,17.6934296498,17.7223090236,1007700.0,18.66,0.0,18.74,18.38,18.41,1.0,1007700.0,0,08
613,2014-09-05,17.7800677711,17.8859588081,17.4912740336,17.8282000606,642400.0,18.47,0.0,18.58,18.17,18.52,1.0,642400.0,4,05
614,2014-09-04,17.5682856969,17.8089471448,17.3853829965,17.6452973602,327600.0,18.25,0.0,18.5,18.06,18.33,1.0,327600.0,3,04
615,2014-09-03,17.6934296498,17.8282000606,17.2506125857,17.3372507069,643700.0,18.38,0.0,18.52,17.92,18.01,1.0,643700.0,2,03
616,2014-09-02,17.2891184173,17.5779121548,17.2602390436,17.5105269494,249900.0,17.96,0.0,18.26,17.93,18.19,1.0,249900.0,1,02
617,2014-08-29,17.5490327811,17.5971650706,17.3083713332,17.327624249,466600.0,18.23,0.0,18.28,17.98,18.0,1.0,466600.0,4,29
618,2014-08-28,17.3372507069,17.7511883973,17.2794919594,17.6356709023,432200.0,18.01,0.0,18.44,17.95,18.32,1.0,432200.0,3,28
619,2014-08-27,17.674176734,17.7223090236,17.4238888282,17.6452973602,504500.0,18.36,0.09,18.41,18.1,18.33,1.0,504500.0,2,27
620,2014-08-26,17.3867917464,17.6262792361,17.3197352493,17.4730072427,352100.0,18.15,0.0,18.4,18.08,18.24,1.0,352100.0,1,26
621,2014-08-25,17.4346892444,17.7220742319,17.3388942485,17.559222739,326000.0,18.2,0.0,18.5,18.1,18.33,1.0,326000.0,0,25
622,2014-08-22,17.4442687439,17.6358587356,17.3484737481,17.5975407373,438100.0,18.21,0.0,18.41,18.11,18.37,1.0,438100.0,4,22
623,2014-08-21,17.5400637398,17.8274487273,17.5304842402,17.8274487273,143700.0,18.31,0.0,18.61,18.3,18.61,1.0,143700.0,3,21
624,2014-08-20,17.7795512294,17.8561872261,17.4825867423,17.6454382352,453000.0,18.56,0.0,18.64,18.25,18.42,1.0,453000.0,2,20
625,2014-08-19,17.6262792361,17.8705564755,17.559222739,17.8370282269,199600.0,18.4,0.0,18.655,18.33,18.62,1.0,199600.0,1,19
626,2014-08-18,17.7795512294,18.1052542153,17.674176734,17.8178692277,566400.0,18.56,0.0,18.9,18.45,18.6,1.0,566400.0,0,18
627,2014-08-15,17.7220742319,17.7795512294,17.5496432394,17.559222739,589800.0,18.5,0.0,18.56,18.32,18.33,1.0,589800.0,4,15
628,2014-08-14,17.4442687439,17.7603922302,17.4155302452,17.511325241,234100.0,18.21,0.0,18.54,18.18,18.28,1.0,234100.0,3,14
629,2014-08-13,17.5496432394,17.9328232228,17.5017457414,17.7316537315,795400.0,18.32,0.0,18.72,18.27,18.51,1.0,795400.0,2,13
630,2014-08-12,17.6262792361,17.7220742319,17.3867917464,17.6837562336,647100.0,18.4,0.0,18.5,18.15,18.46,1.0,647100.0,1,12
631,2014-08-11,17.7220742319,18.1531517132,17.5400637398,17.6550177348,588900.0,18.5,0.0,18.95,18.31,18.43,1.0,588900.0,0,11
632,2014-08-08,17.6358587356,18.1914697116,16.9078167672,17.7987102286,1608200.0,18.41,0.0,18.99,17.65,18.58,1.0,1608200.0,4,08
633,2014-08-07,17.7029152327,18.6800241904,17.4251097448,18.6800241904,2310200.0,18.48,0.0,19.5,18.19,19.5,1.0,2310200.0,3,07
634,2014-08-06,17.7603922302,17.8849257248,17.6358587356,17.8849257248,563500.0,18.54,0.0,18.67,18.41,18.67,1.0,563500.0,2,06
635,2014-08-05,17.9136642236,18.0286182186,17.7412332311,17.8274487273,398100.0,18.7,0.0,18.82,18.52,18.61,1.0,398100.0,1,05
636,2014-08-04,17.9136642236,18.066936217,17.8322384771,18.019038719,318600.0,18.7,0.0,18.86,18.615,18.81,1.0,318600.0,0,04
637,2014-08-01,17.9615617215,18.2681057082,17.6262792361,18.1052542153,793400.0,18.75,0.0,19.07,18.4,18.9,1.0,793400.0,4,01
638,2014-07-31,18.181890212,18.3447417049,18.1435722136,18.3447417049,774300.0,18.98,0.0,19.15,18.94,19.15,1.0,774300.0,3,31
639,2014-07-30,18.4788546991,18.7662396866,18.3830597033,18.6991831895,280300.0,19.29,0.0,19.59,19.19,19.52,1.0,280300.0,2,30
640,2014-07-29,18.5842291945,18.8189269344,18.2010492111,18.3734802037,207000.0,19.4,0.0,19.645,19.0,19.18,1.0,207000.0,1,29
641,2014-07-28,18.3734802037,18.7375011879,18.296844207,18.7375011879,586900.0,19.18,0.0,19.56,19.1,19.56,1.0,586900.0,0,28
642,2014-07-25,18.7375011879,18.9578296783,18.526847992,18.7662396866,232000.0,19.56,0.0,19.79,19.3401,19.59,1.0,232000.0,4,25
643,2014-07-24,18.7758191862,18.9386706792,18.6225471929,18.8907731812,126500.0,19.6,0.0,19.77,19.44,19.72,1.0,126500.0,3,24
644,2014-07-23,18.804557685,19.0153066758,18.7279216883,18.8620346825,298800.0,19.63,0.0,19.85,19.55,19.69,1.0,298800.0,2,23
645,2014-07-22,18.8332961837,18.9865681771,18.5938086941,18.7470806875,231300.0,19.66,0.0,19.82,19.41,19.57,1.0,231300.0,1,22
646,2014-07-21,18.68960369,18.7566601871,18.4098823021,18.4884341987,307200.0,19.51,0.0,19.58,19.218,19.3,1.0,307200.0,0,21
647,2014-07-18,18.5554906958,18.7470806875,18.3543212045,18.3639007041,313300.0,19.37,0.0,19.57,19.16,19.17,1.0,313300.0,4,18
648,2014-07-17,18.3543212045,18.6560754414,18.2393672095,18.4980136983,786700.0,19.16,0.0,19.475,19.04,19.31,1.0,786700.0,3,17
649,2014-07-16,18.4788546991,18.9003526808,18.3639007041,18.8141371846,472600.0,19.29,0.0,19.73,19.17,19.64,1.0,472600.0,2,16
650,2014-07-15,18.6321266925,19.0727836734,18.5746496949,18.91951168,257200.0,19.45,0.0,19.91,19.39,19.75,1.0,257200.0,1,15
651,2014-07-14,18.8859834315,19.1398401705,18.8141371846,19.1398401705,590000.0,19.715,0.0,19.98,19.64,19.98,1.0,590000.0,0,14
652,2014-07-11,18.9626194281,19.3410096617,18.8716141821,19.1589991696,622800.0,19.795,0.0,20.19,19.7,20.0,1.0,622800.0,4,11
653,2014-07-10,19.1111016717,19.2643736651,18.8237166842,19.0536246742,484200.0,19.95,0.0,20.11,19.65,19.89,1.0,484200.0,3,10
654,2014-07-09,19.3410096617,19.3601686609,19.1111016717,19.1685786692,257500.0,20.19,0.0,20.21,19.95,20.01,1.0,257500.0,2,09
655,2014-07-08,19.1685786692,19.2643736651,18.919607475,19.0727836734,829200.0,20.01,0.0,20.11,19.7501,19.91,1.0,829200.0,1,08
656,2014-07-07,19.1589991696,19.2739531646,19.0919426725,19.1589991696,760000.0,20.0,0.0,20.12,19.93,20.0,1.0,760000.0,0,07
657,2014-07-03,19.2452146659,19.2835326642,18.9290911796,19.0440451746,139200.0,20.09,0.0,20.13,19.76,19.88,1.0,139200.0,3,03
658,2014-07-02,19.0727836734,19.2931121638,18.9099321804,19.2068966675,437000.0,19.91,0.0,20.14,19.74,20.05,1.0,437000.0,2,02
659,2014-07-01,19.1877376684,19.4080661588,19.0153066758,19.3314301621,523600.0,20.03,0.0,20.26,19.85,20.18,1.0,523600.0,1,01
660,2014-06-30,19.2068966675,19.4703329061,18.9674091779,19.3314301621,1078400.0,20.05,0.0,20.325,19.8,20.18,1.0,1078400.0,0,30
661,2014-06-27,19.4128559086,19.6762921472,18.6474538918,18.7949781854,5176600.0,20.265,0.0,20.54,19.466,19.62,1.0,5176600.0,4,27
662,2014-06-26,18.7662396866,19.4080661588,18.6321266925,19.0823631729,1457900.0,19.59,0.0,20.26,19.45,19.92,1.0,1457900.0,3,26
663,2014-06-25,19.1206811713,19.2356351663,18.3160032062,18.4596956999,858200.0,19.96,0.0,20.08,19.12,19.27,1.0,858200.0,2,25
664,2014-06-24,18.4788546991,19.0440451746,18.296844207,18.8811936817,820700.0,19.29,0.0,19.88,19.1,19.71,1.0,820700.0,1,24
665,2014-06-23,18.91951168,19.5804971514,18.7853986858,19.2547941655,822700.0,19.75,0.0,20.44,19.61,20.1,1.0,822700.0,0,23
666,2014-06-20,19.2068966675,19.9157796368,18.9769886775,19.6762921472,3208500.0,20.05,0.0,20.79,19.81,20.54,1.0,3208500.0,4,20
667,2014-06-19,19.6379741489,20.0307336318,19.1781581688,19.4176456584,954200.0,20.5,0.0,20.91,20.02,20.27,1.0,954200.0,3,19
668,2014-06-18,19.4463841572,19.705030646,18.6321266925,18.6321266925,1253400.0,20.3,0.0,20.57,19.45,19.45,1.0,1253400.0,2,18
669,2014-06-17,18.6225471929,18.8141371846,18.1914697116,18.3543212045,1153300.0,19.44,0.0,19.64,18.99,19.16,1.0,1153300.0,1,17
670,2014-06-16,18.4022187024,18.8907731812,18.2393672095,18.3926392028,5274500.0,19.21,0.0,19.72,19.04,19.2,1.0,5274500.0,0,16
671,2014-06-13,18.4213777016,18.665654941,18.3064237066,18.3926392028,1102800.0,19.23,0.0,19.485,19.11,19.2,1.0,1102800.0,4,13
672,2014-06-12,18.411798202,18.5554906958,18.2010492111,18.3926392028,877500.0,19.22,0.0,19.37,19.0,19.2,1.0,877500.0,3,12
673,2014-06-11,18.411798202,18.6800241904,18.3543212045,18.3926392028,1247800.0,19.22,0.0,19.5,19.16,19.2,1.0,1247800.0,2,11
674,2014-06-10,18.4022187024,18.4692751995,17.9136642236,18.1148337149,1028800.0,19.21,0.0,19.28,18.7,18.91,1.0,1028800.0,1,10
675,2014-06-09,18.1914697116,18.7279216883,17.9615617215,18.0381977182,1204000.0,18.99,0.0,19.55,18.75,18.83,1.0,1204000.0,0,09
676,2014-06-06,18.0094592194,18.5650701954,17.8945052244,18.411798202,840100.0,18.8,0.0,19.38,18.68,19.22,1.0,840100.0,4,06
677,2014-06-05,18.411798202,18.6129676933,18.1742266123,18.181890212,854300.0,19.22,0.0,19.43,18.972,18.98,1.0,854300.0,3,05
678,2014-06-04,18.2010492111,18.2776852078,17.4346892444,17.7029152327,847500.0,19.0,0.0,19.08,18.2,18.48,1.0,847500.0,2,04
679,2014-06-03,18.0956747157,18.4309572012,17.6454382352,18.4309572012,1425100.0,18.89,0.0,19.24,18.42,19.24,1.0,1425100.0,1,03
680,2014-06-02,18.3926392028,18.6560754414,18.296844207,18.5171726974,633600.0,19.2,0.0,19.475,19.1,19.33,1.0,633600.0,0,02
681,2014-05-30,18.3926392028,18.4501162003,17.743149131,17.8753462253,976600.0,19.2,0.0,19.26,18.522,18.66,1.0,976600.0,4,30
682,2014-05-29,17.8082897282,18.3447417049,17.1377247572,17.2335197531,1195100.0,18.59,0.0,19.15,17.89,17.99,1.0,1195100.0,3,29
683,2014-05-28,17.051509261,17.3101557498,16.0935593025,16.38094429,1094600.0,17.8,0.0,18.07,16.8,17.1,1.0,1094600.0,2,28
684,2014-05-27,16.3617852909,17.1472084618,15.8157538145,17.0994067589,1012400.0,17.08,0.0,17.8999,16.51,17.85,1.0,1012400.0,1,27
685,2014-05-23,16.3713647904,16.495898285,15.8444923133,15.9594463083,436300.0,17.09,0.0,17.22,16.54,16.66,1.0,436300.0,4,23
686,2014-05-22,15.9498668087,16.1318773008,15.6051006187,15.7678563166,1202500.0,16.65,0.0,16.84,16.2901,16.46,1.0,1202500.0,3,22
687,2014-05-21,15.8061743149,16.1031388021,15.6242596178,15.6529023216,1053000.0,16.5,0.0,16.81,16.3101,16.34,1.0,1053000.0,2,21
688,2014-05-20,15.6720613207,15.8636513124,15.5666868253,15.7103793191,153200.0,16.36,0.0,16.56,16.25,16.4,1.0,153200.0,1,20
689,2014-05-19,15.8061743149,15.9690258079,15.5666868253,15.7007998195,459500.0,16.5,0.0,16.67,16.25,16.39,1.0,459500.0,0,19
690,2014-05-16,15.6050048237,15.6337433224,15.3750968336,15.413414832,249000.0,16.29,0.0,16.32,16.05,16.09,1.0,249000.0,4,16
691,2014-05-15,15.4229943315,15.7199588187,14.8482243565,14.9727578511,1667800.0,16.1,0.0,16.41,15.5,15.63,1.0,1667800.0,3,15
692,2014-05-14,15.0972913457,15.1547683432,14.8961218544,14.8961218544,243800.0,15.76,0.0,15.82,15.55,15.55,1.0,243800.0,2,14
693,2014-05-13,15.0972913457,15.2793018378,14.905701354,14.905701354,1005700.0,15.76,0.0,15.95,15.56,15.56,1.0,1005700.0,1,13
694,2014-05-12,15.3176198361,15.365517334,14.8003268585,14.8003268585,473900.0,15.99,0.0,16.04,15.45,15.45,1.0,473900.0,0,12
695,2014-05-09,14.8865423548,15.0398143482,14.7524293606,15.0110758494,2312900.0,15.54,0.0,15.7,15.4,15.67,1.0,2312900.0,4,09
696,2014-05-08,15.0877118461,15.3750968336,14.9919168502,15.0398143482,378800.0,15.75,0.0,16.05,15.65,15.7,1.0,378800.0,3,08
697,2014-05-07,15.3080403365,15.4201204817,15.2026658411,15.3942558328,808300.0,15.98,0.0,16.097,15.87,16.07,1.0,808300.0,2,07
698,2014-05-06,15.250563339,15.5762663249,15.1739273423,15.3271993357,722200.0,15.92,0.0,16.26,15.84,16.0,1.0,722200.0,1,06
699,2014-05-05,15.3463583349,15.6145843232,14.3692493772,15.3271993357,1971500.0,16.02,0.0,16.3,15.0,16.0,1.0,1971500.0,0,05
700,2014-05-02,15.7103793191,15.8061743149,15.3271993357,15.5092098278,726900.0,16.4,0.0,16.5,16.0,16.19,1.0,726900.0,4,02
701,2014-05-01,15.8157538145,15.9307078095,15.7486973174,15.758276817,1800700.0,16.51,0.0,16.63,16.44,16.45,1.0,1800700.0,3,01
702,2014-04-30,15.7774358162,15.92112831,15.6241638228,15.7774358162,479900.0,16.47,0.0,16.62,16.31,16.47,1.0,479900.0,2,30
703,2014-04-29,15.7486973174,16.1414568004,15.7103793191,15.9402873091,355500.0,16.44,0.0,16.85,16.4,16.64,1.0,355500.0,1,29
704,2014-04-28,15.7870153158,16.2276722967,15.5666868253,15.873230812,678000.0,16.48,0.0,16.94,16.25,16.57,1.0,678000.0,0,28
705,2014-04-25,15.9498668087,16.2085132975,15.8061743149,16.0169233058,297800.0,16.65,0.0,16.92,16.5,16.72,1.0,297800.0,4,25
706,2014-04-24,16.1318773008,16.4572929017,15.873230812,16.2851492942,339600.0,16.84,0.0,17.1797,16.57,17.0,1.0,339600.0,3,24
707,2014-04-23,16.1414568004,16.6491702784,16.0456618046,16.495898285,974600.0,16.85,0.0,17.38,16.75,17.22,1.0,974600.0,2,23
708,2014-04-22,16.9557142651,16.9748732643,15.7678563166,15.7678563166,1391400.0,17.7,0.0,17.72,16.46,16.46,1.0,1391400.0,1,22
709,2014-04-21,15.9594463083,16.1222978012,15.6145843232,15.8061743149,1509800.0,16.66,0.0,16.83,16.3,16.5,1.0,1509800.0,0,21
710,2014-04-17,15.8061743149,16.4480007871,15.3559378345,16.0839798029,18382200.0,16.5,0.0,17.17,16.03,16.79,1.0,18382200.0,3,17
