,Unnamed: 0,adj_close,adj_high,adj_low,adj_open,adj_volume,close,ex_dividend,high,low,open,split_ratio,volume,Day of Week,Day
0,2017-02-10,4.6,4.6,4.51,4.55,902.0,4.6,0.0,4.6,4.51,4.55,1.0,902.0,4,10
1,2017-02-09,4.538,4.5699,4.53,4.53,13865.0,4.538,0.0,4.5699,4.53,4.53,1.0,13865.0,3,09
2,2017-02-08,4.56,4.63,4.48,4.6299,10253.0,4.56,0.0,4.63,4.48,4.6299,1.0,10253.0,2,08
3,2017-02-07,4.56,4.56,4.5052,4.5052,1762.0,4.56,0.0,4.56,4.5052,4.5052,1.0,1762.0,1,07
4,2017-02-06,4.54,4.5978,4.49,4.5978,27523.0,4.54,0.0,4.5978,4.49,4.5978,1.0,27523.0,0,06
5,2017-02-03,4.69,4.69,4.5299,4.65,15945.0,4.69,0.0,4.69,4.5299,4.65,1.0,15945.0,4,03
6,2017-02-02,4.54,4.5799,4.46,4.5,16826.0,4.54,0.0,4.5799,4.46,4.5,1.0,16826.0,3,02
7,2017-02-01,4.56,4.5913,4.5165,4.52,5585.0,4.56,0.0,4.5913,4.5165,4.52,1.0,5585.0,2,01
8,2017-01-31,4.61,4.63,4.41,4.46,9061.0,4.61,0.0,4.63,4.41,4.46,1.0,9061.0,1,31
9,2017-01-30,4.46,4.51,4.45,4.51,7060.0,4.46,0.0,4.51,4.45,4.51,1.0,7060.0,0,30
10,2017-01-27,4.5259,4.6144,4.48,4.5201,7105.0,4.5259,0.0,4.6144,4.48,4.5201,1.0,7105.0,4,27
11,2017-01-26,4.5708,4.5708,4.5145,4.5146,4842.0,4.5708,0.0,4.5708,4.5145,4.5146,1.0,4842.0,3,26
12,2017-01-25,4.6108,4.6175,4.6075,4.6085,4025.0,4.6108,0.0,4.6175,4.6075,4.6085,1.0,4025.0,2,25
13,2017-01-24,4.56,4.5701,4.46,4.5,18828.0,4.56,0.0,4.5701,4.46,4.5,1.0,18828.0,1,24
14,2017-01-23,4.5108,4.55,4.48,4.55,11067.0,4.5108,0.0,4.55,4.48,4.55,1.0,11067.0,0,23
15,2017-01-20,4.5,4.56,4.48,4.56,9913.0,4.5,0.0,4.56,4.48,4.56,1.0,9913.0,4,20
16,2017-01-19,4.5282,4.5446,4.5101,4.52,9956.0,4.5282,0.0,4.5446,4.5101,4.52,1.0,9956.0,3,19
17,2017-01-18,4.5624,4.6,4.5401,4.591,15934.0,4.5624,0.0,4.6,4.5401,4.591,1.0,15934.0,2,18
18,2017-01-17,4.57,4.64,4.53,4.64,3820.0,4.57,0.0,4.64,4.53,4.64,1.0,3820.0,1,17
19,2017-01-13,4.69,4.69,4.511,4.511,2587.0,4.69,0.0,4.69,4.511,4.511,1.0,2587.0,4,13
20,2017-01-12,4.617,4.617,4.4777,4.48,3795.0,4.617,0.0,4.617,4.4777,4.48,1.0,3795.0,3,12
21,2017-01-11,4.52,4.53,4.5,4.5,23947.0,4.52,0.0,4.53,4.5,4.5,1.0,23947.0,2,11
22,2017-01-10,4.5,4.505,4.5,4.505,1156.0,4.5,0.0,4.505,4.5,4.505,1.0,1156.0,1,10
23,2017-01-09,4.48,4.5299,4.35,4.35,39628.0,4.48,0.0,4.5299,4.35,4.35,1.0,39628.0,0,09
24,2017-01-06,4.4,4.56,4.4,4.56,21190.0,4.4,0.0,4.56,4.4,4.56,1.0,21190.0,4,06
25,2017-01-05,4.49,4.61,4.47,4.55,20131.0,4.49,0.0,4.61,4.47,4.55,1.0,20131.0,3,05
26,2017-01-04,4.52,4.6886,4.5,4.66,35473.0,4.52,0.0,4.6886,4.5,4.66,1.0,35473.0,2,04
27,2017-01-03,4.61,4.7344,4.5595,4.7344,15664.0,4.61,0.0,4.7344,4.5595,4.7344,1.0,15664.0,1,03
28,2016-12-30,4.77,4.77,4.56,4.748,7914.0,4.77,0.0,4.77,4.56,4.748,1.0,7914.0,4,30
29,2016-12-29,4.56,4.6653,4.56,4.59,7315.0,4.56,0.0,4.6653,4.56,4.59,1.0,7315.0,3,29
30,2016-12-28,4.55,4.58,4.55,4.58,3349.0,4.55,0.0,4.58,4.55,4.58,1.0,3349.0,2,28
31,2016-12-27,4.59,4.6,4.5336,4.54,21037.0,4.59,0.0,4.6,4.5336,4.54,1.0,21037.0,1,27
32,2016-12-23,4.57,4.6,4.54,4.6,18179.0,4.57,0.0,4.6,4.54,4.6,1.0,18179.0,4,23
33,2016-12-22,4.58,4.6,4.5504,4.5992,9462.0,4.58,0.0,4.6,4.5504,4.5992,1.0,9462.0,3,22
34,2016-12-21,4.54,4.76,4.26,4.73,51943.0,4.54,0.0,4.76,4.26,4.73,1.0,51943.0,2,21
35,2016-12-20,4.76,4.78,4.75,4.78,8608.0,4.76,0.0,4.78,4.75,4.78,1.0,8608.0,1,20
36,2016-12-19,4.76,4.78,4.7,4.7,32510.0,4.76,0.0,4.78,4.7,4.7,1.0,32510.0,0,19
37,2016-12-16,4.72,4.8,4.72,4.74,27799.0,4.72,0.0,4.8,4.72,4.74,1.0,27799.0,4,16
38,2016-12-15,4.8,4.83,4.78,4.78,8341.0,4.8,0.0,4.83,4.78,4.78,1.0,8341.0,3,15
39,2016-12-14,4.81,4.9272,4.71,4.71,5763.0,4.81,0.0,4.9272,4.71,4.71,1.0,5763.0,2,14
40,2016-12-13,4.6808,4.8767,4.6808,4.69,28241.0,4.6808,0.065,4.8767,4.6808,4.69,1.0,28241.0,1,13
41,2016-12-12,4.64904102153,4.7342576594,4.59617514434,4.67507943866,10328.0,4.7136,0.0,4.8,4.66,4.74,1.0,10328.0,0,12
42,2016-12-09,4.62576425471,4.90192928484,4.58631210755,4.78357284336,46212.0,4.69,0.0,4.97,4.65,4.85,1.0,46212.0,4,09
43,2016-12-08,4.7342576594,4.96110750558,4.70890965485,4.70890965485,27113.0,4.8,0.0,5.03,4.7743,4.7743,1.0,27113.0,3,08
44,2016-12-07,4.76384676978,4.86247713768,4.70190689873,4.70190689873,17189.0,4.83,0.0,4.93,4.7672,4.7672,1.0,17189.0,2,07
45,2016-12-06,4.72439462261,4.77370980657,4.71453158582,4.7342576594,34783.0,4.79,0.0,4.84,4.78,4.8,1.0,34783.0,1,06
46,2016-12-05,4.78357284336,4.83288802731,4.76937007038,4.79343588015,15917.0,4.85,0.0,4.9,4.8356,4.86,1.0,15917.0,0,05
47,2016-12-02,4.79343588015,4.87638401955,4.77370980657,4.82529348898,9542.0,4.86,0.0,4.9441,4.84,4.8923,1.0,9542.0,4,02
48,2016-12-01,4.82302499052,4.93151839521,4.70466854903,4.93151839521,17781.0,4.89,0.0,5.0,4.77,5.0,1.0,17781.0,3,01
49,2016-11-30,4.92165535842,5.04001179991,4.92165535842,4.93151839521,23612.0,4.99,0.0,5.11,4.99,5.0,1.0,23612.0,2,30
50,2016-11-29,4.941381432,5.07946394707,4.93151839521,5.07699818787,21727.0,5.01,0.0,5.15,5.0,5.1475,1.0,21727.0,1,29
51,2016-11-28,5.06960091028,5.16823127818,4.95124446879,4.95124446879,16640.0,5.14,0.0,5.24,5.02,5.02,1.0,16640.0,0,28
52,2016-11-25,5.03005013275,5.06950227991,4.88220321126,4.88220321126,18669.0,5.0999,0.0,5.1399,4.95,4.95,1.0,18669.0,4,25
53,2016-11-23,4.82292636015,4.90607176029,4.80329891694,4.90607176029,8750.0,4.8899,0.0,4.9742,4.87,4.9742,1.0,8750.0,2,23
54,2016-11-22,4.79343588015,4.83288802731,4.74412069619,4.74412069619,37892.0,4.86,0.0,4.9,4.81,4.81,1.0,37892.0,1,22
55,2016-11-21,4.78357284336,4.83584693835,4.68494247545,4.78357284336,13214.0,4.85,0.0,4.903,4.75,4.85,1.0,13214.0,0,21
56,2016-11-18,4.75398373298,4.93151839521,4.7342576594,4.82499759788,17802.0,4.82,0.0,5.0,4.8,4.892,1.0,17802.0,4,18
57,2016-11-17,4.78357284336,4.88220321126,4.78357284336,4.88220321126,8083.0,4.85,0.0,4.95,4.85,4.95,1.0,8083.0,3,17
58,2016-11-16,4.80329891694,4.82302499052,4.74412069619,4.77370980657,9980.0,4.87,0.0,4.89,4.81,4.84,1.0,9980.0,2,16
59,2016-11-15,4.71453158582,4.98398975094,4.71453158582,4.93151839521,34013.0,4.78,0.0,5.0532,4.78,5.0,1.0,34013.0,1,15
60,2016-11-14,5.01042268954,5.04001179991,4.91179232163,4.97097054237,31163.0,5.08,0.0,5.11,4.98,5.04,1.0,31163.0,0,14
61,2016-11-11,4.90271832778,4.93151839521,4.90192928484,4.92165535842,1878.0,4.9708,0.0,5.0,4.97,4.99,1.0,1878.0,4,11
62,2016-11-10,4.93151839521,4.95124446879,4.81316195373,4.95124446879,2850.0,5.0,0.0,5.02,4.88,5.02,1.0,2850.0,3,10
63,2016-11-09,4.89206624805,5.02028572633,4.86543604872,4.87234017447,22556.0,4.96,0.0,5.09,4.933,4.94,1.0,22556.0,2,09
64,2016-11-08,4.95124446879,5.00055965275,4.94236773568,4.94236773568,5838.0,5.02,0.0,5.07,5.011,5.011,1.0,5838.0,1,08
65,2016-11-07,4.941381432,5.04878990265,4.941381432,4.98083357916,9315.0,5.01,0.0,5.1189,5.01,5.05,1.0,9315.0,0,07
66,2016-11-04,4.99069661596,5.03014876312,4.98083357916,4.98083357916,2769.0,5.06,0.0,5.1,5.05,5.05,1.0,2769.0,4,04
67,2016-11-03,4.941381432,5.01042268954,4.93151839521,4.96229107,21887.0,5.01,0.0,5.08,5.0,5.0312,1.0,21887.0,3,03
68,2016-11-02,4.99809389355,5.02028572633,4.98083357916,4.99069661596,8223.0,5.0675,0.0,5.09,5.05,5.06,1.0,8223.0,2,02
69,2016-11-01,4.99069661596,5.07946394707,4.95124446879,4.95124446879,21111.0,5.06,0.0,5.15,5.02,5.02,1.0,21111.0,1,01
70,2016-10-31,5.05480635509,5.07946394707,5.01535420793,5.07946394707,9315.0,5.125,0.0,5.15,5.085,5.15,1.0,9315.0,0,31
71,2016-10-28,5.00055965275,5.15836824139,4.93151839521,5.09919002065,30758.0,5.07,0.0,5.23,5.0,5.17,1.0,30758.0,4,28
72,2016-10-27,5.09919002065,5.10688318935,5.09919002065,5.09919002065,3126.0,5.17,0.0,5.1778,5.17,5.17,1.0,3126.0,3,27
73,2016-10-26,5.10905305744,5.11891609423,5.09919002065,5.11891609423,2639.0,5.18,0.0,5.19,5.17,5.19,1.0,2639.0,2,26
74,2016-10-25,5.10412153905,5.25818217371,5.10412153905,5.25818217371,9487.0,5.175,0.0,5.3312,5.175,5.3312,1.0,9487.0,1,25
75,2016-10-24,5.09919002065,5.12877913102,5.02028572633,5.02028572633,18784.0,5.17,0.0,5.2,5.09,5.09,1.0,18784.0,0,24
76,2016-10-21,5.08439546546,5.26094382401,5.02521724472,5.03794056218,7150.0,5.155,0.0,5.334,5.095,5.1079,1.0,7150.0,4,21
77,2016-10-20,4.97097054237,4.98083357916,4.95124446879,4.98083357916,1853.0,5.04,0.0,5.05,5.02,5.05,1.0,1853.0,3,20
78,2016-10-19,4.96110750558,5.05973787349,4.93151839521,4.98083357916,24500.0,5.03,0.0,5.13,5.0,5.05,1.0,24500.0,2,19
79,2016-10-18,5.04001179991,5.23727253572,4.93151839521,5.07946394707,7916.0,5.11,0.0,5.31,5.0,5.15,1.0,7916.0,1,18
80,2016-10-17,5.02028572633,5.0498748367,4.95124446879,5.0498748367,38355.0,5.09,0.0,5.12,5.02,5.12,1.0,38355.0,0,17
81,2016-10-14,5.04001179991,5.1878587214,5.03014876312,5.15836824139,13186.0,5.11,0.0,5.2599,5.1,5.23,1.0,13186.0,4,14
82,2016-10-13,5.15836824139,5.26686164609,5.04001179991,5.26686164609,10623.0,5.23,0.0,5.34,5.11,5.34,1.0,10623.0,3,13
83,2016-10-12,5.15836824139,5.22740949893,5.05579265877,5.22740949893,1565.0,5.23,0.0,5.3,5.126,5.3,1.0,1565.0,2,12
84,2016-10-11,5.03014876312,5.10313523537,5.03014876312,5.07946394707,16528.0,5.1,0.0,5.174,5.1,5.15,1.0,16528.0,1,11
85,2016-10-10,5.13864216781,5.18795735176,5.07946394707,5.07946394707,13314.0,5.21,0.0,5.26,5.15,5.15,1.0,13314.0,0,10
86,2016-10-07,5.08932698386,5.10905305744,5.07946394707,5.10895442707,7689.0,5.16,0.0,5.18,5.15,5.1799,1.0,7689.0,4,07
87,2016-10-06,5.0950475452,5.1485052046,5.0950475452,5.1485052046,4252.0,5.1658,0.0,5.22,5.1658,5.22,1.0,4252.0,3,06
88,2016-10-05,5.11891609423,5.26686164609,5.11891609423,5.2443739222,27633.0,5.19,0.0,5.34,5.19,5.3172,1.0,27633.0,2,05
89,2016-10-04,5.18795735176,5.2569986093,5.17809431497,5.17809431497,4102.0,5.26,0.0,5.33,5.25,5.25,1.0,4102.0,1,04
90,2016-10-03,5.18795735176,5.24713557251,5.17809431497,5.21754646213,24438.0,5.26,0.0,5.32,5.25,5.29,1.0,24438.0,0,03
91,2016-09-30,5.18795735176,5.26686164609,5.17809431497,5.26686164609,19325.0,5.26,0.0,5.34,5.25,5.34,1.0,19325.0,4,30
92,2016-09-29,5.22740949893,5.3556289772,5.18795735176,5.3556289772,12762.0,5.3,0.0,5.43,5.26,5.43,1.0,12762.0,3,29
93,2016-09-28,5.31617683004,5.39508112436,5.30187542669,5.35237417506,10268.0,5.39,0.0,5.47,5.3755,5.4267,1.0,10268.0,2,28
94,2016-09-27,5.38521808757,5.41480719794,5.30631379325,5.31627546041,7402.0,5.46,0.0,5.49,5.38,5.3901,1.0,7402.0,1,27
95,2016-09-26,5.29645075646,5.32594123646,5.27672468288,5.32594123646,5984.0,5.37,0.0,5.3999,5.35,5.3999,1.0,5984.0,0,26
96,2016-09-23,5.28658771967,5.34576594041,5.23727253572,5.23727253572,8029.0,5.36,0.0,5.42,5.31,5.31,1.0,8029.0,4,23
97,2016-09-22,5.28658771967,5.41480719794,5.2569986093,5.41480719794,7744.0,5.36,0.0,5.49,5.33,5.49,1.0,7744.0,3,22
98,2016-09-21,5.20768342534,5.34576594041,5.18795735176,5.34576594041,18072.0,5.28,0.0,5.42,5.26,5.42,1.0,18072.0,2,21
99,2016-09-20,5.37535505078,5.40494416115,5.34083442202,5.36549201399,10860.0,5.45,0.0,5.48,5.415,5.44,1.0,10860.0,1,20
100,2016-09-19,5.41480719794,5.52330060264,5.37535505078,5.52330060264,8097.0,5.49,0.0,5.6,5.45,5.6,1.0,8097.0,0,19
101,2016-09-16,5.50357452906,5.50357452906,5.36559064436,5.36559064436,7032.0,5.58,0.0,5.58,5.4401,5.4401,1.0,7032.0,4,16
102,2016-09-15,5.39508112436,5.50347589869,5.32603986683,5.47398541869,8873.0,5.47,0.0,5.5799,5.4,5.55,1.0,8873.0,3,15
103,2016-09-14,5.47398541869,5.47398541869,5.2569986093,5.43453327152,18507.0,5.55,0.065,5.55,5.33,5.51,1.0,18507.0,2,14
104,2016-09-13,5.38137123974,5.47885984916,5.38137123974,5.39112010068,6566.0,5.52,0.0,5.62,5.52,5.53,1.0,6566.0,1,13
105,2016-09-12,5.45936212727,5.45936212727,5.28388263033,5.30338035221,8434.0,5.6,0.0,5.6,5.42,5.44,1.0,8434.0,0,12
106,2016-09-09,5.3716223788,5.54359228581,5.11815199432,5.49835757104,93403.0,5.51,0.0,5.6864,5.25,5.64,1.0,93403.0,4,09
107,2016-09-08,5.49835757104,5.54125255918,5.37552192318,5.50810643198,60927.0,5.64,0.0,5.684,5.514,5.65,1.0,60927.0,3,08
108,2016-09-07,5.47885984916,5.55685073669,5.45936212727,5.45936212727,17949.0,5.62,0.0,5.7,5.6,5.6,1.0,17949.0,2,07
109,2016-09-06,5.4886087101,5.49835757104,5.42104910377,5.4886087101,29723.0,5.63,0.0,5.64,5.5607,5.63,1.0,29723.0,1,06
110,2016-09-02,5.42036668351,5.71283251175,5.19614288185,5.19614288185,75343.0,5.56,0.0,5.86,5.33,5.33,1.0,75343.0,4,02
111,2016-09-01,5.21564060373,5.40086896162,5.11815199432,5.31312921315,42836.0,5.35,0.0,5.54,5.25,5.45,1.0,42836.0,3,01
112,2016-08-31,5.27413376938,5.35212465692,5.17664515997,5.35212465692,34854.0,5.41,0.0,5.49,5.31,5.49,1.0,34854.0,2,31
113,2016-08-30,5.33262693503,5.43976691678,5.33262693503,5.41061782257,5532.0,5.47,0.0,5.5799,5.47,5.55,1.0,5532.0,1,30
114,2016-08-29,5.36187351786,5.45926463866,5.36187351786,5.36187351786,15019.0,5.5,0.0,5.5999,5.5,5.5,1.0,15019.0,0,29
115,2016-08-26,5.36187351786,5.45936212727,5.36187351786,5.43986440539,12623.0,5.5,0.0,5.6,5.5,5.58,1.0,12623.0,4,26
116,2016-08-25,5.34237579597,5.41061782257,5.31312921315,5.39112010068,42450.0,5.48,0.0,5.55,5.45,5.53,1.0,42450.0,3,25
117,2016-08-24,5.35212465692,5.44961326633,5.34237579597,5.34237579597,32588.0,5.49,0.0,5.59,5.48,5.48,1.0,32588.0,2,24
118,2016-08-23,5.27413376938,5.52760415386,5.27413376938,5.40086896162,32906.0,5.41,0.0,5.67,5.41,5.54,1.0,32906.0,1,23
119,2016-08-22,5.38137123974,5.44473883586,5.38137123974,5.41061782257,18270.0,5.52,0.0,5.585,5.52,5.55,1.0,18270.0,0,22
120,2016-08-19,5.38137123974,5.40086896162,5.36187351786,5.36187351786,10283.0,5.52,0.0,5.54,5.5,5.5,1.0,10283.0,4,19
121,2016-08-18,5.36187351786,5.42036668351,5.36187351786,5.36187351786,37394.0,5.5,0.0,5.56,5.5,5.5,1.0,37394.0,3,18
122,2016-08-17,5.3716223788,5.44961326633,5.36187351786,5.36197100647,19512.0,5.51,0.0,5.59,5.5,5.5001,1.0,19512.0,2,17
123,2016-08-16,5.39112010068,5.55685073669,5.36187351786,5.44961326633,15616.0,5.53,0.0,5.7,5.5,5.59,1.0,15616.0,1,16
124,2016-08-15,5.36460319892,5.50810643198,5.29363149127,5.50810643198,11172.0,5.5028,0.0,5.65,5.43,5.65,1.0,11172.0,0,15
125,2016-08-12,5.49835757104,5.53735301481,5.47885984916,5.53735301481,3011.0,5.64,0.0,5.68,5.62,5.68,1.0,3011.0,4,12
126,2016-08-11,5.54710187575,5.54710187575,5.46920847682,5.46920847682,1281.0,5.69,0.0,5.69,5.6101,5.6101,1.0,1281.0,3,11
127,2016-08-10,5.55509594172,5.58609731951,5.52760415386,5.52760415386,10763.0,5.6982,0.0,5.73,5.67,5.67,1.0,10763.0,2,10
128,2016-08-09,5.54719936436,5.55304868092,5.53735301481,5.55304868092,1586.0,5.6901,0.0,5.6961,5.68,5.6961,1.0,1586.0,1,09
129,2016-08-08,5.54710187575,5.6055950414,5.53023634632,5.53023634632,5740.0,5.69,0.0,5.75,5.6727,5.6727,1.0,5740.0,0,08
130,2016-08-05,5.46920847682,5.69333478987,5.46920847682,5.69333478987,3304.0,5.6101,0.0,5.84,5.6101,5.84,1.0,3304.0,4,05
131,2016-08-04,5.64459048516,5.6543393461,5.44083929148,5.58609731951,16790.0,5.79,0.0,5.8,5.581,5.73,1.0,16790.0,3,04
132,2016-08-03,5.43986440539,5.54700438714,5.43986440539,5.46033701337,11743.0,5.58,0.0,5.6899,5.58,5.601,1.0,11743.0,2,03
133,2016-08-02,5.42036668351,5.54700438714,5.42036668351,5.45936212727,3313.0,5.56,0.0,5.6899,5.56,5.6,1.0,3313.0,1,02
134,2016-08-01,5.41061782257,5.54700438714,5.36187351786,5.52760415386,6014.0,5.55,0.0,5.6899,5.5,5.67,1.0,6014.0,0,01
135,2016-07-29,5.51785529292,5.64459048516,5.51444319159,5.52750666526,10167.0,5.66,0.0,5.79,5.6565,5.6699,1.0,10167.0,4,29
136,2016-07-28,5.45936212727,5.66067610572,5.26438490844,5.26438490844,16303.0,5.6,0.0,5.8065,5.4,5.4,1.0,16303.0,3,28
137,2016-07-27,5.66408820705,5.66408820705,5.52272972339,5.6055950414,3744.0,5.81,0.0,5.81,5.665,5.75,1.0,3744.0,2,27
138,2016-07-26,5.57985804851,5.6543393461,5.45487765124,5.49835757104,12987.0,5.7236,0.0,5.8,5.5954,5.64,1.0,12987.0,1,26
139,2016-07-25,5.4886087101,5.70308365081,5.43986440539,5.43986440539,22933.0,5.63,0.0,5.85,5.58,5.58,1.0,22933.0,0,25
140,2016-07-22,5.70308365081,5.78984851319,5.61534390234,5.7225813727,110692.0,5.85,0.0,5.939,5.76,5.87,1.0,110692.0,4,22
141,2016-07-21,5.70308365081,5.81032112117,5.69226241517,5.69226241517,29527.0,5.85,0.0,5.96,5.8389,5.8389,1.0,29527.0,3,21
142,2016-07-20,5.69333478987,5.74207909458,5.60549755279,5.74207909458,17613.0,5.84,0.0,5.89,5.7499,5.89,1.0,17613.0,2,20
143,2016-07-19,5.63484162422,5.7225813727,5.47885984916,5.54963657959,10140.0,5.78,0.0,5.87,5.62,5.6926,1.0,10140.0,1,19
144,2016-07-18,5.61534390234,5.7225813727,5.45936212727,5.45936212727,17263.0,5.76,0.0,5.87,5.6,5.6,1.0,17263.0,0,18
145,2016-07-15,5.58609731951,5.74207909458,5.56659959763,5.70308365081,9415.0,5.73,0.0,5.89,5.71,5.85,1.0,9415.0,4,15
146,2016-07-14,5.59584618046,5.7225813727,5.46911098822,5.63094207985,24084.0,5.74,0.0,5.87,5.61,5.776,1.0,24084.0,3,14
147,2016-07-13,5.61046947187,5.70308365081,5.57732334467,5.58609731951,13518.0,5.755,0.0,5.85,5.721,5.73,1.0,13518.0,2,13
148,2016-07-12,5.6542418575,5.74207909458,5.57381375473,5.71283251175,33992.0,5.7999,0.0,5.89,5.7174,5.86,1.0,33992.0,1,12
149,2016-07-11,5.69333478987,5.7029861622,5.45945961588,5.54710187575,24907.0,5.84,0.0,5.8499,5.6001,5.69,1.0,24907.0,0,11
150,2016-07-08,5.49835757104,5.50810643198,5.27423125799,5.30572007883,34450.0,5.64,0.0,5.65,5.4101,5.4424,1.0,34450.0,4,08
151,2016-07-07,5.3126417701,5.32599770959,5.23513832562,5.27413376938,14142.0,5.4495,0.0,5.4632,5.37,5.41,1.0,14142.0,3,07
152,2016-07-06,5.31312921315,5.34237579597,5.27423125799,5.28388263033,7980.0,5.45,0.0,5.48,5.4101,5.42,1.0,7980.0,2,06
153,2016-07-05,5.31312921315,5.35202716831,5.28388263033,5.31312921315,18714.0,5.45,0.0,5.4899,5.42,5.45,1.0,18714.0,1,05
154,2016-07-01,5.31312921315,5.32385296019,5.26438490844,5.26438490844,15058.0,5.45,0.0,5.461,5.4,5.4,1.0,15058.0,4,01
155,2016-06-30,5.2546360475,5.36187351786,5.2546360475,5.27413376938,30201.0,5.39,0.0,5.5,5.39,5.41,1.0,30201.0,3,30
156,2016-06-29,5.19614288185,5.28485751642,4.92561199072,5.27413376938,62879.0,5.33,0.0,5.421,5.0525,5.41,1.0,62879.0,2,29
157,2016-06-28,5.30338035221,5.36187351786,5.28144541509,5.35212465692,22617.0,5.44,0.0,5.5,5.4175,5.49,1.0,22617.0,1,28
158,2016-06-27,5.31312921315,5.36187351786,5.11815199432,5.35212465692,75022.0,5.45,0.0,5.5,5.25,5.49,1.0,75022.0,0,27
159,2016-06-24,5.36187351786,5.6543393461,5.29850592174,5.61534390234,55439.0,5.5,0.0,5.8,5.435,5.76,1.0,55439.0,4,24
160,2016-06-23,5.49835757104,5.6055950414,5.27413376938,5.27413376938,89166.0,5.64,0.0,5.75,5.41,5.41,1.0,89166.0,3,23
161,2016-06-22,5.27413376938,5.34237579597,5.22538946468,5.32287807409,26318.0,5.41,0.0,5.48,5.36,5.46,1.0,26318.0,2,22
162,2016-06-21,5.17664515997,5.36187351786,5.1376497162,5.18639402091,132323.0,5.31,0.0,5.5,5.27,5.32,1.0,132323.0,1,21
163,2016-06-20,5.06940768961,5.25502600194,4.92317477549,5.06940768961,60425.0,5.2,0.0,5.3904,5.05,5.2,1.0,60425.0,0,20
164,2016-06-17,5.00116566302,5.23513832562,5.00116566302,5.11815199432,33141.0,5.13,0.0,5.37,5.13,5.25,1.0,33141.0,4,17
165,2016-06-16,5.05965882867,5.11815199432,4.96217021925,4.99726611864,49856.0,5.19,0.0,5.25,5.09,5.126,1.0,49856.0,3,16
166,2016-06-15,5.0206633849,5.069310201,4.87443047078,4.95242135831,130988.0,5.15,0.065,5.1999,5.0,5.08,1.0,130988.0,2,15
167,2016-06-14,4.90032150128,4.9522129215,4.8810667999,4.94845825473,10337.0,5.09,0.0,5.1439,5.07,5.14,1.0,10337.0,1,14
168,2016-06-13,4.90994885197,4.94845825473,4.84496423481,4.90032150128,22742.0,5.1,0.0,5.14,5.0325,5.09,1.0,22742.0,0,13
169,2016-06-10,4.93883090404,4.93883090404,4.784793293,4.80212252424,17321.0,5.13,0.0,5.13,4.97,4.988,1.0,17321.0,4,10
170,2016-06-09,4.86518167126,4.94845825473,4.81367534507,4.94845825473,13787.0,5.0535,0.0,5.14,5.0,5.14,1.0,13787.0,3,09
171,2016-06-08,4.85218474783,4.87143944921,4.77516594231,4.87143944921,5710.0,5.04,0.0,5.06,4.96,5.06,1.0,5710.0,2,08
172,2016-06-07,4.76553859161,4.87143944921,4.76553859161,4.76553859161,9147.0,4.95,0.0,5.06,4.95,4.95,1.0,9147.0,1,07
173,2016-06-06,4.81367534507,4.87143944921,4.71740183816,4.87143944921,34026.0,5.0,0.0,5.06,4.9,5.06,1.0,34026.0,0,06
174,2016-06-03,4.86181209852,4.86181209852,4.74801681336,4.74801681336,9938.0,5.05,0.0,5.05,4.9318,4.9318,1.0,9938.0,4,03
175,2016-06-02,4.82330269576,4.86181209852,4.82330269576,4.86181209852,8168.0,5.01,0.0,5.05,5.01,5.05,1.0,8168.0,3,02
176,2016-06-01,4.83293004645,4.87143944921,4.76072491627,4.81367534507,18205.0,5.02,0.0,5.06,4.945,5.0,1.0,18205.0,2,01
177,2016-05-31,4.87143944921,4.87143944921,4.72568135976,4.81367534507,16144.0,5.06,0.0,5.06,4.9086,5.0,1.0,16144.0,1,31
178,2016-05-27,4.784793293,4.89531527892,4.6788924354,4.6788924354,50037.0,4.97,0.0,5.0848,4.86,4.86,1.0,50037.0,4,27
179,2016-05-26,4.81367534507,4.81367534507,4.63075568195,4.63075568195,39946.0,5.0,0.0,5.0,4.81,4.81,1.0,39946.0,3,26
180,2016-05-25,4.63075568195,4.77516594231,4.59224627919,4.60187362988,43805.0,4.81,0.0,4.96,4.77,4.78,1.0,43805.0,2,25
181,2016-05-24,4.55373687643,4.60187362988,4.52485482436,4.52485482436,43345.0,4.73,0.0,4.78,4.7,4.7,1.0,43345.0,1,24
182,2016-05-23,4.47671807091,4.56673379986,4.47671807091,4.47681434442,3983.0,4.65,0.0,4.7435,4.65,4.6501,1.0,3983.0,0,23
183,2016-05-20,4.47671807091,4.56336422712,4.42858131746,4.52485482436,4513.0,4.65,0.0,4.74,4.6,4.7,1.0,4513.0,4,20
184,2016-05-19,4.49404730215,4.49404730215,4.42858131746,4.47671807091,7688.0,4.668,0.0,4.668,4.6,4.65,1.0,7688.0,3,19
185,2016-05-18,4.45746336953,4.56336422712,4.4138514709,4.56336422712,16199.0,4.63,0.0,4.74,4.5847,4.74,1.0,16199.0,2,18
186,2016-05-17,4.41895396677,4.61150098057,4.41895396677,4.47671807091,22384.0,4.59,0.0,4.79,4.59,4.65,1.0,22384.0,1,17
187,2016-05-16,4.54410952574,4.64991410983,4.42858131746,4.52485482436,45982.0,4.72,0.0,4.8299,4.6,4.7,1.0,45982.0,0,16
188,2016-05-13,4.4863454216,4.59224627919,4.42858131746,4.56336422712,14543.0,4.66,0.0,4.77,4.6,4.74,1.0,14543.0,4,13
189,2016-05-12,4.56336422712,4.62112833126,4.55373687643,4.57299157781,16362.0,4.74,0.0,4.8,4.73,4.75,1.0,16362.0,3,12
190,2016-05-11,4.55835800476,4.61150098057,4.54410952574,4.5826189285,15713.0,4.7348,0.0,4.79,4.72,4.76,1.0,15713.0,2,11
191,2016-05-10,4.62103205776,4.63075568195,4.54410952574,4.63075568195,28108.0,4.7999,0.0,4.81,4.72,4.81,1.0,28108.0,1,10
192,2016-05-09,4.60187362988,4.62122460477,4.53448217505,4.62112833126,74185.0,4.78,0.0,4.8001,4.71,4.8,1.0,74185.0,0,09
193,2016-05-06,4.65001038333,4.65001038333,4.59224627919,4.62112833126,7942.0,4.83,0.0,4.83,4.77,4.8,1.0,7942.0,4,06
194,2016-05-05,4.62112833126,4.65597934076,4.62112833126,4.65530542621,6662.0,4.8,0.0,4.8362,4.8,4.8355,1.0,6662.0,3,05
195,2016-05-04,4.70777448747,4.70777448747,4.61506310033,4.61506310033,23329.0,4.89,0.0,4.89,4.7937,4.7937,1.0,23329.0,2,04
196,2016-05-03,4.65001038333,4.66926508471,4.54410952574,4.54410952574,26400.0,4.83,0.0,4.85,4.72,4.72,1.0,26400.0,1,03
197,2016-05-02,4.57299157781,4.70777448747,4.47671807091,4.62122460477,38433.0,4.75,0.0,4.89,4.65,4.8001,1.0,38433.0,0,02
198,2016-04-29,4.64038303264,4.64038303264,4.56336422712,4.61150098057,8686.0,4.82,0.0,4.82,4.74,4.79,1.0,8686.0,4,29
199,2016-04-28,4.65001038333,4.65963773402,4.50560012298,4.50560012298,10146.0,4.83,0.0,4.84,4.68,4.68,1.0,10146.0,3,28
200,2016-04-27,4.57308785132,4.64240477629,4.52485482436,4.64240477629,3386.0,4.7501,0.0,4.8221,4.7,4.8221,1.0,3386.0,2,27
201,2016-04-26,4.69814713678,4.69814713678,4.61150098057,4.65001038333,12518.0,4.88,0.0,4.88,4.79,4.83,1.0,12518.0,1,26
202,2016-04-25,4.64038303264,4.66926508471,4.59224627919,4.62103205776,27593.0,4.82,0.0,4.85,4.77,4.7999,1.0,27593.0,0,25
203,2016-04-22,4.52485482436,4.70777448747,4.52485482436,4.70777448747,965.0,4.7,0.0,4.89,4.7,4.89,1.0,965.0,4,22
204,2016-04-21,4.69333346144,4.71740183816,4.54410952574,4.64028675914,8344.0,4.875,0.0,4.9,4.72,4.8199,1.0,8344.0,3,21
205,2016-04-20,4.66926508471,4.66926508471,4.59224627919,4.5923425527,5306.0,4.85,0.0,4.85,4.77,4.7701,1.0,5306.0,2,20
206,2016-04-19,4.59224627919,4.63065940845,4.53448217505,4.53448217505,5224.0,4.77,0.0,4.8099,4.71,4.71,1.0,5224.0,1,19
207,2016-04-18,4.57299157781,4.77516594231,4.52485482436,4.68851978609,9176.0,4.75,0.0,4.96,4.7,4.87,1.0,9176.0,0,18
208,2016-04-15,4.65001038333,4.73665653954,4.62112833126,4.6788924354,25754.0,4.83,0.0,4.92,4.8,4.86,1.0,25754.0,4,15
209,2016-04-14,4.63075568195,4.71740183816,4.6216096988,4.71740183816,5327.0,4.81,0.0,4.9,4.8005,4.9,1.0,5327.0,3,14
210,2016-04-13,4.71740183816,4.74628389023,4.7164391031,4.74628389023,1300.0,4.9,0.0,4.93,4.899,4.93,1.0,1300.0,2,13
211,2016-04-12,4.66936135822,4.81367534507,4.65963773402,4.68851978609,41712.0,4.8501,0.0,5.0,4.84,4.87,1.0,41712.0,1,12
212,2016-04-11,4.66926508471,4.80404799438,4.62112833126,4.70777448747,8745.0,4.85,0.0,4.99,4.8,4.89,1.0,8745.0,0,11
213,2016-04-08,4.64038303264,4.71740183816,4.52100388409,4.71740183816,6553.0,4.82,0.0,4.9,4.696,4.9,1.0,6553.0,4,08
214,2016-04-07,4.6788924354,4.80404799438,4.65039547736,4.72702918885,13064.0,4.86,0.0,4.99,4.8304,4.91,1.0,13064.0,3,07
215,2016-04-06,4.6788924354,4.81367534507,4.66926508471,4.66926508471,3924.0,4.86,0.0,5.0,4.85,4.85,1.0,3924.0,2,06
216,2016-04-05,4.73665653954,4.81367534507,4.55373687643,4.55373687643,27743.0,4.92,0.0,5.0,4.73,4.73,1.0,27743.0,1,05
217,2016-04-04,4.65963773402,4.784793293,4.61150098057,4.784793293,7750.0,4.84,0.0,4.97,4.79,4.97,1.0,7750.0,0,04
218,2016-04-01,4.63075568195,4.95808560542,4.63075568195,4.66926508471,42532.0,4.81,0.0,5.15,4.81,4.85,1.0,42532.0,4,01
219,2016-03-31,4.68851978609,4.80404799438,4.42858131746,4.72702918885,60979.0,4.87,0.0,4.99,4.6,4.91,1.0,60979.0,3,31
220,2016-03-30,4.65963773402,4.75591124092,4.61150098057,4.70777448747,33645.0,4.84,0.0,4.94,4.79,4.89,1.0,33645.0,2,30
221,2016-03-29,4.6788924354,4.71740183816,4.60187362988,4.66926508471,31298.0,4.86,0.0,4.9,4.78,4.85,1.0,31298.0,1,29
222,2016-03-28,4.66926508471,4.71740183816,4.66156320416,4.71740183816,11583.0,4.85,0.0,4.9,4.842,4.9,1.0,11583.0,0,28
223,2016-03-24,4.65963773402,4.66926508471,4.57299157781,4.57299157781,4631.0,4.84,0.0,4.85,4.75,4.75,1.0,4631.0,3,24
224,2016-03-23,4.66916881121,4.68004771749,4.38044456401,4.50560012298,37485.0,4.8499,0.0,4.8612,4.55,4.68,1.0,37485.0,2,23
225,2016-03-22,4.71740183816,4.74628389023,4.34193516125,4.71740183816,78403.0,4.9,0.0,4.93,4.51,4.9,1.0,78403.0,1,22
226,2016-03-21,4.74628389023,4.76553859161,4.57299157781,4.62103205776,81260.0,4.93,0.0,4.95,4.75,4.7999,1.0,81260.0,0,21
227,2016-03-18,4.66926508471,4.66926508471,4.42858131746,4.50560012298,432950.0,4.85,0.0,4.85,4.6,4.68,1.0,432950.0,4,18
228,2016-03-17,4.4766217974,4.4863454216,4.35156251194,4.4863454216,83020.0,4.6499,0.0,4.66,4.52,4.66,1.0,83020.0,3,17
229,2016-03-16,4.35156251194,4.51522747367,4.35156251194,4.49597277229,54697.0,4.52,0.0,4.69,4.52,4.67,1.0,54697.0,2,16
230,2016-03-15,4.43820866815,4.51522747367,4.27454370642,4.27454370642,38355.0,4.61,0.0,4.69,4.44,4.44,1.0,38355.0,1,15
231,2016-03-14,4.3900719147,4.39969926539,4.11087874469,4.24479519279,48660.0,4.56,0.0,4.57,4.27,4.4091,1.0,48660.0,0,14
232,2016-03-11,4.33230781056,4.40932661608,4.18789755021,4.40932661608,21973.0,4.5,0.065,4.58,4.35,4.58,1.0,21973.0,4,11
233,2016-03-10,4.3465432141,4.36552375215,4.2041891787,4.27062106189,47078.0,4.58,0.0,4.6,4.43,4.5,1.0,47078.0,3,10
234,2016-03-09,4.35603348313,4.44362866624,4.21367944773,4.44362866624,74240.0,4.59,0.0,4.6823,4.44,4.6823,1.0,74240.0,2,09
235,2016-03-08,4.3465432141,4.62176101586,4.17571837162,4.27062106189,79318.0,4.58,0.0,4.87,4.4,4.5,1.0,79318.0,1,08
236,2016-03-07,4.22316971676,4.26113079286,3.8435589557,3.89101030083,94831.0,4.45,0.0,4.49,4.05,4.1,1.0,94831.0,0,07
237,2016-03-04,3.87202976278,3.89101030083,3.75150334614,3.89101030083,31607.0,4.08,0.0,4.1,3.953,4.1,1.0,31607.0,4,04
238,2016-03-03,3.8815200318,3.89101030083,3.79620251326,3.81508814862,17042.0,4.09,0.0,4.1,4.0001,4.02,1.0,17042.0,3,03
239,2016-03-02,3.79610761057,3.82457841765,3.65422808862,3.69171465128,17172.0,4.0,0.0,4.03,3.8505,3.89,1.0,17172.0,2,02
240,2016-03-01,3.74865626543,3.77712707251,3.67273411322,3.67273411322,27486.0,3.95,0.0,3.98,3.87,3.87,1.0,27486.0,1,01
241,2016-02-29,3.69171465128,3.69171465128,3.6632438442,3.67273411322,10534.0,3.89,0.0,3.89,3.86,3.87,1.0,10534.0,0,29
242,2016-02-26,3.7012049203,3.7012049203,3.6632438442,3.7012049203,10101.0,3.9,0.0,3.9,3.86,3.9,1.0,10101.0,4,26
243,2016-02-25,3.72967572738,3.72967572738,3.72293763637,3.72293763637,738.0,3.93,0.0,3.93,3.9229,3.9229,1.0,738.0,3,25
244,2016-02-24,3.74865626543,3.74865626543,3.64426330614,3.65375357517,26465.0,3.95,0.0,3.95,3.84,3.85,1.0,26465.0,2,24
245,2016-02-23,3.69171465128,3.76763680349,3.67273411322,3.76763680349,15890.0,3.89,0.0,3.97,3.87,3.97,1.0,15890.0,1,23
246,2016-02-22,3.88142512911,3.8815200318,3.7012049203,3.75824143715,22892.0,4.0899,0.0,4.09,3.9,3.9601,1.0,22892.0,0,22
247,2016-02-19,3.85969241304,3.8815200318,3.75814653446,3.8815200318,47941.0,4.067,0.0,4.09,3.96,4.09,1.0,47941.0,4,19
248,2016-02-18,3.8815200318,3.8815200318,3.62053763358,3.70111001761,20136.0,4.09,0.0,4.09,3.815,3.8999,1.0,20136.0,3,18
249,2016-02-17,3.68943698671,3.7012049203,3.61569759637,3.61579249906,10378.0,3.8876,0.0,3.9,3.8099,3.81,1.0,10378.0,2,17
250,2016-02-16,3.61579249906,3.61579249906,3.54936061588,3.557901858,10604.0,3.81,0.0,3.81,3.74,3.749,1.0,10604.0,1,16
251,2016-02-12,3.64426330614,3.64426330614,3.59681196101,3.64426330614,3100.0,3.84,0.0,3.84,3.79,3.84,1.0,3100.0,4,12
252,2016-02-11,3.71069518933,3.71069518933,3.6183548717,3.63154634565,6300.0,3.91,0.0,3.91,3.8127,3.8266,1.0,6300.0,3,11
253,2016-02-10,3.72009055566,3.72958082469,3.56834115393,3.71069518933,7061.0,3.9199,0.0,3.9299,3.76,3.91,1.0,7061.0,2,10
254,2016-02-09,3.7012049203,3.72967572738,3.66210501191,3.71069518933,12764.0,3.9,0.0,3.93,3.8588,3.91,1.0,12764.0,1,09
255,2016-02-08,3.69171465128,3.71069518933,3.5589457876,3.69171465128,27952.0,3.89,0.0,3.91,3.7501,3.89,1.0,27952.0,0,08
256,2016-02-05,3.69161974859,3.72967572738,3.62632669768,3.62632669768,4571.0,3.8899,0.0,3.93,3.8211,3.8211,1.0,4571.0,4,05
257,2016-02-04,3.63477303712,3.72967572738,3.63477303712,3.63477303712,6746.0,3.83,0.0,3.93,3.83,3.83,1.0,6746.0,3,04
258,2016-02-03,3.72540510632,3.72540510632,3.69171465128,3.69171465128,1258.0,3.9255,0.0,3.9255,3.89,3.89,1.0,1258.0,2,03
259,2016-02-02,3.66523680069,3.71012577319,3.66523680069,3.69418212122,3041.0,3.8621,0.0,3.9094,3.8621,3.8926,1.0,3041.0,1,02
260,2016-02-01,3.73916599641,3.74865626543,3.73916599641,3.74865626543,2340.0,3.94,0.0,3.95,3.94,3.95,1.0,2340.0,0,01
261,2016-01-29,3.75814653446,3.75814653446,3.59681196101,3.7012049203,17463.0,3.96,0.0,3.96,3.79,3.9,1.0,17463.0,4,29
262,2016-01-28,3.67273411322,3.67273411322,3.55723753917,3.65375357517,9336.0,3.87,0.0,3.87,3.7483,3.85,1.0,9336.0,3,28
263,2016-01-27,3.65375357517,3.65375357517,3.53038007783,3.62528276809,16383.0,3.85,0.0,3.85,3.72,3.82,1.0,16383.0,2,27
264,2016-01-26,3.65375357517,3.65375357517,3.53038007783,3.60630223004,4730.0,3.85,0.0,3.85,3.72,3.8,1.0,4730.0,1,26
265,2016-01-25,3.6398028797,3.67273411322,3.62528276809,3.67273411322,5319.0,3.8353,0.0,3.87,3.82,3.87,1.0,5319.0,0,25
266,2016-01-22,3.67273411322,3.7012049203,3.43547738756,3.7012049203,38928.0,3.87,0.0,3.9,3.62,3.9,1.0,38928.0,4,22
267,2016-01-21,3.60630223004,3.7012049203,3.60630223004,3.60630223004,19303.0,3.8,0.0,3.9,3.8,3.8,1.0,19303.0,3,21
268,2016-01-20,3.59681196101,3.68222438225,3.42598711854,3.68222438225,16420.0,3.79,0.0,3.88,3.61,3.88,1.0,16420.0,2,20
269,2016-01-19,3.67273411322,4.73564424418,3.44942808303,3.67273411322,21238.0,3.87,0.0,4.99,3.6347,3.87,1.0,21238.0,1,19
