,Unnamed: 0,adj_close,adj_high,adj_low,adj_open,adj_volume,close,ex_dividend,high,low,open,split_ratio,volume,Day of Week
0,2017-02-10,17.8,18.49,17.44,18.08,998484.0,17.8,0.0,18.49,17.44,18.08,1.0,998484.0,4
1,2017-02-09,17.96,18.25,17.35,17.5,844189.0,17.96,0.0,18.25,17.35,17.5,1.0,844189.0,3
2,2017-02-08,17.51,17.66,16.95,17.24,947147.0,17.51,0.0,17.66,16.95,17.24,1.0,947147.0,2
3,2017-02-07,17.33,17.46,16.72,17.19,661499.0,17.33,0.0,17.46,16.72,17.19,1.0,661499.0,1
4,2017-02-06,17.25,17.56,16.99,17.52,539739.0,17.25,0.0,17.56,16.99,17.52,1.0,539739.0,0
5,2017-02-03,17.51,17.8,17.25,17.48,1232547.0,17.51,0.0,17.8,17.25,17.48,1.0,1232547.0,4
6,2017-02-02,17.56,18.315,17.42,18.2,5381064.0,17.56,0.0,18.315,17.42,18.2,1.0,5381064.0,3
7,2017-02-01,17.65,17.75,16.88,16.89,593701.0,17.65,0.0,17.75,16.88,16.89,1.0,593701.0,2
8,2017-01-31,17.4,17.5,16.41,16.69,280942.0,17.4,0.0,17.5,16.41,16.69,1.0,280942.0,1
9,2017-01-30,16.75,18.269000000000002,16.48,17.69,449962.0,16.75,0.0,18.269000000000002,16.48,17.69,1.0,449962.0,0
10,2017-01-27,17.71,18.46,17.44,18.01,146320.0,17.71,0.0,18.46,17.44,18.01,1.0,146320.0,4
11,2017-01-26,17.96,18.7,17.92,18.05,239262.0,17.96,0.0,18.7,17.92,18.05,1.0,239262.0,3
12,2017-01-25,17.99,18.82,17.94,18.42,292359.0,17.99,0.0,18.82,17.94,18.42,1.0,292359.0,2
13,2017-01-24,18.43,18.81,18.18,18.54,286055.0,18.43,0.0,18.81,18.18,18.54,1.0,286055.0,1
14,2017-01-23,18.43,18.75,18.1,18.75,312274.0,18.43,0.0,18.75,18.1,18.75,1.0,312274.0,0
15,2017-01-20,18.96,19.04,18.135,18.56,409519.0,18.96,0.0,19.04,18.135,18.56,1.0,409519.0,4
16,2017-01-19,19.09,19.84,18.38,19.74,608283.0,19.09,0.0,19.84,18.38,19.74,1.0,608283.0,3
17,2017-01-18,18.75,19.18,17.28,17.4,417175.0,18.75,0.0,19.18,17.28,17.4,1.0,417175.0,2
18,2017-01-17,17.43,17.99,16.5,17.89,626697.0,17.43,0.0,17.99,16.5,17.89,1.0,626697.0,1
19,2017-01-13,18.15,19.07,17.9602,19.01,417660.0,18.15,0.0,19.07,17.9602,19.01,1.0,417660.0,4
20,2017-01-12,18.93,19.675,18.65,19.16,486808.0,18.93,0.0,19.675,18.65,19.16,1.0,486808.0,3
21,2017-01-11,19.05,19.275,18.39,18.56,421900.0,19.05,0.0,19.275,18.39,18.56,1.0,421900.0,2
22,2017-01-10,18.5,18.585,17.73,18.22,382467.0,18.5,0.0,18.585,17.73,18.22,1.0,382467.0,1
23,2017-01-09,18.23,19.1,17.8,17.93,961197.0,18.23,0.0,19.1,17.8,17.93,1.0,961197.0,0
24,2017-01-06,17.77,18.1457,17.145,17.38,586409.0,17.77,0.0,18.1457,17.145,17.38,1.0,586409.0,4
25,2017-01-05,17.31,17.769000000000002,16.78,17.5,227372.0,17.31,0.0,17.769000000000002,16.78,17.5,1.0,227372.0,3
26,2017-01-04,17.5,17.51,16.205,17.01,265272.0,17.5,0.0,17.51,16.205,17.01,1.0,265272.0,2
27,2017-01-03,16.82,17.33,16.61,16.75,304659.0,16.82,0.0,17.33,16.61,16.75,1.0,304659.0,1
28,2016-12-30,16.55,16.9659,16.3,16.33,182184.0,16.55,0.0,16.9659,16.3,16.33,1.0,182184.0,4
29,2016-12-29,16.32,16.34,15.71,16.21,207936.0,16.32,0.0,16.34,15.71,16.21,1.0,207936.0,3
30,2016-12-28,16.24,16.45,16.16,16.37,314523.0,16.24,0.0,16.45,16.16,16.37,1.0,314523.0,2
31,2016-12-27,16.29,17.0,16.145,16.28,559655.0,16.29,0.0,17.0,16.145,16.28,1.0,559655.0,1
32,2016-12-23,16.2,16.34,15.41,15.61,423693.0,16.2,0.0,16.34,15.41,15.61,1.0,423693.0,4
33,2016-12-22,15.54,16.17,15.31,15.99,447595.0,15.54,0.0,16.17,15.31,15.99,1.0,447595.0,3
34,2016-12-21,15.91,15.99,15.45,15.47,581714.0,15.91,0.0,15.99,15.45,15.47,1.0,581714.0,2
35,2016-12-20,15.4,15.48,15.0,15.02,370940.0,15.4,0.0,15.48,15.0,15.02,1.0,370940.0,1
36,2016-12-19,14.92,14.95,14.25,14.56,248473.0,14.92,0.0,14.95,14.25,14.56,1.0,248473.0,0
37,2016-12-16,14.63,15.14,14.0328,14.16,2510941.0,14.63,0.0,15.14,14.0328,14.16,1.0,2510941.0,4
38,2016-12-15,14.0,14.33,13.3,13.45,427297.0,14.0,0.0,14.33,13.3,13.45,1.0,427297.0,3
39,2016-12-14,13.5,13.99,13.31,13.85,281886.0,13.5,0.0,13.99,13.31,13.85,1.0,281886.0,2
40,2016-12-13,13.93,14.425,13.52,14.08,725082.0,13.93,0.0,14.425,13.52,14.08,1.0,725082.0,1
41,2016-12-12,13.9,14.65,12.65,14.25,932114.0,13.9,0.0,14.65,12.65,14.25,1.0,932114.0,0
42,2016-12-09,13.9,14.12,13.6,13.81,424320.0,13.9,0.0,14.12,13.6,13.81,1.0,424320.0,4
43,2016-12-08,13.74,14.62,13.599,14.18,282744.0,13.74,0.0,14.62,13.599,14.18,1.0,282744.0,3
44,2016-12-07,13.94,14.95,13.64,14.18,362382.0,13.94,0.0,14.95,13.64,14.18,1.0,362382.0,2
45,2016-12-06,13.84,14.1,13.75,13.75,381397.0,13.84,0.0,14.1,13.75,13.75,1.0,381397.0,1
46,2016-12-05,13.75,14.0,13.423,13.52,283739.0,13.75,0.0,14.0,13.423,13.52,1.0,283739.0,0
47,2016-12-02,13.46,14.11,13.26,13.57,300155.0,13.46,0.0,14.11,13.26,13.57,1.0,300155.0,4
48,2016-12-01,13.58,14.63,13.36,13.8,635338.0,13.58,0.0,14.63,13.36,13.8,1.0,635338.0,3
49,2016-11-30,13.67,14.35,12.5,13.3,937678.0,13.67,0.0,14.35,12.5,13.3,1.0,937678.0,2
50,2016-11-29,12.18,12.54,11.99,12.33,190117.0,12.18,0.0,12.54,11.99,12.33,1.0,190117.0,1
51,2016-11-28,12.39,12.61,12.07,12.42,97513.0,12.39,0.0,12.61,12.07,12.42,1.0,97513.0,0
52,2016-11-25,12.45,12.89,12.2805,12.55,88951.0,12.45,0.0,12.89,12.2805,12.55,1.0,88951.0,4
53,2016-11-23,12.3,12.498,11.53,11.82,270246.0,12.3,0.0,12.498,11.53,11.82,1.0,270246.0,2
54,2016-11-22,11.82,11.935,11.25,11.34,279016.0,11.82,0.0,11.935,11.25,11.34,1.0,279016.0,1
55,2016-11-21,11.22,11.4,10.59,10.89,410028.0,11.22,0.0,11.4,10.59,10.89,1.0,410028.0,0
56,2016-11-18,10.77,11.04,10.56,10.94,151911.0,10.77,0.0,11.04,10.56,10.94,1.0,151911.0,4
57,2016-11-17,10.97,11.1499,10.75,10.96,43369.0,10.97,0.0,11.1499,10.75,10.96,1.0,43369.0,3
58,2016-11-16,10.98,11.145,10.89,11.06,232328.0,10.98,0.0,11.145,10.89,11.06,1.0,232328.0,2
59,2016-11-15,11.2,11.7955,11.14,11.15,83626.0,11.2,0.0,11.7955,11.14,11.15,1.0,83626.0,1
60,2016-11-14,11.18,11.4,10.93,11.35,80816.0,11.18,0.0,11.4,10.93,11.35,1.0,80816.0,0
61,2016-11-11,11.36,11.5575,11.33,11.5,43952.0,11.36,0.0,11.5575,11.33,11.5,1.0,43952.0,4
62,2016-11-10,11.57,11.85,11.27,11.41,287974.0,11.57,0.0,11.85,11.27,11.41,1.0,287974.0,3
63,2016-11-09,11.58,12.05,11.0,11.0,270679.0,11.58,0.0,12.05,11.0,11.0,1.0,270679.0,2
64,2016-11-08,11.07,11.25,10.9,11.1,267382.0,11.07,0.0,11.25,10.9,11.1,1.0,267382.0,1
65,2016-11-07,11.07,11.75,10.99,11.03,599717.0,11.07,0.0,11.75,10.99,11.03,1.0,599717.0,0
66,2016-11-04,10.99,11.07,10.3,10.3,3419720.0,10.99,0.0,11.07,10.3,10.3,1.0,3419720.0,4
