,Unnamed: 0,adj_close,adj_high,adj_low,adj_open,adj_volume,close,ex_dividend,high,low,open,split_ratio,volume,Day of Week
0,2017-02-10,7.05,7.05,6.9095,6.9095,7407.0,7.05,0.0,7.05,6.9095,6.9095,1.0,7407.0,4
1,2017-02-09,7.0,7.1,6.75,7.05,11404.0,7.0,0.0,7.1,6.75,7.05,1.0,11404.0,3
2,2017-02-08,7.05,7.2,6.95,7.2,23085.0,7.05,0.0,7.2,6.95,7.2,1.0,23085.0,2
3,2017-02-07,7.1,7.15,7.05,7.05,9225.0,7.1,0.0,7.15,7.05,7.05,1.0,9225.0,1
4,2017-02-06,7.1106,7.1519,6.9,6.9,13081.0,7.1106,0.0,7.1519,6.9,6.9,1.0,13081.0,0
5,2017-02-03,7.15,7.23,7.05,7.15,16014.0,7.15,0.0,7.23,7.05,7.15,1.0,16014.0,4
6,2017-02-02,7.2,7.2,6.75,7.2,3211.0,7.2,0.0,7.2,6.75,7.2,1.0,3211.0,3
7,2017-02-01,7.2,7.2,7.0,7.0,10434.0,7.2,0.0,7.2,7.0,7.0,1.0,10434.0,2
8,2017-01-31,7.05,7.175,7.0,7.0,4580.0,7.05,0.0,7.175,7.0,7.0,1.0,4580.0,1
9,2017-01-30,7.05,7.2,7.0,7.2,3459.0,7.05,0.0,7.2,7.0,7.2,1.0,3459.0,0
10,2017-01-27,7.15,7.15,7.145,7.145,918.0,7.15,0.0,7.15,7.145,7.145,1.0,918.0,4
11,2017-01-26,7.1125,7.1125,7.075,7.075,719.0,7.1125,0.0,7.1125,7.075,7.075,1.0,719.0,3
12,2017-01-25,7.1,7.15,7.0145,7.0145,2845.0,7.1,0.0,7.15,7.0145,7.0145,1.0,2845.0,2
13,2017-01-24,7.05,7.1,7.0,7.0,1032.0,7.05,0.0,7.1,7.0,7.0,1.0,1032.0,1
14,2017-01-23,7.0488,7.3,6.95,7.25,4205.0,7.0488,0.0,7.3,6.95,7.25,1.0,4205.0,0
15,2017-01-20,7.1496,7.3,7.05,7.05,3060.0,7.1496,0.0,7.3,7.05,7.05,1.0,3060.0,4
16,2017-01-19,7.075,7.25,6.95,7.175,9398.0,7.075,0.0,7.25,6.95,7.175,1.0,9398.0,3
17,2017-01-18,7.2,7.62,7.0431,7.15,14423.0,7.2,0.0,7.62,7.0431,7.15,1.0,14423.0,2
18,2017-01-17,6.8852,7.25,6.775,6.9,23020.0,6.8852,0.0,7.25,6.775,6.9,1.0,23020.0,1
19,2017-01-13,6.95,7.002999999999999,6.7,6.9,34872.0,6.95,0.0,7.002999999999999,6.7,6.9,1.0,34872.0,4
20,2017-01-12,6.925,7.4,6.575,6.575,38930.0,6.925,0.0,7.4,6.575,6.575,1.0,38930.0,3
21,2017-01-11,6.9,7.25,6.65,7.05,19209.0,6.9,0.0,7.25,6.65,7.05,1.05,19209.0,2
22,2017-01-10,7.0,7.428571428571429,6.952380952380951,7.142857142857139,60847.5,7.35,0.0,7.8,7.3,7.5,1.0,57950.0,1
23,2017-01-09,7.0,7.142857142857139,6.19047619047619,6.19047619047619,77368.2,7.35,0.0,7.5,6.5,6.5,1.0,73684.0,0
24,2017-01-06,6.28571428571428,6.28571428571428,6.15047619047619,6.238095238095241,5702.55,6.6,0.0,6.6,6.457999999999999,6.55,1.0,5431.0,4
25,2017-01-05,6.238095238095241,6.28571428571428,6.238095238095241,6.238095238095241,10313.1,6.55,0.0,6.6,6.55,6.55,1.0,9822.0,3
26,2017-01-04,6.238095238095241,6.38095238095238,6.202380952380951,6.33333333333333,6837.6,6.55,0.0,6.7,6.5125,6.65,1.0,6512.0,2
27,2017-01-03,6.28571428571428,6.38095238095238,6.09523809523809,6.09523809523809,14123.55,6.6,0.0,6.7,6.4,6.4,1.0,13451.0,1
28,2016-12-30,6.19047619047619,6.30952380952381,6.142857142857139,6.195238095238089,8633.1,6.5,0.0,6.625,6.45,6.505,1.0,8222.0,4
29,2016-12-29,6.238095238095241,6.33333333333333,6.19047619047619,6.28571428571428,27168.75,6.55,0.0,6.65,6.5,6.6,1.0,25875.0,3
30,2016-12-28,6.33333333333333,6.571428571428571,6.28571428571428,6.488095238095241,2961.0,6.65,0.0,6.9,6.6,6.8125,1.0,2820.0,2
31,2016-12-27,6.41428571428571,6.66666666666667,6.28571428571428,6.571428571428571,39283.65,6.735,0.0,7.0,6.6,6.9,1.0,37413.0,1
32,2016-12-23,6.761904761904759,6.761904761904759,6.66666666666667,6.69047619047619,6160.35,7.1,0.0,7.1,7.0,7.025,1.0,5867.0,4
33,2016-12-22,6.642857142857139,6.642857142857139,6.63904761904762,6.63904761904762,2544.15,6.975,0.0,6.975,6.971,6.971,1.0,2423.0,3
34,2016-12-21,6.61904761904762,6.761904761904759,6.47619047619048,6.47619047619048,3953.25,6.95,0.0,7.1,6.8,6.8,1.0,3765.0,2
35,2016-12-20,6.61904761904762,7.047619047619049,6.61904761904762,7.047619047619049,11859.75,6.95,0.0,7.4,6.95,7.4,1.0,11295.0,1
36,2016-12-19,6.904761904761901,7.0,6.80952380952381,7.0,6706.35,7.25,0.0,7.35,7.15,7.35,1.0,6387.0,0
37,2016-12-16,6.857142857142861,7.0,6.61904761904762,7.0,13741.35,7.2,0.0,7.35,6.95,7.35,1.0,13087.0,4
38,2016-12-15,6.904761904761901,6.98666666666667,6.85238095238095,6.857142857142861,20291.25,7.25,0.0,7.336,7.195,7.2,1.0,19325.0,3
39,2016-12-14,6.72533333333333,7.047619047619049,6.71428571428571,7.047619047619049,15138.9,7.0616,0.0,7.4,7.05,7.4,1.0,14418.0,2
40,2016-12-13,7.042857142857139,7.047619047619049,6.80952380952381,6.9853333333333305,12492.9,7.395,0.0,7.4,7.15,7.3346,1.0,11898.0,1
41,2016-12-12,6.84666666666667,7.047619047619049,6.761904761904759,7.047428571428571,23599.8,7.189,0.0,7.4,7.1,7.3998,1.0,22476.0,0
42,2016-12-09,6.904761904761901,7.004761904761901,6.80952380952381,7.0,6863.85,7.25,0.0,7.355,7.15,7.35,1.0,6537.0,4
43,2016-12-08,7.0,7.09523809523809,7.0,7.047619047619049,3798.9,7.35,0.0,7.45,7.35,7.4,1.0,3618.0,3
44,2016-12-07,7.00952380952381,7.09523809523809,6.952380952380951,7.09523809523809,5337.15,7.36,0.0,7.45,7.3,7.45,1.0,5083.0,2
45,2016-12-06,7.0,7.09523809523809,6.97238095238095,7.09523809523809,6564.6,7.35,0.0,7.45,7.321000000000001,7.45,1.0,6252.0,1
46,2016-12-05,6.952380952380951,7.142857142857139,6.761904761904759,6.952380952380951,27863.85,7.3,0.0,7.5,7.1,7.3,1.0,26537.0,0
47,2016-12-02,6.69619047619048,6.857142857142861,6.66666666666667,6.66666666666667,2496.9,7.031000000000001,0.0,7.2,7.0,7.0,1.0,2378.0,4
48,2016-12-01,6.80952380952381,7.142857142857139,6.61904761904762,7.047619047619049,10220.7,7.15,0.0,7.5,6.95,7.4,1.0,9734.0,3
49,2016-11-30,6.857142857142861,7.047619047619049,6.71428571428571,7.047619047619049,11408.25,7.2,0.0,7.4,7.05,7.4,1.0,10865.0,2
50,2016-11-29,6.857142857142861,6.857142857142861,6.33333333333333,6.33333333333333,40370.4,7.2,0.0,7.2,6.65,6.65,1.0,38448.0,1
51,2016-11-28,6.428571428571429,6.52380952380952,6.142857142857139,6.19047619047619,41044.5,6.75,0.0,6.85,6.45,6.5,1.0,39090.0,0
52,2016-11-25,6.19047619047619,6.19047619047619,6.11333333333333,6.11333333333333,5823.3,6.5,0.0,6.5,6.419,6.419,1.0,5546.0,4
53,2016-11-23,6.1139047619047595,6.19047619047619,5.904761904761901,6.180952380952379,16817.85,6.4196,0.0,6.5,6.2,6.49,1.0,16017.0,2
54,2016-11-22,6.09523809523809,6.19047619047619,6.047619047619049,6.09523809523809,17759.7,6.4,0.0,6.5,6.35,6.4,1.0,16914.0,1
55,2016-11-21,6.047619047619049,6.047619047619049,5.952380952380951,6.0,8262.45,6.35,0.0,6.35,6.25,6.3,1.0,7869.0,0
56,2016-11-18,5.904761904761901,6.09523809523809,5.857142857142861,6.0,20674.5,6.2,0.0,6.4,6.15,6.3,1.0,19690.0,4
57,2016-11-17,6.0,6.0,5.857142857142861,5.952380952380951,7353.15,6.3,0.0,6.3,6.15,6.25,1.0,7003.0,3
58,2016-11-16,5.904761904761901,6.0,5.857142857142861,5.904761904761901,4065.6,6.2,0.0,6.3,6.15,6.2,1.0,3872.0,2
59,2016-11-15,6.0292380952380995,6.0292380952380995,5.88,5.952380952380951,6207.6,6.3307,0.0,6.3307,6.1739999999999995,6.25,1.0,5912.0,1
60,2016-11-14,5.952380952380951,6.047619047619049,5.654,6.047619047619049,11203.5,6.25,0.0,6.35,5.9367,6.35,1.0,10670.0,0
61,2016-11-11,5.84761904761905,5.952380952380951,5.761904761904759,5.94761904761905,7468.65,6.14,0.0,6.25,6.05,6.245,1.0,7113.0,4
62,2016-11-10,5.904761904761901,6.047619047619049,5.66666666666667,5.80952380952381,5323.5,6.2,0.0,6.35,5.95,6.1,1.0,5070.0,3
63,2016-11-09,5.857142857142861,6.09523809523809,5.428571428571429,6.047619047619049,16747.5,6.15,0.0,6.4,5.7,6.35,1.0,15950.0,2
64,2016-11-08,6.0,6.09523809523809,6.0,6.09523809523809,4006.8,6.3,0.0,6.4,6.3,6.4,1.0,3816.0,1
65,2016-11-07,6.047619047619049,6.142857142857139,5.904761904761901,5.952380952380951,17364.9,6.35,0.0,6.45,6.2,6.25,1.0,16538.0,0
66,2016-11-04,5.904761904761901,5.995238095238099,5.904761904761901,5.952380952380951,2324.7,6.2,0.0,6.295,6.2,6.25,1.0,2214.0,4
67,2016-11-03,5.857142857142861,6.0,5.80952380952381,5.952380952380951,10895.85,6.15,0.0,6.3,6.1,6.25,1.0,10377.0,3
68,2016-11-02,5.928571428571429,5.952380952380951,5.904761904761901,5.952380952380951,2415.0,6.225,0.0,6.25,6.2,6.25,1.0,2300.0,2
69,2016-11-01,6.0,6.0,6.0,6.0,247.8,6.3,0.0,6.3,6.3,6.3,1.0,236.0,1
70,2016-10-31,5.952380952380951,6.09523809523809,5.857142857142861,5.857142857142861,11676.0,6.25,0.0,6.4,6.15,6.15,1.0,11120.0,0
71,2016-10-28,5.86666666666667,6.0,5.857142857142861,5.9428571428571395,7830.9,6.16,0.0,6.3,6.15,6.24,1.0,7458.0,4
72,2016-10-27,5.93333333333333,6.02133333333333,5.93333333333333,6.02133333333333,8323.35,6.23,0.0,6.3224,6.23,6.3224,1.0,7927.0,3
73,2016-10-26,6.01904761904762,6.0571428571428605,5.923904761904759,6.00952380952381,6965.7,6.32,0.0,6.36,6.2201,6.31,1.0,6634.0,2
74,2016-10-25,6.01904761904762,6.09523809523809,5.92380952380952,6.09523809523809,11480.7,6.32,0.0,6.4,6.22,6.4,1.0,10934.0,1
75,2016-10-24,6.08571428571429,6.08571428571429,6.0,6.0,10030.65,6.39,0.0,6.39,6.3,6.3,1.0,9553.0,0
76,2016-10-21,6.028571428571429,6.06666666666667,6.0,6.0,4359.6,6.33,0.0,6.37,6.3,6.3,1.0,4152.0,4
77,2016-10-20,6.0571428571428605,6.08571428571429,6.0472380952380895,6.07619047619048,5980.8,6.36,0.0,6.39,6.3496,6.38,1.0,5696.0,3
78,2016-10-19,6.0571428571428605,6.09523809523809,6.00952380952381,6.00952380952381,9424.8,6.36,0.0,6.4,6.31,6.31,1.0,8976.0,2
79,2016-10-18,6.07619047619048,6.180952380952379,6.01904761904762,6.180952380952379,2528.4,6.38,0.0,6.49,6.32,6.49,1.0,2408.0,1
80,2016-10-17,6.00952380952381,6.19047619047619,6.0,6.19047619047619,19883.85,6.31,0.0,6.5,6.3,6.5,1.0,18937.0,0
81,2016-10-14,6.08571428571429,6.32380952380952,5.99047619047619,6.212095238095241,15591.45,6.39,0.0,6.64,6.29,6.5227,1.0,14849.0,4
82,2016-10-13,6.00952380952381,6.33333333333333,6.00952380952381,6.13333333333333,42013.65,6.31,0.0,6.65,6.31,6.44,1.0,40013.0,3
83,2016-10-12,6.028571428571429,6.171428571428571,5.9428571428571395,6.047619047619049,22814.4,6.33,0.0,6.48,6.24,6.35,1.0,21728.0,2
84,2016-10-11,5.971428571428571,6.028571428571429,5.761904761904759,5.761904761904759,35246.4,6.27,0.0,6.33,6.05,6.05,1.0,33568.0,1
85,2016-10-10,5.761904761904759,5.99047619047619,5.55247619047619,5.55247619047619,121886.1,6.05,0.0,6.29,5.8301,5.8301,1.0,116082.0,0
86,2016-10-07,5.561904761904759,5.571428571428571,5.52380952380952,5.52380952380952,3575.25,5.84,0.0,5.85,5.8,5.8,1.0,3405.0,4
87,2016-10-06,5.542857142857139,5.60952380952381,5.47619047619048,5.47619047619048,24940.65,5.82,0.0,5.89,5.75,5.75,1.0,23753.0,3
88,2016-10-05,5.47619047619048,5.47619047619048,5.33333333333333,5.47504761904762,8954.4,5.75,0.0,5.75,5.6,5.7488,1.0,8528.0,2
89,2016-10-04,5.44761904761905,5.55238095238095,5.438095238095241,5.44761904761905,34356.0,5.72,0.0,5.83,5.71,5.72,1.0,32720.0,1
90,2016-10-03,5.51428571428571,5.52380952380952,5.504761904761901,5.52380952380952,1525.65,5.79,0.0,5.8,5.78,5.8,1.0,1453.0,0
91,2016-09-30,5.58095238095238,5.63809523809524,5.5257142857142805,5.63809523809524,4516.05,5.86,0.0,5.92,5.8020000000000005,5.92,1.0,4301.0,4
92,2016-09-29,5.571428571428571,5.657142857142861,5.41904761904762,5.41904761904762,11175.15,5.85,0.0,5.94,5.69,5.69,1.0,10643.0,3
93,2016-09-28,5.438095238095241,5.55238095238095,5.2285714285714295,5.2285714285714295,62708.1,5.71,0.0,5.83,5.49,5.49,1.0,59722.0,2
94,2016-09-27,5.17142857142857,5.2285714285714295,5.06666666666667,5.2285714285714295,21858.9,5.43,0.0,5.49,5.32,5.49,1.0,20818.0,1
95,2016-09-26,5.114285714285709,5.23809523809524,5.0571428571428605,5.13333333333333,10998.75,5.37,0.0,5.5,5.31,5.39,1.0,10475.0,0
96,2016-09-23,5.23809523809524,5.28571428571429,5.23809523809524,5.28571428571429,4936.05,5.5,0.0,5.55,5.5,5.55,1.0,4701.0,4
97,2016-09-22,5.29523809523809,5.571428571428571,5.24885714285714,5.571428571428571,7726.95,5.56,0.0,5.85,5.5113,5.85,1.0,7359.0,3
98,2016-09-21,5.49523809523809,5.542857142857139,5.49523809523809,5.542857142857139,1684.2,5.77,0.0,5.82,5.77,5.82,1.0,1604.0,2
99,2016-09-20,5.44761904761905,5.504761904761901,5.39047619047619,5.504761904761901,2774.1,5.72,0.0,5.78,5.66,5.78,1.0,2642.0,1
100,2016-09-19,5.48571428571428,5.71428571428571,5.34285714285714,5.71428571428571,23887.5,5.76,0.0,6.0,5.61,6.0,1.0,22750.0,0
101,2016-09-16,5.571428571428571,5.571428571428571,5.23809523809524,5.23809523809524,17100.3,5.85,0.0,5.85,5.5,5.5,1.0,16286.0,4
102,2016-09-15,5.257142857142861,5.33333333333333,5.2,5.23809523809524,9660.0,5.52,0.0,5.6,5.46,5.5,1.0,9200.0,3
103,2016-09-14,5.2761904761904805,5.3047619047619,5.2285714285714295,5.3047619047619,5383.35,5.54,0.0,5.57,5.49,5.57,1.0,5127.0,2
104,2016-09-13,5.15238095238095,5.24752380952381,5.1047619047619,5.180952380952379,28431.9,5.41,0.0,5.5099,5.36,5.44,1.0,27078.0,1
105,2016-09-12,5.23809523809524,5.35133333333333,5.2,5.269523809523809,19252.8,5.5,0.0,5.6189,5.46,5.5329999999999995,1.0,18336.0,0
106,2016-09-09,5.23809523809524,5.38095238095238,5.162000000000001,5.38095238095238,11331.6,5.5,0.0,5.65,5.4201,5.65,1.0,10792.0,4
107,2016-09-08,5.36190476190476,5.428571428571429,5.28571428571429,5.428571428571429,4903.5,5.63,0.0,5.7,5.55,5.7,1.0,4670.0,3
108,2016-09-07,5.428571428571429,5.51428571428571,5.428571428571429,5.51428571428571,14052.15,5.7,0.0,5.79,5.7,5.79,1.0,13383.0,2
109,2016-09-06,5.542857142857139,5.59523809523809,5.438095238095241,5.58095238095238,12610.5,5.82,0.0,5.875,5.71,5.86,1.0,12010.0,1
110,2016-09-02,5.51428571428571,5.51428571428571,5.428571428571429,5.428571428571429,2348.85,5.79,0.0,5.79,5.7,5.7,1.0,2237.0,4
111,2016-09-01,5.428571428571429,5.46904761904762,5.428571428571429,5.42866666666667,10218.6,5.7,0.0,5.7425,5.7,5.7001,1.0,9732.0,3
112,2016-08-31,5.428571428571429,5.51428571428571,5.428571428571429,5.504761904761901,6757.8,5.7,0.0,5.79,5.7,5.78,1.0,6436.0,2
113,2016-08-30,5.48571428571428,5.58095238095238,5.47619047619048,5.58095238095238,3833.55,5.76,0.0,5.86,5.75,5.86,1.0,3651.0,1
114,2016-08-29,5.55228571428571,5.55228571428571,5.52380952380952,5.52380952380952,624.75,5.8299,0.0,5.8299,5.8,5.8,1.0,595.0,0
115,2016-08-26,5.517904761904759,5.60952380952381,5.517904761904759,5.60952380952381,1262.1,5.7938,0.0,5.89,5.7938,5.89,1.0,1202.0,4
116,2016-08-25,5.49838095238095,5.628571428571429,5.49523809523809,5.628571428571429,3799.95,5.7733,0.0,5.91,5.77,5.91,1.0,3619.0,3
117,2016-08-24,5.57133333333333,5.571428571428571,5.48571428571428,5.48571428571428,5432.7,5.8499,0.0,5.85,5.76,5.76,1.0,5174.0,2
118,2016-08-23,5.571428571428571,5.571428571428571,5.45742857142857,5.52380952380952,9598.05,5.85,0.0,5.85,5.7303,5.8,1.0,9141.0,1
119,2016-08-22,5.49523809523809,5.55238095238095,5.4666666666666694,5.4666666666666694,15388.8,5.77,0.0,5.83,5.74,5.74,1.0,14656.0,0
120,2016-08-19,5.48571428571428,5.51428571428571,5.428571428571429,5.428571428571429,5877.9,5.76,0.0,5.79,5.7,5.7,1.0,5598.0,4
121,2016-08-18,5.49523809523809,5.69952380952381,5.47619047619048,5.69952380952381,8170.05,5.77,0.0,5.9845,5.75,5.9845,1.0,7781.0,3
122,2016-08-17,5.61904761904762,5.857142857142861,5.38095238095238,5.608571428571429,60049.5,5.9,0.0,6.15,5.65,5.888999999999999,1.0,57190.0,2
123,2016-08-16,5.55238095238095,5.66666666666667,5.457142857142861,5.66666666666667,8774.85,5.83,0.0,5.95,5.73,5.95,1.0,8357.0,1
124,2016-08-15,5.57133333333333,5.641904761904759,4.85714285714286,4.91428571428571,129857.7,5.8499,0.0,5.9239999999999995,5.1,5.16,1.0,123674.0,0
125,2016-08-12,5.0,5.41904761904762,4.752380952380951,5.41904761904762,60700.5,5.25,0.0,5.69,4.99,5.69,1.0,57810.0,4
126,2016-08-11,5.40952380952381,5.47619047619048,5.23809523809524,5.38095238095238,20391.0,5.68,0.0,5.75,5.5,5.65,1.0,19420.0,3
127,2016-08-10,5.40952380952381,5.438095238095241,5.34285714285714,5.428571428571429,13213.2,5.68,0.0,5.71,5.61,5.7,1.0,12584.0,2
128,2016-08-09,5.428571428571429,5.4666666666666694,5.36190476190476,5.36190476190476,13126.05,5.7,0.0,5.74,5.63,5.63,1.0,12501.0,1
129,2016-08-08,5.3427619047619,5.504761904761901,5.33333333333333,5.48571428571428,10286.85,5.6099,0.0,5.78,5.6,5.76,1.0,9797.0,0
130,2016-08-05,5.41904761904762,5.51428571428571,4.952380952380951,5.0,59666.25,5.69,0.0,5.79,5.2,5.25,1.0,56825.0,4
131,2016-08-04,5.1047619047619,5.1047619047619,5.01904761904762,5.02857142857143,432.6,5.36,0.0,5.36,5.27,5.28,1.0,412.0,3
132,2016-08-03,5.01904761904762,5.02857142857143,4.99152380952381,5.00285714285714,1488.9,5.27,0.0,5.28,5.2411,5.252999999999999,1.0,1418.0,2
133,2016-08-02,5.06666666666667,5.06666666666667,4.88790476190476,4.890476190476191,10389.75,5.32,0.0,5.32,5.1323,5.135,1.0,9895.0,1
134,2016-08-01,4.9428571428571395,5.16190476190476,4.72171428571429,5.16190476190476,14686.35,5.19,0.0,5.42,4.9578,5.42,1.0,13987.0,0
135,2016-07-29,5.047619047619049,5.17142857142857,5.0,5.17142857142857,10070.55,5.3,0.0,5.43,5.25,5.43,1.0,9591.0,4
136,2016-07-28,5.14761904761905,5.190476190476191,5.0,5.06666666666667,12050.85,5.405,0.0,5.45,5.25,5.32,1.0,11477.0,3
137,2016-07-27,5.0571428571428605,5.15714285714286,5.0,5.0571428571428605,16093.35,5.31,0.0,5.415,5.25,5.31,1.0,15327.0,2
138,2016-07-26,5.0,5.0095238095238095,4.90476190476191,4.91428571428571,11053.35,5.25,0.0,5.26,5.15,5.16,1.0,10527.0,1
139,2016-07-25,4.952380952380951,4.9904761904761905,4.90476190476191,4.90476190476191,6312.6,5.2,0.0,5.24,5.15,5.15,1.0,6012.0,0
140,2016-07-22,4.9428571428571395,5.0,4.90476190476191,5.0,640.5,5.19,0.0,5.25,5.15,5.25,1.0,610.0,4
141,2016-07-21,4.9373333333333305,4.98095238095238,4.91428571428571,4.98095238095238,4479.3,5.1842,0.0,5.23,5.16,5.23,1.0,4266.0,3
142,2016-07-20,4.952380952380951,5.0,4.952380952380951,4.952380952380951,1887.9,5.2,0.0,5.25,5.2,5.2,1.0,1798.0,2
143,2016-07-19,4.952380952380951,5.0,4.85714285714286,5.0,2746.8,5.2,0.0,5.25,5.1,5.25,1.0,2616.0,1
144,2016-07-18,5.0,5.0,4.952380952380951,4.952380952380951,6367.2,5.25,0.0,5.25,5.2,5.2,1.0,6064.0,0
145,2016-07-15,5.0,5.070190476190481,4.98857142857143,5.070190476190481,2051.7,5.25,0.0,5.3237,5.2379999999999995,5.3237,1.0,1954.0,4
146,2016-07-14,4.97142857142857,5.19990476190476,4.85714285714286,5.19990476190476,19775.7,5.22,0.0,5.4599,5.1,5.4599,1.0,18834.0,3
147,2016-07-13,4.85714285714286,5.12380952380952,4.66666666666667,4.66666666666667,15725.85,5.1,0.0,5.38,4.9,4.9,1.0,14977.0,2
148,2016-07-12,4.72190476190476,4.76190476190476,4.71333333333333,4.71333333333333,19281.15,4.958,0.0,5.0,4.949,4.949,1.0,18363.0,1
149,2016-07-11,4.676190476190481,4.695238095238089,4.66666666666667,4.66666666666667,35404.95,4.91,0.0,4.93,4.9,4.9,1.0,33719.0,0
150,2016-07-08,4.65714285714286,4.66666666666667,4.57152380952381,4.62857142857143,6378.75,4.89,0.0,4.9,4.8001,4.86,1.0,6075.0,4
151,2016-07-07,4.63009523809524,4.64761904761905,4.60190476190476,4.64761904761905,3797.85,4.8616,0.0,4.88,4.832,4.88,1.0,3617.0,3
152,2016-07-06,4.59047619047619,4.65714285714286,4.57142857142857,4.57142857142857,4143.3,4.82,0.0,4.89,4.8,4.8,1.0,3946.0,2
153,2016-07-05,4.62857142857143,4.65714285714286,4.609523809523809,4.63009523809524,1712.55,4.86,0.0,4.89,4.84,4.8616,1.0,1631.0,1
154,2016-07-01,4.61904761904762,4.71419047619048,4.61904761904762,4.71419047619048,1504.65,4.85,0.0,4.9499,4.85,4.9499,1.0,1433.0,4
155,2016-06-30,4.65714285714286,4.71428571428571,4.61904761904762,4.71428571428571,5741.4,4.89,0.0,4.95,4.85,4.95,1.0,5468.0,3
156,2016-06-29,4.63809523809524,4.7047619047619005,4.51428571428571,4.7047619047619005,4936.05,4.87,0.0,4.94,4.74,4.94,1.0,4701.0,2
157,2016-06-28,4.52952380952381,4.60571428571429,4.5047619047619,4.6,7258.65,4.756,0.0,4.836,4.73,4.83,1.0,6913.0,1
158,2016-06-27,4.42857142857143,4.61914285714286,4.42857142857143,4.61914285714286,22263.15,4.65,0.0,4.8501,4.65,4.8501,1.0,21203.0,0
159,2016-06-24,4.523809523809519,4.65714285714286,4.38095238095238,4.38095238095238,43996.05,4.75,0.0,4.89,4.6,4.6,1.0,41901.0,4
160,2016-06-23,4.54285714285714,4.685619047619049,4.476190476190481,4.5333333333333306,7452.9,4.77,0.0,4.9199,4.7,4.76,1.0,7098.0,3
161,2016-06-22,4.476190476190481,4.523809523809519,4.4666666666666694,4.49523809523809,4449.9,4.7,0.0,4.75,4.69,4.72,1.0,4238.0,2
162,2016-06-21,4.476190476190481,4.51428571428571,4.4381904761904805,4.51428571428571,6893.25,4.7,0.0,4.74,4.6601,4.74,1.0,6565.0,1
163,2016-06-20,4.523809523809519,4.523809523809519,4.45838095238095,4.523809523809519,2558.85,4.75,0.0,4.75,4.6813,4.75,1.0,2437.0,0
164,2016-06-17,4.40952380952381,4.5333333333333306,4.40952380952381,4.44571428571429,11976.3,4.63,0.0,4.76,4.63,4.668,1.0,11406.0,4
165,2016-06-16,4.44761904761905,4.44761904761905,4.44761904761905,4.44761904761905,445.2,4.67,0.0,4.67,4.67,4.67,1.0,424.0,3
166,2016-06-15,4.44761904761905,4.44761904761905,4.38095238095238,4.40952380952381,5631.15,4.67,0.0,4.67,4.6,4.63,1.0,5363.0,2
167,2016-06-14,4.42857142857143,4.44761904761905,4.39047619047619,4.44761904761905,10150.35,4.65,0.0,4.67,4.61,4.67,1.0,9667.0,1
168,2016-06-13,4.439047619047621,4.447523809523809,4.34285714285714,4.35238095238095,18970.35,4.6610000000000005,0.0,4.6699,4.56,4.57,1.0,18067.0,0
169,2016-06-10,4.35238095238095,4.35238095238095,4.33333333333333,4.33333333333333,4438.35,4.57,0.0,4.57,4.55,4.55,1.0,4227.0,4
170,2016-06-09,4.33333333333333,4.33333333333333,4.247619047619049,4.25714285714286,28627.2,4.55,0.0,4.55,4.46,4.47,1.0,27264.0,3
171,2016-06-08,4.23809523809524,4.23809523809524,4.2,4.23809523809524,12693.45,4.45,0.0,4.45,4.41,4.45,1.0,12089.0,2
172,2016-06-07,4.23809523809524,4.28571428571429,4.19047619047619,4.247619047619049,12390.0,4.45,0.0,4.5,4.4,4.46,1.0,11800.0,1
173,2016-06-06,4.22857142857143,4.26666666666667,4.180952380952379,4.26666666666667,4781.7,4.44,0.0,4.48,4.39,4.48,1.0,4554.0,0
174,2016-06-03,4.26666666666667,4.28571428571429,4.23809523809524,4.28571428571429,1390.2,4.48,0.0,4.5,4.45,4.5,1.0,1324.0,4
175,2016-06-02,4.26666666666667,4.28571428571429,4.19047619047619,4.27619047619048,9678.9,4.48,0.0,4.5,4.4,4.49,1.0,9218.0,3
176,2016-06-01,4.28571428571429,4.3047619047619,4.2790476190476205,4.28571428571429,2422.35,4.5,0.0,4.52,4.493,4.5,1.0,2307.0,2
177,2016-05-31,4.23238095238095,4.29571428571429,4.16190476190476,4.2952380952381,43495.2,4.444,0.0,4.5105,4.37,4.51,1.0,41424.0,1
178,2016-05-27,4.32380952380952,4.44761904761905,4.26666666666667,4.38095238095238,16284.45,4.54,0.0,4.67,4.48,4.6,1.0,15509.0,4
179,2016-05-26,4.33333333333333,4.42857142857143,4.2,4.42857142857143,3969.0,4.55,0.0,4.65,4.41,4.65,1.0,3780.0,3
180,2016-05-25,4.33333333333333,4.38342857142857,4.142857142857141,4.2952380952381,27291.6,4.55,0.0,4.6026,4.35,4.51,1.0,25992.0,2
181,2016-05-24,4.36190476190476,4.51428571428571,4.3047619047619,4.51428571428571,15522.15,4.58,0.0,4.74,4.52,4.74,1.0,14783.0,1
182,2016-05-23,4.31428571428571,4.43809523809524,4.23809523809524,4.43809523809524,16649.85,4.53,0.0,4.66,4.45,4.66,1.0,15857.0,0
183,2016-05-20,4.35238095238095,4.44761904761905,4.31428571428571,4.31428571428571,8192.1,4.57,0.0,4.67,4.53,4.53,1.0,7802.0,4
184,2016-05-19,4.34285714285714,4.5333333333333306,4.32380952380952,4.5333333333333306,9761.85,4.56,0.0,4.76,4.54,4.76,1.0,9297.0,3
185,2016-05-18,4.45714285714286,4.49523809523809,4.32380952380952,4.40952380952381,6553.05,4.68,0.0,4.72,4.54,4.63,1.0,6241.0,2
186,2016-05-17,4.40952380952381,4.58095238095238,4.40952380952381,4.57142857142857,19960.5,4.63,0.0,4.81,4.63,4.8,1.0,19010.0,1
187,2016-05-16,4.5333333333333306,4.609523809523809,4.047619047619049,4.047619047619049,19648.65,4.76,0.0,4.84,4.25,4.25,1.0,18713.0,0
188,2016-05-13,4.36838095238095,4.371428571428569,4.33333333333333,4.33333333333333,11509.05,4.5868,0.0,4.59,4.55,4.55,1.0,10961.0,4
189,2016-05-12,4.38095238095238,4.57142857142857,4.33714285714286,4.45714285714286,11589.9,4.6,0.0,4.8,4.553999999999999,4.68,1.0,11038.0,3
190,2016-05-11,4.5333333333333306,4.57142857142857,4.44190476190476,4.51428571428571,21442.05,4.76,0.0,4.8,4.664,4.74,1.0,20421.0,2
191,2016-05-10,4.51428571428571,4.61904761904762,4.45714285714286,4.609523809523809,9635.85,4.74,0.0,4.85,4.68,4.84,1.0,9177.0,1
192,2016-05-09,4.609523809523809,4.62857142857143,4.59047619047619,4.61904761904762,2673.3,4.84,0.0,4.86,4.82,4.85,1.0,2546.0,0
193,2016-05-06,4.66666666666667,4.7047619047619005,4.61714285714286,4.7047619047619005,1881.6,4.9,0.0,4.94,4.848,4.94,1.0,1792.0,4
194,2016-05-05,4.66666666666667,4.695238095238089,4.61904761904762,4.64761904761905,11424.0,4.9,0.0,4.93,4.85,4.88,1.0,10880.0,3
195,2016-05-04,4.695238095238089,4.71428571428571,4.66666666666667,4.71428571428571,395.85,4.93,0.0,4.95,4.9,4.95,1.0,377.0,2
196,2016-05-03,4.68571428571429,4.72333333333333,4.61904761904762,4.72266666666667,7302.75,4.92,0.0,4.9595,4.85,4.9588,1.0,6955.0,1
197,2016-05-02,4.68571428571429,4.7047619047619005,4.68571428571429,4.68571428571429,3283.35,4.92,0.0,4.94,4.92,4.92,1.0,3127.0,0
198,2016-04-29,4.66666666666667,4.76190476190476,4.61904761904762,4.71428571428571,10937.85,4.9,0.0,5.0,4.85,4.95,1.0,10417.0,4
199,2016-04-28,4.7047619047619005,4.76190476190476,4.69028571428571,4.752380952380951,16152.15,4.94,0.0,5.0,4.9248,4.99,1.0,15383.0,3
200,2016-04-27,4.742857142857139,4.752380952380951,4.63809523809524,4.63809523809524,6917.4,4.98,0.0,4.99,4.87,4.87,1.0,6588.0,2
201,2016-04-26,4.676190476190481,4.7714285714285705,4.57142857142857,4.73333333333333,28387.8,4.91,0.0,5.01,4.8,4.97,1.0,27036.0,1
202,2016-04-25,4.65714285714286,4.7445714285714295,4.64761904761905,4.68571428571429,12035.1,4.89,0.0,4.9818,4.88,4.92,1.0,11462.0,0
203,2016-04-22,4.7238095238095195,4.752380952380951,4.68571428571429,4.71438095238095,8430.45,4.96,0.0,4.99,4.92,4.9501,1.0,8029.0,4
204,2016-04-21,4.72371428571429,4.752380952380951,4.7047619047619005,4.742857142857139,8686.65,4.9599,0.0,4.99,4.94,4.98,1.0,8273.0,3
205,2016-04-20,4.76190476190476,4.78095238095238,4.7238095238095195,4.78095238095238,7575.75,5.0,0.0,5.02,4.96,5.02,1.0,7215.0,2
206,2016-04-19,4.809523809523809,4.809523809523809,4.752380952380951,4.78095238095238,9754.5,5.05,0.0,5.05,4.99,5.02,1.0,9290.0,1
207,2016-04-18,4.78095238095238,4.809523809523809,4.78095238095238,4.809523809523809,5304.6,5.02,0.0,5.05,5.02,5.05,1.0,5052.0,0
208,2016-04-15,4.8,4.82857142857143,4.79047619047619,4.809523809523809,6847.05,5.04,0.0,5.07,5.03,5.05,1.0,6521.0,4
209,2016-04-14,4.82857142857143,4.83809523809524,4.79047619047619,4.804476190476191,8035.65,5.07,0.0,5.08,5.03,5.0447,1.0,7653.0,3
210,2016-04-13,4.7714285714285705,4.8,4.76190476190476,4.79047619047619,18179.7,5.01,0.0,5.04,5.0,5.03,1.0,17314.0,2
211,2016-04-12,4.7874285714285705,4.810476190476191,4.762,4.762,4316.55,5.0268,0.0,5.051,5.0001,5.0001,1.0,4111.0,1
212,2016-04-11,4.77571428571429,4.8,4.76190476190476,4.78095238095238,8646.75,5.0145,0.0,5.04,5.0,5.02,1.0,8235.0,0
213,2016-04-08,4.76504761904762,4.82857142857143,4.66666666666667,4.82857142857143,9600.15,5.0033,0.0,5.07,4.9,5.07,1.0,9143.0,4
214,2016-04-07,4.8,4.82857142857143,4.77714285714286,4.819047619047621,25698.75,5.04,0.0,5.07,5.016,5.06,1.0,24475.0,3
215,2016-04-06,4.819047619047621,4.83809523809524,4.819047619047621,4.837619047619049,5502.0,5.06,0.0,5.08,5.06,5.0795,1.0,5240.0,2
216,2016-04-05,4.819047619047621,4.83809523809524,4.809523809523809,4.82857142857143,7101.15,5.06,0.0,5.08,5.05,5.07,1.0,6763.0,1
217,2016-04-04,4.83809523809524,4.885714285714291,4.82857142857143,4.85714285714286,3421.95,5.08,0.0,5.13,5.07,5.1,1.0,3259.0,0
218,2016-04-01,4.87619047619048,4.91428571428571,4.76190476190476,4.76190476190476,70153.65,5.12,0.0,5.16,5.0,5.0,1.0,66813.0,4
219,2016-03-31,4.84761904761905,4.952380952380951,4.71428571428571,4.93333333333333,23651.25,5.09,0.0,5.2,4.95,5.18,1.0,22525.0,3
220,2016-03-30,4.952380952380951,5.1047619047619,4.94666666666667,5.09523809523809,9494.1,5.2,0.0,5.36,5.194,5.35,1.0,9042.0,2
221,2016-03-29,5.01904761904762,5.180952380952379,5.01904761904762,5.1047619047619,9896.25,5.27,0.0,5.44,5.27,5.36,1.0,9425.0,1
222,2016-03-28,5.09523809523809,5.10571428571428,5.07619047619048,5.08571428571429,5977.65,5.35,0.0,5.361000000000001,5.33,5.34,1.0,5693.0,0
223,2016-03-24,5.09752380952381,5.1047619047619,4.97142857142857,4.97142857142857,2887.5,5.3524,0.0,5.36,5.22,5.22,1.0,2750.0,3
224,2016-03-23,5.10466666666667,5.1047619047619,5.0571428571428605,5.1047619047619,6909.0,5.3599,0.0,5.36,5.31,5.36,1.0,6580.0,2
225,2016-03-22,5.09219047619048,5.1,4.952380952380951,5.08571428571429,15687.0,5.3468,0.0,5.355,5.2,5.34,1.0,14940.0,1
226,2016-03-21,5.09047619047619,5.108571428571429,5.07619047619048,5.08571428571429,14451.15,5.345,0.0,5.364,5.33,5.34,1.0,13763.0,0
227,2016-03-18,5.114285714285709,5.21904761904762,5.08571428571429,5.180952380952379,12984.3,5.37,0.0,5.48,5.34,5.44,1.0,12366.0,4
228,2016-03-17,5.20952380952381,5.20952380952381,5.1047619047619,5.190476190476191,4694.55,5.47,0.0,5.47,5.36,5.45,1.0,4471.0,3
229,2016-03-16,5.190476190476191,5.23447619047619,5.15238095238095,5.16190476190476,2599.8,5.45,0.0,5.4962,5.41,5.42,1.0,2476.0,2
230,2016-03-15,5.2,5.2379999999999995,5.14285714285714,5.2379999999999995,2668.05,5.46,0.0,5.4999,5.4,5.4999,1.0,2541.0,1
231,2016-03-14,5.23809523809524,5.23809523809524,5.15590476190476,5.21904761904762,10841.25,5.5,0.0,5.5,5.4137,5.48,1.0,10325.0,0
232,2016-03-11,5.21904761904762,5.2761904761904805,4.82857142857143,5.190476190476191,21531.3,5.48,0.0,5.54,5.07,5.45,1.0,20506.0,4
233,2016-03-10,5.23809523809524,5.560952380952379,5.190476190476191,5.28571428571429,3621.45,5.5,0.0,5.8389999999999995,5.45,5.55,1.0,3449.0,3
234,2016-03-09,5.23809523809524,5.2761904761904805,5.17333333333333,5.23809523809524,3489.15,5.5,0.0,5.54,5.432,5.5,1.0,3323.0,2
235,2016-03-08,5.21904761904762,5.504761904761901,5.2,5.20952380952381,10325.7,5.48,0.0,5.78,5.46,5.47,1.0,9834.0,1
236,2016-03-07,5.2,5.23809523809524,5.13333333333333,5.13333333333333,4914.0,5.46,0.0,5.5,5.39,5.39,1.0,4680.0,0
237,2016-03-04,5.180952380952379,5.2,5.09523809523809,5.09523809523809,14398.65,5.44,0.0,5.46,5.35,5.35,1.0,13713.0,4
238,2016-03-03,5.09523809523809,5.17142857142857,5.09523809523809,5.14285714285714,8243.55,5.35,0.0,5.43,5.35,5.4,1.0,7851.0,3
239,2016-03-02,5.14285714285714,5.2379999999999995,5.07619047619048,5.07619047619048,8359.05,5.4,0.0,5.4999,5.33,5.33,1.0,7961.0,2
240,2016-03-01,5.140476190476191,5.190476190476191,5.08571428571429,5.14285714285714,14917.35,5.3975,0.0,5.45,5.34,5.4,1.0,14207.0,1
241,2016-02-29,5.17142857142857,5.59047619047619,5.14285714285714,5.26666666666667,28052.85,5.43,0.0,5.87,5.4,5.53,1.0,26717.0,0
242,2016-02-26,5.2285714285714295,5.36190476190476,5.2,5.36190476190476,7000.35,5.49,0.0,5.63,5.46,5.63,1.0,6667.0,4
243,2016-02-25,5.26666666666667,5.2761904761904805,5.23542857142857,5.2761904761904805,2325.75,5.53,0.0,5.54,5.4972,5.54,1.0,2215.0,3
244,2016-02-24,5.257142857142861,5.323809523809519,5.16190476190476,5.190476190476191,11484.9,5.52,0.0,5.59,5.42,5.45,1.0,10938.0,2
245,2016-02-23,5.20952380952381,5.2379999999999995,5.2,5.2,4989.6,5.47,0.0,5.4999,5.46,5.46,1.0,4752.0,1
246,2016-02-22,5.23809523809524,5.323809523809519,5.224,5.23809523809524,31297.35,5.5,0.0,5.59,5.4852,5.5,1.0,29807.0,0
247,2016-02-19,5.21904761904762,5.39047619047619,5.21904761904762,5.35238095238095,3996.3,5.48,0.0,5.66,5.48,5.62,1.0,3806.0,4
248,2016-02-18,5.31428571428571,5.857238095238099,5.26666666666667,5.371428571428571,6817.65,5.58,0.0,6.1501,5.53,5.64,1.0,6493.0,3
249,2016-02-17,5.33333333333333,5.33333333333333,5.20952380952381,5.20952380952381,9106.65,5.6,0.0,5.6,5.47,5.47,1.0,8673.0,2
250,2016-02-16,5.247619047619049,5.31428571428571,5.06666666666667,5.190476190476191,17446.8,5.51,0.0,5.58,5.32,5.45,1.0,16616.0,1
251,2016-02-12,5.36190476190476,5.371428571428571,5.21904761904762,5.2285714285714295,2814.0,5.63,0.0,5.64,5.48,5.49,1.0,2680.0,4
252,2016-02-11,5.13333333333333,5.23809523809524,4.97142857142857,5.23809523809524,14767.2,5.39,0.0,5.5,5.22,5.5,1.0,14064.0,3
253,2016-02-10,5.1427619047619,5.23809523809524,5.06114285714286,5.23809523809524,7393.05,5.3999,0.0,5.5,5.3142,5.5,1.0,7041.0,2
254,2016-02-09,5.247619047619049,5.28580952380952,5.15238095238095,5.2761904761904805,6869.1,5.51,0.0,5.5501,5.41,5.54,1.0,6542.0,1
255,2016-02-08,5.26666666666667,5.542857142857139,5.2,5.44761904761905,12777.45,5.53,0.0,5.82,5.46,5.72,1.0,12169.0,0
256,2016-02-05,5.52380952380952,5.80952380952381,5.49523809523809,5.61904761904762,2995.65,5.8,0.0,6.1,5.77,5.9,1.05,2853.0,4
257,2016-02-04,5.2607709750566904,5.2607709750566904,5.08843537414966,5.08843537414966,5418.7875,5.8,0.0,5.8,5.61,5.61,1.0,4915.0,3
258,2016-02-03,5.106575963718821,5.1609977324263,4.96145124716553,4.988662131519269,29362.8825,5.63,0.0,5.69,5.47,5.5,1.0,26633.0,2
259,2016-02-02,4.9795918367346905,5.015873015873019,4.9795918367346905,5.015873015873019,1524.7575,5.49,0.0,5.53,5.49,5.53,1.0,1383.0,1
260,2016-02-01,5.03401360544218,5.19727891156463,5.0249433106576,5.19727891156463,13865.04,5.55,0.0,5.73,5.54,5.73,1.0,12576.0,0
261,2016-01-29,5.015873015873019,5.168253968253969,4.952380952380951,4.952380952380951,11714.0625,5.53,0.0,5.6979999999999995,5.46,5.46,1.0,10625.0,4
262,2016-01-28,5.015873015873019,5.06213151927438,4.9795918367346905,5.06213151927438,11481.435,5.53,0.0,5.581,5.49,5.581,1.0,10414.0,3
263,2016-01-27,5.006802721088429,5.0794557823129205,4.898049886621321,5.07936507936508,4731.93,5.52,0.0,5.6001,5.4001,5.6,1.0,4292.0,2
264,2016-01-26,5.07936507936508,5.2607709750566904,4.952380952380951,5.18820861678005,29409.1875,5.6,0.0,5.8,5.46,5.72,1.0,26675.0,1
265,2016-01-25,5.2607709750566904,5.43310657596372,5.17006802721088,5.43310657596372,11441.745,5.8,0.0,5.99,5.7,5.99,1.0,10378.0,0
266,2016-01-22,5.36054421768707,5.43310657596372,5.2540589569161,5.351473922902491,21462.3675,5.91,0.0,5.99,5.7926,5.9,1.0,19467.0,4
267,2016-01-21,5.30612244897959,5.4535147392290195,5.233560090702951,5.233560090702951,7473.8475,5.85,0.0,6.0125,5.77,5.77,1.0,6779.0,3
268,2016-01-20,5.34240362811791,5.560090702947849,5.12471655328798,5.560090702947849,38782.6425,5.89,0.0,6.13,5.65,6.13,1.0,35177.0,2
269,2016-01-19,5.378594104308389,5.632653061224491,5.13197278911565,5.52380952380952,21551.67,5.9299,0.0,6.21,5.6579999999999995,6.09,1.0,19548.0,1
270,2016-01-15,5.678004535147389,5.77777777777778,5.66893424036281,5.66893424036281,3184.02,6.26,0.0,6.37,6.25,6.25,1.0,2888.0,4
271,2016-01-14,5.7687074829932,5.88662131519274,5.52380952380952,5.77777777777778,7601.7375,6.36,0.0,6.49,6.09,6.37,1.0,6895.0,3
272,2016-01-13,5.678004535147389,6.068027210884349,5.632653061224491,6.068027210884349,24637.5675,6.26,0.0,6.69,6.21,6.69,1.05,22347.0,2
273,2016-01-12,5.85681891804341,5.9518410538818705,5.822265414102151,5.87409567001404,7011.734625,6.78,0.0,6.89,6.74,6.8,1.0,6057.0,1
274,2016-01-11,5.86545729402872,5.99503293380844,5.52856063060145,5.99503293380844,19774.55025,6.79,0.0,6.94,6.4,6.94,1.0,17082.0,0
275,2016-01-08,5.822265414102151,5.9518410538818705,5.77907353417558,5.9518410538818705,9614.075625,6.74,0.0,6.89,6.69,6.89,1.0,8305.0,4
276,2016-01-07,5.87409567001404,5.943116294136701,5.70132815030774,5.70132815030774,45512.026875,6.8,0.0,6.8799,6.6,6.6,1.0,39315.0,3
277,2016-01-06,5.69268977432243,5.69268977432243,5.619004427167691,5.6564085951841,12274.297875,6.59,0.0,6.59,6.5047,6.547999999999999,1.0,10603.0,2
278,2016-01-05,5.70132815030774,5.7014145340676,5.640859518410539,5.640859518410539,6596.14725,6.6,0.0,6.6001,6.53,6.53,1.0,5698.0,1
279,2016-01-04,5.640859518410539,5.69268977432243,5.54410970737501,5.62358276643991,5328.547875,6.53,0.0,6.59,6.417999999999999,6.51,1.0,4603.0,0
280,2015-12-31,5.658136270381171,5.70132815030774,5.4249001187776695,5.4249001187776695,14458.73625,6.55,0.0,6.6,6.28,6.28,1.0,12490.0,3
281,2015-12-30,5.519922254616129,5.60630601446928,5.40762336680704,5.494007126660191,8309.43225,6.39,0.0,6.49,6.26,6.36,1.0,7178.0,2
282,2015-12-29,5.5213043947737805,5.60630601446928,5.442176870748299,5.442176870748299,16534.357875,6.3916,0.0,6.49,6.3,6.3,1.0,14283.0,1
283,2015-12-28,5.4594536227189305,5.57175251052802,5.373069862865781,5.52856063060145,30291.573375,6.32,0.0,6.45,6.22,6.4,1.0,26167.0,0
284,2015-12-24,5.570888672929491,5.87409567001404,5.494007126660191,5.87409567001404,3401.10225,6.449,0.0,6.8,6.36,6.8,1.0,2938.0,3
285,2015-12-23,5.52856063060145,5.64949789439585,5.47673037468956,5.61494439045459,10496.185875,6.4,0.0,6.54,6.34,6.5,1.0,9067.0,2
286,2015-12-22,5.537199006586761,5.64949789439585,5.48536875067487,5.52856063060145,5582.06775,6.41,0.0,6.54,6.35,6.4,1.0,4822.0,1
287,2015-12-21,5.50255911888565,5.744606413994171,5.449951409135081,5.55447575855739,9616.390875,6.3699,0.0,6.6501,6.309,6.43,1.0,8307.0,0
288,2015-12-18,5.69268977432243,5.7963502861461995,5.48536875067487,5.58902926249865,15107.00625,6.59,0.0,6.71,6.35,6.47,1.0,13050.0,4
289,2015-12-17,5.60630601446928,5.813627038116831,5.57175251052802,5.813627038116831,4140.824625,6.49,0.0,6.73,6.45,6.73,1.0,3577.0,3
290,2015-12-16,5.64949789439585,5.77907353417558,5.57175251052802,5.65295324478998,18461.8035,6.54,0.0,6.69,6.45,6.544,1.0,15948.0,2
291,2015-12-15,5.671093834359139,5.84818054205809,5.671093834359139,5.76179678220494,5988.394125,6.565,0.0,6.77,6.565,6.67,1.0,5173.0,1
292,2015-12-14,5.75747759421229,5.78771191016089,5.61494439045459,5.76179678220494,18158.50575,6.665,0.0,6.7,6.5,6.67,1.0,15686.0,0
293,2015-12-11,5.7445200302343205,5.78771191016089,5.7445200302343205,5.75272648742036,2983.199625,6.65,0.0,6.7,6.65,6.6595,1.0,2577.0,4
294,2015-12-10,5.813627038116831,5.86545729402872,5.735881654249001,5.85681891804341,4310.9955,6.73,0.0,6.79,6.64,6.78,1.0,3724.0,3
295,2015-12-09,5.84144260878955,5.91728754994061,5.813627038116831,5.91728754994061,2558.35125,6.7622,0.0,6.85,6.73,6.85,1.0,2210.0,2
296,2015-12-08,5.90001079796998,5.93110895151711,5.813627038116831,5.8309037900874605,9335.088,6.83,0.0,6.8660000000000005,6.73,6.75,1.0,8064.0,1
297,2015-12-07,5.804988662131519,5.86545729402872,5.748839218226969,5.7963502861461995,5275.297125,6.72,0.0,6.79,6.655,6.71,1.0,4557.0,0
298,2015-12-04,5.804988662131519,5.804988662131519,5.67860922146636,5.73726379440665,696.89025,6.72,0.0,6.72,6.5737,6.6416,1.0,602.0,4
299,2015-12-03,5.658136270381171,5.735881654249001,5.658136270381171,5.735881654249001,3600.21375,6.55,0.0,6.64,6.55,6.64,1.0,3110.0,3
300,2015-12-02,5.76957132059173,5.78771191016089,5.723096857790741,5.77907353417558,2917.215,6.678999999999999,0.0,6.7,6.6252,6.69,1.0,2520.0,2
301,2015-12-01,5.783392722168231,5.783392722168231,5.718604902278369,5.75307202245978,1587.103875,6.695,0.0,6.695,6.62,6.6599,1.0,1371.0,1
302,2015-11-30,5.87409567001404,5.9086491739552995,5.727243278263691,5.727243278263691,9149.868,6.8,0.0,6.84,6.63,6.63,1.0,7904.0,0
303,2015-11-27,5.727243278263691,5.727243278263691,5.68405139833711,5.68405139833711,5686.254,6.63,0.0,6.63,6.58,6.58,1.0,4912.0,4
304,2015-11-25,5.6892344239283,5.76352445740201,5.6892344239283,5.76179678220494,2323.353375,6.586,0.0,6.672000000000001,6.586,6.67,1.0,2007.0,2
305,2015-11-24,5.6754130223518,5.7444336464744605,5.6754130223518,5.7444336464744605,1011.76425,6.57,0.0,6.6499,6.57,6.6499,1.0,874.0,1
306,2015-11-23,5.69268977432243,5.7687074829932,5.64949789439585,5.64949789439585,15222.76875,6.59,0.0,6.678,6.54,6.54,1.0,13150.0,0
307,2015-11-20,5.68405139833711,5.76179678220494,5.63222114242522,5.735881654249001,10226.45925,6.58,0.0,6.67,6.52,6.64,1.0,8834.0,4
308,2015-11-19,5.69234423928301,5.727243278263691,5.648374905517759,5.648374905517759,2410.17525,6.5896,0.0,6.63,6.5387,6.5387,1.0,2082.0,3
309,2015-11-18,5.727243278263691,5.77907353417558,5.727243278263691,5.727243278263691,3538.859625,6.63,0.0,6.69,6.63,6.63,1.0,3057.0,2
310,2015-11-17,5.640859518410539,5.804988662131519,5.4594536227189305,5.804988662131519,16618.8645,6.53,0.0,6.72,6.32,6.72,1.0,14356.0,1
311,2015-11-16,5.76179678220494,5.80291545189504,5.450815246733611,5.450815246733611,32555.887875,6.67,0.0,6.7176,6.31,6.31,1.0,28123.0,0
312,2015-11-13,5.62358276643991,5.658136270381171,5.1320591728755,5.1320591728755,39256.221375,6.51,0.0,6.55,5.941,5.941,1.0,33911.0,4
313,2015-11-12,5.148472087247599,5.2046215311521395,5.148472087247599,5.18302559118886,8516.647125,5.96,0.0,6.025,5.96,6.0,1.0,7357.0,3
314,2015-11-11,5.20030234315949,5.2262174711154294,5.18302559118886,5.18302559118886,4974.314625,6.02,0.0,6.05,6.0,6.0,1.0,4297.0,2
315,2015-11-10,5.148472087247599,5.20030234315949,5.13119533527697,5.13119533527697,7156.43775,5.96,0.0,6.02,5.94,5.94,1.0,6182.0,1
316,2015-11-09,5.1052802073210195,5.20030234315949,5.05344995140913,5.18302559118886,14271.201000000001,5.91,0.0,6.02,5.85,6.0,1.0,12328.0,0
317,2015-11-06,5.08800345535039,5.18302559118886,5.07936507936508,5.14942230860598,5477.8815,5.89,0.0,6.0,5.88,5.9611,1.0,4732.0,4
318,2015-11-05,5.20885433538495,5.20885433538495,5.122556959291651,5.122556959291651,3020.243625,6.0299,0.0,6.0299,5.93,5.93,1.0,2609.0,3
319,2015-11-04,5.20030234315949,5.2089407191448,5.1052802073210195,5.1052802073210195,5826.326625,6.02,0.0,6.03,5.91,5.91,1.0,5033.0,2
320,2015-11-03,5.19166396717417,5.19166396717417,5.11391858330634,5.11391858330634,11175.71175,6.01,0.0,6.01,5.92,5.92,1.0,9654.0,1
321,2015-11-02,5.20030234315949,5.2089407191448,5.09664183133571,5.2089407191448,8609.257125,6.02,0.0,6.03,5.9,6.03,1.0,7437.0,0
322,2015-10-30,5.2607709750566904,5.3039628549832605,5.11391858330634,5.148472087247599,8869.72275,6.09,0.0,6.14,5.92,5.96,1.0,7662.0,4
323,2015-10-29,5.174387215203541,5.31087355577151,5.12782636864269,5.31087355577151,8683.345125,5.99,0.0,6.148,5.9361,6.148,1.0,7501.0,3
324,2015-10-28,5.3169204189612405,5.35579311089515,5.2954108627578,5.35579311089515,2331.45675,6.155,0.0,6.2,6.1301,6.2,1.0,2014.0,2
325,2015-10-27,5.27804772702732,5.373069862865781,5.27804772702732,5.32123960695389,10410.521625,6.11,0.0,6.22,6.11,6.16,1.0,8993.0,1
326,2015-10-26,5.31260123096858,5.450124176654789,5.29532447899795,5.31260123096858,17169.894,6.15,0.0,6.3092,6.13,6.15,1.0,14832.0,0
327,2015-10-23,5.32987798293921,5.4680919987042405,5.27804772702732,5.27804772702732,12876.262875,6.17,0.0,6.33,6.11,6.11,1.0,11123.0,4
328,2015-10-22,5.27804772702732,5.442176870748299,5.27804772702732,5.398984990821719,11014.801875,6.11,0.0,6.3,6.11,6.25,1.0,9515.0,3
329,2015-10-21,5.29532447899795,5.40762336680704,5.269409351042,5.398984990821719,14845.383,6.13,0.0,6.26,6.1,6.25,1.0,12824.0,2
330,2015-10-20,5.27804772702732,5.442176870748299,5.269409351042,5.398984990821719,11962.89675,6.11,0.0,6.3,6.1,6.25,1.0,10334.0,1
331,2015-10-19,5.269409351042,5.5458373825720795,5.269409351042,5.442176870748299,22738.07025,6.1,0.0,6.42,6.1,6.3,1.0,19642.0,0
332,2015-10-16,5.4594536227189305,5.537199006586761,5.450815246733611,5.537199006586761,5584.383000000001,6.32,0.0,6.41,6.31,6.41,1.0,4824.0,4
333,2015-10-15,5.442176870748299,5.51128387863082,5.398984990821719,5.398984990821719,11053.0035,6.3,0.0,6.38,6.25,6.25,1.0,9548.0,3
334,2015-10-14,5.3039628549832605,5.584710074505991,5.3039628549832605,5.48536875067487,23040.210375,6.14,0.0,6.465,6.14,6.35,1.0,19903.0,2
335,2015-10-13,5.51128387863082,5.597667638483959,5.433538494762981,5.433538494762981,5465.147625,6.38,0.0,6.48,6.29,6.29,1.0,4721.0,1
336,2015-10-12,5.4594536227189305,5.68405139833711,5.29532447899795,5.4594536227189305,42100.505999999994,6.32,0.0,6.58,6.13,6.32,1.0,36368.0,0
337,2015-10-09,5.597667638483959,5.63222114242522,5.52856063060145,5.61494439045459,10749.70575,6.48,0.0,6.52,6.4,6.5,1.0,9286.0,4
338,2015-10-08,5.4249001187776695,5.67714069754886,5.32987798293921,5.658136270381171,12159.693000000001,6.28,0.0,6.572,6.17,6.55,1.0,10504.0,3
339,2015-10-07,5.658136270381171,5.71428571428571,5.658136270381171,5.71428571428571,5644.5795,6.55,0.0,6.615,6.55,6.615,1.0,4876.0,2
340,2015-10-06,5.61494439045459,5.727243278263691,5.41626174279235,5.41626174279235,25999.099875,6.5,0.0,6.63,6.27,6.27,1.0,22459.0,1
341,2015-10-05,5.51128387863082,5.58039088651334,5.32123960695389,5.32123960695389,11823.98175,6.38,0.0,6.46,6.16,6.16,1.0,10214.0,0
342,2015-10-02,5.3039628549832605,5.98639455782313,5.19166396717417,5.57175251052802,65889.69975,6.14,0.0,6.93,6.01,6.45,1.0,56918.0,4
343,2015-10-01,5.70132815030774,5.7963502861461995,5.5389266817838205,5.7963502861461995,9593.238375,6.6,0.0,6.71,6.412000000000001,6.71,1.0,8287.0,3
344,2015-09-30,5.7963502861461995,5.98639455782313,5.57175251052802,5.718604902278369,27648.7155,6.71,0.0,6.93,6.45,6.62,1.0,23884.0,2
345,2015-09-29,5.61494439045459,5.87409567001404,5.434402332361519,5.78771191016089,25801.146,6.5,0.0,6.8,6.291,6.7,1.0,22288.0,1
346,2015-09-28,5.76179678220494,5.86545729402872,5.360457833927219,5.84818054205809,69273.437625,6.67,0.0,6.79,6.2054,6.77,1.0,59841.0,0
347,2015-09-25,5.882734045999349,6.1073318216175405,5.822265414102151,5.9604794298671795,25942.37625,6.81,0.0,7.07,6.74,6.9,1.0,22410.0,4
348,2015-09-24,6.05550156570565,6.12460857358816,5.9518410538818705,6.05550156570565,20970.376875,7.01,0.0,7.09,6.89,7.01,1.0,18115.0,3
349,2015-09-23,6.020948061764389,6.1073318216175405,5.78771191016089,5.85681891804341,34689.39075,6.97,0.0,7.07,6.7,6.78,1.0,29966.0,2
350,2015-09-22,5.9086491739552995,6.003671309793759,5.77907353417558,5.925925925925929,6401.66625,6.84,0.0,6.95,6.69,6.86,1.0,5530.0,1
351,2015-09-21,5.882734045999349,6.029586437749701,5.75315840621963,5.822265414102151,24640.048125,6.81,0.0,6.98,6.66,6.74,1.0,21285.0,0
352,2015-09-18,5.8309037900874605,6.202353957456,5.8309037900874605,5.90001079796998,23033.264625,6.75,0.0,7.18,6.75,6.83,1.0,19897.0,4
353,2015-09-17,6.003671309793759,6.06413994169096,5.75315840621963,5.86545729402872,17451.196875,6.95,0.0,7.02,6.66,6.79,1.0,15075.0,3
354,2015-09-16,5.9604794298671795,5.9691178058525,5.718604902278369,5.77907353417558,32722.585875,6.9,0.0,6.91,6.62,6.69,1.0,28267.0,2
355,2015-09-15,5.822265414102151,5.94320267789656,5.7099665262930595,5.8309037900874605,12538.236375,6.74,0.0,6.88,6.61,6.75,1.0,10831.0,1
356,2015-09-14,5.78771191016089,6.098693445632219,5.68405139833711,5.9604794298671795,59221.77975,6.7,0.0,7.06,6.58,6.9,1.0,51158.0,0
357,2015-09-11,6.1073318216175405,6.18507720548537,5.977756181837809,6.09005506964691,14978.509875,7.07,0.0,7.16,6.92,7.05,1.0,12939.0,4
358,2015-09-10,6.038224813735019,6.193715581470681,6.012309685779071,6.07277831767628,3176.5229999999997,6.99,0.0,7.17,6.96,7.03,1.0,2744.0,3
359,2015-09-09,6.089968685887049,6.228269085411941,6.012309685779071,6.15916207752942,4436.019,7.0499,0.0,7.21,6.96,7.13,1.0,3832.0,2
360,2015-09-08,6.1505237015441105,6.21099233344131,5.92851743872152,5.9604794298671795,38115.96075,7.12,0.0,7.19,6.8629999999999995,6.9,1.0,32926.0,1
361,2015-09-04,5.99503293380844,6.2628225893532,5.9691178058525,6.04686318972033,24342.5385,6.94,0.0,7.25,6.91,7.0,1.0,21028.0,4
362,2015-09-03,6.06413994169096,6.34920634920635,6.038224813735019,6.33192959723572,27916.126875,7.02,0.0,7.35,6.99,7.33,1.0,24115.0,3
363,2015-09-02,6.15916207752942,6.34920634920635,6.029586437749701,6.34920634920635,18018.433125,7.13,0.0,7.35,6.98,7.35,1.0,15565.0,2
364,2015-09-01,6.04686318972033,6.392398229132921,5.90001079796998,6.288737717309151,20649.71475,7.0,0.0,7.4,6.83,7.28,1.0,17838.0,1
365,2015-08-31,6.21963070942663,6.47014361300076,6.038224813735019,6.05550156570565,26555.9175,7.2,0.0,7.49,6.99,7.01,1.0,22940.0,0
366,2015-08-28,6.081416693661589,6.4355901090595,6.04686318972033,6.40103660511824,20951.854875,7.04,0.0,7.45,7.0,7.41,1.0,18099.0,4
367,2015-08-27,6.29737609329446,6.366483101176981,5.9388834899039,6.038224813735019,19500.193125,7.29,0.0,7.37,6.875,6.99,1.0,16845.0,3
368,2015-08-26,5.977756181837809,6.383759853147611,5.83954216607278,5.89137242198467,37635.546375,6.92,0.0,7.39,6.76,6.82,1.0,32511.0,2
369,2015-08-25,5.89137242198467,6.28381384299752,5.8309037900874605,6.13324694957348,14981.98275,6.82,0.0,7.2743,6.75,7.1,1.0,12942.0,1
370,2015-08-24,5.9691178058525,6.4355901090595,5.68405139833711,6.30601446927977,63395.017875,6.91,0.0,7.45,6.58,7.3,1.0,54763.0,0
371,2015-08-21,6.392398229132921,6.4960587409567,6.193715581470681,6.193715581470681,24596.058375,7.4,0.0,7.52,7.17,7.17,1.0,21247.0,4
372,2015-08-20,6.4355901090595,6.603174603174599,6.228269085411941,6.539250620883269,23874.857999999997,7.45,0.0,7.644,7.21,7.57,1.0,20624.0,3
373,2015-08-19,6.6861030126336205,6.815678652413349,6.59116726055501,6.815678652413349,15463.55475,7.74,0.0,7.89,7.6301,7.89,1.0,13358.0,2
374,2015-08-18,6.746571644530831,6.85887053233992,6.53061224489796,6.72065651657488,23445.379125,7.81,0.0,7.94,7.56,7.78,1.0,20253.0,1
375,2015-08-17,6.737933268545509,6.928668610301259,6.61699600475111,6.91070078825181,39287.47725,7.8,0.0,8.0208,7.66,8.0,1.0,33938.0,0
376,2015-08-14,6.83295540438398,6.86750890832523,6.67271352985639,6.737933268545509,12312.4995,7.91,0.0,7.95,7.7245,7.8,1.0,10636.0,4
377,2015-08-13,6.660187884677679,6.85887053233992,6.461591620775289,6.53061224489796,17969.812875,7.71,0.0,7.94,7.4801,7.56,1.0,15523.0,3
378,2015-08-12,6.539250620883269,6.90197602850664,6.50469711694201,6.76384839650146,37568.404125,7.57,0.0,7.9899,7.53,7.83,1.0,32453.0,2
379,2015-08-11,6.82431702839866,7.14393693985531,6.78121153223194,7.14393693985531,30942.158625,7.9,0.0,8.27,7.8501,8.27,1.0,26729.0,1
380,2015-08-10,6.82431702839866,7.10938343591405,6.755296404276001,7.10938343591405,28896.63525,7.9,0.0,8.23,7.8201,8.23,1.0,24962.0,0
381,2015-08-07,6.737933268545509,7.01436130007558,6.651549508692371,6.97980779613433,18740.791125,7.8,0.0,8.12,7.7,8.08,1.0,16189.0,4
382,2015-08-06,7.031638052046221,7.161213691825941,6.71201814058957,6.884785660295861,57888.19575,8.14,0.0,8.29,7.77,7.97,1.0,50006.0,3
383,2015-08-05,6.893424036281179,6.98844617211964,6.62563438073642,6.884785660295861,25123.935375,7.98,0.0,8.09,7.67,7.97,1.0,21703.0,2
384,2015-08-04,6.91070078825181,6.97980779613433,6.675045891372419,6.69474138861894,40430.053125,8.0,0.0,8.08,7.7272,7.75,1.0,34925.0,1
385,2015-08-03,6.72065651657488,6.78112514847209,6.40103660511824,6.60835762876579,29374.734375,7.78,0.0,7.85,7.41,7.65,1.0,25375.0,0
386,2015-07-31,6.71201814058957,6.78112514847209,6.48750674873124,6.737933268545509,21645.27225,7.77,0.0,7.85,7.5101,7.8,1.0,18698.0,4
387,2015-07-30,6.63427275672174,6.7292948925602,6.47014361300076,6.62563438073642,23220.799875,7.68,0.0,7.79,7.49,7.67,1.0,20059.0,3
388,2015-07-29,6.40103660511824,6.565165748839219,6.2369074613972595,6.42695173307418,35756.721,7.41,0.0,7.6,7.22,7.44,1.0,30888.0,2
389,2015-07-28,6.60835762876579,6.755210020516139,6.59108087679516,6.737933268545509,32019.9075,7.65,0.0,7.82,7.63,7.8,1.0,27660.0,1
390,2015-07-27,6.63418637296188,6.651549508692371,6.21099233344131,6.4787819889860705,32658.9165,7.6799,0.0,7.7,7.19,7.5,1.0,28212.0,0
391,2015-07-24,6.375121477162289,6.4787819889860705,6.15916207752942,6.4787819889860705,9262.157625,7.38,0.0,7.5,7.13,7.5,1.0,8001.0,4
392,2015-07-23,6.33192959723572,6.47014361300076,6.193715581470681,6.461505237015441,16219.483875,7.33,0.0,7.49,7.17,7.48,1.0,14011.0,3
393,2015-07-22,6.34056797322103,6.40967498110355,6.13411078717201,6.15916207752942,15759.90675,7.34,0.0,7.42,7.101,7.13,1.0,13614.0,2
394,2015-07-21,6.193715581470681,6.59971925278048,6.1073318216175405,6.59971925278048,23885.276625,7.17,0.0,7.64,7.07,7.64,1.0,20633.0,1
395,2015-07-20,6.21099233344131,6.85014577259475,6.18507720548537,6.63427275672174,82525.928625,7.19,0.0,7.9299,7.16,7.68,1.0,71289.0,0
396,2015-07-17,6.59971925278048,6.893424036281179,6.42695173307418,6.64291113270705,62218.870875,7.64,0.0,7.98,7.44,7.69,1.0,53747.0,4
397,2015-07-16,6.539250620883269,6.677464636648309,5.9604794298671795,5.9604794298671795,123878.608875,7.57,0.0,7.73,6.9,6.9,1.0,107011.0,3
398,2015-07-15,6.06413994169096,6.06413994169096,5.804988662131519,5.83954216607278,39033.957375,7.02,0.0,7.02,6.72,6.76,1.0,33719.0,2
399,2015-07-14,5.89137242198467,5.9086491739552995,5.75315840621963,5.84818054205809,12522.029625,6.82,0.0,6.84,6.66,6.77,1.0,10817.0,1
400,2015-07-13,5.84818054205809,5.9086491739552995,5.7168772270813095,5.9086491739552995,29113.111125,6.77,0.0,6.84,6.617999999999999,6.84,1.0,25149.0,0
401,2015-07-10,5.9086491739552995,5.91728754994061,5.83954216607278,5.9086491739552995,41624.722125,6.84,0.0,6.85,6.76,6.84,1.0,35957.0,4
402,2015-07-09,5.89137242198467,5.89137242198467,5.84818054205809,5.89137242198467,11626.027875,6.82,0.0,6.82,6.77,6.82,1.0,10043.0,3
403,2015-07-08,5.84818054205809,5.94320267789656,5.84818054205809,5.925925925925929,9213.537375,6.77,0.0,6.88,6.77,6.86,1.0,7959.0,2
404,2015-07-07,5.934564301911241,5.94320267789656,5.7963502861461995,5.94320267789656,11460.4875,6.87,0.0,6.88,6.71,6.88,1.0,9900.0,1
405,2015-07-06,5.9086491739552995,5.94320267789656,5.61753590325019,5.94320267789656,21388.2795,6.84,0.0,6.88,6.502999999999999,6.88,1.0,18476.0,0
406,2015-07-02,5.89137242198467,5.951754670122019,5.5458373825720795,5.822265414102151,27569.997000000003,6.82,0.0,6.8899,6.42,6.74,1.0,23816.0,3
407,2015-07-01,5.822265414102151,5.9604794298671795,5.75315840621963,5.9604794298671795,18681.75225,6.74,0.0,6.9,6.66,6.9,1.0,16138.0,2
408,2015-06-30,5.813627038116831,5.9604794298671795,5.48536875067487,5.94320267789656,85803.165,6.73,0.0,6.9,6.35,6.88,1.0,74120.0,1
409,2015-06-29,5.805075045891369,5.934564301911241,5.77907353417558,5.91728754994061,19810.436625,6.7201,0.0,6.87,6.69,6.85,1.0,17113.0,0
410,2015-06-26,5.78771191016089,5.9604794298671795,5.78771191016089,5.882734045999349,13281.431625,6.7,0.0,6.9,6.7,6.81,1.0,11473.0,4
411,2015-06-25,5.90001079796998,5.99503293380844,5.78771191016089,5.94320267789656,11283.370875,6.83,0.0,6.94,6.7,6.88,1.0,9747.0,3
412,2015-06-24,5.94320267789656,5.9604794298671795,5.78771191016089,5.882734045999349,20943.7515,6.88,0.0,6.9,6.7,6.81,1.0,18092.0,2
413,2015-06-23,5.9604794298671795,5.9604794298671795,5.822265414102151,5.9604794298671795,16970.7825,6.9,0.0,6.9,6.74,6.9,1.0,14660.0,1
414,2015-06-22,5.934564301911241,6.038224813735019,5.813627038116831,5.87409567001404,28912.842,6.87,0.0,6.99,6.73,6.8,1.0,24976.0,0
415,2015-06-19,6.003671309793759,6.04686318972033,5.84818054205809,5.934564301911241,25259.3775,6.95,0.0,7.0,6.77,6.87,1.0,21820.0,4
416,2015-06-18,5.91728754994061,5.93024511391858,5.77043515819026,5.87409567001404,21896.476875,6.85,0.0,6.865,6.68,6.8,1.0,18915.0,3
417,2015-06-17,5.7445200302343205,5.87409567001404,5.69268977432243,5.8309037900874605,12513.92625,6.65,0.0,6.8,6.59,6.75,1.0,10810.0,2
418,2015-06-16,5.70132815030774,5.91728754994061,5.640859518410539,5.91728754994061,18645.865875,6.6,0.0,6.85,6.53,6.85,1.0,16107.0,1
419,2015-06-15,5.84818054205809,6.029586437749701,5.68405139833711,5.85681891804341,23474.31975,6.77,0.0,6.98,6.58,6.78,1.0,20278.0,0
420,2015-06-12,5.87409567001404,5.934564301911241,5.735881654249001,5.934564301911241,3949.8165,6.8,0.0,6.87,6.64,6.87,1.0,3412.0,4
421,2015-06-11,5.727243278263691,5.87409567001404,5.69355361192096,5.8279667422524595,21084.98175,6.63,0.0,6.8,6.591,6.7466,1.0,18214.0,3
422,2015-06-10,5.70132815030774,5.87409567001404,5.69268977432243,5.84809415829824,13826.673,6.6,0.0,6.8,6.59,6.7699,1.0,11944.0,2
423,2015-06-09,5.69268977432243,5.9518410538818705,5.6667746463664805,5.9518410538818705,19158.69375,6.59,0.0,6.89,6.56,6.89,1.0,16550.0,1
424,2015-06-08,5.7963502861461995,6.04686318972033,5.61494439045459,6.04686318972033,23789.19375,6.71,0.0,7.0,6.5,7.0,1.0,20550.0,0
425,2015-06-05,5.78771191016089,5.9691178058525,5.70132815030774,5.9691178058525,6021.96525,6.7,0.0,6.91,6.6,6.91,1.0,5202.0,4
426,2015-06-04,5.86519814274916,5.91728754994061,5.60630601446928,5.84818054205809,11602.875375,6.7897,0.0,6.85,6.49,6.77,1.0,10023.0,3
427,2015-06-03,5.91728754994061,6.029586437749701,5.64949789439585,5.71514955188425,31164.422625,6.85,0.0,6.98,6.54,6.6160000000000005,1.0,26921.0,2
428,2015-06-02,5.87409567001404,6.04686318972033,5.58902926249865,6.029586437749701,51833.817,6.8,0.0,7.0,6.47,6.98,1.0,44776.0,1
429,2015-06-01,6.038224813735019,6.04686318972033,5.4680919987042405,5.5458373825720795,77615.283375,6.99,0.0,7.0,6.33,6.42,1.0,67047.0,0
430,2015-05-29,5.537199006586761,5.60630601446928,5.42498650253752,5.57175251052802,15017.869125,6.41,0.0,6.49,6.2801,6.45,1.0,12973.0,4
431,2015-05-28,5.4594536227189305,5.47673037468956,5.442176870748299,5.47673037468956,11933.956125,6.32,0.0,6.34,6.3,6.34,1.0,10309.0,3
432,2015-05-27,5.4249001187776695,5.48536875067487,5.381708238851099,5.398984990821719,18008.0145,6.28,0.0,6.35,6.23,6.25,1.0,15556.0,2
433,2015-05-26,5.39034661483641,5.52856063060145,5.355879494655,5.52856063060145,15023.65725,6.24,0.0,6.4,6.2001,6.4,1.0,12978.0,1
434,2015-05-22,5.35579311089515,5.52856063060145,5.29774322427384,5.51128387863082,25157.5065,6.2,0.0,6.4,6.1328,6.38,1.0,21732.0,4
435,2015-05-21,5.48536875067487,5.519922254616129,5.28668610301263,5.28668610301263,15302.644875,6.35,0.0,6.39,6.12,6.12,1.0,13219.0,3
436,2015-05-20,5.2607709750566904,5.347154734909839,5.20030234315949,5.28668610301263,18277.741125,6.09,0.0,6.19,6.02,6.12,1.0,15789.0,2
437,2015-05-19,5.252132599071371,5.398984990821719,5.252132599071371,5.398984990821719,26349.86025,6.08,0.0,6.25,6.08,6.25,1.0,22762.0,1
438,2015-05-18,5.32123960695389,5.47673037468956,5.31260123096858,5.347154734909839,25507.10925,6.16,0.0,6.34,6.15,6.19,1.0,22034.0,0
439,2015-05-15,5.34283554691718,5.36011229888781,5.18302559118886,5.36011229888781,33341.91525,6.185,0.0,6.205,6.0,6.205,1.0,28802.0,4
440,2015-05-14,5.269409351042,5.494007126660191,5.269409351042,5.494007126660191,15583.94775,6.1,0.0,6.36,6.1,6.36,1.0,13462.0,3
441,2015-05-13,5.347154734909839,5.58902926249865,5.29532447899795,5.58902926249865,27512.11575,6.19,0.0,6.47,6.13,6.47,1.0,23766.0,2
442,2015-05-12,5.51128387863082,5.60630601446928,5.174387215203541,5.2262174711154294,51182.074125,6.38,0.0,6.49,5.99,6.05,1.0,44213.0,1
443,2015-05-11,5.252132599071371,5.269409351042,5.01025807148256,5.018896447467871,24615.737999999998,6.08,0.0,6.1,5.8,5.81,1.0,21264.0,0
444,2015-05-08,5.1052802073210195,5.13119533527697,5.00161969549725,5.04481157542382,16112.982375,5.91,0.0,5.94,5.79,5.84,1.0,13919.0,4
445,2015-05-07,5.00161969549725,5.04481157542382,5.00161969549725,5.03617319943851,9161.44425,5.79,0.0,5.84,5.79,5.83,1.0,7914.0,3
446,2015-05-06,5.00161969549725,5.06208832739445,5.00161969549725,5.00161969549725,19054.5075,5.79,0.0,5.86,5.79,5.79,1.0,16460.0,2
447,2015-05-05,5.05344995140913,5.05344995140913,5.00161969549725,5.05344995140913,4414.024125,5.85,0.0,5.85,5.79,5.85,1.0,3813.0,1
448,2015-05-04,5.018896447467871,5.09664183133571,5.018896447467871,5.05344995140913,13084.635375,5.81,0.0,5.9,5.81,5.85,1.0,11303.0,0
449,2015-05-01,5.070726703379759,5.13119533527697,5.00161969549725,5.00161969549725,30790.50975,5.87,0.0,5.94,5.79,5.79,1.0,26598.0,4
450,2015-04-30,5.018896447467871,5.05344995140913,4.98434294352662,5.03617319943851,5606.377875,5.81,0.0,5.85,5.77,5.83,1.0,4843.0,3
451,2015-04-29,5.02753482345319,5.05344995140913,4.8547673037469,5.05344995140913,24679.407375,5.82,0.0,5.85,5.62,5.85,1.0,21319.0,2
452,2015-04-28,5.07936507936508,5.13119533527697,4.75974516790843,4.75974516790843,32405.396625,5.88,0.0,5.94,5.51,5.51,1.0,27993.0,1
453,2015-04-27,4.89795918367347,4.89795918367347,4.716553287981861,4.716553287981861,22469.50125,5.67,0.0,5.67,5.46,5.46,1.0,19410.0,0
454,2015-04-24,4.83749055177627,4.83749055177627,4.596479861785981,4.6025267249757,34038.8055,5.6,0.0,5.6,5.321000000000001,5.327999999999999,1.0,29404.0,4
455,2015-04-23,4.72519166396717,4.72519166396717,4.5334197170931905,4.69063816002591,10615.42125,5.47,0.0,5.47,5.247999999999999,5.43,1.0,9170.0,3
456,2015-04-22,4.66472303206997,4.75110679192312,4.63016952812871,4.75110679192312,3175.365375,5.4,0.0,5.5,5.36,5.5,1.0,2743.0,2
457,2015-04-21,4.6128927761580805,4.69927653601123,4.467681675844941,4.6819997840406,3336.27525,5.34,0.0,5.44,5.1719,5.42,1.0,2882.0,1
458,2015-04-20,4.52650901630493,4.75110679192312,4.431486880466469,4.65608465608466,5741.82,5.24,0.0,5.5,5.13,5.39,1.0,4960.0,0
459,2015-04-17,4.6215311521434,4.70791491199654,4.6215311521434,4.69927653601123,2300.200875,5.35,0.0,5.45,5.35,5.44,1.0,1987.0,4
460,2015-04-16,4.69927653601123,4.75110679192312,4.501457725947519,4.6128927761580805,19657.630125,5.44,0.0,5.5,5.211,5.34,1.0,16981.0,3
461,2015-04-15,4.64744628009934,4.69927653601123,4.56114890400605,4.56114890400605,2286.309375,5.38,0.0,5.44,5.2801,5.2801,1.0,1975.0,2
462,2015-04-14,4.716553287981861,4.75110679192312,4.60425440017277,4.66463664831012,8407.830375,5.46,0.0,5.5,5.33,5.3999,1.0,7263.0,1
463,2015-04-13,4.69927653601123,4.78566029586438,4.6038224813735,4.75110679192312,15588.57825,5.44,0.0,5.54,5.3295,5.5,1.0,13466.0,0
464,2015-04-10,4.716553287981861,4.775294244682001,4.6215311521434,4.6215311521434,2336.08725,5.46,0.0,5.528,5.35,5.35,1.0,2018.0,4
465,2015-04-09,4.75110679192312,4.759313249109169,4.70359572400389,4.70791491199654,13029.069375,5.5,0.0,5.5095,5.445,5.45,1.0,11255.0,3
466,2015-04-08,4.75369830471871,4.83757693553612,4.63880790411403,4.83749055177627,14815.28475,5.502999999999999,0.0,5.6001,5.37,5.6,1.0,12798.0,2
467,2015-04-07,4.75110679192312,4.846128927761581,4.561062520246191,4.57833927221682,34446.2895,5.5,0.0,5.61,5.28,5.3,1.0,29756.0,1
468,2015-04-06,4.58697764820214,4.76838354389375,4.58697764820214,4.69927653601123,12754.71225,5.31,0.0,5.52,5.31,5.44,1.0,11018.0,0
469,2015-04-02,4.7770219198790596,4.7770219198790596,4.5352337760501,4.7770219198790596,39191.394375,5.53,0.0,5.53,5.2501,5.53,1.0,33855.0,3
470,2015-04-01,4.69063816002591,5.09664183133571,4.57833927221682,4.69927653601123,117214.16175,5.43,0.0,5.9,5.3,5.44,1.0,101254.0,2
471,2015-03-31,4.61280639239823,4.6128927761580805,4.4487636324371,4.53514739229025,17514.86625,5.3399,0.0,5.34,5.15,5.25,1.0,15130.0,1
472,2015-03-30,4.58697764820214,4.63016952812871,4.56970089623151,4.6215311521434,5883.05025,5.31,0.0,5.36,5.29,5.35,1.0,5082.0,0
473,2015-03-27,4.63016952812871,4.68286362163913,4.61548428895368,4.63016952812871,5308.86825,5.36,0.0,5.421,5.343,5.36,1.0,4586.0,4
474,2015-03-26,4.64744628009934,4.70791491199654,4.58697764820214,4.66472303206997,14736.56625,5.38,0.0,5.45,5.31,5.4,1.0,12730.0,3
475,2015-03-25,4.67336140805529,4.69573480185725,4.66472303206997,4.68182701652089,3364.05825,5.41,0.0,5.4359,5.4,5.4198,1.0,2906.0,2
476,2015-03-24,4.67076989525969,4.67992657380412,4.66472303206997,4.66472303206997,1677.398625,5.407,0.0,5.4176,5.4,5.4,1.0,1449.0,1
477,2015-03-23,4.65608465608466,4.83749055177627,4.561062520246191,4.78566029586438,31171.368375,5.39,0.0,5.6,5.28,5.54,1.0,26927.0,0
478,2015-03-20,4.9152359356441,5.122556959291651,4.8547673037469,5.1052802073210195,14935.67775,5.69,0.0,5.93,5.62,5.91,1.0,12902.0,4
479,2015-03-19,5.11391858330634,5.122556959291651,5.03617319943851,5.122556959291651,2411.332875,5.92,0.0,5.93,5.83,5.93,1.0,2083.0,3
480,2015-03-18,5.018896447467871,5.174387215203541,4.94115106360004,5.11391858330634,29025.131625,5.81,0.0,5.99,5.72,5.92,1.0,25073.0,2
481,2015-03-17,5.11391858330634,5.18302559118886,4.82885217579095,5.18302559118886,24807.90375,5.92,0.0,6.0,5.59,6.0,1.0,21430.0,1
482,2015-03-16,5.174387215203541,5.182939207429,5.1398337112622805,5.174387215203541,7991.085375,5.99,0.0,5.9999,5.95,5.99,1.0,6903.0,0
483,2015-03-13,5.174387215203541,5.174387215203541,5.09664183133571,5.174387215203541,3705.557625,5.99,0.0,5.99,5.9,5.99,1.0,3201.0,4
484,2015-03-12,5.18302559118886,5.18302559118886,5.1398337112622805,5.174387215203541,4880.5470000000005,6.0,0.0,6.0,5.95,5.99,1.0,4216.0,3
485,2015-03-11,5.174387215203541,5.2089407191448,5.1052802073210195,5.174387215203541,5716.35225,5.99,0.0,6.03,5.91,5.99,1.0,4938.0,2
486,2015-03-10,5.174387215203541,5.1951193175683,5.174387215203541,5.174387215203541,2090.67075,5.99,0.0,6.013999999999999,5.99,5.99,1.0,1806.0,1
487,2015-03-09,5.19166396717417,5.19166396717417,5.05344995140913,5.09664183133571,6339.1545,6.01,0.0,6.01,5.85,5.9,1.0,5476.0,0
488,2015-03-06,5.09664183133571,5.09664183133571,5.06208832739445,5.09664183133571,5987.2365,5.9,0.0,5.9,5.86,5.9,1.0,5172.0,4
489,2015-03-05,5.07202245977756,5.14285714285714,5.070726703379759,5.14285714285714,8505.070875,5.8715,0.0,5.9535,5.87,5.9535,1.0,7347.0,3
490,2015-03-04,5.09664183133571,5.16574883921823,5.09664183133571,5.16574883921823,19180.688625,5.9,0.0,5.98,5.9,5.98,1.0,16569.0,2
491,2015-03-03,5.1052802073210195,5.1398337112622805,5.070726703379759,5.1398337112622805,8523.592875,5.91,0.0,5.95,5.87,5.95,1.0,7363.0,1
492,2015-03-02,5.1052802073210195,5.1398337112622805,5.05344995140913,5.05344995140913,11775.3615,5.91,0.0,5.95,5.85,5.85,1.0,10172.0,0
493,2015-02-27,5.09664183133571,5.13119533527697,5.08800345535039,5.09664183133571,8126.5275,5.9,0.0,5.94,5.89,5.9,1.0,7020.0,4
494,2015-02-26,5.09664183133571,5.1398337112622805,5.09664183133571,5.1398337112622805,6011.546625,5.9,0.0,5.95,5.9,5.95,1.0,5193.0,3
495,2015-02-25,5.13119533527697,5.13119533527697,5.06208832739445,5.1052802073210195,2861.6490000000003,5.94,0.0,5.94,5.86,5.91,1.0,2472.0,2
496,2015-02-24,5.1052802073210195,5.1052802073210195,5.08800345535039,5.1052802073210195,2730.837375,5.91,0.0,5.91,5.89,5.91,1.0,2359.0,1
497,2015-02-23,5.08800345535039,5.13119533527697,5.06208832739445,5.08800345535039,3247.138125,5.89,0.0,5.94,5.86,5.89,1.0,2805.0,0
498,2015-02-20,5.09232264334305,5.18302559118886,5.05344995140913,5.1398337112622805,29899.1385,5.895,0.0,6.0,5.85,5.95,1.0,25828.0,4
499,2015-02-19,5.122556959291651,5.17196846992765,5.070726703379759,5.09664183133571,19115.861625,5.93,0.0,5.9872,5.87,5.9,1.0,16513.0,3
500,2015-02-18,5.09664183133571,5.1398337112622805,5.05344995140913,5.09664183133571,4447.59525,5.9,0.0,5.95,5.85,5.9,1.0,3842.0,2
501,2015-02-17,5.174387215203541,5.18302559118886,4.83749055177627,4.95842781557067,29363.158125,5.99,0.0,6.0,5.6,5.74,1.0,25365.0,1
502,2015-02-13,4.99298131951193,5.018896447467871,4.75110679192312,5.00161969549725,17880.67575,5.78,0.0,5.81,5.5,5.79,1.0,15446.0,4
503,2015-02-12,5.03617319943851,5.05344995140913,4.53514739229025,5.05344995140913,53534.368125,5.83,0.0,5.85,5.25,5.85,1.0,46245.0,3
504,2015-02-11,5.05344995140913,5.08800345535039,5.03306338408379,5.079451463124929,6170.14125,5.85,0.0,5.89,5.8264,5.8801,1.0,5330.0,2
505,2015-02-10,5.08800345535039,5.09664183133571,5.04481157542382,5.05344995140913,7951.726125,5.89,0.0,5.9,5.84,5.85,1.0,6869.0,1
506,2015-02-09,5.05344995140913,5.09664183133571,5.03617319943851,5.09664183133571,19407.583125,5.85,0.0,5.9,5.83,5.9,1.0,16765.0,0
507,2015-02-06,5.09664183133571,5.13119533527697,5.018896447467871,5.13119533527697,8532.853875,5.9,0.0,5.94,5.81,5.94,1.0,7371.0,4
508,2015-02-05,5.09664183133571,5.1398337112622805,5.09664183133571,5.1398337112622805,1389.15,5.9,0.0,5.95,5.9,5.95,1.0,1200.0,3
509,2015-02-04,5.08800345535039,5.16574883921823,5.05344995140913,5.07936507936508,3832.896375,5.89,0.0,5.98,5.85,5.88,1.0,3311.0,2
510,2015-02-03,5.11391858330634,5.18302559118886,5.08800345535039,5.1398337112622805,6645.925125,5.92,0.0,6.0,5.89,5.95,1.0,5741.0,1
511,2015-02-02,5.09664183133571,5.174387215203541,5.05776913940179,5.1398337112622805,27627.87825,5.9,0.0,5.99,5.855,5.95,1.0,23866.0,0
512,2015-01-30,5.1398337112622805,5.1398337112622805,5.09577799373718,5.13119533527697,13760.688375,5.95,0.0,5.95,5.899,5.94,1.0,11887.0,4
513,2015-01-29,5.1052802073210195,5.174387215203541,5.09664183133571,5.174387215203541,4327.20225,5.91,0.0,5.99,5.9,5.99,1.0,3738.0,3
514,2015-01-28,5.09664183133571,5.174387215203541,5.07936507936508,5.174387215203541,18306.68175,5.9,0.0,5.99,5.88,5.99,1.0,15814.0,2
515,2015-01-27,5.174387215203541,5.18302559118886,5.01025807148256,5.174387215203541,8766.694125,5.99,0.0,6.0,5.8,5.99,1.0,7573.0,1
516,2015-01-26,5.11391858330634,5.18302559118886,5.09664183133571,5.09664183133571,8928.761625,5.92,0.0,6.0,5.9,5.9,1.0,7713.0,0
517,2015-01-23,5.018896447467871,5.18302559118886,5.018896447467871,5.18302559118886,39458.80575,5.81,0.0,6.0,5.81,6.0,1.0,34086.0,4
518,2015-01-22,5.18302559118886,5.2262174711154294,5.148472087247599,5.174387215203541,10053.973125,6.0,0.0,6.05,5.96,5.99,1.0,8685.0,3
519,2015-01-21,5.174387215203541,5.28668610301263,4.95842781557067,5.174387215203541,48616.777125,5.99,0.0,6.12,5.74,5.99,1.0,41997.0,2
520,2015-01-20,5.07936507936508,5.31260123096858,4.9325126876147305,5.2607709750566904,44460.903375,5.88,0.0,6.15,5.71,6.09,1.0,38407.0,1
521,2015-01-16,5.386027426843751,5.398984990821719,5.2607709750566904,5.3039628549832605,6523.216875,6.235,0.0,6.25,6.09,6.14,1.0,5635.0,4
522,2015-01-15,5.347154734909839,5.398984990821719,5.24349422308606,5.260684591296839,37250.05725,6.19,0.0,6.25,6.07,6.0899,1.0,32178.0,3
523,2015-01-14,5.24349422308606,5.433538494762981,5.20030234315949,5.20030234315949,15372.102375,6.07,0.0,6.29,6.02,6.02,1.05,13279.0,2
524,2015-01-13,5.17479856644094,5.17479856644094,5.05970249021755,5.05970249021755,14949.51136875,6.29,0.0,6.29,6.1501,6.1501,1.0,12299.0,1
525,2015-01-12,5.03493914572632,5.1172093932055,5.018485096230481,5.018485096230481,6921.0925875,6.12,0.0,6.22,6.1,6.1,1.0,5694.0,0
526,2015-01-09,4.95275116849461,5.18302559118886,4.95275116849461,5.18302559118886,5484.3642,6.0201,0.0,6.3,6.0201,6.3,1.0,4512.0,4
527,2015-01-08,4.95266889824713,5.26529583866804,4.689404106313731,5.08430129421383,48580.13829375,6.02,0.0,6.4,5.7,6.18,1.0,39967.0,3
528,2015-01-07,5.08430129421383,5.18302559118886,4.9115337745075305,4.9115337745075305,32621.7567375,6.18,0.0,6.3,5.97,5.97,1.0,26838.0,2
529,2015-01-06,4.82926352702835,4.8539446012721,4.77167435379291,4.77990137854083,12866.13365625,5.87,0.0,5.9,5.8,5.81,1.0,10585.0,1
530,2015-01-05,4.78812840328875,4.812809477532509,4.524863611355349,4.524863611355349,18080.65546875,5.82,0.0,5.85,5.5,5.5,1.0,14875.0,0
531,2015-01-02,4.80458245278459,4.9115337745075305,4.73876625480124,4.73876625480124,8378.48458125,5.84,0.0,5.97,5.76,5.76,1.0,6893.0,4
532,2014-12-31,4.73876625480124,4.73876625480124,4.6400419578262095,4.6400419578262095,24780.52591875,5.76,0.0,5.76,5.64,5.64,1.0,20387.0,2
533,2014-12-30,4.6482689825741295,4.77990137854083,4.49195551236367,4.524863611355349,19806.67434375,5.65,0.0,5.81,5.46,5.5,1.0,16295.0,1
534,2014-12-29,4.50840956185951,4.524863611355349,4.459047413372,4.46727443811992,26835.9469875,5.48,0.0,5.5,5.42,5.43,1.0,22078.0,0
535,2014-12-26,4.524863611355349,4.524863611355349,4.39323121538865,4.39323121538865,15804.0122625,5.5,0.0,5.5,5.34,5.34,1.0,13002.0,4
536,2014-12-24,4.17932857194276,4.524863611355349,4.17932857194276,4.40968526488449,5599.83729375,5.08,0.0,5.5,5.08,5.36,1.0,4607.0,2
537,2014-12-23,4.47550146286784,4.524863611355349,4.442593363876161,4.47550146286784,9624.3784875,5.44,0.0,5.5,5.4,5.44,1.0,7918.0,1
538,2014-12-22,4.47550146286784,4.57422575984286,4.40145824013657,4.57422575984286,32466.1719375,5.44,0.0,5.56,5.35,5.56,1.0,26710.0,0
539,2014-12-19,4.8868527002637805,4.8868527002637805,3.82556650778225,3.82556650778225,116012.778525,5.94,0.0,5.94,4.65,4.65,1.0,95444.0,4
540,2014-12-18,3.98187997799271,4.11351237395941,3.77620435929474,4.11351237395941,32543.9643375,4.84,0.0,5.0,4.59,5.0,1.0,26774.0,3
541,2014-12-17,4.0641502254719,4.14642047295108,3.99010700274063,3.99010700274063,29964.660075,4.94,0.0,5.04,4.85,4.85,1.0,24652.0,2
542,2014-12-16,3.9160637800093596,4.154647497699,3.9160637800093596,3.99833402748855,27327.0115125,4.76,0.0,5.05,4.76,4.86,1.0,22482.0,1
543,2014-12-15,3.9736529532447897,4.2040096461865195,3.9736529532447897,4.154647497699,73141.8730875,4.83,0.0,5.11,4.83,5.05,1.0,60174.0,0
544,2014-12-12,4.154647497699,4.24514476992611,3.9654259284968703,3.9654259284968703,46654.77639375,5.05,0.0,5.16,4.82,4.82,1.0,38383.0,4
545,2014-12-11,3.8749286562697596,4.154647497699,3.8749286562697596,4.0641502254719,24628.5876375,4.71,0.0,5.05,4.71,4.94,1.0,20262.0,3
546,2014-12-10,4.0806042749677305,4.12996642345525,4.0723772502198194,4.0723772502198194,11729.6353125,4.96,0.0,5.02,4.95,4.95,1.0,9650.0,2
547,2014-12-09,4.12173939870733,4.13819344820317,4.09705832446357,4.13819344820317,17310.02450625,5.01,0.0,5.03,4.98,5.03,1.0,14241.0,1
548,2014-12-08,4.12173939870733,4.154647497699,3.8099351607612095,4.154647497699,31467.0258,5.01,0.0,5.05,4.631,5.05,1.0,25888.0,0
549,2014-12-05,4.12996642345525,4.154647497699,4.0806042749677305,4.12996642345525,14434.13671875,5.02,0.0,5.05,4.96,5.02,1.0,11875.0,4
550,2014-12-04,4.154647497699,4.154647497699,4.13819344820317,4.13819344820317,11416.0347,5.05,0.0,5.05,5.03,5.03,1.0,9392.0,3
551,2014-12-03,4.13819344820317,4.154647497699,4.0806042749677305,4.154647497699,13558.97221875,5.03,0.0,5.05,4.96,5.05,1.0,11155.0,2
552,2014-12-02,4.14642047295108,4.17110154719484,4.01478807698438,4.154647497699,10668.49835625,5.04,0.0,5.07,4.88,5.05,1.0,8777.0,1
553,2014-12-01,4.15876101007296,4.18763786693816,4.10528534921149,4.14642047295108,46912.46371875,5.055,0.0,5.0901,4.99,5.04,1.0,38595.0,0
554,2014-11-28,4.187555596690681,4.1957826214386,4.13004869370273,4.1957826214386,7302.76155,5.09,0.0,5.1,5.0201,5.1,1.0,6008.0,4
555,2014-11-26,4.12173939870733,4.1957826214386,3.9078367552614397,3.9242908047572795,48202.11585,5.01,0.0,5.1,4.75,4.77,1.0,39656.0,2
556,2014-11-25,3.84202055727809,4.1957826214386,3.84202055727809,4.1957826214386,31610.4555375,4.67,0.0,5.1,4.67,5.1,1.0,26006.0,1
557,2014-11-24,4.11351237395941,4.25337179467403,4.0641502254719,4.2040096461865195,22479.5725875,5.0,0.0,5.17,4.94,5.11,1.0,18494.0,0
558,2014-11-21,4.24514476992611,4.25337179467403,4.17932857194276,4.25337179467403,1959.396075,5.16,0.0,5.17,5.08,5.17,1.0,1612.0,4
559,2014-11-20,4.23691774517819,4.26159881942195,4.1957826214386,4.26159881942195,1249.540425,5.15,0.0,5.18,5.1,5.18,1.0,1028.0,3
560,2014-11-19,4.22046369568235,4.29450691841362,4.13819344820317,4.23691774517819,10108.149975,5.13,0.0,5.22,5.03,5.15,1.0,8316.0,2
561,2014-11-18,4.27813513916526,4.31096096790946,4.187555596690681,4.31096096790946,4149.7383375,5.2001,0.0,5.24,5.09,5.24,1.0,3414.0,1
562,2014-11-17,4.31918799265738,4.39323121538865,4.154647497699,4.31918799265738,22796.81971875,5.25,0.0,5.34,5.05,5.25,1.0,18755.0,0
563,2014-11-14,4.26159881942195,4.40145824013657,4.187555596690681,4.23691774517819,45730.99164375,5.18,0.0,5.35,5.09,5.15,1.0,37623.0,4
564,2014-11-13,4.23691774517819,4.23691774517819,4.09705832446357,4.14642047295108,21548.4948,5.15,0.0,5.15,4.98,5.04,1.0,17728.0,3
565,2014-11-12,4.11351237395941,4.14642047295108,4.07352903368452,4.13819344820317,16189.32774375,5.0,0.0,5.04,4.9514,5.03,1.0,13319.0,2
566,2014-11-11,4.10528534921149,4.13819344820317,4.0641502254719,4.13819344820317,2781.0783,4.99,0.0,5.03,4.94,5.03,1.0,2288.0,1
567,2014-11-10,4.0641502254719,4.10528534921149,4.0641502254719,4.10528534921149,12480.818175,4.94,0.0,4.99,4.94,4.99,1.0,10268.0,0
568,2014-11-07,4.0806042749677305,4.10528534921149,4.0559232007239805,4.10528534921149,2139.291,4.96,0.0,4.99,4.93,4.99,1.0,1760.0,4
569,2014-11-06,4.08883129971565,4.11351237395941,4.03124212648022,4.03124212648022,3599.11400625,4.97,0.0,5.0,4.9,4.9,1.0,2961.0,3
570,2014-11-05,4.09705832446357,4.11351237395941,3.9242908047572795,4.11351237395941,22065.08495625,4.98,0.0,5.0,4.77,5.0,1.0,18153.0,2
571,2014-11-04,4.04769617597606,4.11351237395941,4.023097371979779,4.0723772502198194,14311.3705875,4.92,0.0,5.0,4.8901,4.95,1.0,11774.0,1
572,2014-11-03,4.11351237395941,4.11351237395941,4.04769617597606,4.08883129971565,17720.86561875,5.0,0.0,5.0,4.92,4.97,1.0,14579.0,0
573,2014-10-31,4.10528534921149,4.12173939870733,4.04769617597606,4.12173939870733,9286.46775,4.99,0.0,5.01,4.92,5.01,1.0,7640.0,4
574,2014-10-30,4.09705832446357,4.12173939870733,3.8749286562697596,3.8749286562697596,16736.30555625,4.98,0.0,5.01,4.71,4.71,1.0,13769.0,3
575,2014-10-29,4.0723772502198194,4.12173939870733,3.8749286562697596,4.12173939870733,27449.77764375,4.95,0.0,5.01,4.71,5.01,1.0,22583.0,2
576,2014-10-28,4.10528534921149,4.11351237395941,4.0723772502198194,4.0723772502198194,7805.9811375,4.99,0.0,5.0,4.95,4.95,1.0,6422.0,1
577,2014-10-27,4.0723772502198194,4.12173939870733,4.0723772502198194,4.10528534921149,7900.790625,4.95,0.0,5.01,4.95,4.99,1.0,6500.0,0
578,2014-10-24,4.09705832446357,4.13819344820317,4.0723772502198194,4.10528534921149,7297.899525,4.98,0.0,5.03,4.95,4.99,1.0,6004.0,4
579,2014-10-23,4.10528534921149,4.11351237395941,4.0641502254719,4.10520307896401,10901.87555625,4.99,0.0,5.0,4.94,4.9899,1.0,8969.0,3
580,2014-10-22,4.0723772502198194,4.10528534921149,4.0559232007239805,4.0723772502198194,9893.00536875,4.95,0.0,4.99,4.93,4.95,1.0,8139.0,2
581,2014-10-21,4.0641502254719,4.10528534921149,4.0230151017323,4.10528534921149,20305.03190625,4.94,0.0,4.99,4.89,4.99,1.0,16705.0,1
582,2014-10-20,4.0723772502198194,4.10528534921149,4.04769617597606,4.04769617597606,43583.1921,4.95,0.0,4.99,4.92,4.92,1.0,35856.0,0
583,2014-10-17,4.04769617597606,4.10528534921149,4.03946915122814,4.10528534921149,33011.93424375,4.92,0.0,4.99,4.91,4.99,1.0,27159.0,4
584,2014-10-16,4.08883129971565,4.10528534921149,3.9160637800093596,4.10528534921149,9209.89085625,4.97,0.0,4.99,4.76,4.99,1.0,7577.0,3
585,2014-10-15,4.10528534921149,4.38500419064073,4.04769617597606,4.3603231163969705,16391.10178125,4.99,0.0,5.33,4.92,5.3,1.0,13485.0,2
586,2014-10-14,4.0723772502198194,4.11351237395941,4.03124212648022,4.04769617597606,16512.65240625,4.95,0.0,5.0,4.9,4.92,1.0,13585.0,1
587,2014-10-13,4.04769617597606,4.0559232007239805,3.9325178295052003,4.0559232007239805,17094.8799,4.92,0.0,4.93,4.78,4.93,1.0,14064.0,0
588,2014-10-10,4.0559232007239805,4.0559232007239805,3.8584746067739304,4.0559232007239805,13055.75263125,4.93,0.0,4.93,4.69,4.93,1.0,10741.0,4
589,2014-10-09,4.0559232007239805,4.0559232007239805,4.03124212648022,4.0559232007239805,1644.57995625,4.93,0.0,4.93,4.9,4.93,1.0,1353.0,3
590,2014-10-08,4.0559232007239805,4.0559232007239805,3.99010700274063,3.99010700274063,6408.14895,4.93,0.0,4.93,4.85,4.85,1.0,5272.0,2
591,2014-10-07,4.0559232007239805,4.0723772502198194,3.99010700274063,3.99010700274063,9060.3835875,4.93,0.0,4.95,4.85,4.85,1.0,7454.0,1
592,2014-10-06,4.0559232007239805,4.0559232007239805,3.98187997799271,4.0230151017323,7909.29916875,4.93,0.0,4.93,4.84,4.89,1.0,6507.0,0
593,2014-10-03,4.04769617597606,4.0559232007239805,4.00730148446378,4.0559232007239805,6054.43663125,4.92,0.0,4.93,4.8709,4.93,1.0,4981.0,4
594,2014-10-02,4.03946915122814,4.0723772502198194,3.90865945773623,4.03979823221806,26507.7603,4.91,0.0,4.95,4.751,4.9104,1.0,21808.0,3
595,2014-10-01,4.0723772502198194,4.08883129971565,4.01487034723186,4.08883129971565,18109.82761875,4.95,0.0,4.97,4.8801,4.97,1.0,14899.0,2
596,2014-09-30,4.08883129971565,4.08883129971565,4.03124212648022,4.08883129971565,10095.9949125,4.97,0.0,4.97,4.9,4.97,1.0,8306.0,1
597,2014-09-29,4.0723772502198194,4.0806042749677305,3.99833402748855,3.99833402748855,16473.75620625,4.95,0.0,4.96,4.86,4.86,1.0,13553.0,0
598,2014-09-26,4.0806042749677305,4.0806042749677305,3.99833402748855,4.0806042749677305,11604.43816875,4.96,0.0,4.96,4.86,4.96,1.0,9547.0,4
599,2014-09-25,4.00656105223646,4.0806042749677305,3.99833402748855,4.0806042749677305,10374.34584375,4.87,0.0,4.96,4.86,4.96,1.0,8535.0,3
600,2014-09-24,4.0559232007239805,4.0641502254719,3.8749286562697596,4.01478807698438,11065.9689,4.93,0.0,4.94,4.71,4.88,1.0,9104.0,2
