,Unnamed: 0,adj_close,adj_high,adj_low,adj_open,adj_volume,close,ex_dividend,high,low,open,split_ratio,volume,Day of Week,Day
0,2017-02-10,16.98,17.0299,16.8798,16.96,43570.0,16.98,0.0,17.0299,16.8798,16.96,1.0,43570.0,4,10
1,2017-02-09,16.95,17.0,16.8625,16.98,32392.0,16.95,0.0,17.0,16.8625,16.98,1.0,32392.0,3,09
2,2017-02-08,16.94,17.03,16.86,17.03,33199.0,16.94,0.0,17.03,16.86,17.03,1.0,33199.0,2,08
3,2017-02-07,17.0,17.08,16.95,17.01,38562.0,17.0,0.0,17.08,16.95,17.01,1.0,38562.0,1,07
4,2017-02-06,16.91,16.96,16.8599,16.96,46921.0,16.91,0.0,16.96,16.8599,16.96,1.0,46921.0,0,06
5,2017-02-03,16.9501,16.9999,16.9,16.98,34135.0,16.9501,0.0,16.9999,16.9,16.98,1.0,34135.0,4,03
6,2017-02-02,16.95,16.95,16.75,16.89,29021.0,16.95,0.0,16.95,16.75,16.89,1.0,29021.0,3,02
7,2017-02-01,16.88,16.89,16.69,16.89,35001.0,16.88,0.0,16.89,16.69,16.89,1.0,35001.0,2,01
8,2017-01-31,16.8,16.82,16.57,16.82,31378.0,16.8,0.0,16.82,16.57,16.82,1.0,31378.0,1,31
9,2017-01-30,16.8,16.89,16.59,16.89,44738.0,16.8,0.0,16.89,16.59,16.89,1.0,44738.0,0,30
10,2017-01-27,16.88,16.99,16.87,16.99,29398.0,16.88,0.0,16.99,16.87,16.99,1.0,29398.0,4,27
11,2017-01-26,16.91,16.95,16.7718,16.94,36246.0,16.91,0.0,16.95,16.7718,16.94,1.0,36246.0,3,26
12,2017-01-25,16.84,16.85,16.75,16.85,58452.0,16.84,0.0,16.85,16.75,16.85,1.0,58452.0,2,25
13,2017-01-24,16.595,16.635,16.44,16.51,49355.0,16.595,0.0,16.635,16.44,16.51,1.0,49355.0,1,24
14,2017-01-23,16.42,16.42,16.2301,16.42,29599.0,16.42,0.0,16.42,16.2301,16.42,1.0,29599.0,0,23
15,2017-01-20,16.3347,16.39,16.2,16.2,53072.0,16.3347,0.0,16.39,16.2,16.2,1.0,53072.0,4,20
16,2017-01-19,16.14,16.36,16.13,16.36,26011.0,16.14,0.0,16.36,16.13,16.36,1.0,26011.0,3,19
17,2017-01-18,16.33,16.33,16.2,16.28,29176.0,16.33,0.0,16.33,16.2,16.28,1.0,29176.0,2,18
18,2017-01-17,16.17,16.44,16.17,16.44,24428.0,16.17,0.0,16.44,16.17,16.44,1.0,24428.0,1,17
19,2017-01-13,16.4,16.4474,16.27,16.3,21200.0,16.4,0.0,16.4474,16.27,16.3,1.0,21200.0,4,13
20,2017-01-12,16.0688,16.22,15.9,16.22,35291.0,16.0688,0.0,16.22,15.9,16.22,1.0,35291.0,3,12
21,2017-01-11,16.1101,16.17,15.98,16.13,95682.0,16.1101,0.0,16.17,15.98,16.13,1.0,95682.0,2,11
22,2017-01-10,15.97,16.01,15.8,15.8,15395.0,15.97,0.0,16.01,15.8,15.8,1.0,15395.0,1,10
23,2017-01-09,15.82,16.3,15.8,16.3,35738.0,15.82,0.0,16.3,15.8,16.3,1.0,35738.0,0,09
24,2017-01-06,15.83,15.88,15.75,15.88,20038.0,15.83,0.0,15.88,15.75,15.88,1.0,20038.0,4,06
25,2017-01-05,15.87,16.27,15.8,15.98,29058.0,15.87,0.0,16.27,15.8,15.98,1.0,29058.0,3,05
26,2017-01-04,15.89,15.89,15.75,15.81,31586.0,15.89,0.0,15.89,15.75,15.81,1.0,31586.0,2,04
27,2017-01-03,15.75,15.829,15.66,15.73,18640.0,15.75,0.0,15.829,15.66,15.73,1.0,18640.0,1,03
28,2016-12-30,15.61,15.97,15.6007,15.97,26044.0,15.61,0.0,15.97,15.6007,15.97,1.0,26044.0,4,30
29,2016-12-29,15.6337,15.81,15.6337,15.81,3310.0,15.6337,0.0,15.81,15.6337,15.81,1.0,3310.0,3,29
30,2016-12-28,15.69,15.93,15.66,15.93,47960.0,15.69,0.0,15.93,15.66,15.93,1.0,47960.0,2,28
31,2016-12-27,15.91,15.95,15.86,15.9,26406.0,15.91,0.0,15.95,15.86,15.9,1.0,26406.0,1,27
32,2016-12-23,15.85,15.86,15.7863,15.86,6379.0,15.85,0.0,15.86,15.7863,15.86,1.0,6379.0,4,23
33,2016-12-22,15.7759,15.9,15.7663,15.8764,11934.0,15.7759,0.0,15.9,15.7663,15.8764,1.0,11934.0,3,22
34,2016-12-21,15.88,15.9,15.8618,15.9,3226.0,15.88,0.0,15.9,15.8618,15.9,1.0,3226.0,2,21
35,2016-12-20,15.808,15.85,15.75,15.79,16938.0,15.808,0.0,15.85,15.75,15.79,1.0,16938.0,1,20
36,2016-12-19,15.71,15.87,15.7001,15.87,17890.0,15.71,0.0,15.87,15.7001,15.87,1.0,17890.0,0,19
37,2016-12-16,15.67,15.9,15.65,15.9,17927.0,15.67,0.0,15.9,15.65,15.9,1.0,17927.0,4,16
38,2016-12-15,15.77,15.83,15.6535,15.72,13781.0,15.77,0.0,15.83,15.6535,15.72,1.0,13781.0,3,15
39,2016-12-14,15.63,15.91,15.6,15.91,28291.0,15.63,0.0,15.91,15.6,15.91,1.0,28291.0,2,14
40,2016-12-13,15.85,16.0,15.81,16.0,60758.0,15.85,0.0,16.0,15.81,16.0,1.0,60758.0,1,13
41,2016-12-12,15.69,15.88,15.62,15.88,24118.0,15.69,0.0,15.88,15.62,15.88,1.0,24118.0,0,12
42,2016-12-09,15.81,16.67,15.7747,16.67,46404.0,15.81,0.0,16.67,15.7747,16.67,1.0,46404.0,4,09
43,2016-12-08,15.9,15.91,15.74,15.89,13357.0,15.9,0.0,15.91,15.74,15.89,1.0,13357.0,3,08
44,2016-12-07,15.83,15.83,15.56,15.67,18379.0,15.83,0.0,15.83,15.56,15.67,1.0,18379.0,2,07
45,2016-12-06,15.62,15.84,15.5334,15.73,23348.0,15.62,0.0,15.84,15.5334,15.73,1.0,23348.0,1,06
46,2016-12-05,15.54,15.5692,15.3941,15.53,10020.0,15.54,0.0,15.5692,15.3941,15.53,1.0,10020.0,0,05
47,2016-12-02,15.35,15.35,15.3,15.3,4683.0,15.35,0.0,15.35,15.3,15.3,1.0,4683.0,4,02
48,2016-12-01,15.3,15.82,15.3,15.82,21125.0,15.3,0.0,15.82,15.3,15.82,1.0,21125.0,3,01
49,2016-11-30,15.65,15.7,15.5523,15.7,8875.0,15.65,0.0,15.7,15.5523,15.7,1.0,8875.0,2,30
50,2016-11-29,15.66,15.79,15.6366,15.79,11136.0,15.66,0.0,15.79,15.6366,15.79,1.0,11136.0,1,29
51,2016-11-28,15.68,15.85,15.61,15.85,19606.0,15.68,0.0,15.85,15.61,15.85,1.0,19606.0,0,28
52,2016-11-25,15.77,15.98,15.68,15.68,5049.0,15.77,0.0,15.98,15.68,15.68,1.0,5049.0,4,25
53,2016-11-23,15.79,15.79,15.63,15.72,13218.0,15.79,0.0,15.79,15.63,15.72,1.0,13218.0,2,23
54,2016-11-22,15.72,15.74,15.62,15.74,12843.0,15.72,0.0,15.74,15.62,15.74,1.0,12843.0,1,22
55,2016-11-21,15.586,15.6244,15.508,15.53,8553.0,15.586,0.0,15.6244,15.508,15.53,1.0,8553.0,0,21
56,2016-11-18,15.53,15.53,15.4498,15.53,9975.0,15.53,0.0,15.53,15.4498,15.53,1.0,9975.0,4,18
57,2016-11-17,15.4891,15.53,15.41,15.53,7754.0,15.4891,0.0,15.53,15.41,15.53,1.0,7754.0,3,17
58,2016-11-16,15.44,15.53,15.3928,15.53,6846.0,15.44,0.0,15.53,15.3928,15.53,1.0,6846.0,2,16
59,2016-11-15,15.4867,15.53,15.39,15.53,8900.0,15.4867,0.0,15.53,15.39,15.53,1.0,8900.0,1,15
60,2016-11-14,15.3548,15.44,15.2601,15.44,12023.0,15.3548,0.0,15.44,15.2601,15.44,1.0,12023.0,0,14
61,2016-11-11,15.1201,15.1201,15.075,15.0851,5562.0,15.1201,0.0,15.1201,15.075,15.0851,1.0,5562.0,4,11
62,2016-11-10,15.12,15.3371,14.9001,15.3371,9264.0,15.12,0.0,15.3371,14.9001,15.3371,1.0,9264.0,3,10
63,2016-11-09,15.0869,15.0869,14.88,15.03,9997.0,15.0869,0.0,15.0869,14.88,15.03,1.0,9997.0,2,09
64,2016-11-08,14.995,15.08,14.85,15.03,7172.0,14.995,0.0,15.08,14.85,15.03,1.0,7172.0,1,08
65,2016-11-07,14.9499,14.95,14.9132,14.95,924.0,14.9499,0.0,14.95,14.9132,14.95,1.0,924.0,0,07
66,2016-11-04,14.6395,14.7,14.49,14.49,2447.0,14.6395,0.0,14.7,14.49,14.49,1.0,2447.0,4,04
67,2016-11-03,14.6552,14.85,14.6,14.85,4798.0,14.6552,0.0,14.85,14.6,14.85,1.0,4798.0,3,03
68,2016-11-02,14.7648,15.07,14.527,15.07,10181.0,14.7648,0.0,15.07,14.527,15.07,1.0,10181.0,2,02
69,2016-11-01,15.039,15.15,14.89,15.15,4049.0,15.039,0.0,15.15,14.89,15.15,1.0,4049.0,1,01
70,2016-10-31,15.08,15.08,14.86,14.86,1683.0,15.08,0.0,15.08,14.86,14.86,1.0,1683.0,0,31
71,2016-10-28,14.9,14.97,14.9,14.94,3195.0,14.9,0.0,14.97,14.9,14.94,1.0,3195.0,4,28
72,2016-10-27,14.73,14.91,14.73,14.91,8835.0,14.73,0.0,14.91,14.73,14.91,1.0,8835.0,3,27
73,2016-10-26,14.93,15.05,14.88,15.05,11883.0,14.93,0.0,15.05,14.88,15.05,1.0,11883.0,2,26
74,2016-10-25,14.99,15.07,14.9276,15.07,9009.0,14.99,0.0,15.07,14.9276,15.07,1.0,9009.0,1,25
75,2016-10-24,15.006,15.15,15.0,15.15,26598.0,15.006,0.0,15.15,15.0,15.15,1.0,26598.0,0,24
76,2016-10-21,14.9996,15.08,14.9,15.08,14161.0,14.9996,0.0,15.08,14.9,15.08,1.0,14161.0,4,21
77,2016-10-20,15.05,15.05,14.95,15.0075,1391.0,15.05,0.0,15.05,14.95,15.0075,1.0,1391.0,3,20
78,2016-10-19,15.06,15.07,14.97,15.06,6019.0,15.06,0.0,15.07,14.97,15.06,1.0,6019.0,2,19
79,2016-10-18,15.01,15.12,14.984,15.12,4547.0,15.01,0.0,15.12,14.984,15.12,1.0,4547.0,1,18
80,2016-10-17,14.9303,15.01,14.92,15.01,10745.0,14.9303,0.0,15.01,14.92,15.01,1.0,10745.0,0,17
81,2016-10-14,14.88,15.0599,14.88,15.0599,16028.0,14.88,0.0,15.0599,14.88,15.0599,1.0,16028.0,4,14
82,2016-10-13,14.98,15.01,14.8296,15.01,10577.0,14.98,0.0,15.01,14.8296,15.01,1.0,10577.0,3,13
83,2016-10-12,15.05,15.14,15.0,15.14,16159.0,15.05,0.0,15.14,15.0,15.14,1.0,16159.0,2,12
84,2016-10-11,15.14,15.45,15.048,15.45,14829.0,15.14,0.0,15.45,15.048,15.45,1.0,14829.0,1,11
85,2016-10-10,15.5,15.66,15.5,15.66,8379.0,15.5,0.0,15.66,15.5,15.66,1.0,8379.0,0,10
86,2016-10-07,15.54,15.68,15.405,15.68,7156.0,15.54,0.0,15.68,15.405,15.68,1.0,7156.0,4,07
87,2016-10-06,15.65,15.65,15.526,15.63,2770.0,15.65,0.0,15.65,15.526,15.63,1.0,2770.0,3,06
88,2016-10-05,15.61,15.665,15.55,15.5688,17060.0,15.61,0.0,15.665,15.55,15.5688,1.0,17060.0,2,05
89,2016-10-04,15.4533,15.66,15.45,15.66,13754.0,15.4533,0.0,15.66,15.45,15.66,1.0,13754.0,1,04
90,2016-10-03,15.51,15.74,15.51,15.74,9273.0,15.51,0.0,15.74,15.51,15.74,1.0,9273.0,0,03
91,2016-09-30,15.64,15.7,15.4601,15.54,6571.0,15.64,0.0,15.7,15.4601,15.54,1.0,6571.0,4,30
92,2016-09-29,15.22,15.4464,15.22,15.4464,3365.0,15.22,0.0,15.4464,15.22,15.4464,1.0,3365.0,3,29
93,2016-09-28,15.5,15.53,15.3853,15.51,11158.0,15.5,0.0,15.53,15.3853,15.51,1.0,11158.0,2,28
94,2016-09-27,15.4136,15.44,15.3003,15.34,7608.0,15.4136,0.0,15.44,15.3003,15.34,1.0,7608.0,1,27
95,2016-09-26,15.29,15.43,15.257,15.43,10949.0,15.29,0.0,15.43,15.257,15.43,1.0,10949.0,0,26
96,2016-09-23,15.4655,15.64,15.4259,15.64,9128.0,15.4655,0.0,15.64,15.4259,15.64,1.0,9128.0,4,23
97,2016-09-22,15.64,15.64,15.51,15.59,35881.0,15.64,0.0,15.64,15.51,15.59,1.0,35881.0,3,22
98,2016-09-21,15.3228,15.38,15.23,15.38,10033.0,15.3228,0.0,15.38,15.23,15.38,1.0,10033.0,2,21
99,2016-09-20,16.27,16.27,15.15,15.39,4791.0,16.27,0.0,16.27,15.15,15.39,1.0,4791.0,1,20
100,2016-09-19,15.23,15.38,15.2,15.34,18760.0,15.23,0.0,15.38,15.2,15.34,1.0,18760.0,0,19
101,2016-09-16,15.191,15.2499,15.165,15.2499,3593.0,15.191,0.0,15.2499,15.165,15.2499,1.0,3593.0,4,16
