,Unnamed: 0,adj_close,adj_high,adj_low,adj_open,adj_volume,close,ex_dividend,high,low,open,split_ratio,volume,Day of Week
0,2017-02-10,26.04,26.04,26.03,26.03,801.0,26.04,0.0,26.04,26.03,26.03,1.0,801.0,4
1,2017-02-09,26.0,26.05,25.88,25.94,8050.0,26.0,0.0,26.05,25.88,25.94,1.0,8050.0,3
2,2017-02-08,25.73,26.18,25.5244,26.18,2793.0,25.73,0.0,26.18,25.5244,26.18,1.0,2793.0,2
3,2017-02-07,25.59,26.35,25.56,26.35,6646.0,25.59,0.0,26.35,25.56,26.35,1.0,6646.0,1
4,2017-02-06,25.5837,25.5837,25.5177,25.52,4186.0,25.5837,0.0,25.5837,25.5177,25.52,1.0,4186.0,0
5,2017-02-03,25.538,25.538,25.42,25.43,1754.0,25.538,0.0,25.538,25.42,25.43,1.0,1754.0,4
6,2017-02-02,25.3,25.3,25.23,25.23,3132.0,25.3,0.0,25.3,25.23,25.23,1.0,3132.0,3
7,2017-02-01,25.17,25.35,25.14,25.32,6250.0,25.17,0.0,25.35,25.14,25.32,1.0,6250.0,2
8,2017-01-31,25.19,25.19,25.0383,25.085,6816.0,25.19,0.0,25.19,25.0383,25.085,1.0,6816.0,1
9,2017-01-30,25.16,25.2,24.9263,25.2,6634.0,25.16,0.0,25.2,24.9263,25.2,1.0,6634.0,0
10,2017-01-27,25.39,26.02,25.39,26.02,1275.0,25.39,0.0,26.02,25.39,26.02,1.0,1275.0,4
11,2017-01-26,25.39,26.01,25.37,26.01,6595.0,25.39,0.0,26.01,25.37,26.01,1.0,6595.0,3
12,2017-01-25,25.3,25.91,25.28,25.91,11660.0,25.3,0.0,25.91,25.28,25.91,1.0,11660.0,2
13,2017-01-24,25.21,25.24,25.0397,25.0397,12479.0,25.21,0.0,25.24,25.0397,25.0397,1.0,12479.0,1
14,2017-01-23,24.95,25.03,24.87,25.03,11853.0,24.95,0.0,25.03,24.87,25.03,1.0,11853.0,0
15,2017-01-20,24.99,25.07,24.9744,25.0501,11028.0,24.99,0.0,25.07,24.9744,25.0501,1.0,11028.0,4
16,2017-01-19,24.96,25.11,24.9059,25.11,3950.0,24.96,0.0,25.11,24.9059,25.11,1.0,3950.0,3
17,2017-01-18,25.04,25.0699,25.0,25.02,1452.0,25.04,0.0,25.0699,25.0,25.02,1.0,1452.0,2
18,2017-01-17,24.91,25.1,24.91,25.1,2801.0,24.91,0.0,25.1,24.91,25.1,1.0,2801.0,1
19,2017-01-13,25.1243,25.65,25.1243,25.65,4294.0,25.1243,0.0,25.65,25.1243,25.65,1.0,4294.0,4
20,2017-01-12,25.026999999999997,25.14,24.8927,28.87,4383.0,25.026999999999997,0.0,25.14,24.8927,28.87,1.0,4383.0,3
21,2017-01-11,25.11,25.118000000000002,25.0852,25.1,900.0,25.11,0.0,25.118000000000002,25.0852,25.1,1.0,900.0,2
22,2017-01-10,25.07,25.12,25.01,25.06,5556.0,25.07,0.0,25.12,25.01,25.06,1.0,5556.0,1
