,Unnamed: 0,adj_close,adj_high,adj_low,adj_open,adj_volume,close,ex_dividend,high,low,open,split_ratio,volume,Day of Week,Day
0,2017-02-10,0.2415,0.2415,0.2415,0.2415,88.0,0.2415,0.0,0.2415,0.2415,0.2415,1.0,88.0,4,10
1,2017-02-09,0.2415,0.2852,0.21,0.21,5665.0,0.2415,0.0,0.2852,0.21,0.21,1.0,5665.0,3,09
2,2017-02-08,0.2991,0.3015,0.2867,0.2872,2985.0,0.2991,0.0,0.3015,0.2867,0.2872,1.0,2985.0,2,08
3,2017-02-07,0.2997,0.3206,0.2855,0.3206,4542.0,0.2997,0.0,0.3206,0.2855,0.3206,1.0,4542.0,1,07
4,2017-02-06,0.31,0.3635,0.3005,0.315,23312.0,0.31,0.0,0.3635,0.3005,0.315,1.0,23312.0,0,06
5,2017-02-03,0.3,0.4464,0.2839,0.4445,16095.0,0.3,0.0,0.4464,0.2839,0.4445,1.0,16095.0,4,03
6,2017-02-02,0.4234,0.5,0.3763,0.4229,8022.0,0.4234,0.0,0.5,0.3763,0.4229,1.0,8022.0,3,02
7,2017-02-01,0.4,0.4,0.3,0.4,1742.0,0.4,0.0,0.4,0.3,0.4,1.0,1742.0,2,01
8,2017-01-31,0.3,0.36,0.3,0.353,1571.0,0.3,0.0,0.36,0.3,0.353,1.0,1571.0,1,31
9,2017-01-30,0.3322,0.5,0.2,0.5,7776.0,0.3322,0.0,0.5,0.2,0.5,1.0,7776.0,0,30
10,2017-01-27,0.42,0.42,0.3,0.36,9930.0,0.42,0.0,0.42,0.3,0.36,1.0,9930.0,4,27
11,2017-01-26,0.34,0.5,0.34,0.5,3135.0,0.34,0.0,0.5,0.34,0.5,1.0,3135.0,3,26
12,2017-01-24,0.4,0.4,0.4,0.4,10.0,0.4,0.0,0.4,0.4,0.4,1.0,10.0,1,24
13,2017-01-19,0.4,0.4,0.4,0.4,70.0,0.4,0.0,0.4,0.4,0.4,1.0,70.0,3,19
14,2017-01-18,0.4,0.4,0.4,0.4,87.0,0.4,0.0,0.4,0.4,0.4,1.0,87.0,2,18
15,2017-01-17,0.4,0.4,0.4,0.4,7.0,0.4,0.0,0.4,0.4,0.4,1.0,7.0,1,17
16,2017-01-13,0.4,0.4936,0.34,0.47,2054.0,0.4,0.0,0.4936,0.34,0.47,1.0,2054.0,4,13
17,2017-01-12,0.49,0.49,0.49,0.49,158.0,0.49,0.0,0.49,0.49,0.49,1.0,158.0,3,12
18,2017-01-11,0.49,0.49,0.49,0.49,104.0,0.49,0.0,0.49,0.49,0.49,1.0,104.0,2,11
19,2017-01-10,0.49,0.49,0.48,0.48,651.0,0.49,0.0,0.49,0.48,0.48,1.0,651.0,1,10
20,2017-01-09,0.45,0.5835,0.3,0.34,6294.0,0.45,0.0,0.5835,0.3,0.34,1.0,6294.0,0,09
21,2017-01-06,0.32,0.32,0.32,0.32,60.0,0.32,0.0,0.32,0.32,0.32,1.0,60.0,4,06
22,2017-01-05,0.32,0.32,0.32,0.32,460.0,0.32,0.0,0.32,0.32,0.32,1.0,460.0,3,05
23,2017-01-04,0.32,0.5,0.32,0.5,908.0,0.32,0.0,0.5,0.32,0.5,1.0,908.0,2,04
24,2017-01-03,0.29,0.39,0.29,0.36,2680.0,0.29,0.0,0.39,0.29,0.36,1.0,2680.0,1,03
25,2016-12-30,0.55,0.55,0.55,0.55,201.0,0.55,0.0,0.55,0.55,0.55,1.0,201.0,4,30
26,2016-12-29,0.55,0.55,0.55,0.55,22.0,0.55,0.0,0.55,0.55,0.55,1.0,22.0,3,29
27,2016-12-28,0.55,0.55,0.55,0.55,600.0,0.55,0.0,0.55,0.55,0.55,1.0,600.0,2,28
28,2016-12-27,0.55,0.5883,0.55,0.55,1130.0,0.55,0.0,0.5883,0.55,0.55,1.0,1130.0,1,27
29,2016-12-23,0.55,0.55,0.34,0.35,1001.0,0.55,0.0,0.55,0.34,0.35,1.0,1001.0,4,23
30,2016-12-22,0.312,0.312,0.312,0.312,4.0,0.312,0.0,0.312,0.312,0.312,1.0,4.0,3,22
31,2016-12-21,0.312,0.312,0.312,0.312,3.0,0.312,0.0,0.312,0.312,0.312,1.0,3.0,2,21
32,2016-12-20,0.312,0.35,0.3,0.35,820.0,0.312,0.0,0.35,0.3,0.35,1.0,820.0,1,20
33,2016-12-19,0.7,0.7,0.5553,0.5553,7658.0,0.7,0.0,0.7,0.5553,0.5553,1.0,7658.0,0,19
34,2016-12-16,0.55,0.6,0.535,0.535,2784.0,0.55,0.0,0.6,0.535,0.535,1.0,2784.0,4,16
35,2016-12-15,0.5,0.5,0.5,0.5,208.0,0.5,0.0,0.5,0.5,0.5,1.0,208.0,3,15
36,2016-12-14,0.367,0.367,0.367,0.367,136.0,0.367,0.0,0.367,0.367,0.367,1.0,136.0,2,14
37,2016-12-13,0.45,0.45,0.45,0.45,188.0,0.45,0.0,0.45,0.45,0.45,1.0,188.0,1,13
38,2016-12-12,0.5,0.6877,0.35,0.35,10395.0,0.5,0.0,0.6877,0.35,0.35,1.0,10395.0,0,12
39,2016-12-09,0.355,0.4,0.28,0.4,2060.0,0.355,0.0,0.4,0.28,0.4,1.0,2060.0,4,09
40,2016-12-08,0.4497,0.4497,0.4497,0.4497,567.0,0.4497,0.0,0.4497,0.4497,0.4497,1.0,567.0,3,08
41,2016-12-07,0.34,0.46,0.3314,0.46,3984.0,0.34,0.0,0.46,0.3314,0.46,1.0,3984.0,2,07
42,2016-12-06,0.495,0.495,0.495,0.495,150.0,0.495,0.0,0.495,0.495,0.495,1.0,150.0,1,06
43,2016-12-02,0.3521,0.4599,0.3521,0.4599,1510.0,0.3521,0.0,0.4599,0.3521,0.4599,1.0,1510.0,4,02
44,2016-11-30,0.5698,0.5698,0.5698,0.5698,649.0,0.5698,0.0,0.5698,0.5698,0.5698,1.0,649.0,2,30
45,2016-11-29,0.5698,0.5698,0.5698,0.5698,0.0,0.5698,0.0,0.5698,0.5698,0.5698,1.0,0.0,1,29
46,2016-11-28,0.5698,0.5698,0.5698,0.5698,0.0,0.5698,0.0,0.5698,0.5698,0.5698,1.0,0.0,0,28
47,2016-11-25,0.5698,0.5698,0.5698,0.5698,0.0,0.5698,0.0,0.5698,0.5698,0.5698,1.0,0.0,4,25
48,2016-11-23,0.5698,0.5698,0.5698,0.5698,0.0,0.5698,0.0,0.5698,0.5698,0.5698,1.0,0.0,2,23
49,2016-11-22,0.5698,0.5698,0.4623,0.5698,1259.0,0.5698,0.0,0.5698,0.4623,0.5698,1.0,1259.0,1,22
50,2016-11-21,0.74,0.74,0.74,0.74,0.0,0.74,0.0,0.74,0.74,0.74,1.0,0.0,0,21
51,2016-11-18,0.74,0.74,0.74,0.74,225.0,0.74,0.0,0.74,0.74,0.74,1.0,225.0,4,18
52,2016-11-17,0.75,0.75,0.75,0.75,2075.0,0.75,0.0,0.75,0.75,0.75,1.0,2075.0,3,17
53,2016-11-16,1.0,1.0,1.0,1.0,0.0,1.0,0.0,1.0,1.0,1.0,1.0,0.0,2,16
54,2016-11-15,1.0,1.0,1.0,1.0,41.0,1.0,0.0,1.0,1.0,1.0,1.0,41.0,1,15
55,2016-11-14,1.0,1.0403,0.87,1.0403,4194.0,1.0,0.0,1.0403,0.87,1.0403,1.0,4194.0,0,14
56,2016-11-11,1.02,1.02,1.02,1.02,1.0,1.02,0.0,1.02,1.02,1.02,1.0,1.0,4,11
57,2016-11-10,1.02,1.02,1.02,1.02,412.0,1.02,0.0,1.02,1.02,1.02,1.0,412.0,3,10
58,2016-11-09,1.0,1.0,1.0,1.0,0.0,1.0,0.0,1.0,1.0,1.0,1.0,0.0,2,09
59,2016-11-08,1.0,1.0,1.0,1.0,15.0,1.0,0.0,1.0,1.0,1.0,1.0,15.0,1,08
60,2016-11-07,1.0,1.0,1.0,1.0,6.0,1.0,0.0,1.0,1.0,1.0,1.0,6.0,0,07
61,2016-11-04,1.0,1.0,0.99,0.99,424.0,1.0,0.0,1.0,0.99,0.99,1.0,424.0,4,04
62,2016-11-03,1.34,1.34,1.34,1.34,29.0,1.34,0.0,1.34,1.34,1.34,1.0,29.0,3,03
63,2016-11-02,1.34,1.34,0.75,0.75,635.0,1.34,0.0,1.34,0.75,0.75,1.0,635.0,2,02
64,2016-11-01,1.5,1.5,1.5,1.5,8.0,1.5,0.0,1.5,1.5,1.5,1.0,8.0,1,01
65,2016-10-31,1.5,1.5,1.5,1.5,259.0,1.5,0.0,1.5,1.5,1.5,1.0,259.0,0,31
66,2016-10-28,1.5,1.5,1.05,1.05,13544.0,1.5,0.0,1.5,1.05,1.05,1.0,13544.0,4,28
67,2016-10-27,0.966,0.966,0.92,0.92,997.0,0.966,0.0,0.966,0.92,0.92,1.0,997.0,3,27
68,2016-10-26,0.95,1.03,0.9,1.03,4488.0,0.95,0.0,1.03,0.9,1.03,1.0,4488.0,2,26
69,2016-10-25,1.11,1.28,1.109,1.109,2053.0,1.11,0.0,1.28,1.109,1.109,1.0,2053.0,1,25
70,2016-10-24,1.25,1.252,1.25,1.252,679.0,1.25,0.0,1.252,1.25,1.252,1.0,679.0,0,24
71,2016-10-21,1.24,1.5,0.9101,1.46,12959.0,1.24,0.0,1.5,0.9101,1.46,1.0,12959.0,4,21
72,2016-10-20,1.17,1.17,1.17,1.17,150.0,1.17,0.0,1.17,1.17,1.17,1.0,150.0,3,20
73,2016-10-19,1.19,1.3,0.92,1.3,4420.0,1.19,0.0,1.3,0.92,1.3,1.0,4420.0,2,19
74,2016-10-18,1.31,1.31,1.31,1.31,53.0,1.31,0.0,1.31,1.31,1.31,1.0,53.0,1,18
75,2016-10-17,1.31,1.31,1.31,1.31,0.0,1.31,0.0,1.31,1.31,1.31,1.0,0.0,0,17
76,2016-10-14,1.31,1.31,1.31,1.31,30.0,1.31,0.0,1.31,1.31,1.31,1.0,30.0,4,14
77,2016-10-13,1.31,1.31,1.31,1.31,5.0,1.31,0.0,1.31,1.31,1.31,1.0,5.0,3,13
78,2016-10-12,1.31,1.31,1.31,1.31,3.0,1.31,0.0,1.31,1.31,1.31,1.0,3.0,2,12
79,2016-10-11,1.31,1.599,1.31,1.32,1000.0,1.31,0.0,1.599,1.31,1.32,1.0,1000.0,1,11
80,2016-10-10,1.4235,1.4235,1.4235,1.4235,0.0,1.4235,0.0,1.4235,1.4235,1.4235,1.0,0.0,0,10
81,2016-10-07,1.4235,1.4235,1.4235,1.4235,6.0,1.4235,0.0,1.4235,1.4235,1.4235,1.0,6.0,4,07
82,2016-10-06,1.4235,1.4235,1.4235,1.4235,5.0,1.4235,0.0,1.4235,1.4235,1.4235,1.0,5.0,3,06
83,2016-10-05,1.4235,1.4235,1.4235,1.4235,0.0,1.4235,0.0,1.4235,1.4235,1.4235,1.0,0.0,2,05
84,2016-10-04,1.4235,1.4235,1.4235,1.4235,405.0,1.4235,0.0,1.4235,1.4235,1.4235,1.0,405.0,1,04
85,2016-10-03,1.31,1.31,1.31,1.31,105.0,1.31,0.0,1.31,1.31,1.31,1.0,105.0,0,03
86,2016-09-30,1.31,1.31,1.31,1.31,106.0,1.31,0.0,1.31,1.31,1.31,1.0,106.0,4,30
87,2016-09-29,1.45,1.45,1.45,1.45,0.0,1.45,0.0,1.45,1.45,1.45,1.0,0.0,3,29
88,2016-09-28,1.45,1.45,1.45,1.45,3.0,1.45,0.0,1.45,1.45,1.45,1.0,3.0,2,28
89,2016-09-27,1.45,1.45,1.45,1.45,3.0,1.45,0.0,1.45,1.45,1.45,1.0,3.0,1,27
90,2016-09-26,1.45,1.45,1.45,1.45,35.0,1.45,0.0,1.45,1.45,1.45,1.0,35.0,0,26
91,2016-09-23,1.45,1.45,1.45,1.45,295.0,1.45,0.0,1.45,1.45,1.45,1.0,295.0,4,23
92,2016-09-22,1.45,1.45,1.45,1.45,0.0,1.45,0.0,1.45,1.45,1.45,1.0,0.0,3,22
93,2016-09-21,1.45,1.45,1.45,1.45,0.0,1.45,0.0,1.45,1.45,1.45,1.0,0.0,2,21
94,2016-09-20,1.45,1.45,1.45,1.45,0.0,1.45,0.0,1.45,1.45,1.45,1.0,0.0,1,20
95,2016-09-19,1.45,1.45,1.3001,1.45,2300.0,1.45,0.0,1.45,1.3001,1.45,1.0,2300.0,0,19
96,2016-09-16,1.5,1.5,1.5,1.5,605.0,1.5,0.0,1.5,1.5,1.5,1.0,605.0,4,16
97,2016-09-15,1.5,1.5,1.5,1.5,0.0,1.5,0.0,1.5,1.5,1.5,1.0,0.0,3,15
98,2016-09-14,1.5,1.5,1.5,1.5,13.0,1.5,0.0,1.5,1.5,1.5,1.0,13.0,2,14
99,2016-09-13,1.5,1.5,1.5,1.5,0.0,1.5,0.0,1.5,1.5,1.5,1.0,0.0,1,13
100,2016-09-12,1.5,1.5,1.5,1.5,195.0,1.5,0.0,1.5,1.5,1.5,1.0,195.0,0,12
101,2016-09-09,1.5,1.5,1.5,1.5,186.0,1.5,0.0,1.5,1.5,1.5,1.0,186.0,4,09
102,2016-09-08,1.5,1.5,1.5,1.5,70.0,1.5,0.0,1.5,1.5,1.5,1.0,70.0,3,08
103,2016-09-07,1.5,1.5,1.31,1.31,1717.0,1.5,0.0,1.5,1.31,1.31,1.0,1717.0,2,07
104,2016-09-06,1.8,1.8,1.8,1.8,20.0,1.8,0.0,1.8,1.8,1.8,1.0,20.0,1,06
105,2016-09-02,1.8,1.8,1.8,1.8,12.0,1.8,0.0,1.8,1.8,1.8,1.0,12.0,4,02
106,2016-09-01,1.8,2.141,1.8,1.8,1770.0,1.8,0.0,2.141,1.8,1.8,1.0,1770.0,3,01
107,2016-08-31,1.5,1.95,1.29,1.75,2289.0,1.5,0.0,1.95,1.29,1.75,1.0,2289.0,2,31
108,2016-08-30,1.75,1.75,1.75,1.75,0.0,1.75,0.0,1.75,1.75,1.75,1.0,0.0,1,30
109,2016-08-29,1.75,1.75,1.75,1.75,8.0,1.75,0.0,1.75,1.75,1.75,1.0,8.0,0,29
110,2016-08-26,1.75,1.75,1.75,1.75,87.0,1.75,0.0,1.75,1.75,1.75,1.0,87.0,4,26
111,2016-08-25,1.75,1.77,1.75,1.77,2137.0,1.75,0.0,1.77,1.75,1.77,1.0,2137.0,3,25
112,2016-08-24,1.8171,1.8171,1.8171,1.8171,0.0,1.8171,0.0,1.8171,1.8171,1.8171,1.0,0.0,2,24
113,2016-08-23,1.8171,2.13,1.8171,1.85,2101.0,1.8171,0.0,2.13,1.8171,1.85,1.0,2101.0,1,23
114,2016-08-22,1.85,1.85,1.85,1.85,0.0,1.85,0.0,1.85,1.85,1.85,1.0,0.0,0,22
115,2016-08-19,1.85,1.85,1.85,1.85,309.0,1.85,0.0,1.85,1.85,1.85,1.0,309.0,4,19
116,2016-08-18,1.9,1.9,1.9,1.9,0.0,1.9,0.0,1.9,1.9,1.9,1.0,0.0,3,18
117,2016-08-17,1.9,2.0001,1.85,2.0,2503.0,1.9,0.0,2.0001,1.85,2.0,1.0,2503.0,2,17
118,2016-08-16,1.9681,1.9681,1.9681,1.9681,25.0,1.9681,0.0,1.9681,1.9681,1.9681,1.0,25.0,1,16
119,2016-08-15,1.9681,2.07,1.87,1.98,1446.0,1.9681,0.0,2.07,1.87,1.98,1.0,1446.0,0,15
120,2016-08-12,1.86,1.86,1.86,1.86,524.0,1.86,0.0,1.86,1.86,1.86,1.0,524.0,4,12
121,2016-08-11,1.86,2.29,1.55,1.55,4194.0,1.86,0.0,2.29,1.55,1.55,1.0,4194.0,3,11
122,2016-08-10,1.89,1.91,1.4364,1.8,3258.0,1.89,0.0,1.91,1.4364,1.8,1.0,3258.0,2,10
123,2016-08-09,2.3,2.3,2.3,2.3,260.0,2.3,0.0,2.3,2.3,2.3,1.0,260.0,1,09
124,2016-08-08,2.0601,2.0601,2.0601,2.0601,0.0,2.0601,0.0,2.0601,2.0601,2.0601,1.0,0.0,0,08
125,2016-08-05,2.0601,2.0601,2.0601,2.0601,1030.0,2.0601,0.0,2.0601,2.0601,2.0601,1.0,1030.0,4,05
126,2016-08-04,2.1176,2.1176,2.06,2.06,293.0,2.1176,0.0,2.1176,2.06,2.06,1.0,293.0,3,04
127,2016-08-03,2.028,2.028,2.028,2.028,292.0,2.028,0.0,2.028,2.028,2.028,1.0,292.0,2,03
128,2016-08-02,2.3,2.3,1.8,1.82,2025.0,2.3,0.0,2.3,1.8,1.82,1.0,2025.0,1,02
129,2016-08-01,2.25,2.25,2.15,2.187,4977.0,2.25,0.0,2.25,2.15,2.187,1.0,4977.0,0,01
130,2016-07-29,2.187,2.187,2.187,2.187,505.0,2.187,0.0,2.187,2.187,2.187,1.0,505.0,4,29
131,2016-07-28,2.16,2.25,1.3,2.1,3678.0,2.16,0.0,2.25,1.3,2.1,1.0,3678.0,3,28
132,2016-07-27,2.31,2.35,2.1,2.1637,2496.0,2.31,0.0,2.35,2.1,2.1637,1.0,2496.0,2,27
133,2016-07-26,2.05,2.359,1.67,2.05,10280.0,2.05,0.0,2.359,1.67,2.05,1.0,10280.0,1,26
134,2016-07-25,2.2,2.2,2.05,2.05,464.0,2.2,0.0,2.2,2.05,2.05,1.0,464.0,0,25
135,2016-07-22,2.36,2.36,2.01,2.2275,16679.0,2.36,0.0,2.36,2.01,2.2275,1.0,16679.0,4,22
136,2016-07-21,2.0983,2.38,2.01,2.35,4126.0,2.0983,0.0,2.38,2.01,2.35,1.0,4126.0,3,21
137,2016-07-20,2.037,2.3411,2.0,2.2,7788.0,2.037,0.0,2.3411,2.0,2.2,1.0,7788.0,2,20
138,2016-07-19,2.35,2.9999,2.04,2.49,10554.0,2.35,0.0,2.9999,2.04,2.49,1.0,10554.0,1,19
139,2016-07-18,2.48,3.5,2.0,2.0,20944.0,2.48,0.0,3.5,2.0,2.0,1.0,20944.0,0,18
140,2016-07-15,2.5248,3.0,1.05,2.0,68967.0,2.5248,0.0,3.0,1.05,2.0,1.0,68967.0,4,15
141,2016-07-14,3.1201,4.05,3.1191,3.85,63849.0,3.1201,0.0,4.05,3.1191,3.85,1.0,63849.0,3,14
142,2016-07-13,3.3301,3.5,2.8,2.8,34952.0,3.3301,0.0,3.5,2.8,2.8,1.0,34952.0,2,13
143,2016-07-12,2.3005,2.35,1.49,1.49,9158.0,2.3005,0.0,2.35,1.49,1.49,1.0,9158.0,1,12
144,2016-07-11,1.41,1.41,1.41,1.41,0.0,1.41,0.0,1.41,1.41,1.41,1.0,0.0,0,11
145,2016-07-08,1.41,1.41,1.0,1.1,2199.0,1.41,0.0,1.41,1.0,1.1,1.0,2199.0,4,08
146,2016-07-07,1.56,1.56,1.56,1.56,0.0,1.56,0.0,1.56,1.56,1.56,1.0,0.0,3,07
147,2016-07-06,1.56,1.56,1.56,1.56,58.0,1.56,0.0,1.56,1.56,1.56,1.0,58.0,2,06
148,2016-07-05,1.56,2.24,1.42,2.0,3744.0,1.56,0.0,2.24,1.42,2.0,1.0,3744.0,1,05
149,2016-07-01,2.3,2.3,2.3,2.3,79.0,2.3,0.0,2.3,2.3,2.3,1.0,79.0,4,01
150,2016-06-30,2.3,2.31,2.29,2.29,801.0,2.3,0.0,2.31,2.29,2.29,1.0,801.0,3,30
151,2016-06-29,2.3,2.32,2.3,2.32,399.0,2.3,0.0,2.32,2.3,2.32,1.0,399.0,2,29
152,2016-06-28,2.34,2.34,2.34,2.34,0.0,2.34,0.0,2.34,2.34,2.34,1.0,0.0,1,28
153,2016-06-27,2.34,2.34,2.34,2.34,177.0,2.34,0.0,2.34,2.34,2.34,1.0,177.0,0,27
154,2016-06-24,2.74,2.74,2.74,2.74,0.0,2.74,0.0,2.74,2.74,2.74,1.0,0.0,4,24
155,2016-06-23,2.74,2.74,2.74,2.74,0.0,2.74,0.0,2.74,2.74,2.74,1.0,0.0,3,23
156,2016-06-22,2.74,2.74,2.74,2.74,0.0,2.74,0.0,2.74,2.74,2.74,1.0,0.0,2,22
157,2016-06-21,2.74,2.74,2.74,2.74,0.0,2.74,0.0,2.74,2.74,2.74,1.0,0.0,1,21
158,2016-06-20,2.74,2.74,2.74,2.74,1.0,2.74,0.0,2.74,2.74,2.74,1.0,1.0,0,20
159,2016-06-17,2.74,2.74,2.74,2.74,1.0,2.74,0.0,2.74,2.74,2.74,1.0,1.0,4,17
160,2016-06-16,2.74,2.74,2.74,2.74,12.0,2.74,0.0,2.74,2.74,2.74,1.0,12.0,3,16
161,2016-06-15,2.74,2.74,2.74,2.74,100.0,2.74,0.0,2.74,2.74,2.74,1.0,100.0,2,15
162,2016-06-14,2.5,2.5,2.5,2.5,0.0,2.5,0.0,2.5,2.5,2.5,1.0,0.0,1,14
163,2016-06-13,2.5,2.5,2.5,2.5,0.0,2.5,0.0,2.5,2.5,2.5,1.0,0.0,0,13
164,2016-06-10,2.5,2.5,2.5,2.5,0.0,2.5,0.0,2.5,2.5,2.5,1.0,0.0,4,10
165,2016-06-09,2.5,2.5,2.5,2.5,0.0,2.5,0.0,2.5,2.5,2.5,1.0,0.0,3,09
166,2016-06-08,2.5,2.5,2.5,2.5,0.0,2.5,0.0,2.5,2.5,2.5,1.0,0.0,2,08
167,2016-06-07,2.5,2.5,2.5,2.5,0.0,2.5,0.0,2.5,2.5,2.5,1.0,0.0,1,07
168,2016-06-06,2.5,2.5,2.5,2.5,0.0,2.5,0.0,2.5,2.5,2.5,1.0,0.0,0,06
169,2016-06-03,2.5,2.5,2.5,2.5,10.0,2.5,0.0,2.5,2.5,2.5,1.0,10.0,4,03
170,2016-06-02,2.5,2.5554,2.5,2.55,8300.0,2.5,0.0,2.5554,2.5,2.55,1.0,8300.0,3,02
171,2016-06-01,2.6501,2.6501,2.65,2.65,960.0,2.6501,0.0,2.6501,2.65,2.65,1.0,960.0,2,01
172,2016-05-31,2.65,2.65,2.65,2.65,156.0,2.65,0.0,2.65,2.65,2.65,1.0,156.0,1,31
173,2016-05-27,2.65,2.65,2.65,2.65,222.0,2.65,0.0,2.65,2.65,2.65,1.0,222.0,4,27
174,2016-05-26,3.35,3.35,3.35,3.35,5.0,3.35,0.0,3.35,3.35,3.35,1.0,5.0,3,26
175,2016-05-25,3.35,3.35,3.35,3.35,406.0,3.35,0.0,3.35,3.35,3.35,1.0,406.0,2,25
176,2016-05-24,3.2,3.2,2.79,2.79,915.0,3.2,0.0,3.2,2.79,2.79,1.0,915.0,1,24
177,2016-05-23,3.18,3.18,3.18,3.18,114.0,3.18,0.0,3.18,3.18,3.18,1.0,114.0,0,23
178,2016-05-20,3.06,3.06,3.06,3.06,20.0,3.06,0.0,3.06,3.06,3.06,1.0,20.0,4,20
179,2016-05-19,3.06,3.06,2.93,2.93,525.0,3.06,0.0,3.06,2.93,2.93,1.0,525.0,3,19
180,2016-05-18,2.8,2.8,2.45,2.6,2303.0,2.8,0.0,2.8,2.45,2.6,1.0,2303.0,2,18
181,2016-05-17,2.7797,2.7797,2.7797,2.7797,108.0,2.7797,0.0,2.7797,2.7797,2.7797,1.0,108.0,1,17
182,2016-05-16,2.7797,2.9,2.3771,2.9,713.0,2.7797,0.0,2.9,2.3771,2.9,1.0,713.0,0,16
183,2016-05-13,2.02,2.02,2.02,2.02,0.0,2.02,0.0,2.02,2.02,2.02,1.0,0.0,4,13
184,2016-05-12,2.02,2.02,2.02,2.02,200.0,2.02,0.0,2.02,2.02,2.02,1.0,200.0,3,12
185,2016-05-11,2.02,2.0304,2.02,2.02,1280.0,2.02,0.0,2.0304,2.02,2.02,1.0,1280.0,2,11
186,2016-05-10,2.5501,2.5501,2.5501,2.5501,100.0,2.5501,0.0,2.5501,2.5501,2.5501,1.0,100.0,1,10
187,2016-05-09,2.5501,2.5501,2.5501,2.5501,51.0,2.5501,0.0,2.5501,2.5501,2.5501,1.0,51.0,0,09
188,2016-05-06,2.5501,2.8084,2.55,2.61,2400.0,2.5501,0.0,2.8084,2.55,2.61,1.0,2400.0,4,06
189,2016-05-05,2.55,2.55,2.55,2.55,1.0,2.55,0.0,2.55,2.55,2.55,1.0,1.0,3,05
190,2016-05-04,2.55,2.6,2.55,2.6,5400.0,2.55,0.0,2.6,2.55,2.6,1.0,5400.0,2,04
191,2016-05-03,3.0946,3.0946,3.0946,3.0946,275.0,3.0946,0.0,3.0946,3.0946,3.0946,1.0,275.0,1,03
192,2016-05-02,3.84,3.84,3.84,3.84,708.0,3.84,0.0,3.84,3.84,3.84,1.0,708.0,0,02
193,2016-04-29,3.2778,3.9568,3.15,3.46,5463.0,3.2778,0.0,3.9568,3.15,3.46,1.0,5463.0,4,29
194,2016-04-28,2.8,2.8,2.8,2.8,20.0,2.8,0.0,2.8,2.8,2.8,1.0,20.0,3,28
195,2016-04-27,2.8,2.81,2.57,2.6,2254.0,2.8,0.0,2.81,2.57,2.6,1.0,2254.0,2,27
196,2016-04-26,3.0806,3.49,2.8,3.05,3871.0,3.0806,0.0,3.49,2.8,3.05,1.0,3871.0,1,26
197,2016-04-25,4.1984,4.1984,4.1984,4.1984,0.0,4.1984,0.0,4.1984,4.1984,4.1984,1.0,0.0,0,25
198,2016-04-22,4.1984,4.1984,4.1984,4.1984,0.0,4.1984,0.0,4.1984,4.1984,4.1984,1.0,0.0,4,22
199,2016-04-21,4.1984,4.1984,4.1933,4.1933,800.0,4.1984,0.0,4.1984,4.1933,4.1933,1.0,800.0,3,21
200,2016-04-20,4.085,4.085,4.085,4.085,0.0,4.085,0.0,4.085,4.085,4.085,1.0,0.0,2,20
201,2016-04-19,4.085,4.085,4.085,4.085,100.0,4.085,0.0,4.085,4.085,4.085,1.0,100.0,1,19
202,2016-04-18,4.3,4.3,3.7201,3.88,2234.0,4.3,0.0,4.3,3.7201,3.88,1.0,2234.0,0,18
203,2016-04-15,3.7,3.7,3.7,3.7,0.0,3.7,0.0,3.7,3.7,3.7,1.0,0.0,4,15
204,2016-04-14,3.7,3.7,3.2101,3.2101,600.0,3.7,0.0,3.7,3.2101,3.2101,1.0,600.0,3,14
205,2016-04-13,3.18,3.2,3.18,3.2,200.0,3.18,0.0,3.2,3.18,3.2,1.0,200.0,2,13
206,2016-04-12,3.0158,3.17,3.0158,3.17,696.0,3.0158,0.0,3.17,3.0158,3.17,1.0,696.0,1,12
207,2016-04-11,3.22,3.22,3.22,3.22,300.0,3.22,0.0,3.22,3.22,3.22,1.0,300.0,0,11
208,2016-04-08,3.2206,3.2206,3.2206,3.2206,150.0,3.2206,0.0,3.2206,3.2206,3.2206,1.0,150.0,4,08
209,2016-04-07,3.4,3.4,3.3505,3.3505,353.0,3.4,0.0,3.4,3.3505,3.3505,1.0,353.0,3,07
210,2016-04-06,3.5,3.5,3.23,3.48,843.0,3.5,0.0,3.5,3.23,3.48,1.0,843.0,2,06
211,2016-04-05,3.0,3.0,3.0,3.0,0.0,3.0,0.0,3.0,3.0,3.0,1.0,0.0,1,05
212,2016-04-04,3.0,3.37,3.0,3.05,3187.0,3.0,0.0,3.37,3.0,3.05,1.0,3187.0,0,04
213,2016-04-01,4.0,4.0,4.0,4.0,0.0,4.0,0.0,4.0,4.0,4.0,1.0,0.0,4,01
214,2016-03-31,4.0,4.0,3.9,3.9,402.0,4.0,0.0,4.0,3.9,3.9,1.0,402.0,3,31
215,2016-03-30,3.9,3.9,3.25,3.25,304.0,3.9,0.0,3.9,3.25,3.25,1.0,304.0,2,30
216,2016-03-29,3.84,3.84,3.84,3.84,116.0,3.84,0.0,3.84,3.84,3.84,1.0,116.0,1,29
217,2016-03-28,3.5,3.85,3.4,3.52,3351.0,3.5,0.0,3.85,3.4,3.52,1.0,3351.0,0,28
218,2016-03-24,4.48,4.48,4.48,4.48,0.0,4.48,0.0,4.48,4.48,4.48,1.0,0.0,3,24
219,2016-03-23,4.48,4.48,4.48,4.48,1.0,4.48,0.0,4.48,4.48,4.48,1.0,1.0,2,23
220,2016-03-22,4.48,4.48,4.48,4.48,0.0,4.48,0.0,4.48,4.48,4.48,1.0,0.0,1,22
221,2016-03-21,4.48,4.48,3.5,3.58,801.0,4.48,0.0,4.48,3.5,3.58,1.0,801.0,0,21
222,2016-03-18,5.0401,5.0401,3.7299,3.7299,4497.0,5.0401,0.0,5.0401,3.7299,3.7299,1.0,4497.0,4,18
223,2016-03-17,5.1,5.1,5.1,5.1,71.0,5.1,0.0,5.1,5.1,5.1,1.0,71.0,3,17
224,2016-03-16,5.1,5.1,5.1,5.1,2.0,5.1,0.0,5.1,5.1,5.1,1.0,2.0,2,16
225,2016-03-15,5.1,5.1,5.1,5.1,12.0,5.1,0.0,5.1,5.1,5.1,1.0,12.0,1,15
226,2016-03-14,5.1,5.1,4.05,4.05,1320.0,5.1,0.0,5.1,4.05,4.05,1.0,1320.0,0,14
227,2016-03-11,4.15,4.1601,4.15,4.1601,725.0,4.15,0.0,4.1601,4.15,4.1601,1.0,725.0,4,11
228,2016-03-10,4.2001,4.2001,4.2001,4.2001,0.0,4.2001,0.0,4.2001,4.2001,4.2001,1.0,0.0,3,10
229,2016-03-09,4.2001,4.2001,4.15,4.15,700.0,4.2001,0.0,4.2001,4.15,4.15,1.0,700.0,2,09
230,2016-03-08,4.79,4.79,4.79,4.79,2.0,4.79,0.0,4.79,4.79,4.79,1.0,2.0,1,08
231,2016-03-07,4.79,4.79,4.3,4.3,855.0,4.79,0.0,4.79,4.3,4.3,1.0,855.0,0,07
232,2016-03-04,4.83,4.96,4.68,4.68,1300.0,4.83,0.0,4.96,4.68,4.68,1.0,1300.0,4,04
233,2016-03-03,4.31,4.31,4.31,4.31,100.0,4.31,0.0,4.31,4.31,4.31,1.0,100.0,3,03
234,2016-03-02,4.02,4.02,4.02,4.02,0.0,4.02,0.0,4.02,4.02,4.02,1.0,0.0,2,02
235,2016-03-01,4.02,4.02,4.0,4.0,2507.0,4.02,0.0,4.02,4.0,4.0,1.0,2507.0,1,01
236,2016-02-29,3.4,3.4,3.4,3.4,0.0,3.4,0.0,3.4,3.4,3.4,1.0,0.0,0,29
237,2016-02-26,3.4,3.4,3.4,3.4,0.0,3.4,0.0,3.4,3.4,3.4,1.0,0.0,4,26
238,2016-02-25,3.4,3.4,3.4,3.4,200.0,3.4,0.0,3.4,3.4,3.4,1.0,200.0,3,25
239,2016-02-24,3.4,3.4,3.4,3.4,0.0,3.4,0.0,3.4,3.4,3.4,1.0,0.0,2,24
240,2016-02-23,3.4,3.4,3.4,3.4,0.0,3.4,0.0,3.4,3.4,3.4,1.0,0.0,1,23
241,2016-02-22,3.4,3.4,3.4,3.4,0.0,3.4,0.0,3.4,3.4,3.4,1.0,0.0,0,22
242,2016-02-19,3.4,3.57,2.75,2.75,4136.0,3.4,0.0,3.57,2.75,2.75,1.0,4136.0,4,19
243,2016-02-18,3.3715,3.435,3.25,3.25,1549.0,3.3715,0.0,3.435,3.25,3.25,1.0,1549.0,3,18
244,2016-02-17,3.329,3.33,2.51,2.51,2110.0,3.329,0.0,3.33,2.51,2.51,1.0,2110.0,2,17
245,2016-02-16,3.25,3.25,3.25,3.25,506.0,3.25,0.0,3.25,3.25,3.25,1.0,506.0,1,16
246,2016-02-12,2.55,2.55,2.55,2.55,0.0,2.55,0.0,2.55,2.55,2.55,1.0,0.0,4,12
247,2016-02-11,2.55,2.55,2.55,2.55,91.0,2.55,0.0,2.55,2.55,2.55,1.0,91.0,3,11
248,2016-02-10,2.55,2.55,2.55,2.55,0.0,2.55,0.0,2.55,2.55,2.55,1.0,0.0,2,10
249,2016-02-09,2.55,2.55,2.55,2.55,100.0,2.55,0.0,2.55,2.55,2.55,1.0,100.0,1,09
250,2016-02-08,2.08,2.08,2.08,2.08,0.0,2.08,0.0,2.08,2.08,2.08,1.0,0.0,0,08
251,2016-02-05,2.08,2.08,2.08,2.08,1005.0,2.08,0.0,2.08,2.08,2.08,1.0,1005.0,4,05
252,2016-02-04,2.14,2.14,1.98,1.98,2300.0,2.14,0.0,2.14,1.98,1.98,1.0,2300.0,3,04
253,2016-02-03,2.11,2.11,2.11,2.11,0.0,2.11,0.0,2.11,2.11,2.11,1.0,0.0,2,03
254,2016-02-02,2.11,2.9,1.93,2.9,700.0,2.11,0.0,2.9,1.93,2.9,1.0,700.0,1,02
255,2016-02-01,2.05,2.42,2.04,2.12,1401.0,2.05,0.0,2.42,2.04,2.12,1.0,1401.0,0,01
256,2016-01-29,1.9,1.9,1.75,1.75,700.0,1.9,0.0,1.9,1.75,1.75,1.0,700.0,4,29
257,2016-01-28,2.4,2.4,2.4,2.4,0.0,2.4,0.0,2.4,2.4,2.4,1.0,0.0,3,28
258,2016-01-27,2.4,2.4,2.4,2.4,1.0,2.4,0.0,2.4,2.4,2.4,1.0,1.0,2,27
259,2016-01-26,2.4,2.4,2.4,2.4,0.0,2.4,0.0,2.4,2.4,2.4,1.0,0.0,1,26
260,2016-01-25,2.4,2.63,2.13,2.13,5944.0,2.4,0.0,2.63,2.13,2.13,1.0,5944.0,0,25
261,2016-01-22,2.5,4.1,1.51,4.1,1491.0,2.5,0.0,4.1,1.51,4.1,1.0,1491.0,4,22
262,2016-01-21,3.5,3.5,1.28,1.28,29793.0,3.5,0.0,3.5,1.28,1.28,1.0,29793.0,3,21
263,2016-01-20,1.07,1.07,1.07,1.07,1452.0,1.07,0.0,1.07,1.07,1.07,1.0,1452.0,2,20
264,2016-01-19,1.22,1.47,1.2,1.2,2268.0,1.22,0.0,1.47,1.2,1.2,1.0,2268.0,1,19
265,2016-01-15,2.15,2.15,2.15,2.15,0.0,2.15,0.0,2.15,2.15,2.15,1.0,0.0,4,15
266,2016-01-14,2.15,2.7,1.9,2.7,4995.0,2.15,0.0,2.7,1.9,2.7,1.0,4995.0,3,14
267,2016-01-13,2.76,2.76,2.76,2.76,0.0,2.76,0.0,2.76,2.76,2.76,1.0,0.0,2,13
268,2016-01-12,2.76,2.76,2.76,2.76,100.0,2.76,0.0,2.76,2.76,2.76,1.0,100.0,1,12
269,2016-01-11,2.91,2.91,2.91,2.91,649.0,2.91,0.0,2.91,2.91,2.91,1.0,649.0,0,11
270,2016-01-08,2.91,2.91,2.91,2.91,0.0,2.91,0.0,2.91,2.91,2.91,1.0,0.0,4,08
271,2016-01-07,2.91,2.92,2.91,2.92,450.0,2.91,0.0,2.92,2.91,2.92,1.0,450.0,3,07
272,2016-01-06,3.0,3.0,3.0,3.0,100.0,3.0,0.0,3.0,3.0,3.0,1.0,100.0,2,06
273,2016-01-05,2.92,2.92,2.92,2.92,0.0,2.92,0.0,2.92,2.92,2.92,1.0,0.0,1,05
274,2016-01-04,2.92,2.92,2.92,2.92,1.0,2.92,0.0,2.92,2.92,2.92,1.0,1.0,0,04
275,2015-12-31,2.92,2.92,2.92,2.92,200.0,2.92,0.0,2.92,2.92,2.92,1.0,200.0,3,31
276,2015-12-30,3.1699,3.1699,3.14,3.14,3000.0,3.1699,0.0,3.1699,3.14,3.14,1.0,3000.0,2,30
277,2015-12-29,2.9737,2.9737,2.9737,2.9737,1.0,2.9737,0.0,2.9737,2.9737,2.9737,1.0,1.0,1,29
278,2015-12-28,2.9737,2.9737,2.9737,2.9737,0.0,2.9737,0.0,2.9737,2.9737,2.9737,1.0,0.0,0,28
279,2015-12-24,2.9737,2.9737,2.9737,2.9737,0.0,2.9737,0.0,2.9737,2.9737,2.9737,1.0,0.0,3,24
280,2015-12-23,2.9737,2.9737,2.9737,2.9737,1100.0,2.9737,0.0,2.9737,2.9737,2.9737,1.0,1100.0,2,23
281,2015-12-22,2.91,2.91,2.91,2.91,1650.0,2.91,0.0,2.91,2.91,2.91,1.0,1650.0,1,22
282,2015-12-21,2.89,2.9101,2.89,2.9101,700.0,2.89,0.0,2.9101,2.89,2.9101,1.0,700.0,0,21
283,2015-12-18,2.7399,2.7399,2.7399,2.7399,0.0,2.7399,0.0,2.7399,2.7399,2.7399,1.0,0.0,4,18
284,2015-12-17,2.7399,2.7399,2.7399,2.7399,0.0,2.7399,0.0,2.7399,2.7399,2.7399,1.0,0.0,3,17
285,2015-12-16,2.7399,2.7399,2.7399,2.7399,0.0,2.7399,0.0,2.7399,2.7399,2.7399,1.0,0.0,2,16
286,2015-12-15,2.7399,2.7399,2.7399,2.7399,0.0,2.7399,0.0,2.7399,2.7399,2.7399,1.0,0.0,1,15
287,2015-12-14,2.7399,2.7399,2.7399,2.7399,0.0,2.7399,0.0,2.7399,2.7399,2.7399,1.0,0.0,0,14
288,2015-12-11,2.7399,2.7399,2.7,2.7,600.0,2.7399,0.0,2.7399,2.7,2.7,1.0,600.0,4,11
289,2015-12-10,3.02,3.02,3.02,3.02,0.0,3.02,0.0,3.02,3.02,3.02,1.0,0.0,3,10
290,2015-12-09,3.02,3.02,3.02,3.02,0.0,3.02,0.0,3.02,3.02,3.02,1.0,0.0,2,09
291,2015-12-08,3.02,3.02,3.02,3.02,0.0,3.02,0.0,3.02,3.02,3.02,1.0,0.0,1,08
292,2015-12-07,3.02,3.02,3.02,3.02,321.0,3.02,0.0,3.02,3.02,3.02,1.0,321.0,0,07
293,2015-12-04,3.02,3.02,3.02,3.02,102.0,3.02,0.0,3.02,3.02,3.02,1.0,102.0,4,04
294,2015-12-03,3.02,3.05,3.02,3.05,920.0,3.02,0.0,3.05,3.02,3.05,1.0,920.0,3,03
295,2015-12-02,3.3848,3.3848,3.3848,3.3848,0.0,3.3848,0.0,3.3848,3.3848,3.3848,1.0,0.0,2,02
296,2015-12-01,3.3848,3.79,3.1,3.4,4621.0,3.3848,0.0,3.79,3.1,3.4,1.0,4621.0,1,01
297,2015-11-30,4.21,4.21,4.21,4.21,2.0,4.21,0.0,4.21,4.21,4.21,1.0,2.0,0,30
298,2015-11-27,4.21,4.4,3.51,4.4,1000.0,4.21,0.0,4.4,3.51,4.4,1.0,1000.0,4,27
299,2015-11-25,4.089,4.44,4.0,4.0,1800.0,4.089,0.0,4.44,4.0,4.0,1.0,1800.0,2,25
300,2015-11-24,4.19,4.19,4.19,4.19,453.0,4.19,0.0,4.19,4.19,4.19,1.0,453.0,1,24
301,2015-11-23,4.0,4.0,4.0,4.0,25.0,4.0,0.0,4.0,4.0,4.0,1.0,25.0,0,23
302,2015-11-20,4.0,4.0,4.0,4.0,0.0,4.0,0.0,4.0,4.0,4.0,1.0,0.0,4,20
303,2015-11-19,4.0,4.0,4.0,4.0,0.0,4.0,0.0,4.0,4.0,4.0,1.0,0.0,3,19
304,2015-11-18,4.0,4.0,4.0,4.0,0.0,4.0,0.0,4.0,4.0,4.0,1.0,0.0,2,18
305,2015-11-17,4.0,4.0,4.0,4.0,0.0,4.0,0.0,4.0,4.0,4.0,1.0,0.0,1,17
306,2015-11-16,4.0,4.0,4.0,4.0,0.0,4.0,0.0,4.0,4.0,4.0,1.0,0.0,0,16
307,2015-11-13,4.0,4.0,4.0,4.0,0.0,4.0,0.0,4.0,4.0,4.0,1.0,0.0,4,13
308,2015-11-12,4.0,4.0,4.0,4.0,1.0,4.0,0.0,4.0,4.0,4.0,1.0,1.0,3,12
309,2015-11-11,4.0,4.0,4.0,4.0,33.0,4.0,0.0,4.0,4.0,4.0,1.0,33.0,2,11
310,2015-11-10,4.0,4.0,4.0,4.0,133.0,4.0,0.0,4.0,4.0,4.0,1.0,133.0,1,10
311,2015-11-09,4.0,4.0,4.0,4.0,0.0,4.0,0.0,4.0,4.0,4.0,1.0,0.0,0,09
312,2015-11-06,4.0,4.0,4.0,4.0,27.0,4.0,0.0,4.0,4.0,4.0,1.0,27.0,4,06
313,2015-11-05,4.0,4.0,4.0,4.0,0.0,4.0,0.0,4.0,4.0,4.0,1.0,0.0,3,05
314,2015-11-04,4.0,4.0,4.0,4.0,15.0,4.0,0.0,4.0,4.0,4.0,1.0,15.0,2,04
315,2015-11-03,4.0,4.0,4.0,4.0,4.0,4.0,0.0,4.0,4.0,4.0,1.0,4.0,1,03
316,2015-11-02,4.0,4.0,4.0,4.0,200.0,4.0,0.0,4.0,4.0,4.0,1.0,200.0,0,02
317,2015-10-30,3.63,3.63,3.41,3.41,400.0,3.63,0.0,3.63,3.41,3.41,1.0,400.0,4,30
318,2015-10-29,3.4,3.4,3.4,3.4,25.0,3.4,0.0,3.4,3.4,3.4,1.0,25.0,3,29
319,2015-10-28,3.4,3.4,3.4,3.4,100.0,3.4,0.0,3.4,3.4,3.4,1.0,100.0,2,28
320,2015-10-27,3.85,3.85,3.85,3.85,417.0,3.85,0.0,3.85,3.85,3.85,1.0,417.0,1,27
321,2015-10-26,3.6927,4.0,3.65,3.67,2313.0,3.6927,0.0,4.0,3.65,3.67,1.0,2313.0,0,26
322,2015-10-23,2.9,3.22,2.9,3.22,700.0,2.9,0.0,3.22,2.9,3.22,1.0,700.0,4,23
323,2015-10-22,4.0,4.0,3.325,3.75,3000.0,4.0,0.0,4.0,3.325,3.75,1.0,3000.0,3,22
324,2015-10-21,3.75,3.77,3.75,3.77,1000.0,3.75,0.0,3.77,3.75,3.77,1.0,1000.0,2,21
325,2015-10-20,4.0,4.0,4.0,4.0,0.0,4.0,0.0,4.0,4.0,4.0,1.0,0.0,1,20
326,2015-10-19,4.0,4.0,4.0,4.0,0.0,4.0,0.0,4.0,4.0,4.0,1.0,0.0,0,19
327,2015-10-16,4.0,4.0,4.0,4.0,0.0,4.0,0.0,4.0,4.0,4.0,1.0,0.0,4,16
328,2015-10-15,4.0,4.11,3.91,3.94,1444.0,4.0,0.0,4.11,3.91,3.94,1.0,1444.0,3,15
329,2015-10-14,5.58,5.58,5.58,5.58,0.0,5.58,0.0,5.58,5.58,5.58,1.0,0.0,2,14
330,2015-10-13,5.58,5.58,5.58,5.58,0.0,5.58,0.0,5.58,5.58,5.58,1.0,0.0,1,13
331,2015-10-12,5.58,5.58,5.58,5.58,0.0,5.58,0.0,5.58,5.58,5.58,1.0,0.0,0,12
332,2015-10-09,5.58,5.58,5.58,5.58,0.0,5.58,0.0,5.58,5.58,5.58,1.0,0.0,4,09
333,2015-10-08,5.58,5.58,5.58,5.58,0.0,5.58,0.0,5.58,5.58,5.58,1.0,0.0,3,08
334,2015-10-07,5.58,5.58,5.58,5.58,0.0,5.58,0.0,5.58,5.58,5.58,1.0,0.0,2,07
335,2015-10-06,5.58,5.58,5.58,5.58,0.0,5.58,0.0,5.58,5.58,5.58,1.0,0.0,1,06
336,2015-10-05,5.58,5.58,5.58,5.58,0.0,5.58,0.0,5.58,5.58,5.58,1.0,0.0,0,05
337,2015-10-02,5.58,5.58,5.58,5.58,0.0,5.58,0.0,5.58,5.58,5.58,1.0,0.0,4,02
338,2015-10-01,5.58,5.58,5.58,5.58,0.0,5.58,0.0,5.58,5.58,5.58,1.0,0.0,3,01
339,2015-09-30,5.58,5.58,5.58,5.58,0.0,5.58,0.0,5.58,5.58,5.58,1.0,0.0,2,30
340,2015-09-29,5.58,5.58,5.58,5.58,0.0,5.58,0.0,5.58,5.58,5.58,1.0,0.0,1,29
341,2015-09-28,5.58,5.58,3.57,3.57,1199.0,5.58,0.0,5.58,3.57,3.57,1.0,1199.0,0,28
342,2015-09-25,6.0,6.0,6.0,6.0,100.0,6.0,0.0,6.0,6.0,6.0,1.0,100.0,4,25
343,2015-09-24,5.48,5.48,5.48,5.48,100.0,5.48,0.0,5.48,5.48,5.48,1.0,100.0,3,24
344,2015-09-23,5.48,5.48,5.48,5.48,0.0,5.48,0.0,5.48,5.48,5.48,1.0,0.0,2,23
345,2015-09-22,5.48,5.48,5.48,5.48,1.0,5.48,0.0,5.48,5.48,5.48,1.0,1.0,1,22
346,2015-09-21,5.48,5.48,5.48,5.48,0.0,5.48,0.0,5.48,5.48,5.48,1.0,0.0,0,21
347,2015-09-18,5.48,5.48,5.48,5.48,100.0,5.48,0.0,5.48,5.48,5.48,1.0,100.0,4,18
348,2015-09-17,5.0,5.0,5.0,5.0,0.0,5.0,0.0,5.0,5.0,5.0,1.0,0.0,3,17
349,2015-09-16,5.0,5.0,5.0,5.0,0.0,5.0,0.0,5.0,5.0,5.0,1.0,0.0,2,16
350,2015-09-15,5.0,5.0,5.0,5.0,100.0,5.0,0.0,5.0,5.0,5.0,1.0,100.0,1,15
351,2015-09-14,4.75,4.75,4.75,4.75,0.0,4.75,0.0,4.75,4.75,4.75,1.0,0.0,0,14
352,2015-09-11,4.75,4.75,4.75,4.75,0.0,4.75,0.0,4.75,4.75,4.75,1.0,0.0,4,11
353,2015-09-10,4.75,4.75,4.75,4.75,0.0,4.75,0.0,4.75,4.75,4.75,1.0,0.0,3,10
354,2015-09-09,4.75,4.75,4.75,4.75,0.0,4.75,0.0,4.75,4.75,4.75,1.0,0.0,2,09
355,2015-09-08,4.75,4.75,4.75,4.75,0.0,4.75,0.0,4.75,4.75,4.75,1.0,0.0,1,08
356,2015-09-04,4.75,4.75,4.75,4.75,0.0,4.75,0.0,4.75,4.75,4.75,1.0,0.0,4,04
357,2015-09-03,4.75,4.75,4.75,4.75,0.0,4.75,0.0,4.75,4.75,4.75,1.0,0.0,3,03
358,2015-09-02,4.75,4.87,4.21,4.25,1701.0,4.75,0.0,4.87,4.21,4.25,1.0,1701.0,2,02
359,2015-09-01,3.7005,3.71,3.5,3.58,2028.0,3.7005,0.0,3.71,3.5,3.58,1.0,2028.0,1,01
360,2015-08-31,4.21,4.21,3.95,3.95,242.0,4.21,0.0,4.21,3.95,3.95,1.0,242.0,0,31
361,2015-08-28,4.46,4.46,4.46,4.46,100.0,4.46,0.0,4.46,4.46,4.46,1.0,100.0,4,28
362,2015-08-27,4.09,4.09,4.09,4.09,100.0,4.09,0.0,4.09,4.09,4.09,1.0,100.0,3,27
363,2015-08-26,4.5,4.5,4.5,4.5,200.0,4.5,0.0,4.5,4.5,4.5,1.0,200.0,2,26
364,2015-08-25,4.05,4.05,4.05,4.05,42.0,4.05,0.0,4.05,4.05,4.05,1.0,42.0,1,25
365,2015-08-24,4.05,4.99,3.9,4.05,5442.0,4.05,0.0,4.99,3.9,4.05,1.0,5442.0,0,24
366,2015-08-21,4.47,4.47,3.4,3.4,343.0,4.47,0.0,4.47,3.4,3.4,1.0,343.0,4,21
367,2015-08-20,4.49,4.49,4.49,4.49,5.0,4.49,0.0,4.49,4.49,4.49,1.0,5.0,3,20
368,2015-08-19,4.49,4.49,4.49,4.49,3.0,4.49,0.0,4.49,4.49,4.49,1.0,3.0,2,19
369,2015-08-18,4.49,4.49,3.43,3.5,3538.0,4.49,0.0,4.49,3.43,3.5,1.0,3538.0,1,18
370,2015-08-17,4.88,5.47,3.4294,3.43,700.0,4.88,0.0,5.47,3.4294,3.43,1.0,700.0,0,17
371,2015-08-14,3.99,3.99,3.99,3.99,0.0,3.99,0.0,3.99,3.99,3.99,1.0,0.0,4,14
372,2015-08-13,3.99,3.99,3.99,3.99,20.0,3.99,0.0,3.99,3.99,3.99,1.0,20.0,3,13
373,2015-08-12,3.99,3.99,3.99,3.99,432.0,3.99,0.0,3.99,3.99,3.99,1.0,432.0,2,12
374,2015-08-11,3.38,5.0785,3.31,5.0785,24900.0,3.38,0.0,5.0785,3.31,5.0785,1.0,24900.0,1,11
375,2015-08-10,5.33,5.592,4.98,4.98,700.0,5.33,0.0,5.592,4.98,4.98,1.0,700.0,0,10
376,2015-08-07,5.4,5.4,5.4,5.4,0.0,5.4,0.0,5.4,5.4,5.4,1.0,0.0,4,07
377,2015-08-06,5.4,5.4,5.4,5.4,37.0,5.4,0.0,5.4,5.4,5.4,1.0,37.0,3,06
378,2015-08-05,5.4,5.4,5.02,5.02,880.0,5.4,0.0,5.4,5.02,5.02,1.0,880.0,2,05
379,2015-08-04,5.28,5.28,4.956,4.956,524.0,5.28,0.0,5.28,4.956,4.956,1.0,524.0,1,04
380,2015-08-03,5.38,5.38,5.38,5.38,0.0,5.38,0.0,5.38,5.38,5.38,1.0,0.0,0,03
381,2015-07-31,5.38,5.38,5.0,5.0,996.0,5.38,0.0,5.38,5.0,5.0,1.0,996.0,4,31
382,2015-07-30,5.25,5.49,5.0,5.0,1113.0,5.25,0.0,5.49,5.0,5.0,1.0,1113.0,3,30
383,2015-07-29,5.43,5.43,5.43,5.43,108.0,5.43,0.0,5.43,5.43,5.43,1.0,108.0,2,29
384,2015-07-28,5.4075,5.4075,5.4075,5.4075,0.0,5.4075,0.0,5.4075,5.4075,5.4075,1.0,0.0,1,28
385,2015-07-27,5.4075,5.4075,5.4075,5.4075,199.0,5.4075,0.0,5.4075,5.4075,5.4075,1.0,199.0,0,27
386,2015-07-24,6.0,6.18,6.0,6.18,1401.0,6.0,0.0,6.18,6.0,6.18,1.0,1401.0,4,24
387,2015-07-23,6.51,6.51,6.51,6.51,0.0,6.51,0.0,6.51,6.51,6.51,1.0,0.0,3,23
388,2015-07-22,6.51,6.51,6.51,6.51,155.0,6.51,0.0,6.51,6.51,6.51,1.0,155.0,2,22
389,2015-07-21,6.58,6.58,6.58,6.58,150.0,6.58,0.0,6.58,6.58,6.58,1.0,150.0,1,21
390,2015-07-20,7.35,7.35,7.35,7.35,35.0,7.35,0.0,7.35,7.35,7.35,1.0,35.0,0,20
391,2015-07-17,7.35,7.35,7.35,7.35,0.0,7.35,0.0,7.35,7.35,7.35,1.0,0.0,4,17
392,2015-07-16,7.35,7.35,7.35,7.35,0.0,7.35,0.0,7.35,7.35,7.35,1.0,0.0,3,16
393,2015-07-15,7.35,7.35,7.35,7.35,0.0,7.35,0.0,7.35,7.35,7.35,1.0,0.0,2,15
394,2015-07-14,7.35,7.35,7.35,7.35,0.0,7.35,0.0,7.35,7.35,7.35,1.0,0.0,1,14
395,2015-07-13,7.35,7.35,7.35,7.35,0.0,7.35,0.0,7.35,7.35,7.35,1.0,0.0,0,13
396,2015-07-10,7.35,7.35,7.35,7.35,10.0,7.35,0.0,7.35,7.35,7.35,1.0,10.0,4,10
397,2015-07-09,7.35,7.35,7.35,7.35,0.0,7.35,0.0,7.35,7.35,7.35,1.0,0.0,3,09
398,2015-07-08,7.35,7.35,7.35,7.35,100.0,7.35,0.0,7.35,7.35,7.35,1.0,100.0,2,08
399,2015-07-07,7.34,7.34,5.75,6.501,22603.0,7.34,0.0,7.34,5.75,6.501,1.0,22603.0,1,07
400,2015-07-06,7.38,7.38,7.38,7.38,99.0,7.38,0.0,7.38,7.38,7.38,1.0,99.0,0,06
401,2015-07-02,7.38,7.44,6.2501,6.2501,400.0,7.38,0.0,7.44,6.2501,6.2501,1.0,400.0,3,02
402,2015-07-01,7.49,7.49,7.49,7.49,0.0,7.49,0.0,7.49,7.49,7.49,1.0,0.0,2,01
403,2015-06-30,7.49,7.5,7.49,7.49,800.0,7.49,0.0,7.5,7.49,7.49,1.0,800.0,1,30
404,2015-06-29,7.45,7.45,7.0,7.0,200.0,7.45,0.0,7.45,7.0,7.0,1.0,200.0,0,29
405,2015-06-26,8.0,8.0,8.0,8.0,60.0,8.0,0.0,8.0,8.0,8.0,1.0,60.0,4,26
406,2015-06-25,8.0,8.0,8.0,8.0,0.0,8.0,0.0,8.0,8.0,8.0,1.0,0.0,3,25
407,2015-06-24,8.0,8.0,8.0,8.0,0.0,8.0,0.0,8.0,8.0,8.0,1.0,0.0,2,24
408,2015-06-23,8.0,8.0,8.0,8.0,0.0,8.0,0.0,8.0,8.0,8.0,1.0,0.0,1,23
409,2015-06-22,8.0,8.4,8.0,8.4,1112.0,8.0,0.0,8.4,8.0,8.4,1.0,1112.0,0,22
410,2015-06-19,7.9,8.4001,7.53,8.4001,3000.0,7.9,0.0,8.4001,7.53,8.4001,1.0,3000.0,4,19
411,2015-06-18,8.9,8.9,8.9,8.9,88.0,8.9,0.0,8.9,8.9,8.9,1.0,88.0,3,18
412,2015-06-17,8.9,8.9,8.9,8.9,5.0,8.9,0.0,8.9,8.9,8.9,1.0,5.0,2,17
413,2015-06-16,8.9,8.9,8.9,8.9,0.0,8.9,0.0,8.9,8.9,8.9,1.0,0.0,1,16
414,2015-06-15,8.9,8.9,8.9,8.9,0.0,8.9,0.0,8.9,8.9,8.9,1.0,0.0,0,15
415,2015-06-12,8.9,8.95,8.66,8.95,1794.0,8.9,0.0,8.95,8.66,8.95,1.0,1794.0,4,12
416,2015-06-11,8.3,8.85,8.1,8.101,10607.0,8.3,0.0,8.85,8.1,8.101,1.0,10607.0,3,11
417,2015-06-10,8.25,8.25,7.96,8.15,6000.0,8.25,0.0,8.25,7.96,8.15,1.0,6000.0,2,10
418,2015-06-09,8.0,8.0,7.3513,7.86,7100.0,8.0,0.0,8.0,7.3513,7.86,1.0,7100.0,1,09
419,2015-06-08,7.86,7.88,7.548,7.75,4500.0,7.86,0.0,7.88,7.548,7.75,1.0,4500.0,0,08
420,2015-06-05,7.424,7.75,7.36,7.75,580.0,7.424,0.0,7.75,7.36,7.75,1.0,580.0,4,05
421,2015-06-04,7.5,7.578,7.49,7.578,3405.0,7.5,0.0,7.578,7.49,7.578,1.0,3405.0,3,04
422,2015-06-03,7.23,7.23,7.0,7.0,2050.0,7.23,0.0,7.23,7.0,7.0,1.0,2050.0,2,03
423,2015-06-02,7.0,7.0,7.0,7.0,0.0,7.0,0.0,7.0,7.0,7.0,1.0,0.0,1,02
424,2015-06-01,7.0,7.0,6.95,7.0,3250.0,7.0,0.0,7.0,6.95,7.0,1.0,3250.0,0,01
425,2015-05-29,7.05,7.2,6.87,6.87,4000.0,7.05,0.0,7.2,6.87,6.87,1.0,4000.0,4,29
426,2015-05-28,6.908,6.908,6.908,6.908,0.0,6.908,0.0,6.908,6.908,6.908,1.0,0.0,3,28
427,2015-05-27,6.908,6.908,6.87,6.88,1300.0,6.908,0.0,6.908,6.87,6.88,1.0,1300.0,2,27
428,2015-05-26,6.88,6.88,6.86,6.8799,1100.0,6.88,0.0,6.88,6.86,6.8799,1.0,1100.0,1,26
429,2015-05-22,6.89,6.89,6.89,6.89,0.0,6.89,0.0,6.89,6.89,6.89,1.0,0.0,4,22
430,2015-05-21,6.89,6.89,6.83,6.83,400.0,6.89,0.0,6.89,6.83,6.83,1.0,400.0,3,21
431,2015-05-20,6.65,6.6587,6.65,6.6587,200.0,6.65,0.0,6.6587,6.65,6.6587,1.0,200.0,2,20
432,2015-05-19,6.77,6.88,5.8,6.86,11800.0,6.77,0.0,6.88,5.8,6.86,1.0,11800.0,1,19
433,2015-05-18,6.94,6.94,6.42,6.72,5100.0,6.94,0.0,6.94,6.42,6.72,1.0,5100.0,0,18
434,2015-05-15,7.09,7.09,6.716,6.716,350.0,7.09,0.0,7.09,6.716,6.716,1.0,350.0,4,15
435,2015-05-14,7.08,7.15,6.71,7.15,1650.0,7.08,0.0,7.15,6.71,7.15,1.0,1650.0,3,14
436,2015-05-13,7.15,7.15,6.7501,6.7501,925.0,7.15,0.0,7.15,6.7501,6.7501,1.0,925.0,2,13
437,2015-05-12,7.17,7.17,6.96,6.96,2200.0,7.17,0.0,7.17,6.96,6.96,1.0,2200.0,1,12
438,2015-05-11,6.91,7.25,6.289,6.289,6065.0,6.91,0.0,7.25,6.289,6.289,1.0,6065.0,0,11
439,2015-05-08,6.4301,6.95,6.25,6.25,1200.0,6.4301,0.0,6.95,6.25,6.25,1.0,1200.0,4,08
440,2015-05-07,6.0,6.0,5.75,5.75,1100.0,6.0,0.0,6.0,5.75,5.75,1.0,1100.0,3,07
441,2015-05-06,5.69,5.75,5.45,5.5,2930.0,5.69,0.0,5.75,5.45,5.5,1.0,2930.0,2,06
442,2015-05-05,4.8,4.81,4.8,4.81,1972.0,4.8,0.0,4.81,4.8,4.81,1.0,1972.0,1,05
443,2015-05-04,5.42,5.49,5.357,5.357,2010.0,5.42,0.0,5.49,5.357,5.357,1.0,2010.0,0,04
444,2015-05-01,5.14,5.15,4.09,4.09,8099.0,5.14,0.0,5.15,4.09,4.09,1.0,8099.0,4,01
445,2015-04-30,4.88,4.88,3.9952,4.56,13830.0,4.88,0.0,4.88,3.9952,4.56,1.0,13830.0,3,30
446,2015-04-29,4.9,4.9,4.9,4.9,0.0,4.9,0.0,4.9,4.9,4.9,1.0,0.0,2,29
447,2015-04-28,4.9,4.9,4.9,4.9,0.0,4.9,0.0,4.9,4.9,4.9,1.0,0.0,1,28
448,2015-04-27,4.9,5.48,4.6,5.47,4600.0,4.9,0.0,5.48,4.6,5.47,1.0,4600.0,0,27
449,2015-04-24,5.4184,5.4184,5.05,5.06,1331.0,5.4184,0.0,5.4184,5.05,5.06,1.0,1331.0,4,24
450,2015-04-23,5.44,5.44,5.44,5.44,219.0,5.44,0.0,5.44,5.44,5.44,1.0,219.0,3,23
451,2015-04-22,5.29,5.29,3.55,5.07,3000.0,5.29,0.0,5.29,3.55,5.07,1.0,3000.0,2,22
452,2015-04-21,5.39,5.39,5.39,5.39,1945.0,5.39,0.0,5.39,5.39,5.39,1.0,1945.0,1,21
453,2015-04-20,5.29,5.35,4.79,4.79,4770.0,5.29,0.0,5.35,4.79,4.79,1.0,4770.0,0,20
454,2015-04-17,5.0,5.0,4.4,4.58,16310.0,5.0,0.0,5.0,4.4,4.58,1.0,16310.0,4,17
455,2015-04-16,4.63,4.63,4.63,4.63,0.0,4.63,0.0,4.63,4.63,4.63,1.0,0.0,3,16
456,2015-04-15,4.63,4.63,4.63,4.63,0.0,4.63,0.0,4.63,4.63,4.63,1.0,0.0,2,15
457,2015-04-14,4.63,4.63,4.63,4.63,0.0,4.63,0.0,4.63,4.63,4.63,1.0,0.0,1,14
458,2015-04-13,4.63,4.63,4.63,4.63,0.0,4.63,0.0,4.63,4.63,4.63,1.0,0.0,0,13
459,2015-04-10,4.63,4.63,4.0,4.0,3632.0,4.63,0.0,4.63,4.0,4.0,1.0,3632.0,4,10
460,2015-04-09,4.18,4.18,4.18,4.18,0.0,4.18,0.0,4.18,4.18,4.18,1.0,0.0,3,09
461,2015-04-08,4.18,4.18,4.18,4.18,0.0,4.18,0.0,4.18,4.18,4.18,1.0,0.0,2,08
462,2015-04-07,4.18,4.25,3.75,4.25,300.0,4.18,0.0,4.25,3.75,4.25,1.0,300.0,1,07
463,2015-04-06,4.15,4.15,3.5,3.5001,12110.0,4.15,0.0,4.15,3.5,3.5001,1.0,12110.0,0,06
464,2015-04-02,4.18,4.18,4.0,4.0,300.0,4.18,0.0,4.18,4.0,4.0,1.0,300.0,3,02
465,2015-04-01,4.19,4.19,4.19,4.19,100.0,4.19,0.0,4.19,4.19,4.19,1.0,100.0,2,01
466,2015-03-31,4.2,4.2,4.2,4.2,0.0,4.2,0.0,4.2,4.2,4.2,1.0,0.0,1,31
467,2015-03-30,4.2,4.2,4.2,4.2,0.0,4.2,0.0,4.2,4.2,4.2,1.0,0.0,0,30
468,2015-03-27,4.2,4.2,3.9,3.9,446.0,4.2,0.0,4.2,3.9,3.9,1.0,446.0,4,27
469,2015-03-26,4.19,4.19,3.9,3.9,845.0,4.19,0.0,4.19,3.9,3.9,1.0,845.0,3,26
470,2015-03-25,4.31,4.31,4.31,4.31,0.0,4.31,0.0,4.31,4.31,4.31,1.0,0.0,2,25
471,2015-03-24,4.31,4.31,4.31,4.31,0.0,4.31,0.0,4.31,4.31,4.31,1.0,0.0,1,24
472,2015-03-23,4.31,4.319,4.31,4.319,392.0,4.31,0.0,4.319,4.31,4.319,1.0,392.0,0,23
473,2015-03-20,4.45,4.5,4.0,4.5,2357.0,4.45,0.0,4.5,4.0,4.5,1.0,2357.0,4,20
474,2015-03-19,4.4,4.4,4.4,4.4,0.0,4.4,0.0,4.4,4.4,4.4,1.0,0.0,3,19
475,2015-03-18,4.4,4.7,4.15,4.15,18997.0,4.4,0.0,4.7,4.15,4.15,1.0,18997.0,2,18
476,2015-03-17,4.39,4.39,4.19,4.19,1300.0,4.39,0.0,4.39,4.19,4.19,1.0,1300.0,1,17
477,2015-03-16,4.19,4.25,3.86,4.25,3758.0,4.19,0.0,4.25,3.86,4.25,1.0,3758.0,0,16
478,2015-03-13,4.0,4.0,4.0,4.0,0.0,4.0,0.0,4.0,4.0,4.0,1.0,0.0,4,13
479,2015-03-12,4.0,4.0,4.0,4.0,0.0,4.0,0.0,4.0,4.0,4.0,1.0,0.0,3,12
480,2015-03-11,4.0,4.0,3.67,3.67,600.0,4.0,0.0,4.0,3.67,3.67,1.0,600.0,2,11
481,2015-03-10,4.0,4.0,4.0,4.0,0.0,4.0,0.0,4.0,4.0,4.0,1.0,0.0,1,10
482,2015-03-09,4.0,4.0,4.0,4.0,0.0,4.0,0.0,4.0,4.0,4.0,1.0,0.0,0,09
483,2015-03-06,4.0,4.0,4.0,4.0,0.0,4.0,0.0,4.0,4.0,4.0,1.0,0.0,4,06
484,2015-03-05,4.0,4.0,4.0,4.0,0.0,4.0,0.0,4.0,4.0,4.0,1.0,0.0,3,05
485,2015-03-04,4.0,4.0,4.0,4.0,0.0,4.0,0.0,4.0,4.0,4.0,1.0,0.0,2,04
486,2015-03-03,4.0,4.17,4.0,4.17,1310.0,4.0,0.0,4.17,4.0,4.17,1.0,1310.0,1,03
487,2015-03-02,3.831,3.831,3.831,3.831,134.0,3.831,0.0,3.831,3.831,3.831,1.0,134.0,0,02
488,2015-02-27,3.95,3.95,3.95,3.95,0.0,3.95,0.0,3.95,3.95,3.95,1.0,0.0,4,27
489,2015-02-26,3.95,3.95,3.4,3.4,1150.0,3.95,0.0,3.95,3.4,3.4,1.0,1150.0,3,26
490,2015-02-25,3.9499,3.9499,3.9499,3.9499,0.0,3.9499,0.0,3.9499,3.9499,3.9499,1.0,0.0,2,25
491,2015-02-24,3.9499,3.9499,3.3501,3.4,3120.0,3.9499,0.0,3.9499,3.3501,3.4,1.0,3120.0,1,24
492,2015-02-23,3.94,3.94,3.94,3.94,0.0,3.94,0.0,3.94,3.94,3.94,1.0,0.0,0,23
493,2015-02-20,3.94,3.94,3.94,3.94,0.0,3.94,0.0,3.94,3.94,3.94,1.0,0.0,4,20
494,2015-02-19,3.94,3.94,3.94,3.94,0.0,3.94,0.0,3.94,3.94,3.94,1.0,0.0,3,19
495,2015-02-18,3.94,3.95,3.94,3.95,435.0,3.94,0.0,3.95,3.94,3.95,1.0,435.0,2,18
496,2015-02-17,3.4,3.9,3.4,3.9,455.0,3.4,0.0,3.9,3.4,3.9,1.0,455.0,1,17
497,2015-02-13,3.8,3.8,3.8,3.8,280.0,3.8,0.0,3.8,3.8,3.8,1.0,280.0,4,13
498,2015-02-12,4.19,4.19,4.19,4.19,0.0,4.19,0.0,4.19,4.19,4.19,1.0,0.0,3,12
499,2015-02-11,4.19,4.19,3.72,3.72,1700.0,4.19,0.0,4.19,3.72,3.72,1.0,1700.0,2,11
500,2015-02-10,3.57,3.57,3.25,3.2501,1000.0,3.57,0.0,3.57,3.25,3.2501,1.0,1000.0,1,10
501,2015-02-09,3.82,3.82,3.82,3.82,54.0,3.82,0.0,3.82,3.82,3.82,1.0,54.0,0,09
502,2015-02-06,3.82,3.82,3.0,3.03,1800.0,3.82,0.0,3.82,3.0,3.03,1.0,1800.0,4,06
503,2015-02-05,4.0,4.0,3.9999,3.9999,1150.0,4.0,0.0,4.0,3.9999,3.9999,1.0,1150.0,3,05
504,2015-02-04,4.25,4.25,4.25,4.25,0.0,4.25,0.0,4.25,4.25,4.25,1.0,0.0,2,04
505,2015-02-03,4.25,4.25,4.25,4.25,50.0,4.25,0.0,4.25,4.25,4.25,1.0,50.0,1,03
506,2015-02-02,4.25,4.25,4.25,4.25,50.0,4.25,0.0,4.25,4.25,4.25,1.0,50.0,0,02
507,2015-01-30,4.25,4.25,3.8499,3.8499,1700.0,4.25,0.0,4.25,3.8499,3.8499,1.0,1700.0,4,30
508,2015-01-29,3.85,3.85,3.68,3.68,200.0,3.85,0.0,3.85,3.68,3.68,1.0,200.0,3,29
509,2015-01-28,3.55,3.95,3.5144,3.92,1300.0,3.55,0.0,3.95,3.5144,3.92,1.0,1300.0,2,28
510,2015-01-27,3.7,3.7,3.7,3.7,575.0,3.7,0.0,3.7,3.7,3.7,1.0,575.0,1,27
511,2015-01-26,3.7,3.7,3.3,3.51,1725.0,3.7,0.0,3.7,3.3,3.51,1.0,1725.0,0,26
512,2015-01-23,3.69,3.7,3.58,3.7,900.0,3.69,0.0,3.7,3.58,3.7,1.0,900.0,4,23
513,2015-01-22,3.36,3.36,3.36,3.36,100.0,3.36,0.0,3.36,3.36,3.36,1.0,100.0,3,22
514,2015-01-21,4.25,4.25,4.25,4.25,0.0,4.25,0.0,4.25,4.25,4.25,1.0,0.0,2,21
515,2015-01-20,4.25,4.25,2.85,2.85,1527.0,4.25,0.0,4.25,2.85,2.85,1.0,1527.0,1,20
516,2015-01-16,3.85,3.85,3.35,3.35,200.0,3.85,0.0,3.85,3.35,3.35,1.0,200.0,4,16
517,2015-01-15,3.85,3.85,3.85,3.85,100.0,3.85,0.0,3.85,3.85,3.85,1.0,100.0,3,15
518,2015-01-14,3.78,3.78,3.65,3.7,300.0,3.78,0.0,3.78,3.65,3.7,1.0,300.0,2,14
519,2015-01-13,3.5,3.5,3.45,3.5,300.0,3.5,0.0,3.5,3.45,3.5,1.0,300.0,1,13
520,2015-01-12,4.34,4.5,4.34,4.5,1366.0,4.34,0.0,4.5,4.34,4.5,1.0,1366.0,0,12
521,2015-01-09,3.8,3.83,3.18,3.19,11743.0,3.8,0.0,3.83,3.18,3.19,1.0,11743.0,4,09
522,2015-01-08,3.15,3.45,2.8,3.0,11662.0,3.15,0.0,3.45,2.8,3.0,1.0,11662.0,3,08
523,2015-01-07,3.0,3.0,2.6,2.7399,10922.0,3.0,0.0,3.0,2.6,2.7399,1.0,10922.0,2,07
524,2015-01-06,2.73,2.73,2.73,2.73,100.0,2.73,0.0,2.73,2.73,2.73,1.0,100.0,1,06
525,2015-01-05,2.739,2.75,2.5499,2.7,9437.0,2.739,0.0,2.75,2.5499,2.7,1.0,9437.0,0,05
526,2015-01-02,2.66,2.66,2.2,2.2001,3988.0,2.66,0.0,2.66,2.2,2.2001,1.0,3988.0,4,02
527,2014-12-31,2.17,2.25,2.17,2.25,600.0,2.17,0.0,2.25,2.17,2.25,1.0,600.0,2,31
528,2014-12-30,2.3,2.3001,2.3,2.3,1200.0,2.3,0.0,2.3001,2.3,2.3,1.0,1200.0,1,30
529,2014-12-29,2.3499,2.3501,2.3499,2.35,5510.0,2.3499,0.0,2.3501,2.3499,2.35,1.0,5510.0,0,29
530,2014-12-26,2.35,2.3501,2.35,2.3501,2000.0,2.35,0.0,2.3501,2.35,2.3501,1.0,2000.0,4,26
531,2014-12-24,2.35,2.35,2.35,2.35,0.0,2.35,0.0,2.35,2.35,2.35,1.0,0.0,2,24
532,2014-12-23,2.35,2.35,2.35,2.35,0.0,2.35,0.0,2.35,2.35,2.35,1.0,0.0,1,23
533,2014-12-22,2.35,2.55,2.35,2.55,2000.0,2.35,0.0,2.55,2.35,2.55,1.0,2000.0,0,22
534,2014-12-19,2.4475,2.51,2.35,2.478,3700.0,2.4475,0.0,2.51,2.35,2.478,1.0,3700.0,4,19
535,2014-12-18,2.45,2.75,2.4,2.75,2200.0,2.45,0.0,2.75,2.4,2.75,1.0,2200.0,3,18
536,2014-12-17,3.0,3.0,3.0,3.0,0.0,3.0,0.0,3.0,3.0,3.0,1.0,0.0,2,17
537,2014-12-16,3.0,3.0,2.77,2.77,2000.0,3.0,0.0,3.0,2.77,2.77,1.0,2000.0,1,16
538,2014-12-15,3.0,3.0,3.0,3.0,0.0,3.0,0.0,3.0,3.0,3.0,1.0,0.0,0,15
539,2014-12-12,3.0,3.0,3.0,3.0,100.0,3.0,0.0,3.0,3.0,3.0,1.0,100.0,4,12
540,2014-12-11,3.0,3.0,3.0,3.0,0.0,3.0,0.0,3.0,3.0,3.0,1.0,0.0,3,11
541,2014-12-10,3.0,3.0,2.95,2.95,1100.0,3.0,0.0,3.0,2.95,2.95,1.0,1100.0,2,10
542,2014-12-09,3.24,3.24,3.24,3.24,0.0,3.24,0.0,3.24,3.24,3.24,1.0,0.0,1,09
543,2014-12-08,3.24,3.24,3.24,3.24,0.0,3.24,0.0,3.24,3.24,3.24,1.0,0.0,0,08
544,2014-12-05,3.24,3.24,3.1779,3.1779,300.0,3.24,0.0,3.24,3.1779,3.1779,1.0,300.0,4,05
545,2014-12-04,3.19,3.19,3.19,3.19,0.0,3.19,0.0,3.19,3.19,3.19,1.0,0.0,3,04
546,2014-12-03,3.19,3.19,3.19,3.19,0.0,3.19,0.0,3.19,3.19,3.19,1.0,0.0,2,03
547,2014-12-02,3.19,3.19,3.19,3.19,0.0,3.19,0.0,3.19,3.19,3.19,1.0,0.0,1,02
548,2014-12-01,3.19,3.19,3.19,3.19,0.0,3.19,0.0,3.19,3.19,3.19,1.0,0.0,0,01
549,2014-11-28,3.19,3.19,3.0,3.0,700.0,3.19,0.0,3.19,3.0,3.0,1.0,700.0,4,28
550,2014-11-26,3.0,3.01,3.0,3.01,600.0,3.0,0.0,3.01,3.0,3.01,1.0,600.0,2,26
551,2014-11-25,3.31,3.31,3.31,3.31,0.0,3.31,0.0,3.31,3.31,3.31,1.0,0.0,1,25
552,2014-11-24,3.31,3.31,3.31,3.31,0.0,3.31,0.0,3.31,3.31,3.31,1.0,0.0,0,24
553,2014-11-21,3.31,3.31,3.31,3.31,0.0,3.31,0.0,3.31,3.31,3.31,1.0,0.0,4,21
554,2014-11-20,3.31,3.35,2.7001,3.35,300.0,3.31,0.0,3.35,2.7001,3.35,1.0,300.0,3,20
555,2014-11-19,3.21,3.21,2.5,2.5,900.0,3.21,0.0,3.21,2.5,2.5,1.0,900.0,2,19
556,2014-11-18,3.05,3.05,3.05,3.05,0.0,3.05,0.0,3.05,3.05,3.05,1.0,0.0,1,18
557,2014-11-17,3.05,3.05,3.05,3.05,100.0,3.05,0.0,3.05,3.05,3.05,1.0,100.0,0,17
558,2014-11-14,2.75,3.4,2.75,3.011,5500.0,2.75,0.0,3.4,2.75,3.011,1.0,5500.0,4,14
559,2014-11-13,3.4,3.4,3.4,3.4,0.0,3.4,0.0,3.4,3.4,3.4,1.0,0.0,3,13
560,2014-11-12,3.4,3.4,3.4,3.4,0.0,3.4,0.0,3.4,3.4,3.4,1.0,0.0,2,12
561,2014-11-11,3.4,3.4,3.4,3.4,0.0,3.4,0.0,3.4,3.4,3.4,1.0,0.0,1,11
562,2014-11-10,3.4,3.4,3.4,3.4,50.0,3.4,0.0,3.4,3.4,3.4,1.0,50.0,0,10
563,2014-11-07,3.4,3.4,3.4,3.4,0.0,3.4,0.0,3.4,3.4,3.4,1.0,0.0,4,07
564,2014-11-06,3.4,3.4,3.4,3.4,0.0,3.4,0.0,3.4,3.4,3.4,1.0,0.0,3,06
565,2014-11-05,3.4,3.4,3.4,3.4,0.0,3.4,0.0,3.4,3.4,3.4,1.0,0.0,2,05
566,2014-11-04,3.4,3.4,3.4,3.4,0.0,3.4,0.0,3.4,3.4,3.4,1.0,0.0,1,04
567,2014-11-03,3.4,3.4,3.4,3.4,0.0,3.4,0.0,3.4,3.4,3.4,1.0,0.0,0,03
568,2014-10-31,3.4,3.4,3.4,3.4,0.0,3.4,0.0,3.4,3.4,3.4,1.0,0.0,4,31
569,2014-10-30,3.4,3.4,3.35,3.35,1000.0,3.4,0.0,3.4,3.35,3.35,1.0,1000.0,3,30
570,2014-10-29,3.4,3.4,3.4,3.4,100.0,3.4,0.0,3.4,3.4,3.4,1.0,100.0,2,29
571,2014-10-28,3.35,3.35,3.35,3.35,0.0,3.35,0.0,3.35,3.35,3.35,1.0,0.0,1,28
572,2014-10-27,3.35,3.35,3.35,3.35,0.0,3.35,0.0,3.35,3.35,3.35,1.0,0.0,0,27
573,2014-10-24,3.35,3.35,3.35,3.35,0.0,3.35,0.0,3.35,3.35,3.35,1.0,0.0,4,24
574,2014-10-23,3.35,3.35,3.35,3.35,100.0,3.35,0.0,3.35,3.35,3.35,1.0,100.0,3,23
575,2014-10-22,3.257,3.257,3.257,3.257,100.0,3.257,0.0,3.257,3.257,3.257,1.0,100.0,2,22
576,2014-10-13,3.35,3.355,3.35,3.355,200.0,3.35,0.0,3.355,3.35,3.355,1.0,200.0,0,13
577,2014-10-09,3.4,3.4,2.91,2.91,1300.0,3.4,0.0,3.4,2.91,2.91,1.0,1300.0,3,09
578,2014-10-03,3.4,3.4,2.99,2.99,2500.0,3.4,0.0,3.4,2.99,2.99,1.0,2500.0,4,03
579,2014-10-01,3.35,3.35,2.42,3.06,5272.0,3.35,0.0,3.35,2.42,3.06,1.0,5272.0,2,01
580,2014-09-30,3.38,3.4,3.05,3.4,300.0,3.38,0.0,3.4,3.05,3.4,1.0,300.0,1,30
581,2014-09-26,3.05,3.05,3.05,3.05,200.0,3.05,0.0,3.05,3.05,3.05,1.0,200.0,4,26
582,2014-09-25,3.5,3.5,3.5,3.5,0.0,3.5,0.0,3.5,3.5,3.5,1.0,0.0,3,25
583,2014-09-24,3.5,3.5,3.5,3.5,0.0,3.5,0.0,3.5,3.5,3.5,1.0,0.0,2,24
584,2014-09-23,3.5,3.5,3.09,3.09,2000.0,3.5,0.0,3.5,3.09,3.09,1.0,2000.0,1,23
585,2014-09-22,3.5,3.5,3.09,3.266,2400.0,3.5,0.0,3.5,3.09,3.266,1.0,2400.0,0,22
586,2014-09-19,3.75,3.75,3.75,3.75,0.0,3.75,0.0,3.75,3.75,3.75,1.0,0.0,4,19
587,2014-09-18,3.75,3.75,3.75,3.75,0.0,3.75,0.0,3.75,3.75,3.75,1.0,0.0,3,18
588,2014-09-17,3.75,3.75,3.75,3.75,0.0,3.75,0.0,3.75,3.75,3.75,1.0,0.0,2,17
589,2014-09-16,3.75,3.75,3.75,3.75,0.0,3.75,0.0,3.75,3.75,3.75,1.0,0.0,1,16
590,2014-09-15,3.75,3.75,3.75,3.75,0.0,3.75,0.0,3.75,3.75,3.75,1.0,0.0,0,15
591,2014-09-12,3.75,3.75,3.75,3.75,0.0,3.75,0.0,3.75,3.75,3.75,1.0,0.0,4,12
592,2014-09-11,3.75,3.75,3.12,3.36,2900.0,3.75,0.0,3.75,3.12,3.36,1.0,2900.0,3,11
593,2014-09-10,3.783,3.84,3.32,3.81,2200.0,3.783,0.0,3.84,3.32,3.81,1.0,2200.0,2,10
594,2014-09-09,3.85,3.85,3.5,3.554,5000.0,3.85,0.0,3.85,3.5,3.554,1.0,5000.0,1,09
595,2014-09-08,3.96,3.96,3.96,3.96,0.0,3.96,0.0,3.96,3.96,3.96,1.0,0.0,0,08
596,2014-09-05,3.96,3.96,3.12,3.12,2500.0,3.96,0.0,3.96,3.12,3.12,1.0,2500.0,4,05
597,2014-09-04,3.7,3.7,3.1,3.1,2100.0,3.7,0.0,3.7,3.1,3.1,1.0,2100.0,3,04
598,2014-09-03,3.54,3.54,3.35,3.3721,3000.0,3.54,0.0,3.54,3.35,3.3721,1.0,3000.0,2,03
599,2014-09-02,3.76,3.76,2.91,2.99,5600.0,3.76,0.0,3.76,2.91,2.99,1.0,5600.0,1,02
600,2014-08-29,3.526,3.9,3.3401,3.7,7100.0,3.526,0.0,3.9,3.3401,3.7,1.0,7100.0,4,29
601,2014-08-28,3.5397,3.5645,2.9,2.9,6600.0,3.5397,0.0,3.5645,2.9,2.9,1.0,6600.0,3,28
602,2014-08-27,2.89,2.89,2.37,2.4,3000.0,2.89,0.0,2.89,2.37,2.4,1.0,3000.0,2,27
603,2014-08-26,2.55,2.73,2.4,2.73,6700.0,2.55,0.0,2.73,2.4,2.73,1.0,6700.0,1,26
604,2014-08-25,2.69,2.69,2.25,2.25,900.0,2.69,0.0,2.69,2.25,2.25,1.0,900.0,0,25
605,2014-08-22,2.75,2.75,2.75,2.75,0.0,2.75,0.0,2.75,2.75,2.75,1.0,0.0,4,22
606,2014-08-21,2.75,2.75,2.75,2.75,0.0,2.75,0.0,2.75,2.75,2.75,1.0,0.0,3,21
607,2014-08-20,2.75,2.75,2.75,2.75,0.0,2.75,0.0,2.75,2.75,2.75,1.0,0.0,2,20
608,2014-08-19,2.75,2.75,2.22,2.22,3100.0,2.75,0.0,2.75,2.22,2.22,1.0,3100.0,1,19
609,2014-08-18,2.79,2.93,2.37,2.37,12800.0,2.79,0.0,2.93,2.37,2.37,1.0,12800.0,0,18
610,2014-08-15,2.2,2.3,2.02,2.02,3700.0,2.2,0.0,2.3,2.02,2.02,1.0,3700.0,4,15
611,2014-08-14,2.02,2.04,1.9601,1.9601,1300.0,2.02,0.0,2.04,1.9601,1.9601,1.0,1300.0,3,14
612,2014-08-13,2.28,2.47,1.9001,1.96,4200.0,2.28,0.0,2.47,1.9001,1.96,1.0,4200.0,2,13
613,2014-08-12,2.39,2.39,1.96,1.96,5800.0,2.39,0.0,2.39,1.96,1.96,1.0,5800.0,1,12
614,2014-08-11,2.33,2.33,1.86,1.86,3200.0,2.33,0.0,2.33,1.86,1.86,1.0,3200.0,0,11
615,2014-08-08,2.47,2.47,2.47,2.47,0.0,2.47,0.0,2.47,2.47,2.47,1.0,0.0,4,08
616,2014-08-07,2.47,2.47,2.47,2.47,0.0,2.47,0.0,2.47,2.47,2.47,1.0,0.0,3,07
617,2014-08-06,2.47,2.47,2.0999,2.1,1300.0,2.47,0.0,2.47,2.0999,2.1,1.0,1300.0,2,06
618,2014-08-05,2.48,2.49,2.01,2.03,3100.0,2.48,0.0,2.49,2.01,2.03,1.0,3100.0,1,05
619,2014-08-04,2.49,2.49,2.02,2.04,1700.0,2.49,0.0,2.49,2.02,2.04,1.0,1700.0,0,04
620,2014-08-01,2.4,2.5,2.4,2.5,600.0,2.4,0.0,2.5,2.4,2.5,1.0,600.0,4,01
621,2014-07-31,2.5,2.5,2.4,2.5,3900.0,2.5,0.0,2.5,2.4,2.5,1.0,3900.0,3,31
622,2014-07-30,2.0,2.45,1.8101,1.97,2200.0,2.0,0.0,2.45,1.8101,1.97,1.0,2200.0,2,30
623,2014-07-29,2.6,2.6,2.6,2.6,0.0,2.6,0.0,2.6,2.6,2.6,1.0,0.0,1,29
624,2014-07-28,2.6,2.6,2.6,2.6,0.0,2.6,0.0,2.6,2.6,2.6,1.0,0.0,0,28
625,2014-07-25,2.6,2.6,2.6,2.6,0.0,2.6,0.0,2.6,2.6,2.6,1.0,0.0,4,25
626,2014-07-24,2.6,2.6,2.6,2.6,0.0,2.6,0.0,2.6,2.6,2.6,1.0,0.0,3,24
627,2014-07-23,2.6,2.6,2.6,2.6,0.0,2.6,0.0,2.6,2.6,2.6,1.0,0.0,2,23
628,2014-07-22,2.6,2.6,2.6,2.6,0.0,2.6,0.0,2.6,2.6,2.6,1.0,0.0,1,22
629,2014-07-21,2.6,2.6,2.25,2.3,700.0,2.6,0.0,2.6,2.25,2.3,1.0,700.0,0,21
630,2014-07-18,2.6,2.6,2.6,2.6,0.0,2.6,0.0,2.6,2.6,2.6,1.0,0.0,4,18
631,2014-07-17,2.64,2.64,2.64,2.64,0.0,2.64,0.0,2.64,2.64,2.64,1.0,0.0,3,17
632,2014-07-16,2.64,2.64,2.64,2.64,0.0,2.64,0.0,2.64,2.64,2.64,1.0,0.0,2,16
633,2014-07-15,2.64,2.64,2.64,2.64,0.0,2.64,0.0,2.64,2.64,2.64,1.0,0.0,1,15
634,2014-07-14,2.64,2.64,2.48,2.54,700.0,2.64,0.0,2.64,2.48,2.54,1.0,700.0,0,14
635,2014-07-11,2.7,2.7,2.7,2.7,0.0,2.7,0.0,2.7,2.7,2.7,1.0,0.0,4,11
636,2014-07-10,2.7,2.7,2.25,2.68,1800.0,2.7,0.0,2.7,2.25,2.68,1.0,1800.0,3,10
637,2014-07-09,2.61,2.62,2.25,2.27,1000.0,2.61,0.0,2.62,2.25,2.27,1.0,1000.0,2,09
638,2014-07-08,2.75,2.75,2.75,2.75,0.0,2.75,0.0,2.75,2.75,2.75,1.0,0.0,1,08
639,2014-07-07,2.75,2.75,2.75,2.75,100.0,2.75,0.0,2.75,2.75,2.75,1.0,100.0,0,07
640,2014-07-03,2.7,2.7,2.7,2.7,100.0,2.7,0.0,2.7,2.7,2.7,1.0,100.0,3,03
641,2014-07-02,2.71,2.71,2.71,2.71,0.0,2.71,0.0,2.71,2.71,2.71,1.0,0.0,2,02
642,2014-07-01,2.71,2.71,2.71,2.71,0.0,2.71,0.0,2.71,2.71,2.71,1.0,0.0,1,01
643,2014-06-30,2.71,2.71,2.71,2.71,0.0,2.71,0.0,2.71,2.71,2.71,1.0,0.0,0,30
644,2014-06-27,2.71,2.71,2.71,2.71,0.0,2.71,0.0,2.71,2.71,2.71,1.0,0.0,4,27
645,2014-06-26,2.71,2.71,2.35,2.35,300.0,2.71,0.0,2.71,2.35,2.35,1.0,300.0,3,26
646,2014-06-25,2.67,2.67,2.67,2.67,0.0,2.67,0.0,2.67,2.67,2.67,1.0,0.0,2,25
647,2014-06-24,2.67,2.67,2.67,2.67,0.0,2.67,0.0,2.67,2.67,2.67,1.0,0.0,1,24
648,2014-06-23,2.67,2.67,2.67,2.67,0.0,2.67,0.0,2.67,2.67,2.67,1.0,0.0,0,23
649,2014-06-20,2.67,2.67,2.67,2.67,0.0,2.67,0.0,2.67,2.67,2.67,1.0,0.0,4,20
650,2014-06-19,2.67,2.67,2.67,2.67,0.0,2.67,0.0,2.67,2.67,2.67,1.0,0.0,3,19
651,2014-06-18,2.67,2.67,2.63,2.63,800.0,2.67,0.0,2.67,2.63,2.63,1.0,800.0,2,18
652,2014-06-17,2.56,2.56,2.3,2.31,1000.0,2.56,0.0,2.56,2.3,2.31,1.0,1000.0,1,17
653,2014-06-16,2.49,2.49,2.49,2.49,200.0,2.49,0.0,2.49,2.49,2.49,1.0,200.0,0,16
654,2014-06-13,2.4,2.53,2.35,2.53,1800.0,2.4,0.0,2.53,2.35,2.53,1.0,1800.0,4,13
655,2014-06-12,2.53,2.53,2.53,2.53,0.0,2.53,0.0,2.53,2.53,2.53,1.0,0.0,3,12
656,2014-06-11,2.53,2.53,2.53,2.53,0.0,2.53,0.0,2.53,2.53,2.53,1.0,0.0,2,11
657,2014-06-10,2.53,2.53,2.53,2.53,0.0,2.53,0.0,2.53,2.53,2.53,1.0,0.0,1,10
658,2014-06-09,2.53,2.53,2.53,2.53,100.0,2.53,0.0,2.53,2.53,2.53,1.0,100.0,0,09
659,2014-06-06,2.45,2.5685,2.35,2.42,4200.0,2.45,0.0,2.5685,2.35,2.42,1.0,4200.0,4,06
660,2014-06-05,2.8,2.8,2.4,2.4,3600.0,2.8,0.0,2.8,2.4,2.4,1.0,3600.0,3,05
661,2014-06-04,2.95,2.95,2.95,2.95,0.0,2.95,0.0,2.95,2.95,2.95,1.0,0.0,2,04
662,2014-06-03,2.95,2.95,2.95,2.95,0.0,2.95,0.0,2.95,2.95,2.95,1.0,0.0,1,03
663,2014-06-02,2.95,2.95,2.5,2.54,1400.0,2.95,0.0,2.95,2.5,2.54,1.0,1400.0,0,02
664,2014-05-30,2.79,2.79,2.79,2.79,400.0,2.79,0.0,2.79,2.79,2.79,1.0,400.0,4,30
665,2014-05-29,2.4,2.4,2.3,2.4,1700.0,2.4,0.0,2.4,2.3,2.4,1.0,1700.0,3,29
666,2014-05-28,2.73,2.73,2.73,2.73,0.0,2.73,0.0,2.73,2.73,2.73,1.0,0.0,2,28
667,2014-05-27,2.73,3.0,2.1826,3.0,3800.0,2.73,0.0,3.0,2.1826,3.0,1.0,3800.0,1,27
668,2014-05-23,2.8,2.95,1.6,2.95,4600.0,2.8,0.0,2.95,1.6,2.95,1.0,4600.0,4,23
669,2014-05-22,2.95,2.95,2.95,2.95,0.0,2.95,0.0,2.95,2.95,2.95,1.0,0.0,3,22
670,2014-05-21,2.95,2.96,2.0,2.86,2400.0,2.95,0.0,2.96,2.0,2.86,1.0,2400.0,2,21
671,2014-05-20,2.9592,2.9592,2.35,2.5,1700.0,2.9592,0.0,2.9592,2.35,2.5,1.0,1700.0,1,20
672,2014-05-19,2.5,2.9,2.5,2.9,900.0,2.5,0.0,2.9,2.5,2.9,1.0,900.0,0,19
673,2014-05-16,2.06,2.8,2.06,2.8,1300.0,2.06,0.0,2.8,2.06,2.8,1.0,1300.0,4,16
674,2014-05-15,2.85,2.85,2.85,2.85,100.0,2.85,0.0,2.85,2.85,2.85,1.0,100.0,3,15
675,2014-05-14,2.99,3.14,2.62,3.14,7200.0,2.99,0.0,3.14,2.62,3.14,1.0,7200.0,2,14
676,2014-05-13,3.5,3.5,3.05,3.5,400.0,3.5,0.0,3.5,3.05,3.5,1.0,400.0,1,13
677,2014-05-12,3.5,3.75,3.0,3.5,8200.0,3.5,0.0,3.75,3.0,3.5,1.0,8200.0,0,12
678,2014-05-09,4.0,4.0,4.0,4.0,100.0,4.0,0.0,4.0,4.0,4.0,1.0,100.0,4,09
679,2014-05-08,3.5,4.18,3.4,3.4,1300.0,3.5,0.0,4.18,3.4,3.4,1.0,1300.0,3,08
680,2014-05-07,4.16,4.16,4.16,4.16,0.0,4.16,0.0,4.16,4.16,4.16,1.0,0.0,2,07
681,2014-05-06,4.16,4.16,4.16,4.16,0.0,4.16,0.0,4.16,4.16,4.16,1.0,0.0,1,06
682,2014-05-05,4.16,4.16,3.65,3.67,1000.0,4.16,0.0,4.16,3.65,3.67,1.0,1000.0,0,05
683,2014-05-02,4.2,4.2,4.2,4.2,0.0,4.2,0.0,4.2,4.2,4.2,1.0,0.0,4,02
684,2014-05-01,4.2,4.2,4.2,4.2,0.0,4.2,0.0,4.2,4.2,4.2,1.0,0.0,3,01
685,2014-04-30,4.2,4.3,3.5,4.3,700.0,4.2,0.0,4.3,3.5,4.3,1.0,700.0,2,30
686,2014-04-29,4.19,4.19,4.19,4.19,0.0,4.19,0.0,4.19,4.19,4.19,1.0,0.0,1,29
687,2014-04-28,4.19,4.3,4.17,4.17,300.0,4.19,0.0,4.3,4.17,4.17,1.0,300.0,0,28
688,2014-04-25,4.0,4.04,2.17,3.1,6500.0,4.0,0.0,4.04,2.17,3.1,1.0,6500.0,4,25
689,2014-04-24,3.82,3.82,3.82,3.82,0.0,3.82,0.0,3.82,3.82,3.82,1.0,0.0,3,24
690,2014-04-23,4.18,4.18,4.18,4.18,0.0,4.18,0.0,4.18,4.18,4.18,1.0,0.0,2,23
691,2014-04-22,4.18,4.18,4.18,4.18,1200.0,4.18,0.0,4.18,4.18,4.18,1.0,1200.0,1,22
692,2014-04-21,4.2,4.2,4.2,4.2,400.0,4.2,0.0,4.2,4.2,4.2,1.0,400.0,0,21
693,2014-04-17,3.77,3.77,3.77,3.77,800.0,3.77,0.0,3.77,3.77,3.77,1.0,800.0,3,17
694,2014-04-16,4.11,4.11,3.65,4.0,1700.0,4.11,0.0,4.11,3.65,4.0,1.0,1700.0,2,16
695,2014-04-15,3.34,4.03,3.25,3.25,2800.0,3.34,0.0,4.03,3.25,3.25,1.0,2800.0,1,15
696,2014-04-14,4.22,4.22,4.22,4.22,0.0,4.22,0.0,4.22,4.22,4.22,1.0,0.0,0,14
697,2014-04-11,4.22,4.22,3.0132,3.0132,1100.0,4.22,0.0,4.22,3.0132,3.0132,1.0,1100.0,4,11
698,2014-04-10,4.16,4.16,3.95,4.0,5100.0,4.16,0.0,4.16,3.95,4.0,1.0,5100.0,3,10
699,2014-04-09,4.35,4.35,4.35,4.35,0.0,4.35,0.0,4.35,4.35,4.35,1.0,0.0,2,09
700,2014-04-08,4.35,4.35,4.29,4.29,300.0,4.35,0.0,4.35,4.29,4.29,1.0,300.0,1,08
701,2014-04-07,4.15,4.15,4.15,4.15,300.0,4.15,0.0,4.15,4.15,4.15,1.0,300.0,0,07
702,2014-04-04,4.32,4.32,4.32,4.32,0.0,4.32,0.0,4.32,4.32,4.32,1.0,0.0,4,04
703,2014-04-03,4.32,4.4,4.01,4.09,1500.0,4.32,0.0,4.4,4.01,4.09,1.0,1500.0,3,03
704,2014-04-02,4.38,4.38,4.0,4.01,4500.0,4.38,0.0,4.38,4.0,4.01,1.0,4500.0,2,02
705,2014-04-01,4.44,4.44,4.44,4.44,0.0,4.44,0.0,4.44,4.44,4.44,1.0,0.0,1,01
706,2014-03-31,4.44,4.47,4.44,4.45,600.0,4.44,0.0,4.47,4.44,4.45,1.0,600.0,0,31
707,2014-03-28,4.03,4.05,4.02,4.05,1500.0,4.03,0.0,4.05,4.02,4.05,1.0,1500.0,4,28
708,2014-03-27,4.35,4.35,4.35,4.35,0.0,4.35,0.0,4.35,4.35,4.35,1.0,0.0,3,27
709,2014-03-26,4.35,4.35,4.35,4.35,100.0,4.35,0.0,4.35,4.35,4.35,1.0,100.0,2,26
710,2014-03-25,4.49,4.49,4.49,4.49,0.0,4.49,0.0,4.49,4.49,4.49,1.0,0.0,1,25
711,2014-03-24,4.49,4.49,4.49,4.49,0.0,4.49,0.0,4.49,4.49,4.49,1.0,0.0,0,24
712,2014-03-21,4.49,4.49,4.49,4.49,0.0,4.49,0.0,4.49,4.49,4.49,1.0,0.0,4,21
713,2014-03-20,4.49,4.49,4.49,4.49,0.0,4.49,0.0,4.49,4.49,4.49,1.0,0.0,3,20
714,2014-03-19,4.49,4.49,4.36,4.36,500.0,4.49,0.0,4.49,4.36,4.36,1.0,500.0,2,19
715,2014-03-18,4.49,4.49,4.47,4.47,300.0,4.49,0.0,4.49,4.47,4.47,1.0,300.0,1,18
716,2014-03-17,4.0001,4.5,4.0,4.02,4500.0,4.0001,0.0,4.5,4.0,4.02,1.0,4500.0,0,17
717,2014-03-14,4.4,4.4,4.4,4.4,0.0,4.4,0.0,4.4,4.4,4.4,1.0,0.0,4,14
718,2014-03-13,4.4,4.4,4.4,4.4,0.0,4.4,0.0,4.4,4.4,4.4,1.0,0.0,3,13
719,2014-03-12,4.4,4.4,4.4,4.4,0.0,4.4,0.0,4.4,4.4,4.4,1.0,0.0,2,12
720,2014-03-11,4.4,4.4,4.4,4.4,0.0,4.4,0.0,4.4,4.4,4.4,1.0,0.0,1,11
721,2014-03-10,4.4,4.4,4.4,4.4,0.0,4.4,0.0,4.4,4.4,4.4,1.0,0.0,0,10
722,2014-03-07,4.4,4.4,4.4,4.4,0.0,4.4,0.0,4.4,4.4,4.4,1.0,0.0,4,07
723,2014-03-06,4.4,4.4,3.995,4.02,700.0,4.4,0.0,4.4,3.995,4.02,1.0,700.0,3,06
724,2014-03-05,4.38,4.38,4.3,4.35,600.0,4.38,0.0,4.38,4.3,4.35,1.0,600.0,2,05
725,2014-03-04,4.38,4.38,4.325,4.325,300.0,4.38,0.0,4.38,4.325,4.325,1.0,300.0,1,04
726,2014-03-03,4.39,4.39,4.0,4.0,800.0,4.39,0.0,4.39,4.0,4.0,1.0,800.0,0,03
727,2014-02-28,4.4,4.4,4.12,4.12,700.0,4.4,0.0,4.4,4.12,4.12,1.0,700.0,4,28
728,2014-02-27,4.39,4.44,4.28,4.28,8400.0,4.39,0.0,4.44,4.28,4.28,1.0,8400.0,3,27
729,2014-02-26,4.29,4.29,4.0,4.0,600.0,4.29,0.0,4.29,4.0,4.0,1.0,600.0,2,26
730,2014-02-25,4.2443,4.2443,4.2443,4.2443,200.0,4.2443,0.0,4.2443,4.2443,4.2443,1.0,200.0,1,25
731,2014-02-24,4.29,4.29,4.0,4.0,300.0,4.29,0.0,4.29,4.0,4.0,1.0,300.0,0,24
732,2014-02-21,4.29,4.32,4.0,4.06,3800.0,4.29,0.0,4.32,4.0,4.06,1.0,3800.0,4,21
733,2014-02-20,4.24,4.3485,4.1,4.3401,3800.0,4.24,0.0,4.3485,4.1,4.3401,1.0,3800.0,3,20
734,2014-02-19,4.34,4.34,4.0,4.0,3100.0,4.34,0.0,4.34,4.0,4.0,1.0,3100.0,2,19
735,2014-02-18,4.25,4.25,4.1,4.1,700.0,4.25,0.0,4.25,4.1,4.1,1.0,700.0,1,18
736,2014-02-14,4.25,4.25,4.0,4.0,700.0,4.25,0.0,4.25,4.0,4.0,1.0,700.0,4,14
737,2014-02-13,4.28,4.3,3.85,4.03,4900.0,4.28,0.0,4.3,3.85,4.03,1.0,4900.0,3,13
738,2014-02-12,4.35,4.35,4.25,4.25,700.0,4.35,0.0,4.35,4.25,4.25,1.0,700.0,2,12
739,2014-02-11,4.27,4.27,4.01,4.045,1100.0,4.27,0.0,4.27,4.01,4.045,1.0,1100.0,1,11
740,2014-02-10,4.344,4.4,3.98,4.16,5500.0,4.344,0.0,4.4,3.98,4.16,1.0,5500.0,0,10
741,2014-02-07,4.2935,4.2935,3.5681,3.75,2300.0,4.2935,0.0,4.2935,3.5681,3.75,1.0,2300.0,4,07
742,2014-02-06,4.27,4.27,3.644,3.65,900.0,4.27,0.0,4.27,3.644,3.65,1.0,900.0,3,06
743,2014-02-05,4.3,4.3,4.3,4.3,0.0,4.3,0.0,4.3,4.3,4.3,1.0,0.0,2,05
744,2014-02-04,4.3,4.3,4.3,4.3,100.0,4.3,0.0,4.3,4.3,4.3,1.0,100.0,1,04
745,2014-02-03,4.19,4.19,4.19,4.19,100.0,4.19,0.0,4.19,4.19,4.19,1.0,100.0,0,03
746,2014-01-31,4.3,4.3,4.3,4.3,100.0,4.3,0.0,4.3,4.3,4.3,1.0,100.0,4,31
747,2014-01-30,4.29,4.29,4.29,4.29,100.0,4.29,0.0,4.29,4.29,4.29,1.0,100.0,3,30
748,2014-01-29,4.34,4.34,4.34,4.34,100.0,4.34,0.0,4.34,4.34,4.34,1.0,100.0,2,29
749,2014-01-28,4.37,4.37,4.3,4.3,800.0,4.37,0.0,4.37,4.3,4.3,1.0,800.0,1,28
750,2014-01-27,4.3,4.3,4.08,4.09,1200.0,4.3,0.0,4.3,4.08,4.09,1.0,1200.0,0,27
751,2014-01-24,4.39,4.39,3.6,3.6,1500.0,4.39,0.0,4.39,3.6,3.6,1.0,1500.0,4,24
752,2014-01-23,4.4,4.45,3.71,4.42,2300.0,4.4,0.0,4.45,3.71,4.42,1.0,2300.0,3,23
753,2014-01-22,4.39,4.39,3.85,3.85,3300.0,4.39,0.0,4.39,3.85,3.85,1.0,3300.0,2,22
754,2014-01-21,4.44,4.44,4.22,4.29,2600.0,4.44,0.0,4.44,4.22,4.29,1.0,2600.0,1,21
755,2014-01-17,3.95,4.0,3.05,3.77,9100.0,3.95,0.0,4.0,3.05,3.77,1.0,9100.0,4,17
756,2014-01-16,4.4,4.4,4.4,4.4,0.0,4.4,0.0,4.4,4.4,4.4,1.0,0.0,3,16
757,2014-01-15,4.4,4.4,4.4,4.4,0.0,4.4,0.0,4.4,4.4,4.4,1.0,0.0,2,15
758,2014-01-14,4.4,4.4,4.4,4.4,100.0,4.4,0.0,4.4,4.4,4.4,1.0,100.0,1,14
759,2014-01-13,3.9,3.95,3.9,3.9215,1600.0,3.9,0.0,3.95,3.9,3.9215,1.0,1600.0,0,13
760,2014-01-10,4.4,4.4,4.4,4.4,0.0,4.4,0.0,4.4,4.4,4.4,1.0,0.0,4,10
761,2014-01-09,4.4,4.4,4.4,4.4,100.0,4.4,0.0,4.4,4.4,4.4,1.0,100.0,3,09
762,2014-01-08,4.42,4.42,3.64,3.64,4300.0,4.42,0.0,4.42,3.64,3.64,1.0,4300.0,2,08
763,2014-01-07,3.64,3.64,3.61,3.61,800.0,3.64,0.0,3.64,3.61,3.61,1.0,800.0,1,07
764,2014-01-06,3.6,3.6,3.05,3.0715,400.0,3.6,0.0,3.6,3.05,3.0715,1.0,400.0,0,06
765,2014-01-03,3.6399,3.6399,3.6135,3.6135,200.0,3.6399,0.0,3.6399,3.6135,3.6135,1.0,200.0,4,03
766,2014-01-02,3.62,3.62,3.62,3.62,0.0,3.62,0.0,3.62,3.62,3.62,1.0,0.0,3,02
767,2013-12-31,3.62,3.62,3.15,3.15,700.0,3.62,0.0,3.62,3.15,3.15,1.0,700.0,1,31
768,2013-12-30,3.5,3.5,2.13,2.84,2800.0,3.5,0.0,3.5,2.13,2.84,1.0,2800.0,0,30
769,2013-12-27,3.65,3.65,3.64,3.64,1300.0,3.65,0.0,3.65,3.64,3.64,1.0,1300.0,4,27
770,2013-12-26,3.63,3.63,3.63,3.63,200.0,3.63,0.0,3.63,3.63,3.63,1.0,200.0,3,26
771,2013-12-24,3.2,3.2,3.2,3.2,100.0,3.2,0.0,3.2,3.2,3.2,1.0,100.0,1,24
772,2013-12-23,3.1,3.1,3.1,3.1,0.0,3.1,0.0,3.1,3.1,3.1,1.0,0.0,0,23
773,2013-12-20,3.0999,3.1,2.64,2.83,6600.0,3.0999,0.0,3.1,2.64,2.83,1.0,6600.0,4,20
774,2013-12-19,3.07,3.18,2.9,2.9,1700.0,3.07,0.0,3.18,2.9,2.9,1.0,1700.0,3,19
775,2013-12-18,3.199,3.199,2.91,3.03,7500.0,3.199,0.0,3.199,2.91,3.03,1.0,7500.0,2,18
776,2013-12-17,3.18,3.515,3.18,3.4,600.0,3.18,0.0,3.515,3.18,3.4,1.0,600.0,1,17
777,2013-12-16,3.29,3.3,3.2,3.3,600.0,3.29,0.0,3.3,3.2,3.3,1.0,600.0,0,16
778,2013-12-13,3.66,3.66,3.66,3.66,0.0,3.66,0.0,3.66,3.66,3.66,1.0,0.0,4,13
779,2013-12-12,3.66,3.66,3.66,3.66,100.0,3.66,0.0,3.66,3.66,3.66,1.0,100.0,3,12
780,2013-12-11,3.85,3.85,3.6501,3.6501,400.0,3.85,0.0,3.85,3.6501,3.6501,1.0,400.0,2,11
781,2013-12-10,3.88,3.88,3.85,3.85,500.0,3.88,0.0,3.88,3.85,3.85,1.0,500.0,1,10
782,2013-12-09,3.89,3.89,3.89,3.89,0.0,3.89,0.0,3.89,3.89,3.89,1.0,0.0,0,09
783,2013-12-06,3.89,3.89,3.89,3.89,0.0,3.89,0.0,3.89,3.89,3.89,1.0,0.0,4,06
784,2013-12-05,3.89,3.89,3.89,3.89,0.0,3.89,0.0,3.89,3.89,3.89,1.0,0.0,3,05
785,2013-12-04,3.89,3.89,3.89,3.89,300.0,3.89,0.0,3.89,3.89,3.89,1.0,300.0,2,04
786,2013-12-03,3.8001,3.8899,3.8001,3.8899,500.0,3.8001,0.0,3.8899,3.8001,3.8899,1.0,500.0,1,03
787,2013-12-02,3.9,3.9001,3.899,3.9001,3500.0,3.9,0.0,3.9001,3.899,3.9001,1.0,3500.0,0,02
788,2013-11-29,3.67,3.67,3.67,3.67,0.0,3.67,0.0,3.67,3.67,3.67,1.0,0.0,4,29
789,2013-11-27,4.0,4.0,4.0,4.0,0.0,4.0,0.0,4.0,4.0,4.0,1.0,0.0,2,27
790,2013-11-26,4.0,4.25,3.9,4.0,3900.0,4.0,0.0,4.25,3.9,4.0,1.0,3900.0,1,26
791,2013-11-25,4.39,4.39,4.39,4.39,500.0,4.39,0.0,4.39,4.39,4.39,1.0,500.0,0,25
792,2013-11-22,4.35,4.41,4.0,4.41,900.0,4.35,0.0,4.41,4.0,4.41,1.0,900.0,4,22
793,2013-11-21,4.15,4.47,4.149,4.4,1800.0,4.15,0.0,4.47,4.149,4.4,1.0,1800.0,3,21
794,2013-11-20,4.2,4.2,4.2,4.2,100.0,4.2,0.0,4.2,4.2,4.2,1.0,100.0,2,20
795,2013-11-19,4.19,4.2,4.12,4.2,500.0,4.19,0.0,4.2,4.12,4.2,1.0,500.0,1,19
796,2013-11-18,4.4,4.4999,4.4,4.4999,1400.0,4.4,0.0,4.4999,4.4,4.4999,1.0,1400.0,0,18
797,2013-11-15,4.479,4.499,4.15,4.15,1800.0,4.479,0.0,4.499,4.15,4.15,1.0,1800.0,4,15
798,2013-11-14,4.57,4.57,4.269,4.33,500.0,4.57,0.0,4.57,4.269,4.33,1.0,500.0,3,14
799,2013-11-13,4.69,4.69,4.399,4.43,2000.0,4.69,0.0,4.69,4.399,4.43,1.0,2000.0,2,13
800,2013-11-12,4.85,4.89,4.4,4.89,2200.0,4.85,0.0,4.89,4.4,4.89,1.0,2200.0,1,12
801,2013-11-11,4.95,4.95,4.6,4.6,1500.0,4.95,0.0,4.95,4.6,4.6,1.0,1500.0,0,11
802,2013-11-08,5.12,5.12,5.12,5.12,100.0,5.12,0.0,5.12,5.12,5.12,1.0,100.0,4,08
803,2013-11-07,4.71,5.22,4.2501,5.22,3400.0,4.71,0.0,5.22,4.2501,5.22,1.0,3400.0,3,07
804,2013-11-06,4.8,4.86,4.5,4.86,300.0,4.8,0.0,4.86,4.5,4.86,1.0,300.0,2,06
805,2013-11-05,4.695,4.7069,3.75,4.54,18400.0,4.695,0.0,4.7069,3.75,4.54,1.0,18400.0,1,05
806,2013-11-04,4.95,6.25,4.31,5.4,8000.0,4.95,0.0,6.25,4.31,5.4,1.0,8000.0,0,04
807,2013-11-01,5.45,5.45,4.2001,4.5,2500.0,5.45,0.0,5.45,4.2001,4.5,1.0,2500.0,4,01
808,2013-10-31,5.47,5.47,4.5,4.5,400.0,5.47,0.0,5.47,4.5,4.5,1.0,400.0,3,31
809,2013-10-30,5.07,5.83,4.47,5.83,1400.0,5.07,0.0,5.83,4.47,5.83,1.0,1400.0,2,30
810,2013-10-29,5.4,5.59,4.75,5.01,4600.0,5.4,0.0,5.59,4.75,5.01,1.0,4600.0,1,29
811,2013-10-28,5.68,6.25,5.07,6.25,1600.0,5.68,0.0,6.25,5.07,6.25,1.0,1600.0,0,28
812,2013-10-25,5.82,6.295,5.78,6.295,1100.0,5.82,0.0,6.295,5.78,6.295,1.0,1100.0,4,25
813,2013-10-24,6.34,6.34,6.34,6.34,0.0,6.34,0.0,6.34,6.34,6.34,1.0,0.0,3,24
814,2013-10-23,6.34,6.34,6.34,6.34,100.0,6.34,0.0,6.34,6.34,6.34,1.0,100.0,2,23
815,2013-10-22,5.94,6.09,5.46,6.09,5900.0,5.94,0.0,6.09,5.46,6.09,1.0,5900.0,1,22
816,2013-10-21,5.9,5.9,5.9,5.9,800.0,5.9,0.0,5.9,5.9,5.9,1.0,800.0,0,21
817,2013-10-18,6.32,6.32,6.3,6.3,600.0,6.32,0.0,6.32,6.3,6.3,1.0,600.0,4,18
818,2013-10-17,6.43,6.43,5.93,5.93,200.0,6.43,0.0,6.43,5.93,5.93,1.0,200.0,3,17
819,2013-10-16,5.7888,5.7888,4.9,5.2,1400.0,5.7888,0.0,5.7888,4.9,5.2,1.0,1400.0,2,16
820,2013-10-15,5.9,5.9,5.55,5.55,400.0,5.9,0.0,5.9,5.55,5.55,1.0,400.0,1,15
821,2013-10-14,5.499,5.499,5.499,5.499,500.0,5.499,0.0,5.499,5.499,5.499,1.0,500.0,0,14
822,2013-10-11,5.75,5.95,4.07,5.8,5600.0,5.75,0.0,5.95,4.07,5.8,1.0,5600.0,4,11
823,2013-10-10,5.85,5.85,5.85,5.85,0.0,5.85,0.0,5.85,5.85,5.85,1.0,0.0,3,10
824,2013-10-09,5.85,5.85,5.85,5.85,0.0,5.85,0.0,5.85,5.85,5.85,1.0,0.0,2,09
825,2013-10-08,5.85,6.18,5.85,6.18,2200.0,5.85,0.0,6.18,5.85,6.18,1.0,2200.0,1,08
826,2013-10-07,6.35,6.35,6.35,6.35,0.0,6.35,0.0,6.35,6.35,6.35,1.0,0.0,0,07
827,2013-10-04,6.3499,6.45,5.49,6.18,2700.0,6.3499,0.0,6.45,5.49,6.18,1.0,2700.0,4,04
828,2013-10-03,5.9,5.9,5.9,5.9,0.0,5.9,0.0,5.9,5.9,5.9,1.0,0.0,3,03
829,2013-10-02,5.9,5.93,5.2604,5.9,2000.0,5.9,0.0,5.93,5.2604,5.9,1.0,2000.0,2,02
830,2013-10-01,5.75,5.9,5.25,5.25,16500.0,5.75,0.0,5.9,5.25,5.25,1.0,16500.0,1,01
831,2013-09-30,5.25,5.25,4.81,5.25,400.0,5.25,0.0,5.25,4.81,5.25,1.0,400.0,0,30
832,2013-09-27,4.95,5.25,4.72,5.25,7400.0,4.95,0.0,5.25,4.72,5.25,1.0,7400.0,4,27
833,2013-09-26,4.9,4.9,4.9,4.9,0.0,4.9,0.0,4.9,4.9,4.9,1.0,0.0,3,26
834,2013-09-25,4.9,5.22,4.76,4.78,1700.0,4.9,0.0,5.22,4.76,4.78,1.0,1700.0,2,25
835,2013-09-24,5.12,5.235,5.12,5.235,300.0,5.12,0.0,5.235,5.12,5.235,1.0,300.0,1,24
836,2013-09-23,5.013,5.013,5.013,5.013,500.0,5.013,0.0,5.013,5.013,5.013,1.0,500.0,0,23
837,2013-09-20,5.25,5.25,4.5,4.5,1700.0,5.25,0.0,5.25,4.5,4.5,1.0,1700.0,4,20
838,2013-09-19,5.05,5.2499,4.03,4.03,3500.0,5.05,0.0,5.2499,4.03,4.03,1.0,3500.0,3,19
839,2013-09-18,5.25,5.25,4.8,5.25,700.0,5.25,0.0,5.25,4.8,5.25,1.0,700.0,2,18
840,2013-09-17,5.25,5.25,4.73,4.75,4300.0,5.25,0.0,5.25,4.73,4.75,1.0,4300.0,1,17
841,2013-09-16,4.91,5.25,4.25,5.25,10300.0,4.91,0.0,5.25,4.25,5.25,1.0,10300.0,0,16
842,2013-09-13,5.07,5.25,4.9,5.0,4000.0,5.07,0.0,5.25,4.9,5.0,1.0,4000.0,4,13
843,2013-09-12,5.35,5.38,4.65,5.38,4300.0,5.35,0.0,5.38,4.65,5.38,1.0,4300.0,3,12
844,2013-09-11,5.38,5.39,5.2,5.25,900.0,5.38,0.0,5.39,5.2,5.25,1.0,900.0,2,11
845,2013-09-10,5.4,5.4,5.4,5.4,0.0,5.4,0.0,5.4,5.4,5.4,1.0,0.0,1,10
846,2013-09-09,5.4,5.75,5.02,5.75,5000.0,5.4,0.0,5.75,5.02,5.75,1.0,5000.0,0,09
847,2013-09-06,5.75,6.1499,5.0,6.1499,25000.0,5.75,0.0,6.1499,5.0,6.1499,1.0,25000.0,4,06
848,2013-09-05,6.1,6.2,5.89,6.2,500.0,6.1,0.0,6.2,5.89,6.2,1.0,500.0,3,05
849,2013-09-04,6.2,6.5,6.2,6.29,400.0,6.2,0.0,6.5,6.2,6.29,1.0,400.0,2,04
850,2013-09-03,6.2,6.2,6.2,6.2,0.0,6.2,0.0,6.2,6.2,6.2,1.0,0.0,1,03
851,2013-08-30,6.2,6.85,6.2,6.85,700.0,6.2,0.0,6.85,6.2,6.85,1.0,700.0,4,30
852,2013-08-29,6.85,6.85,6.85,6.85,100.0,6.85,0.0,6.85,6.85,6.85,1.0,100.0,3,29
853,2013-08-28,6.85,6.85,6.2,6.2,2800.0,6.85,0.0,6.85,6.2,6.2,1.0,2800.0,2,28
854,2013-08-27,6.8,6.8,6.7,6.7,200.0,6.8,0.0,6.8,6.7,6.7,1.0,200.0,1,27
855,2013-08-26,6.9,6.98,6.7,6.7,1600.0,6.9,0.0,6.98,6.7,6.7,1.0,1600.0,0,26
856,2013-08-23,6.75,6.75,6.48,6.7499,1200.0,6.75,0.0,6.75,6.48,6.7499,1.0,1200.0,4,23
857,2013-08-22,6.6,6.63,6.07,6.3224,2200.0,6.6,0.0,6.63,6.07,6.3224,1.0,2200.0,3,22
858,2013-08-21,6.49,6.71,5.73,6.71,7100.0,6.49,0.0,6.71,5.73,6.71,1.0,7100.0,2,21
859,2013-08-20,6.42,6.5,5.7501,6.0,6600.0,6.42,0.0,6.5,5.7501,6.0,1.0,6600.0,1,20
860,2013-08-19,6.66,6.9799,6.5,6.9799,900.0,6.66,0.0,6.9799,6.5,6.9799,1.0,900.0,0,19
861,2013-08-16,6.99,6.99,6.99,6.99,0.0,6.99,0.0,6.99,6.99,6.99,1.0,0.0,4,16
862,2013-08-15,6.99,6.99,6.25,6.2501,3900.0,6.99,0.0,6.99,6.25,6.2501,1.0,3900.0,3,15
863,2013-08-14,6.9999,6.9999,6.9999,6.9999,100.0,6.9999,0.0,6.9999,6.9999,6.9999,1.0,100.0,2,14
864,2013-08-13,7.1,7.1,7.1,7.1,0.0,7.1,0.0,7.1,7.1,7.1,1.0,0.0,1,13
865,2013-08-12,7.1,7.1,5.7601,5.7601,3200.0,7.1,0.0,7.1,5.7601,5.7601,1.0,3200.0,0,12
866,2013-08-09,7.0,7.0,6.57,6.57,1500.0,7.0,0.0,7.0,6.57,6.57,1.0,1500.0,4,09
867,2013-08-08,7.0,7.17,6.76,6.76,3200.0,7.0,0.0,7.17,6.76,6.76,1.0,3200.0,3,08
868,2013-08-07,7.24,7.28,5.12,7.2,38200.0,7.24,0.0,7.28,5.12,7.2,1.0,38200.0,2,07
869,2013-08-06,7.16,7.16,6.549,7.0,9100.0,7.16,0.0,7.16,6.549,7.0,1.0,9100.0,1,06
870,2013-08-05,7.0,7.25,6.54,7.22,18700.0,7.0,0.0,7.25,6.54,7.22,1.0,18700.0,0,05
871,2013-08-02,7.22,7.45,6.25,7.45,12600.0,7.22,0.0,7.45,6.25,7.45,1.0,12600.0,4,02
872,2013-08-01,6.1,6.1,5.0,5.35,13000.0,6.1,0.0,6.1,5.0,5.35,1.0,13000.0,3,01
873,2013-07-31,5.45,5.45,5.45,5.45,200.0,5.45,0.0,5.45,5.45,5.45,1.0,200.0,2,31
874,2013-07-30,5.35,5.43,5.35,5.43,600.0,5.35,0.0,5.43,5.35,5.43,1.0,600.0,1,30
875,2013-07-29,5.25,5.25,5.25,5.25,2000.0,5.25,0.0,5.25,5.25,5.25,1.0,2000.0,0,29
876,2013-07-26,5.35,5.45,4.07,5.45,4800.0,5.35,0.0,5.45,4.07,5.45,1.0,4800.0,4,26
877,2013-07-25,5.35,5.35,5.0,5.28,4300.0,5.35,0.0,5.35,5.0,5.28,1.0,4300.0,3,25
878,2013-07-24,5.35,5.5,5.0,5.0,4600.0,5.35,0.0,5.5,5.0,5.0,1.0,4600.0,2,24
879,2013-07-23,5.35,5.5,5.3,5.5,1300.0,5.35,0.0,5.5,5.3,5.5,1.0,1300.0,1,23
880,2013-07-22,5.3,5.95,4.26,5.95,39000.0,5.3,0.0,5.95,4.26,5.95,1.0,39000.0,0,22
881,2013-07-19,4.7,4.88,4.4,4.4,5900.0,4.7,0.0,4.88,4.4,4.4,1.0,5900.0,4,19
882,2013-07-18,4.68,4.68,4.68,4.68,0.0,4.68,0.0,4.68,4.68,4.68,1.0,0.0,3,18
883,2013-07-17,4.68,4.79,4.37,4.78,22900.0,4.68,0.0,4.79,4.37,4.78,1.0,22900.0,2,17
884,2013-07-16,4.79,4.79,4.391,4.43,5300.0,4.79,0.0,4.79,4.391,4.43,1.0,5300.0,1,16
885,2013-07-15,4.89,4.89,4.89,4.89,0.0,4.89,0.0,4.89,4.89,4.89,1.0,0.0,0,15
886,2013-07-12,4.8899,4.8899,4.75,4.75,300.0,4.8899,0.0,4.8899,4.75,4.75,1.0,300.0,4,12
887,2013-07-11,4.79,4.89,4.47,4.89,13400.0,4.79,0.0,4.89,4.47,4.89,1.0,13400.0,3,11
888,2013-07-10,4.54,4.9,4.15,4.35,19400.0,4.54,0.0,4.9,4.15,4.35,1.0,19400.0,2,10
889,2013-07-09,4.92,4.95,4.15,4.27,37500.0,4.92,0.0,4.95,4.15,4.27,1.0,37500.0,1,09
890,2013-07-08,4.95,4.95,4.6,4.6,2000.0,4.95,0.0,4.95,4.6,4.6,1.0,2000.0,0,08
891,2013-07-05,4.98,4.98,4.98,4.98,200.0,4.98,0.0,4.98,4.98,4.98,1.0,200.0,4,05
892,2013-07-03,4.6999,5.0,4.6999,4.6999,700.0,4.6999,0.0,5.0,4.6999,4.6999,1.0,700.0,2,03
893,2013-07-02,4.799,4.8,4.051,4.57,26200.0,4.799,0.0,4.8,4.051,4.57,1.0,26200.0,1,02
894,2013-07-01,4.45,4.74,4.14,4.14,37500.0,4.45,0.0,4.74,4.14,4.14,1.0,37500.0,0,01
895,2013-06-28,4.14,4.14,3.92,3.9399,3500.0,4.14,0.0,4.14,3.92,3.9399,1.0,3500.0,4,28
896,2013-06-27,3.93,3.94,3.71,3.82,6900.0,3.93,0.0,3.94,3.71,3.82,1.0,6900.0,3,27
897,2013-06-26,3.72,3.91,3.11,3.5,9900.0,3.72,0.0,3.91,3.11,3.5,1.0,9900.0,2,26
898,2013-06-25,3.94,3.94,3.73,3.73,400.0,3.94,0.0,3.94,3.73,3.73,1.0,400.0,1,25
899,2013-06-24,3.75,3.9,3.1001,3.75,5500.0,3.75,0.0,3.9,3.1001,3.75,1.0,5500.0,0,24
900,2013-06-21,3.96,3.96,3.96,3.96,700.0,3.96,0.0,3.96,3.96,3.96,1.0,700.0,4,21
901,2013-06-20,4.04,4.04,3.05,3.05,1300.0,4.04,0.0,4.04,3.05,3.05,1.0,1300.0,3,20
902,2013-06-19,4.06,4.14,3.44,3.73,10000.0,4.06,0.0,4.14,3.44,3.73,1.0,10000.0,2,19
903,2013-06-18,4.08,4.08,3.2725,3.88,4500.0,4.08,0.0,4.08,3.2725,3.88,1.0,4500.0,1,18
904,2013-06-17,4.14,4.14,3.9,3.9,3100.0,4.14,0.0,4.14,3.9,3.9,1.0,3100.0,0,17
905,2013-06-14,4.1,4.1,3.8888,3.8999,2200.0,4.1,0.0,4.1,3.8888,3.8999,1.0,2200.0,4,14
906,2013-06-13,4.1,4.14,3.9,3.9,500.0,4.1,0.0,4.14,3.9,3.9,1.0,500.0,3,13
907,2013-06-12,4.1,4.17,3.8601,3.89,2300.0,4.1,0.0,4.17,3.8601,3.89,1.0,2300.0,2,12
908,2013-06-11,4.2,4.2,4.2,4.2,0.0,4.2,0.0,4.2,4.2,4.2,1.0,0.0,1,11
909,2013-06-10,4.2,4.2,3.99,3.99,200.0,4.2,0.0,4.2,3.99,3.99,1.0,200.0,0,10
910,2013-06-07,4.21,4.21,4.21,4.21,100.0,4.21,0.0,4.21,4.21,4.21,1.0,100.0,4,07
911,2013-06-06,4.2,4.2,4.02,4.05,400.0,4.2,0.0,4.2,4.02,4.05,1.0,400.0,3,06
912,2013-06-05,4.24,4.24,4.24,4.24,0.0,4.24,0.0,4.24,4.24,4.24,1.0,0.0,2,05
913,2013-06-04,4.24,4.24,4.24,4.24,0.0,4.24,0.0,4.24,4.24,4.24,1.0,0.0,1,04
914,2013-06-03,4.24,4.24,4.24,4.24,300.0,4.24,0.0,4.24,4.24,4.24,1.0,300.0,0,03
915,2013-05-31,4.23,4.23,4.2,4.2083,500.0,4.23,0.0,4.23,4.2,4.2083,1.0,500.0,4,31
916,2013-05-30,4.2,4.2,4.2,4.2,100.0,4.2,0.0,4.2,4.2,4.2,1.0,100.0,3,30
917,2013-05-29,4.16,4.24,3.4,4.24,1300.0,4.16,0.0,4.24,3.4,4.24,1.0,1300.0,2,29
918,2013-05-28,4.0,4.44,4.0,4.44,2600.0,4.0,0.0,4.44,4.0,4.44,1.0,2600.0,1,28
919,2013-05-24,4.18,4.223,4.18,4.2,600.0,4.18,0.0,4.223,4.18,4.2,1.0,600.0,4,24
920,2013-05-23,4.1,4.24,3.45,3.45,23300.0,4.1,0.0,4.24,3.45,3.45,1.0,23300.0,3,23
921,2013-05-22,3.45,3.51,3.06,3.0845,10400.0,3.45,0.0,3.51,3.06,3.0845,1.0,10400.0,2,22
922,2013-05-21,3.4,3.4,3.4,3.4,0.0,3.4,0.0,3.4,3.4,3.4,1.0,0.0,1,21
923,2013-05-20,3.4,3.5,3.39,3.39,3800.0,3.4,0.0,3.5,3.39,3.39,1.0,3800.0,0,20
924,2013-05-17,3.47,3.47,3.05,3.05,5500.0,3.47,0.0,3.47,3.05,3.05,1.0,5500.0,4,17
925,2013-05-16,3.15,4.44,2.91,4.44,8300.0,3.15,0.0,4.44,2.91,4.44,1.0,8300.0,3,16
926,2013-05-15,3.28,3.28,3.01,3.01,700.0,3.28,0.0,3.28,3.01,3.01,1.0,700.0,2,15
927,2013-05-14,3.21,3.21,3.21,3.21,0.0,3.21,0.0,3.21,3.21,3.21,1.0,0.0,1,14
928,2013-05-13,3.21,3.21,3.21,3.21,300.0,3.21,0.0,3.21,3.21,3.21,1.0,300.0,0,13
929,2013-05-10,3.21,3.21,3.21,3.21,0.0,3.21,0.0,3.21,3.21,3.21,1.0,0.0,4,10
930,2013-05-09,3.206,3.45,2.9,3.42,17100.0,3.206,0.0,3.45,2.9,3.42,1.0,17100.0,3,09
931,2013-05-08,3.1,3.47,2.85,3.47,25200.0,3.1,0.0,3.47,2.85,3.47,1.0,25200.0,2,08
932,2013-05-07,2.83,3.0,2.7,2.98,45000.0,2.83,0.0,3.0,2.7,2.98,1.0,45000.0,1,07
933,2013-05-06,2.79,3.25,2.61,2.85,11600.0,2.79,0.0,3.25,2.61,2.85,1.0,11600.0,0,06
934,2013-05-03,2.84,2.85,2.18,2.18,11400.0,2.84,0.0,2.85,2.18,2.18,1.0,11400.0,4,03
935,2013-05-02,2.23,2.23,2.23,2.23,0.0,2.23,0.0,2.23,2.23,2.23,1.0,0.0,3,02
936,2013-05-01,2.23,2.23,2.03,2.03,300.0,2.23,0.0,2.23,2.03,2.03,1.0,300.0,2,01
937,2013-04-30,2.25,2.25,1.76,1.76,1600.0,2.25,0.0,2.25,1.76,1.76,1.0,1600.0,1,30
938,2013-04-29,2.14,2.88,2.14,2.88,300.0,2.14,0.0,2.88,2.14,2.88,1.0,300.0,0,29
939,2013-04-26,2.25,2.3499,2.1601,2.3499,7400.0,2.25,0.0,2.3499,2.1601,2.3499,1.0,7400.0,4,26
940,2013-04-25,2.0,2.15,1.6,1.62,10000.0,2.0,0.0,2.15,1.6,1.62,1.0,10000.0,3,25
941,2013-04-24,1.75,1.84,1.23,1.79,7900.0,1.75,0.0,1.84,1.23,1.79,1.0,7900.0,2,24
942,2013-04-23,1.85,2.0,1.5,1.5,10200.0,1.85,0.0,2.0,1.5,1.5,1.0,10200.0,1,23
943,2013-04-22,1.98,1.98,1.9,1.9,10400.0,1.98,0.0,1.98,1.9,1.9,1.0,10400.0,0,22
944,2013-04-19,1.9,1.9,1.612,1.612,1300.0,1.9,0.0,1.9,1.612,1.612,1.0,1300.0,4,19
945,2013-04-18,2.0,2.1,1.58,2.1,2900.0,2.0,0.0,2.1,1.58,2.1,1.0,2900.0,3,18
946,2013-04-17,2.1,2.1,2.0,2.0,2200.0,2.1,0.0,2.1,2.0,2.0,1.0,2200.0,2,17
947,2013-04-16,2.18,2.18,2.09,2.09,11600.0,2.18,0.0,2.18,2.09,2.09,1.0,11600.0,1,16
948,2013-04-15,2.1,2.12,2.0,2.12,5400.0,2.1,0.0,2.12,2.0,2.12,1.0,5400.0,0,15
949,2013-04-12,2.12,2.12,2.12,2.12,0.0,2.12,0.0,2.12,2.12,2.12,1.0,0.0,4,12
950,2013-04-11,2.12,2.12,2.12,2.12,300.0,2.12,0.0,2.12,2.12,2.12,1.0,300.0,3,11
951,2013-04-10,2.1875,2.25,2.0,2.25,6800.0,2.1875,0.0,2.25,2.0,2.25,1.0,6800.0,2,10
952,2013-04-09,2.25,2.3,2.11,2.3,5000.0,2.25,0.0,2.3,2.11,2.3,1.0,5000.0,1,09
953,2013-04-08,2.26,2.26,2.2599,2.26,2100.0,2.26,0.0,2.26,2.2599,2.26,1.0,2100.0,0,08
954,2013-04-05,2.3,2.3,2.3,2.3,1000.0,2.3,0.0,2.3,2.3,2.3,1.0,1000.0,4,05
955,2013-04-04,2.3,2.35,2.3,2.35,2500.0,2.3,0.0,2.35,2.3,2.35,1.0,2500.0,3,04
956,2013-04-03,2.34,2.4,2.33,2.33,9300.0,2.34,0.0,2.4,2.33,2.33,1.0,9300.0,2,03
957,2013-04-02,2.35,2.35,2.35,2.35,5100.0,2.35,0.0,2.35,2.35,2.35,1.0,5100.0,1,02
958,2013-04-01,2.35,2.35,2.35,2.35,2500.0,2.35,0.0,2.35,2.35,2.35,1.0,2500.0,0,01
959,2013-03-28,2.3699,2.3699,2.3699,2.3699,2500.0,2.3699,0.0,2.3699,2.3699,2.3699,1.0,2500.0,3,28
960,2013-03-27,2.3299,2.38,2.1801,2.35,2800.0,2.3299,0.0,2.38,2.1801,2.35,1.0,2800.0,2,27
961,2013-03-26,2.11,2.11,2.11,2.11,3000.0,2.11,0.0,2.11,2.11,2.11,1.0,3000.0,1,26
962,2013-03-25,2.15,2.15,2.15,2.15,0.0,2.15,0.0,2.15,2.15,2.15,1.0,0.0,0,25
963,2013-03-22,2.15,2.15,2.15,2.15,5000.0,2.15,0.0,2.15,2.15,2.15,1.0,5000.0,4,22
964,2013-03-21,2.18,2.18,2.18,2.18,100.0,2.18,0.0,2.18,2.18,2.18,1.0,100.0,3,21
965,2013-03-20,2.1,2.1,2.1,2.1,0.0,2.1,0.0,2.1,2.1,2.1,1.0,0.0,2,20
966,2013-03-19,2.1,2.1,2.1,2.1,100.0,2.1,0.0,2.1,2.1,2.1,1.0,100.0,1,19
967,2013-03-18,2.2,2.2,1.95,1.95,1500.0,2.2,0.0,2.2,1.95,1.95,1.0,1500.0,0,18
968,2013-03-15,2.1,2.1,2.1,2.1,0.0,2.1,0.0,2.1,2.1,2.1,1.0,0.0,4,15
969,2013-03-14,2.1,2.11,1.974,2.0999,6900.0,2.1,0.0,2.11,1.974,2.0999,1.0,6900.0,3,14
970,2013-03-13,2.23,2.23,1.93,1.93,200.0,2.23,0.0,2.23,1.93,1.93,1.0,200.0,2,13
971,2013-03-12,2.11,2.11,2.11,2.11,200.0,2.11,0.0,2.11,2.11,2.11,1.0,200.0,1,12
972,2013-03-11,2.1799,2.18,2.17,2.18,5700.0,2.1799,0.0,2.18,2.17,2.18,1.0,5700.0,0,11
973,2013-03-08,2.21,2.21,1.65,1.65,500.0,2.21,0.0,2.21,1.65,1.65,1.0,500.0,4,08
974,2013-03-07,2.23,2.23,2.01,2.01,400.0,2.23,0.0,2.23,2.01,2.01,1.0,400.0,3,07
975,2013-03-06,2.2299,2.23,1.9999,2.0,1200.0,2.2299,0.0,2.23,1.9999,2.0,1.0,1200.0,2,06
976,2013-03-05,2.18,2.18,1.98,1.98,2200.0,2.18,0.0,2.18,1.98,1.98,1.0,2200.0,1,05
977,2013-03-04,2.25,2.25,2.2499,2.25,12600.0,2.25,0.0,2.25,2.2499,2.25,1.0,12600.0,0,04
978,2013-03-01,2.19,2.2,1.98,1.98,8100.0,2.19,0.0,2.2,1.98,1.98,1.0,8100.0,4,01
979,2013-02-28,2.15,2.22,1.94,1.94,13300.0,2.15,0.0,2.22,1.94,1.94,1.0,13300.0,3,28
980,2013-02-27,2.18,2.18,1.98,2.0,4500.0,2.18,0.0,2.18,1.98,2.0,1.0,4500.0,2,27
981,2013-02-26,1.9,1.95,1.88,1.9,5200.0,1.9,0.0,1.95,1.88,1.9,1.0,5200.0,1,26
982,2013-02-25,1.85,2.31,1.75,2.31,18300.0,1.85,0.0,2.31,1.75,2.31,1.0,18300.0,0,25
983,2013-02-22,2.3,2.44,1.4001,1.4001,4000.0,2.3,0.0,2.44,1.4001,1.4001,1.0,4000.0,4,22
984,2013-02-21,2.29,2.48,2.06,2.48,8500.0,2.29,0.0,2.48,2.06,2.48,1.0,8500.0,3,21
985,2013-02-20,2.331,2.5,2.331,2.5,5700.0,2.331,0.0,2.5,2.331,2.5,1.0,5700.0,2,20
986,2013-02-19,2.4799,2.48,2.44,2.44,2200.0,2.4799,0.0,2.48,2.44,2.44,1.0,2200.0,1,19
987,2013-02-15,2.5,2.5,2.45,2.48,900.0,2.5,0.0,2.5,2.45,2.48,1.0,900.0,4,15
988,2013-02-14,2.43,2.43,2.43,2.43,0.0,2.43,0.0,2.43,2.43,2.43,1.0,0.0,3,14
989,2013-02-13,2.43,2.5,2.17,2.17,3300.0,2.43,0.0,2.5,2.17,2.17,1.0,3300.0,2,13
990,2013-02-12,2.55,2.85,2.1201,2.85,7600.0,2.55,0.0,2.85,2.1201,2.85,1.0,7600.0,1,12
