,Unnamed: 0,adj_close,adj_high,adj_low,adj_open,adj_volume,close,ex_dividend,high,low,open,split_ratio,volume,Day of Week,Day
0,2017-02-10,23.28,23.35,23.18,23.2461,22700.0,23.28,0.0,23.35,23.18,23.2461,1.0,22700.0,4,10
1,2017-02-09,23.36,23.37,23.16,23.16,45052.0,23.36,0.0,23.37,23.16,23.16,1.0,45052.0,3,09
2,2017-02-08,22.81,22.91,22.76,22.76,56369.0,22.81,0.0,22.91,22.76,22.76,1.0,56369.0,2,08
3,2017-02-07,23.04,23.09,22.89,23.06,90145.0,23.04,0.0,23.09,22.89,23.06,1.0,90145.0,1,07
4,2017-02-06,23.19,23.23,23.06,23.21,32686.0,23.19,0.0,23.23,23.06,23.21,1.0,32686.0,0,06
5,2017-02-03,23.29,23.41,23.11,23.11,66644.0,23.29,0.0,23.41,23.11,23.11,1.0,66644.0,4,03
6,2017-02-02,23.06,23.12,22.98,23.12,21535.0,23.06,0.0,23.12,22.98,23.12,1.0,21535.0,3,02
7,2017-02-01,23.13,23.17,23.0,23.117,26954.0,23.13,0.0,23.17,23.0,23.117,1.0,26954.0,2,01
8,2017-01-31,22.866,22.93,22.72,22.85,42897.0,22.866,0.0,22.93,22.72,22.85,1.0,42897.0,1,31
9,2017-01-30,22.65,22.6615,22.55,22.5629,17251.0,22.65,0.0,22.6615,22.55,22.5629,1.0,17251.0,0,30
10,2017-01-27,22.71,22.82,22.64,22.75,17567.0,22.71,0.0,22.82,22.64,22.75,1.0,17567.0,4,27
11,2017-01-26,22.96,22.99,22.84,22.95,51721.0,22.96,0.0,22.99,22.84,22.95,1.0,51721.0,3,26
12,2017-01-25,23.31,23.31,23.1508,23.1819,8012.0,23.31,0.0,23.31,23.1508,23.1819,1.0,8012.0,2,25
13,2017-01-24,22.81,22.83,22.66,22.75,45282.0,22.81,0.0,22.83,22.66,22.75,1.0,45282.0,1,24
14,2017-01-23,22.73,22.73,22.43,22.54,18239.0,22.73,0.0,22.73,22.43,22.54,1.0,18239.0,0,23
15,2017-01-20,22.56,22.61,22.46,22.5899,70526.0,22.56,0.0,22.61,22.46,22.5899,1.0,70526.0,4,20
16,2017-01-19,22.52,22.62,22.5,22.62,39449.0,22.52,0.0,22.62,22.5,22.62,1.0,39449.0,3,19
17,2017-01-18,22.53,22.61,22.44,22.5699,67648.0,22.53,0.0,22.61,22.44,22.5699,1.0,67648.0,2,18
18,2017-01-17,22.63,22.65,22.51,22.51,57694.0,22.63,0.0,22.65,22.51,22.51,1.0,57694.0,1,17
19,2017-01-13,22.6195,22.62,22.45,22.48,61274.0,22.6195,0.0,22.62,22.45,22.48,1.0,61274.0,4,13
20,2017-01-12,22.483,22.52,22.41,22.47,64883.0,22.483,0.0,22.52,22.41,22.47,1.0,64883.0,3,12
21,2017-01-11,22.4,22.4152,22.07,22.07,45527.0,22.4,0.0,22.4152,22.07,22.07,1.0,45527.0,2,11
22,2017-01-10,22.2,22.2499,22.07,22.1,155956.0,22.2,0.0,22.2499,22.07,22.1,1.0,155956.0,1,10
23,2017-01-09,22.0,22.09,21.91,21.91,63780.0,22.0,0.0,22.09,21.91,21.91,1.0,63780.0,0,09
24,2017-01-06,22.05,22.1,21.97,21.98,20161.0,22.05,0.0,22.1,21.97,21.98,1.0,20161.0,4,06
25,2017-01-05,22.16,22.17,22.06,22.09,57240.0,22.16,0.0,22.17,22.06,22.09,1.0,57240.0,3,05
26,2017-01-04,21.8841,21.92,21.82,21.82,35353.0,21.8841,0.0,21.92,21.82,21.82,1.0,35353.0,2,04
27,2017-01-03,21.7,21.74,21.5915,21.71,144310.0,21.7,0.0,21.74,21.5915,21.71,1.0,144310.0,1,03
28,2016-12-30,21.48,21.62,21.44,21.619,87031.0,21.48,0.0,21.62,21.44,21.619,1.0,87031.0,4,30
29,2016-12-29,21.55,21.61,21.46,21.61,74552.0,21.55,0.0,21.61,21.46,21.61,1.0,74552.0,3,29
30,2016-12-28,21.36,21.41,21.3,21.35,15760.0,21.36,0.0,21.41,21.3,21.35,1.0,15760.0,2,28
31,2016-12-27,21.34,21.3899,21.32,21.34,80024.0,21.34,0.0,21.3899,21.32,21.34,1.0,80024.0,1,27
32,2016-12-23,21.34,21.34,21.25,21.25,9081.0,21.34,0.0,21.34,21.25,21.25,1.0,9081.0,4,23
33,2016-12-22,21.5,21.55,21.42,21.44,139393.0,21.5,0.0,21.55,21.42,21.44,1.0,139393.0,3,22
34,2016-12-21,21.65,21.6502,21.59,21.59,30898.0,21.65,0.0,21.6502,21.59,21.59,1.0,30898.0,2,21
35,2016-12-20,21.59,21.61,21.53,21.53,51295.0,21.59,0.0,21.61,21.53,21.53,1.0,51295.0,1,20
36,2016-12-19,21.52,21.62,21.47,21.57,31984.0,21.52,0.0,21.62,21.47,21.57,1.0,31984.0,0,19
37,2016-12-16,21.58,21.6756,21.57,21.611,31037.0,21.58,0.0,21.6756,21.57,21.611,1.0,31037.0,4,16
38,2016-12-15,21.66,21.72,21.5822,21.65,64115.0,21.66,0.0,21.72,21.5822,21.65,1.0,64115.0,3,15
39,2016-12-14,21.63,22.0432,21.61,22.02,67808.0,21.63,0.0,22.0432,21.61,22.02,1.0,67808.0,2,14
40,2016-12-13,22.13,22.2,21.97,21.97,62991.0,22.13,0.0,22.2,21.97,21.97,1.0,62991.0,1,13
41,2016-12-12,21.94,21.96,21.9,21.9,7546.0,21.94,0.0,21.96,21.9,21.9,1.0,7546.0,0,12
42,2016-12-09,21.96,21.9912,21.88,21.9912,24329.0,21.96,0.0,21.9912,21.88,21.9912,1.0,24329.0,4,09
43,2016-12-08,22.01,22.01,21.89,21.9,29363.0,22.01,0.0,22.01,21.89,21.9,1.0,29363.0,3,08
44,2016-12-07,22.0,22.0,21.71,21.71,66773.0,22.0,0.0,22.0,21.71,21.71,1.0,66773.0,2,07
45,2016-12-06,21.68,21.68,21.56,21.56,38165.0,21.68,0.0,21.68,21.56,21.56,1.0,38165.0,1,06
46,2016-12-05,21.5307,21.57,21.33,21.33,53375.0,21.5307,0.0,21.57,21.33,21.33,1.0,53375.0,0,05
47,2016-12-02,21.3,21.37,21.25,21.34,44443.0,21.3,0.0,21.37,21.25,21.34,1.0,44443.0,4,02
48,2016-12-01,21.3,21.32,21.24,21.29,55886.0,21.3,0.0,21.32,21.24,21.29,1.0,55886.0,3,01
49,2016-11-30,21.3,21.32,21.26,21.27,47752.0,21.3,0.0,21.32,21.26,21.27,1.0,47752.0,2,30
50,2016-11-29,21.3,21.38,21.24,21.24,27565.0,21.3,0.0,21.38,21.24,21.24,1.0,27565.0,1,29
51,2016-11-28,21.23,21.4,21.17,21.4,22884.0,21.23,0.0,21.4,21.17,21.4,1.0,22884.0,0,28
52,2016-11-25,21.3,21.3,21.24,21.26,20214.0,21.3,0.0,21.3,21.24,21.26,1.0,20214.0,4,25
53,2016-11-23,21.21,21.21,21.11,21.12,27045.0,21.21,0.0,21.21,21.11,21.12,1.0,27045.0,2,23
54,2016-11-22,21.28,21.3,21.18,21.21,53308.0,21.28,0.0,21.3,21.18,21.21,1.0,53308.0,1,22
55,2016-11-21,21.05,21.06,20.97,21.06,27220.0,21.05,0.0,21.06,20.97,21.06,1.0,27220.0,0,21
56,2016-11-18,20.94,20.97,20.88,20.89,56309.0,20.94,0.0,20.97,20.88,20.89,1.0,56309.0,4,18
57,2016-11-17,20.97,21.0918,20.95,21.03,34757.0,20.97,0.0,21.0918,20.95,21.03,1.0,34757.0,3,17
58,2016-11-16,21.01,21.03,20.93,21.03,40524.0,21.01,0.0,21.03,20.93,21.03,1.0,40524.0,2,16
59,2016-11-15,21.15,21.17,21.04,21.06,23857.0,21.15,0.0,21.17,21.04,21.06,1.0,23857.0,1,15
60,2016-11-14,20.9,21.01,20.86,21.01,37454.0,20.9,0.0,21.01,20.86,21.01,1.0,37454.0,0,14
61,2016-11-11,21.1316,21.18,21.04,21.08,19880.0,21.1316,0.0,21.18,21.04,21.08,1.0,19880.0,4,11
62,2016-11-10,21.31,21.42,21.26,21.26,51755.0,21.31,0.0,21.42,21.26,21.26,1.0,51755.0,3,10
63,2016-11-09,21.53,21.6,21.4,21.57,35887.0,21.53,0.0,21.6,21.4,21.57,1.0,35887.0,2,09
64,2016-11-08,21.84,21.85,21.66,21.66,45444.0,21.84,0.0,21.85,21.66,21.66,1.0,45444.0,1,08
65,2016-11-07,21.67,21.68,21.53,21.53,43173.0,21.67,0.0,21.68,21.53,21.53,1.0,43173.0,0,07
66,2016-11-04,21.27,21.38,21.26,21.31,27002.0,21.27,0.0,21.38,21.26,21.31,1.0,27002.0,4,04
67,2016-11-03,21.46,21.56,21.43,21.5,82708.0,21.46,0.0,21.56,21.43,21.5,1.0,82708.0,3,03
68,2016-11-02,21.56,21.58,21.5,21.58,53409.0,21.56,0.0,21.58,21.5,21.58,1.0,53409.0,2,02
69,2016-11-01,21.66,21.77,21.6,21.74,53866.0,21.66,0.0,21.77,21.6,21.74,1.0,53866.0,1,01
70,2016-10-31,21.78,21.79,21.71,21.73,62762.0,21.78,0.0,21.79,21.71,21.73,1.0,62762.0,0,31
71,2016-10-28,21.71,21.8,21.66,21.69,111189.0,21.71,0.0,21.8,21.66,21.69,1.0,111189.0,4,28
72,2016-10-27,21.7,21.89,21.69,21.89,105525.0,21.7,0.0,21.89,21.69,21.89,1.0,105525.0,3,27
73,2016-10-26,21.83,21.89,21.78,21.83,64384.0,21.83,0.0,21.89,21.78,21.83,1.0,64384.0,2,26
74,2016-10-25,21.96,22.0,21.95,21.96,31033.0,21.96,0.0,22.0,21.95,21.96,1.0,31033.0,1,25
75,2016-10-24,21.95,21.98,21.9,21.94,101153.0,21.95,0.0,21.98,21.9,21.94,1.0,101153.0,0,24
76,2016-10-21,21.86,21.86,21.79,21.79,44834.0,21.86,0.0,21.86,21.79,21.79,1.0,44834.0,4,21
77,2016-10-20,21.89,21.93,21.86,21.8728,46040.0,21.89,0.0,21.93,21.86,21.8728,1.0,46040.0,3,20
78,2016-10-19,21.99,22.03,21.94,21.98,51150.0,21.99,0.0,22.03,21.94,21.98,1.0,51150.0,2,19
79,2016-10-18,21.87,21.91,21.75,21.82,65093.0,21.87,0.0,21.91,21.75,21.82,1.0,65093.0,1,18
80,2016-10-17,21.62,21.68,21.58,21.63,45419.0,21.62,0.0,21.68,21.58,21.63,1.0,45419.0,0,17
81,2016-10-14,21.63,21.7836,21.61,21.7836,126586.0,21.63,0.0,21.7836,21.61,21.7836,1.0,126586.0,4,14
82,2016-10-13,21.62,21.62,21.4263,21.4263,59698.0,21.62,0.0,21.62,21.4263,21.4263,1.0,59698.0,3,13
83,2016-10-12,21.64,21.71,21.59,21.6232,24486.0,21.64,0.0,21.71,21.59,21.6232,1.0,24486.0,2,12
84,2016-10-11,21.69,21.73,21.66,21.73,23629.0,21.69,0.0,21.73,21.66,21.73,1.0,23629.0,1,11
85,2016-10-10,22.03,22.08,22.0,22.06,58371.0,22.03,0.0,22.08,22.0,22.06,1.0,58371.0,0,10
86,2016-10-07,21.93,22.01,21.84,22.01,22999.0,21.93,0.0,22.01,21.84,22.01,1.0,22999.0,4,07
87,2016-10-06,22.04,22.0642,21.96,21.96,36250.0,22.04,0.0,22.0642,21.96,21.96,1.0,36250.0,3,06
88,2016-10-05,22.09,22.13,22.0,22.0,70045.0,22.09,0.0,22.13,22.0,22.0,1.0,70045.0,2,05
89,2016-10-04,21.82,22.01,21.8,21.94,33092.0,21.82,0.0,22.01,21.8,21.94,1.0,33092.0,1,04
90,2016-10-03,21.96,22.02,21.88,21.97,38476.0,21.96,0.0,22.02,21.88,21.97,1.0,38476.0,0,03
91,2016-09-30,21.97,22.04,21.81,21.87,32783.0,21.97,0.0,22.04,21.81,21.87,1.0,32783.0,4,30
92,2016-09-29,21.88,22.07,21.77,22.07,19422.0,21.88,0.0,22.07,21.77,22.07,1.0,19422.0,3,29
93,2016-09-28,22.03,22.04,21.83,21.96,39546.0,22.03,0.0,22.04,21.83,21.96,1.0,39546.0,2,28
94,2016-09-27,21.85,21.86,21.71,21.73,57685.0,21.85,0.0,21.86,21.71,21.73,1.0,57685.0,1,27
95,2016-09-26,21.715,21.78,21.67,21.78,26796.0,21.715,0.0,21.78,21.67,21.78,1.0,26796.0,0,26
96,2016-09-23,21.91,22.1,21.91,22.1,29646.0,21.91,0.0,22.1,21.91,22.1,1.0,29646.0,4,23
97,2016-09-22,22.1,22.22,22.0832,22.21,23865.0,22.1,0.0,22.22,22.0832,22.21,1.0,23865.0,3,22
98,2016-09-21,21.91,21.94,21.65,21.69,109880.0,21.91,0.0,21.94,21.65,21.69,1.0,109880.0,2,21
99,2016-09-20,21.58,21.64,21.49,21.49,31426.0,21.58,0.0,21.64,21.49,21.49,1.0,31426.0,1,20
100,2016-09-19,21.44,21.6,21.44,21.6,35295.0,21.44,0.0,21.6,21.44,21.6,1.0,35295.0,0,19
101,2016-09-16,21.28,21.29,21.14,21.27,58102.0,21.28,0.0,21.29,21.14,21.27,1.0,58102.0,4,16
102,2016-09-15,21.4,21.4285,21.22,21.23,14683.0,21.4,0.0,21.4285,21.22,21.23,1.0,14683.0,3,15
103,2016-09-14,21.181,21.36,21.15,21.2452,39079.0,21.181,0.0,21.36,21.15,21.2452,1.0,39079.0,2,14
104,2016-09-13,21.13,21.32,21.1,21.32,51118.0,21.13,0.0258581,21.32,21.1,21.32,1.0,51118.0,1,13
105,2016-09-12,21.5735990402,21.5935745948,21.2240268335,21.3139168295,29986.0,21.6,0.0,21.62,21.25,21.34,1.0,29986.0,0,12
106,2016-09-09,21.4837090442,21.6235379268,21.4837090442,21.6135501495,28892.0,21.51,0.0,21.65,21.51,21.64,1.0,28892.0,4,09
107,2016-09-08,21.9917872771,22.0430245748,21.9531345788,22.0430245748,35503.0,22.0187,0.0,22.07,21.98,22.07,1.0,35503.0,3,08
108,2016-09-07,22.1329145708,22.1528901255,22.0630001295,22.1129390162,53459.0,22.16,0.0,22.18,22.09,22.14,1.0,53459.0,2,07
109,2016-09-06,22.1229267935,22.1528901255,21.8332812508,21.9930856882,29226.0,22.15,0.0,22.18,21.86,22.02,1.0,29226.0,1,06
110,2016-09-02,21.7334034775,21.7334034775,21.6435134815,21.6535012588,15400.0,21.76,0.0,21.76,21.67,21.68,1.0,15400.0,4,02
111,2016-09-01,21.5236601535,21.5636112628,21.4137946028,21.4337701575,47150.0,21.55,0.0,21.59,21.44,21.46,1.0,47150.0,3,01
112,2016-08-31,21.4237823802,21.5036845988,21.3838312708,21.4038068255,41492.0,21.45,0.0,21.53,21.41,21.43,1.0,41492.0,2,31
113,2016-08-30,21.5935745948,21.6135501495,21.5236601535,21.5636112628,34045.0,21.62,0.0,21.64,21.55,21.59,1.0,34045.0,1,30
114,2016-08-29,21.7134279228,21.7234157002,21.5336479308,21.5336479308,51650.0,21.74,0.0,21.75,21.56,21.56,1.0,51650.0,0,29
115,2016-08-26,21.5036845988,21.8932079148,21.5036845988,21.8932079148,32907.0,21.53,0.0,21.92,21.53,21.92,1.0,32907.0,4,26
116,2016-08-25,21.7234157002,21.7334034775,21.6535012588,21.6742758357,22275.0,21.75,0.0,21.76,21.68,21.7008,1.0,22275.0,3,25
117,2016-08-24,21.7433912548,21.7833423642,21.6344246041,21.6344246041,62839.0,21.77,0.0,21.81,21.6609,21.6609,1.0,62839.0,2,24
118,2016-08-23,21.8133056962,21.8585503275,21.6634890362,21.7933301415,47177.0,21.84,0.0,21.8853,21.69,21.82,1.0,47177.0,1,23
119,2016-08-22,21.6834645908,21.7234157002,21.6435134815,21.7234157002,48283.0,21.71,0.0,21.75,21.67,21.75,1.0,48283.0,0,22
120,2016-08-19,21.7933301415,21.8133056962,21.6734768135,21.7633668095,40622.0,21.82,0.0,21.84,21.7,21.79,1.0,40622.0,4,19
121,2016-08-18,21.9031956922,21.9830979108,21.8532568055,21.8532568055,49017.0,21.93,0.0,22.01,21.88,21.88,1.0,49017.0,3,18
122,2016-08-17,21.7733545868,21.8332812508,21.6035623722,21.7134279228,76117.0,21.8,0.0,21.86,21.63,21.74,1.0,76117.0,2,17
123,2016-08-16,21.8532568055,21.9131834695,21.8033179188,21.8432690282,57415.0,21.88,0.0,21.94,21.83,21.87,1.0,57415.0,1,16
124,2016-08-15,21.8633444606,21.9731101335,21.8532568055,21.9631223562,25885.0,21.8901,0.0,22.0,21.88,21.99,1.0,25885.0,0,15
125,2016-08-12,21.7433912548,21.8532568055,21.7234157002,21.8033179188,14802.0,21.77,0.0,21.88,21.75,21.83,1.0,14802.0,4,12
126,2016-08-11,21.8432690282,21.9231712468,21.7234157002,21.7234157002,31386.0,21.87,0.0,21.95,21.75,21.75,1.0,31386.0,3,11
127,2016-08-10,21.7417932105,21.7417932105,21.6731771802,21.7215180225,18220.0,21.7684,0.0,21.7684,21.6997,21.7481,1.0,18220.0,2,10
128,2016-08-09,21.7034401455,21.7632669317,21.6435134815,21.6634890362,22104.0,21.73,0.0,21.7899,21.67,21.69,1.0,22104.0,1,09
129,2016-08-08,21.4936968215,21.5136723762,21.4237823802,21.4337701575,82161.0,21.52,0.0,21.54,21.45,21.46,1.0,82161.0,0,08
130,2016-08-05,21.2739657202,21.3438801615,21.2340146108,21.2340146108,10051.0,21.3,0.0,21.37,21.26,21.26,1.0,10051.0,4,05
131,2016-08-04,21.2240268335,21.2739657202,21.0941857282,21.0941857282,42226.0,21.25,0.0,21.3,21.12,21.12,1.0,42226.0,3,04
132,2016-08-03,21.0342590642,21.0841979508,20.9743324002,20.9743324002,34635.0,21.06,0.0,21.11,21.0,21.0,1.0,34635.0,2,03
133,2016-08-02,21.0742101735,21.2440023882,21.0142835095,21.2440023882,42398.0,21.1,0.0,21.27,21.04,21.27,1.0,42398.0,1,02
134,2016-08-01,21.2040512788,21.3039290522,21.1840757242,21.1940635015,46758.0,21.23,0.0,21.33,21.21,21.22,1.0,46758.0,0,01
135,2016-07-29,21.2739657202,21.3838312708,21.1840757242,21.3039290522,45824.0,21.3,0.0,21.41,21.21,21.33,1.0,45824.0,4,29
136,2016-07-28,21.1541123922,21.1840757242,21.0941857282,21.1141612828,63527.0,21.18,0.0,21.21,21.12,21.14,1.0,63527.0,3,28
137,2016-07-27,21.1141612828,21.1780830578,20.9843201775,21.0841979508,69567.0,21.14,0.0,21.204,21.01,21.11,1.0,69567.0,2,27
138,2016-07-26,20.9443690682,21.0622248407,20.8844424042,21.0342590642,126228.0,20.97,0.0,21.088,20.91,21.06,1.0,126228.0,1,26
139,2016-07-25,20.8227179402,20.9024204034,20.8045401855,20.8644668495,44695.0,20.8482,0.0,20.928,20.83,20.89,1.0,44695.0,0,25
140,2016-07-22,20.9044179588,20.9843201775,20.8644668495,20.8644668495,51298.0,20.93,0.0,21.01,20.89,20.89,1.0,51298.0,4,22
141,2016-07-21,20.9443690682,21.0142835095,20.8644668495,21.0142835095,30627.0,20.97,0.0,21.04,20.89,21.04,1.0,30627.0,3,21
142,2016-07-20,21.0137841206,21.0137841206,20.9243935135,20.9243935135,18733.0,21.0395,0.0,21.0395,20.95,20.95,1.0,18733.0,2,20
143,2016-07-19,20.9643446228,20.9843201775,20.8744546268,20.9144057362,52626.0,20.99,0.0,21.01,20.9,20.94,1.0,52626.0,1,19
144,2016-07-18,21.1241490602,21.1740879468,21.0142835095,21.0242712868,68956.0,21.15,0.0,21.2,21.04,21.05,1.0,68956.0,0,18
145,2016-07-15,21.1141612828,21.1940635015,21.0841979508,21.0841979508,21119.0,21.14,0.0,21.22,21.11,21.11,1.0,21119.0,4,15
146,2016-07-14,21.2283215777,21.3338923842,21.1541123922,21.1840757242,28186.0,21.2543,0.0,21.36,21.18,21.21,1.0,28186.0,3,14
147,2016-07-13,21.0941857282,21.1040736277,20.9643446228,20.9643446228,61215.0,21.12,0.0,21.1299,20.99,20.99,1.0,61215.0,2,13
148,2016-07-12,21.0142835095,21.0941857282,20.9443690682,20.9443690682,65822.0,21.04,0.0,21.12,20.97,20.97,1.0,65822.0,1,12
149,2016-07-11,20.6347479708,20.7845646308,20.6347479708,20.6347479708,43243.0,20.66,0.0,20.81,20.66,20.66,1.0,43243.0,0,11
150,2016-07-08,20.4649557562,20.5748213068,20.3750657602,20.3950413148,24380.0,20.49,0.0,20.6,20.4,20.42,1.0,24380.0,4,08
151,2016-07-07,20.1653224362,20.3550902055,20.0854202175,20.2552124322,70952.0,20.19,0.0,20.38,20.11,20.28,1.0,70952.0,3,07
152,2016-07-06,20.1952857682,20.2552124322,19.9455913348,19.9755546668,131636.0,20.22,0.0,20.28,19.97,20.0,1.0,131636.0,2,06
153,2016-07-05,20.2452246548,20.4349924242,20.1653224362,20.4349924242,41319.0,20.27,0.0,20.46,20.19,20.46,1.0,41319.0,1,05
154,2016-07-01,20.6547235255,20.7445136437,20.5748213068,20.6047846388,35664.0,20.68,0.0,20.7699,20.6,20.63,1.0,35664.0,4,01
155,2016-06-30,20.5049068655,20.5848090842,20.3251268735,20.3351146508,33964.0,20.53,0.0,20.61,20.35,20.36,1.0,33964.0,3,30
156,2016-06-29,20.3650779828,20.3950413148,20.2352368775,20.2452246548,27936.0,20.39,0.0,20.42,20.26,20.27,1.0,27936.0,2,29
157,2016-06-28,19.9955302215,20.0044193433,19.8157502295,19.8756768935,213461.0,20.02,0.0,20.0289,19.84,19.9,1.0,213461.0,1,28
158,2016-06-27,19.5397879418,19.5660557961,19.3862758041,19.5460802415,56101.0,19.5637,0.0,19.59,19.41,19.57,1.0,56101.0,0,27
159,2016-06-24,19.7857868975,20.1952857682,19.7458357881,20.1053957722,88086.0,19.81,0.0,20.22,19.77,20.13,1.0,88086.0,4,24
160,2016-06-23,21.1341368375,21.1840757242,20.9943079548,20.9943079548,24968.0,21.16,0.0,21.21,21.02,21.02,1.0,24968.0,3,23
161,2016-06-22,20.6647113028,20.8394974062,20.6647113028,20.7354247663,23500.0,20.69,0.0,20.865,20.69,20.7608,1.0,23500.0,2,22
162,2016-06-21,20.6746990802,20.8444912948,20.6312522488,20.6312522488,40785.0,20.7,0.0,20.87,20.6565,20.6565,1.0,40785.0,1,21
163,2016-06-20,20.6946746348,20.7745768535,20.5348701975,20.5348701975,29734.0,20.72,0.0,20.8,20.56,20.56,1.0,29734.0,0,20
164,2016-06-17,20.3251268735,20.3750657602,20.0854202175,20.1553346588,195497.0,20.35,0.0,20.4,20.11,20.18,1.0,195497.0,4,17
165,2016-06-16,20.0654446628,20.1553346588,19.9156280028,19.9356035575,99673.0,20.09,0.0,20.18,19.94,19.96,1.0,99673.0,3,16
166,2016-06-15,20.2652002095,20.3650779828,20.1952857682,20.2652002095,122315.0,20.29,0.0,20.39,20.22,20.29,1.0,122315.0,2,15
167,2016-06-14,20.1153835495,20.1253713268,19.9555791122,19.9755546668,101488.0,20.14,0.136706,20.15,19.98,20.0,1.0,101488.0,1,14
168,2016-06-13,20.1880944189,20.3666623302,20.1781739794,20.2872988141,16202.0,20.35,0.0,20.53,20.34,20.45,1.0,16202.0,0,13
169,2016-06-10,20.4162645278,20.6345141972,20.394737174,20.6345141972,7065.0,20.58,0.0,20.8,20.5583,20.8,1.0,7065.0,4,10
170,2016-06-09,21.0015704594,21.0015704594,20.8979018664,20.9519682618,5710.0,21.17,0.0,21.17,21.0655,21.12,1.0,5710.0,3,09
171,2016-06-08,21.2594026824,21.2892632054,21.1602974916,21.1602974916,27980.0,21.4299,0.0,21.46,21.33,21.33,1.0,27980.0,2,08
172,2016-06-07,21.0809339755,21.1702179312,20.9916500198,20.9916500198,38198.0,21.25,0.0,21.34,21.16,21.16,1.0,38198.0,1,07
173,2016-06-06,20.9718091408,21.071013536,20.9321273827,20.9321273827,21251.0,21.14,0.0,21.24,21.1,21.1,1.0,21251.0,0,06
174,2016-06-03,20.8428434271,20.8626843061,20.6642755157,20.6642755157,26091.0,21.01,0.0,21.03,20.83,20.83,1.0,26091.0,4,03
175,2016-06-02,20.5055484835,20.5650711206,20.3865032092,20.3865032092,22345.0,20.67,0.0,20.73,20.55,20.55,1.0,22345.0,3,02
176,2016-06-01,20.6047528786,20.6146733182,20.4171573674,20.4509860661,17950.0,20.77,0.0,20.78,20.5809,20.615,1.0,17950.0,2,01
177,2016-05-31,20.4956280439,20.6543550762,20.4658667254,20.6543550762,27114.0,20.66,0.0,20.82,20.63,20.82,1.0,27114.0,1,31
178,2016-05-27,20.4857076044,20.6345141972,20.4757871649,20.4757871649,25406.0,20.65,0.0,20.8,20.64,20.64,1.0,25406.0,4,27
179,2016-05-26,20.515468923,20.6940368343,20.4956280439,20.6940368343,39391.0,20.68,0.0,20.86,20.66,20.86,1.0,39391.0,3,26
180,2016-05-25,20.5452302415,20.5452302415,20.4162645278,20.4163637322,27440.0,20.71,0.0,20.71,20.58,20.5801,1.0,27440.0,2,25
181,2016-05-24,20.2872988141,20.3765827697,20.267457935,20.3649758555,24407.0,20.45,0.0,20.54,20.43,20.5283,1.0,24407.0,1,24
182,2016-05-23,20.1682535399,20.1880944189,20.0392878261,20.0392878261,11006.0,20.33,0.0,20.35,20.2,20.2,1.0,11006.0,0,23
183,2016-05-20,20.1285717818,20.1880944189,20.0392878261,20.0392878261,60971.0,20.29,0.0,20.35,20.2,20.2,1.0,60971.0,4,20
184,2016-05-19,20.0293673866,20.0293673866,19.8408790358,19.8849257872,27771.0,20.19,0.0,20.19,20.0,20.0444,1.0,27771.0,3,19
185,2016-05-18,20.1583331003,20.3666623302,20.0392878261,20.1285717818,104888.0,20.32,0.0,20.53,20.2,20.29,1.0,104888.0,2,18
186,2016-05-17,20.2376966165,20.4261849673,20.1583331003,20.3269805721,70765.0,20.4,0.0,20.59,20.32,20.49,1.0,70765.0,1,17
187,2016-05-16,20.3071396931,20.3269805721,20.1682535399,20.1781739794,69528.0,20.47,0.0,20.49,20.33,20.34,1.0,69528.0,0,16
188,2016-05-13,20.0888900237,20.2872988141,20.0591287052,20.2872988141,32252.0,20.25,0.0,20.45,20.22,20.45,1.0,32252.0,4,13
189,2016-05-12,20.3765827697,20.4956280439,20.3369010117,20.3964236488,20656.0,20.54,0.0,20.66,20.5,20.56,1.0,20656.0,3,12
190,2016-05-11,20.3071396931,20.5849119996,20.2872988141,20.4559462859,30784.0,20.47,0.0,20.75,20.45,20.62,1.0,30784.0,2,11
191,2016-05-10,20.4757871649,20.4956280439,20.3666623302,20.3666623302,28043.0,20.64,0.0,20.66,20.53,20.53,1.0,28043.0,1,10
192,2016-05-09,20.2079352979,20.3567418907,20.2079352979,20.3071396931,40453.0,20.37,0.0,20.52,20.37,20.47,1.0,40453.0,0,09
193,2016-05-06,20.4559462859,20.4658667254,20.3369010117,20.3369010117,25983.0,20.62,0.0,20.63,20.5,20.5,1.0,25983.0,4,06
194,2016-05-05,20.4063440883,20.535309802,20.3369010117,20.4361054068,35208.0,20.57,0.0,20.7,20.5,20.6,1.0,35208.0,3,05
195,2016-05-04,20.4162645278,20.6345141972,20.3765827697,20.6146733182,57761.0,20.58,0.0,20.8,20.54,20.78,1.0,57761.0,2,04
196,2016-05-03,20.7337185924,20.9817295803,20.7337185924,20.9618887013,57686.0,20.9,0.0,21.15,20.9,21.13,1.0,57686.0,1,03
197,2016-05-02,21.2396610078,21.2495814473,21.0412522174,21.0648628635,46067.0,21.41,0.0,21.42,21.21,21.2338,1.0,46067.0,0,02
198,2016-04-29,21.1106952941,21.1801383707,21.0511726569,21.1206157336,22302.0,21.28,0.0,21.35,21.22,21.29,1.0,22302.0,4,29
199,2016-04-28,21.071013536,21.2991836449,21.0626803668,21.1007748545,65890.0,21.24,0.0,21.47,21.2316,21.27,1.0,65890.0,3,28
200,2016-04-27,21.2198201287,21.3289449634,21.1106952941,21.1396629774,41293.0,21.39,0.0,21.5,21.28,21.3092,1.0,41293.0,2,27
201,2016-04-26,21.1999792497,21.2495814473,21.1404566126,21.2390657814,53444.0,21.37,0.0,21.42,21.31,21.4094,1.0,53444.0,1,26
202,2016-04-25,21.071013536,21.1900588102,21.0313317779,21.090854415,90615.0,21.24,0.0,21.36,21.2,21.26,1.0,90615.0,0,25
203,2016-04-22,21.2253755749,21.3289449634,21.1404566126,21.2595018868,18029.0,21.3956,0.0,21.5,21.31,21.43,1.0,18029.0,4,22
204,2016-04-21,21.3190245239,21.4479902377,21.1999792497,21.3190245239,38388.0,21.49,0.0,21.62,21.37,21.49,1.0,38388.0,3,21
205,2016-04-20,21.4975924352,21.626558149,21.3884676006,21.3884676006,53876.0,21.67,0.0,21.8,21.56,21.56,1.0,53876.0,2,20
206,2016-04-19,21.4975924352,21.6364785885,21.4949139166,21.5405479384,40001.0,21.67,0.0,21.81,21.6673,21.7133,1.0,40001.0,1,19
207,2016-04-18,21.3289449634,21.3983880401,21.2694223263,21.2892632054,20625.0,21.5,0.0,21.57,21.44,21.46,1.0,20625.0,0,18
208,2016-04-15,21.160396696,21.2793427659,21.1503770521,21.1503770521,35416.0,21.3301,0.0,21.45,21.32,21.32,1.0,35416.0,4,15
209,2016-04-14,21.1999792497,21.3749758028,21.1602974916,21.1602974916,24533.0,21.37,0.0,21.5464,21.33,21.33,1.0,24533.0,3,14
210,2016-04-13,21.2495814473,21.3487858425,21.1305361731,21.1602974916,53397.0,21.42,0.0,21.52,21.3,21.33,1.0,53397.0,2,13
211,2016-04-12,21.0114908989,21.1404566126,20.7734003504,20.7734003504,59644.0,21.18,0.0,21.31,20.94,20.94,1.0,59644.0,1,12
212,2016-04-11,21.0015704594,21.0190304329,20.8527638666,20.9429406618,21009.0,21.17,0.0,21.1876,21.02,21.1109,1.0,21009.0,0,11
213,2016-04-08,20.7138777133,20.8329229876,20.5650711206,20.6345141972,98272.0,20.88,0.0,21.0,20.73,20.8,1.0,98272.0,4,08
214,2016-04-07,20.2773783745,20.4559462859,20.271723724,20.3983085323,25836.0,20.44,0.0,20.62,20.4343,20.5619,1.0,25836.0,3,07
215,2016-04-06,20.6444346367,20.6841163948,20.4162645278,20.4162645278,27240.0,20.81,0.0,20.85,20.58,20.58,1.0,27240.0,2,06
216,2016-04-05,20.4162645278,20.5849119996,20.4162645278,20.5849119996,40786.0,20.58,0.0,20.75,20.58,20.75,1.0,40786.0,1,05
217,2016-04-04,20.8071298448,20.9420478222,20.7337185924,20.8626843061,18968.0,20.974,0.0,21.11,20.9,21.03,1.0,18968.0,0,04
218,2016-04-01,20.959309387,21.0015704594,20.6346134016,20.7634799109,16164.0,21.1274,0.0,21.17,20.8001,20.93,1.0,16164.0,4,01
219,2016-03-31,20.9916500198,21.1999792497,20.9916500198,21.1404566126,45741.0,21.16,0.0,21.37,21.16,21.31,1.0,45741.0,3,31
220,2016-03-30,21.1801383707,21.247498155,21.0214113384,21.2098996892,168786.0,21.35,0.0,21.4179,21.19,21.38,1.0,168786.0,2,30
221,2016-03-29,20.8825251851,20.9222069432,20.5749915601,20.6841163948,558040.0,21.05,0.0,21.09,20.74,20.85,1.0,558040.0,1,29
222,2016-03-28,20.8428434271,20.8428434271,20.6941360387,20.7337185924,28511.0,21.01,0.0,21.01,20.8601,20.9,1.0,28511.0,0,28
223,2016-03-24,20.6345141972,20.7436390319,20.5452302415,20.5602101052,177474.0,20.8,0.0,20.91,20.71,20.7251,1.0,177474.0,3,24
224,2016-03-23,20.7237981529,20.8825251851,20.7237981529,20.8527638666,38939.0,20.89,0.0,21.05,20.89,21.02,1.0,38939.0,2,23
225,2016-03-22,21.1106952941,21.1503770521,20.9817295803,21.0015704594,66724.0,21.28,0.0,21.32,21.15,21.17,1.0,66724.0,1,22
226,2016-03-21,21.1007748545,21.1801383707,21.0313317779,21.1801383707,13269.0,21.27,0.0,21.35,21.2,21.35,1.0,13269.0,0,21
227,2016-03-18,21.1007748545,21.1999792497,21.090854415,21.1305361731,48928.0,21.27,0.0,21.37,21.26,21.3,1.0,48928.0,4,18
228,2016-03-17,21.1206157336,21.1702179312,20.8726047456,20.8726047456,80182.0,21.29,0.0,21.34,21.04,21.04,1.0,80182.0,3,17
229,2016-03-16,20.7634799109,20.7922491855,20.3766819741,20.3766819741,17212.0,20.93,0.0,20.959,20.5401,20.5401,1.0,17212.0,2,16
230,2016-03-15,20.3964236488,20.5551506811,20.3567418907,20.5551506811,87640.0,20.56,0.0392134,20.72,20.52,20.72,1.0,87640.0,1,15
231,2016-03-14,20.6942491435,20.8130677988,20.6348398158,20.8130677988,19199.0,20.9,0.0,21.02,20.84,21.02,1.0,19199.0,0,14
232,2016-03-11,20.8427724627,20.8427724627,20.4071040597,20.4071040597,50810.0,21.05,0.0,21.05,20.61,20.61,1.0,50810.0,4,11
233,2016-03-10,20.2585807405,20.3377931774,20.1496636397,20.2387776312,90194.0,20.46,0.0,20.54,20.35,20.44,1.0,90194.0,3,10
234,2016-03-09,20.3575962866,20.4665133873,20.2783838497,20.2783838497,32037.0,20.56,0.0,20.67,20.48,20.48,1.0,32037.0,2,09
235,2016-03-08,20.2090729674,20.347694732,20.1694667489,20.3179900681,148769.0,20.41,0.0,20.55,20.37,20.52,1.0,148769.0,1,08
236,2016-03-07,20.5061196058,20.6348398158,20.3674978412,20.4665133873,102824.0,20.71,0.0,20.84,20.57,20.67,1.0,102824.0,0,07
237,2016-03-04,20.5853320427,20.6744460342,20.397202505,20.397202505,490628.0,20.79,0.0,20.88,20.6,20.6,1.0,490628.0,4,04
238,2016-03-03,20.3080885135,20.3377931774,19.961534102,19.961534102,112868.0,20.51,0.0,20.54,20.16,20.16,1.0,112868.0,3,03
239,2016-03-02,20.0209434297,20.0803527574,19.8625185559,19.8625185559,57124.0,20.22,0.0,20.28,20.06,20.06,1.0,57124.0,2,02
240,2016-03-01,20.0407465389,20.0407465389,19.783306119,19.7932076736,86142.0,20.24,0.0,20.24,19.98,19.99,1.0,86142.0,1,01
241,2016-02-29,19.5456688082,19.6644874636,19.4664563713,19.6050781359,36269.0,19.74,0.0,19.86,19.66,19.8,1.0,36269.0,0,29
242,2016-02-26,19.4764569415,19.6446843544,19.4466532621,19.6149796905,36390.0,19.6701,0.0,19.84,19.64,19.81,1.0,36390.0,4,26
243,2016-02-25,19.5654719175,19.5654719175,19.3872439344,19.3872439344,163330.0,19.76,0.0,19.76,19.58,19.58,1.0,163330.0,3,25
244,2016-02-24,19.3872439344,19.4565548167,19.0787114926,19.268425279,55273.0,19.58,0.0,19.65,19.2684,19.46,1.0,55273.0,2,24
245,2016-02-23,19.3872439344,19.6644874636,19.3773423798,19.6644874636,188878.0,19.58,0.0,19.86,19.57,19.86,1.0,188878.0,1,23
246,2016-02-22,19.7436999005,19.7635030097,19.5654719175,19.6050781359,239038.0,19.94,0.0,19.96,19.76,19.8,1.0,239038.0,0,22
247,2016-02-19,19.3179330521,19.347637716,19.0208864137,19.0208864137,68688.0,19.51,0.0,19.54,19.21,19.21,1.0,68688.0,4,19
248,2016-02-18,19.3080314975,19.4664563713,19.2685242946,19.3377361613,358923.0,19.5,0.0,19.66,19.4601,19.53,1.0,358923.0,3,18
249,2016-02-17,19.4367517075,19.4565548167,19.1397050691,19.1397050691,37860.0,19.63,0.0,19.65,19.33,19.33,1.0,37860.0,2,17
250,2016-02-16,18.9020677583,18.9812801952,18.783249103,18.8723630945,94621.0,19.09,0.0,19.17,18.97,19.06,1.0,94621.0,1,16
251,2016-02-12,18.8030522122,18.8030522122,18.4366946915,18.4465962461,38427.0,18.99,0.0,18.99,18.62,18.63,1.0,38427.0,4,12
252,2016-02-11,18.4465962461,18.6347257837,18.3377781609,18.5641276993,157408.0,18.63,0.0,18.82,18.5201,18.7487,1.0,157408.0,3,11
253,2016-02-10,18.8030522122,19.0307879683,18.7436428845,18.9416739768,269165.0,18.99,0.0,19.22,18.93,19.13,1.0,269165.0,2,10
254,2016-02-09,18.6644304476,18.9218708675,18.5604641241,18.6347257837,394817.0,18.85,0.0,19.11,18.745,18.82,1.0,394817.0,1,09
255,2016-02-08,18.8228553214,18.9812801952,18.6347257837,18.7139382207,358868.0,19.01,0.0,19.17,18.82,18.9,1.0,358868.0,0,08
256,2016-02-05,18.9911817498,19.218917506,18.961477086,19.1595081783,206642.0,19.18,0.0,19.41,19.15,19.35,1.0,206642.0,4,05
257,2016-02-04,19.2486221698,19.3674408252,19.1298035144,19.2288190606,184275.0,19.44,0.0,19.56,19.32,19.42,1.0,184275.0,3,04
258,2016-02-03,19.1397050691,19.1397050691,18.6248242291,18.8723630945,503021.0,19.33,0.0,19.33,18.81,19.06,1.0,503021.0,2,03
259,2016-02-02,18.783249103,18.9020677583,18.7238397753,18.8723630945,677876.0,18.97,0.0,19.09,18.91,19.06,1.0,677876.0,1,02
260,2016-02-01,19.1991143967,19.2882283883,19.0505910775,19.090197296,208770.0,19.39,0.0,19.48,19.24,19.28,1.0,208770.0,0,01
261,2016-01-29,19.1793112875,19.2486221698,18.9812801952,19.0208864137,470278.0,19.37,0.0,19.44,19.17,19.21,1.0,470278.0,4,29
262,2016-01-28,18.8624615399,19.0999998351,18.7634459937,19.0999998351,355003.0,19.05,0.0,19.2899,18.95,19.2899,1.0,355003.0,3,28
263,2016-01-27,18.704036666,18.8194887928,18.6446273384,18.7907742845,23181.0,18.89,0.0,19.0066,18.83,18.9776,1.0,23181.0,2,27
264,2016-01-26,18.8030522122,18.832756876,18.7634459937,18.7733475483,41175.0,18.99,0.0,19.02,18.95,18.96,1.0,41175.0,1,26
265,2016-01-25,18.5753164561,18.654528893,18.4961040191,18.4961040191,27181.0,18.76,0.0,18.84,18.68,18.68,1.0,27181.0,0,25
266,2016-01-22,18.6446273384,18.7337413299,18.5951195653,18.6941351114,108193.0,18.83,0.0,18.92,18.78,18.88,1.0,108193.0,4,22
267,2016-01-21,18.2881713722,18.3574822545,18.1297464984,18.1297464984,62252.0,18.47,0.0,18.54,18.31,18.31,1.0,62252.0,3,21
268,2016-01-20,18.2287620446,18.2980729269,17.8525029692,18.0406325069,278638.0,18.41,0.0,18.48,18.03,18.22,1.0,278638.0,2,20
269,2016-01-19,18.4862024645,18.5357102376,18.2881713722,18.3475806999,196260.0,18.67,0.0,18.72,18.47,18.53,1.0,196260.0,1,19
270,2016-01-15,18.0208293977,18.3475806999,18.0208293977,18.2782698176,202295.0,18.2,0.0,18.53,18.2,18.46,1.0,202295.0,4,15
271,2016-01-14,18.832756876,18.9317724222,18.5852180107,18.8426584306,91933.0,19.02,0.0,19.12,18.77,19.03,1.0,91933.0,3,14
272,2016-01-13,18.6644304476,18.961477086,18.5852180107,18.8921662037,199352.0,18.85,0.0,19.15,18.77,19.08,1.0,199352.0,2,13
273,2016-01-12,18.9020677583,18.9515755314,18.7337413299,18.7436428845,198735.0,19.09,0.0,19.14,18.92,18.93,1.0,198735.0,1,12
274,2016-01-11,18.5060055738,18.783249103,18.5060055738,18.7337413299,588251.0,18.69,0.0,18.97,18.69,18.92,1.0,588251.0,0,11
275,2016-01-08,18.7436428845,18.9119693129,18.6941351114,18.8426584306,229066.0,18.93,0.0,19.1,18.88,19.03,1.0,229066.0,4,08
276,2016-01-07,18.832756876,19.090197296,18.8129537668,18.832756876,42992.0,19.02,0.0,19.28,19.0,19.02,1.0,42992.0,3,07
277,2016-01-06,19.2585237244,19.3228838294,19.0505910775,19.0505910775,485517.0,19.45,0.0,19.515,19.24,19.24,1.0,485517.0,2,06
278,2016-01-05,19.4961610352,19.5555703629,19.4345733655,19.4961610352,280032.0,19.69,0.0,19.75,19.6278,19.69,1.0,280032.0,1,05
279,2016-01-04,19.4268501529,19.9813372113,19.2842677664,19.5852750267,1034488.0,19.62,0.0,20.18,19.476,19.78,1.0,1034488.0,0,04
280,2015-12-31,19.8823216651,20.0407465389,19.8229123374,19.9813372113,657993.0,20.08,0.0,20.24,20.02,20.18,1.0,657993.0,3,31
281,2015-12-30,20.0110418751,20.1298605305,20.0011403205,20.1298605305,260779.0,20.21,0.0,20.33,20.2,20.33,1.0,260779.0,2,30
282,2015-12-29,20.4269071689,20.5622614205,20.3773993958,20.3873009504,209359.0,20.63,0.1719,20.7667,20.58,20.59,1.0,209359.0,1,29
283,2015-12-28,20.0715310876,20.1500889393,20.0126126989,20.0224324304,223381.0,20.44,0.0,20.52,20.38,20.39,1.0,223381.0,0,28
284,2015-12-24,20.1599086707,20.2679257167,20.0911705506,20.1991875965,127511.0,20.53,0.0,20.64,20.46,20.57,1.0,127511.0,3,24
285,2015-12-23,20.1795481336,20.2237369252,20.0224324304,20.100990282,235410.0,20.55,0.0,20.595,20.39,20.47,1.0,235410.0,2,23
286,2015-12-22,19.9635140417,19.9635140417,19.7769391441,19.7769391441,621281.0,20.33,0.0,20.33,20.14,20.14,1.0,621281.0,1,22
287,2015-12-21,19.7572996812,19.8653167272,19.6492826352,19.8653167272,261055.0,20.12,0.0,20.23,20.01,20.23,1.0,261055.0,0,21
288,2015-12-18,19.6198234409,19.8162180699,19.6100037094,19.8162180699,291395.0,19.98,0.0,20.18,19.97,20.18,1.0,291395.0,4,18
289,2015-12-17,19.7474799497,19.8554969957,19.7180207554,19.8162180699,320379.0,20.11,0.0,20.22,20.08,20.18,1.0,320379.0,3,17
290,2015-12-16,19.9242351159,19.992973236,19.6934714268,19.7474799497,198822.0,20.29,0.0,20.36,20.055,20.11,1.0,198822.0,2,16
291,2015-12-15,19.5903642465,19.688561561,19.5412655892,19.627679226,588185.0,19.95,0.0,20.05,19.9,19.988,1.0,588185.0,1,15
292,2015-12-14,19.3743301546,19.3743301546,19.1582960626,19.3645104231,632477.0,19.73,0.0,19.73,19.51,19.72,1.0,632477.0,0,14
293,2015-12-11,19.27613284,19.4725274691,19.2466736457,19.3939696175,425482.0,19.63,0.0,19.83,19.6,19.75,1.0,425482.0,4,11
294,2015-12-10,19.7769391441,19.8751364586,19.7082010239,19.7180207554,384695.0,20.14,0.0,20.24,20.07,20.08,1.0,384695.0,3,10
295,2015-12-09,19.7572996812,20.0175225647,19.7180207554,19.904595653,403583.0,20.12,0.0,20.385,20.08,20.27,1.0,403583.0,2,09
296,2015-12-08,19.8554969957,19.9144153844,19.796578607,19.796578607,205786.0,20.22,0.0,20.28,20.16,20.16,1.0,205786.0,1,08
297,2015-12-07,20.100990282,20.3072046425,20.0420718933,20.3072046425,141933.0,20.47,0.0,20.68,20.41,20.68,1.0,141933.0,0,07
298,2015-12-04,20.3563032998,20.4164000562,20.1795481336,20.1795481336,187865.0,20.73,0.0,20.7912,20.55,20.55,1.0,187865.0,4,04
299,2015-12-03,20.1991875965,20.3563032998,20.0813508191,20.1991875965,513823.0,20.57,0.0,20.73,20.45,20.57,1.0,513823.0,3,03
300,2015-12-02,20.2482862538,20.405401957,20.2188270594,20.3563032998,133178.0,20.62,0.0,20.78,20.59,20.73,1.0,133178.0,2,02
301,2015-12-01,20.4741400772,20.5330584659,20.3563032998,20.3955822256,167255.0,20.85,0.0,20.91,20.73,20.77,1.0,167255.0,1,01
302,2015-11-30,20.3169261766,20.3464835683,20.2286467909,20.2286467909,124951.0,20.6899,0.0,20.72,20.6,20.6,1.0,124951.0,0,30
303,2015-11-27,20.3563032998,20.4643203457,20.3563032998,20.4643203457,862.0,20.73,0.0,20.84,20.73,20.84,1.0,862.0,4,27
304,2015-11-25,20.5625176602,20.6008146129,20.5232387344,20.5723373917,27078.0,20.94,0.0,20.979,20.9,20.95,1.0,27078.0,2,25
305,2015-11-24,20.6312557804,20.6312557804,20.4250414199,20.4790499429,350584.0,21.01,0.0,21.01,20.8,20.855,1.0,350584.0,1,24
306,2015-11-23,20.5625176602,20.6999939006,20.5035992715,20.6803544377,116333.0,20.94,0.0,21.08,20.88,21.06,1.0,116333.0,0,23
307,2015-11-20,20.7785517522,20.8276504094,20.6901741691,20.7589122893,222598.0,21.16,0.0,21.21,21.07,21.14,1.0,222598.0,4,20
308,2015-11-19,20.6999939006,20.7392728264,20.6116163175,20.6116163175,130516.0,21.08,0.0,21.12,20.99,20.99,1.0,130516.0,3,19
309,2015-11-18,20.5526979288,20.5723373917,20.3072046425,20.3072046425,84451.0,20.93,0.0,20.95,20.68,20.68,1.0,84451.0,2,18
310,2015-11-17,20.3661230312,20.5232387344,20.3072046425,20.4446808828,158996.0,20.74,0.0,20.9,20.68,20.82,1.0,158996.0,1,17
311,2015-11-16,20.3464835683,20.4545006143,20.0911705506,20.0911705506,238210.0,20.72,0.0,20.83,20.46,20.46,1.0,238210.0,0,16
312,2015-11-13,20.1795481336,20.2482862538,20.0813508191,20.0813508191,86800.0,20.55,0.0,20.62,20.45,20.45,1.0,86800.0,4,13
313,2015-11-12,20.3464835683,20.4937795401,20.3366638368,20.408838863,39152.0,20.72,0.0,20.87,20.71,20.7835,1.0,39152.0,3,12
314,2015-11-11,20.5677221179,20.6508952433,20.4440916989,20.5919768546,46162.0,20.9453,0.0,21.03,20.8194,20.97,1.0,46162.0,2,11
315,2015-11-10,20.4741400772,20.5526979288,20.3729968432,20.3759427627,109745.0,20.85,0.0,20.93,20.747,20.75,1.0,109745.0,1,10
316,2015-11-09,20.5428781973,20.6410755119,20.4741400772,20.5821571231,186464.0,20.92,0.0,21.02,20.85,20.96,1.0,186464.0,0,09
317,2015-11-06,20.8571096038,20.8767490667,20.6901741691,20.8767490667,52954.0,21.24,0.0,21.26,21.07,21.26,1.0,52954.0,4,06
318,2015-11-05,21.0731436957,21.1220459584,20.9847661127,21.0240450385,60807.0,21.46,0.0,21.5098,21.37,21.41,1.0,60807.0,3,05
319,2015-11-04,21.0829634272,21.2656104322,21.0436845014,21.2656104322,22309.0,21.47,0.0,21.656,21.43,21.656,1.0,22309.0,2,04
320,2015-11-03,21.2106199361,21.2498988619,21.0436845014,21.0829634272,62285.0,21.6,0.0,21.64,21.43,21.47,1.0,62285.0,1,03
321,2015-11-02,21.0633239643,21.0633239643,20.9553069183,20.9553069183,137818.0,21.45,0.0,21.45,21.34,21.34,1.0,137818.0,0,02
322,2015-10-30,20.8374701409,20.8963885296,20.8080109465,20.8963885296,46885.0,21.22,0.0,21.28,21.19,21.28,1.0,46885.0,4,30
323,2015-10-29,20.8472898723,20.8669293353,20.7883714836,20.7883714836,51284.0,21.23,0.0,21.25,21.17,21.17,1.0,51284.0,3,29
324,2015-10-28,21.0436845014,21.2793580562,20.7687320207,21.0967110512,81515.0,21.43,0.0,21.67,21.15,21.484,1.0,81515.0,2,28
325,2015-10-27,21.0535042328,21.0829634272,20.9945858441,21.0338647699,209890.0,21.44,0.0,21.47,21.38,21.42,1.0,209890.0,1,27
326,2015-10-26,21.2498988619,21.2695383248,21.1909804732,21.1909804732,28117.0,21.64,0.0,21.66,21.58,21.58,1.0,28117.0,0,26
327,2015-10-23,21.2891777877,21.3284567135,21.2106199361,21.2498988619,138377.0,21.68,0.0,21.72,21.6,21.64,1.0,138377.0,4,23
328,2015-10-22,21.2008002046,21.2348746728,21.0829634272,21.1026028901,122504.0,21.59,0.0,21.6247,21.47,21.49,1.0,122504.0,3,22
329,2015-10-21,20.8669293353,20.9553069183,20.8547528683,20.9553069183,30791.0,21.25,0.0,21.34,21.2376,21.34,1.0,30791.0,2,21
330,2015-10-20,20.9847661127,21.0790355346,20.9356674554,21.0044055756,102275.0,21.37,0.0,21.466,21.32,21.39,1.0,102275.0,1,20
331,2015-10-19,20.9651266498,21.0436845014,20.9400863346,21.0436845014,49084.0,21.35,0.0,21.43,21.3245,21.43,1.0,49084.0,0,19
332,2015-10-16,21.1320620845,21.1713410103,21.0731436957,21.0731436957,112455.0,21.52,0.0,21.56,21.46,21.46,1.0,112455.0,4,16
333,2015-10-15,21.1909804732,21.1909804732,20.9847661127,20.9847661127,317302.0,21.58,0.0,21.58,21.37,21.37,1.0,317302.0,3,15
334,2015-10-14,20.8571096038,20.9160279925,20.6999939006,20.6999939006,119963.0,21.24,0.0,21.3,21.08,21.08,1.0,119963.0,2,14
335,2015-10-13,20.6607149748,20.817830678,20.6607149748,20.817830678,43568.0,21.04,0.0,21.2,21.04,21.2,1.0,43568.0,1,13
336,2015-10-12,20.9847661127,21.0927831586,20.9454871869,21.014225307,91214.0,21.37,0.0,21.48,21.33,21.4,1.0,91214.0,0,12
337,2015-10-09,21.0044055756,21.1319638871,20.9454871869,20.9454871869,70184.0,21.39,0.0,21.5199,21.33,21.33,1.0,70184.0,4,09
338,2015-10-08,20.8963885296,20.9544231425,20.6508952433,20.6508952433,80544.0,21.28,0.0,21.3391,21.03,21.03,1.0,80544.0,3,08
339,2015-10-07,20.7284711218,20.7490925578,20.5919768546,20.7392728264,206338.0,21.109,0.0,21.13,20.97,21.12,1.0,206338.0,2,07
340,2015-10-06,20.3563032998,20.3955822256,20.297384911,20.3317539711,139421.0,20.73,0.0,20.77,20.67,20.705,1.0,139421.0,1,06
341,2015-10-05,20.3072046425,20.3072046425,20.1500889393,20.1500889393,101198.0,20.68,0.0,20.68,20.52,20.52,1.0,101198.0,0,05
342,2015-10-02,19.8358575328,19.8358575328,19.5510853207,19.5510853207,56295.0,20.2,0.0,20.2,19.91,19.91,1.0,56295.0,4,02
343,2015-10-01,19.6100037094,19.6100037094,19.4038875462,19.5216261263,96929.0,19.97,0.0,19.97,19.7601,19.88,1.0,96929.0,3,01
344,2015-09-30,19.5707247836,19.5707247836,19.4037893489,19.4823472005,67163.0,19.93,0.0,19.93,19.76,19.84,1.0,67163.0,2,30
345,2015-09-29,19.1386565997,19.187755257,19.0502790167,19.1582960626,107757.0,19.49,0.0,19.54,19.4,19.51,1.0,107757.0,1,29
346,2015-09-28,19.187755257,19.2270341828,19.0895579425,19.2270341828,94741.0,19.54,0.0,19.58,19.44,19.58,1.0,94741.0,0,28
347,2015-09-25,19.4430682747,19.6787418296,19.4037893489,19.6689220981,58862.0,19.8,0.0,20.04,19.76,20.03,1.0,58862.0,4,25
348,2015-09-24,19.4037893489,19.5206441532,19.2172144513,19.2270341828,50526.0,19.76,0.0,19.879,19.57,19.58,1.0,50526.0,3,24
349,2015-09-23,19.4823472005,19.6394629038,19.4823472005,19.6394629038,112701.0,19.84,0.0,20.0,19.84,20.0,1.0,112701.0,2,23
350,2015-09-22,19.7032911582,19.796578607,19.6492826352,19.7867588755,134375.0,20.065,0.0371687,20.16,20.01,20.15,1.0,134375.0,1,22
351,2015-09-21,20.1128316352,20.2304505337,20.0736253358,20.2010458091,115237.0,20.52,0.0,20.64,20.48,20.61,1.0,115237.0,0,21
352,2015-09-18,20.2598552583,20.436283606,20.1422363599,20.2304505337,46929.0,20.67,0.0,20.85,20.55,20.64,1.0,46929.0,4,18
353,2015-09-17,20.5539025044,20.7498359861,20.357871007,20.357871007,97394.0,20.97,0.0,21.1699,20.77,20.77,1.0,97394.0,3,17
354,2015-09-16,20.5816409613,20.5816409613,20.3480694321,20.3480694321,293604.0,20.9983,0.0,20.9983,20.76,20.76,1.0,293604.0,2,16
355,2015-09-15,20.2304505337,20.3088631327,20.0442206111,20.0442206111,405138.0,20.64,0.0,20.72,20.45,20.45,1.0,405138.0,1,15
356,2015-09-14,20.0932284855,20.0932284855,19.906998563,19.975609587,317277.0,20.5,0.0,20.5,20.31,20.38,1.0,317277.0,0,14
357,2015-09-11,20.0442206111,20.1520379347,19.9346390041,19.975609587,604724.0,20.45,0.0,20.56,20.3382,20.38,1.0,604724.0,4,11
358,2015-09-10,20.0344190363,20.151939919,19.7893796645,19.7893796645,149016.0,20.44,0.0,20.5599,20.19,20.19,1.0,149016.0,3,10
359,2015-09-09,19.8383875389,20.1618395096,19.8383875389,20.054022186,220768.0,20.24,0.0,20.57,20.24,20.46,1.0,220768.0,2,09
360,2015-09-08,19.9266017127,19.9354231301,19.7207686404,19.7207686404,80206.0,20.33,0.0,20.339,20.12,20.12,1.0,80206.0,1,08
361,2015-09-04,19.4855308435,19.603149742,19.3581103702,19.4953324184,46233.0,19.88,0.0,20.0,19.75,19.89,1.0,46233.0,4,04
362,2015-09-03,19.9560064373,20.0050143117,19.8481891137,19.9658080122,41664.0,20.36,0.0,20.41,20.25,20.37,1.0,41664.0,3,03
363,2015-09-02,19.9658080122,19.9952127368,19.6619591912,19.9952127368,160735.0,20.37,0.0,20.4,20.06,20.4,1.0,160735.0,2,02
364,2015-09-01,19.750173365,19.9658080122,19.603149742,19.9658080122,52927.0,20.15,0.0,20.37,20.0,20.37,1.0,52927.0,1,01
365,2015-08-31,20.1128316352,20.2891619672,19.9953107525,19.9953107525,32232.0,20.52,0.0,20.6999,20.4001,20.4001,1.0,32232.0,0,31
366,2015-08-28,20.132434785,20.3088631327,20.0736253358,20.0736253358,87877.0,20.54,0.0,20.72,20.48,20.48,1.0,87877.0,4,28
367,2015-08-27,20.3087651169,20.3087651169,19.8971969881,19.8971969881,85195.0,20.7199,0.0,20.7199,20.3,20.3,1.0,85195.0,3,27
368,2015-08-26,19.6178521043,19.6423560414,19.3091024958,19.5051339932,162258.0,20.015,0.0,20.04,19.7,19.9,1.0,162258.0,2,26
369,2015-08-25,19.2698961963,19.906998563,19.261074779,19.6423560414,118085.0,19.66,0.0,20.31,19.651,20.04,1.0,118085.0,1,25
370,2015-08-24,18.9562458005,19.7599749399,15.5060914459,19.2404914717,117903.0,19.34,0.0,20.16,15.82,19.63,1.0,117903.0,0,24
371,2015-08-21,19.9658080122,20.2990615578,19.9364032876,20.2892599829,269501.0,20.37,0.0,20.71,20.34,20.7,1.0,269501.0,4,21
372,2015-08-20,20.3676725819,20.6813229778,20.3676725819,20.514696205,180031.0,20.78,0.0,21.1,20.78,20.93,1.0,180031.0,3,20
373,2015-08-19,20.8577513254,20.9459654993,20.6421166783,20.7107277024,139107.0,21.28,0.0,21.37,21.06,21.13,1.0,139107.0,2,19
374,2015-08-18,20.8969576249,20.9263623495,20.8773544752,20.88715605,119603.0,21.32,0.0,21.35,21.3,21.31,1.0,119603.0,1,18
375,2015-08-17,21.0537828229,21.0732879568,21.0145765234,21.0341796731,49245.0,21.48,0.0,21.4999,21.44,21.46,1.0,49245.0,0,17
376,2015-08-14,21.2302111705,21.2498143203,21.191004871,21.2498143203,78517.0,21.66,0.0,21.68,21.62,21.68,1.0,78517.0,4,14
377,2015-08-13,21.2596158951,21.347830069,21.2400127454,21.2400127454,197645.0,21.69,0.0,21.78,21.67,21.67,1.0,197645.0,3,13
378,2015-08-12,21.2743182575,21.347830069,21.1714017213,21.2008064459,177571.0,21.705,0.0,21.78,21.6,21.63,1.0,177571.0,2,12
379,2015-08-11,21.5242584167,21.7496946387,21.4654489674,21.7496946387,184212.0,21.96,0.0,22.19,21.9,22.19,1.0,184212.0,1,11
380,2015-08-10,21.9849324356,22.0142391445,21.7692977884,21.8673135371,523371.0,22.43,0.0,22.4599,22.21,22.31,1.0,523371.0,0,10
381,2015-08-07,21.7104883392,21.7790993633,21.6810836146,21.7006867643,103272.0,22.15,0.0,22.22,22.12,22.14,1.0,103272.0,4,07
382,2015-08-06,21.8575119623,21.8575119623,21.730091489,21.8183056628,72136.0,22.3,0.0,22.3,22.17,22.26,1.0,72136.0,3,06
383,2015-08-05,21.9947340105,22.0338422942,21.9163214115,21.9751308607,154461.0,22.44,0.0,22.4799,22.36,22.42,1.0,154461.0,2,05
384,2015-08-04,21.8869166869,22.0241387351,21.877115112,22.0241387351,46423.0,22.33,0.0,22.47,22.32,22.47,1.0,46423.0,1,04
385,2015-08-03,21.8869166869,21.9481765298,21.8183056628,21.9481765298,103410.0,22.33,0.0,22.3925,22.26,22.3925,1.0,103410.0,0,03
386,2015-07-31,21.9849324356,22.1319560587,21.9849324356,22.0241387351,53430.0,22.43,0.0,22.58,22.43,22.47,1.0,53430.0,4,31
387,2015-07-30,21.8477103874,21.9162233958,21.7790993633,21.7790993633,98288.0,22.29,0.0,22.3599,22.22,22.22,1.0,98288.0,3,30
388,2015-07-29,21.9849324356,22.0436438691,21.8967182618,21.8967182618,82214.0,22.43,0.0,22.4899,22.34,22.34,1.0,82214.0,2,29
389,2015-07-28,21.955527711,21.9653292859,21.7496946387,21.7496946387,57005.0,22.4,0.0,22.41,22.19,22.19,1.0,57005.0,1,28
390,2015-07-27,21.730091489,22.0143371602,21.730091489,22.0143371602,70555.0,22.17,0.0,22.46,22.17,22.46,1.0,70555.0,0,27
391,2015-07-24,22.0142391445,22.102551334,21.9271031439,22.0731466094,35717.0,22.4599,0.0,22.55,22.371,22.52,1.0,35717.0,4,24
392,2015-07-23,22.180963933,22.3573922807,22.180963933,22.3083844063,79659.0,22.63,0.0,22.81,22.63,22.76,1.0,79659.0,3,23
393,2015-07-22,22.3181859812,22.3573922807,22.3083844063,22.3476887216,48048.0,22.77,0.0,22.81,22.76,22.8001,1.0,48048.0,2,22
394,2015-07-21,22.5338206284,22.5338206284,22.4554080294,22.5044159038,135349.0,22.99,0.0,22.99,22.91,22.96,1.0,135349.0,1,21
395,2015-07-20,22.4946143289,22.5729289121,22.4456064545,22.4456064545,50544.0,22.95,0.0,23.0299,22.9,22.9,1.0,50544.0,0,20
396,2015-07-17,22.5436222032,22.6318363771,22.5142174786,22.5143154944,37257.0,23.0,0.0,23.09,22.97,22.9701,1.0,37257.0,4,17
397,2015-07-16,22.5828285027,22.6905478106,22.5828285027,22.5828285027,34218.0,23.04,0.0,23.1499,23.04,23.04,1.0,34218.0,3,16
398,2015-07-15,22.4162017299,22.5338206284,22.3965985802,22.4456064545,24089.0,22.87,0.0,22.99,22.85,22.9,1.0,24089.0,2,15
399,2015-07-14,22.5436222032,22.6220348022,22.4554080294,22.4652096043,68150.0,23.0,0.0,23.08,22.91,22.92,1.0,68150.0,1,14
400,2015-07-13,22.484812754,22.5534237781,22.4554080294,22.5142174786,25639.0,22.94,0.0,23.01,22.91,22.97,1.0,25639.0,0,13
401,2015-07-10,22.406400155,22.4162017299,22.259376532,22.259376532,76529.0,22.86,0.0,22.87,22.71,22.71,1.0,76529.0,4,10
402,2015-07-09,21.9065198366,22.1515592084,21.877115112,22.1017672081,46306.0,22.35,0.0,22.6,22.32,22.5492,1.0,46306.0,3,09
403,2015-07-08,21.7006867643,21.9849324356,21.6614804649,21.7496946387,109097.0,22.14,0.0,22.43,22.1,22.19,1.0,109097.0,2,08
404,2015-07-07,22.2103686576,22.2103686576,21.798702513,21.8085040879,30774.0,22.66,0.0,22.66,22.24,22.25,1.0,30774.0,1,07
405,2015-07-06,22.2495749571,22.5436222032,22.2495749571,22.4358048797,69482.0,22.7,0.0,23.0,22.7,22.89,1.0,69482.0,0,06
406,2015-07-02,22.7788600001,22.945486773,22.7788600001,22.8278678745,52030.0,23.24,0.0,23.41,23.24,23.29,1.0,52030.0,3,02
407,2015-07-01,22.7200505509,23.0140977971,22.6906458263,22.8768757489,23920.0,23.18,0.0,23.48,23.15,23.34,1.0,23920.0,2,01
408,2015-06-30,22.7004474012,22.8376694494,22.6514395268,22.8376694494,28265.0,23.16,0.0,23.3,23.11,23.3,1.0,28265.0,1,30
409,2015-06-29,22.7983651341,22.9062804735,22.6809422672,22.8083627405,32948.0,23.2599,0.0,23.37,23.1401,23.2701,1.0,32948.0,0,29
410,2015-06-26,23.1219151206,23.3081450432,23.1219151206,23.3081450432,34160.0,23.59,0.0,23.78,23.59,23.78,1.0,34160.0,4,26
411,2015-06-25,23.2297324442,23.4061607919,23.2297324442,23.3395100828,23771.0,23.7,0.0,23.88,23.7,23.812,1.0,23771.0,3,25
412,2015-06-24,23.4061607919,23.4649702411,23.2787403186,23.3179466181,52347.0,23.88,0.0,23.94,23.75,23.79,1.0,52347.0,2,24
413,2015-06-23,23.396359217,23.5629859898,23.396359217,23.474771816,23651.0,23.87,0.0,24.04,23.87,23.95,1.0,23651.0,1,23
414,2015-06-22,23.5237796903,23.5237796903,23.3767560673,23.4159623668,23100.0,24.0,0.0,24.0,23.85,23.89,1.0,23100.0,0,22
415,2015-06-19,23.1513198452,23.2591371688,23.1416162861,23.2003277196,56232.0,23.62,0.0,23.73,23.6101,23.67,1.0,56232.0,4,19
416,2015-06-18,23.3179466181,23.3277481929,23.0729072463,23.210717389,38862.0,23.79,0.0,23.8,23.54,23.6806,1.0,38862.0,3,18
417,2015-06-17,23.1611214201,23.1611214201,22.8768757489,23.092510396,20141.0,23.63,0.0,23.63,23.34,23.56,1.0,20141.0,2,17
418,2015-06-16,23.0337009468,23.1317166955,22.9552883478,23.0827088211,21317.0,23.5,0.215619,23.6,23.42,23.55,1.0,21317.0,1,16
419,2015-06-15,22.9893936739,23.1933553414,22.9699687532,23.1933553414,40065.0,23.67,0.0,23.88,23.65,23.88,1.0,40065.0,0,15
420,2015-06-12,23.2029706772,23.2030678018,23.1447930396,23.2030678018,9317.0,23.8899,0.0,23.89,23.83,23.89,1.0,9317.0,4,12
421,2015-06-11,23.2904799451,23.3778920883,23.2030678018,23.2419176433,40185.0,23.98,0.0,24.07,23.89,23.93,1.0,40185.0,3,11
422,2015-06-10,23.3390422469,23.3584671676,23.1545055,23.1642179604,30781.0,24.03,0.0,24.05,23.84,23.85,1.0,30781.0,2,10
423,2015-06-09,22.9991061342,23.0088185946,22.8728441495,22.8728441495,20747.0,23.68,0.0,23.69,23.55,23.55,1.0,20747.0,1,09
424,2015-06-08,22.9991061342,23.1253681189,22.9699687532,23.1253681189,37742.0,23.68,0.0,23.81,23.65,23.81,1.0,37742.0,0,08
425,2015-06-05,23.0573808964,23.2029706772,23.0379559757,23.1836428811,25951.0,23.74,0.0,23.8899,23.72,23.87,1.0,25951.0,4,05
426,2015-06-04,23.3296211603,23.5137694087,23.2807674847,23.4264543901,16901.0,24.0203,0.0,24.2099,23.97,24.12,1.0,16901.0,3,04
427,2015-06-03,23.4264543901,23.610991137,23.4264543901,23.5189170127,17281.0,24.12,0.0,24.31,24.12,24.2152,1.0,17281.0,2,03
428,2015-06-02,23.5608748415,23.5915662162,23.4167419297,23.5430039144,43394.0,24.2584,0.0,24.29,24.11,24.24,1.0,43394.0,1,02
429,2015-06-01,23.3584671676,23.4554946466,23.3584671676,23.4554946466,21534.0,24.05,0.0,24.1499,24.05,24.1499,1.0,21534.0,0,01
430,2015-05-29,23.4264543901,23.5332914541,23.4167419297,23.4847291523,16803.0,24.12,0.0,24.23,24.11,24.18,1.0,16803.0,4,29
431,2015-05-28,23.5721412955,23.6886908198,23.2904799451,23.397317009,52821.0,24.27,0.0,24.39,23.98,24.09,1.0,52821.0,3,28
432,2015-05-27,23.6789783595,23.746965582,23.5721412955,23.5915662162,35690.0,24.38,0.0,24.45,24.27,24.29,1.0,35690.0,2,27
433,2015-05-26,23.7275406613,23.7858154235,23.6012786766,23.6886908198,26476.0,24.43,0.0,24.49,24.3,24.39,1.0,26476.0,1,26
434,2015-05-22,24.1450793322,24.1840262982,23.999586676,24.1548889172,72691.0,24.8599,0.0,24.9,24.7101,24.87,1.0,72691.0,4,22
435,2015-05-21,24.096614155,24.1743138379,24.096614155,24.1646013775,19592.0,24.81,0.0,24.89,24.81,24.88,1.0,19592.0,3,21
436,2015-05-20,24.096614155,24.2520135208,23.9800646307,23.9800646307,48787.0,24.81,0.0,24.97,24.69,24.69,1.0,48787.0,2,20
437,2015-05-19,24.0189144721,24.1937387586,24.0189144721,24.0383393928,20587.0,24.73,0.0,24.91,24.73,24.75,1.0,20587.0,1,19
438,2015-05-18,24.1257515361,24.2811509019,23.9412147892,23.9412147892,36472.0,24.84,0.0,25.0,24.65,24.65,1.0,36472.0,0,18
439,2015-05-15,24.2180199095,24.3005758226,24.1548889172,24.2228761397,16741.0,24.935,0.0,25.02,24.87,24.94,1.0,16741.0,4,15
440,2015-05-14,24.1937387586,24.300478698,24.1548889172,24.177713199,25623.0,24.91,0.0,25.0199,24.87,24.8935,1.0,25623.0,3,14
441,2015-05-13,24.0383393928,24.2325886,24.0383393928,24.2325886,16435.0,24.75,0.0,24.95,24.75,24.95,1.0,16435.0,2,13
442,2015-05-12,23.8732275667,23.9800646307,23.7373502463,23.7373502463,62694.0,24.58,0.0,24.69,24.4401,24.4401,1.0,62694.0,1,12
443,2015-05-11,23.9315023289,24.0286269325,23.8636122309,24.0286269325,14827.0,24.64,0.0,24.74,24.5701,24.74,1.0,14827.0,0,11
444,2015-05-08,24.2228761397,24.2228761397,24.0092020118,24.0869016946,33019.0,24.94,0.0,24.94,24.72,24.8,1.0,33019.0,4,08
445,2015-05-07,23.7566780424,23.8829400271,23.6498409784,23.6498409784,29055.0,24.46,0.0,24.59,24.35,24.35,1.0,29055.0,3,07
446,2015-05-06,23.8440901856,24.0286269325,23.8440901856,23.9499560035,39289.0,24.55,0.0,24.74,24.55,24.659,1.0,39289.0,2,06
447,2015-05-05,23.853802646,24.0771892343,23.853802646,24.0286269325,47857.0,24.56,0.0,24.79,24.56,24.74,1.0,47857.0,1,05
448,2015-05-04,24.1548889172,24.1646013775,24.0384365174,24.1646013775,25951.0,24.87,0.0,24.88,24.7501,24.88,1.0,25951.0,0,04
449,2015-05-01,24.096614155,24.1743138379,23.9412147892,24.1160390757,18021.0,24.81,0.0,24.89,24.65,24.83,1.0,18021.0,4,01
450,2015-04-30,23.9994895514,24.0286269325,23.9606397099,24.0189144721,39598.0,24.71,0.0,24.74,24.67,24.73,1.0,39598.0,3,30
451,2015-04-29,24.2520135208,24.2714384415,24.1743138379,24.1937387586,50324.0,24.97,0.0,24.99,24.89,24.91,1.0,50324.0,2,29
452,2015-04-28,24.4268378073,24.4268378073,24.3491381244,24.3491381244,28998.0,25.15,0.0,25.15,25.07,25.07,1.0,28998.0,1,28
453,2015-04-27,24.349235249,24.4267406827,24.349235249,24.4267406827,9672.0,25.0701,0.0,25.1499,25.0701,25.1499,1.0,9672.0,0,27
454,2015-04-24,24.2811509019,24.2811509019,24.1451764568,24.1451764568,73593.0,25.0,0.0,25.0,24.86,24.86,1.0,73593.0,4,24
455,2015-04-23,24.1646013775,24.2228761397,23.8440901856,23.8440901856,38054.0,24.88,0.0,24.94,24.55,24.55,1.0,38054.0,3,23
456,2015-04-22,24.0092020118,24.0673796493,23.9412147892,23.9509272496,75598.0,24.72,0.0,24.7799,24.65,24.66,1.0,75598.0,2,22
457,2015-04-21,23.9509272496,24.0771892343,23.9412147892,23.9703521703,60529.0,24.66,0.0,24.79,24.65,24.68,1.0,60529.0,1,21
458,2015-04-20,23.8052403442,23.9023649478,23.7955278838,23.8926524874,54567.0,24.51,0.0,24.61,24.5,24.6,1.0,54567.0,0,20
459,2015-04-17,23.7955278838,23.8635151063,23.7470627066,23.853802646,46684.0,24.5,0.0,24.57,24.4501,24.56,1.0,46684.0,4,17
460,2015-04-16,24.096614155,24.2121924333,24.0092020118,24.0714588827,26720.0,24.81,0.0,24.929,24.72,24.7841,1.0,26720.0,3,16
461,2015-04-15,23.9829783688,24.0373681468,23.8343777253,23.8343777253,29322.0,24.693,0.0,24.749,24.54,24.54,1.0,29322.0,2,15
462,2015-04-14,23.7955278838,23.8635151063,23.7275406613,23.7275406613,79695.0,24.5,0.0,24.57,24.43,24.43,1.0,79695.0,1,14
463,2015-04-13,23.5915662162,23.8052403442,23.5915662162,23.640128518,35440.0,24.29,0.0,24.51,24.29,24.34,1.0,35440.0,0,13
464,2015-04-10,23.8052403442,23.8440901856,23.7372531216,23.8246652649,35529.0,24.51,0.0,24.55,24.44,24.53,1.0,35529.0,4,10
465,2015-04-09,23.8926524874,23.9703521703,23.7663905027,23.9703521703,41926.0,24.6,0.0,24.68,24.47,24.68,1.0,41926.0,3,09
466,2015-04-08,23.7081157406,23.8635151063,23.5138665334,23.5138665334,81833.0,24.41,0.0,24.57,24.21,24.21,1.0,81833.0,2,08
467,2015-04-07,23.5090103032,23.7761029631,23.5090103032,23.6596505634,52169.0,24.205,0.0,24.48,24.205,24.3601,1.0,52169.0,1,07
468,2015-04-06,23.7955278838,23.8635151063,23.4944416126,23.4944416126,23061.0,24.5,0.0,24.57,24.19,24.19,1.0,23061.0,0,06
469,2015-04-02,23.5234818691,23.5234818691,23.4070294694,23.4653042315,31197.0,24.2199,0.0,24.2199,24.1,24.16,1.0,31197.0,3,02
470,2015-04-01,23.1447930396,23.2419176433,23.0962307378,23.0962307378,8669.0,23.83,0.0,23.93,23.78,23.78,1.0,8669.0,2,01
471,2015-03-31,22.9699687532,23.3099048658,22.9311189117,23.1545055,40429.0,23.65,0.0,24.0,23.61,23.84,1.0,40429.0,1,31
472,2015-03-30,23.1253681189,23.2418205186,22.9893936739,22.9893936739,10877.0,23.81,0.0,23.9299,23.67,23.67,1.0,10877.0,0,30
473,2015-03-27,22.9505438324,23.0379559757,22.921503576,22.9796812135,62431.0,23.63,0.0,23.72,23.6001,23.66,1.0,62431.0,4,27
474,2015-03-26,22.9504467078,22.9699687532,22.7854320063,22.7854320063,18848.0,23.6299,0.0,23.65,23.46,23.46,1.0,18848.0,3,26
475,2015-03-25,23.0865182775,23.2661987942,23.0379559757,23.2030678018,71514.0,23.77,0.0,23.955,23.72,23.89,1.0,71514.0,2,25
476,2015-03-24,23.1739304207,23.3001924054,23.1447930396,23.2516301036,68112.0,23.86,0.0,23.99,23.83,23.94,1.0,68112.0,1,24
477,2015-03-23,23.1642179604,23.2030678018,23.0962307378,23.0962307378,49281.0,23.85,0.0,23.89,23.78,23.78,1.0,49281.0,0,23
478,2015-03-20,23.0282435153,23.1739304207,22.9311189117,22.9311189117,23814.0,23.71,0.0,23.86,23.61,23.61,1.0,23814.0,4,20
479,2015-03-19,22.668882482,22.8145693874,22.6300326405,22.8145693874,17203.0,23.34,0.0,23.49,23.3,23.49,1.0,17203.0,3,19
480,2015-03-18,22.9311189117,23.0088185946,22.5416492512,22.562045418,24067.0,23.61,0.0,23.69,23.209,23.23,1.0,24067.0,2,18
481,2015-03-17,22.5329080369,22.5523329576,22.4560824755,22.4843457351,47382.0,23.2,0.0275772,23.22,23.1209,23.15,1.0,47382.0,1,17
482,2015-03-16,22.4770528032,22.5642641561,22.4696800971,22.5158565198,209205.0,23.17,0.0,23.2599,23.1624,23.21,1.0,209205.0,0,16
483,2015-03-13,22.3218379371,22.4382490867,22.1570191511,22.4382490867,14749.0,23.01,0.0,23.13,22.8401,23.13,1.0,14749.0,4,13
484,2015-03-12,22.5643611654,22.5643611654,22.4091462993,22.4091462993,24618.0,23.26,0.0,23.26,23.1,23.1,1.0,24618.0,3,12
485,2015-03-11,22.3412397954,22.3412397954,22.2637293716,22.2926381404,14532.0,23.03,0.0,23.03,22.9501,22.9799,1.0,14532.0,2,11
486,2015-03-10,22.244230504,22.389744441,22.1763240001,22.3509407245,90386.0,22.93,0.0,23.08,22.86,23.04,1.0,90386.0,1,10
487,2015-03-09,22.7098751024,22.7195760316,22.6516695276,22.6613704568,19356.0,23.41,0.0,23.42,23.35,23.36,1.0,19356.0,0,09
488,2015-03-06,22.7583797481,22.9718001891,22.6614674661,22.9718001891,97505.0,23.46,0.0,23.68,23.3601,23.68,1.0,97505.0,4,06
489,2015-03-05,23.0203048347,23.0882113387,22.9737403749,23.0785104095,32209.0,23.73,0.0,23.8,23.682,23.79,1.0,32209.0,3,05
490,2015-03-04,23.0688094804,23.0882113387,22.9523983308,22.9718001891,30334.0,23.78,0.0,23.8,23.66,23.68,1.0,30334.0,2,04
491,2015-03-03,23.1949215591,23.2628280631,23.1561178426,23.1756167102,71470.0,23.91,0.0,23.98,23.87,23.8901,1.0,71470.0,1,03
492,2015-03-02,23.2531271339,23.3210336379,23.2434262048,23.3210336379,33709.0,23.97,0.0,24.04,23.96,24.04,1.0,33709.0,0,02
493,2015-02-27,23.2822299213,23.3598373544,23.2822299213,23.3404354961,48943.0,24.0,0.0,24.08,24.0,24.06,1.0,48943.0,4,27
494,2015-02-26,23.3016317796,23.3792392127,23.2046224883,23.2822299213,51975.0,24.02,0.0,24.1,23.92,24.0,1.0,51975.0,3,26
495,2015-02-25,23.4083420001,23.4277438583,23.3404354961,23.3598373544,83828.0,24.13,0.0,24.15,24.06,24.08,1.0,83828.0,2,25
496,2015-02-24,23.3792392127,23.4277438583,23.1763927845,23.1763927845,27202.0,24.1,0.0,24.15,23.8909,23.8909,1.0,27202.0,1,24
497,2015-02-23,23.2434262048,23.2725289922,23.1271120645,23.1271120645,23389.0,23.96,0.0,23.99,23.8401,23.8401,1.0,23389.0,0,23
498,2015-02-20,23.3889401418,23.3889401418,23.1076131969,23.1076131969,45343.0,24.11,0.0,24.11,23.82,23.82,1.0,45343.0,4,20
499,2015-02-19,23.2822299213,23.2919308505,23.2046224883,23.2919308505,23618.0,24.0,0.0,24.01,23.92,24.01,1.0,23618.0,3,19
500,2015-02-18,23.2725289922,23.3113327087,23.1367159843,23.18522063,31794.0,23.99,0.0,24.03,23.85,23.9,1.0,31794.0,2,18
501,2015-02-17,23.3016317796,23.3016317796,22.9815011182,22.9815011182,61735.0,24.02,0.0,24.02,23.69,23.69,1.0,61735.0,1,17
502,2015-02-13,23.2851402001,23.3210336379,23.1755197009,23.1755197009,18521.0,24.003,0.0,24.04,23.89,23.89,1.0,18521.0,4,13
503,2015-02-12,23.1367159843,23.1561178426,22.9620992599,22.9912020473,74401.0,23.85,0.0,23.87,23.67,23.7,1.0,74401.0,3,12
504,2015-02-11,22.7777816064,22.8261892428,22.7001741733,22.7001741733,17219.0,23.48,0.0,23.5299,23.4,23.4,1.0,17219.0,2,11
505,2015-02-10,22.913497605,22.913497605,22.8068843938,22.8069814031,13286.0,23.6199,0.0,23.6199,23.51,23.5101,1.0,13286.0,1,10
506,2015-02-09,22.8456881103,22.9135946143,22.826286252,22.8553890394,108342.0,23.55,0.0,23.62,23.53,23.56,1.0,108342.0,0,09
507,2015-02-06,22.9135946143,23.0688094804,22.8069814031,23.0591085513,275457.0,23.62,0.0,23.78,23.5101,23.77,1.0,275457.0,4,06
508,2015-02-05,23.1270150552,23.1755197009,22.9567637489,22.9912020473,86155.0,23.84,0.0,23.89,23.6645,23.7,1.0,86155.0,3,05
509,2015-02-04,23.0785104095,23.0979122678,23.0009029765,23.0979122678,562327.0,23.79,0.0,23.81,23.71,23.81,1.0,562327.0,2,04
510,2015-02-03,23.1270150552,23.1561178426,22.9912020473,23.0300057639,84819.0,23.84,0.0,23.87,23.7,23.74,1.0,84819.0,1,03
511,2015-02-02,22.7680806772,22.7777816064,22.603164882,22.6516695276,162550.0,23.47,0.0,23.48,23.3,23.35,1.0,162550.0,0,02
512,2015-01-30,22.5061555906,22.6419685985,22.5061555906,22.6419685985,8679.0,23.2,0.0,23.34,23.2,23.34,1.0,8679.0,4,30
513,2015-01-29,22.9038936851,22.9329964725,22.7292769607,22.8650899686,15026.0,23.61,0.0,23.64,23.43,23.57,1.0,15026.0,3,29
514,2015-01-28,22.7224863103,23.0882113387,22.7224863103,23.0882113387,25767.0,23.423,0.0,23.8,23.423,23.8,1.0,25767.0,2,28
515,2015-01-27,23.0494076221,23.1076131969,22.9135946143,22.9135946143,71297.0,23.76,0.0,23.82,23.62,23.62,1.0,71297.0,1,27
516,2015-01-26,23.0979122678,23.1173141261,22.9815011182,23.0203048347,157003.0,23.81,0.0,23.83,23.69,23.73,1.0,157003.0,0,26
517,2015-01-23,23.0009029765,23.0494076221,23.0009029765,23.0203048347,75017.0,23.71,0.0,23.76,23.71,23.73,1.0,75017.0,4,23
518,2015-01-22,23.0009029765,23.0387366001,22.748678819,22.748678819,63379.0,23.71,0.0,23.749,23.45,23.45,1.0,63379.0,3,22
519,2015-01-21,22.7292769607,22.7583797481,22.5934639528,22.5934639528,84115.0,23.43,0.0,23.46,23.29,23.29,1.0,84115.0,2,21
520,2015-01-20,22.5158565198,22.5643611654,22.4673518741,22.4867537324,479750.0,23.21,0.0,23.26,23.16,23.18,1.0,479750.0,1,20
521,2015-01-16,22.535258378,22.535258378,22.2054267875,22.2151277166,130360.0,23.23,0.0,23.23,22.89,22.9,1.0,130360.0,4,16
522,2015-01-15,22.2733332914,22.4285481576,22.2733332914,22.3994453702,12588.0,22.96,0.0,23.12,22.96,23.09,1.0,12588.0,3,15
523,2015-01-14,22.3024360788,22.3412397954,22.1763240001,22.2733332914,42825.0,22.99,0.0,23.03,22.86,22.96,1.0,42825.0,2,14
524,2015-01-13,22.3218379371,22.4867537324,22.1860249292,22.4867537324,366184.0,23.01,0.0,23.18,22.87,23.18,1.0,366184.0,1,13
525,2015-01-12,22.1860249292,22.2733332914,22.098716567,22.1957258583,52932.0,22.87,0.0,22.96,22.78,22.88,1.0,52932.0,0,12
526,2015-01-09,22.3509407245,22.3703425828,22.1569221418,22.3509407245,34570.0,23.04,0.0,23.06,22.84,23.04,1.0,34570.0,4,09
527,2015-01-08,22.3893564039,22.4575539357,22.1472212127,22.1472212127,121007.0,23.0796,0.0,23.1499,22.83,22.83,1.0,121007.0,3,08
528,2015-01-07,22.061076962,22.098716567,21.8658942678,21.8755951969,54457.0,22.7412,0.0,22.78,22.54,22.55,1.0,54457.0,2,07
529,2015-01-06,21.7494831182,21.9435017009,21.7009784725,21.9046979843,85534.0,22.42,0.0,22.62,22.37,22.58,1.0,85534.0,1,06
530,2015-01-05,21.8852961261,22.1084174961,21.8077857023,22.1084174961,46065.0,22.56,0.0,22.79,22.4801,22.79,1.0,46065.0,0,05
531,2015-01-02,22.3191216769,22.3412397954,22.224925655,22.3024360788,45245.0,23.0072,0.0,23.03,22.9101,22.99,1.0,45245.0,4,02
532,2014-12-31,22.457650945,22.5934639528,22.3606416536,22.5934639528,97136.0,23.15,0.0,23.29,23.05,23.29,1.0,97136.0,2,31
533,2014-12-30,22.5061555906,22.5061555906,22.389744441,22.4091462993,334702.0,23.2,0.0,23.2,23.08,23.1,1.0,334702.0,1,30
534,2014-12-29,22.4867537324,22.6710713859,22.4770528032,22.4965516708,180668.0,23.18,0.0,23.37,23.17,23.1901,1.0,180668.0,0,29
535,2014-12-26,22.6710713859,22.7292769607,22.5546602363,22.5643611654,100763.0,23.37,0.0,23.43,23.25,23.26,1.0,100763.0,4,26
536,2014-12-24,22.5060585813,22.5060585813,22.3800435119,22.389744441,9445.0,23.1999,0.0,23.1999,23.07,23.08,1.0,9445.0,2,24
537,2014-12-23,22.5061555906,22.5643611654,22.4091462993,22.4867537324,151884.0,23.2,0.0,23.26,23.1,23.18,1.0,151884.0,1,23
538,2014-12-22,22.5449593072,22.6128658111,22.4479500158,22.5158565198,127701.0,23.24,0.0,23.31,23.14,23.21,1.0,127701.0,0,22
539,2014-12-19,22.389744441,22.4382490867,22.2830342205,22.3121370079,276127.0,23.08,0.0,23.13,22.97,23.0,1.0,276127.0,4,19
540,2014-12-18,22.3121370079,22.3702455735,22.1860249292,22.2151277166,314637.0,23.0,0.0,23.0599,22.87,22.9,1.0,314637.0,3,18
541,2014-12-17,21.9823054174,22.1763240001,21.7203803308,21.7203803308,413991.0,22.66,0.0,22.86,22.39,22.39,1.0,413991.0,2,17
542,2014-12-16,21.8755951969,22.1569221418,21.8755951969,21.8949970552,305300.0,22.55,0.0,22.84,22.55,22.57,1.0,305300.0,1,16
543,2014-12-15,21.9143989135,22.2587818977,21.9143989135,22.2539314331,128495.0,22.59,0.0,22.945,22.59,22.94,1.0,128495.0,0,15
544,2014-12-12,22.4091462993,22.8844918268,22.3121370079,22.5158565198,415558.0,23.1,0.0,23.59,23.0,23.21,1.0,415558.0,4,12
545,2014-12-11,22.6225667402,22.8456881103,22.6225667402,22.6516695276,110073.0,23.32,0.0,23.55,23.32,23.35,1.0,110073.0,3,11
546,2014-12-10,22.826286252,22.9426974017,22.7090990281,22.8554860487,79835.0,23.53,0.0,23.65,23.4092,23.5601,1.0,79835.0,2,10
547,2014-12-09,23.039706693,23.039706693,22.9426974017,22.9523983308,153660.0,23.75,0.0,23.75,23.65,23.66,1.0,153660.0,1,09
548,2014-12-08,23.2143234174,23.3210336379,23.1464169135,23.2919308505,44974.0,23.93,0.0,24.04,23.86,24.01,1.0,44974.0,0,08
549,2014-12-05,23.3501364253,23.3685681906,23.2435232141,23.2435232141,40889.0,24.07,0.0,24.089,23.9601,23.9601,1.0,40889.0,4,05
550,2014-12-04,23.4568466457,23.4752784111,23.379336222,23.4364746946,60940.0,24.18,0.0,24.199,24.1001,24.159,1.0,60940.0,3,04
551,2014-12-03,23.4859494331,23.4956503623,23.4374447875,23.4374447875,34427.0,24.21,0.0,24.22,24.16,24.16,1.0,34427.0,2,03
552,2014-12-02,23.4180429292,23.4568466457,23.3889401418,23.3889401418,56420.0,24.14,0.0,24.18,24.11,24.11,1.0,56420.0,1,02
553,2014-12-01,23.4374447875,23.5732577954,23.4277438583,23.5732577954,36811.0,24.16,0.0,24.3,24.15,24.3,1.0,36811.0,0,01
554,2014-11-28,23.6702670867,23.7575754489,23.6702670867,23.7575754489,1272.0,24.4,0.0,24.49,24.4,24.49,1.0,1272.0,4,28
555,2014-11-26,23.8933884568,23.9224912442,23.8448838111,23.8497342757,33394.0,24.63,0.0,24.66,24.58,24.585,1.0,33394.0,2,26
556,2014-11-25,23.8059830853,23.8448838111,23.6605661576,23.7187717324,103328.0,24.5399,0.0,24.58,24.39,24.45,1.0,103328.0,1,25
557,2014-11-24,23.767276378,23.8060800946,23.7478745198,23.7478745198,57736.0,24.5,0.0,24.54,24.48,24.48,1.0,57736.0,0,24
558,2014-11-21,23.7769773072,23.8545847402,23.7478745198,23.7866782363,66437.0,24.51,0.0,24.59,24.48,24.52,1.0,66437.0,4,21
559,2014-11-20,23.4956503623,23.4956503623,23.4277438583,23.4277438583,101523.0,24.22,0.0,24.22,24.15,24.15,1.0,101523.0,3,20
560,2014-11-19,23.5150522206,23.5635568662,23.4543244042,23.4898298048,45977.0,24.24,0.0,24.29,24.1774,24.214,1.0,45977.0,2,19
561,2014-11-18,23.5538559371,23.5829587245,23.4859494331,23.4860464424,57496.0,24.28,0.0,24.31,24.21,24.2101,1.0,57496.0,1,18
562,2014-11-17,23.3695382835,23.3889401418,23.3017287889,23.3210336379,29196.0,24.09,0.0,24.11,24.0201,24.04,1.0,29196.0,0,17
563,2014-11-14,23.4374447875,23.4471457166,23.3405325054,23.3501364253,38543.0,24.16,0.0,24.17,24.0601,24.07,1.0,38543.0,4,14
564,2014-11-13,23.3210336379,23.4277438583,23.2957142128,23.4277438583,47354.0,24.04,0.0,24.15,24.0139,24.15,1.0,47354.0,3,13
565,2014-11-12,23.3404354961,23.3986410709,23.330734567,23.3405325054,42187.0,24.06,0.0,24.12,24.05,24.0601,1.0,42187.0,2,12
566,2014-11-11,23.4470487073,23.4471457166,23.3792392127,23.3792392127,67446.0,24.1699,0.0,24.17,24.1,24.1,1.0,67446.0,1,11
567,2014-11-10,23.3889401418,23.4277438583,23.330734567,23.3792392127,66376.0,24.11,0.0,24.15,24.05,24.1,1.0,66376.0,0,10
568,2014-11-07,23.330734567,23.3404354961,23.2822299213,23.2822299213,100549.0,24.05,0.0,24.06,24.0,24.0,1.0,100549.0,4,07
569,2014-11-06,23.2822299213,23.3986410709,23.2822299213,23.3695382835,21889.0,24.0,0.0,24.12,24.0,24.09,1.0,21889.0,3,06
570,2014-11-05,23.4471457166,23.4568466457,23.3889401418,23.3889401418,24094.0,24.17,0.0,24.18,24.11,24.11,1.0,24094.0,2,05
571,2014-11-04,23.5247531497,23.5247531497,23.4374447875,23.4956503623,64132.0,24.25,0.0,24.25,24.16,24.22,1.0,64132.0,1,04
572,2014-11-03,23.621762441,23.6508652284,23.5345510881,23.6119645026,24763.0,24.35,0.0,24.38,24.2601,24.3399,1.0,24763.0,0,03
573,2014-10-31,23.6848184804,23.7381735906,23.6702670867,23.6799680158,30774.0,24.415,0.0,24.47,24.4,24.41,1.0,30774.0,4,31
574,2014-10-30,23.544155008,23.6023605828,23.3599343637,23.3695382835,14150.0,24.27,0.0,24.33,24.0801,24.09,1.0,14150.0,3,30
575,2014-10-29,23.3695382835,23.6023605828,23.3211306472,23.5829587245,25191.0,24.09,0.0,24.33,24.0401,24.31,1.0,25191.0,2,29
576,2014-10-28,23.5247531497,23.5247531497,23.3501364253,23.3501364253,13095.0,24.25,0.0,24.25,24.07,24.07,1.0,13095.0,1,28
577,2014-10-27,23.18522063,23.18522063,23.039706693,23.039706693,23606.0,23.9,0.0,23.9,23.75,23.75,1.0,23606.0,0,27
578,2014-10-24,23.2240243465,23.2628280631,23.1949215591,23.2240243465,25169.0,23.94,0.0,23.98,23.91,23.94,1.0,25169.0,4,24
579,2014-10-23,23.1367159843,23.2143234174,23.1174111354,23.1949215591,164365.0,23.85,0.0,23.93,23.8301,23.91,1.0,164365.0,3,23
580,2014-10-22,23.0009029765,23.1657217624,22.9524953401,23.1463199042,34123.0,23.71,0.0,23.8799,23.6601,23.8599,1.0,34123.0,2,22
581,2014-10-21,23.1464169135,23.18522063,23.039706693,23.1270150552,65589.0,23.86,0.0,23.9,23.75,23.84,1.0,65589.0,1,21
582,2014-10-20,22.9426974017,22.9426974017,22.7098751024,22.7098751024,43109.0,23.65,0.0,23.65,23.41,23.41,1.0,43109.0,0,20
583,2014-10-17,22.8456881103,22.9329964725,22.7389778898,22.913497605,31070.0,23.55,0.0,23.64,23.44,23.6199,1.0,31070.0,4,17
584,2014-10-16,22.4479500158,22.6128658111,22.3606416536,22.3800435119,19885.0,23.14,0.0,23.31,23.05,23.07,1.0,19885.0,3,16
585,2014-10-15,22.5837630237,22.6933835229,22.1957258583,22.6322676694,59708.0,23.28,0.0,23.393,22.88,23.33,1.0,59708.0,2,15
586,2014-10-14,22.7874825355,22.9523983308,22.748678819,22.7971834646,50786.0,23.49,0.0,23.66,23.45,23.5,1.0,50786.0,1,14
587,2014-10-13,22.680772315,22.9815011182,22.680772315,22.9329964725,22291.0,23.38,0.0,23.69,23.38,23.64,1.0,22291.0,0,13
588,2014-10-10,22.7001741733,22.9426974017,22.7001741733,22.9426974017,13589.0,23.4,0.0,23.65,23.4,23.65,1.0,13589.0,4,10
589,2014-10-09,23.0106039056,23.3598373544,23.0106039056,23.2531271339,39107.0,23.72,0.0,24.08,23.72,23.97,1.0,39107.0,3,09
590,2014-10-08,23.4907998977,23.5247531497,23.039706693,23.1949215591,54854.0,24.215,0.0,24.25,23.75,23.91,1.0,54854.0,2,08
591,2014-10-07,23.1561178426,23.4277438583,23.1561178426,23.4277438583,48091.0,23.87,0.0,24.15,23.87,24.15,1.0,48091.0,1,07
592,2014-10-06,23.4859494331,23.6120615119,23.4278408676,23.5063213843,64021.0,24.21,0.0,24.34,24.1501,24.231,1.0,64021.0,0,06
593,2014-10-03,23.3404354961,23.3404354961,23.2240243465,23.3016317796,31133.0,24.06,0.0,24.06,23.94,24.02,1.0,31133.0,4,03
594,2014-10-02,23.2919308505,23.3695382835,23.1755197009,23.2628280631,26940.0,24.01,0.0,24.09,23.89,23.98,1.0,26940.0,3,02
595,2014-10-01,23.3694412743,23.5440579987,23.3694412743,23.5440579987,5989.0,24.0899,0.0,24.2699,24.0899,24.2699,1.0,5989.0,2,01
596,2014-09-30,23.6411642993,23.6605661576,23.5839288174,23.5926596536,12866.0,24.37,0.0,24.39,24.311,24.32,1.0,12866.0,1,30
597,2014-09-29,23.6314633702,23.6605661576,23.5636538755,23.6120615119,20433.0,24.36,0.0,24.39,24.2901,24.34,1.0,20433.0,0,29
598,2014-09-26,23.9224912442,23.9224912442,23.7478745198,23.8642856694,18885.0,24.66,0.0,24.66,24.48,24.6,1.0,18885.0,4,26
599,2014-09-25,23.7963791654,24.0292014646,23.767276378,24.0292014646,26488.0,24.53,0.0,24.77,24.5,24.77,1.0,26488.0,3,25
600,2014-09-24,24.1941172599,24.1941172599,24.058304252,24.1747154017,125083.0,24.94,0.0,24.94,24.8,24.92,1.0,125083.0,2,24
601,2014-09-23,24.0487003322,24.1844163308,24.0389994031,24.0777061103,16600.0,24.7901,0.0,24.93,24.7801,24.82,1.0,16600.0,1,23
602,2014-09-22,24.1650144725,24.3104314002,24.1068088977,24.2911265513,42700.0,24.91,0.0,25.0599,24.85,25.04,1.0,42700.0,0,22
603,2014-09-19,24.3881358426,24.4948460631,24.3192592458,24.4560423465,93600.0,25.14,0.0,25.25,25.069,25.21,1.0,93600.0,4,19
604,2014-09-18,24.4755412141,24.5142479213,24.3687339843,24.3687339843,27900.0,25.2301,0.0,25.27,25.12,25.12,1.0,27900.0,3,18
605,2014-09-17,24.3202293387,24.5432536995,24.3202293387,24.4269395591,22700.0,25.07,0.0,25.2999,25.07,25.18,1.0,22700.0,2,17
606,2014-09-16,24.5336497796,24.6306590709,24.3687339843,24.3687339843,22600.0,25.29,0.189991,25.39,25.12,25.12,1.0,22600.0,1,16
607,2014-09-15,24.4181153129,24.4951440679,24.3613066062,24.4951440679,17100.0,25.36,0.0,25.44,25.301,25.44,1.0,17100.0,0,15
608,2014-09-12,24.447001096,24.524029851,24.3988581242,24.5144012566,8500.0,25.39,0.0,25.47,25.34,25.46,1.0,8500.0,4,12
609,2014-09-11,24.5625442284,24.6492015777,24.5625442284,24.6203157946,69600.0,25.51,0.0,25.6,25.51,25.57,1.0,69600.0,3,11
610,2014-09-10,24.735858927,24.7743733045,24.6395729834,24.7262303327,10100.0,25.69,0.0,25.73,25.59,25.68,1.0,10100.0,2,10
611,2014-09-09,24.6973445496,24.8032590876,24.6694216259,24.7936304932,20400.0,25.65,0.0,25.76,25.621,25.75,1.0,20400.0,1,09
612,2014-09-08,24.9765737862,25.0728597299,24.91880222,25.0054595693,16000.0,25.94,0.0,26.04,25.88,25.97,1.0,16000.0,0,08
613,2014-09-05,25.1980314566,25.1980314566,25.0439739468,25.0439739468,22500.0,26.17,0.0,26.17,26.01,26.01,1.0,22500.0,4,05
614,2014-09-04,25.0439739468,25.2268209538,24.9958309749,25.2268209538,36600.0,26.01,0.0,26.1999,25.96,26.1999,1.0,36600.0,3,04
615,2014-09-03,25.1402598904,25.1884028623,25.0824883242,25.1018417989,28500.0,26.11,0.0,26.16,26.05,26.0701,1.0,28500.0,2,03
616,2014-09-02,24.8899164369,24.91880222,24.7648409961,24.7648409961,39900.0,25.85,0.0,25.88,25.7201,25.7201,1.0,39900.0,1,02
617,2014-08-29,24.8225162763,24.8706592482,24.7455838073,24.7455838073,10300.0,25.78,0.0,25.83,25.7001,25.7001,1.0,10300.0,4,29
618,2014-08-28,24.9284308144,24.9284308144,24.8514020594,24.8995450313,21200.0,25.89,0.0,25.89,25.81,25.86,1.0,21200.0,3,28
619,2014-08-27,24.9958309749,25.0632311355,24.9958309749,25.0054595693,29700.0,25.96,0.0,26.03,25.96,25.97,1.0,29700.0,2,27
620,2014-08-26,24.9380594087,24.9862023806,24.9380594087,24.9765737862,49900.0,25.9,0.0,25.95,25.9,25.94,1.0,49900.0,1,26
621,2014-08-25,24.8706592482,24.8994487453,24.524029851,24.524029851,62900.0,25.83,0.0,25.8599,25.47,25.47,1.0,62900.0,0,25
622,2014-08-22,24.7743733045,24.7743733045,24.698307409,24.7166017383,29900.0,25.73,0.0,25.73,25.651,25.67,1.0,29900.0,4,22
623,2014-08-21,24.8225162763,24.8899164369,24.7840981848,24.8610306538,19600.0,25.78,0.0,25.85,25.7401,25.82,1.0,19600.0,3,21
624,2014-08-20,24.8225162763,24.8321448707,24.6492015777,24.6492015777,41300.0,25.78,0.0,25.79,25.6,25.6,1.0,41300.0,2,20
625,2014-08-19,24.8610306538,24.8899164369,24.7551161158,24.8032590876,84000.0,25.82,0.0,25.85,25.71,25.76,1.0,84000.0,1,19
626,2014-08-18,24.8225162763,24.8321448707,24.7070694299,24.7070694299,33500.0,25.78,0.0,25.79,25.6601,25.6601,1.0,33500.0,0,18
627,2014-08-15,24.6973445496,24.8225162763,24.5915262975,24.8225162763,27700.0,25.65,0.0,25.78,25.5401,25.78,1.0,27700.0,4,15
628,2014-08-14,24.7054325688,24.7261340467,24.6780873608,24.6973445496,14100.0,25.6584,0.0,25.6799,25.63,25.65,1.0,14100.0,3,14
629,2014-08-13,24.5721728228,24.629944389,24.5626405144,24.6203157946,7000.0,25.52,0.0,25.58,25.5101,25.57,1.0,7000.0,2,13
630,2014-08-12,24.4373725017,24.4855154735,24.4373725017,24.4855154735,20100.0,25.38,0.0,25.43,25.38,25.43,1.0,20100.0,1,12
631,2014-08-11,24.5047726622,24.5047726622,24.4277439073,24.4277439073,92700.0,25.45,0.0,25.45,25.37,25.37,1.0,92700.0,0,11
632,2014-08-08,24.2929435862,24.2929435862,24.1677718594,24.1774004538,46800.0,25.23,0.0,25.23,25.1,25.11,1.0,46800.0,4,08
633,2014-08-07,24.0811145101,24.3218293693,24.0811145101,24.2159148313,16700.0,25.01,0.0,25.26,25.01,25.15,1.0,16700.0,3,07
634,2014-08-06,24.2448006144,24.3409902721,24.2255434256,24.2833149918,18600.0,25.18,0.0,25.2799,25.16,25.22,1.0,18600.0,2,06
635,2014-08-05,24.3892295299,24.4758868791,24.2650206625,24.4662582848,63500.0,25.33,0.0,25.42,25.201,25.41,1.0,63500.0,1,05
636,2014-08-04,24.6395729834,24.6684587665,24.5047726622,24.5721728228,80100.0,25.59,0.0,25.62,25.45,25.52,1.0,80100.0,0,04
637,2014-08-01,24.4758868791,24.5144012566,24.3699723411,24.5047726622,36100.0,25.42,0.0,25.46,25.31,25.45,1.0,36100.0,4,01
638,2014-07-31,24.4758868791,24.5432870397,24.447001096,24.5336584453,33700.0,25.42,0.0,25.49,25.39,25.48,1.0,33700.0,3,31
639,2014-07-30,24.7647447101,24.9380594087,24.7574269784,24.9380594087,68400.0,25.72,0.0,25.9,25.7124,25.9,1.0,68400.0,2,30
640,2014-07-29,24.9669451918,25.101745513,24.9535614457,25.101745513,17200.0,25.93,0.0,26.07,25.9161,26.07,1.0,17200.0,1,29
641,2014-07-28,25.0632311355,25.0824883242,24.9765737862,24.9765737862,53400.0,26.03,0.0,26.05,25.94,25.94,1.0,53400.0,0,28
642,2014-07-25,25.0150881637,25.0728597299,24.9775366456,25.0728597299,48200.0,25.98,0.0,26.04,25.941,26.04,1.0,48200.0,4,25
643,2014-07-24,25.0728597299,25.1402598904,24.9765737862,24.9862023806,24100.0,26.04,0.0,26.11,25.94,25.95,1.0,24100.0,3,24
644,2014-07-23,25.0921169186,25.1498884848,25.0439739468,25.1498884848,79400.0,26.06,0.0,26.12,26.01,26.12,1.0,79400.0,2,23
645,2014-07-22,25.0439739468,25.0632311355,25.0343453524,25.0343453524,15600.0,26.01,0.0,26.03,26.0,26.0,1.0,15600.0,1,22
646,2014-07-21,24.8899164369,24.9091736256,24.7647447101,24.7936304932,28700.0,25.85,0.0,25.87,25.72,25.75,1.0,28700.0,0,21
647,2014-07-18,24.8899164369,24.8899164369,24.8225162763,24.8321448707,29400.0,25.85,0.0,25.85,25.78,25.79,1.0,29400.0,4,18
648,2014-07-17,24.5866157144,24.8416771791,24.5866157144,24.8416771791,7000.0,25.535,0.0,25.7999,25.535,25.7999,1.0,7000.0,3,17
649,2014-07-16,24.9573165975,24.9669451918,24.9284308144,24.9293936738,19300.0,25.92,0.0,25.93,25.89,25.891,1.0,19300.0,2,16
650,2014-07-15,24.7840018989,24.9380594087,24.7840018989,24.9380594087,53000.0,25.74,0.0,25.9,25.74,25.9,1.0,53000.0,1,15
651,2014-07-14,24.8802878425,24.8995450313,24.735858927,24.735858927,15200.0,25.84,0.0,25.86,25.69,25.69,1.0,15200.0,0,14
652,2014-07-11,24.7647447101,24.7647447101,24.524029851,24.5625442284,51300.0,25.72,0.0,25.72,25.47,25.51,1.0,51300.0,4,11
653,2014-07-10,24.7743733045,24.7743733045,24.4662582848,24.4662582848,36400.0,25.73,0.0,25.73,25.41,25.41,1.0,36400.0,3,10
654,2014-07-09,24.9573165975,24.9573165975,24.8321448707,24.8321448707,26000.0,25.92,0.0,25.92,25.79,25.79,1.0,26000.0,2,09
655,2014-07-08,24.812887682,24.8514020594,24.7454875214,24.8514020594,33600.0,25.77,0.0,25.81,25.7,25.81,1.0,33600.0,1,08
656,2014-07-07,24.8899164369,24.9467251437,24.812887682,24.812887682,25200.0,25.85,0.0,25.909,25.77,25.77,1.0,25200.0,0,07
657,2014-07-03,25.0054595693,25.0054595693,24.8322411566,24.8322411566,17300.0,25.97,0.0,25.97,25.7901,25.7901,1.0,17300.0,3,03
658,2014-07-02,24.8802878425,24.8802878425,24.8514983454,24.8705629622,11500.0,25.84,0.0,25.84,25.8101,25.8299,1.0,11500.0,2,02
659,2014-07-01,24.8439880418,24.8610306538,24.7743733045,24.8031628017,21800.0,25.8023,0.0,25.82,25.73,25.7599,1.0,21800.0,1,01
660,2014-06-30,24.6684587665,24.6973445496,24.6492015777,24.6973445496,20400.0,25.62,0.0,25.65,25.6,25.65,1.0,20400.0,0,30
661,2014-06-27,24.6588301721,24.6877159552,24.55301192,24.6010586059,39700.0,25.61,0.0,25.64,25.5001,25.55,1.0,39700.0,4,27
662,2014-06-26,24.5915262975,24.6395729834,24.4855154735,24.4855154735,51200.0,25.5401,0.0,25.59,25.43,25.43,1.0,51200.0,3,26
663,2014-06-25,24.5625442284,24.5818014172,24.5047726622,24.5047726622,88100.0,25.51,0.0,25.53,25.45,25.45,1.0,88100.0,2,25
664,2014-06-24,24.5432870397,24.7454875214,24.5432870397,24.7166017383,53100.0,25.49,0.0,25.7,25.49,25.67,1.0,53100.0,1,24
665,2014-06-23,24.629944389,24.629944389,24.524029851,24.6105909143,24400.0,25.58,0.0,25.58,25.47,25.5599,1.0,24400.0,0,23
666,2014-06-20,24.6877159552,24.7551161158,24.5914300115,24.7454875214,111900.0,25.64,0.0,25.71,25.54,25.7,1.0,111900.0,4,20
667,2014-06-19,24.7357626411,24.8417734651,24.6492015777,24.8417734651,45800.0,25.6899,0.0,25.8,25.6,25.8,1.0,45800.0,3,19
668,2014-06-18,24.6973445496,24.735858927,24.4373725017,24.4566296904,19000.0,25.65,0.0,25.69,25.38,25.4,1.0,19000.0,2,18
669,2014-06-17,24.4662582848,24.5721728228,24.3988581242,24.5721728228,24100.0,25.41,0.270862,25.52,25.34,25.52,1.0,24100.0,1,17
670,2014-06-16,24.5321263294,24.5702344869,24.4082748179,24.4368559359,79400.0,25.75,0.0,25.79,25.62,25.65,1.0,79400.0,0,16
671,2014-06-13,24.5321263294,24.6940859984,24.5321263294,24.6940859984,22100.0,25.75,0.0,25.92,25.75,25.92,1.0,22100.0,4,13
672,2014-06-12,24.5130722507,24.7417211952,24.5130722507,24.7417211952,54000.0,25.73,0.0,25.97,25.73,25.97,1.0,54000.0,3,12
673,2014-06-11,24.6112007561,24.6750319197,24.582619638,24.6750319197,50800.0,25.833,0.0,25.9,25.803,25.9,1.0,50800.0,2,11
674,2014-06-10,24.7417211952,24.7703023132,24.7036130378,24.7131400771,24300.0,25.97,0.0,26.0,25.93,25.94,1.0,24300.0,1,10
675,2014-06-09,24.6750319197,24.7321941558,24.6750319197,24.7321941558,60700.0,25.9,0.0,25.96,25.9,25.96,1.0,60700.0,0,09
676,2014-06-06,24.7131400771,24.7220002237,24.6178696836,24.6178696836,11300.0,25.94,0.0,25.9493,25.84,25.84,1.0,11300.0,4,06
677,2014-06-05,24.5511804081,24.5511804081,24.4273288966,24.4463829753,21500.0,25.77,0.0,25.77,25.64,25.66,1.0,21500.0,3,05
678,2014-06-04,24.2558421883,24.3320585031,24.2463151489,24.2939503457,34500.0,25.46,0.0,25.54,25.45,25.5,1.0,34500.0,2,04
679,2014-06-03,24.3511125818,24.4178018572,24.3499693371,24.4178018572,56900.0,25.56,0.0,25.63,25.5588,25.63,1.0,56900.0,1,03
680,2014-06-02,24.3415855424,24.3892207392,24.3225314637,24.3892207392,19600.0,25.55,0.0,25.6,25.53,25.6,1.0,19600.0,0,02
681,2014-05-30,24.2844233063,24.3892207392,24.2082069915,24.3892207392,43900.0,25.49,0.0,25.6,25.41,25.6,1.0,43900.0,4,30
682,2014-05-29,24.4178018572,24.4178018572,24.3415855424,24.3511125818,39600.0,25.63,0.0,25.63,25.55,25.56,1.0,39600.0,3,29
683,2014-05-28,24.265464498,24.3511125818,24.265464498,24.274896267,48000.0,25.4701,0.0,25.56,25.4701,25.48,1.0,48000.0,2,28
684,2014-05-27,24.2272610702,24.3320585031,24.2272610702,24.2272610702,40900.0,25.43,0.0,25.54,25.43,25.43,1.0,40900.0,1,27
685,2014-05-23,24.2844233063,24.3701666605,24.2653692276,24.2653692276,34000.0,25.49,0.0,25.58,25.47,25.47,1.0,34000.0,4,23
686,2014-05-22,24.2425043332,24.2939503457,24.1891529128,24.1891529128,31400.0,25.446,0.0,25.5,25.39,25.39,1.0,31400.0,3,22
687,2014-05-21,24.141517716,24.1986799522,24.0748284406,24.0748284406,59100.0,25.34,0.0,25.4,25.27,25.27,1.0,59100.0,2,21
688,2014-05-20,24.0653014012,24.141517716,23.9605039684,24.0938825193,27900.0,25.26,0.0,25.34,25.15,25.29,1.0,27900.0,1,20
689,2014-05-19,24.2082069915,24.2344063497,24.2082069915,24.2082069915,33300.0,25.41,0.0,25.4375,25.41,25.41,1.0,33300.0,0,19
690,2014-05-16,24.2082069915,24.2082069915,24.0938825193,24.1224636373,26400.0,25.41,0.0,25.41,25.29,25.32,1.0,26400.0,4,16
691,2014-05-15,23.9701262781,24.0938825193,23.9490715212,24.0843554799,55700.0,25.1601,0.0,25.29,25.138,25.28,1.0,55700.0,3,15
692,2014-05-14,24.1510447554,24.2653692276,24.1510447554,24.2367881096,38100.0,25.35,0.0,25.47,25.35,25.44,1.0,38100.0,2,14
693,2014-05-13,24.1700988341,24.1891529128,24.1224636373,24.1224636373,36000.0,25.37,0.0,25.39,25.32,25.32,1.0,36000.0,1,13
694,2014-05-12,24.1319906767,24.1319906767,24.0748284406,24.0843554799,34000.0,25.33,0.0,25.33,25.27,25.28,1.0,34000.0,0,12
695,2014-05-09,23.9414498897,23.9605039684,23.8557065355,23.9319228503,55600.0,25.13,0.0,25.15,25.04,25.12,1.0,55600.0,4,09
696,2014-05-08,23.9414498897,24.0176662045,23.8661862788,23.8661862788,29100.0,25.13,0.0,25.21,25.051,25.051,1.0,29100.0,3,08
697,2014-05-07,23.8557065355,23.9128687716,23.7413820633,23.7413820633,39200.0,25.04,0.0,25.1,24.92,24.92,1.0,39200.0,2,07
698,2014-05-06,23.8747606142,23.8938146929,23.7928280758,23.8652335749,9300.0,25.06,0.0,25.08,24.974,25.05,1.0,9300.0,1,06
699,2014-05-05,23.8366524568,23.8652335749,23.7318550239,23.7509091026,37200.0,25.02,0.0,25.05,24.91,24.93,1.0,37200.0,0,05
700,2014-05-02,23.8461794962,23.9414498897,23.8175983781,23.8175983781,59700.0,25.03,0.0,25.13,25.0,25.0,1.0,59700.0,4,02
701,2014-05-01,23.8175983781,23.8842876536,23.8175983781,23.8557065355,32900.0,25.0,0.0,25.07,25.0,25.04,1.0,32900.0,3,01
702,2014-04-30,23.8366524568,23.8366524568,23.6937468665,23.6937468665,20200.0,25.02,0.0,25.02,24.87,24.87,1.0,20200.0,2,30
703,2014-04-29,23.7699631813,23.7699631813,23.6651657485,23.7509091026,38400.0,24.95,0.0,24.95,24.84,24.93,1.0,38400.0,1,29
704,2014-04-28,23.6080035124,23.6080035124,23.4365168041,23.4650979221,27600.0,24.78,0.0,24.78,24.6,24.63,1.0,27600.0,0,28
705,2014-04-25,23.5317871976,23.5603683156,23.4460438434,23.5603683156,70900.0,24.7,0.0,24.73,24.61,24.73,1.0,70900.0,4,25
706,2014-04-24,23.6175305517,23.7985442994,23.5794223943,23.7985442994,29800.0,24.79,0.0,24.98,24.75,24.98,1.0,29800.0,3,24
707,2014-04-23,23.6842198272,23.7413820633,23.5889494337,23.7413820633,63500.0,24.86,0.0,24.92,24.76,24.92,1.0,63500.0,2,23
708,2014-04-22,23.8366524568,23.8366524568,23.7975915955,23.8271254175,12900.0,25.02,0.0,25.02,24.979,25.01,1.0,12900.0,1,22
709,2014-04-21,23.6365846304,23.7890172601,23.6175305517,23.7890172601,15800.0,24.81,0.0,24.97,24.79,24.97,1.0,15800.0,0,21
710,2014-04-17,23.7413820633,23.7890172601,23.6175305517,23.6842198272,26600.0,24.92,0.0,24.97,24.79,24.86,1.0,26600.0,3,17
711,2014-04-16,23.6365846304,23.6461116698,23.4746249615,23.4746249615,50700.0,24.81,0.0,24.82,24.64,24.64,1.0,50700.0,2,16
712,2014-04-15,23.3984086466,23.5603683156,23.2364489777,23.5603683156,38000.0,24.56,0.0,24.73,24.39,24.73,1.0,38000.0,1,15
713,2014-04-14,23.6080035124,23.6746927878,23.5317871976,23.6365846304,37100.0,24.78,0.0,24.85,24.7,24.81,1.0,37100.0,0,14
714,2014-04-11,23.6175305517,23.6556387091,23.4746249615,23.6165778478,27100.0,24.79,0.0,24.83,24.64,24.789,1.0,27100.0,4,11
715,2014-04-10,23.5794223943,23.8366524568,23.5794223943,23.8366524568,52400.0,24.75,0.0,25.02,24.75,25.02,1.0,52400.0,3,10
716,2014-04-09,23.7890172601,23.9490715212,23.7413820633,23.760436142,39800.0,24.97,0.0,25.138,24.92,24.94,1.0,39800.0,2,09
717,2014-04-08,23.7413820633,23.8175983781,23.7128009452,23.7128009452,28500.0,24.92,0.0,25.0,24.89,24.89,1.0,28500.0,1,08
718,2014-04-07,23.598476473,23.6746927878,23.569895355,23.6746927878,31400.0,24.77,0.0,24.85,24.74,24.85,1.0,31400.0,0,07
719,2014-04-04,23.6556387091,23.8842876536,23.5413142369,23.8842876536,45200.0,24.83,0.0,25.07,24.71,25.07,1.0,45200.0,4,04
720,2014-04-03,23.569895355,23.6651657485,23.5508412763,23.6651657485,17000.0,24.74,0.0,24.84,24.72,24.84,1.0,17000.0,3,03
721,2014-04-02,23.7318550239,23.7318550239,23.6461116698,23.7032739059,54300.0,24.91,0.0,24.91,24.82,24.88,1.0,54300.0,2,02
722,2014-04-01,23.7032739059,23.7032739059,23.598476473,23.6746927878,14300.0,24.88,0.0,24.88,24.77,24.85,1.0,14300.0,1,01
723,2014-03-31,23.5508412763,23.5508412763,23.4936790402,23.5317871976,69100.0,24.72,0.0,24.72,24.66,24.7,1.0,69100.0,0,31
724,2014-03-28,23.3490585828,23.4365168041,23.3412464105,23.4365168041,56100.0,24.5082,0.0,24.6,24.5,24.6,1.0,56100.0,4,28
725,2014-03-27,23.1316515448,23.1792867416,22.6934077347,22.6934077347,37600.0,24.28,0.0,24.33,23.82,23.82,1.0,37600.0,3,27
726,2014-03-26,22.9982729939,23.1602326629,22.9982729939,23.1602326629,19400.0,24.14,0.0,24.31,24.14,24.31,1.0,19400.0,2,26
727,2014-03-25,23.0459081907,23.0459081907,22.9449215735,23.0077047629,33700.0,24.19,0.0,24.19,24.084,24.1499,1.0,33700.0,1,25
728,2014-03-24,22.8077322069,22.8077322069,22.6553948476,22.7982051675,9400.0,23.94,0.0,23.94,23.7801,23.93,1.0,9400.0,0,24
729,2014-03-21,22.7505699708,22.9220566791,22.7124618134,22.864894443,54900.0,23.88,0.0,24.06,23.84,24.0,1.0,54900.0,4,21
730,2014-03-20,22.7315158921,22.7505699708,22.540975105,22.6171914198,31900.0,23.86,0.0,23.88,23.66,23.74,1.0,31900.0,3,20
731,2014-03-19,22.6838806953,22.9506377971,22.6838806953,22.8077322069,32100.0,23.81,0.0,24.09,23.81,23.94,1.0,32100.0,2,19
732,2014-03-18,23.0649622694,23.0649622694,22.9792189152,22.9792189152,77400.0,24.21,0.0976506,24.21,24.12,24.12,1.0,77400.0,1,18
733,2014-03-17,22.8299723956,22.8584386954,22.7825285627,22.8584386954,36300.0,24.06,0.0,24.09,24.01,24.09,1.0,36300.0,0,17
734,2014-03-14,22.5642869313,22.6496858306,22.526331865,22.6496858306,55400.0,23.78,0.0,23.87,23.74,23.87,1.0,55400.0,4,14
735,2014-03-13,22.4788880321,22.8869049951,22.4684503889,22.8869049951,28100.0,23.69,0.0,24.12,23.679,24.12,1.0,28100.0,3,13
736,2014-03-12,22.7255959632,22.8109948625,22.6686633637,22.7255959632,37400.0,23.95,0.0,24.04,23.89,23.95,1.0,37400.0,2,12
737,2014-03-11,22.8489499288,22.9912814275,22.8204836291,22.9675595111,105000.0,24.08,0.0,24.23,24.05,24.205,1.0,105000.0,1,11
738,2014-03-10,22.9106269116,22.9438375946,22.8489499288,22.8489499288,112600.0,24.145,0.0,24.18,24.08,24.08,1.0,112600.0,0,10
739,2014-03-07,23.0577027936,23.3044107247,22.9723038944,23.3044107247,25700.0,24.3,0.0,24.56,24.21,24.56,1.0,25700.0,4,07
740,2014-03-06,23.2379893586,23.3518545576,23.2190118255,23.2949219581,27100.0,24.49,0.0,24.61,24.47,24.55,1.0,27100.0,3,06
741,2014-03-05,22.9912814275,23.0102589607,22.8963937617,22.8963937617,79300.0,24.23,0.0,24.25,24.13,24.13,1.0,79300.0,2,05
742,2014-03-04,22.9723038944,22.9723038944,22.8490448165,22.9628151278,147300.0,24.21,0.0,24.21,24.0801,24.2,1.0,147300.0,1,04
743,2014-03-03,22.4219554326,22.7825285627,22.412466666,22.7825285627,35400.0,23.63,0.0,24.01,23.62,24.01,1.0,35400.0,0,03
744,2014-02-28,22.9438375946,23.0387252604,22.9438375946,22.9817926609,42400.0,24.18,0.0,24.28,24.18,24.22,1.0,42400.0,4,28
745,2014-02-27,22.9628151278,22.9628151278,22.8109948625,22.8109948625,25400.0,24.2,0.0,24.2,24.04,24.04,1.0,25400.0,3,27
746,2014-02-26,22.6591745972,22.7920173293,22.6022419977,22.7730397961,28300.0,23.88,0.0,24.02,23.82,24.0,1.0,28300.0,2,26
747,2014-02-25,22.7920173293,22.9438375946,22.7920173293,22.8869049951,51100.0,24.02,0.0,24.18,24.02,24.12,1.0,51100.0,1,25
748,2014-02-24,22.9723038944,23.0671915602,22.934348828,22.934348828,36800.0,24.21,0.0,24.31,24.17,24.17,1.0,36800.0,0,24
749,2014-02-21,22.8489499288,22.9248600615,22.8109948625,22.8584386954,53500.0,24.08,0.0,24.16,24.04,24.09,1.0,53500.0,4,21
750,2014-02-20,22.7920173293,22.7920173293,22.6591745972,22.6591745972,54600.0,24.02,0.0,24.02,23.88,23.88,1.0,54600.0,3,20
751,2014-02-19,22.7161071967,22.8204836291,22.7066184301,22.7920173293,33900.0,23.94,0.0,24.05,23.93,24.02,1.0,33900.0,2,19
752,2014-02-18,22.8299723956,22.867927462,22.7445734964,22.867927462,131600.0,24.06,0.0,24.1,23.97,24.1,1.0,131600.0,1,18
753,2014-02-14,22.754062263,22.8489499288,22.7255959632,22.7255959632,63000.0,23.98,0.0,24.08,23.95,23.95,1.0,63000.0,4,14
754,2014-02-13,22.6212195308,22.6212195308,22.3650228331,22.3650228331,4000.0,23.84,0.0,23.84,23.57,23.57,1.0,4000.0,3,13
755,2014-02-12,22.4883767987,22.6212195308,22.4693992655,22.6212195308,31600.0,23.7,0.0,23.84,23.68,23.84,1.0,31600.0,2,12
756,2014-02-11,22.526331865,22.526331865,22.2037138012,22.2037138012,40300.0,23.74,0.0,23.74,23.4,23.4,1.0,40300.0,1,11
757,2014-02-10,22.0613823025,22.1847362681,22.0613823025,22.1847362681,6400.0,23.25,0.0,23.38,23.25,23.38,1.0,6400.0,0,10
758,2014-02-07,22.3080902336,22.3080902336,22.1467812017,22.2701351673,102200.0,23.51,0.0,23.51,23.34,23.47,1.0,102200.0,4,07
759,2014-02-06,22.1562699683,22.1657587349,22.1467812017,22.1657587349,118400.0,23.35,0.0,23.36,23.34,23.36,1.0,118400.0,3,06
760,2014-02-05,21.7672305385,21.8051856048,21.6438765729,21.6723428727,212300.0,22.94,0.0,22.98,22.81,22.84,1.0,212300.0,2,05
761,2014-02-04,21.7862080716,21.8146743714,21.7387642387,21.7387642387,183400.0,22.96,0.0,22.99,22.91,22.91,1.0,183400.0,1,04
762,2014-02-03,21.5015450742,22.0424047694,21.4645388845,22.0424047694,123500.0,22.66,0.0,23.23,22.621,23.23,1.0,123500.0,0,03
763,2014-01-31,21.929488447,22.0129895929,21.7055535557,21.7055535557,229300.0,23.111,0.0,23.199,22.875,22.875,1.0,229300.0,4,31
764,2014-01-30,22.1088261354,22.1278036686,22.0329160028,22.0424047694,224900.0,23.3,0.0,23.32,23.22,23.23,1.0,224900.0,3,30
765,2014-01-29,21.9664946367,22.1088261354,21.9285395704,22.0234272362,68900.0,23.15,0.0,23.3,23.11,23.21,1.0,68900.0,2,29
766,2014-01-28,22.2511576341,22.3270677668,22.2037138012,22.3270677668,79300.0,23.45,0.0,23.53,23.4,23.53,1.0,79300.0,1,28
767,2014-01-27,22.1467812017,22.4314441992,22.0424047694,22.4314441992,38500.0,23.34,0.0,23.64,23.23,23.64,1.0,38500.0,0,27
768,2014-01-24,22.3460453,22.8204836291,22.3175790002,22.8204836291,66500.0,23.55,0.0,24.05,23.52,24.05,1.0,66500.0,4,24
769,2014-01-23,22.7920173293,22.8869049951,22.7161071967,22.8869049951,262300.0,24.02,0.0,24.12,23.94,24.12,1.0,262300.0,3,23
770,2014-01-22,23.0861690933,23.1051466265,23.0102589607,23.1051466265,856200.0,24.33,0.0,24.35,24.25,24.35,1.0,856200.0,2,22
771,2014-01-21,22.9556036652,22.9723038944,22.9533263612,22.9533263612,632500.0,24.1924,0.0,24.21,24.19,24.19,1.0,632500.0,1,21
772,2014-01-17,22.8869049951,23.0956578599,22.8584386954,23.0956578599,79000.0,24.12,0.0,24.34,24.09,24.34,1.0,79000.0,4,17
773,2014-01-16,23.0861690933,23.1051466265,23.0007701941,23.1051466265,28000.0,24.33,0.0,24.35,24.24,24.35,1.0,28000.0,3,16
774,2014-01-15,23.1336129262,23.1431016928,23.0747825734,23.1241241597,28400.0,24.38,0.0,24.39,24.318,24.37,1.0,28400.0,2,15
775,2014-01-14,23.0766803268,23.1525904594,22.8584386954,22.8584386954,38800.0,24.32,0.0,24.4,24.09,24.09,1.0,38800.0,1,14
776,2014-01-13,22.8774162285,23.1525904594,22.8774162285,23.1525904594,373900.0,24.11,0.0,24.4,24.11,24.4,1.0,373900.0,0,13
777,2014-01-10,23.1051466265,23.1051466265,23.0387252604,23.0387252604,339600.0,24.35,0.0,24.35,24.28,24.28,1.0,339600.0,4,10
778,2014-01-09,22.8299723956,22.867927462,22.6971296635,22.867927462,1168700.0,24.06,0.0,24.1,23.92,24.1,1.0,1168700.0,3,09
779,2014-01-08,22.9153712949,23.0197477273,22.8944960084,23.0197477273,158100.0,24.15,0.0,24.26,24.128,24.26,1.0,158100.0,2,08
780,2014-01-07,23.0007701941,23.0292364938,22.934348828,23.0292364938,198000.0,24.24,0.0,24.27,24.17,24.27,1.0,198000.0,1,07
781,2014-01-06,22.9533263612,22.9912814275,22.8963937617,22.9912814275,142700.0,24.19,0.0,24.23,24.13,24.23,1.0,142700.0,0,06
782,2014-01-03,23.0577027936,23.0766803268,22.7350847298,22.7350847298,62900.0,24.3,0.0,24.32,23.96,23.96,1.0,62900.0,4,03
783,2014-01-02,23.0292364938,23.3518545576,22.9817926609,23.3518545576,105000.0,24.27,0.0,24.61,24.22,24.61,1.0,105000.0,3,02
784,2013-12-31,23.5225574684,23.570096189,23.4467422234,23.5321411227,47600.0,24.7899,0.0,24.84,24.71,24.8,1.0,47600.0,1,31
785,2013-12-30,23.4676175099,23.5036748229,23.4277646903,23.45623099,95000.0,24.732,0.0,24.77,24.69,24.72,1.0,95000.0,0,30
786,2013-12-27,23.3708320908,23.3803208574,23.3518545576,23.3518545576,90300.0,24.63,0.0,24.64,24.61,24.61,1.0,90300.0,4,27
787,2013-12-26,23.1051466265,23.275944425,22.8394611622,22.8394611622,97500.0,24.35,0.0,24.53,24.07,24.07,1.0,97500.0,3,26
788,2013-12-24,23.2853383039,23.3138994913,23.1146353931,23.1146353931,4300.0,24.5399,0.0,24.57,24.36,24.36,1.0,4300.0,1,24
789,2013-12-23,23.2000342923,23.2379893586,23.0007701941,23.2095230589,137700.0,24.45,0.0,24.49,24.24,24.46,1.0,137700.0,0,23
790,2013-12-20,23.0102589607,23.162079226,23.0102589607,23.1051466265,4992500.0,24.25,0.0,24.41,24.25,24.35,1.0,4992500.0,4,20
791,2013-12-19,23.0671915602,23.2095230589,22.8489499288,22.8489499288,99100.0,24.31,0.0,24.46,24.08,24.08,1.0,99100.0,3,19
792,2013-12-18,23.2379893586,23.2379893586,22.8489499288,22.9153712949,35700.0,24.49,0.0,24.49,24.08,24.15,1.0,35700.0,2,18
793,2013-12-17,22.8774162285,23.0197477273,22.8204836291,23.0197477273,197200.0,24.11,0.0207874,24.26,24.05,24.26,1.0,197200.0,1,17
794,2013-12-16,22.9145920967,22.9336480877,22.9051115042,22.9336480877,16400.0,24.17,0.0,24.1901,24.16,24.1901,1.0,16400.0,0,16
795,2013-12-13,22.7913443941,22.7913443941,22.6776720899,22.6776720899,8300.0,24.04,0.0,24.04,23.9201,23.9201,1.0,8300.0,4,13
796,2013-12-12,22.7810105483,22.8008249866,22.6871526824,22.7534220241,6700.0,24.0291,0.0,24.05,23.9301,24.0,1.0,6700.0,3,12
797,2013-12-11,22.8766697267,22.9619950593,22.8766697267,22.9515664075,2400.0,24.13,0.0,24.22,24.13,24.209,1.0,2400.0,2,11
798,2013-12-10,23.2085852705,23.2938157971,23.0608776392,23.2938157971,5900.0,24.4801,0.0,24.57,24.3243,24.57,1.0,5900.0,1,10
799,2013-12-09,23.0954818018,23.1705680945,23.0954818018,23.1705680945,3800.0,24.3608,0.0,24.44,24.3608,24.44,1.0,3800.0,0,09
800,2013-12-06,23.0568009844,23.0852427619,23.0473203919,23.0568009844,16000.0,24.32,0.0,24.35,24.31,24.32,1.0,16000.0,4,06
801,2013-12-05,22.8198809776,23.0662815769,22.8198809776,23.0662815769,4900.0,24.0701,0.0,24.33,24.0701,24.33,1.0,4900.0,3,05
802,2013-12-04,22.7629026166,22.7629026166,22.7629026166,22.7629026166,900.0,24.01,0.0,24.01,24.01,24.01,1.0,900.0,2,04
803,2013-12-03,22.9905316427,23.2274516496,22.9905316427,23.2274516496,4502400.0,24.2501,0.0,24.5,24.2501,24.5,1.0,4502400.0,1,03
804,2013-12-02,23.3223523806,23.6920006826,23.3223523806,23.6920006826,7200.0,24.6001,0.0,24.99,24.6001,24.99,1.0,7200.0,0,02
805,2013-11-29,23.3222575747,23.3222575747,23.3222575747,23.3222575747,0.0,24.6,0.0,24.6,24.6,24.6,1.0,0.0,4,29
806,2013-11-27,23.3222575747,23.9384960878,23.0188786143,23.0283592068,19300.0,24.6,0.0,25.25,24.28,24.29,1.0,19300.0,2,27
807,2013-11-26,23.0852427619,23.0852427619,23.0568009844,23.0852427619,1500.0,24.35,0.0,24.35,24.32,24.35,1.0,1500.0,1,26
808,2013-11-25,23.2748546121,23.2748546121,23.2748546121,23.2748546121,100.0,24.55,0.0,24.55,24.55,24.55,1.0,100.0,0,25
809,2013-11-22,23.3127769821,23.3127769821,23.2464128346,23.2464128346,1700.0,24.59,0.0,24.59,24.52,24.52,1.0,1700.0,4,22
810,2013-11-21,23.180048687,23.217971057,23.180048687,23.217971057,400.0,24.45,0.0,24.49,24.45,24.49,1.0,400.0,3,21
811,2013-11-20,23.1516069095,23.4644664623,23.1516069095,23.1895292795,1200.0,24.42,0.0,24.75,24.42,24.46,1.0,1200.0,2,20
812,2013-11-19,23.3506993522,23.4644664623,23.3506993522,23.4455052773,3000.0,24.63,0.0,24.75,24.63,24.73,1.0,3000.0,1,19
813,2013-11-18,23.4170634998,23.5592723874,23.4170634998,23.5592723874,5500.0,24.7,0.0,24.85,24.7,24.85,1.0,5500.0,0,18
814,2013-11-15,23.161087502,23.161087502,23.0852427619,23.0947233544,0.0,24.43,0.0,24.43,24.35,24.36,1.0,0.0,4,15
815,2013-11-14,23.0283592068,23.0283592068,22.9430338743,22.9430338743,800.0,24.29,0.0,24.29,24.2,24.2,1.0,800.0,3,14
816,2013-11-13,22.8387473566,22.8387473566,22.8387473566,22.8387473566,500.0,24.09,0.0,24.09,24.09,24.09,1.0,500.0,2,13
817,2013-11-12,22.8577085417,22.8577085417,22.8577085417,22.8577085417,500.0,24.11,0.0,24.11,24.11,24.11,1.0,500.0,1,12
818,2013-11-11,23.1326457245,23.1326457245,23.1231651319,23.1231651319,90900.0,24.4,0.0,24.4,24.39,24.39,1.0,90900.0,0,11
819,2013-11-08,23.0947233544,23.0947233544,23.0947233544,23.0947233544,1000.0,24.36,0.0,24.36,24.36,24.36,1.0,1000.0,4,08
820,2013-11-07,23.2084904645,24.4599286759,23.2084904645,24.4599286759,2700.0,24.48,0.0,25.8,24.48,25.8,1.0,2700.0,3,07
821,2013-11-06,23.5971947574,23.60667535,23.5971947574,23.60667535,500.0,24.89,0.0,24.9,24.89,24.9,1.0,500.0,2,06
822,2013-11-05,23.60667535,23.60667535,23.60667535,23.60667535,100.0,24.9,0.0,24.9,24.9,24.9,1.0,100.0,1,05
823,2013-11-04,23.64459772,23.64459772,23.6161559425,23.6161559425,1500.0,24.94,0.0,24.94,24.91,24.91,1.0,1500.0,0,04
824,2013-11-01,23.3601799447,23.5308306099,23.3127769821,23.4075829072,6292500.0,24.64,0.0,24.82,24.59,24.69,1.0,6292500.0,4,01
825,2013-10-31,23.5592723874,23.5592723874,23.5592723874,23.5592723874,6400000.0,24.85,0.0,24.85,24.85,24.85,1.0,6400000.0,3,31
826,2013-10-30,23.7014812751,23.7962872002,23.7014812751,23.7868066077,8300.0,25.0,0.0,25.1,25.0,25.09,1.0,8300.0,2,30
