,Unnamed: 0,adj_close,adj_high,adj_low,adj_open,adj_volume,close,ex_dividend,high,low,open,split_ratio,volume,Day of Week,Day
0,2017-02-10,59.355,59.4399,59.1,59.28,33410.0,59.355,0.0,59.4399,59.1,59.28,1.0,33410.0,4,10
1,2017-02-09,59.14,59.19,58.94,59.19,39623.0,59.14,0.0,59.19,58.94,59.19,1.0,39623.0,3,09
2,2017-02-08,58.85,58.86,58.41,58.86,23131.0,58.85,0.0,58.86,58.41,58.86,1.0,23131.0,2,08
3,2017-02-07,58.56,58.7494,58.5488,58.66,16289.0,58.56,0.0,58.7494,58.5488,58.66,1.0,16289.0,1,07
4,2017-02-06,58.7,58.85,58.585,58.74,29075.0,58.7,0.0,58.85,58.585,58.74,1.0,29075.0,0,06
5,2017-02-03,59.11,59.2702,59.0,59.15,26840.0,59.11,0.0,59.2702,59.0,59.15,1.0,26840.0,4,03
6,2017-02-02,58.87,59.52,58.75,59.52,40749.0,58.87,0.0,59.52,58.75,59.52,1.0,40749.0,3,02
7,2017-02-01,58.94,59.2,58.71,59.2,31183.0,58.94,0.0,59.2,58.71,59.2,1.0,31183.0,2,01
8,2017-01-31,58.82,58.88,58.56,58.88,77498.0,58.82,0.0,58.88,58.56,58.88,1.0,77498.0,1,31
9,2017-01-30,58.53,58.5878,58.33,58.47,41015.0,58.53,0.0,58.5878,58.33,58.47,1.0,41015.0,0,30
10,2017-01-27,59.06,59.2,59.0,59.13,38181.0,59.06,0.0,59.2,59.0,59.13,1.0,38181.0,4,27
11,2017-01-26,59.26,59.81,59.14,59.81,76684.0,59.26,0.0,59.81,59.14,59.81,1.0,76684.0,3,26
12,2017-01-25,59.49,59.5,59.093,59.22,112587.0,59.49,0.0,59.5,59.093,59.22,1.0,112587.0,2,25
13,2017-01-24,58.8,58.87,58.5,58.81,45017.0,58.8,0.0,58.87,58.5,58.81,1.0,45017.0,1,24
14,2017-01-23,58.58,58.93,58.29,58.93,44668.0,58.58,0.0,58.93,58.29,58.93,1.0,44668.0,0,23
15,2017-01-20,58.29,58.295,58.14,58.28,25375.0,58.29,0.0,58.295,58.14,58.28,1.0,25375.0,4,20
16,2017-01-19,58.04,58.27,57.9302,58.27,41678.0,58.04,0.0,58.27,57.9302,58.27,1.0,41678.0,3,19
17,2017-01-18,58.18,58.45,58.12,58.45,25816.0,58.18,0.0,58.45,58.12,58.45,1.0,25816.0,2,18
18,2017-01-17,58.53,58.67,58.435,58.67,31599.0,58.53,0.0,58.67,58.435,58.67,1.0,31599.0,1,17
19,2017-01-13,58.61,58.68,58.46,58.57,36641.0,58.61,0.0,58.68,58.46,58.57,1.0,36641.0,4,13
20,2017-01-12,58.53,58.65,58.3019,58.65,32756.0,58.53,0.0,58.65,58.3019,58.65,1.0,32756.0,3,12
21,2017-01-11,58.3899,58.3899,57.8,58.05,64892.0,58.3899,0.0,58.3899,57.8,58.05,1.0,64892.0,2,11
22,2017-01-10,58.03,58.16,57.96,58.14,55341.0,58.03,0.0,58.16,57.96,58.14,1.0,55341.0,1,10
23,2017-01-09,57.87,57.983,57.6923,57.93,84599.0,57.87,0.0,57.983,57.6923,57.93,1.0,84599.0,0,09
24,2017-01-06,58.03,58.23,58.01,58.23,50849.0,58.03,0.0,58.23,58.01,58.23,1.0,50849.0,4,06
25,2017-01-05,58.34,58.37,57.92,58.12,78840.0,58.34,0.0,58.37,57.92,58.12,1.0,78840.0,3,05
26,2017-01-04,57.78,57.78,57.41,57.6,48410.0,57.78,0.0,57.78,57.41,57.6,1.0,48410.0,2,04
27,2017-01-03,57.2,57.203,57.01,57.14,64164.0,57.2,0.0,57.203,57.01,57.14,1.0,64164.0,1,03
28,2016-12-30,56.63,57.08,56.4976,57.08,27786.0,56.63,0.0,57.08,56.4976,57.08,1.0,27786.0,4,30
29,2016-12-29,56.55,56.67,56.33,56.67,58919.0,56.55,0.0,56.67,56.33,56.67,1.0,58919.0,3,29
30,2016-12-28,56.23,56.55,56.2,56.55,57186.0,56.23,0.0,56.55,56.2,56.55,1.0,57186.0,2,28
31,2016-12-27,56.43,56.4502,56.2,56.2,13817.0,56.43,0.0,56.4502,56.2,56.2,1.0,13817.0,1,27
32,2016-12-23,56.3115,56.3727,56.22,56.35,13176.0,56.3115,0.0,56.3727,56.22,56.35,1.0,13176.0,4,23
33,2016-12-22,56.26,56.49,56.2356,56.49,30745.0,56.26,0.0,56.49,56.2356,56.49,1.0,30745.0,3,22
34,2016-12-21,56.7931,57.08,56.7673,57.08,94031.0,56.7931,0.0,57.08,56.7673,57.08,1.0,94031.0,2,21
35,2016-12-20,56.78,56.8813,56.61,56.61,24370.0,56.78,0.0,56.8813,56.61,56.61,1.0,24370.0,1,20
36,2016-12-19,56.59,57.01,56.59,57.01,46040.0,56.59,0.0,57.01,56.59,57.01,1.0,46040.0,0,19
37,2016-12-16,56.8699,57.08,56.78,56.8664,15587.0,56.8699,0.0,57.08,56.78,56.8664,1.0,15587.0,4,16
38,2016-12-15,56.85,57.0,56.75,56.9,69718.0,56.85,0.0,57.0,56.75,56.9,1.0,69718.0,3,15
39,2016-12-14,56.94,57.97,56.8557,57.97,21709.0,56.94,0.0,57.97,56.8557,57.97,1.0,21709.0,2,14
40,2016-12-13,57.96,58.1,57.72,57.97,56942.0,57.96,0.0,58.1,57.72,57.97,1.0,56942.0,1,13
41,2016-12-12,57.4,57.6,57.29,57.56,35162.0,57.4,0.0,57.6,57.29,57.56,1.0,35162.0,0,12
42,2016-12-09,57.55,57.55,57.31,57.42,43248.0,57.55,0.0,57.55,57.31,57.42,1.0,43248.0,4,09
43,2016-12-08,57.2753,57.49,57.18,57.43,24787.0,57.2753,0.0,57.49,57.18,57.43,1.0,24787.0,3,08
44,2016-12-07,57.38,57.42,56.7638,56.95,29295.0,57.38,0.0,57.42,56.7638,56.95,1.0,29295.0,2,07
45,2016-12-06,56.52,56.57,56.06,56.06,52903.0,56.52,0.0,56.57,56.06,56.06,1.0,52903.0,1,06
46,2016-12-05,55.97,56.04,55.76,55.86,53097.0,55.97,0.0,56.04,55.76,55.86,1.0,53097.0,0,05
47,2016-12-02,55.46,55.56,55.2,55.36,17123.0,55.46,0.0,55.56,55.2,55.36,1.0,17123.0,4,02
48,2016-12-01,55.29,55.5399,55.16,55.51,35966.0,55.29,0.0,55.5399,55.16,55.51,1.0,35966.0,3,01
49,2016-11-30,55.31,55.54,55.23,55.49,73822.0,55.31,0.0,55.54,55.23,55.49,1.0,73822.0,2,30
50,2016-11-29,55.2048,55.35,54.94,55.11,61558.0,55.2048,0.0,55.35,54.94,55.11,1.0,61558.0,1,29
51,2016-11-28,55.04,55.3,55.01,55.3,45082.0,55.04,0.0,55.3,55.01,55.3,1.0,45082.0,0,28
52,2016-11-25,55.33,55.37,55.191,55.36,9326.0,55.33,0.0,55.37,55.191,55.36,1.0,9326.0,4,25
53,2016-11-23,55.09,55.09,54.76,54.91,14213.0,55.09,0.0,55.09,54.76,54.91,1.0,14213.0,2,23
54,2016-11-22,55.34,55.43,55.077,55.43,16117.0,55.34,0.0,55.43,55.077,55.43,1.0,16117.0,1,22
55,2016-11-21,55.04,55.04,54.7849,54.85,57688.0,55.04,0.0,55.04,54.7849,54.85,1.0,57688.0,0,21
56,2016-11-18,54.46,54.82,54.367,54.82,38852.0,54.46,0.0,54.82,54.367,54.82,1.0,38852.0,4,18
57,2016-11-17,54.92,55.11,54.8058,55.04,18242.0,54.92,0.0,55.11,54.8058,55.04,1.0,18242.0,3,17
58,2016-11-16,54.68,54.78,54.63,54.78,25467.0,54.68,0.0,54.78,54.63,54.78,1.0,25467.0,2,16
59,2016-11-15,55.19,55.24,54.5,54.5,30106.0,55.19,0.0,55.24,54.5,54.5,1.0,30106.0,1,15
60,2016-11-14,54.67,54.89,54.4454,54.89,58380.0,54.67,0.0,54.89,54.4454,54.89,1.0,58380.0,0,14
61,2016-11-11,55.04,55.29,54.6418,55.29,12266.0,55.04,0.0,55.29,54.6418,55.29,1.0,12266.0,4,11
62,2016-11-10,55.4,55.87,55.17,55.87,16690.0,55.4,0.0,55.87,55.17,55.87,1.0,16690.0,3,10
63,2016-11-09,55.75,55.954,55.2,55.59,57652.0,55.75,0.0,55.954,55.2,55.59,1.0,57652.0,2,09
64,2016-11-08,55.9165,56.12,55.43,55.62,24779.0,55.9165,0.0,56.12,55.43,55.62,1.0,24779.0,1,08
65,2016-11-07,55.56,55.64,54.83,54.83,41960.0,55.56,0.0,55.64,54.83,54.83,1.0,41960.0,0,07
66,2016-11-04,54.52,54.87,54.5,54.83,19715.0,54.52,0.0,54.87,54.5,54.83,1.0,19715.0,4,04
67,2016-11-03,55.01,55.38,55.01,55.38,16651.0,55.01,0.0,55.38,55.01,55.38,1.0,16651.0,3,03
68,2016-11-02,55.17,55.51,55.06,55.5,24667.0,55.17,0.0,55.51,55.06,55.5,1.0,24667.0,2,02
69,2016-11-01,55.56,56.03,55.38,56.03,41011.0,55.56,0.0,56.03,55.38,56.03,1.0,41011.0,1,01
70,2016-10-31,55.83,55.942,55.72,55.93,15582.0,55.83,0.0,55.942,55.72,55.93,1.0,15582.0,0,31
71,2016-10-28,55.71,55.97,55.63,55.87,34255.0,55.71,0.0,55.97,55.63,55.87,1.0,34255.0,4,28
72,2016-10-27,55.8699,56.12,55.78,56.12,20399.0,55.8699,0.0,56.12,55.78,56.12,1.0,20399.0,3,27
73,2016-10-26,55.88,56.075,55.78,55.93,24158.0,55.88,0.0,56.075,55.78,55.93,1.0,24158.0,2,26
74,2016-10-25,56.15,56.23,56.0,56.2,8552.0,56.15,0.0,56.23,56.0,56.2,1.0,8552.0,1,25
75,2016-10-24,56.17,56.46,56.02,56.46,16942.0,56.17,0.0,56.46,56.02,56.46,1.0,16942.0,0,24
76,2016-10-21,56.01,56.01,55.76,55.87,21248.0,56.01,0.0,56.01,55.76,55.87,1.0,21248.0,4,21
77,2016-10-20,56.11,56.14,55.93,56.07,13059.0,56.11,0.0,56.14,55.93,56.07,1.0,13059.0,3,20
78,2016-10-19,56.1,56.1599,55.9155,56.08,8221.0,56.1,0.0,56.1599,55.9155,56.08,1.0,8221.0,2,19
79,2016-10-18,55.96,56.06,55.81,55.96,52438.0,55.96,0.0,56.06,55.81,55.96,1.0,52438.0,1,18
80,2016-10-17,55.29,55.48,55.2072,55.48,24131.0,55.29,0.0,55.48,55.2072,55.48,1.0,24131.0,0,17
81,2016-10-14,55.4,55.85,55.4,55.85,33097.0,55.4,0.0,55.85,55.4,55.85,1.0,33097.0,4,14
82,2016-10-13,55.32,55.4,54.665,54.98,17705.0,55.32,0.0,55.4,54.665,54.98,1.0,17705.0,3,13
83,2016-10-12,55.53,55.7399,55.4,55.414,16632.0,55.53,0.0,55.7399,55.4,55.414,1.0,16632.0,2,12
84,2016-10-11,55.57,56.14,55.39,56.14,41474.0,55.57,0.0,56.14,55.39,56.14,1.0,41474.0,1,11
85,2016-10-10,56.42,56.63,56.4022,56.53,12511.0,56.42,0.0,56.63,56.4022,56.53,1.0,12511.0,0,10
86,2016-10-07,56.21,56.47,55.7934,56.47,13773.0,56.21,0.0,56.47,55.7934,56.47,1.0,13773.0,4,07
87,2016-10-06,56.48,56.63,56.315,56.63,23074.0,56.48,0.0,56.63,56.315,56.63,1.0,23074.0,3,06
88,2016-10-05,56.7302,56.75,56.43,56.71,13560.0,56.7302,0.0,56.75,56.43,56.71,1.0,13560.0,2,05
89,2016-10-04,56.15,56.7,56.0401,56.68,56808.0,56.15,0.0,56.7,56.0401,56.68,1.0,56808.0,1,04
90,2016-10-03,56.39,56.4,56.1555,56.26,17224.0,56.39,0.0,56.4,56.1555,56.26,1.0,17224.0,0,03
91,2016-09-30,56.41,56.5099,55.975,56.05,10003.0,56.41,0.0,56.5099,55.975,56.05,1.0,10003.0,4,30
92,2016-09-29,55.99,56.72,55.8,56.72,25165.0,55.99,0.0,56.72,55.8,56.72,1.0,25165.0,3,29
93,2016-09-28,56.62,56.62,55.89,56.2,10870.0,56.62,0.0,56.62,55.89,56.2,1.0,10870.0,2,28
94,2016-09-27,55.94,56.0,55.55,55.75,16367.0,55.94,0.0,56.0,55.55,55.75,1.0,16367.0,1,27
95,2016-09-26,55.8,55.9899,55.765,55.97,12284.0,55.8,0.0,55.9899,55.765,55.97,1.0,12284.0,0,26
96,2016-09-23,56.35,56.59,56.35,56.57,10077.0,56.35,0.0,56.59,56.35,56.57,1.0,10077.0,4,23
97,2016-09-22,56.99,57.35,56.85,57.35,23622.0,56.99,0.0,57.35,56.85,57.35,1.0,23622.0,3,22
98,2016-09-21,56.5,56.54,55.754,55.95,36381.0,56.5,0.0,56.54,55.754,55.95,1.0,36381.0,2,21
99,2016-09-20,55.44,55.87,55.405,55.87,10171.0,55.44,0.0,55.87,55.405,55.87,1.0,10171.0,1,20
100,2016-09-19,55.28,55.53,55.17,55.34,19008.0,55.28,0.0,55.53,55.17,55.34,1.0,19008.0,0,19
101,2016-09-16,54.86,55.32,54.7501,55.32,32235.0,54.86,0.0,55.32,54.7501,55.32,1.0,32235.0,4,16
102,2016-09-15,55.52,55.66,54.9,54.9,4551.0,55.52,0.0,55.66,54.9,54.9,1.0,4551.0,3,15
103,2016-09-14,55.015,55.3986,54.96,55.3,15845.0,55.015,0.0,55.3986,54.96,55.3,1.0,15845.0,2,14
104,2016-09-13,54.99,55.74,54.85,55.74,26445.0,54.99,0.374,55.74,54.85,55.74,1.0,26445.0,1,13
105,2016-09-12,56.4686433964,56.5055920996,55.5223791634,55.7408929991,18425.0,56.8527,0.0,56.8899,55.9,56.12,1.0,18425.0,0,12
106,2016-09-09,56.0388664114,57.1115706958,56.0160217831,57.1115706958,33549.0,56.42,0.0,57.5,56.397,57.5,1.0,33549.0,4,09
107,2016-09-08,57.2903547432,57.4592063435,57.1115706958,57.270489849,11626.0,57.68,0.0,57.85,57.5,57.66,1.0,11626.0,3,08
108,2016-09-07,57.270489849,57.6081930496,57.1270653132,57.6081930496,18239.0,57.66,0.0,58.0,57.5156,58.0,1.0,18239.0,2,07
109,2016-09-06,57.3002871902,57.3002871902,56.8880906365,57.0221786721,16689.0,57.69,0.0,57.69,57.275,57.41,1.0,16689.0,1,06
110,2016-09-02,56.7242052597,56.8135972834,56.5851510007,56.7142728127,19351.0,57.11,0.0,57.2,56.97,57.1,1.0,19351.0,4,02
111,2016-09-01,56.0387670869,56.0388664114,55.6218029586,56.0388664114,12572.0,56.4199,0.0,56.42,56.0001,56.42,1.0,12572.0,3,01
112,2016-08-31,55.6912307637,55.9395419406,55.4230546926,55.9395419406,23420.0,56.07,0.0,56.32,55.8,56.32,1.0,23420.0,2,31
113,2016-08-30,55.8998121523,55.9502689835,55.7706903403,55.9502689835,12601.0,56.28,0.0,56.3308,56.15,56.3308,1.0,12601.0,1,30
114,2016-08-29,55.8605789863,55.9798676757,55.5323116104,55.7011632108,25113.0,56.2405,0.0,56.3606,55.91,56.08,1.0,25113.0,0,29
115,2016-08-26,55.5720413987,56.6397794596,55.3801465212,56.1831848674,24329.0,55.95,0.0,57.025,55.7568,56.5653,1.0,24329.0,4,26
116,2016-08-25,55.989204176,56.0974678491,55.9594068348,56.0190015172,17240.0,56.37,0.0,56.479,56.34,56.4,1.0,17240.0,3,25
117,2016-08-24,56.1282584351,56.3567047179,56.0785961997,56.3567047179,22439.0,56.51,0.0,56.74,56.46,56.74,1.0,22439.0,2,24
118,2016-08-23,56.2474478,56.5553536594,56.1878531175,56.3467722708,30708.0,56.63,0.0,56.94,56.57,56.73,1.0,30708.0,1,23
119,2016-08-22,55.9693392818,56.0089697457,55.7110956578,55.9991366231,29957.0,56.35,0.0,56.3899,56.09,56.38,1.0,29957.0,0,22
120,2016-08-19,56.0885286468,56.2077180117,55.8148897298,56.2077180117,11754.0,56.47,0.0,56.59,56.1945,56.59,1.0,11754.0,4,19
121,2016-08-18,56.5553536594,56.5553536594,56.3031688281,56.3567047179,3410.0,56.94,0.0,56.94,56.6861,56.74,1.0,3410.0,3,18
122,2016-08-17,56.2673126942,56.3348533343,55.8547188426,56.2077180117,11601.0,56.65,0.0,56.718,56.2346,56.59,1.0,11601.0,2,17
123,2016-08-16,56.3070424825,56.4699346146,56.2918458385,56.4460967416,27832.0,56.69,0.0,56.854,56.6747,56.83,1.0,27832.0,1,16
124,2016-08-15,56.4858265299,56.6149483419,56.3966331551,56.6149483419,245483.0,56.87,0.0,57.0,56.7802,57.0,1.0,245483.0,0,15
125,2016-08-12,56.1783179684,56.4560291886,56.0984610939,56.4560291886,37793.0,56.5604,0.0,56.84,56.48,56.84,1.0,37793.0,4,12
126,2016-08-11,56.4441102521,56.4441102521,56.1116712485,56.1679882234,7167.0,56.828,0.0,56.828,56.4933,56.55,1.0,7167.0,3,11
127,2016-08-10,55.9296094935,56.2275829059,55.8956405245,56.2275829059,13375.0,56.31,0.0,56.61,56.2758,56.61,1.0,13375.0,2,10
128,2016-08-09,55.7855890109,55.9227561051,55.5422440575,55.5422440575,21779.0,56.165,0.0,56.3031,55.92,55.92,1.0,21779.0,1,09
129,2016-08-08,55.3733924572,55.4230546926,55.295720721,55.4230546926,18958.0,55.75,0.0,55.8,55.6718,55.8,1.0,18958.0,0,08
130,2016-08-05,55.0654865978,55.1176319449,54.8171754209,54.8866032259,11713.0,55.44,0.0,55.4925,55.19,55.2599,1.0,11713.0,4,05
131,2016-08-04,54.6483238205,54.7177516256,54.4397424319,54.5688642439,12738.0,55.02,0.0,55.0899,54.81,54.94,1.0,12738.0,3,04
132,2016-08-03,54.2708908316,54.3403186367,54.0474107723,54.0821743371,20327.0,54.64,0.0,54.7099,54.415,54.45,1.0,20327.0,2,03
133,2016-08-02,54.3071442634,54.6284589264,54.1616339137,54.6284589264,13594.0,54.6765,0.0,55.0,54.53,55.0,1.0,13594.0,1,02
134,2016-08-01,54.707918503,55.1350137273,54.6284589264,55.1350137273,26592.0,55.08,0.0,55.51,55.0,55.51,1.0,26592.0,0,01
135,2016-07-29,55.0641953797,55.1240880355,54.6781211618,54.7575807384,4824.0,55.4387,0.0,55.499,55.05,55.13,1.0,4824.0,4,29
136,2016-07-28,54.5132425403,54.6185264793,54.3404179611,54.6185264793,17103.0,54.884,0.0,54.99,54.71,54.99,1.0,17103.0,3,28
137,2016-07-27,54.5589317968,54.7476482913,54.2906564013,54.7476482913,18958.0,54.93,0.0,55.12,54.6599,55.12,1.0,18958.0,2,27
138,2016-07-26,54.449674879,54.5985622607,54.1602433711,54.4596073261,17955.0,54.82,0.0,54.9699,54.5286,54.83,1.0,17955.0,1,26
139,2016-07-25,54.2502313417,54.4596073261,54.1814988079,54.4596073261,12416.0,54.6192,0.0,54.83,54.55,54.83,1.0,12416.0,0,25
140,2016-07-22,54.4198775378,54.4728174807,54.2410934904,54.2410934904,26116.0,54.79,0.0,54.8433,54.61,54.61,1.0,26116.0,4,22
141,2016-07-21,54.4197782133,54.5477081316,54.1814988079,54.4099450907,15592.0,54.7899,0.0,54.9187,54.55,54.78,1.0,15592.0,3,21
142,2016-07-20,54.5092695614,54.5281412109,54.2629448739,54.3602828553,20077.0,54.88,0.0,54.899,54.632,54.73,1.0,20077.0,2,20
143,2016-07-19,54.1020392313,54.2311610433,54.0126472076,54.1616339137,28444.0,54.47,0.0,54.6,54.38,54.53,1.0,28444.0,1,19
144,2016-07-18,54.6383913735,54.7069252583,54.2038468138,54.4794722202,22903.0,55.01,0.0,55.079,54.5725,54.85,1.0,22903.0,0,18
145,2016-07-15,54.5291344556,54.6572630229,54.3417091793,54.6532900441,107468.0,54.9,0.0,55.029,54.7113,55.025,1.0,107468.0,4,15
146,2016-07-14,54.6085940322,54.7276840727,54.5719433025,54.6284589264,15527.0,54.98,0.0,55.0999,54.9431,55.0,1.0,15527.0,3,14
147,2016-07-13,54.0424445488,54.3105212954,53.8934578426,53.8934578426,46520.0,54.41,0.0,54.6799,54.26,54.26,1.0,46520.0,2,13
148,2016-07-12,54.0325121017,54.2566874323,53.7345386894,54.07224189,18663.0,54.4,0.0,54.6257,54.1,54.44,1.0,18663.0,1,12
149,2016-07-11,53.2081189943,53.2776461238,53.039267394,53.1584567589,26141.0,53.57,0.0,53.64,53.4,53.52,1.0,26141.0,0,11
150,2016-07-08,52.5227801459,52.6121721696,52.2594709739,52.4433205693,19522.0,52.88,0.0,52.97,52.6149,52.8,1.0,19522.0,4,08
151,2016-07-07,51.6685896973,52.2340439094,51.4610015534,52.1850769453,24399.0,52.02,0.0,52.5893,51.811,52.54,1.0,24399.0,3,07
152,2016-07-06,51.7877790622,51.8970359801,51.07969491,51.4302109674,94993.0,52.14,0.0,52.25,51.4271,51.78,1.0,94993.0,2,06
153,2016-07-05,52.016225345,52.5426450401,51.9089549166,52.5426450401,46036.0,52.37,0.0,52.9,52.262,52.9,1.0,46036.0,1,05
154,2016-07-01,53.1783216531,53.3372408063,53.0988620764,53.3372408063,41417.0,53.54,0.0,53.7,53.46,53.7,1.0,41417.0,4,01
155,2016-06-30,52.9403402211,53.0690647352,52.3058555018,52.5029152518,110762.0,53.3004,0.0,53.43,52.6616,52.86,1.0,110762.0,3,30
156,2016-06-29,52.2844014161,52.3928637382,51.8374412976,51.8374412976,35282.0,52.64,0.0,52.7492,52.19,52.19,1.0,35282.0,2,29
157,2016-06-28,51.178423434,51.2017646846,50.7250072249,51.0825753197,105019.0,51.5265,0.0,51.55,51.07,51.43,1.0,105019.0,1,28
158,2016-06-27,49.8400261903,50.3972364714,49.4108451521,50.3972364714,59278.0,50.179,0.0,50.74,49.7469,50.74,1.0,59278.0,0,27
159,2016-06-24,50.9335886135,52.3736941153,50.9335886135,51.6487248031,113828.0,51.28,0.0,52.7299,51.28,52.0,1.0,113828.0,4,24
160,2016-06-23,55.6217036341,55.7011632108,55.095283939,55.095283939,17014.0,56.0,0.0,56.08,55.47,55.47,1.0,17014.0,3,23
161,2016-06-22,54.4695397731,54.7178509501,54.3900801965,54.6284589264,6770.0,54.84,0.0,55.09,54.76,55.0,1.0,6770.0,2,22
162,2016-06-21,54.380048425,54.5786973665,53.9134220613,54.1517014667,20114.0,54.7499,0.0,54.9499,54.2801,54.52,1.0,20114.0,1,21
163,2016-06-20,53.7941333719,54.2212285962,53.7941333719,54.2212285962,11685.0,54.16,0.0,54.59,54.16,54.59,1.0,11685.0,0,20
164,2016-06-17,52.5859505094,52.6221046167,52.1056173687,52.4631854635,11760.0,52.9436,0.0,52.98,52.46,52.82,1.0,11760.0,4,17
165,2016-06-16,51.9169008742,51.9367657684,50.6455476483,51.3308864966,24747.0,52.27,0.0,52.29,50.99,51.68,1.0,24747.0,3,16
166,2016-06-15,51.8342629145,52.2049418395,51.8342629145,52.1056173687,15755.0,52.1868,0.0,52.56,52.1868,52.46,1.0,15755.0,2,15
167,2016-06-14,51.499738097,52.0460226862,51.3507513908,51.9963604508,25912.0,51.85,0.559,52.4,51.7,52.35,1.0,25912.0,1,14
168,2016-06-13,52.1984027116,52.7978196102,52.1984027116,52.6012894795,28649.0,53.12,0.0,53.73,53.12,53.53,1.0,28649.0,0,13
169,2016-06-10,53.0729617931,54.30127511,52.8545185529,54.30127511,21994.0,54.01,0.0,55.26,53.7877,55.26,1.0,21994.0,4,10
170,2016-06-09,54.6943353713,55.0284365935,54.4584992145,55.0284365935,21418.0,55.66,0.0,56.0,55.42,56.0,1.0,21418.0,3,09
171,2016-06-08,55.3723643222,55.5983739725,55.2524809425,55.5983739725,22211.0,56.35,0.0,56.58,56.228,56.58,1.0,22211.0,2,08
172,2016-06-07,55.1881173247,55.3527113092,55.0191014123,55.0284365935,36919.0,56.1625,0.0,56.33,55.9905,56.0,1.0,36919.0,1,07
173,2016-06-06,54.7827739302,54.8219816912,54.468325721,54.6845088648,31429.0,55.75,0.0,55.7899,55.43,55.65,1.0,31429.0,0,06
174,2016-06-03,54.320928123,54.4092684168,53.8689088224,54.0457859401,19445.0,55.28,0.0,55.3699,54.82,55.0,1.0,19445.0,4,03
175,2016-06-02,53.8885618355,53.9180413551,53.5937666395,53.750990744,12523.0,54.84,0.0,54.87,54.54,54.7,1.0,12523.0,3,02
176,2016-06-01,53.824689543,53.824689543,53.4333980528,53.7608172506,8003.0,54.775,0.0,54.775,54.3768,54.71,1.0,8003.0,2,01
177,2016-05-31,53.9376943682,54.4879787341,53.7583606239,54.4879787341,16857.0,54.89,0.0,55.45,54.7075,55.45,1.0,16857.0,1,31
178,2016-05-27,54.2128365511,54.4290196949,54.1145714858,54.4290196949,32174.0,55.17,0.0,55.39,55.07,55.39,1.0,32174.0,4,27
179,2016-05-26,54.2423160708,54.3995401753,54.2423160708,54.3307546296,12683.0,55.2,0.0,55.36,55.2,55.29,1.0,12683.0,3,26
180,2016-05-25,54.1538775119,54.2226630577,54.0359594335,54.1145714858,22458.0,55.11,0.0,55.18,54.99,55.07,1.0,22458.0,2,25
181,2016-05-24,53.4856750676,53.5249810937,53.0827882997,53.0827882997,9753.0,54.43,0.0,54.47,54.02,54.02,1.0,9753.0,1,24
182,2016-05-23,52.7879931036,52.8469521428,52.6013877445,52.8469521428,6687.0,53.72,0.0,53.78,53.5301,53.78,1.0,6687.0,0,23
183,2016-05-20,52.8076461167,52.9353907017,52.7080053404,52.7663747893,5935.0,53.74,0.0,53.87,53.6386,53.698,1.0,5935.0,4,20
184,2016-05-19,52.463718388,52.7486870775,52.188576205,52.7486870775,22884.0,53.39,0.0,53.68,53.11,53.68,1.0,22884.0,3,19
185,2016-05-18,52.7377796552,53.181053365,52.5718099599,52.7978196102,24083.0,53.6689,0.0,54.12,53.5,53.73,1.0,24083.0,2,18
186,2016-05-17,52.8553046734,53.2007063781,52.7093810514,53.0140027539,14275.0,53.7885,0.0,54.14,53.64,53.95,1.0,14275.0,1,17
187,2016-05-16,53.0533087801,53.2007063781,52.753993391,52.8567786494,29156.0,53.99,0.0,54.14,53.6854,53.79,1.0,29156.0,0,16
188,2016-05-13,52.4735448945,52.9157376886,52.378031251,52.9157376886,18817.0,53.4,0.0,53.85,53.3028,53.85,1.0,18817.0,4,13
189,2016-05-12,53.2793184304,53.7706437571,53.0631352866,53.7706437571,6384.0,54.22,0.0,54.72,54.0,54.72,1.0,6384.0,3,12
190,2016-05-11,53.1220943258,53.4956981043,53.1220943258,53.3579304826,22652.0,54.06,0.0,54.4402,54.06,54.3,1.0,22652.0,2,11
191,2016-05-10,53.5446341068,53.5446341068,53.1129556747,53.2989714434,23518.0,54.49,0.0,54.49,54.0507,54.24,1.0,23518.0,1,10
192,2016-05-09,52.7879931036,53.2105328846,52.7486870775,53.2105328846,10288.0,53.72,0.0,54.15,53.68,54.15,1.0,10288.0,0,09
193,2016-05-06,53.0729617931,53.0980193848,52.6881557972,52.738860571,23313.0,54.01,0.0,54.0355,53.6184,53.67,1.0,23313.0,4,06
194,2016-05-05,52.9452172082,53.2301858977,52.886258169,53.181053365,10568.0,53.88,0.0,54.17,53.82,54.12,1.0,10568.0,3,05
195,2016-05-04,53.2007063781,53.5544606133,53.0631352866,53.5544606133,22007.0,54.14,0.0,54.5,54.0,54.5,1.0,22007.0,2,04
196,2016-05-03,53.8001232767,54.6353763321,53.8001232767,54.6353763321,26599.0,54.75,0.0,55.6,54.75,55.6,1.0,26599.0,1,03
197,2016-05-02,54.9105185151,55.099875296,54.8024269432,54.9793040608,24379.0,55.88,0.0,56.0727,55.77,55.95,1.0,24379.0,0,02
198,2016-04-29,54.6746823583,54.8950908998,54.6353763321,54.8417329694,17527.0,55.64,0.0,55.8643,55.6,55.81,1.0,17527.0,4,29
199,2016-04-28,54.9399980347,55.4495023985,54.9301715282,55.1758341915,10904.0,55.91,0.0,56.4285,55.9,56.15,1.0,10904.0,3,28
200,2016-04-27,55.5394149333,55.6082004791,55.1758341915,55.3428848026,7819.0,56.52,0.0,56.59,56.15,56.32,1.0,7819.0,2,27
201,2016-04-26,55.4018438418,55.5295884268,55.29375227,55.5295884268,17504.0,56.38,0.0,56.51,56.27,56.51,1.0,17504.0,1,26
202,2016-04-25,54.9596510478,55.2839257634,54.8721951396,55.2839257634,24426.0,55.93,0.0,56.26,55.841,56.26,1.0,24426.0,0,25
203,2016-04-22,55.3330582961,55.5001089072,55.1758341915,55.2740992569,5181.0,56.31,0.0,56.48,56.15,56.25,1.0,5181.0,4,22
204,2016-04-21,55.3035787765,55.7732857888,55.3035787765,55.7555980771,6084.0,56.28,0.0,56.758,56.28,56.74,1.0,6084.0,3,21
205,2016-04-20,55.8002104167,55.9127239166,55.4224795056,55.8440366359,9187.0,56.7854,0.0,56.8999,56.401,56.83,1.0,9187.0,2,20
206,2016-04-19,55.6828819287,55.7261185575,55.4313233614,55.7261185575,15673.0,56.666,0.0,56.71,56.41,56.71,1.0,15673.0,1,19
207,2016-04-18,54.7042601429,54.7888663642,54.1931835381,54.468325721,17199.0,55.6701,0.0,55.7562,55.15,55.43,1.0,17199.0,0,18
208,2016-04-15,54.3504076426,54.5764172929,54.2374028175,54.5764172929,19874.0,55.31,0.0,55.54,55.195,55.54,1.0,19874.0,4,15
209,2016-04-14,54.4437594547,54.6353763321,54.3307546296,54.6353763321,11246.0,55.405,0.0,55.6,55.29,55.6,1.0,11246.0,3,14
210,2016-04-13,54.320928123,54.4093666818,54.1243979923,54.4093666818,17490.0,55.28,0.0,55.37,55.08,55.37,1.0,17490.0,2,13
211,2016-04-12,53.3972365088,53.4070630153,52.7781665971,52.7781665971,14994.0,54.34,0.0,54.35,53.71,53.71,1.0,14994.0,1,12
212,2016-04-11,52.6189771912,52.9452172082,52.5914629729,52.9452172082,7592.0,53.548,0.0,53.88,53.52,53.88,1.0,7592.0,0,11
213,2016-04-08,52.238101798,52.3752798292,52.1296171658,52.1296171658,5834.0,53.1604,0.0,53.3,53.05,53.05,1.0,5834.0,4,08
214,2016-04-07,51.2272490708,51.8249954633,51.171925839,51.8249954633,10685.0,52.1317,0.0,52.74,52.0754,52.74,1.0,10685.0,3,07
215,2016-04-06,52.1296171658,52.1590966854,51.3697334155,51.6775978652,6212.0,53.05,0.0,53.08,52.2767,52.59,1.0,6212.0,2,06
216,2016-04-05,51.3926291757,51.8053424502,51.3822130788,51.8053424502,25074.0,52.3,0.0,52.72,52.2894,52.72,1.0,25074.0,1,05
217,2016-04-04,52.4841575216,52.9157376886,52.4841575216,52.9157376886,13957.0,53.4108,0.0,53.85,53.4108,53.85,1.0,13957.0,0,04
218,2016-04-01,52.8217962861,52.8217962861,52.1423916243,52.5619834533,10215.0,53.7544,0.0,53.7544,53.063,53.49,1.0,10215.0,4,01
219,2016-03-31,53.1908798716,53.6232461591,53.1712268585,53.6232461591,17494.0,54.13,0.0,54.57,54.11,54.57,1.0,17494.0,3,31
220,2016-03-30,53.6134196525,53.8812902207,53.5497438902,53.7116847179,11293.0,54.56,0.0,54.8326,54.4952,54.66,1.0,11293.0,2,30
221,2016-03-29,53.0582220333,53.1006725416,52.0903111397,52.4342388684,13680.0,53.995,0.0,54.0382,53.01,53.36,1.0,13680.0,1,29
222,2016-03-28,52.6068905882,52.6073819135,51.9429135417,52.5914629729,24505.0,53.5357,0.0,53.5362,52.86,53.52,1.0,24505.0,0,28
223,2016-03-24,52.2012523985,52.2770147638,51.9036075155,52.2770147638,10244.0,53.1229,0.0,53.2,52.82,53.2,1.0,10244.0,3,24
224,2016-03-23,52.7192075579,53.4955015741,52.7192075579,53.4955015741,37510.0,53.65,0.0,54.44,53.65,54.44,1.0,37510.0,2,23
225,2016-03-22,53.3579304826,53.4660220545,52.8469521428,52.8469521428,21245.0,54.3,0.0,54.41,53.78,53.78,1.0,21245.0,1,22
226,2016-03-21,53.6527256787,54.30127511,53.4168895219,54.30127511,18649.0,54.6,0.085,55.26,54.36,55.26,1.0,18649.0,0,21
227,2016-03-18,53.7851773193,54.1972490901,53.6870649929,54.1972490901,20324.0,54.82,0.0,55.24,54.72,55.24,1.0,20324.0,4,18
228,2016-03-17,53.873478413,53.9519682741,53.196503361,53.3731055485,18616.0,54.91,0.0,54.99,54.22,54.4,1.0,18616.0,3,17
229,2016-03-16,53.0689573367,53.0787685694,52.0976453056,52.2644362605,7594.0,54.09,0.0,54.1,53.1,53.27,1.0,7594.0,2,16
230,2016-03-15,52.2514854334,52.3821710521,52.091758566,52.3821710521,12287.0,53.2568,0.0,53.39,53.094,53.39,1.0,12287.0,1,15
231,2016-03-14,53.0189200503,53.2553707569,52.8432989861,53.2553707569,4488.0,54.039,0.0,54.28,53.86,54.28,1.0,4488.0,0,14
232,2016-03-11,53.2749932221,53.2749932221,52.7958126201,53.0591461041,10170.0,54.3,0.0,54.3,53.8116,54.08,1.0,10170.0,4,11
233,2016-03-10,51.9014206529,52.6078294028,51.6154232215,52.6078294028,16383.0,52.9,0.0,53.62,52.6085,53.62,1.0,16383.0,3,10
234,2016-03-09,51.9505749284,52.2055688646,51.8327420244,51.8327420244,7488.0,52.9501,0.0,53.21,52.83,52.83,1.0,7488.0,2,09
235,2016-03-08,51.5285938126,52.2938699584,51.5285938126,52.2938699584,10637.0,52.52,0.0,53.3,52.52,53.3,1.0,10637.0,1,08
236,2016-03-07,52.2448137952,52.4704721458,51.7640633959,52.087834073,20439.0,53.25,0.0,53.48,52.76,53.09,1.0,20439.0,0,07
237,2016-03-04,52.2448137952,52.5273772951,51.8033083265,52.2742474931,17439.0,53.25,0.0,53.538,52.8,53.28,1.0,17439.0,4,04
238,2016-03-03,51.753565377,51.9700992813,51.0478434134,51.9700992813,9411.0,52.7493,0.0,52.97,52.03,52.97,1.0,9411.0,3,03
239,2016-03-02,50.9201992768,50.9201992768,50.62596041,50.7534083219,417.0,51.8999,0.0,51.8999,51.6,51.7299,1.0,417.0,2,02
