,Unnamed: 0,adj_close,adj_high,adj_low,adj_open,adj_volume,close,ex_dividend,high,low,open,split_ratio,volume,Day of Week,Day
0,2017-02-10,53.35,54.8,52.95,54.65,258398.0,53.35,0.0,54.8,52.95,54.65,1.0,258398.0,4,10
1,2017-02-09,54.35,54.795,53.0,53.0,599654.0,54.35,0.0,54.795,53.0,53.0,1.0,599654.0,3,09
2,2017-02-08,52.85,53.3,51.5,51.9,571906.0,52.85,0.0,53.3,51.5,51.9,1.0,571906.0,2,08
3,2017-02-07,51.9,52.45,51.75,51.9,330362.0,51.9,0.0,52.45,51.75,51.9,1.0,330362.0,1,07
4,2017-02-06,51.9,52.6,51.4,52.2,405287.0,51.9,0.0,52.6,51.4,52.2,1.0,405287.0,0,06
5,2017-02-03,52.2,52.4,51.4,51.4,398055.0,52.2,0.0,52.4,51.4,51.4,1.0,398055.0,4,03
6,2017-02-02,51.45,52.45,51.05,52.05,303399.0,51.45,0.0,52.45,51.05,52.05,1.0,303399.0,3,02
7,2017-02-01,52.25,54.2,51.5,53.1,319746.0,52.25,0.0,54.2,51.5,53.1,1.0,319746.0,2,01
8,2017-01-31,52.55,53.55,52.55,53.4,174819.0,52.55,0.0,53.55,52.55,53.4,1.0,174819.0,1,31
9,2017-01-30,53.25,54.4,53.0,54.4,229823.0,53.25,0.0,54.4,53.0,54.4,1.0,229823.0,0,30
10,2017-01-27,54.7,55.2,54.255,54.95,234283.0,54.7,0.0,55.2,54.255,54.95,1.0,234283.0,4,27
11,2017-01-26,55.05,56.85,54.7,56.45,465793.0,55.05,0.0,56.85,54.7,56.45,1.0,465793.0,3,26
12,2017-01-25,56.2,56.5,55.55,55.8,573468.0,56.2,0.0,56.5,55.55,55.8,1.0,573468.0,2,25
13,2017-01-24,55.3,55.4,53.4,53.75,358980.0,55.3,0.0,55.4,53.4,53.75,1.0,358980.0,1,24
14,2017-01-23,53.75,54.65,53.35,53.55,180019.0,53.75,0.0,54.65,53.35,53.55,1.0,180019.0,0,23
15,2017-01-20,53.45,54.65,52.95,54.25,413669.0,53.45,0.0,54.65,52.95,54.25,1.0,413669.0,4,20
16,2017-01-19,54.05,54.35,52.05,52.6,532291.0,54.05,0.0,54.35,52.05,52.6,1.0,532291.0,3,19
17,2017-01-18,52.5,52.7,50.9,51.4,314001.0,52.5,0.0,52.7,50.9,51.4,1.0,314001.0,2,18
18,2017-01-17,51.05,51.5,50.1,50.55,276432.0,51.05,0.0,51.5,50.1,50.55,1.0,276432.0,1,17
19,2017-01-13,50.65,51.45,50.1,50.65,492241.0,50.65,0.0,51.45,50.1,50.65,1.0,492241.0,4,13
20,2017-01-12,50.35,51.3,49.45,50.8,419847.0,50.35,0.0,51.3,49.45,50.8,1.0,419847.0,3,12
21,2017-01-11,51.0,51.125,48.3,48.5,567363.0,51.0,0.0,51.125,48.3,48.5,1.0,567363.0,2,11
22,2017-01-10,48.5,48.95,47.95,47.95,231747.0,48.5,0.0,48.95,47.95,47.95,1.0,231747.0,1,10
23,2017-01-09,47.9,48.35,47.0,47.5,240184.0,47.9,0.0,48.35,47.0,47.5,1.0,240184.0,0,09
24,2017-01-06,47.45,47.8,46.605,47.1,245092.0,47.45,0.0,47.8,46.605,47.1,1.0,245092.0,4,06
25,2017-01-05,47.0,47.15,45.9,46.25,231892.0,47.0,0.0,47.15,45.9,46.25,1.0,231892.0,3,05
26,2017-01-04,46.2,46.8,44.65,45.25,335639.0,46.2,0.0,46.8,44.65,45.25,1.0,335639.0,2,04
27,2017-01-03,44.95,46.7,44.45,45.25,517052.0,44.95,0.0,46.7,44.45,45.25,1.0,517052.0,1,03
28,2016-12-30,44.55,45.25,44.25,44.8,215425.0,44.55,0.0,45.25,44.25,44.8,1.0,215425.0,4,30
29,2016-12-29,44.75,45.4,43.425,43.5,277017.0,44.75,0.0,45.4,43.425,43.5,1.0,277017.0,3,29
30,2016-12-28,43.35,44.0,43.05,43.85,208711.0,43.35,0.0,44.0,43.05,43.85,1.0,208711.0,2,28
31,2016-12-27,43.65,44.55,43.15,43.55,266246.0,43.65,0.0,44.55,43.15,43.55,1.0,266246.0,1,27
32,2016-12-23,43.55,43.9,42.95,43.25,221603.0,43.55,0.0,43.9,42.95,43.25,1.0,221603.0,4,23
33,2016-12-22,43.35,43.8,42.8,43.45,365550.0,43.35,0.0,43.8,42.8,43.45,1.0,365550.0,3,22
34,2016-12-21,43.5,43.85,43.2,43.7,195608.0,43.5,0.0,43.85,43.2,43.7,1.0,195608.0,2,21
35,2016-12-20,43.75,44.195,43.5,43.75,263919.0,43.75,0.0,44.195,43.5,43.75,1.0,263919.0,1,20
36,2016-12-19,43.45,44.45,43.45,44.35,233193.0,43.45,0.0,44.45,43.45,44.35,1.0,233193.0,0,19
37,2016-12-16,44.3,45.15,44.2,44.75,272992.0,44.3,0.0,45.15,44.2,44.75,1.0,272992.0,4,16
38,2016-12-15,44.8,45.65,43.15,44.0,274820.0,44.8,0.0,45.65,43.15,44.0,1.0,274820.0,3,15
39,2016-12-14,44.1,44.25,42.992,44.05,384002.0,44.1,0.0,44.25,42.992,44.05,1.0,384002.0,2,14
40,2016-12-13,44.05,45.55,43.8073,44.9,331786.0,44.05,0.0,45.55,43.8073,44.9,1.0,331786.0,1,13
41,2016-12-12,44.8,47.05,44.405,46.6,258775.0,44.8,0.0,47.05,44.405,46.6,1.0,258775.0,0,12
42,2016-12-09,46.9,48.1,46.8,48.1,330732.0,46.9,0.0,48.1,46.8,48.1,1.0,330732.0,4,09
43,2016-12-08,47.85,48.7,46.75,47.95,490801.0,47.85,0.0,48.7,46.75,47.95,1.0,490801.0,3,08
44,2016-12-07,47.9,49.7,47.45,48.0,645593.0,47.9,0.0,49.7,47.45,48.0,1.0,645593.0,2,07
45,2016-12-06,48.05,48.8,47.9,48.75,229169.0,48.05,0.0,48.8,47.9,48.75,1.0,229169.0,1,06
46,2016-12-05,48.4,48.75,46.2,46.65,196140.0,48.4,0.0,48.75,46.2,46.65,1.0,196140.0,0,05
47,2016-12-02,46.4,47.7,45.4,47.4,460850.0,46.4,0.0,47.7,45.4,47.4,1.0,460850.0,4,02
48,2016-12-01,47.5,49.85,46.4,49.1,351487.0,47.5,0.0,49.85,46.4,49.1,1.0,351487.0,3,01
49,2016-11-30,49.5,51.35,49.4,51.35,224044.0,49.5,0.0,51.35,49.4,51.35,1.0,224044.0,2,30
50,2016-11-29,51.05,51.45,50.45,51.35,149385.0,51.05,0.0,51.45,50.45,51.35,1.0,149385.0,1,29
51,2016-11-28,51.05,52.1,50.95,51.05,188576.0,51.05,0.0,52.1,50.95,51.05,1.0,188576.0,0,28
52,2016-11-25,51.55,52.5,51.45,52.0,120202.0,51.55,0.0,52.5,51.45,52.0,1.0,120202.0,4,25
53,2016-11-23,52.1,52.35,51.3,51.75,228890.0,52.1,0.0,52.35,51.3,51.75,1.0,228890.0,2,23
54,2016-11-22,51.45,52.45,50.6,51.4,341464.0,51.45,0.0,52.45,50.6,51.4,1.0,341464.0,1,22
55,2016-11-21,50.95,51.75,50.075,50.8,286015.0,50.95,0.0,51.75,50.075,50.8,1.0,286015.0,0,21
56,2016-11-18,51.4,51.65,48.8,48.9,772069.0,51.4,0.0,51.65,48.8,48.9,1.0,772069.0,4,18
57,2016-11-17,48.65,49.7,47.4,47.55,383900.0,48.65,0.0,49.7,47.4,47.55,1.0,383900.0,3,17
58,2016-11-16,47.15,47.5,45.0,45.3,515506.0,47.15,0.0,47.5,45.0,45.3,1.0,515506.0,2,16
59,2016-11-15,46.1,47.5,45.675,46.95,397748.0,46.1,0.0,47.5,45.675,46.95,1.0,397748.0,1,15
60,2016-11-14,46.75,48.295,45.75,47.6,672797.0,46.75,0.0,48.295,45.75,47.6,1.0,672797.0,0,14
61,2016-11-11,49.45,49.65,46.45,47.6,463341.0,49.45,0.0,49.65,46.45,47.6,1.0,463341.0,4,11
62,2016-11-10,47.85,49.0,46.0,46.1,1185510.0,47.85,0.0,49.0,46.0,46.1,1.0,1185510.0,3,10
63,2016-11-09,42.6,42.75,39.05,40.2,571863.0,42.6,0.0,42.75,39.05,40.2,1.0,571863.0,2,09
64,2016-11-08,40.8,40.9,39.5,40.35,256550.0,40.8,0.0,40.9,39.5,40.35,1.0,256550.0,1,08
65,2016-11-07,40.2,41.4,39.75,39.75,409147.0,40.2,0.0,41.4,39.75,39.75,1.0,409147.0,0,07
66,2016-11-04,39.05,39.45,38.7,38.7,233947.0,39.05,0.0,39.45,38.7,38.7,1.0,233947.0,4,04
67,2016-11-03,39.0,39.3,38.65,38.65,274959.0,39.0,0.0,39.3,38.65,38.65,1.0,274959.0,3,03
68,2016-11-02,39.05,40.9,38.9,40.8,333712.0,39.05,0.0,40.9,38.9,40.8,1.0,333712.0,2,02
69,2016-11-01,41.0,41.2,39.75,39.9,414855.0,41.0,0.0,41.2,39.75,39.9,1.0,414855.0,1,01
70,2016-10-31,40.0,41.4,38.9,41.4,1354266.0,40.0,0.0,41.4,38.9,41.4,1.0,1354266.0,0,31
71,2016-10-28,41.2,42.1,41.05,41.1,217728.0,41.2,0.0,42.1,41.05,41.1,1.0,217728.0,4,28
72,2016-10-27,41.3,43.2,40.35,43.2,398629.0,41.3,0.0,43.2,40.35,43.2,1.0,398629.0,3,27
73,2016-10-26,42.7,44.35,42.6,44.1,246168.0,42.7,0.0,44.35,42.6,44.1,1.0,246168.0,2,26
74,2016-10-25,44.4,45.9,43.75,45.9,392250.0,44.4,0.0,45.9,43.75,45.9,1.0,392250.0,1,25
75,2016-10-24,45.7,46.0,44.8,45.2,248207.0,45.7,0.0,46.0,44.8,45.2,1.0,248207.0,0,24
76,2016-10-21,44.85,44.9,44.1,44.8,116650.0,44.85,0.0,44.9,44.1,44.8,1.0,116650.0,4,21
77,2016-10-20,44.8,47.0,44.3,46.6,306314.0,44.8,0.0,47.0,44.3,46.6,1.0,306314.0,3,20
78,2016-10-19,46.4,46.75,44.475,44.6,411615.0,46.4,0.0,46.75,44.475,44.6,1.0,411615.0,2,19
79,2016-10-18,44.2,45.2,44.0,44.5,208950.0,44.2,0.0,45.2,44.0,44.5,1.0,208950.0,1,18
80,2016-10-17,43.9,44.025,42.5,43.3,163085.0,43.9,0.0,44.025,42.5,43.3,1.0,163085.0,0,17
81,2016-10-14,43.75,44.9,43.15,43.85,174155.0,43.75,0.0,44.9,43.15,43.85,1.0,174155.0,4,14
82,2016-10-13,43.6,43.85,42.6,43.65,150955.0,43.6,0.0,43.85,42.6,43.65,1.0,150955.0,3,13
83,2016-10-12,44.0,44.45,43.45,44.15,194043.0,44.0,0.0,44.45,43.45,44.15,1.0,194043.0,2,12
84,2016-10-11,43.95,44.6,43.2,43.55,309177.0,43.95,0.0,44.6,43.2,43.55,1.0,309177.0,1,11
85,2016-10-10,43.9,44.05,42.8,43.0,95708.0,43.9,0.0,44.05,42.8,43.0,1.0,95708.0,0,10
86,2016-10-07,43.13,44.1,43.055,43.75,138635.0,43.13,0.0,44.1,43.055,43.75,1.0,138635.0,4,07
87,2016-10-06,43.58,43.95,43.04,43.95,144365.0,43.58,0.0,43.95,43.04,43.95,1.0,144365.0,3,06
88,2016-10-05,43.84,44.49,43.62,43.9,150947.0,43.84,0.0,44.49,43.62,43.9,1.0,150947.0,2,05
89,2016-10-04,43.98,44.43,43.03,43.04,226084.0,43.98,0.0,44.43,43.03,43.04,1.0,226084.0,1,04
90,2016-10-03,43.09,44.2,42.8,44.2,292582.0,43.09,0.0,44.2,42.8,44.2,1.0,292582.0,0,03
91,2016-09-30,43.43,44.48,43.32,44.31,199465.0,43.43,0.0,44.48,43.32,44.31,1.0,199465.0,4,30
92,2016-09-29,43.98,44.428,43.37,44.1,369428.0,43.98,0.0,44.428,43.37,44.1,1.0,369428.0,3,29
93,2016-09-28,44.1,44.888,43.39,44.49,370258.0,44.1,0.0,44.888,43.39,44.49,1.0,370258.0,2,28
94,2016-09-27,44.08,44.19,43.117,43.79,146936.0,44.08,0.0,44.19,43.117,43.79,1.0,146936.0,1,27
95,2016-09-26,43.69,43.76,43.14,43.29,313093.0,43.69,0.0,43.76,43.14,43.29,1.0,313093.0,0,26
96,2016-09-23,43.28,43.96,41.82,43.01,700580.0,43.28,0.0,43.96,41.82,43.01,1.0,700580.0,4,23
97,2016-09-22,45.29,45.4,44.45,44.82,255352.0,45.29,0.0,45.4,44.45,44.82,1.0,255352.0,3,22
98,2016-09-21,44.4,45.09,43.55,44.08,607779.0,44.4,0.0,45.09,43.55,44.08,1.0,607779.0,2,21
99,2016-09-20,45.44,46.9,44.9304,45.04,825335.0,45.44,0.0,46.9,44.9304,45.04,1.0,825335.0,1,20
100,2016-09-19,44.63,49.49,44.177,44.54,450712.0,44.63,0.0,49.49,44.177,44.54,1.0,450712.0,0,19
101,2016-09-16,44.22,44.52,43.07,43.07,453542.0,44.22,0.0,44.52,43.07,43.07,1.0,453542.0,4,16
102,2016-09-15,43.24,43.28,42.47,42.86,282497.0,43.24,0.0,43.28,42.47,42.86,1.0,282497.0,3,15
103,2016-09-14,43.25,43.335,41.68,41.68,330790.0,43.25,0.0,43.335,41.68,41.68,1.0,330790.0,2,14
104,2016-09-13,41.87,42.2,41.51,42.2,153277.0,41.87,0.0,42.2,41.51,42.2,1.0,153277.0,1,13
105,2016-09-12,42.35,42.41,41.06,41.52,269564.0,42.35,0.0,42.41,41.06,41.52,1.0,269564.0,0,12
106,2016-09-09,42.18,43.39,42.0,43.39,306943.0,42.18,0.0,43.39,42.0,43.39,1.0,306943.0,4,09
107,2016-09-08,43.58,44.4399,43.18,44.16,316324.0,43.58,0.0,44.4399,43.18,44.16,1.0,316324.0,3,08
108,2016-09-07,44.44,44.57,43.47,43.71,382237.0,44.44,0.0,44.57,43.47,43.71,1.0,382237.0,2,07
109,2016-09-06,43.26,43.27,42.15,42.15,291065.0,43.26,0.0,43.27,42.15,42.15,1.0,291065.0,1,06
110,2016-09-02,42.35,42.44,41.81,42.04,207307.0,42.35,0.0,42.44,41.81,42.04,1.0,207307.0,4,02
111,2016-09-01,41.88,41.96,41.32,41.61,535547.0,41.88,0.0,41.96,41.32,41.61,1.0,535547.0,3,01
112,2016-08-31,41.82,42.25,40.73,41.25,411214.0,41.82,0.0,42.25,40.73,41.25,1.0,411214.0,2,31
113,2016-08-30,41.8,42.8,40.09,40.09,881396.0,41.8,0.0,42.8,40.09,40.09,1.0,881396.0,1,30
114,2016-08-29,40.31,40.67,39.92,40.21,199098.0,40.31,0.0,40.67,39.92,40.21,1.0,199098.0,0,29
115,2016-08-26,40.34,40.48,39.5,40.0,241660.0,40.34,0.0,40.48,39.5,40.0,1.0,241660.0,4,26
116,2016-08-25,40.19,40.485,39.1712,39.55,177445.0,40.19,0.0,40.485,39.1712,39.55,1.0,177445.0,3,25
117,2016-08-24,40.12,41.4,39.13,39.44,1001577.0,40.12,0.0,41.4,39.13,39.44,1.0,1001577.0,2,24
118,2016-08-23,39.63,39.68,38.35,38.35,1314392.0,39.63,0.0,39.68,38.35,38.35,1.0,1314392.0,1,23
119,2016-08-22,38.44,38.5099,37.945,38.43,171039.0,38.44,0.0,38.5099,37.945,38.43,1.0,171039.0,0,22
120,2016-08-19,38.61,38.67,38.1,38.35,101210.0,38.61,0.0,38.67,38.1,38.35,1.0,101210.0,4,19
121,2016-08-18,38.35,38.4,37.45,37.55,196087.0,38.35,0.0,38.4,37.45,37.55,1.0,196087.0,3,18
122,2016-08-17,37.66,38.0,37.31,38.0,135588.0,37.66,0.0,38.0,37.31,38.0,1.0,135588.0,2,17
123,2016-08-16,38.13,38.54,37.65,38.54,232926.0,38.13,0.0,38.54,37.65,38.54,1.0,232926.0,1,16
124,2016-08-15,38.36,38.8,38.15,38.7,247384.0,38.36,0.0,38.8,38.15,38.7,1.0,247384.0,0,15
125,2016-08-12,38.7,38.9,38.37,38.75,200893.0,38.7,0.0,38.9,38.37,38.75,1.0,200893.0,4,12
126,2016-08-11,38.7,39.33,38.15,38.3,292707.0,38.7,0.0,39.33,38.15,38.3,1.0,292707.0,3,11
127,2016-08-10,38.38,38.47,37.511,37.83,288769.0,38.38,0.0,38.47,37.511,37.83,1.0,288769.0,2,10
128,2016-08-09,38.11,38.49,36.86,36.86,520616.0,38.11,0.0,38.49,36.86,36.86,1.0,520616.0,1,09
129,2016-08-08,36.99,37.38,36.05,36.07,313202.0,36.99,0.0,37.38,36.05,36.07,1.0,313202.0,0,08
130,2016-08-05,36.17,36.26,35.58,36.0,242997.0,36.17,0.0,36.26,35.58,36.0,1.0,242997.0,4,05
131,2016-08-04,36.0,36.17,35.11,35.48,262227.0,36.0,0.0,36.17,35.11,35.48,1.0,262227.0,3,04
132,2016-08-03,35.27,36.23,35.21,35.32,249959.0,35.27,0.0,36.23,35.21,35.32,1.0,249959.0,2,03
133,2016-08-02,35.87,36.42,35.25,35.85,633240.0,35.87,0.0,36.42,35.25,35.85,1.0,633240.0,1,02
134,2016-08-01,35.98,36.22,35.2,35.2,663296.0,35.98,0.0,36.22,35.2,35.2,1.0,663296.0,0,01
135,2016-07-29,35.6,36.02,34.7,35.25,865022.0,35.6,0.0,36.02,34.7,35.25,1.0,865022.0,4,29
136,2016-07-28,35.91,36.5,35.03,36.5,939911.0,35.91,0.0,36.5,35.03,36.5,1.0,939911.0,3,28
137,2016-07-27,36.52,37.77,32.93,33.0,1577125.0,36.52,0.0,37.77,32.93,33.0,1.0,1577125.0,2,27
138,2016-07-26,31.65,31.82,31.28,31.5,197811.0,31.65,0.0,31.82,31.28,31.5,1.0,197811.0,1,26
139,2016-07-25,31.54,31.82,30.92,31.34,235849.0,31.54,0.0,31.82,30.92,31.34,1.0,235849.0,0,25
140,2016-07-22,31.07,31.395,30.55,30.84,207527.0,31.07,0.0,31.395,30.55,30.84,1.0,207527.0,4,22
141,2016-07-21,30.91,32.0847,30.79,31.89,229424.0,30.91,0.0,32.0847,30.79,31.89,1.0,229424.0,3,21
142,2016-07-20,31.77,32.0,31.07,31.36,443477.0,31.77,0.0,32.0,31.07,31.36,1.0,443477.0,2,20
143,2016-07-19,31.18,31.47,31.02,31.33,148593.0,31.18,0.0,31.47,31.02,31.33,1.0,148593.0,1,19
144,2016-07-18,31.45,31.85,31.34,31.42,161515.0,31.45,0.0,31.85,31.34,31.42,1.0,161515.0,0,18
145,2016-07-15,31.32,31.54,30.54,31.0,251624.0,31.32,0.0,31.54,30.54,31.0,1.0,251624.0,4,15
146,2016-07-14,31.07,31.83,30.96,31.65,186866.0,31.07,0.0,31.83,30.96,31.65,1.0,186866.0,3,14
147,2016-07-13,31.48,32.19,31.44,31.86,403477.0,31.48,0.0,32.19,31.44,31.86,1.0,403477.0,2,13
148,2016-07-12,31.81,32.2899,31.73,32.0,172357.0,31.81,0.0,32.2899,31.73,32.0,1.0,172357.0,1,12
149,2016-07-11,31.7,32.0,31.43,31.5,200314.0,31.7,0.0,32.0,31.43,31.5,1.0,200314.0,0,11
150,2016-07-08,31.47,31.59,30.92,31.09,225424.0,31.47,0.0,31.59,30.92,31.09,1.0,225424.0,4,08
151,2016-07-07,30.92,30.9789,30.36,30.65,170873.0,30.92,0.0,30.9789,30.36,30.65,1.0,170873.0,3,07
152,2016-07-06,30.57,31.07,30.415,30.84,343598.0,30.57,0.0,31.07,30.415,30.84,1.0,343598.0,2,06
153,2016-07-05,30.81,31.13,30.5,30.6,235193.0,30.81,0.0,31.13,30.5,30.6,1.0,235193.0,1,05
154,2016-07-01,30.71,30.95,30.31,30.43,282325.0,30.71,0.0,30.95,30.31,30.43,1.0,282325.0,4,01
155,2016-06-30,30.35,30.42,29.79,30.42,307595.0,30.35,0.0,30.42,29.79,30.42,1.0,307595.0,3,30
156,2016-06-29,29.96,30.21,28.72,28.72,370980.0,29.96,0.0,30.21,28.72,28.72,1.0,370980.0,2,29
157,2016-06-28,28.51,28.66,27.77,27.77,386961.0,28.51,0.0,28.66,27.77,27.77,1.0,386961.0,1,28
158,2016-06-27,27.41,27.69,26.79,27.42,489614.0,27.41,0.0,27.69,26.79,27.42,1.0,489614.0,0,27
159,2016-06-24,27.5,27.6,26.31,26.83,2600287.0,27.5,0.0,27.6,26.31,26.83,1.0,2600287.0,4,24
160,2016-06-23,27.9,28.24,27.42,28.09,452604.0,27.9,0.0,28.24,27.42,28.09,1.0,452604.0,3,23
161,2016-06-22,27.78,28.49,27.3,27.63,374676.0,27.78,0.0,28.49,27.3,27.63,1.0,374676.0,2,22
162,2016-06-21,27.48,27.9,27.26,27.76,247938.0,27.48,0.0,27.9,27.26,27.76,1.0,247938.0,1,21
163,2016-06-20,27.76,28.13,27.4,27.51,342695.0,27.76,0.0,28.13,27.4,27.51,1.0,342695.0,0,20
164,2016-06-17,27.21,27.56,26.96,27.48,260883.0,27.21,0.0,27.56,26.96,27.48,1.0,260883.0,4,17
165,2016-06-16,27.5,28.076,27.1,27.87,300395.0,27.5,0.0,28.076,27.1,27.87,1.0,300395.0,3,16
166,2016-06-15,28.04,28.31,27.86,28.25,359445.0,28.04,0.0,28.31,27.86,28.25,1.0,359445.0,2,15
167,2016-06-14,28.15,28.4,27.51,27.53,626323.0,28.15,0.0,28.4,27.51,27.53,1.0,626323.0,1,14
168,2016-06-13,27.75,28.98,27.32,28.72,912017.0,27.75,0.0,28.98,27.32,28.72,1.0,912017.0,0,13
169,2016-06-10,28.89,29.13,28.23,28.92,465416.0,28.89,0.0,29.13,28.23,28.92,1.0,465416.0,4,10
170,2016-06-09,29.14,29.47,28.24,28.48,1735977.0,29.14,0.0,29.47,28.24,28.48,1.0,1735977.0,3,09
171,2016-06-08,27.95,28.04,26.61,27.38,561852.0,27.95,0.0,28.04,26.61,27.38,1.0,561852.0,2,08
172,2016-06-07,27.5,27.6,26.745,26.89,579121.0,27.5,0.0,27.6,26.745,26.89,1.0,579121.0,1,07
173,2016-06-06,27.03,27.13,26.63,26.89,195379.0,27.03,0.0,27.13,26.63,26.89,1.0,195379.0,0,06
174,2016-06-03,26.95,27.745,26.86,27.42,163024.0,26.95,0.0,27.745,26.86,27.42,1.0,163024.0,4,03
175,2016-06-02,27.52,27.69,26.79,27.03,303496.0,27.52,0.0,27.69,26.79,27.03,1.0,303496.0,3,02
176,2016-06-01,27.23,27.85,26.841,27.5,298032.0,27.23,0.0,27.85,26.841,27.5,1.0,298032.0,2,01
177,2016-05-31,27.66,27.69,26.52,26.85,996175.0,27.66,0.0,27.69,26.52,26.85,1.0,996175.0,1,31
178,2016-05-27,26.82,26.86,26.06,26.24,286451.0,26.82,0.0,26.86,26.06,26.24,1.0,286451.0,4,27
179,2016-05-26,26.24,26.4,26.06,26.06,109342.0,26.24,0.0,26.4,26.06,26.06,1.0,109342.0,3,26
180,2016-05-25,26.16,26.24,25.6701,26.02,158164.0,26.16,0.0,26.24,25.6701,26.02,1.0,158164.0,2,25
181,2016-05-24,25.88,25.96,25.41,25.44,324773.0,25.88,0.0,25.96,25.41,25.44,1.0,324773.0,1,24
182,2016-05-23,25.63,26.49,25.63,26.2,163896.0,25.63,0.0,26.49,25.63,26.2,1.0,163896.0,0,23
183,2016-05-20,26.27,26.64,25.73,25.78,131361.0,26.27,0.0,26.64,25.73,25.78,1.0,131361.0,4,20
184,2016-05-19,25.64,26.12,25.29,25.69,422361.0,25.64,0.0,26.12,25.29,25.69,1.0,422361.0,3,19
185,2016-05-18,25.95,26.24,25.2001,25.23,369634.0,25.95,0.0,26.24,25.2001,25.23,1.0,369634.0,2,18
186,2016-05-17,25.35,26.14,25.09,25.89,309654.0,25.35,0.0,26.14,25.09,25.89,1.0,309654.0,1,17
187,2016-05-16,25.89,26.73,25.83,26.41,400130.0,25.89,0.0,26.73,25.83,26.41,1.0,400130.0,0,16
188,2016-05-13,26.42,26.79,26.29,26.45,137042.0,26.42,0.0,26.79,26.29,26.45,1.0,137042.0,4,13
189,2016-05-12,26.5,26.85,26.17,26.6,141014.0,26.5,0.0,26.85,26.17,26.6,1.0,141014.0,3,12
190,2016-05-11,26.51,26.81,25.87,26.0,1115201.0,26.51,0.0,26.81,25.87,26.0,1.0,1115201.0,2,11
191,2016-05-10,26.25,26.45,25.48,25.7,850045.0,26.25,0.0,26.45,25.48,25.7,1.0,850045.0,1,10
192,2016-05-09,25.69,25.92,24.2443,25.19,526034.0,25.69,0.0,25.92,24.2443,25.19,1.0,526034.0,0,09
193,2016-05-06,25.6,25.99,24.97,25.0,607433.0,25.6,0.0,25.99,24.97,25.0,1.0,607433.0,4,06
194,2016-05-05,25.4,25.86,25.18,25.43,576263.0,25.4,0.0,25.86,25.18,25.43,1.0,576263.0,3,05
195,2016-05-04,24.96,26.165,24.0725,24.3,647900.0,24.96,0.0,26.165,24.0725,24.3,1.0,647900.0,2,04
196,2016-05-03,24.41,24.83,24.32,24.57,342234.0,24.41,0.0,24.83,24.32,24.57,1.0,342234.0,1,03
197,2016-05-02,24.86,25.04,24.26,24.7,285219.0,24.86,0.0,25.04,24.26,24.7,1.0,285219.0,0,02
198,2016-04-29,24.72,24.95,24.29,24.72,151646.0,24.72,0.0,24.95,24.29,24.72,1.0,151646.0,4,29
199,2016-04-28,24.68,24.87,24.22,24.22,167077.0,24.68,0.0,24.87,24.22,24.22,1.0,167077.0,3,28
200,2016-04-27,24.35,24.67,23.7214,24.16,252137.0,24.35,0.0,24.67,23.7214,24.16,1.0,252137.0,2,27
201,2016-04-26,24.18,24.51,23.72,24.51,222111.0,24.18,0.0,24.51,23.72,24.51,1.0,222111.0,1,26
202,2016-04-25,24.4,24.425,23.87,24.17,200335.0,24.4,0.0,24.425,23.87,24.17,1.0,200335.0,0,25
203,2016-04-22,24.34,24.61,23.41,23.86,295524.0,24.34,0.0,24.61,23.41,23.86,1.0,295524.0,4,22
204,2016-04-21,23.96,24.21,23.64,23.99,312680.0,23.96,0.0,24.21,23.64,23.99,1.0,312680.0,3,21
205,2016-04-20,23.94,24.01,23.23,23.41,388045.0,23.94,0.0,24.01,23.23,23.41,1.0,388045.0,2,20
206,2016-04-19,23.3,23.43,22.89,22.99,179787.0,23.3,0.0,23.43,22.89,22.99,1.0,179787.0,1,19
207,2016-04-18,22.9,22.97,22.46,22.46,285124.0,22.9,0.0,22.97,22.46,22.46,1.0,285124.0,0,18
208,2016-04-15,22.62,22.79,20.8601,22.23,167430.0,22.62,0.0,22.79,20.8601,22.23,1.0,167430.0,4,15
209,2016-04-14,22.34,22.44,20.9783,21.35,200062.0,22.34,0.0,22.44,20.9783,21.35,1.0,200062.0,3,14
210,2016-04-13,21.4,21.89,21.33,21.35,167957.0,21.4,0.0,21.89,21.33,21.35,1.0,167957.0,2,13
211,2016-04-12,21.28,21.31,20.7,20.97,104102.0,21.28,0.0,21.31,20.7,20.97,1.0,104102.0,1,12
212,2016-04-11,20.93,21.48,20.91,21.26,91249.0,20.93,0.0,21.48,20.91,21.26,1.0,91249.0,0,11
213,2016-04-08,21.13,21.23,20.74,21.21,81780.0,21.13,0.0,21.23,20.74,21.21,1.0,81780.0,4,08
214,2016-04-07,21.01,21.32,20.88,21.11,120015.0,21.01,0.0,21.32,20.88,21.11,1.0,120015.0,3,07
215,2016-04-06,21.24,21.5,20.38,20.5,289955.0,21.24,0.0,21.5,20.38,20.5,1.0,289955.0,2,06
216,2016-04-05,20.52,20.94,20.38,20.65,111587.0,20.52,0.0,20.94,20.38,20.65,1.0,111587.0,1,05
217,2016-04-04,20.8,21.2,19.86,20.06,242102.0,20.8,0.0,21.2,19.86,20.06,1.0,242102.0,0,04
218,2016-04-01,20.02,20.42,19.7,20.11,180144.0,20.02,0.0,20.42,19.7,20.11,1.0,180144.0,4,01
219,2016-03-31,20.27,20.3,19.98,20.1,241659.0,20.27,0.0,20.3,19.98,20.1,1.0,241659.0,3,31
220,2016-03-30,20.15,20.2,19.95,20.05,200022.0,20.15,0.0,20.2,19.95,20.05,1.0,200022.0,2,30
221,2016-03-29,20.0,20.01,19.4,19.77,267526.0,20.0,0.0,20.01,19.4,19.77,1.0,267526.0,1,29
222,2016-03-28,19.76,19.97,19.2,19.82,84288.0,19.76,0.0,19.97,19.2,19.82,1.0,84288.0,0,28
223,2016-03-24,19.7,19.75,19.37,19.38,42783.0,19.7,0.0,19.75,19.37,19.38,1.0,42783.0,3,24
224,2016-03-23,19.59,19.75,19.07,19.59,118532.0,19.59,0.0,19.75,19.07,19.59,1.0,118532.0,2,23
225,2016-03-22,19.58,20.06,19.56,19.85,69930.0,19.58,0.0,20.06,19.56,19.85,1.0,69930.0,1,22
226,2016-03-21,19.88,20.15,19.74,20.0,72755.0,19.88,0.0,20.15,19.74,20.0,1.0,72755.0,0,21
227,2016-03-18,20.0,20.52,19.94,20.09,207542.0,20.0,0.0,20.52,19.94,20.09,1.0,207542.0,4,18
228,2016-03-17,20.11,20.22,19.62,20.22,129167.0,20.11,0.0,20.22,19.62,20.22,1.0,129167.0,3,17
229,2016-03-16,20.16,20.33,19.49,19.52,133039.0,20.16,0.0,20.33,19.49,19.52,1.0,133039.0,2,16
230,2016-03-15,19.59,20.215,19.51,20.11,134980.0,19.59,0.0,20.215,19.51,20.11,1.0,134980.0,1,15
231,2016-03-14,20.28,20.76,20.26,20.5,205033.0,20.28,0.0,20.76,20.26,20.5,1.0,205033.0,0,14
232,2016-03-11,20.67,20.68,19.97,20.33,170875.0,20.67,0.0,20.68,19.97,20.33,1.0,170875.0,4,11
233,2016-03-10,20.18,20.48,20.0,20.18,309629.0,20.18,0.0,20.48,20.0,20.18,1.0,309629.0,3,10
234,2016-03-09,19.98,20.32,19.4,19.49,103596.0,19.98,0.0,20.32,19.4,19.49,1.0,103596.0,2,09
235,2016-03-08,19.59,20.54,19.49,20.54,129913.0,19.59,0.0,20.54,19.49,20.54,1.0,129913.0,1,08
236,2016-03-07,20.63,20.66,19.79,19.79,144819.0,20.63,0.0,20.66,19.79,19.79,1.0,144819.0,0,07
237,2016-03-04,20.03,20.8594,19.95,20.53,199711.0,20.03,0.0,20.8594,19.95,20.53,1.0,199711.0,4,04
238,2016-03-03,20.4,20.64,20.13,20.21,238617.0,20.4,0.0,20.64,20.13,20.21,1.0,238617.0,3,03
239,2016-03-02,20.21,20.25,19.04,19.04,199461.0,20.21,0.0,20.25,19.04,19.04,1.0,199461.0,2,02
240,2016-03-01,19.2,19.45,19.02,19.3,291606.0,19.2,0.0,19.45,19.02,19.3,1.0,291606.0,1,01
241,2016-02-29,19.23,19.6,18.92,19.2,179463.0,19.23,0.0,19.6,18.92,19.2,1.0,179463.0,0,29
242,2016-02-26,19.16,19.38,19.01,19.12,92489.0,19.16,0.0,19.38,19.01,19.12,1.0,92489.0,4,26
243,2016-02-25,19.0,19.52,18.98,19.42,154932.0,19.0,0.0,19.52,18.98,19.42,1.0,154932.0,3,25
244,2016-02-24,19.25,19.29,18.51,18.81,174668.0,19.25,0.0,19.29,18.51,18.81,1.0,174668.0,2,24
245,2016-02-23,19.03,20.185,18.968,19.64,182231.0,19.03,0.0,20.185,18.968,19.64,1.0,182231.0,1,23
246,2016-02-22,19.71,20.29,19.64,20.06,204787.0,19.71,0.0,20.29,19.64,20.06,1.0,204787.0,0,22
247,2016-02-19,19.75,19.91,19.41,19.41,61012.0,19.75,0.0,19.91,19.41,19.41,1.0,61012.0,4,19
248,2016-02-18,19.45,20.01,19.34,19.71,101968.0,19.45,0.0,20.01,19.34,19.71,1.0,101968.0,3,18
249,2016-02-17,19.6,19.69,19.07,19.24,144920.0,19.6,0.0,19.69,19.07,19.24,1.0,144920.0,2,17
250,2016-02-16,19.04,19.63,18.94,19.31,132767.0,19.04,0.0,19.63,18.94,19.31,1.0,132767.0,1,16
251,2016-02-12,19.03,19.88,17.46,17.49,489932.0,19.03,0.0,19.88,17.46,17.49,1.0,489932.0,4,12
252,2016-02-11,17.46,17.82,16.215,17.27,303815.0,17.46,0.0,17.82,16.215,17.27,1.0,303815.0,3,11
253,2016-02-10,17.85,19.73,14.79,19.1,708756.0,17.85,0.0,19.73,14.79,19.1,1.0,708756.0,2,10
254,2016-02-09,15.85,17.05,15.51,16.85,595808.0,15.85,0.0,17.05,15.51,16.85,1.0,595808.0,1,09
255,2016-02-08,16.98,18.06,16.51,17.93,287199.0,16.98,0.0,18.06,16.51,17.93,1.0,287199.0,0,08
256,2016-02-05,18.01,19.79,17.68,19.36,303588.0,18.01,0.0,19.79,17.68,19.36,1.0,303588.0,4,05
257,2016-02-04,19.49,19.94,19.34,19.55,69555.0,19.49,0.0,19.94,19.34,19.55,1.0,69555.0,3,04
258,2016-02-03,19.59,19.93,19.24,19.93,209912.0,19.59,0.0,19.93,19.24,19.93,1.0,209912.0,2,03
259,2016-02-02,19.9,20.32,19.8,20.26,123726.0,19.9,0.0,20.32,19.8,20.26,1.0,123726.0,1,02
260,2016-02-01,20.42,20.7,20.18,20.3,212765.0,20.42,0.0,20.7,20.18,20.3,1.0,212765.0,0,01
261,2016-01-29,20.42,20.74,20.18,20.3,116543.0,20.42,0.0,20.74,20.18,20.3,1.0,116543.0,4,29
262,2016-01-28,20.12,20.864,19.69,20.41,91325.0,20.12,0.0,20.864,19.69,20.41,1.0,91325.0,3,28
263,2016-01-27,20.13,20.88,19.97,20.69,103878.0,20.13,0.0,20.88,19.97,20.69,1.0,103878.0,2,27
264,2016-01-26,20.89,21.05,20.32,20.87,70741.0,20.89,0.0,21.05,20.32,20.87,1.0,70741.0,1,26
265,2016-01-25,20.77,21.34,20.77,20.93,151323.0,20.77,0.0,21.34,20.77,20.93,1.0,151323.0,0,25
266,2016-01-22,21.02,21.34,20.25,20.25,137726.0,21.02,0.0,21.34,20.25,20.25,1.0,137726.0,4,22
267,2016-01-21,19.91,20.42,19.66,20.0,150333.0,19.91,0.0,20.42,19.66,20.0,1.0,150333.0,3,21
268,2016-01-20,19.97,20.2,18.95,19.96,184317.0,19.97,0.0,20.2,18.95,19.96,1.0,184317.0,2,20
269,2016-01-19,20.17,21.45,20.01,21.3,168667.0,20.17,0.0,21.45,20.01,21.3,1.0,168667.0,1,19
270,2016-01-15,21.04,21.11,20.53,20.53,206461.0,21.04,0.0,21.11,20.53,20.53,1.0,206461.0,4,15
271,2016-01-14,21.15,21.55,20.5001,20.81,157888.0,21.15,0.0,21.55,20.5001,20.81,1.0,157888.0,3,14
272,2016-01-13,20.76,22.32,19.9,22.26,339683.0,20.76,0.0,22.32,19.9,22.26,1.0,339683.0,2,13
273,2016-01-12,22.27,22.57,22.08,22.2,141314.0,22.27,0.0,22.57,22.08,22.2,1.0,141314.0,1,12
274,2016-01-11,21.95,22.77,21.71,21.89,254683.0,21.95,0.0,22.77,21.71,21.89,1.0,254683.0,0,11
275,2016-01-08,21.87,22.74,21.86,22.41,182205.0,21.87,0.0,22.74,21.86,22.41,1.0,182205.0,4,08
276,2016-01-07,22.31,23.155,22.14,22.66,248967.0,22.31,0.0,23.155,22.14,22.66,1.0,248967.0,3,07
277,2016-01-06,23.06,23.25,22.15,22.37,344506.0,23.06,0.0,23.25,22.15,22.37,1.0,344506.0,2,06
278,2016-01-05,22.78,23.09,22.45,22.51,195010.0,22.78,0.0,23.09,22.45,22.51,1.0,195010.0,1,05
279,2016-01-04,22.51,22.65,21.71,22.23,413632.0,22.51,0.0,22.65,21.71,22.23,1.0,413632.0,0,04
280,2015-12-31,22.75,22.88,22.3,22.5,180545.0,22.75,0.0,22.88,22.3,22.5,1.0,180545.0,3,31
281,2015-12-30,22.5,22.89,22.48,22.75,62176.0,22.5,0.0,22.89,22.48,22.75,1.0,62176.0,2,30
282,2015-12-29,22.89,22.98,22.42,22.68,86162.0,22.89,0.0,22.98,22.42,22.68,1.0,86162.0,1,29
283,2015-12-28,22.62,22.94,22.35,22.66,127650.0,22.62,0.0,22.94,22.35,22.66,1.0,127650.0,0,28
284,2015-12-24,22.69,22.98,22.58,22.68,54899.0,22.69,0.0,22.98,22.58,22.68,1.0,54899.0,3,24
285,2015-12-23,22.62,22.77,22.41,22.67,236612.0,22.62,0.0,22.77,22.41,22.67,1.0,236612.0,2,23
286,2015-12-22,22.64,22.81,22.05,22.45,106246.0,22.64,0.0,22.81,22.05,22.45,1.0,106246.0,1,22
287,2015-12-21,22.41,22.6,22.09,22.6,83647.0,22.41,0.0,22.6,22.09,22.6,1.0,83647.0,0,21
288,2015-12-18,22.4,23.33,22.36,22.75,176172.0,22.4,0.0,23.33,22.36,22.75,1.0,176172.0,4,18
289,2015-12-17,22.91,23.6899,22.77,23.31,112253.0,22.91,0.0,23.6899,22.77,23.31,1.0,112253.0,3,17
290,2015-12-16,23.35,23.3807,22.85,22.93,58416.0,23.35,0.0,23.3807,22.85,22.93,1.0,58416.0,2,16
291,2015-12-15,22.84,23.32,22.54,22.7,173351.0,22.84,0.0,23.32,22.54,22.7,1.0,173351.0,1,15
292,2015-12-14,22.66,23.09,22.55,22.84,106895.0,22.66,0.0,23.09,22.55,22.84,1.0,106895.0,0,14
293,2015-12-11,22.86,23.67,22.84,23.65,118400.0,22.86,0.0,23.67,22.84,23.65,1.0,118400.0,4,11
294,2015-12-10,23.82,24.08,23.77,23.77,150691.0,23.82,0.0,24.08,23.77,23.77,1.0,150691.0,3,10
295,2015-12-09,23.77,24.53,23.14,24.09,246217.0,23.77,0.0,24.53,23.14,24.09,1.0,246217.0,2,09
296,2015-12-08,24.66,24.73,23.825,24.27,111505.0,24.66,0.0,24.73,23.825,24.27,1.0,111505.0,1,08
297,2015-12-07,24.4,24.83,24.19,24.61,85254.0,24.4,0.0,24.83,24.19,24.61,1.0,85254.0,0,07
298,2015-12-04,24.75,24.89,24.43,24.55,74125.0,24.75,0.0,24.89,24.43,24.55,1.0,74125.0,4,04
299,2015-12-03,24.45,25.55,24.18,25.44,131720.0,24.45,0.0,25.55,24.18,25.44,1.0,131720.0,3,03
300,2015-12-02,25.52,25.56,25.0,25.0,216680.0,25.52,0.0,25.56,25.0,25.0,1.0,216680.0,2,02
301,2015-12-01,25.31,25.44,24.45,24.85,276394.0,25.31,0.0,25.44,24.45,24.85,1.0,276394.0,1,01
302,2015-11-30,24.85,24.85,23.53,23.53,372381.0,24.85,0.0,24.85,23.53,23.53,1.0,372381.0,0,30
303,2015-11-27,24.75,24.82,24.36,24.73,59987.0,24.75,0.0,24.82,24.36,24.73,1.0,59987.0,4,27
304,2015-11-25,24.63,24.77,23.51,23.7,147753.0,24.63,0.0,24.77,23.51,23.7,1.0,147753.0,2,25
305,2015-11-24,23.75,24.95,23.435,24.95,228258.0,23.75,0.0,24.95,23.435,24.95,1.0,228258.0,1,24
306,2015-11-23,24.67,24.75,24.37,24.53,133783.0,24.67,0.0,24.75,24.37,24.53,1.0,133783.0,0,23
307,2015-11-20,24.52,24.69,22.81,24.5,110566.0,24.52,0.0,24.69,22.81,24.5,1.0,110566.0,4,20
308,2015-11-19,24.47,24.48,23.5803,23.85,297503.0,24.47,0.0,24.48,23.5803,23.85,1.0,297503.0,3,19
309,2015-11-18,23.87,23.88,23.0,23.0,86393.0,23.87,0.0,23.88,23.0,23.0,1.0,86393.0,2,18
310,2015-11-17,23.09,23.47,22.8,23.0,136484.0,23.09,0.0,23.47,22.8,23.0,1.0,136484.0,1,17
311,2015-11-16,22.97,22.995,22.51,22.66,145154.0,22.97,0.0,22.995,22.51,22.66,1.0,145154.0,0,16
312,2015-11-13,22.73,23.115,22.58,22.86,188441.0,22.73,0.0,23.115,22.58,22.86,1.0,188441.0,4,13
313,2015-11-12,22.95,23.26,22.81,23.0,418653.0,22.95,0.0,23.26,22.81,23.0,1.0,418653.0,3,12
314,2015-11-11,23.06,23.12,22.43,22.87,217488.0,23.06,0.0,23.12,22.43,22.87,1.0,217488.0,2,11
315,2015-11-10,22.92,23.18,22.49,23.0,190449.0,22.92,0.0,23.18,22.49,23.0,1.0,190449.0,1,10
316,2015-11-09,23.14,23.58,22.795,23.0,592825.0,23.14,0.0,23.58,22.795,23.0,1.0,592825.0,0,09
317,2015-11-06,23.18,23.2,22.27,22.27,251567.0,23.18,0.0,23.2,22.27,22.27,1.0,251567.0,4,06
318,2015-11-05,22.74,23.23,21.84,22.76,414596.0,22.74,0.0,23.23,21.84,22.76,1.0,414596.0,3,05
319,2015-11-04,22.63,24.44,22.03,22.51,768319.0,22.63,0.0,24.44,22.03,22.51,1.0,768319.0,2,04
320,2015-11-03,21.67,23.3,21.56,22.96,357053.0,21.67,0.0,23.3,21.56,22.96,1.0,357053.0,1,03
321,2015-11-02,23.08,23.37,22.09,22.15,286089.0,23.08,0.0,23.37,22.09,22.15,1.0,286089.0,0,02
322,2015-10-30,22.12,22.72,20.21,21.97,228852.0,22.12,0.0,22.72,20.21,21.97,1.0,228852.0,4,30
323,2015-10-29,22.02,22.48,21.79,22.06,231187.0,22.02,0.0,22.48,21.79,22.06,1.0,231187.0,3,29
324,2015-10-28,22.17,22.18,21.45,21.75,195350.0,22.17,0.0,22.18,21.45,21.75,1.0,195350.0,2,28
325,2015-10-27,21.71,22.44,21.53,22.12,117352.0,21.71,0.0,22.44,21.53,22.12,1.0,117352.0,1,27
326,2015-10-26,22.18,22.26,21.45,21.89,286852.0,22.18,0.0,22.26,21.45,21.89,1.0,286852.0,0,26
327,2015-10-23,21.83,22.05,21.65,21.88,160364.0,21.83,0.0,22.05,21.65,21.88,1.0,160364.0,4,23
328,2015-10-22,21.74,21.89,21.304,21.5,125301.0,21.74,0.0,21.89,21.304,21.5,1.0,125301.0,3,22
329,2015-10-21,21.43,21.65,20.72,20.72,136085.0,21.43,0.0,21.65,20.72,20.72,1.0,136085.0,2,21
330,2015-10-20,21.55,21.77,21.075,21.39,279833.0,21.55,0.0,21.77,21.075,21.39,1.0,279833.0,1,20
331,2015-10-19,21.26,21.3901,20.95,21.11,206018.0,21.26,0.0,21.3901,20.95,21.11,1.0,206018.0,0,19
332,2015-10-16,21.3,21.43,20.77,20.9,146245.0,21.3,0.0,21.43,20.77,20.9,1.0,146245.0,4,16
333,2015-10-15,20.88,20.9,19.76,20.1,381156.0,20.88,0.0,20.9,19.76,20.1,1.0,381156.0,3,15
334,2015-10-14,20.03,20.31,19.57,20.07,101008.0,20.03,0.0,20.31,19.57,20.07,1.0,101008.0,2,14
335,2015-10-13,19.98,20.48,19.755,19.91,165338.0,19.98,0.0,20.48,19.755,19.91,1.0,165338.0,1,13
336,2015-10-12,20.07,20.42,19.68,20.33,194933.0,20.07,0.0,20.42,19.68,20.33,1.0,194933.0,0,12
337,2015-10-09,20.24,20.55,19.87,20.11,177148.0,20.24,0.0,20.55,19.87,20.11,1.0,177148.0,4,09
338,2015-10-08,20.13,20.36,19.8,20.14,232442.0,20.13,0.0,20.36,19.8,20.14,1.0,232442.0,3,08
339,2015-10-07,20.0,20.19,19.45,20.19,239737.0,20.0,0.0,20.19,19.45,20.19,1.0,239737.0,2,07
340,2015-10-06,19.91,19.9599,19.35,19.69,224495.0,19.91,0.0,19.9599,19.35,19.69,1.0,224495.0,1,06
341,2015-10-05,19.62,19.68,19.0,19.04,278198.0,19.62,0.0,19.68,19.0,19.04,1.0,278198.0,0,05
342,2015-10-02,18.95,18.98,17.01,17.36,283199.0,18.95,0.0,18.98,17.01,17.36,1.0,283199.0,4,02
343,2015-10-01,17.5,17.69,16.72,17.59,408658.0,17.5,0.0,17.69,16.72,17.59,1.0,408658.0,3,01
344,2015-09-30,17.42,17.73,17.28,17.45,206737.0,17.42,0.0,17.73,17.28,17.45,1.0,206737.0,2,30
345,2015-09-29,17.28,17.69,17.02,17.46,228302.0,17.28,0.0,17.69,17.02,17.46,1.0,228302.0,1,29
346,2015-09-28,17.51,18.155,17.411,18.15,142094.0,17.51,0.0,18.155,17.411,18.15,1.0,142094.0,0,28
347,2015-09-25,18.14,19.09,18.12,19.09,173610.0,18.14,0.0,19.09,18.12,19.09,1.0,173610.0,4,25
348,2015-09-24,18.87,19.1,18.5,19.1,197830.0,18.87,0.0,19.1,18.5,19.1,1.0,197830.0,3,24
349,2015-09-23,19.21,19.35,18.81,19.25,261441.0,19.21,0.0,19.35,18.81,19.25,1.0,261441.0,2,23
350,2015-09-22,19.06,19.74,18.6801,19.73,221109.0,19.06,0.0,19.74,18.6801,19.73,1.0,221109.0,1,22
351,2015-09-21,19.83,20.589,19.58,20.51,203246.0,19.83,0.0,20.589,19.58,20.51,1.0,203246.0,0,21
352,2015-09-18,20.27,20.43,19.5,19.5,201112.0,20.27,0.0,20.43,19.5,19.5,1.0,201112.0,4,18
353,2015-09-17,19.92,20.165,19.5,19.59,253519.0,19.92,0.0,20.165,19.5,19.59,1.0,253519.0,3,17
354,2015-09-16,19.5,19.73,19.31,19.62,135123.0,19.5,0.0,19.73,19.31,19.62,1.0,135123.0,2,16
355,2015-09-15,19.65,19.84,19.49,19.71,169061.0,19.65,0.0,19.84,19.49,19.71,1.0,169061.0,1,15
356,2015-09-14,19.62,19.785,19.12,19.7,214703.0,19.62,0.0,19.785,19.12,19.7,1.0,214703.0,0,14
357,2015-09-11,19.77,19.88,19.58,19.7,224911.0,19.77,0.0,19.88,19.58,19.7,1.0,224911.0,4,11
358,2015-09-10,19.9,19.94,19.41,19.52,147667.0,19.9,0.0,19.94,19.41,19.52,1.0,147667.0,3,10
359,2015-09-09,19.68,19.84,19.4,19.57,207294.0,19.68,0.0,19.84,19.4,19.57,1.0,207294.0,2,09
360,2015-09-08,19.82,20.42,19.45,20.42,317275.0,19.82,0.0,20.42,19.45,20.42,1.0,317275.0,1,08
361,2015-09-04,19.77,20.27,19.65,19.75,220111.0,19.77,0.0,20.27,19.65,19.75,1.0,220111.0,4,04
362,2015-09-03,19.81,20.28,19.39,19.61,342726.0,19.81,0.0,20.28,19.39,19.61,1.0,342726.0,3,03
363,2015-09-02,19.72,20.5921,19.46,20.24,610724.0,19.72,0.0,20.5921,19.46,20.24,1.0,610724.0,2,02
364,2015-09-01,18.9,19.69,18.76,19.36,346241.0,18.9,0.0,19.69,18.76,19.36,1.0,346241.0,1,01
365,2015-08-31,19.75,20.59,19.68,20.48,211222.0,19.75,0.0,20.59,19.68,20.48,1.0,211222.0,0,31
366,2015-08-28,20.55,20.73,19.96,20.16,252490.0,20.55,0.0,20.73,19.96,20.16,1.0,252490.0,4,28
367,2015-08-27,20.14,20.77,19.69,20.72,498115.0,20.14,0.0,20.77,19.69,20.72,1.0,498115.0,3,27
368,2015-08-26,20.34,20.97,19.82,20.97,315515.0,20.34,0.0,20.97,19.82,20.97,1.0,315515.0,2,26
369,2015-08-25,20.46,21.8,20.32,21.73,413103.0,20.46,0.0,21.8,20.32,21.73,1.0,413103.0,1,25
370,2015-08-24,20.98,21.48,20.35,20.52,800677.0,20.98,0.0,21.48,20.35,20.52,1.0,800677.0,0,24
371,2015-08-21,21.95,22.5099,21.63,21.63,406576.0,21.95,0.0,22.5099,21.63,21.63,1.0,406576.0,4,21
372,2015-08-20,22.07,22.425,22.06,22.19,419629.0,22.07,0.0,22.425,22.06,22.19,1.0,419629.0,3,20
373,2015-08-19,22.41,22.75,22.03,22.13,246949.0,22.41,0.0,22.75,22.03,22.13,1.0,246949.0,2,19
374,2015-08-18,22.32,23.1,21.98,22.87,372189.0,22.32,0.0,23.1,21.98,22.87,1.0,372189.0,1,18
375,2015-08-17,22.82,23.16,21.85,22.0,348090.0,22.82,0.0,23.16,21.85,22.0,1.0,348090.0,0,17
376,2015-08-14,22.16,22.25,21.45,21.98,169120.0,22.16,0.0,22.25,21.45,21.98,1.0,169120.0,4,14
377,2015-08-13,21.92,22.48,21.62,21.84,190294.0,21.92,0.0,22.48,21.62,21.84,1.0,190294.0,3,13
378,2015-08-12,21.74,22.18,21.35,22.03,494018.0,21.74,0.0,22.18,21.35,22.03,1.0,494018.0,2,12
379,2015-08-11,22.25,22.32,21.9719,22.32,219483.0,22.25,0.0,22.32,21.9719,22.32,1.0,219483.0,1,11
380,2015-08-10,22.45,22.8,21.95,21.98,333617.0,22.45,0.0,22.8,21.95,21.98,1.0,333617.0,0,10
381,2015-08-07,21.55,22.28,21.14,21.59,297969.0,21.55,0.0,22.28,21.14,21.59,1.0,297969.0,4,07
382,2015-08-06,21.71,24.65,21.59,24.47,645703.0,21.71,0.0,24.65,21.59,24.47,1.0,645703.0,3,06
383,2015-08-05,22.87,25.7,19.56,20.33,1237903.0,22.87,0.0,25.7,19.56,20.33,1.0,1237903.0,2,05
384,2015-08-04,27.4,28.22,27.01,27.93,348852.0,27.4,0.0,28.22,27.01,27.93,1.0,348852.0,1,04
385,2015-08-03,27.84,28.29,27.23,28.29,222035.0,27.84,0.0,28.29,27.23,28.29,1.0,222035.0,0,03
386,2015-07-31,28.0,28.63,27.75,27.77,258373.0,28.0,0.0,28.63,27.75,27.77,1.0,258373.0,4,31
387,2015-07-30,27.75,27.95,26.66,27.03,148564.0,27.75,0.0,27.95,26.66,27.03,1.0,148564.0,3,30
388,2015-07-29,27.01,27.29,26.73,27.23,167216.0,27.01,0.0,27.29,26.73,27.23,1.0,167216.0,2,29
389,2015-07-28,27.03,27.99,26.64,27.99,194619.0,27.03,0.0,27.99,26.64,27.99,1.0,194619.0,1,28
390,2015-07-27,27.2,27.29,26.66,27.06,195871.0,27.2,0.0,27.29,26.66,27.06,1.0,195871.0,0,27
391,2015-07-24,27.06,28.0,27.02,27.39,273751.0,27.06,0.0,28.0,27.02,27.39,1.0,273751.0,4,24
392,2015-07-23,27.39,27.95,27.0,27.58,249812.0,27.39,0.0,27.95,27.0,27.58,1.0,249812.0,3,23
393,2015-07-22,27.0,27.3,26.5,26.92,237634.0,27.0,0.0,27.3,26.5,26.92,1.0,237634.0,2,22
394,2015-07-21,27.14,27.93,26.8947,27.04,145681.0,27.14,0.0,27.93,26.8947,27.04,1.0,145681.0,1,21
395,2015-07-20,27.01,27.5898,25.82,25.97,545481.0,27.01,0.0,27.5898,25.82,25.97,1.0,545481.0,0,20
396,2015-07-17,25.61,25.76,25.01,25.14,162562.0,25.61,0.0,25.76,25.01,25.14,1.0,162562.0,4,17
397,2015-07-16,25.23,26.1,25.0,25.85,255242.0,25.23,0.0,26.1,25.0,25.85,1.0,255242.0,3,16
398,2015-07-15,25.85,25.8699,24.71,25.23,549360.0,25.85,0.0,25.8699,24.71,25.23,1.0,549360.0,2,15
399,2015-07-14,24.83,24.85,23.76,23.81,234815.0,24.83,0.0,24.85,23.76,23.81,1.0,234815.0,1,14
400,2015-07-13,23.91,24.3,23.61,23.82,146265.0,23.91,0.0,24.3,23.61,23.82,1.0,146265.0,0,13
401,2015-07-10,23.88,23.99,23.29,23.49,224532.0,23.88,0.0,23.99,23.29,23.49,1.0,224532.0,4,10
402,2015-07-09,23.27,23.5,23.05,23.38,183845.0,23.27,0.0,23.5,23.05,23.38,1.0,183845.0,3,09
403,2015-07-08,23.19,23.66,22.66,23.26,158663.0,23.19,0.0,23.66,22.66,23.26,1.0,158663.0,2,08
404,2015-07-07,23.6,23.66,22.69,23.14,182570.0,23.6,0.0,23.66,22.69,23.14,1.0,182570.0,1,07
405,2015-07-06,23.16,23.78,23.0,23.13,113343.0,23.16,0.0,23.78,23.0,23.13,1.0,113343.0,0,06
406,2015-07-02,23.28,24.065,23.09,23.49,113550.0,23.28,0.0,24.065,23.09,23.49,1.0,113550.0,3,02
407,2015-07-01,23.58,24.0699,23.29,24.05,165897.0,23.58,0.0,24.0699,23.29,24.05,1.0,165897.0,2,01
408,2015-06-30,23.62,24.192,23.424,23.72,137853.0,23.62,0.0,24.192,23.424,23.72,1.0,137853.0,1,30
409,2015-06-29,23.26,24.2,23.18,23.87,168335.0,23.26,0.0,24.2,23.18,23.87,1.0,168335.0,0,29
410,2015-06-26,24.05,24.74,23.85,24.66,884371.0,24.05,0.0,24.74,23.85,24.66,1.0,884371.0,4,26
411,2015-06-25,24.56,24.71,24.07,24.25,185836.0,24.56,0.0,24.71,24.07,24.25,1.0,185836.0,3,25
412,2015-06-24,24.22,24.83,24.0337,24.69,144151.0,24.22,0.0,24.83,24.0337,24.69,1.0,144151.0,2,24
413,2015-06-23,24.66,24.85,24.34,24.54,197361.0,24.66,0.0,24.85,24.34,24.54,1.0,197361.0,1,23
414,2015-06-22,24.61,25.14,24.46,24.73,249952.0,24.61,0.0,25.14,24.46,24.73,1.0,249952.0,0,22
415,2015-06-19,24.56,24.785,24.25,24.72,212855.0,24.56,0.0,24.785,24.25,24.72,1.0,212855.0,4,19
416,2015-06-18,24.7,24.78,24.1,24.23,288010.0,24.7,0.0,24.78,24.1,24.23,1.0,288010.0,3,18
417,2015-06-17,24.08,24.99,24.03,24.43,217344.0,24.08,0.0,24.99,24.03,24.43,1.0,217344.0,2,17
418,2015-06-16,24.47,25.04,23.29,23.31,335333.0,24.47,0.0,25.04,23.29,23.31,1.0,335333.0,1,16
419,2015-06-15,23.63,24.4,23.44,24.4,355898.0,23.63,0.0,24.4,23.44,24.4,1.0,355898.0,0,15
420,2015-06-12,24.5,24.85,24.1,24.26,152170.0,24.5,0.0,24.85,24.1,24.26,1.0,152170.0,4,12
421,2015-06-11,24.39,25.11,24.34,25.11,133257.0,24.39,0.0,25.11,24.34,25.11,1.0,133257.0,3,11
422,2015-06-10,24.92,25.12,24.62,24.85,158985.0,24.92,0.0,25.12,24.62,24.85,1.0,158985.0,2,10
423,2015-06-09,24.77,24.94,24.44,24.87,164360.0,24.77,0.0,24.94,24.44,24.87,1.0,164360.0,1,09
424,2015-06-08,24.88,25.09,24.88,24.9,149321.0,24.88,0.0,25.09,24.88,24.9,1.0,149321.0,0,08
425,2015-06-05,24.98,25.09,24.68,24.77,128462.0,24.98,0.0,25.09,24.68,24.77,1.0,128462.0,4,05
426,2015-06-04,24.88,25.29,24.72,25.0,167120.0,24.88,0.0,25.29,24.72,25.0,1.0,167120.0,3,04
427,2015-06-03,25.08,25.49,24.96,25.0,273593.0,25.08,0.0,25.49,24.96,25.0,1.0,273593.0,2,03
428,2015-06-02,24.95,25.095,24.53,24.72,256968.0,24.95,0.0,25.095,24.53,24.72,1.0,256968.0,1,02
429,2015-06-01,24.88,25.05,24.29,24.62,262669.0,24.88,0.0,25.05,24.29,24.62,1.0,262669.0,0,01
430,2015-05-29,24.91,25.08,24.56,24.57,190839.0,24.91,0.0,25.08,24.56,24.57,1.0,190839.0,4,29
431,2015-05-28,24.95,25.06,24.61,24.82,181622.0,24.95,0.0,25.06,24.61,24.82,1.0,181622.0,3,28
432,2015-05-27,25.0,25.16,24.052,24.18,287278.0,25.0,0.0,25.16,24.052,24.18,1.0,287278.0,2,27
433,2015-05-26,24.28,24.8,24.11,24.52,287947.0,24.28,0.0,24.8,24.11,24.52,1.0,287947.0,1,26
434,2015-05-22,24.92,25.38,24.85,25.2,144382.0,24.92,0.0,25.38,24.85,25.2,1.0,144382.0,4,22
435,2015-05-21,25.23,25.82,25.23,25.82,240489.0,25.23,0.0,25.82,25.23,25.82,1.0,240489.0,3,21
436,2015-05-20,25.39,25.8,24.58,24.92,751080.0,25.39,0.0,25.8,24.58,24.92,1.0,751080.0,2,20
437,2015-05-19,24.65,25.0,23.72,24.0,527560.0,24.65,0.0,25.0,23.72,24.0,1.0,527560.0,1,19
438,2015-05-18,23.85,23.88,23.33,23.48,192229.0,23.85,0.0,23.88,23.33,23.48,1.0,192229.0,0,18
439,2015-05-15,23.56,23.85,23.17,23.8,194938.0,23.56,0.0,23.85,23.17,23.8,1.0,194938.0,4,15
440,2015-05-14,23.86,23.89,23.6,23.84,100523.0,23.86,0.0,23.89,23.6,23.84,1.0,100523.0,3,14
441,2015-05-13,23.84,23.87,23.44,23.65,165431.0,23.84,0.0,23.87,23.44,23.65,1.0,165431.0,2,13
442,2015-05-12,23.6,23.9,23.29,23.31,364314.0,23.6,0.0,23.9,23.29,23.31,1.0,364314.0,1,12
443,2015-05-11,23.51,23.7899,23.26,23.4,410422.0,23.51,0.0,23.7899,23.26,23.4,1.0,410422.0,0,11
444,2015-05-08,23.75,23.9,23.33,23.55,351128.0,23.75,0.0,23.9,23.33,23.55,1.0,351128.0,4,08
445,2015-05-07,23.52,23.53,22.2201,22.49,458042.0,23.52,0.0,23.53,22.2201,22.49,1.0,458042.0,3,07
446,2015-05-06,22.46,22.54,19.7,19.7,1236642.0,22.46,0.0,22.54,19.7,19.7,1.0,1236642.0,2,06
447,2015-05-05,19.71,20.34,19.48,20.19,184780.0,19.71,0.0,20.34,19.48,20.19,1.0,184780.0,1,05
448,2015-05-04,20.16,20.61,20.03,20.36,112398.0,20.16,0.0,20.61,20.03,20.36,1.0,112398.0,0,04
449,2015-05-01,20.43,20.46,19.3,19.47,151225.0,20.43,0.0,20.46,19.3,19.47,1.0,151225.0,4,01
450,2015-04-30,19.47,20.08,19.33,19.85,132462.0,19.47,0.0,20.08,19.33,19.85,1.0,132462.0,3,30
451,2015-04-29,20.0,20.51,19.81,20.35,88937.0,20.0,0.0,20.51,19.81,20.35,1.0,88937.0,2,29
452,2015-04-28,20.49,20.81,20.14,20.36,85503.0,20.49,0.0,20.81,20.14,20.36,1.0,85503.0,1,28
453,2015-04-27,20.43,20.87,20.28,20.45,141092.0,20.43,0.0,20.87,20.28,20.45,1.0,141092.0,0,27
454,2015-04-24,20.58,20.83,20.44,20.82,85946.0,20.58,0.0,20.83,20.44,20.82,1.0,85946.0,4,24
455,2015-04-23,20.88,21.1,20.69,20.82,109864.0,20.88,0.0,21.1,20.69,20.82,1.0,109864.0,3,23
456,2015-04-22,21.02,21.095,20.52,20.85,124147.0,21.02,0.0,21.095,20.52,20.85,1.0,124147.0,2,22
457,2015-04-21,20.66,20.9,20.45,20.66,133753.0,20.66,0.0,20.9,20.45,20.66,1.0,133753.0,1,21
458,2015-04-20,20.64,20.76,20.28,20.53,196425.0,20.64,0.0,20.76,20.28,20.53,1.0,196425.0,0,20
459,2015-04-17,20.46,20.56,20.0,20.26,221494.0,20.46,0.0,20.56,20.0,20.26,1.0,221494.0,4,17
460,2015-04-16,20.46,20.69,19.87,20.64,315681.0,20.46,0.0,20.69,19.87,20.64,1.0,315681.0,3,16
461,2015-04-15,20.75,21.03,20.62,20.82,124822.0,20.75,0.0,21.03,20.62,20.82,1.0,124822.0,2,15
462,2015-04-14,20.82,20.86,19.64,19.85,340815.0,20.82,0.0,20.86,19.64,19.85,1.0,340815.0,1,14
463,2015-04-13,20.1,20.64,20.07,20.64,153902.0,20.1,0.0,20.64,20.07,20.64,1.0,153902.0,0,13
464,2015-04-10,20.48,20.5,20.0,20.25,182284.0,20.48,0.0,20.5,20.0,20.25,1.0,182284.0,4,10
465,2015-04-09,20.04,20.36,19.28,19.78,1201372.0,20.04,0.0,20.36,19.28,19.78,1.0,1201372.0,3,09
466,2015-04-08,19.76,19.95,19.44,19.78,141703.0,19.76,0.0,19.95,19.44,19.78,1.0,141703.0,2,08
467,2015-04-07,19.45,19.59,19.07,19.24,139196.0,19.45,0.0,19.59,19.07,19.24,1.0,139196.0,1,07
468,2015-04-06,19.34,19.4,18.66,18.92,111095.0,19.34,0.0,19.4,18.66,18.92,1.0,111095.0,0,06
469,2015-04-02,19.1,19.19,18.7,19.05,117316.0,19.1,0.0,19.19,18.7,19.05,1.0,117316.0,3,02
470,2015-04-01,18.97,19.17,18.64,19.17,300708.0,18.97,0.0,19.17,18.64,19.17,1.0,300708.0,2,01
471,2015-03-31,19.16,19.17,18.61,18.8,175527.0,19.16,0.0,19.17,18.61,18.8,1.0,175527.0,1,31
472,2015-03-30,18.79,18.97,18.3201,18.53,169647.0,18.79,0.0,18.97,18.3201,18.53,1.0,169647.0,0,30
473,2015-03-27,18.38,18.625,18.22,18.27,193127.0,18.38,0.0,18.625,18.22,18.27,1.0,193127.0,4,27
474,2015-03-26,18.24,18.61,17.85,18.14,168512.0,18.24,0.0,18.61,17.85,18.14,1.0,168512.0,3,26
475,2015-03-25,18.34,18.68,18.0,18.0,458389.0,18.34,0.0,18.68,18.0,18.0,1.0,458389.0,2,25
476,2015-03-24,18.67,19.14,18.65,18.85,181527.0,18.67,0.0,19.14,18.65,18.85,1.0,181527.0,1,24
477,2015-03-23,18.94,19.21,18.65,19.0,183871.0,18.94,0.0,19.21,18.65,19.0,1.0,183871.0,0,23
478,2015-03-20,18.96,19.14,18.83,19.14,205456.0,18.96,0.0,19.14,18.83,19.14,1.0,205456.0,4,20
479,2015-03-19,19.0,19.21,18.73,18.87,333765.0,19.0,0.0,19.21,18.73,18.87,1.0,333765.0,3,19
480,2015-03-18,19.0,19.86,18.88,19.0,571360.0,19.0,0.0,19.86,18.88,19.0,1.0,571360.0,2,18
481,2015-03-17,17.71,17.83,17.3,17.4,112108.0,17.71,0.0,17.83,17.3,17.4,1.0,112108.0,1,17
482,2015-03-16,17.41,17.8699,17.01,17.81,186533.0,17.41,0.0,17.8699,17.01,17.81,1.0,186533.0,0,16
483,2015-03-13,17.77,18.0,17.5,17.87,124871.0,17.77,0.0,18.0,17.5,17.87,1.0,124871.0,4,13
484,2015-03-12,17.96,18.15,17.33,17.73,152084.0,17.96,0.0,18.15,17.33,17.73,1.0,152084.0,3,12
485,2015-03-11,17.64,17.8,17.43,17.77,435820.0,17.64,0.0,17.8,17.43,17.77,1.0,435820.0,2,11
486,2015-03-10,17.67,18.226,17.51,18.08,368230.0,17.67,0.0,18.226,17.51,18.08,1.0,368230.0,1,10
487,2015-03-09,17.75,18.11,17.63,17.9,78012.0,17.75,0.0,18.11,17.63,17.9,1.0,78012.0,0,09
488,2015-03-06,17.8,18.528,17.79,18.1,105775.0,17.8,0.0,18.528,17.79,18.1,1.0,105775.0,4,06
489,2015-03-05,18.3,18.37,17.3501,17.54,257064.0,18.3,0.0,18.37,17.3501,17.54,1.0,257064.0,3,05
490,2015-03-04,17.47,18.168,17.3,17.7,198719.0,17.47,0.0,18.168,17.3,17.7,1.0,198719.0,2,04
491,2015-03-03,17.67,18.776,17.61,18.25,345380.0,17.67,0.0,18.776,17.61,18.25,1.0,345380.0,1,03
492,2015-03-02,18.23,19.126,18.09,18.38,366605.0,18.23,0.0,19.126,18.09,18.38,1.0,366605.0,0,02
493,2015-02-27,18.33,19.114,18.32,18.58,286676.0,18.33,0.0,19.114,18.32,18.58,1.0,286676.0,4,27
494,2015-02-26,18.63,19.696,18.53,18.91,90502.0,18.63,0.0,19.696,18.53,18.91,1.0,90502.0,3,26
495,2015-02-25,18.91,19.23,18.87,18.92,202963.0,18.91,0.0,19.23,18.87,18.92,1.0,202963.0,2,25
496,2015-02-24,19.02,19.53,18.79,19.13,182048.0,19.02,0.0,19.53,18.79,19.13,1.0,182048.0,1,24
497,2015-02-23,19.21,19.98,19.12,19.65,169696.0,19.21,0.0,19.98,19.12,19.65,1.0,169696.0,0,23
498,2015-02-20,19.65,19.84,19.01,19.23,236530.0,19.65,0.0,19.84,19.01,19.23,1.0,236530.0,4,20
499,2015-02-19,19.22,19.64,18.87,19.0,313130.0,19.22,0.0,19.64,18.87,19.0,1.0,313130.0,3,19
500,2015-02-18,18.86,19.07,18.71,18.71,123468.0,18.86,0.0,19.07,18.71,18.71,1.0,123468.0,2,18
501,2015-02-17,18.71,19.1,18.69,19.1,139471.0,18.71,0.0,19.1,18.69,19.1,1.0,139471.0,1,17
502,2015-02-13,18.84,19.4,18.84,19.0,218047.0,18.84,0.0,19.4,18.84,19.0,1.0,218047.0,4,13
503,2015-02-12,19.1,19.4999,19.07,19.35,178798.0,19.1,0.0,19.4999,19.07,19.35,1.0,178798.0,3,12
504,2015-02-11,19.21,19.906,19.0,19.17,239554.0,19.21,0.0,19.906,19.0,19.17,1.0,239554.0,2,11
505,2015-02-10,18.6,19.25,18.47,18.8,241571.0,18.6,0.0,19.25,18.47,18.8,1.0,241571.0,1,10
506,2015-02-09,18.59,19.45,18.41,19.45,210783.0,18.59,0.0,19.45,18.41,19.45,1.0,210783.0,0,09
507,2015-02-06,19.46,19.89,18.91,19.25,208057.0,19.46,0.0,19.89,18.91,19.25,1.0,208057.0,4,06
508,2015-02-05,19.26,19.48,18.89,19.17,101450.0,19.26,0.0,19.48,18.89,19.17,1.0,101450.0,3,05
509,2015-02-04,19.16,19.45,18.5,18.75,160485.0,19.16,0.0,19.45,18.5,18.75,1.0,160485.0,2,04
510,2015-02-03,18.82,19.82,18.81,19.62,188907.0,18.82,0.0,19.82,18.81,19.62,1.0,188907.0,1,03
511,2015-02-02,18.63,19.96,18.54,19.8,257898.0,18.63,0.0,19.96,18.54,19.8,1.0,257898.0,0,02
512,2015-01-30,19.78,20.26,19.42,19.94,189297.0,19.78,0.0,20.26,19.42,19.94,1.0,189297.0,4,30
513,2015-01-29,20.11,20.34,19.8,20.05,184045.0,20.11,0.0,20.34,19.8,20.05,1.0,184045.0,3,29
514,2015-01-28,19.94,20.77,19.84,20.59,255040.0,19.94,0.0,20.77,19.84,20.59,1.0,255040.0,2,28
515,2015-01-27,20.55,20.85,20.01,20.01,179361.0,20.55,0.0,20.85,20.01,20.01,1.0,179361.0,1,27
516,2015-01-26,20.32,20.66,20.02,20.38,95024.0,20.32,0.0,20.66,20.02,20.38,1.0,95024.0,0,26
517,2015-01-23,20.17,20.38,19.51,19.53,350567.0,20.17,0.0,20.38,19.51,19.53,1.0,350567.0,4,23
518,2015-01-22,19.45,19.85,18.5,18.85,314008.0,19.45,0.0,19.85,18.5,18.85,1.0,314008.0,3,22
519,2015-01-21,18.67,19.47,18.59,19.33,136925.0,18.67,0.0,19.47,18.59,19.33,1.0,136925.0,2,21
520,2015-01-20,19.1,19.17,18.13,19.09,173794.0,19.1,0.0,19.17,18.13,19.09,1.0,173794.0,1,20
521,2015-01-16,18.27,18.92,18.05,18.26,193709.0,18.27,0.0,18.92,18.05,18.26,1.0,193709.0,4,16
522,2015-01-15,18.35,19.16,18.29,18.8,141359.0,18.35,0.0,19.16,18.29,18.8,1.0,141359.0,3,15
523,2015-01-14,18.7,19.05,17.61,18.57,119796.0,18.7,0.0,19.05,17.61,18.57,1.0,119796.0,2,14
524,2015-01-13,18.74,19.75,18.43,19.75,403627.0,18.74,0.0,19.75,18.43,19.75,1.0,403627.0,1,13
525,2015-01-12,19.67,20.35,19.37,20.02,215800.0,19.67,0.0,20.35,19.37,20.02,1.0,215800.0,0,12
526,2015-01-09,20.08,21.41,19.92,21.41,252370.0,20.08,0.0,21.41,19.92,21.41,1.0,252370.0,4,09
527,2015-01-08,21.33,21.7499,21.11,21.53,180336.0,21.33,0.0,21.7499,21.11,21.53,1.0,180336.0,3,08
528,2015-01-07,21.33,21.4,20.305,20.63,203521.0,21.33,0.0,21.4,20.305,20.63,1.0,203521.0,2,07
529,2015-01-06,20.54,20.8,19.83,20.63,167173.0,20.54,0.0,20.8,19.83,20.63,1.0,167173.0,1,06
530,2015-01-05,20.49,21.4,20.44,21.2,133242.0,20.49,0.0,21.4,20.44,21.2,1.0,133242.0,0,05
531,2015-01-02,21.05,21.2,20.65,21.2,81687.0,21.05,0.0,21.2,20.65,21.2,1.0,81687.0,4,02
532,2014-12-31,21.0,21.3,20.78,20.86,95549.0,21.0,0.0,21.3,20.78,20.86,1.0,95549.0,2,31
533,2014-12-30,20.83,21.27,20.72,20.74,87506.0,20.83,0.0,21.27,20.72,20.74,1.0,87506.0,1,30
534,2014-12-29,20.8,21.14,20.43,20.96,380214.0,20.8,0.0,21.14,20.43,20.96,1.0,380214.0,0,29
535,2014-12-26,21.26,21.5,20.89,21.0,79485.0,21.26,0.0,21.5,20.89,21.0,1.0,79485.0,4,26
536,2014-12-24,20.86,21.25,20.75,21.11,47774.0,20.86,0.0,21.25,20.75,21.11,1.0,47774.0,2,24
537,2014-12-23,21.12,21.15,20.45,20.74,85154.0,21.12,0.0,21.15,20.45,20.74,1.0,85154.0,1,23
538,2014-12-22,20.69,21.14,20.39,20.52,69420.0,20.69,0.0,21.14,20.39,20.52,1.0,69420.0,0,22
539,2014-12-19,20.71,20.71,20.23,20.57,104278.0,20.71,0.0,20.71,20.23,20.57,1.0,104278.0,4,19
540,2014-12-18,20.6,20.62,19.92,20.11,205349.0,20.6,0.0,20.62,19.92,20.11,1.0,205349.0,3,18
541,2014-12-17,19.9,20.11,19.25,19.51,246458.0,19.9,0.0,20.11,19.25,19.51,1.0,246458.0,2,17
542,2014-12-16,19.54,20.95,19.49,20.95,233016.0,19.54,0.0,20.95,19.49,20.95,1.0,233016.0,1,16
543,2014-12-15,20.94,21.77,20.6568,21.64,103883.0,20.94,0.0,21.77,20.6568,21.64,1.0,103883.0,0,15
544,2014-12-12,21.59,21.93,21.49,21.7,58303.0,21.59,0.0,21.93,21.49,21.7,1.0,58303.0,4,12
545,2014-12-11,21.91,22.38,21.61,21.61,155222.0,21.91,0.0,22.38,21.61,21.61,1.0,155222.0,3,11
546,2014-12-10,21.88,22.4999,21.67,21.85,325122.0,21.88,0.0,22.4999,21.67,21.85,1.0,325122.0,2,10
547,2014-12-09,21.87,21.92,21.02,21.21,217135.0,21.87,0.0,21.92,21.02,21.21,1.0,217135.0,1,09
548,2014-12-08,21.47,21.83,21.3,21.57,215095.0,21.47,0.0,21.83,21.3,21.57,1.0,215095.0,0,08
549,2014-12-05,21.77,21.95,21.17,21.17,127981.0,21.77,0.0,21.95,21.17,21.17,1.0,127981.0,4,05
550,2014-12-04,21.15,21.33,20.77,21.32,149043.0,21.15,0.0,21.33,20.77,21.32,1.0,149043.0,3,04
551,2014-12-03,21.23,21.5958,20.76,21.03,199341.0,21.23,0.0,21.5958,20.76,21.03,1.0,199341.0,2,03
552,2014-12-02,21.08,21.19,20.45,20.51,139084.0,21.08,0.0,21.19,20.45,20.51,1.0,139084.0,1,02
553,2014-12-01,20.51,21.09,20.17,20.45,157804.0,20.51,0.0,21.09,20.17,20.45,1.0,157804.0,0,01
554,2014-11-28,21.41,21.855,21.34,21.85,68863.0,21.41,0.0,21.855,21.34,21.85,1.0,68863.0,4,28
555,2014-11-26,21.76,22.0,21.33,22.0,1038549.0,21.76,0.0,22.0,21.33,22.0,1.0,1038549.0,2,26
556,2014-11-25,21.98,22.2096,21.5,21.61,322553.0,21.98,0.0,22.2096,21.5,21.61,1.0,322553.0,1,25
557,2014-11-24,21.48,21.6,21.1,21.45,256931.0,21.48,0.0,21.6,21.1,21.45,1.0,256931.0,0,24
558,2014-11-21,21.45,21.78,20.6,20.63,225827.0,21.45,0.0,21.78,20.6,20.63,1.0,225827.0,4,21
559,2014-11-20,20.46,20.48,19.63,19.94,157216.0,20.46,0.0,20.48,19.63,19.94,1.0,157216.0,3,20
560,2014-11-19,19.99,20.045,19.58,19.7,126625.0,19.99,0.0,20.045,19.58,19.7,1.0,126625.0,2,19
561,2014-11-18,19.97,20.09,19.56,19.59,152843.0,19.97,0.0,20.09,19.56,19.59,1.0,152843.0,1,18
562,2014-11-17,19.94,20.68,19.64,20.2,133888.0,19.94,0.0,20.68,19.64,20.2,1.0,133888.0,0,17
563,2014-11-14,20.24,20.66,19.91,20.42,158221.0,20.24,0.0,20.66,19.91,20.42,1.0,158221.0,4,14
564,2014-11-13,20.35,20.78,18.99,19.0,527138.0,20.35,0.0,20.78,18.99,19.0,1.0,527138.0,3,13
565,2014-11-12,18.98,19.11,17.62,17.69,370841.0,18.98,0.0,19.11,17.62,17.69,1.0,370841.0,2,12
566,2014-11-11,17.75,17.76,17.305,17.41,211863.0,17.75,0.0,17.76,17.305,17.41,1.0,211863.0,1,11
567,2014-11-10,17.49,17.65,16.9,16.9,169545.0,17.49,0.0,17.65,16.9,16.9,1.0,169545.0,0,10
568,2014-11-07,17.44,17.5,16.844,17.1,167455.0,17.44,0.0,17.5,16.844,17.1,1.0,167455.0,4,07
569,2014-11-06,17.06,17.62,16.35,17.62,961720.0,17.06,0.0,17.62,16.35,17.62,1.0,961720.0,3,06
570,2014-11-05,17.69,18.0,17.03,17.56,1341509.0,17.69,0.0,18.0,17.03,17.56,1.0,1341509.0,2,05
571,2014-11-04,16.94,17.16,16.82,17.01,228430.0,16.94,0.0,17.16,16.82,17.01,1.0,228430.0,1,04
572,2014-11-03,17.06,17.3479,17.0,17.0,71273.0,17.06,0.0,17.3479,17.0,17.0,1.0,71273.0,0,03
573,2014-10-31,16.99,17.24,16.47,16.96,276317.0,16.99,0.0,17.24,16.47,16.96,1.0,276317.0,4,31
574,2014-10-30,16.58,16.7399,16.15,16.73,115488.0,16.58,0.0,16.7399,16.15,16.73,1.0,115488.0,3,30
575,2014-10-29,16.74,16.97,16.56,16.56,111266.0,16.74,0.0,16.97,16.56,16.56,1.0,111266.0,2,29
576,2014-10-28,16.62,16.645,16.0,16.54,316063.0,16.62,0.0,16.645,16.0,16.54,1.0,316063.0,1,28
577,2014-10-27,16.19,16.3399,16.08,16.3,222520.0,16.19,0.0,16.3399,16.08,16.3,1.0,222520.0,0,27
578,2014-10-24,16.27,16.53,16.2,16.44,103071.0,16.27,0.0,16.53,16.2,16.44,1.0,103071.0,4,24
579,2014-10-23,16.49,17.61,16.36,16.83,129288.0,16.49,0.0,17.61,16.36,16.83,1.0,129288.0,3,23
580,2014-10-22,16.84,17.38,16.76,17.35,130759.0,16.84,0.0,17.38,16.76,17.35,1.0,130759.0,2,22
581,2014-10-21,17.38,17.66,17.0,17.3,119594.0,17.38,0.0,17.66,17.0,17.3,1.0,119594.0,1,21
582,2014-10-20,17.15,17.57,17.02,17.02,121580.0,17.15,0.0,17.57,17.02,17.02,1.0,121580.0,0,20
583,2014-10-17,17.22,17.95,17.1,17.95,90608.0,17.22,0.0,17.95,17.1,17.95,1.0,90608.0,4,17
584,2014-10-16,17.78,17.815,16.6801,16.71,175358.0,17.78,0.0,17.815,16.6801,16.71,1.0,175358.0,3,16
585,2014-10-15,16.64,16.95,16.2,16.2,98451.0,16.64,0.0,16.95,16.2,16.2,1.0,98451.0,2,15
586,2014-10-14,16.48,16.99,16.23,16.46,142207.0,16.48,0.0,16.99,16.23,16.46,1.0,142207.0,1,14
587,2014-10-13,16.5,17.3,16.3,16.53,93939.0,16.5,0.0,17.3,16.3,16.53,1.0,93939.0,0,13
588,2014-10-10,16.52,17.32,16.45,16.71,64125.0,16.52,0.0,17.32,16.45,16.71,1.0,64125.0,4,10
589,2014-10-09,16.83,17.45,16.8,17.41,65891.0,16.83,0.0,17.45,16.8,17.41,1.0,65891.0,3,09
590,2014-10-08,17.41,17.45,16.54,16.85,71571.0,17.41,0.0,17.45,16.54,16.85,1.0,71571.0,2,08
591,2014-10-07,16.8,17.4,16.77,17.4,92203.0,16.8,0.0,17.4,16.77,17.4,1.0,92203.0,1,07
592,2014-10-06,17.5,17.9799,17.01,17.93,91877.0,17.5,0.0,17.9799,17.01,17.93,1.0,91877.0,0,06
593,2014-10-03,17.83,18.33,17.03,17.03,248655.0,17.83,0.0,18.33,17.03,17.03,1.0,248655.0,4,03
594,2014-10-02,16.83,16.95,16.58,16.63,67763.0,16.83,0.0,16.95,16.58,16.63,1.0,67763.0,3,02
595,2014-10-01,16.68,16.82,16.03,16.24,102605.0,16.68,0.0,16.82,16.03,16.24,1.0,102605.0,2,01
596,2014-09-30,16.25,16.95,16.19,16.82,104059.0,16.25,0.0,16.95,16.19,16.82,1.0,104059.0,1,30
597,2014-09-29,16.76,16.89,15.94,15.94,101607.0,16.76,0.0,16.89,15.94,15.94,1.0,101607.0,0,29
598,2014-09-26,16.07,16.44,15.91,16.16,94895.0,16.07,0.0,16.44,15.91,16.16,1.0,94895.0,4,26
599,2014-09-25,16.13,16.64,16.12,16.53,67204.0,16.13,0.0,16.64,16.12,16.53,1.0,67204.0,3,25
600,2014-09-24,16.54,16.83,16.46,16.67,51661.0,16.54,0.0,16.83,16.46,16.67,1.0,51661.0,2,24
601,2014-09-23,16.55,16.85,16.47,16.47,68800.0,16.55,0.0,16.85,16.47,16.47,1.0,68800.0,1,23
602,2014-09-22,16.61,17.35,16.4501,17.35,134000.0,16.61,0.0,17.35,16.4501,17.35,1.0,134000.0,0,22
603,2014-09-19,17.44,17.85,17.32,17.58,107800.0,17.44,0.0,17.85,17.32,17.58,1.0,107800.0,4,19
604,2014-09-18,17.54,17.9,17.43,17.71,48200.0,17.54,0.0,17.9,17.43,17.71,1.0,48200.0,3,18
605,2014-09-17,17.68,17.95,17.372,17.6,108000.0,17.68,0.0,17.95,17.372,17.6,1.0,108000.0,2,17
606,2014-09-16,17.62,17.7,17.2,17.4,119400.0,17.62,0.0,17.7,17.2,17.4,1.0,119400.0,1,16
607,2014-09-15,17.5,17.93,17.195,17.93,166300.0,17.5,0.0,17.93,17.195,17.93,1.0,166300.0,0,15
608,2014-09-12,17.98,18.24,17.4,17.65,256700.0,17.98,0.0,18.24,17.4,17.65,1.0,256700.0,4,12
609,2014-09-11,17.82,17.85,16.4001,16.73,379600.0,17.82,0.0,17.85,16.4001,16.73,1.0,379600.0,3,11
610,2014-09-10,16.84,16.9,16.41,16.9,55100.0,16.84,0.0,16.9,16.41,16.9,1.0,55100.0,2,10
611,2014-09-09,16.87,17.05,16.52,17.0,103100.0,16.87,0.0,17.05,16.52,17.0,1.0,103100.0,1,09
612,2014-09-08,16.89,16.96,16.19,16.75,124100.0,16.89,0.0,16.96,16.19,16.75,1.0,124100.0,0,08
613,2014-09-05,16.2,16.65,16.16,16.45,109900.0,16.2,0.0,16.65,16.16,16.45,1.0,109900.0,4,05
614,2014-09-04,16.56,18.0,16.43,16.75,108200.0,16.56,0.0,18.0,16.43,16.75,1.0,108200.0,3,04
615,2014-09-03,16.7,17.0,16.57,17.0,101800.0,16.7,0.0,17.0,16.57,17.0,1.0,101800.0,2,03
616,2014-09-02,16.63,16.8301,16.33,16.49,171100.0,16.63,0.0,16.8301,16.33,16.49,1.0,171100.0,1,02
617,2014-08-29,16.46,17.02,16.138,16.29,264100.0,16.46,0.0,17.02,16.138,16.29,1.0,264100.0,4,29
618,2014-08-28,16.23,16.655,16.1028,16.35,118200.0,16.23,0.0,16.655,16.1028,16.35,1.0,118200.0,3,28
619,2014-08-27,16.5,16.942,16.44,16.85,82800.0,16.5,0.0,16.942,16.44,16.85,1.0,82800.0,2,27
620,2014-08-26,16.74,16.9,16.69,16.85,135900.0,16.74,0.0,16.9,16.69,16.85,1.0,135900.0,1,26
621,2014-08-25,16.92,17.29,16.8,16.9,88700.0,16.92,0.0,17.29,16.8,16.9,1.0,88700.0,0,25
622,2014-08-22,16.77,17.64,16.65,17.6,131900.0,16.77,0.0,17.64,16.65,17.6,1.0,131900.0,4,22
623,2014-08-21,17.6,17.7,16.7298,16.95,157400.0,17.6,0.0,17.7,16.7298,16.95,1.0,157400.0,3,21
624,2014-08-20,16.9,17.31,16.89,17.31,94400.0,16.9,0.0,17.31,16.89,17.31,1.0,94400.0,2,20
625,2014-08-19,17.45,17.76,17.2,17.62,185500.0,17.45,0.0,17.76,17.2,17.62,1.0,185500.0,1,19
626,2014-08-18,17.49,17.69,16.54,16.8,264600.0,17.49,0.0,17.69,16.54,16.8,1.0,264600.0,0,18
627,2014-08-15,16.74,16.88,16.34,16.79,103100.0,16.74,0.0,16.88,16.34,16.79,1.0,103100.0,4,15
628,2014-08-14,16.71,16.89,16.51,16.89,127500.0,16.71,0.0,16.89,16.51,16.89,1.0,127500.0,3,14
629,2014-08-13,16.79,16.87,15.6,16.2,254300.0,16.79,0.0,16.87,15.6,16.2,1.0,254300.0,2,13
630,2014-08-12,16.2,16.6,16.0101,16.48,95100.0,16.2,0.0,16.6,16.0101,16.48,1.0,95100.0,1,12
631,2014-08-11,16.5,16.798,16.32,16.72,132100.0,16.5,0.0,16.798,16.32,16.72,1.0,132100.0,0,11
632,2014-08-08,16.52,16.7875,16.2,16.74,91000.0,16.52,0.0,16.7875,16.2,16.74,1.0,91000.0,4,08
633,2014-08-07,16.78,17.81,16.13,17.81,472600.0,16.78,0.0,17.81,16.13,17.81,1.0,472600.0,3,07
634,2014-08-06,17.62,18.35,17.11,18.11,250000.0,17.62,0.0,18.35,17.11,18.11,1.0,250000.0,2,06
635,2014-08-05,17.36,17.5612,16.25,16.25,132800.0,17.36,0.0,17.5612,16.25,16.25,1.0,132800.0,1,05
636,2014-08-04,16.33,16.7,16.01,16.31,81500.0,16.33,0.0,16.7,16.01,16.31,1.0,81500.0,0,04
637,2014-08-01,16.15,17.15,16.0,16.93,122300.0,16.15,0.0,17.15,16.0,16.93,1.0,122300.0,4,01
638,2014-07-31,16.95,17.25,16.716,17.25,79500.0,16.95,0.0,17.25,16.716,17.25,1.0,79500.0,3,31
639,2014-07-30,17.47,18.2484,17.34,17.94,64900.0,17.47,0.0,18.2484,17.34,17.94,1.0,64900.0,2,30
640,2014-07-29,17.75,17.96,17.08,17.25,103800.0,17.75,0.0,17.96,17.08,17.25,1.0,103800.0,1,29
641,2014-07-28,17.19,17.638,17.0,17.6,67900.0,17.19,0.0,17.638,17.0,17.6,1.0,67900.0,0,28
642,2014-07-25,17.63,17.91,17.39,17.54,83200.0,17.63,0.0,17.91,17.39,17.54,1.0,83200.0,4,25
643,2014-07-24,17.76,18.0099,17.65,17.77,43800.0,17.76,0.0,18.0099,17.65,17.77,1.0,43800.0,3,24
644,2014-07-23,17.7,18.14,17.53,18.07,66300.0,17.7,0.0,18.14,17.53,18.07,1.0,66300.0,2,23
645,2014-07-22,17.92,18.29,17.5,17.51,116800.0,17.92,0.0,18.29,17.5,17.51,1.0,116800.0,1,22
646,2014-07-21,17.36,17.7,17.31,17.62,131900.0,17.36,0.0,17.7,17.31,17.62,1.0,131900.0,0,21
647,2014-07-18,17.83,18.24,17.6,17.86,87600.0,17.83,0.0,18.24,17.6,17.86,1.0,87600.0,4,18
648,2014-07-17,17.92,18.29,17.75,17.87,143500.0,17.92,0.0,18.29,17.75,17.87,1.0,143500.0,3,17
649,2014-07-16,18.07,18.565,17.91,18.51,115900.0,18.07,0.0,18.565,17.91,18.51,1.0,115900.0,2,16
650,2014-07-15,18.33,19.3,17.91,19.3,172000.0,18.33,0.0,19.3,17.91,19.3,1.0,172000.0,1,15
651,2014-07-14,19.24,19.8294,19.04,19.44,61300.0,19.24,0.0,19.8294,19.04,19.44,1.0,61300.0,0,14
652,2014-07-11,19.1,20.02,19.01,19.1,48400.0,19.1,0.0,20.02,19.01,19.1,1.0,48400.0,4,11
653,2014-07-10,19.17,19.74,19.03,19.37,97500.0,19.17,0.0,19.74,19.03,19.37,1.0,97500.0,3,10
654,2014-07-09,19.93,20.0,19.18,19.42,110700.0,19.93,0.0,20.0,19.18,19.42,1.0,110700.0,2,09
655,2014-07-08,19.31,20.0,18.75,20.0,143600.0,19.31,0.0,20.0,18.75,20.0,1.0,143600.0,1,08
656,2014-07-07,20.0,20.2225,19.91,20.01,107100.0,20.0,0.0,20.2225,19.91,20.01,1.0,107100.0,0,07
657,2014-07-03,20.09,20.1995,19.81,20.12,48600.0,20.09,0.0,20.1995,19.81,20.12,1.0,48600.0,3,03
658,2014-07-02,19.91,20.47,19.81,20.14,74900.0,19.91,0.0,20.47,19.81,20.14,1.0,74900.0,2,02
659,2014-07-01,20.23,20.5,20.0,20.0,104400.0,20.23,0.0,20.5,20.0,20.0,1.0,104400.0,1,01
660,2014-06-30,19.84,20.89,19.78,20.0,220300.0,19.84,0.0,20.89,19.78,20.0,1.0,220300.0,0,30
661,2014-06-27,19.99,20.49,19.802,19.99,878000.0,19.99,0.0,20.49,19.802,19.99,1.0,878000.0,4,27
662,2014-06-26,20.05,20.74,19.6,20.15,207400.0,20.05,0.0,20.74,19.6,20.15,1.0,207400.0,3,26
663,2014-06-25,20.06,20.5,19.2202,19.79,423500.0,20.06,0.0,20.5,19.2202,19.79,1.0,423500.0,2,25
664,2014-06-24,20.04,20.31,18.5,18.65,1078800.0,20.04,0.0,20.31,18.5,18.65,1.0,1078800.0,1,24
665,2014-06-23,17.77,17.83,16.89,17.62,162900.0,17.77,0.0,17.83,16.89,17.62,1.0,162900.0,0,23
666,2014-06-20,17.54,17.7,17.0,17.59,197300.0,17.54,0.0,17.7,17.0,17.59,1.0,197300.0,4,20
667,2014-06-19,17.62,17.97,17.34,17.79,79900.0,17.62,0.0,17.97,17.34,17.79,1.0,79900.0,3,19
668,2014-06-18,17.76,17.94,17.5,17.56,80300.0,17.76,0.0,17.94,17.5,17.56,1.0,80300.0,2,18
669,2014-06-17,17.63,18.0,17.5,17.51,92600.0,17.63,0.0,18.0,17.5,17.51,1.0,92600.0,1,17
670,2014-06-16,17.59,18.1,17.43,17.84,143800.0,17.59,0.0,18.1,17.43,17.84,1.0,143800.0,0,16
671,2014-06-13,17.93,18.08,17.41,17.86,108000.0,17.93,0.0,18.08,17.41,17.86,1.0,108000.0,4,13
672,2014-06-12,17.76,18.052,17.54,17.71,129300.0,17.76,0.0,18.052,17.54,17.71,1.0,129300.0,3,12
673,2014-06-11,17.83,18.056,17.63,17.82,104900.0,17.83,0.0,18.056,17.63,17.82,1.0,104900.0,2,11
674,2014-06-10,18.03,18.26,16.99,17.46,133800.0,18.03,0.0,18.26,16.99,17.46,1.0,133800.0,1,10
675,2014-06-09,17.49,17.59,16.84,16.98,161100.0,17.49,0.0,17.59,16.84,16.98,1.0,161100.0,0,09
676,2014-06-06,17.01,17.23,16.485,16.75,152700.0,17.01,0.0,17.23,16.485,16.75,1.0,152700.0,4,06
677,2014-06-05,16.7,16.78,16.2,16.59,168000.0,16.7,0.0,16.78,16.2,16.59,1.0,168000.0,3,05
678,2014-06-04,16.55,16.94,16.1801,16.39,136200.0,16.55,0.0,16.94,16.1801,16.39,1.0,136200.0,2,04
679,2014-06-03,16.59,17.41,16.28,17.4,326900.0,16.59,0.0,17.41,16.28,17.4,1.0,326900.0,1,03
680,2014-06-02,17.7,18.086,16.75,17.74,129600.0,17.7,0.0,18.086,16.75,17.74,1.0,129600.0,0,02
681,2014-05-30,17.86,18.1699,17.27,17.93,148700.0,17.86,0.0,18.1699,17.27,17.93,1.0,148700.0,4,30
682,2014-05-29,17.88,18.0,17.25,17.86,182600.0,17.88,0.0,18.0,17.25,17.86,1.0,182600.0,3,29
683,2014-05-28,17.84,17.87,16.5,16.5,153900.0,17.84,0.0,17.87,16.5,16.5,1.0,153900.0,2,28
684,2014-05-27,16.65,17.09,15.67,15.98,577600.0,16.65,0.0,17.09,15.67,15.98,1.0,577600.0,1,27
685,2014-05-23,15.43,16.14,15.24,15.8,289800.0,15.43,0.0,16.14,15.24,15.8,1.0,289800.0,4,23
686,2014-05-22,15.93,16.18,15.38,15.68,260400.0,15.93,0.0,16.18,15.38,15.68,1.0,260400.0,3,22
687,2014-05-21,15.57,15.92,15.33,15.64,148300.0,15.57,0.0,15.92,15.33,15.64,1.0,148300.0,2,21
688,2014-05-20,15.62,16.17,15.455,16.17,228700.0,15.62,0.0,16.17,15.455,16.17,1.0,228700.0,1,20
689,2014-05-19,15.95,16.19,15.7,16.19,267400.0,15.95,0.0,16.19,15.7,16.19,1.0,267400.0,0,19
690,2014-05-16,15.43,15.44,14.28,14.7,284000.0,15.43,0.0,15.44,14.28,14.7,1.0,284000.0,4,16
691,2014-05-15,14.76,16.38,14.7,16.2,368000.0,14.76,0.0,16.38,14.7,16.2,1.0,368000.0,3,15
692,2014-05-14,16.22,17.29,16.22,16.9,275700.0,16.22,0.0,17.29,16.22,16.9,1.0,275700.0,2,14
693,2014-05-13,16.84,19.2,16.5,18.99,578700.0,16.84,0.0,19.2,16.5,18.99,1.0,578700.0,1,13
694,2014-05-12,17.43,17.8499,16.9,17.69,341100.0,17.43,0.0,17.8499,16.9,17.69,1.0,341100.0,0,12
695,2014-05-09,16.52,17.3299,16.224,17.19,304600.0,16.52,0.0,17.3299,16.224,17.19,1.0,304600.0,4,09
696,2014-05-08,17.24,19.3,17.08,18.48,384400.0,17.24,0.0,19.3,17.08,18.48,1.0,384400.0,3,08
697,2014-05-07,18.44,19.27,17.94,19.27,606300.0,18.44,0.0,19.27,17.94,19.27,1.0,606300.0,2,07
698,2014-05-06,19.26,19.866,19.2,19.65,183100.0,19.26,0.0,19.866,19.2,19.65,1.0,183100.0,1,06
699,2014-05-05,19.84,20.08,19.61,19.78,123600.0,19.84,0.0,20.08,19.61,19.78,1.0,123600.0,0,05
700,2014-05-02,19.91,20.3399,19.83,20.23,116500.0,19.91,0.0,20.3399,19.83,20.23,1.0,116500.0,4,02
701,2014-05-01,20.24,21.25,20.0,20.5,71800.0,20.24,0.0,21.25,20.0,20.5,1.0,71800.0,3,01
702,2014-04-30,20.49,20.72,19.47,19.89,577500.0,20.49,0.0,20.72,19.47,19.89,1.0,577500.0,2,30
703,2014-04-29,19.88,20.09,19.25,20.09,131800.0,19.88,0.0,20.09,19.25,20.09,1.0,131800.0,1,29
704,2014-04-28,19.94,21.408,19.0,20.65,297600.0,19.94,0.0,21.408,19.0,20.65,1.0,297600.0,0,28
705,2014-04-25,20.52,21.7399,20.5,21.04,183100.0,20.52,0.0,21.7399,20.5,21.04,1.0,183100.0,4,25
706,2014-04-24,21.15,22.1,20.96,22.03,237300.0,21.15,0.0,22.1,20.96,22.03,1.0,237300.0,3,24
707,2014-04-23,21.82,22.06,21.4,22.06,70300.0,21.82,0.0,22.06,21.4,22.06,1.0,70300.0,2,23
708,2014-04-22,22.0,22.265,21.05,21.39,141500.0,22.0,0.0,22.265,21.05,21.39,1.0,141500.0,1,22
709,2014-04-21,21.29,21.74,20.6701,21.51,217200.0,21.29,0.0,21.74,20.6701,21.51,1.0,217200.0,0,21
710,2014-04-17,21.45,21.82,21.1001,21.25,111400.0,21.45,0.0,21.82,21.1001,21.25,1.0,111400.0,3,17
711,2014-04-16,21.25,21.44,20.53,21.32,132700.0,21.25,0.0,21.44,20.53,21.32,1.0,132700.0,2,16
712,2014-04-15,21.21,21.29,20.3515,21.17,256600.0,21.21,0.0,21.29,20.3515,21.17,1.0,256600.0,1,15
713,2014-04-14,21.0,21.72,20.52,21.69,200800.0,21.0,0.0,21.72,20.52,21.69,1.0,200800.0,0,14
714,2014-04-11,21.37,22.68,21.0,22.36,284400.0,21.37,0.0,22.68,21.0,22.36,1.0,284400.0,4,11
715,2014-04-10,22.55,23.0,22.0,22.29,355500.0,22.55,0.0,23.0,22.0,22.29,1.0,355500.0,3,10
716,2014-04-09,22.75,23.11,21.0,21.27,252800.0,22.75,0.0,23.11,21.0,21.27,1.0,252800.0,2,09
717,2014-04-08,21.1,21.68,20.74,20.74,148200.0,21.1,0.0,21.68,20.74,20.74,1.0,148200.0,1,08
718,2014-04-07,21.01,21.5,20.5601,21.5,109500.0,21.01,0.0,21.5,20.5601,21.5,1.0,109500.0,0,07
719,2014-04-04,21.44,23.13,21.3,22.65,244300.0,21.44,0.0,23.13,21.3,22.65,1.0,244300.0,4,04
720,2014-04-03,22.79,22.82,21.28,22.57,290800.0,22.79,0.0,22.82,21.28,22.57,1.0,290800.0,3,03
721,2014-04-02,22.5,23.07,21.95,23.07,131300.0,22.5,0.0,23.07,21.95,23.07,1.0,131300.0,2,02
722,2014-04-01,22.61,23.83,22.33,23.49,204300.0,22.61,0.0,23.83,22.33,23.49,1.0,204300.0,1,01
723,2014-03-31,22.97,23.9,21.85,22.66,321400.0,22.97,0.0,23.9,21.85,22.66,1.0,321400.0,0,31
724,2014-03-28,21.02,21.4699,20.0,20.3,198400.0,21.02,0.0,21.4699,20.0,20.3,1.0,198400.0,4,28
725,2014-03-27,20.2,22.45,19.9101,22.45,430800.0,20.2,0.0,22.45,19.9101,22.45,1.0,430800.0,3,27
726,2014-03-26,22.41,23.68,22.21,23.62,157300.0,22.41,0.0,23.68,22.21,23.62,1.0,157300.0,2,26
727,2014-03-25,23.5,23.78,23.21,23.45,210800.0,23.5,0.0,23.78,23.21,23.45,1.0,210800.0,1,25
728,2014-03-24,23.21,25.9,22.71,25.68,331400.0,23.21,0.0,25.9,22.71,25.68,1.0,331400.0,0,24
729,2014-03-21,25.68,26.9,25.32,26.56,194200.0,25.68,0.0,26.9,25.32,26.56,1.0,194200.0,4,21
730,2014-03-20,26.56,27.01,25.72,26.49,98100.0,26.56,0.0,27.01,25.72,26.49,1.0,98100.0,3,20
731,2014-03-19,26.63,27.28,26.24,26.78,97500.0,26.63,0.0,27.28,26.24,26.78,1.0,97500.0,2,19
732,2014-03-18,26.8,27.39,26.15,26.96,108500.0,26.8,0.0,27.39,26.15,26.96,1.0,108500.0,1,18
733,2014-03-17,26.78,27.89,26.01,26.81,95300.0,26.78,0.0,27.89,26.01,26.81,1.0,95300.0,0,17
734,2014-03-14,26.4,26.7,25.66,26.04,63000.0,26.4,0.0,26.7,25.66,26.04,1.0,63000.0,4,14
735,2014-03-13,26.35,27.779,26.09,27.73,125400.0,26.35,0.0,27.779,26.09,27.73,1.0,125400.0,3,13
736,2014-03-12,27.35,27.36,25.5,26.44,78700.0,27.35,0.0,27.36,25.5,26.44,1.0,78700.0,2,12
737,2014-03-11,26.55,27.92,26.26,26.85,113400.0,26.55,0.0,27.92,26.26,26.85,1.0,113400.0,1,11
738,2014-03-10,26.87,28.21,26.4101,28.2,193600.0,26.87,0.0,28.21,26.4101,28.2,1.0,193600.0,0,10
739,2014-03-07,28.16,29.92,27.18,29.68,356900.0,28.16,0.0,29.92,27.18,29.68,1.0,356900.0,4,07
740,2014-03-06,29.65,29.7713,28.8,29.0,55400.0,29.65,0.0,29.7713,28.8,29.0,1.0,55400.0,3,06
741,2014-03-05,29.22,30.4,29.02,30.4,133700.0,29.22,0.0,30.4,29.02,30.4,1.0,133700.0,2,05
742,2014-03-04,30.34,31.12,29.79,30.09,102600.0,30.34,0.0,31.12,29.79,30.09,1.0,102600.0,1,04
743,2014-03-03,29.89,30.625,29.02,30.24,137700.0,29.89,0.0,30.625,29.02,30.24,1.0,137700.0,0,03
744,2014-02-28,30.9,32.37,30.11,31.44,263900.0,30.9,0.0,32.37,30.11,31.44,1.0,263900.0,4,28
745,2014-02-27,31.32,31.9,31.06,31.8,129500.0,31.32,0.0,31.9,31.06,31.8,1.0,129500.0,3,27
746,2014-02-26,31.21,32.3997,30.605,31.22,108100.0,31.21,0.0,32.3997,30.605,31.22,1.0,108100.0,2,26
747,2014-02-25,31.23,32.69,29.22,29.27,250500.0,31.23,0.0,32.69,29.22,29.27,1.0,250500.0,1,25
748,2014-02-24,29.12,29.75,29.05,29.37,60300.0,29.12,0.0,29.75,29.05,29.37,1.0,60300.0,0,24
749,2014-02-21,29.35,29.92,28.7,29.0,84800.0,29.35,0.0,29.92,28.7,29.0,1.0,84800.0,4,21
750,2014-02-20,28.98,29.83,27.9999,28.0,128100.0,28.98,0.0,29.83,27.9999,28.0,1.0,128100.0,3,20
751,2014-02-19,27.94,28.6,27.15,28.05,118100.0,27.94,0.0,28.6,27.15,28.05,1.0,118100.0,2,19
752,2014-02-18,28.28,28.99,27.57,28.85,106500.0,28.28,0.0,28.99,27.57,28.85,1.0,106500.0,1,18
753,2014-02-14,29.04,29.84,28.8216,29.33,78400.0,29.04,0.0,29.84,28.8216,29.33,1.0,78400.0,4,14
754,2014-02-13,29.45,30.8,29.36,29.95,220800.0,29.45,0.0,30.8,29.36,29.95,1.0,220800.0,3,13
755,2014-02-12,29.81,31.4,28.87,29.62,550600.0,29.81,0.0,31.4,28.87,29.62,1.0,550600.0,2,12
756,2014-02-11,29.77,29.88,28.21,28.6,150300.0,29.77,0.0,29.88,28.21,28.6,1.0,150300.0,1,11
757,2014-02-10,28.51,29.2499,27.64,28.3,74700.0,28.51,0.0,29.2499,27.64,28.3,1.0,74700.0,0,10
758,2014-02-07,28.14,29.49,25.77,25.77,263700.0,28.14,0.0,29.49,25.77,25.77,1.0,263700.0,4,07
759,2014-02-06,25.58,25.85,25.21,25.49,83400.0,25.58,0.0,25.85,25.21,25.49,1.0,83400.0,3,06
760,2014-02-05,25.29,26.46,25.12,26.46,119000.0,25.29,0.0,26.46,25.12,26.46,1.0,119000.0,2,05
761,2014-02-04,26.22,27.93,26.11,27.04,57900.0,26.22,0.0,27.93,26.11,27.04,1.0,57900.0,1,04
762,2014-02-03,27.01,29.0,25.61,29.0,161100.0,27.01,0.0,29.0,25.61,29.0,1.0,161100.0,0,03
763,2014-01-31,28.66,29.1499,27.034,27.53,76900.0,28.66,0.0,29.1499,27.034,27.53,1.0,76900.0,4,31
764,2014-01-30,27.91,28.5,27.17,27.17,66800.0,27.91,0.0,28.5,27.17,27.17,1.0,66800.0,3,30
765,2014-01-29,26.99,27.63,26.85,27.63,74300.0,26.99,0.0,27.63,26.85,27.63,1.0,74300.0,2,29
766,2014-01-28,27.55,28.0,26.9575,27.0,103400.0,27.55,0.0,28.0,26.9575,27.0,1.0,103400.0,1,28
767,2014-01-27,27.09,28.0,26.8,27.79,90900.0,27.09,0.0,28.0,26.8,27.79,1.0,90900.0,0,27
768,2014-01-24,28.33,30.1,27.4,29.7,180300.0,28.33,0.0,30.1,27.4,29.7,1.0,180300.0,4,24
769,2014-01-23,30.07,30.25,28.62,29.5,94800.0,30.07,0.0,30.25,28.62,29.5,1.0,94800.0,3,23
770,2014-01-22,29.5,30.25,28.7,28.85,217700.0,29.5,0.0,30.25,28.7,28.85,1.0,217700.0,2,22
771,2014-01-21,28.85,28.8503,27.21,28.45,106400.0,28.85,0.0,28.8503,27.21,28.45,1.0,106400.0,1,21
772,2014-01-17,28.45,28.49,27.2,27.67,103000.0,28.45,0.0,28.49,27.2,27.67,1.0,103000.0,4,17
773,2014-01-16,27.58,27.9,27.33,27.43,95600.0,27.58,0.0,27.9,27.33,27.43,1.0,95600.0,3,16
774,2014-01-15,27.43,27.45,26.59,27.35,128200.0,27.43,0.0,27.45,26.59,27.35,1.0,128200.0,2,15
775,2014-01-14,27.39,27.45,26.69,26.75,128200.0,27.39,0.0,27.45,26.69,26.75,1.0,128200.0,1,14
776,2014-01-13,26.89,26.9,26.01,26.26,131400.0,26.89,0.0,26.9,26.01,26.26,1.0,131400.0,0,13
777,2014-01-10,26.45,26.5,25.8,26.39,81200.0,26.45,0.0,26.5,25.8,26.39,1.0,81200.0,4,10
778,2014-01-09,26.06,26.5,24.32,24.32,424300.0,26.06,0.0,26.5,24.32,24.32,1.0,424300.0,3,09
779,2014-01-08,24.3,24.4,23.7107,24.24,388200.0,24.3,0.0,24.4,23.7107,24.24,1.0,388200.0,2,08
780,2014-01-07,24.05,25.5,24.0,24.95,108300.0,24.05,0.0,25.5,24.0,24.95,1.0,108300.0,1,07
781,2014-01-06,24.43,25.5,24.0,25.1,111100.0,24.43,0.0,25.5,24.0,25.1,1.0,111100.0,0,06
782,2014-01-03,25.03,26.52,24.75,25.89,144400.0,25.03,0.0,26.52,24.75,25.89,1.0,144400.0,4,03
783,2014-01-02,25.78,26.58,25.034,26.58,156400.0,25.78,0.0,26.58,25.034,26.58,1.0,156400.0,3,02
784,2013-12-31,26.85,27.99,26.551,27.69,138700.0,26.85,0.0,27.99,26.551,27.69,1.0,138700.0,1,31
785,2013-12-30,27.77,28.17,27.15,28.16,140200.0,27.77,0.0,28.17,27.15,28.16,1.0,140200.0,0,30
786,2013-12-27,28.16,28.85,27.51,28.36,102300.0,28.16,0.0,28.85,27.51,28.36,1.0,102300.0,4,27
787,2013-12-26,28.49,28.89,27.5,28.34,159700.0,28.49,0.0,28.89,27.5,28.34,1.0,159700.0,3,26
788,2013-12-24,27.82,28.4853,26.5001,27.85,96200.0,27.82,0.0,28.4853,26.5001,27.85,1.0,96200.0,1,24
789,2013-12-23,27.74,28.8,27.25,27.85,217300.0,27.74,0.0,28.8,27.25,27.85,1.0,217300.0,0,23
790,2013-12-20,27.96,28.0,24.25,26.79,1600900.0,27.96,0.0,28.0,24.25,26.79,1.0,1600900.0,4,20
791,2013-12-19,26.87,28.319,26.6,27.6,188600.0,26.87,0.0,28.319,26.6,27.6,1.0,188600.0,3,19
792,2013-12-18,27.92,28.37,26.52,27.84,252000.0,27.92,0.0,28.37,26.52,27.84,1.0,252000.0,2,18
793,2013-12-17,27.62,28.379,25.51,26.0,507200.0,27.62,0.0,28.379,25.51,26.0,1.0,507200.0,1,17
794,2013-12-16,25.91,26.0,24.94,25.49,426800.0,25.91,0.0,26.0,24.94,25.49,1.0,426800.0,0,16
795,2013-12-13,24.23,24.64,22.0,23.94,280000.0,24.23,0.0,24.64,22.0,23.94,1.0,280000.0,4,13
796,2013-12-12,23.96,25.4,23.91,25.0,282900.0,23.96,0.0,25.4,23.91,25.0,1.0,282900.0,3,12
797,2013-12-11,24.99,26.49,24.69,25.7,245900.0,24.99,0.0,26.49,24.69,25.7,1.0,245900.0,2,11
798,2013-12-10,25.19,25.54,24.3301,24.75,224700.0,25.19,0.0,25.54,24.3301,24.75,1.0,224700.0,1,10
799,2013-12-09,24.64,25.489,23.0,23.5,518900.0,24.64,0.0,25.489,23.0,23.5,1.0,518900.0,0,09
800,2013-12-06,23.89,24.1799,22.0,22.99,238700.0,23.89,0.0,24.1799,22.0,22.99,1.0,238700.0,4,06
801,2013-12-05,21.93,22.79,20.5,22.41,169100.0,21.93,0.0,22.79,20.5,22.41,1.0,169100.0,3,05
802,2013-12-04,21.03,22.45,20.71,21.75,163600.0,21.03,0.0,22.45,20.71,21.75,1.0,163600.0,2,04
803,2013-12-03,22.07,23.5,21.73,23.5,241000.0,22.07,0.0,23.5,21.73,23.5,1.0,241000.0,1,03
804,2013-12-02,22.94,22.99,20.78,20.9,336000.0,22.94,0.0,22.99,20.78,20.9,1.0,336000.0,0,02
805,2013-11-29,20.5,20.53,19.34,19.34,111100.0,20.5,0.0,20.53,19.34,19.34,1.0,111100.0,4,29
806,2013-11-27,19.53,20.0,18.26,18.26,442300.0,19.53,0.0,20.0,18.26,18.26,1.0,442300.0,2,27
807,2013-11-26,18.21,18.32,18.0,18.0,70000.0,18.21,0.0,18.32,18.0,18.0,1.0,70000.0,1,26
808,2013-11-25,18.3,18.4,18.2001,18.4,34600.0,18.3,0.0,18.4,18.2001,18.4,1.0,34600.0,0,25
809,2013-11-22,18.17,18.3,18.09,18.3,19700.0,18.17,0.0,18.3,18.09,18.3,1.0,19700.0,4,22
810,2013-11-21,18.3,18.41,18.0001,18.4,99100.0,18.3,0.0,18.41,18.0001,18.4,1.0,99100.0,3,21
811,2013-11-20,18.41,18.5,17.5,18.0,84400.0,18.41,0.0,18.5,17.5,18.0,1.0,84400.0,2,20
812,2013-11-19,18.11,18.89,17.9,18.21,114900.0,18.11,0.0,18.89,17.9,18.21,1.0,114900.0,1,19
813,2013-11-18,18.74,18.88,17.9,18.0,226300.0,18.74,0.0,18.88,17.9,18.0,1.0,226300.0,0,18
814,2013-11-15,17.66,17.8,17.26,17.56,126900.0,17.66,0.0,17.8,17.26,17.56,1.0,126900.0,4,15
815,2013-11-14,17.34,17.5,17.0101,17.5,64400.0,17.34,0.0,17.5,17.0101,17.5,1.0,64400.0,3,14
816,2013-11-13,17.27,17.5,16.75,17.48,365200.0,17.27,0.0,17.5,16.75,17.48,1.0,365200.0,2,13
817,2013-11-12,17.55,18.77,17.4,18.77,155200.0,17.55,0.0,18.77,17.4,18.77,1.0,155200.0,1,12
818,2013-11-11,17.94,18.77,17.4,17.68,437300.0,17.94,0.0,18.77,17.4,17.68,1.0,437300.0,0,11
819,2013-11-08,17.3,18.09,16.58,16.59,526700.0,17.3,0.0,18.09,16.58,16.59,1.0,526700.0,4,08
820,2013-11-07,16.56,16.86,16.45,16.64,586400.0,16.56,0.0,16.86,16.45,16.64,1.0,586400.0,3,07
821,2013-11-06,16.31,18.9,16.19,18.5,11103600.0,16.31,0.0,18.9,16.19,18.5,1.0,11103600.0,2,06
