,Unnamed: 0,adj_close,adj_high,adj_low,adj_open,adj_volume,close,ex_dividend,high,low,open,split_ratio,volume,Day of Week,Day
0,2017-02-10,8.1,8.1,7.95,8.0,51927.0,8.1,0.0,8.1,7.95,8.0,1.0,51927.0,4,10
1,2017-02-09,8.025,8.15,8.0,8.15,58968.0,8.025,0.0,8.15,8.0,8.15,1.0,58968.0,3,09
2,2017-02-08,8.2,8.2,7.85,8.15,29005.0,8.2,0.0,8.2,7.85,8.15,1.0,29005.0,2,08
3,2017-02-07,8.15,8.25,8.05,8.25,25449.0,8.15,0.0,8.25,8.05,8.25,1.0,25449.0,1,07
4,2017-02-06,8.3,8.325,8.05,8.25,66643.0,8.3,0.0,8.325,8.05,8.25,1.0,66643.0,0,06
5,2017-02-03,8.2,8.2,7.95,8.1,50324.0,8.2,0.0,8.2,7.95,8.1,1.0,50324.0,4,03
6,2017-02-02,8.1,8.2,7.95,8.15,54235.0,8.1,0.0,8.2,7.95,8.15,1.0,54235.0,3,02
7,2017-02-01,8.1,8.2,7.975,8.15,68735.0,8.1,0.0,8.2,7.975,8.15,1.0,68735.0,2,01
8,2017-01-31,8.2,8.2,8.0,8.0,27542.0,8.2,0.0,8.2,8.0,8.0,1.0,27542.0,1,31
9,2017-01-30,8.05,8.1,8.0,8.1,9447.0,8.05,0.0,8.1,8.0,8.1,1.0,9447.0,0,30
10,2017-01-27,8.15,8.35,8.05,8.15,20390.0,8.15,0.0,8.35,8.05,8.15,1.0,20390.0,4,27
11,2017-01-26,8.2,8.35,8.15,8.3,13943.0,8.2,0.0,8.35,8.15,8.3,1.0,13943.0,3,26
12,2017-01-25,8.3,8.3,8.0,8.05,100452.0,8.3,0.0,8.3,8.0,8.05,1.0,100452.0,2,25
13,2017-01-24,8.05,8.15,7.938,8.1,18283.0,8.05,0.0,8.15,7.938,8.1,1.0,18283.0,1,24
14,2017-01-23,8.15,8.25,8.0,8.15,53193.0,8.15,0.0,8.25,8.0,8.15,1.0,53193.0,0,23
15,2017-01-20,8.2,8.35,8.2,8.35,24776.0,8.2,0.0,8.35,8.2,8.35,1.0,24776.0,4,20
16,2017-01-19,8.3,8.35,8.25,8.35,43523.0,8.3,0.0,8.35,8.25,8.35,1.0,43523.0,3,19
17,2017-01-18,8.4,8.4,8.1,8.2,42920.0,8.4,0.0,8.4,8.1,8.2,1.0,42920.0,2,18
18,2017-01-17,8.2,8.3,8.05,8.3,20888.0,8.2,0.0,8.3,8.05,8.3,1.0,20888.0,1,17
19,2017-01-13,8.35,8.5,8.2,8.5,20856.0,8.35,0.0,8.5,8.2,8.5,1.0,20856.0,4,13
20,2017-01-12,8.25,8.3,8.15,8.25,27448.0,8.25,0.0,8.3,8.15,8.25,1.0,27448.0,3,12
21,2017-01-11,8.3,8.5,8.2,8.4,31290.0,8.3,0.0,8.5,8.2,8.4,1.0,31290.0,2,11
22,2017-01-10,8.45,8.5,8.35,8.3837,23292.0,8.45,0.0,8.5,8.35,8.3837,1.0,23292.0,1,10
23,2017-01-09,8.45,8.55,8.2,8.2,86257.0,8.45,0.0,8.55,8.2,8.2,1.0,86257.0,0,09
24,2017-01-06,8.1,8.3,7.7,7.75,429686.0,8.1,0.0,8.3,7.7,7.75,1.0,429686.0,4,06
25,2017-01-05,7.75,8.0,7.75,8.0,27636.0,7.75,0.0,8.0,7.75,8.0,1.0,27636.0,3,05
26,2017-01-04,7.95,8.25,7.85,7.85,219494.0,7.95,0.0,8.25,7.85,7.85,1.0,219494.0,2,04
27,2017-01-03,7.85,7.9,7.7373,7.75,32828.0,7.85,0.0,7.9,7.7373,7.75,1.0,32828.0,1,03
28,2016-12-30,7.7,7.85,7.5,7.8284,89250.0,7.7,0.0,7.85,7.5,7.8284,1.0,89250.0,4,30
29,2016-12-29,7.8,7.85,7.6,7.7,34840.0,7.8,0.0,7.85,7.6,7.7,1.0,34840.0,3,29
30,2016-12-28,7.7,8.2,7.6,8.2,74700.0,7.7,0.0,8.2,7.6,8.2,1.0,74700.0,2,28
31,2016-12-27,8.25,8.25,8.15,8.2,47396.0,8.25,0.0,8.25,8.15,8.2,1.0,47396.0,1,27
32,2016-12-23,8.25,8.25,7.9394,8.0,13334.0,8.25,0.0,8.25,7.9394,8.0,1.0,13334.0,4,23
33,2016-12-22,8.0,8.25,8.0,8.25,9027.0,8.0,0.0,8.25,8.0,8.25,1.0,9027.0,3,22
34,2016-12-21,8.3,8.3,8.1,8.25,52049.0,8.3,0.0,8.3,8.1,8.25,1.0,52049.0,2,21
35,2016-12-20,8.1,8.3,8.1,8.15,7302.0,8.1,0.0,8.3,8.1,8.15,1.0,7302.0,1,20
36,2016-12-19,8.2,8.25,8.15,8.2,6594.0,8.2,0.0,8.25,8.15,8.2,1.0,6594.0,0,19
37,2016-12-16,8.2,8.25,8.15,8.2,1854.0,8.2,0.0,8.25,8.15,8.2,1.0,1854.0,4,16
38,2016-12-15,8.2,8.25,7.8,7.9,169325.0,8.2,0.0,8.25,7.8,7.9,1.0,169325.0,3,15
39,2016-12-14,7.85,7.95,7.7,7.75,20338.0,7.85,0.0,7.95,7.7,7.75,1.0,20338.0,2,14
40,2016-12-13,7.75,7.9,7.7,7.75,11547.0,7.75,0.0,7.9,7.7,7.75,1.0,11547.0,1,13
41,2016-12-12,7.8,8.0,7.75,8.0,9802.0,7.8,0.0,8.0,7.75,8.0,1.0,9802.0,0,12
42,2016-12-09,8.0,8.0808,7.8,7.8,19821.0,8.0,0.0,8.0808,7.8,7.8,1.0,19821.0,4,09
43,2016-12-08,7.8,7.9,7.75,7.85,14023.0,7.8,0.0,7.9,7.75,7.85,1.0,14023.0,3,08
44,2016-12-07,7.9,7.95,7.85,7.95,5008.0,7.9,0.0,7.95,7.85,7.95,1.0,5008.0,2,07
45,2016-12-06,7.9,7.95,7.6,7.85,16718.0,7.9,0.0,7.95,7.6,7.85,1.0,16718.0,1,06
46,2016-12-05,7.9,7.95,7.7,7.85,6474.0,7.9,0.0,7.95,7.7,7.85,1.0,6474.0,0,05
47,2016-12-02,7.8,8.15,7.8,7.8,58459.0,7.8,0.0,8.15,7.8,7.8,1.0,58459.0,4,02
48,2016-12-01,7.95,8.0,7.6,7.9,33318.0,7.95,0.0,8.0,7.6,7.9,1.0,33318.0,3,01
49,2016-11-30,7.8,8.0,7.8,8.0,10839.0,7.8,0.0,8.0,7.8,8.0,1.0,10839.0,2,30
50,2016-11-29,8.05,8.4,7.65,7.8,31558.0,8.05,0.0,8.4,7.65,7.8,1.0,31558.0,1,29
51,2016-11-28,7.75,8.15,7.75,8.15,5576.0,7.75,0.0,8.15,7.75,8.15,1.0,5576.0,0,28
52,2016-11-25,8.2,8.4,8.2,8.25,4635.0,8.2,0.0,8.4,8.2,8.25,1.0,4635.0,4,25
53,2016-11-23,8.15,8.25,7.9,7.9,8332.0,8.15,0.0,8.25,7.9,7.9,1.0,8332.0,2,23
54,2016-11-22,7.9,8.2,7.85,8.1,8043.0,7.9,0.0,8.2,7.85,8.1,1.0,8043.0,1,22
55,2016-11-21,8.1,8.25,8.05,8.1,7872.0,8.1,0.0,8.25,8.05,8.1,1.0,7872.0,0,21
56,2016-11-18,8.25,8.25,7.35,7.7,56664.0,8.25,0.0,8.25,7.35,7.7,1.0,56664.0,4,18
57,2016-11-17,7.65,7.8,7.65,7.75,22304.0,7.65,0.0,7.8,7.65,7.75,1.0,22304.0,3,17
58,2016-11-16,7.75,8.2,7.55,7.8,46455.0,7.75,0.0,8.2,7.55,7.8,1.0,46455.0,2,16
59,2016-11-15,7.8,8.35,7.8,8.35,54497.0,7.8,0.0,8.35,7.8,8.35,1.0,54497.0,1,15
60,2016-11-14,8.4,8.5,7.85,7.85,60564.0,8.4,0.0,8.5,7.85,7.85,1.0,60564.0,0,14
61,2016-11-11,7.8,8.0,7.6,7.85,30178.0,7.8,0.0,8.0,7.6,7.85,1.0,30178.0,4,11
62,2016-11-10,7.8,8.25,7.75,8.2,30452.0,7.8,0.0,8.25,7.75,8.2,1.0,30452.0,3,10
63,2016-11-09,8.15,8.3,7.75,7.85,91167.0,8.15,0.0,8.3,7.75,7.85,1.0,91167.0,2,09
64,2016-11-08,7.75,7.95,7.5,7.5,20454.0,7.75,0.0,7.95,7.5,7.5,1.0,20454.0,1,08
65,2016-11-07,7.5,7.8,7.45,7.45,12951.0,7.5,0.0,7.8,7.45,7.45,1.0,12951.0,0,07
66,2016-11-04,7.65,8.05,7.55,7.7,22255.0,7.65,0.0,8.05,7.55,7.7,1.0,22255.0,4,04
67,2016-11-03,7.7,7.95,7.7,7.8,26144.0,7.7,0.0,7.95,7.7,7.8,1.0,26144.0,3,03
68,2016-11-02,7.85,8.1,7.8,7.9,11839.0,7.85,0.0,8.1,7.8,7.9,1.0,11839.0,2,02
69,2016-11-01,7.95,8.15,7.55,7.6,82971.0,7.95,0.0,8.15,7.55,7.6,1.0,82971.0,1,01
70,2016-10-31,7.6,8.25,7.55,8.1,42716.0,7.6,0.0,8.25,7.55,8.1,1.0,42716.0,0,31
71,2016-10-28,8.15,8.35,8.0,8.35,30008.0,8.15,0.0,8.35,8.0,8.35,1.0,30008.0,4,28
72,2016-10-27,8.35,8.6,8.35,8.5,44728.0,8.35,0.0,8.6,8.35,8.5,1.0,44728.0,3,27
73,2016-10-26,8.55,8.6,8.4,8.4,125074.0,8.55,0.0,8.6,8.4,8.4,1.0,125074.0,2,26
74,2016-10-25,8.5,8.55,8.15,8.55,72932.0,8.5,0.0,8.55,8.15,8.55,1.0,72932.0,1,25
75,2016-10-24,8.5,8.7,8.5,8.7,92342.0,8.5,0.0,8.7,8.5,8.7,1.0,92342.0,0,24
76,2016-10-21,8.55,8.75,8.4,8.5,202291.0,8.55,0.0,8.75,8.4,8.5,1.0,202291.0,4,21
77,2016-10-20,8.35,8.35,8.0,8.0,7376.0,8.35,0.0,8.35,8.0,8.0,1.0,7376.0,3,20
78,2016-10-19,8.25,8.35,8.05,8.35,124235.0,8.25,0.0,8.35,8.05,8.35,1.0,124235.0,2,19
79,2016-10-18,8.4,8.6,8.3,8.3,105217.0,8.4,0.0,8.6,8.3,8.3,1.0,105217.0,1,18
80,2016-10-17,8.3,8.3,8.2,8.2,6835.0,8.3,0.0,8.3,8.2,8.2,1.0,6835.0,0,17
81,2016-10-14,8.26,8.32,8.15,8.16,22665.0,8.26,0.0,8.32,8.15,8.16,1.0,22665.0,4,14
82,2016-10-13,8.13,8.38,7.95,8.26,38021.0,8.13,0.0,8.38,7.95,8.26,1.0,38021.0,3,13
83,2016-10-12,8.3,8.32,8.05,8.31,81316.0,8.3,0.0,8.32,8.05,8.31,1.0,81316.0,2,12
84,2016-10-11,8.38,8.4,8.24,8.24,4135.0,8.38,0.0,8.4,8.24,8.24,1.0,4135.0,1,11
85,2016-10-10,8.28,8.46,8.15,8.15,13157.0,8.28,0.0,8.46,8.15,8.15,1.0,13157.0,0,10
86,2016-10-07,8.13,8.43,7.71,8.0,207984.0,8.13,0.0,8.43,7.71,8.0,1.0,207984.0,4,07
87,2016-10-06,8.25,8.31,7.61,7.8,164564.0,8.25,0.0,8.31,7.61,7.8,1.0,164564.0,3,06
88,2016-10-05,7.77,8.0,7.62,7.66,54154.0,7.77,0.0,8.0,7.62,7.66,1.0,54154.0,2,05
89,2016-10-04,7.62,8.25,7.62,8.0,51890.0,7.62,0.0,8.25,7.62,8.0,1.0,51890.0,1,04
90,2016-10-03,8.0101,8.33,7.96,8.01,61484.0,8.0101,0.0,8.33,7.96,8.01,1.0,61484.0,0,03
91,2016-09-30,8.1,8.33,7.78,8.04,131172.0,8.1,0.0,8.33,7.78,8.04,1.0,131172.0,4,30
92,2016-09-29,7.95,8.33,7.89,8.25,35512.0,7.95,0.0,8.33,7.89,8.25,1.0,35512.0,3,29
93,2016-09-28,8.33,8.34,8.161,8.22,32850.0,8.33,0.0,8.34,8.161,8.22,1.0,32850.0,2,28
94,2016-09-27,8.15,8.45,8.11,8.15,122003.0,8.15,0.0,8.45,8.11,8.15,1.0,122003.0,1,27
95,2016-09-26,8.12,8.21,7.89,8.05,169223.0,8.12,0.0,8.21,7.89,8.05,1.0,169223.0,0,26
96,2016-09-23,7.83,8.14,7.74,8.02,205750.0,7.83,0.0,8.14,7.74,8.02,1.0,205750.0,4,23
97,2016-09-22,8.0,8.02,7.95,8.01,31995.0,8.0,0.0,8.02,7.95,8.01,1.0,31995.0,3,22
98,2016-09-21,8.02,8.02,7.9301,7.9301,6642.0,8.02,0.0,8.02,7.9301,7.9301,1.0,6642.0,2,21
99,2016-09-20,8.03,8.03,7.85,7.85,33086.0,8.03,0.0,8.03,7.85,7.85,1.0,33086.0,1,20
100,2016-09-19,7.93,7.97,7.86,7.95,4029.0,7.93,0.0,7.97,7.86,7.95,1.0,4029.0,0,19
101,2016-09-16,7.99,8.0,7.9,7.98,4782.0,7.99,0.0,8.0,7.9,7.98,1.0,4782.0,4,16
102,2016-09-15,7.9,7.95,7.85,7.91,31239.0,7.9,0.0,7.95,7.85,7.91,1.0,31239.0,3,15
103,2016-09-14,7.97,8.02,7.8,7.97,62888.0,7.97,0.0,8.02,7.8,7.97,1.0,62888.0,2,14
104,2016-09-13,8.0,8.0,7.57,7.85,25204.0,8.0,0.0,8.0,7.57,7.85,1.0,25204.0,1,13
105,2016-09-12,7.9,8.02,7.5,7.5,38639.0,7.9,0.0,8.02,7.5,7.5,1.0,38639.0,0,12
106,2016-09-09,7.73,7.95,7.55,7.74,32748.0,7.73,0.0,7.95,7.55,7.74,1.0,32748.0,4,09
107,2016-09-08,7.84,8.09,7.45,7.75,474396.0,7.84,0.0,8.09,7.45,7.75,1.0,474396.0,3,08
108,2016-09-07,8.0101,8.25,8.01,8.06,104316.0,8.0101,0.0,8.25,8.01,8.06,1.0,104316.0,2,07
109,2016-09-06,8.06,8.12,8.0,8.04,28435.0,8.06,0.0,8.12,8.0,8.04,1.0,28435.0,1,06
110,2016-09-02,8.0,8.0,7.89,8.0,2223.0,8.0,0.0,8.0,7.89,8.0,1.0,2223.0,4,02
111,2016-09-01,7.9699,7.9999,7.8901,7.9999,2660.0,7.9699,0.0,7.9999,7.8901,7.9999,1.0,2660.0,3,01
112,2016-08-31,7.977,7.977,7.87,7.92,1814.0,7.977,0.0,7.977,7.87,7.92,1.0,1814.0,2,31
113,2016-08-30,7.92,7.96,7.89,7.89,1828.0,7.92,0.0,7.96,7.89,7.89,1.0,1828.0,1,30
114,2016-08-29,7.92,8.045,7.89,8.045,4402.0,7.92,0.0,8.045,7.89,8.045,1.0,4402.0,0,29
115,2016-08-26,8.02,8.02,7.88,7.88,9913.0,8.02,0.0,8.02,7.88,7.88,1.0,9913.0,4,26
116,2016-08-25,7.889,7.89,7.85,7.89,9242.0,7.889,0.0,7.89,7.85,7.89,1.0,9242.0,3,25
117,2016-08-24,7.92,8.04,7.91,7.92,4010.0,7.92,0.0,8.04,7.91,7.92,1.0,4010.0,2,24
118,2016-08-23,7.86,8.016,7.86,7.9,5867.0,7.86,0.0,8.016,7.86,7.9,1.0,5867.0,1,23
119,2016-08-22,7.975,8.15,7.9,7.9,4587.0,7.975,0.0,8.15,7.9,7.9,1.0,4587.0,0,22
120,2016-08-19,8.04,8.05,7.65,7.67,35946.0,8.04,0.0,8.05,7.65,7.67,1.0,35946.0,4,19
121,2016-08-18,7.6501,7.725,7.65,7.71,17847.0,7.6501,0.0,7.725,7.65,7.71,1.0,17847.0,3,18
122,2016-08-17,7.97,8.11,7.81,7.9,2796.0,7.97,0.0,8.11,7.81,7.9,1.0,2796.0,2,17
123,2016-08-16,8.095,8.37,8.09,8.37,7579.0,8.095,0.0,8.37,8.09,8.37,1.0,7579.0,1,16
124,2016-08-15,8.38,8.5,7.91,7.9402,7582.0,8.38,0.0,8.5,7.91,7.9402,1.0,7582.0,0,15
125,2016-08-12,7.99,7.99,7.6,7.64,4228.0,7.99,0.0,7.99,7.6,7.64,1.0,4228.0,4,12
126,2016-08-11,7.83,7.83,7.6,7.67,14139.0,7.83,0.0,7.83,7.6,7.67,1.0,14139.0,3,11
127,2016-08-10,7.6,7.64,7.43,7.64,8244.0,7.6,0.0,7.64,7.43,7.64,1.0,8244.0,2,10
128,2016-08-09,7.7,7.82,7.7,7.701,5483.0,7.7,0.0,7.82,7.7,7.701,1.0,5483.0,1,09
129,2016-08-08,7.56,7.83,7.07,7.266,10160.0,7.56,0.0,7.83,7.07,7.266,1.0,10160.0,0,08
130,2016-08-05,7.46,7.56,7.38,7.4,17764.0,7.46,0.0,7.56,7.38,7.4,1.0,17764.0,4,05
131,2016-08-04,7.41,7.49,7.41,7.49,2259.0,7.41,0.0,7.49,7.41,7.49,1.0,2259.0,3,04
132,2016-08-03,7.36,7.5,7.3,7.49,2992.0,7.36,0.0,7.5,7.3,7.49,1.0,2992.0,2,03
133,2016-08-02,7.3,7.5,7.13,7.3627,5677.0,7.3,0.0,7.5,7.13,7.3627,1.0,5677.0,1,02
134,2016-08-01,7.44,7.72,7.4,7.48,3933.0,7.44,0.0,7.72,7.4,7.48,1.0,3933.0,0,01
135,2016-07-29,7.64,7.67,7.37,7.37,6780.0,7.64,0.0,7.67,7.37,7.37,1.0,6780.0,4,29
136,2016-07-28,7.46,7.46,7.3,7.3001,4604.0,7.46,0.0,7.46,7.3,7.3001,1.0,4604.0,3,28
137,2016-07-27,7.36,7.4899,7.25,7.3,5991.0,7.36,0.0,7.4899,7.25,7.3,1.0,5991.0,2,27
138,2016-07-26,7.39,7.44,7.19,7.2,8302.0,7.39,0.0,7.44,7.19,7.2,1.0,8302.0,1,26
139,2016-07-25,7.1,7.43,7.0601,7.2501,19628.0,7.1,0.0,7.43,7.0601,7.2501,1.0,19628.0,0,25
140,2016-07-22,7.35,7.69,7.35,7.47,14192.0,7.35,0.0,7.69,7.35,7.47,1.0,14192.0,4,22
141,2016-07-21,7.36,7.8,7.36,7.56,10201.0,7.36,0.0,7.8,7.36,7.56,1.0,10201.0,3,21
142,2016-07-20,7.54,7.97,7.54,7.8,9391.0,7.54,0.0,7.97,7.54,7.8,1.0,9391.0,2,20
143,2016-07-19,7.81,7.9,7.6001,7.7199,4783.0,7.81,0.0,7.9,7.6001,7.7199,1.0,4783.0,1,19
144,2016-07-18,7.74,7.94,7.656,7.708,6823.0,7.74,0.0,7.94,7.656,7.708,1.0,6823.0,0,18
145,2016-07-15,7.71,8.07,7.6911,7.6911,13862.0,7.71,0.0,8.07,7.6911,7.6911,1.0,13862.0,4,15
146,2016-07-14,7.65,8.12,7.5601,8.12,12827.0,7.65,0.0,8.12,7.5601,8.12,1.0,12827.0,3,14
147,2016-07-13,8.13,8.56,8.0101,8.0101,37123.0,8.13,0.0,8.56,8.0101,8.0101,1.0,37123.0,2,13
148,2016-07-12,8.13,8.271,7.33,7.54,50502.0,8.13,0.0,8.271,7.33,7.54,1.0,50502.0,1,12
149,2016-07-11,7.32,7.37,7.19,7.19,6703.0,7.32,0.0,7.37,7.19,7.19,1.0,6703.0,0,11
150,2016-07-08,7.15,7.31,7.0,7.0,17762.0,7.15,0.0,7.31,7.0,7.0,1.0,17762.0,4,08
151,2016-07-07,7.0,7.0,6.72,6.72,3951.0,7.0,0.0,7.0,6.72,6.72,1.0,3951.0,3,07
152,2016-07-06,6.88,6.95,6.26,6.26,15721.0,6.88,0.0,6.95,6.26,6.26,1.0,15721.0,2,06
153,2016-07-05,6.33,6.51,6.0,6.18,27108.0,6.33,0.0,6.51,6.0,6.18,1.0,27108.0,1,05
154,2016-07-01,6.2099,6.25,5.88,5.88,10721.0,6.2099,0.0,6.25,5.88,5.88,1.0,10721.0,4,01
155,2016-06-30,5.9,6.0,5.86,6.0,23213.0,5.9,0.0,6.0,5.86,6.0,1.0,23213.0,3,30
156,2016-06-29,5.96,6.19,5.88,6.0,33044.0,5.96,0.0,6.19,5.88,6.0,1.0,33044.0,2,29
157,2016-06-28,5.88,6.23,5.86,6.0,21805.0,5.88,0.0,6.23,5.86,6.0,1.0,21805.0,1,28
158,2016-06-27,6.0,6.3,5.76,6.3,27038.0,6.0,0.0,6.3,5.76,6.3,1.0,27038.0,0,27
159,2016-06-24,6.3,6.46,5.6501,6.15,46021.0,6.3,0.0,6.46,5.6501,6.15,1.0,46021.0,4,24
160,2016-06-23,6.24,6.34,6.17,6.23,21311.0,6.24,0.0,6.34,6.17,6.23,1.0,21311.0,3,23
161,2016-06-22,6.235,6.449,6.135,6.35,24364.0,6.235,0.0,6.449,6.135,6.35,1.0,24364.0,2,22
162,2016-06-21,6.32,6.44,6.31,6.31,4618.0,6.32,0.0,6.44,6.31,6.31,1.0,4618.0,1,21
163,2016-06-20,6.31,6.46,6.12,6.29,13579.0,6.31,0.0,6.46,6.12,6.29,1.0,13579.0,0,20
164,2016-06-17,6.36,6.62,6.305,6.4859,5028.0,6.36,0.0,6.62,6.305,6.4859,1.0,5028.0,4,17
165,2016-06-16,6.4,6.55,6.21,6.41,5842.0,6.4,0.0,6.55,6.21,6.41,1.0,5842.0,3,16
166,2016-06-15,6.49,6.92,6.42,6.54,15592.0,6.49,0.0,6.92,6.42,6.54,1.0,15592.0,2,15
167,2016-06-14,6.56,7.28,6.46,7.14,88927.0,6.56,0.0,7.28,6.46,7.14,1.0,88927.0,1,14
168,2016-06-13,7.21,7.21,7.02,7.21,29972.0,7.21,0.0,7.21,7.02,7.21,1.0,29972.0,0,13
169,2016-06-10,7.3,7.34,7.14,7.27,26015.0,7.3,0.0,7.34,7.14,7.27,1.0,26015.0,4,10
170,2016-06-09,7.34,7.34,7.19,7.22,2517.0,7.34,0.0,7.34,7.19,7.22,1.0,2517.0,3,09
171,2016-06-08,7.21,7.34,7.21,7.21,1572.0,7.21,0.0,7.34,7.21,7.21,1.0,1572.0,2,08
172,2016-06-07,7.2,7.34,7.2,7.34,4648.0,7.2,0.0,7.34,7.2,7.34,1.0,4648.0,1,07
173,2016-06-06,7.27,7.4,7.15,7.3,9092.0,7.27,0.0,7.4,7.15,7.3,1.0,9092.0,0,06
174,2016-06-03,7.46,7.49,7.12,7.35,4379.0,7.46,0.0,7.49,7.12,7.35,1.0,4379.0,4,03
175,2016-06-02,7.38,7.39,7.05,7.05,13475.0,7.38,0.0,7.39,7.05,7.05,1.0,13475.0,3,02
176,2016-06-01,7.02,7.24,6.9,6.94,12076.0,7.02,0.0,7.24,6.9,6.94,1.0,12076.0,2,01
177,2016-05-31,6.93,6.93,6.5,6.61,21662.0,6.93,0.0,6.93,6.5,6.61,1.0,21662.0,1,31
178,2016-05-27,6.55,6.79,6.095,6.57,10016.0,6.55,0.0,6.79,6.095,6.57,1.0,10016.0,4,27
179,2016-05-26,6.78,6.8,6.21,6.59,40275.0,6.78,0.0,6.8,6.21,6.59,1.0,40275.0,3,26
180,2016-05-25,6.65,6.95,6.649,6.95,14181.0,6.65,0.0,6.95,6.649,6.95,1.0,14181.0,2,25
181,2016-05-24,6.6,6.85,6.55,6.76,6478.0,6.6,0.0,6.85,6.55,6.76,1.0,6478.0,1,24
182,2016-05-23,6.7,6.7,6.61,6.7,8229.0,6.7,0.0,6.7,6.61,6.7,1.0,8229.0,0,23
183,2016-05-20,6.64,6.6999,6.56,6.5601,8525.0,6.64,0.0,6.6999,6.56,6.5601,1.0,8525.0,4,20
184,2016-05-19,6.66,6.67,6.55,6.61,4992.0,6.66,0.0,6.67,6.55,6.61,1.0,4992.0,3,19
185,2016-05-18,6.62,6.84,6.55,6.75,10183.0,6.62,0.0,6.84,6.55,6.75,1.0,10183.0,2,18
186,2016-05-17,6.77,6.91,6.56,6.84,7303.0,6.77,0.0,6.91,6.56,6.84,1.0,7303.0,1,17
187,2016-05-16,6.87,6.96,6.65,6.6899,8930.0,6.87,0.0,6.96,6.65,6.6899,1.0,8930.0,0,16
188,2016-05-13,6.54,6.73,6.5,6.58,12936.0,6.54,0.0,6.73,6.5,6.58,1.0,12936.0,4,13
189,2016-05-12,6.66,7.1,6.6,7.06,9733.0,6.66,0.0,7.1,6.6,7.06,1.0,9733.0,3,12
190,2016-05-11,6.735,6.83,6.68,6.703,8325.0,6.735,0.0,6.83,6.68,6.703,1.0,8325.0,2,11
191,2016-05-10,6.67,6.79,6.52,6.67,21784.0,6.67,0.0,6.79,6.52,6.67,1.0,21784.0,1,10
192,2016-05-09,6.69,6.785,6.61,6.67,28418.0,6.69,0.0,6.785,6.61,6.67,1.0,28418.0,0,09
193,2016-05-06,6.69,6.76,6.5,6.59,11590.0,6.69,0.0,6.76,6.5,6.59,1.0,11590.0,4,06
194,2016-05-05,6.62,6.9,6.51,6.89,67840.0,6.62,0.0,6.9,6.51,6.89,1.0,67840.0,3,05
195,2016-05-04,6.84,7.17,6.76,7.14,68999.0,6.84,0.0,7.17,6.76,7.14,1.0,68999.0,2,04
196,2016-05-03,7.02,7.14,7.01,7.14,5319.0,7.02,0.0,7.14,7.01,7.14,1.0,5319.0,1,03
197,2016-05-02,7.04,7.1067,7.0001,7.0001,2239.0,7.04,0.0,7.1067,7.0001,7.0001,1.0,2239.0,0,02
198,2016-04-29,7.13,7.13,7.0,7.0,7416.0,7.13,0.0,7.13,7.0,7.0,1.0,7416.0,4,29
199,2016-04-28,7.07,7.25,7.04,7.04,7196.0,7.07,0.0,7.25,7.04,7.04,1.0,7196.0,3,28
200,2016-04-27,7.16,7.28,7.08,7.28,7003.0,7.16,0.0,7.28,7.08,7.28,1.0,7003.0,2,27
201,2016-04-26,7.2,7.3,7.05,7.3,22033.0,7.2,0.0,7.3,7.05,7.3,1.0,22033.0,1,26
202,2016-04-25,7.29,7.72,7.1,7.51,7394.0,7.29,0.0,7.72,7.1,7.51,1.0,7394.0,0,25
203,2016-04-22,7.615,7.615,7.42,7.5,16094.0,7.615,0.0,7.615,7.42,7.5,1.0,16094.0,4,22
204,2016-04-21,7.36,7.39,7.26,7.39,12785.0,7.36,0.0,7.39,7.26,7.39,1.0,12785.0,3,21
205,2016-04-20,7.25,7.48,7.07,7.07,21722.0,7.25,0.0,7.48,7.07,7.07,1.0,21722.0,2,20
206,2016-04-19,7.0,7.5,7.0,7.5,31145.0,7.0,0.0,7.5,7.0,7.5,1.0,31145.0,1,19
207,2016-04-18,7.54,7.55,7.22,7.25,31304.0,7.54,0.0,7.55,7.22,7.25,1.0,31304.0,0,18
208,2016-04-15,7.46,7.46,7.06,7.3306,17523.0,7.46,0.0,7.46,7.06,7.3306,1.0,17523.0,4,15
209,2016-04-14,7.33,7.51,7.17,7.51,10248.0,7.33,0.0,7.51,7.17,7.51,1.0,10248.0,3,14
210,2016-04-13,7.26,7.26,7.05,7.25,8857.0,7.26,0.0,7.26,7.05,7.25,1.0,8857.0,2,13
211,2016-04-12,7.05,7.07,6.92,7.05,5644.0,7.05,0.0,7.07,6.92,7.05,1.0,5644.0,1,12
212,2016-04-11,7.15,7.47,7.05,7.47,5957.0,7.15,0.0,7.47,7.05,7.47,1.0,5957.0,0,11
213,2016-04-08,7.15,7.36,7.08,7.08,8102.0,7.15,0.0,7.36,7.08,7.08,1.0,8102.0,4,08
214,2016-04-07,7.05,7.15,7.01,7.04,10961.0,7.05,0.0,7.15,7.01,7.04,1.0,10961.0,3,07
215,2016-04-06,7.17,7.17,6.96,7.01,12567.0,7.17,0.0,7.17,6.96,7.01,1.0,12567.0,2,06
216,2016-04-05,6.96,7.01,6.8,7.0,4622.0,6.96,0.0,7.01,6.8,7.0,1.0,4622.0,1,05
217,2016-04-04,7.1,7.1,6.76,6.76,6945.0,7.1,0.0,7.1,6.76,6.76,1.0,6945.0,0,04
218,2016-04-01,6.86,7.14,6.73,7.14,8278.0,6.86,0.0,7.14,6.73,7.14,1.0,8278.0,4,01
219,2016-03-31,6.99,7.02,6.6,7.02,8912.0,6.99,0.0,7.02,6.6,7.02,1.0,8912.0,3,31
220,2016-03-30,6.62,7.13,6.61,6.61,4719.0,6.62,0.0,7.13,6.61,6.61,1.0,4719.0,2,30
221,2016-03-29,6.59,6.72,6.52,6.6,10839.0,6.59,0.0,6.72,6.52,6.6,1.0,10839.0,1,29
222,2016-03-28,6.67,6.73,6.67,6.73,4848.0,6.67,0.0,6.73,6.67,6.73,1.0,4848.0,0,28
223,2016-03-24,6.705,6.86,6.55,6.7328,5131.0,6.705,0.0,6.86,6.55,6.7328,1.0,5131.0,3,24
224,2016-03-23,6.585,6.89,6.5107,6.89,5730.0,6.585,0.0,6.89,6.5107,6.89,1.0,5730.0,2,23
225,2016-03-22,6.71,7.27,6.65,7.27,23605.0,6.71,0.0,7.27,6.65,7.27,1.0,23605.0,1,22
226,2016-03-21,6.97,7.27,6.5,7.27,26482.0,6.97,0.0,7.27,6.5,7.27,1.0,26482.0,0,21
227,2016-03-18,7.15,7.34,6.85,6.96,7470.0,7.15,0.0,7.34,6.85,6.96,1.0,7470.0,4,18
228,2016-03-17,6.98,7.32,6.68,7.32,184705.0,6.98,0.0,7.32,6.68,7.32,1.0,184705.0,3,17
229,2016-03-16,7.12,7.37,6.75,7.36,745531.0,7.12,0.0,7.37,6.75,7.36,1.0,745531.0,2,16
230,2016-03-15,7.37,7.63,7.36,7.44,8533.0,7.37,0.0,7.63,7.36,7.44,1.0,8533.0,1,15
231,2016-03-14,7.57,7.7,7.3788,7.7,5087.0,7.57,0.0,7.7,7.3788,7.7,1.0,5087.0,0,14
232,2016-03-11,7.4899,7.64,7.44,7.6124,3554.0,7.4899,0.0,7.64,7.44,7.6124,1.0,3554.0,4,11
233,2016-03-10,7.36,7.5,7.25,7.5,4183.0,7.36,0.0,7.5,7.25,7.5,1.0,4183.0,3,10
234,2016-03-09,7.36,7.6,7.25,7.6,6446.0,7.36,0.0,7.6,7.25,7.6,1.0,6446.0,2,09
235,2016-03-08,7.33,7.7031,7.26,7.49,7528.0,7.33,0.0,7.7031,7.26,7.49,1.0,7528.0,1,08
236,2016-03-07,7.44,7.51,7.3,7.48,7435.0,7.44,0.0,7.51,7.3,7.48,1.0,7435.0,0,07
237,2016-03-04,7.22,7.76,7.22,7.45,16176.0,7.22,0.0,7.76,7.22,7.45,1.0,16176.0,4,04
238,2016-03-03,7.46,7.82,7.38,7.82,11451.0,7.46,0.0,7.82,7.38,7.82,1.0,11451.0,3,03
239,2016-03-02,7.82,7.8589,7.28,7.7,26640.0,7.82,0.0,7.8589,7.28,7.7,1.0,26640.0,2,02
240,2016-03-01,7.44,7.47,7.3999,7.3999,40517.0,7.44,0.0,7.47,7.3999,7.3999,1.0,40517.0,1,01
241,2016-02-29,7.325,7.44,7.235,7.3,12162.0,7.325,0.0,7.44,7.235,7.3,1.0,12162.0,0,29
242,2016-02-26,7.24,7.47,7.24,7.3515,10578.0,7.24,0.0,7.47,7.24,7.3515,1.0,10578.0,4,26
243,2016-02-25,7.31,7.43,7.07,7.43,3268.0,7.31,0.0,7.43,7.07,7.43,1.0,3268.0,3,25
244,2016-02-24,7.325,7.45,7.0,7.15,4044.0,7.325,0.0,7.45,7.0,7.15,1.0,4044.0,2,24
245,2016-02-23,7.24,7.39,7.045,7.09,3516.0,7.24,0.0,7.39,7.045,7.09,1.0,3516.0,1,23
246,2016-02-22,7.01,7.44,7.01,7.12,8097.0,7.01,0.0,7.44,7.01,7.12,1.0,8097.0,0,22
247,2016-02-19,7.21,7.36,6.8,6.81,11994.0,7.21,0.0,7.36,6.8,6.81,1.0,11994.0,4,19
248,2016-02-18,7.3,7.98,7.3,7.98,9284.0,7.3,0.0,7.98,7.3,7.98,1.0,9284.0,3,18
249,2016-02-17,7.94,8.13,7.0,7.21,13367.0,7.94,0.0,8.13,7.0,7.21,1.0,13367.0,2,17
250,2016-02-16,6.85,7.28,6.84,7.17,24089.0,6.85,0.0,7.28,6.84,7.17,1.0,24089.0,1,16
251,2016-02-12,7.29,7.3,7.17,7.25,8821.0,7.29,0.0,7.3,7.17,7.25,1.0,8821.0,4,12
252,2016-02-11,7.17,7.21,7.0998,7.1354,5780.0,7.17,0.0,7.21,7.0998,7.1354,1.0,5780.0,3,11
253,2016-02-10,7.08,7.39,6.89,6.98,6405.0,7.08,0.0,7.39,6.89,6.98,1.0,6405.0,2,10
254,2016-02-09,7.0,7.12,6.75,6.75,15154.0,7.0,0.0,7.12,6.75,6.75,1.0,15154.0,1,09
255,2016-02-08,6.76,6.77,6.4101,6.75,12107.0,6.76,0.0,6.77,6.4101,6.75,1.0,12107.0,0,08
256,2016-02-05,6.78,6.85,6.59,6.72,5117.0,6.78,0.0,6.85,6.59,6.72,1.0,5117.0,4,05
257,2016-02-04,6.86,6.86,6.31,6.35,16534.0,6.86,0.0,6.86,6.31,6.35,1.0,16534.0,3,04
258,2016-02-03,6.47,6.64,6.4001,6.508,2624.0,6.47,0.0,6.64,6.4001,6.508,1.0,2624.0,2,03
259,2016-02-02,6.47,6.71,6.4,6.56,3619.0,6.47,0.0,6.71,6.4,6.56,1.0,3619.0,1,02
260,2016-02-01,6.67,6.89,6.5,6.5,8898.0,6.67,0.0,6.89,6.5,6.5,1.0,8898.0,0,01
261,2016-01-29,6.61,6.9,6.47,6.9,13196.0,6.61,0.0,6.9,6.47,6.9,1.0,13196.0,4,29
262,2016-01-28,6.49,6.81,6.32,6.81,35112.0,6.49,0.0,6.81,6.32,6.81,1.0,35112.0,3,28
263,2016-01-27,6.73,6.99,6.7101,6.84,2552.0,6.73,0.0,6.99,6.7101,6.84,1.0,2552.0,2,27
264,2016-01-26,6.89,7.29,6.77,7.29,7376.0,6.89,0.0,7.29,6.77,7.29,1.0,7376.0,1,26
265,2016-01-25,6.94,7.39,6.85,7.11,8122.0,6.94,0.0,7.39,6.85,7.11,1.0,8122.0,0,25
266,2016-01-22,6.88,6.9,6.65,6.65,11589.0,6.88,0.0,6.9,6.65,6.65,1.0,11589.0,4,22
267,2016-01-21,6.61,6.8,6.42,6.5,28861.0,6.61,0.0,6.8,6.42,6.5,1.0,28861.0,3,21
268,2016-01-20,6.6,7.32,6.3901,7.14,41315.0,6.6,0.0,7.32,6.3901,7.14,1.0,41315.0,2,20
269,2016-01-19,7.21,7.8,7.08,7.32,22707.0,7.21,0.0,7.8,7.08,7.32,1.0,22707.0,1,19
270,2016-01-15,7.67,7.88,7.44,7.66,36355.0,7.67,0.0,7.88,7.44,7.66,1.0,36355.0,4,15
271,2016-01-14,7.83,7.84,7.77,7.8,11601.0,7.83,0.0,7.84,7.77,7.8,1.0,11601.0,3,14
272,2016-01-13,7.73,7.98,7.61,7.96,25735.0,7.73,0.0,7.98,7.61,7.96,1.0,25735.0,2,13
273,2016-01-12,8.03,8.42,7.96,8.13,21823.0,8.03,0.0,8.42,7.96,8.13,1.0,21823.0,1,12
274,2016-01-11,8.24,8.25,7.86,8.25,39457.0,8.24,0.0,8.25,7.86,8.25,1.0,39457.0,0,11
275,2016-01-08,7.94,8.04,7.8,7.81,16516.0,7.94,0.0,8.04,7.8,7.81,1.0,16516.0,4,08
276,2016-01-07,7.865,8.19,7.69,8.19,19814.0,7.865,0.0,8.19,7.69,8.19,1.0,19814.0,3,07
277,2016-01-06,7.87,8.08,7.85,8.03,13445.0,7.87,0.0,8.08,7.85,8.03,1.0,13445.0,2,06
278,2016-01-05,8.015,8.19,7.86,8.19,15357.0,8.015,0.0,8.19,7.86,8.19,1.0,15357.0,1,05
279,2016-01-04,7.96,8.05,7.651,7.79,10965.0,7.96,0.0,8.05,7.651,7.79,1.0,10965.0,0,04
280,2015-12-31,8.04,8.57,7.62,7.62,78970.0,8.04,0.0,8.57,7.62,7.62,1.0,78970.0,3,31
281,2015-12-30,8.19,8.19,7.25,7.25,90073.0,8.19,0.0,8.19,7.25,7.25,1.0,90073.0,2,30
282,2015-12-29,8.03,8.2999,7.992,8.2999,12431.0,8.03,0.0,8.2999,7.992,8.2999,1.0,12431.0,1,29
283,2015-12-28,8.46,8.59,8.1,8.1,10391.0,8.46,0.0,8.59,8.1,8.1,1.0,10391.0,0,28
284,2015-12-24,8.12,8.324,8.01,8.01,8430.0,8.12,0.0,8.324,8.01,8.01,1.0,8430.0,3,24
285,2015-12-23,8.33,8.47,7.93,7.95,5360.0,8.33,0.0,8.47,7.93,7.95,1.0,5360.0,2,23
286,2015-12-22,8.44,8.44,8.05,8.05,9028.0,8.44,0.0,8.44,8.05,8.05,1.0,9028.0,1,22
287,2015-12-21,8.0,8.13,7.57,7.6195,39035.0,8.0,0.0,8.13,7.57,7.6195,1.0,39035.0,0,21
288,2015-12-18,7.69,8.16,7.6,7.95,23221.0,7.69,0.0,8.16,7.6,7.95,1.0,23221.0,4,18
289,2015-12-17,8.05,8.24,8.05,8.06,20142.0,8.05,0.0,8.24,8.05,8.06,1.0,20142.0,3,17
290,2015-12-16,8.03,8.09,7.94,7.94,11856.0,8.03,0.0,8.09,7.94,7.94,1.0,11856.0,2,16
291,2015-12-15,7.94,8.0,7.85,7.95,4746.0,7.94,0.0,8.0,7.85,7.95,1.0,4746.0,1,15
292,2015-12-14,7.95,8.11,7.95,8.02,29549.0,7.95,0.0,8.11,7.95,8.02,1.0,29549.0,0,14
293,2015-12-11,8.02,8.16,8.0,8.0501,12861.0,8.02,0.0,8.16,8.0,8.0501,1.0,12861.0,4,11
294,2015-12-10,8.1,8.35,8.0,8.35,8390.0,8.1,0.0,8.35,8.0,8.35,1.0,8390.0,3,10
295,2015-12-09,8.33,8.9,8.19,8.9,11419.0,8.33,0.0,8.9,8.19,8.9,1.0,11419.0,2,09
296,2015-12-08,8.85,8.914,8.69,8.8,12811.0,8.85,0.0,8.914,8.69,8.8,1.0,12811.0,1,08
297,2015-12-07,8.96,9.0399,8.81,8.97,16238.0,8.96,0.0,9.0399,8.81,8.97,1.0,16238.0,0,07
298,2015-12-04,9.05,9.07,8.9,9.0,15672.0,9.05,0.0,9.07,8.9,9.0,1.0,15672.0,4,04
299,2015-12-03,9.0,9.1255,9.0,9.0,10052.0,9.0,0.0,9.1255,9.0,9.0,1.0,10052.0,3,03
300,2015-12-02,9.1,9.2,8.98,8.98,26866.0,9.1,0.0,9.2,8.98,8.98,1.0,26866.0,2,02
301,2015-12-01,9.17,9.32,8.95,9.21,17804.0,9.17,0.0,9.32,8.95,9.21,1.0,17804.0,1,01
302,2015-11-30,9.24,9.48,9.13,9.19,4257.0,9.24,0.0,9.48,9.13,9.19,1.0,4257.0,0,30
303,2015-11-27,9.2,9.4,9.2,9.2029,4376.0,9.2,0.0,9.4,9.2,9.2029,1.0,4376.0,4,27
304,2015-11-25,9.3,9.673,9.14,9.63,11733.0,9.3,0.0,9.673,9.14,9.63,1.0,11733.0,2,25
305,2015-11-24,9.09,9.75,9.03,9.38,11797.0,9.09,0.0,9.75,9.03,9.38,1.0,11797.0,1,24
306,2015-11-23,9.39,9.7445,9.35,9.434,9323.0,9.39,0.0,9.7445,9.35,9.434,1.0,9323.0,0,23
307,2015-11-20,9.1,9.15,8.3772,8.5,29074.0,9.1,0.0,9.15,8.3772,8.5,1.0,29074.0,4,20
308,2015-11-19,8.41,8.71,8.21,8.25,20836.0,8.41,0.0,8.71,8.21,8.25,1.0,20836.0,3,19
309,2015-11-18,8.23,8.23,8.01,8.01,30257.0,8.23,0.0,8.23,8.01,8.01,1.0,30257.0,2,18
310,2015-11-17,8.02,8.2,8.0,8.11,8212.0,8.02,0.0,8.2,8.0,8.11,1.0,8212.0,1,17
311,2015-11-16,8.0,8.15,8.0,8.15,6069.0,8.0,0.0,8.15,8.0,8.15,1.0,6069.0,0,16
312,2015-11-13,8.19,8.38,8.01,8.2,12001.0,8.19,0.0,8.38,8.01,8.2,1.0,12001.0,4,13
313,2015-11-12,8.13,8.65,7.88,7.88,6993.0,8.13,0.0,8.65,7.88,7.88,1.0,6993.0,3,12
314,2015-11-11,7.88,8.88,7.86,8.88,29815.0,7.88,0.0,8.88,7.86,8.88,1.0,29815.0,2,11
315,2015-11-10,8.15,8.26,7.88,8.0,31372.0,8.15,0.0,8.26,7.88,8.0,1.0,31372.0,1,10
316,2015-11-09,8.02,8.2301,7.91,8.0,20159.0,8.02,0.0,8.2301,7.91,8.0,1.0,20159.0,0,09
317,2015-11-06,7.99,8.15,7.78,8.05,28240.0,7.99,0.0,8.15,7.78,8.05,1.0,28240.0,4,06
318,2015-11-05,8.05,8.41,8.05,8.41,8635.0,8.05,0.0,8.41,8.05,8.41,1.0,8635.0,3,05
319,2015-11-04,8.38,8.67,8.1,8.31,27488.0,8.38,0.0,8.67,8.1,8.31,1.0,27488.0,2,04
320,2015-11-03,8.32,8.55,8.32,8.45,9071.0,8.32,0.0,8.55,8.32,8.45,1.0,9071.0,1,03
321,2015-11-02,8.48,8.67,8.06,8.15,15927.0,8.48,0.0,8.67,8.06,8.15,1.0,15927.0,0,02
322,2015-10-30,8.05,8.184,8.05,8.14,18097.0,8.05,0.0,8.184,8.05,8.14,1.0,18097.0,4,30
323,2015-10-29,8.08,8.391,8.05,8.25,32655.0,8.08,0.0,8.391,8.05,8.25,1.0,32655.0,3,29
324,2015-10-28,8.22,8.37,8.05,8.15,13877.0,8.22,0.0,8.37,8.05,8.15,1.0,13877.0,2,28
325,2015-10-27,8.1,8.21,8.06,8.06,9758.0,8.1,0.0,8.21,8.06,8.06,1.0,9758.0,1,27
326,2015-10-26,8.22,8.52,8.05,8.374,12349.0,8.22,0.0,8.52,8.05,8.374,1.0,12349.0,0,26
327,2015-10-23,8.58,8.7,8.11,8.39,8721.0,8.58,0.0,8.7,8.11,8.39,1.0,8721.0,4,23
328,2015-10-22,8.87,9.02,8.69,8.99,14466.0,8.87,0.0,9.02,8.69,8.99,1.0,14466.0,3,22
329,2015-10-21,8.55,8.62,8.26,8.62,28131.0,8.55,0.0,8.62,8.26,8.62,1.0,28131.0,2,21
330,2015-10-20,8.62,8.97,8.52,8.88,11913.0,8.62,0.0,8.97,8.52,8.88,1.0,11913.0,1,20
331,2015-10-19,8.97,9.6,8.77,9.6,8122.0,8.97,0.0,9.6,8.77,9.6,1.0,8122.0,0,19
332,2015-10-16,9.23,9.57,9.03,9.34,51724.0,9.23,0.0,9.57,9.03,9.34,1.0,51724.0,4,16
333,2015-10-15,9.64,9.86,9.34,9.86,9544.0,9.64,0.0,9.86,9.34,9.86,1.0,9544.0,3,15
334,2015-10-14,9.42,9.93,9.39,9.93,7677.0,9.42,0.0,9.93,9.39,9.93,1.0,7677.0,2,14
335,2015-10-13,9.52,9.58,9.2,9.2,15882.0,9.52,0.0,9.58,9.2,9.2,1.0,15882.0,1,13
336,2015-10-12,9.21,9.92,9.2,9.54,8012.0,9.21,0.0,9.92,9.2,9.54,1.0,8012.0,0,12
337,2015-10-09,9.52,9.63,9.49,9.5,7632.0,9.52,0.0,9.63,9.49,9.5,1.0,7632.0,4,09
338,2015-10-08,9.23,10.07,9.2,10.0,40196.0,9.23,0.0,10.07,9.2,10.0,1.0,40196.0,3,08
339,2015-10-07,10.0,10.065,9.23,9.26,47418.0,10.0,0.0,10.065,9.23,9.26,1.0,47418.0,2,07
340,2015-10-06,9.17,9.32,8.9,9.03,17353.0,9.17,0.0,9.32,8.9,9.03,1.0,17353.0,1,06
341,2015-10-05,9.11,9.11,8.46,8.55,152582.0,9.11,0.0,9.11,8.46,8.55,1.0,152582.0,0,05
342,2015-10-02,8.33,8.53,8.28,8.28,31080.0,8.33,0.0,8.53,8.28,8.28,1.0,31080.0,4,02
343,2015-10-01,8.28,8.48,8.27,8.27,9389.0,8.28,0.0,8.48,8.27,8.27,1.0,9389.0,3,01
344,2015-09-30,8.26,8.5,8.04,8.25,13236.0,8.26,0.0,8.5,8.04,8.25,1.0,13236.0,2,30
345,2015-09-29,8.14,8.26,7.94,8.22,33889.0,8.14,0.0,8.26,7.94,8.22,1.0,33889.0,1,29
346,2015-09-28,8.29,8.4734,8.0,8.45,12696.0,8.29,0.0,8.4734,8.0,8.45,1.0,12696.0,0,28
347,2015-09-25,8.45,9.16,8.22,8.54,59860.0,8.45,0.0,9.16,8.22,8.54,1.0,59860.0,4,25
348,2015-09-24,8.58,8.99,8.265,8.61,55321.0,8.58,0.0,8.99,8.265,8.61,1.0,55321.0,3,24
349,2015-09-23,8.67,9.349,8.58,9.19,26513.0,8.67,0.0,9.349,8.58,9.19,1.0,26513.0,2,23
350,2015-09-22,9.1001,10.09,9.1,9.29,16258.0,9.1001,0.0,10.09,9.1,9.29,1.0,16258.0,1,22
351,2015-09-21,9.53,10.5,9.5,10.5,24230.0,9.53,0.0,10.5,9.5,10.5,1.0,24230.0,0,21
352,2015-09-18,9.18,9.26,8.9,9.09,44162.0,9.18,0.0,9.26,8.9,9.09,1.0,44162.0,4,18
353,2015-09-17,9.2,9.25,8.82,8.88,61056.0,9.2,0.0,9.25,8.82,8.88,1.0,61056.0,3,17
354,2015-09-16,8.92,9.02,8.68,8.93,50720.0,8.92,0.0,9.02,8.68,8.93,1.0,50720.0,2,16
355,2015-09-15,8.96,9.02,8.58,8.98,87656.0,8.96,0.0,9.02,8.58,8.98,1.0,87656.0,1,15
356,2015-09-14,8.98,9.107,8.67,9.1,74785.0,8.98,0.0,9.107,8.67,9.1,1.0,74785.0,0,14
357,2015-09-11,9.05,9.13,8.93,9.0,23962.0,9.05,0.0,9.13,8.93,9.0,1.0,23962.0,4,11
358,2015-09-10,9.0,9.346,9.0,9.25,21474.0,9.0,0.0,9.346,9.0,9.25,1.0,21474.0,3,10
359,2015-09-09,9.27,9.6374,9.25,9.59,18872.0,9.27,0.0,9.6374,9.25,9.59,1.0,18872.0,2,09
360,2015-09-08,9.54,10.07,9.3301,10.07,43106.0,9.54,0.0,10.07,9.3301,10.07,1.0,43106.0,1,08
361,2015-09-04,9.92,10.1899,9.83,9.975,15224.0,9.92,0.0,10.1899,9.83,9.975,1.0,15224.0,4,04
362,2015-09-03,10.04,10.17,9.77,9.82,29271.0,10.04,0.0,10.17,9.77,9.82,1.0,29271.0,3,03
363,2015-09-02,9.84,10.11,9.36,10.11,38640.0,9.84,0.0,10.11,9.36,10.11,1.0,38640.0,2,02
364,2015-09-01,10.0,10.15,9.18,9.64,25384.0,10.0,0.0,10.15,9.18,9.64,1.0,25384.0,1,01
365,2015-08-31,9.82,10.32,9.8,10.32,11362.0,9.82,0.0,10.32,9.8,10.32,1.0,11362.0,0,31
366,2015-08-28,10.22,10.4,9.8001,10.05,22856.0,10.22,0.0,10.4,9.8001,10.05,1.0,22856.0,4,28
367,2015-08-27,10.18,10.48,9.87,10.48,2691.0,10.18,0.0,10.48,9.87,10.48,1.0,2691.0,3,27
368,2015-08-26,10.28,10.94,9.9,10.32,11606.0,10.28,0.0,10.94,9.9,10.32,1.0,11606.0,2,26
369,2015-08-25,10.09,10.195,9.99,10.0301,18300.0,10.09,0.0,10.195,9.99,10.0301,1.0,18300.0,1,25
370,2015-08-24,10.05,10.37,9.4365,9.85,33309.0,10.05,0.0,10.37,9.4365,9.85,1.0,33309.0,0,24
371,2015-08-21,10.16,10.5,9.71,10.12,136456.0,10.16,0.0,10.5,9.71,10.12,1.0,136456.0,4,21
372,2015-08-20,10.27,10.2847,9.93,10.12,17946.0,10.27,0.0,10.2847,9.93,10.12,1.0,17946.0,3,20
373,2015-08-19,10.15,10.57,9.97,10.57,19276.0,10.15,0.0,10.57,9.97,10.57,1.0,19276.0,2,19
374,2015-08-18,10.59,10.94,10.46,10.94,16754.0,10.59,0.0,10.94,10.46,10.94,1.0,16754.0,1,18
375,2015-08-17,11.0,11.0,9.75,9.75,24387.0,11.0,0.0,11.0,9.75,9.75,1.0,24387.0,0,17
376,2015-08-14,9.9,10.0,9.52,9.99,30842.0,9.9,0.0,10.0,9.52,9.99,1.0,30842.0,4,14
377,2015-08-13,9.92,10.14,9.4,9.45,23925.0,9.92,0.0,10.14,9.4,9.45,1.0,23925.0,3,13
378,2015-08-12,9.48,9.53,8.92,9.1,29169.0,9.48,0.0,9.53,8.92,9.1,1.0,29169.0,2,12
379,2015-08-11,9.16,9.9799,9.16,9.1797,21701.0,9.16,0.0,9.9799,9.16,9.1797,1.0,21701.0,1,11
380,2015-08-10,9.62,10.18,9.48,9.69,39514.0,9.62,0.0,10.18,9.48,9.69,1.0,39514.0,0,10
381,2015-08-07,9.735,10.0,9.62,10.0,17796.0,9.735,0.0,10.0,9.62,10.0,1.0,17796.0,4,07
382,2015-08-06,10.07,10.28,9.84,10.21,18789.0,10.07,0.0,10.28,9.84,10.21,1.0,18789.0,3,06
383,2015-08-05,10.34,10.48,10.04,10.48,25800.0,10.34,0.0,10.48,10.04,10.48,1.0,25800.0,2,05
384,2015-08-04,10.5,10.66,10.152,10.66,8033.0,10.5,0.0,10.66,10.152,10.66,1.0,8033.0,1,04
385,2015-08-03,10.42,11.15,10.18,10.86,35478.0,10.42,0.0,11.15,10.18,10.86,1.0,35478.0,0,03
386,2015-07-31,10.89,11.1,10.89,11.0,26066.0,10.89,0.0,11.1,10.89,11.0,1.0,26066.0,4,31
387,2015-07-30,11.06,11.08,10.69,10.9,53722.0,11.06,0.0,11.08,10.69,10.9,1.0,53722.0,3,30
388,2015-07-29,10.89,11.1,10.7501,11.1,188069.0,10.89,0.0,11.1,10.7501,11.1,1.0,188069.0,2,29
389,2015-07-28,11.18,11.43,10.83,11.43,22496.0,11.18,0.0,11.43,10.83,11.43,1.0,22496.0,1,28
390,2015-07-27,11.01,11.1,10.81,10.95,42124.0,11.01,0.0,11.1,10.81,10.95,1.0,42124.0,0,27
391,2015-07-24,11.0,11.14,10.82,10.86,55858.0,11.0,0.0,11.14,10.82,10.86,1.0,55858.0,4,24
392,2015-07-23,11.03,11.16,10.87,11.05,27100.0,11.03,0.0,11.16,10.87,11.05,1.0,27100.0,3,23
393,2015-07-22,10.96,10.99,10.29,10.63,36430.0,10.96,0.0,10.99,10.29,10.63,1.0,36430.0,2,22
394,2015-07-21,10.67,11.46,10.61,11.46,47963.0,10.67,0.0,11.46,10.61,11.46,1.0,47963.0,1,21
395,2015-07-20,11.4,11.75,11.09,11.33,63455.0,11.4,0.0,11.75,11.09,11.33,1.0,63455.0,0,20
396,2015-07-17,11.47,11.64,11.05,11.05,17224.0,11.47,0.0,11.64,11.05,11.05,1.0,17224.0,4,17
397,2015-07-16,10.99,11.57,10.8,11.14,45893.0,10.99,0.0,11.57,10.8,11.14,1.0,45893.0,3,16
398,2015-07-15,11.11,11.15,10.26,10.29,121831.0,11.11,0.0,11.15,10.26,10.29,1.0,121831.0,2,15
399,2015-07-14,10.25,10.9099,10.05,10.05,28438.0,10.25,0.0,10.9099,10.05,10.05,1.0,28438.0,1,14
400,2015-07-13,10.09,10.565,9.93,9.93,25651.0,10.09,0.0,10.565,9.93,9.93,1.0,25651.0,0,13
401,2015-07-10,9.88,10.44,9.88,10.0199,21438.0,9.88,0.0,10.44,9.88,10.0199,1.0,21438.0,4,10
402,2015-07-09,9.885,9.95,9.7185,9.91,27809.0,9.885,0.0,9.95,9.7185,9.91,1.0,27809.0,3,09
403,2015-07-08,9.82,9.98,9.66,9.8,24985.0,9.82,0.0,9.98,9.66,9.8,1.0,24985.0,2,08
404,2015-07-07,9.81,10.02,9.7603,10.02,9570.0,9.81,0.0,10.02,9.7603,10.02,1.0,9570.0,1,07
405,2015-07-06,9.9,10.215,9.629,9.8,68050.0,9.9,0.0,10.215,9.629,9.8,1.0,68050.0,0,06
406,2015-07-02,9.88,10.03,9.54,10.03,91523.0,9.88,0.0,10.03,9.54,10.03,1.0,91523.0,3,02
407,2015-07-01,9.53,10.7,8.59,10.0,539706.0,9.53,0.0,10.7,8.59,10.0,1.0,539706.0,2,01
408,2015-06-30,11.53,11.783,11.43,11.61,60600.0,11.53,0.0,11.783,11.43,11.61,1.0,60600.0,1,30
409,2015-06-29,11.62,12.2145,11.62,12.03,34748.0,11.62,0.0,12.2145,11.62,12.03,1.0,34748.0,0,29
410,2015-06-26,12.19,12.665,12.11,12.52,25725.0,12.19,0.0,12.665,12.11,12.52,1.0,25725.0,4,26
411,2015-06-25,12.57,12.86,12.3,12.86,26271.0,12.57,0.0,12.86,12.3,12.86,1.0,26271.0,3,25
412,2015-06-24,12.85,13.12,12.76,13.12,28578.0,12.85,0.0,13.12,12.76,13.12,1.0,28578.0,2,24
413,2015-06-23,12.9,13.367,12.46,12.76,149103.0,12.9,0.0,13.367,12.46,12.76,1.0,149103.0,1,23
414,2015-06-22,12.7,12.9509,12.47,12.6,25603.0,12.7,0.0,12.9509,12.47,12.6,1.0,25603.0,0,22
415,2015-06-19,12.47,12.88,12.15,12.38,38368.0,12.47,0.0,12.88,12.15,12.38,1.0,38368.0,4,19
416,2015-06-18,12.44,13.24,12.3,13.0,77427.0,12.44,0.0,13.24,12.3,13.0,1.0,77427.0,3,18
417,2015-06-17,13.08,13.7674,12.915,13.3,63822.0,13.08,0.0,13.7674,12.915,13.3,1.0,63822.0,2,17
418,2015-06-16,13.25,13.38,12.91,12.93,48402.0,13.25,0.0,13.38,12.91,12.93,1.0,48402.0,1,16
419,2015-06-15,12.88,13.64,12.45,12.45,136235.0,12.88,0.0,13.64,12.45,12.45,1.0,136235.0,0,15
420,2015-06-12,12.42,12.435,11.58,11.98,45755.0,12.42,0.0,12.435,11.58,11.98,1.0,45755.0,4,12
421,2015-06-11,11.96,12.2899,11.71,12.2,27397.0,11.96,0.0,12.2899,11.71,12.2,1.0,27397.0,3,11
422,2015-06-10,12.16,12.45,12.01,12.3851,19578.0,12.16,0.0,12.45,12.01,12.3851,1.0,19578.0,2,10
423,2015-06-09,12.29,12.5605,12.16,12.16,40508.0,12.29,0.0,12.5605,12.16,12.16,1.0,40508.0,1,09
424,2015-06-08,12.19,12.77,11.65,12.73,82309.0,12.19,0.0,12.77,11.65,12.73,1.0,82309.0,0,08
425,2015-06-05,12.84,13.0,12.57,12.85,25434.0,12.84,0.0,13.0,12.57,12.85,1.0,25434.0,4,05
426,2015-06-04,12.77,12.93,12.575,12.7076,41278.0,12.77,0.0,12.93,12.575,12.7076,1.0,41278.0,3,04
427,2015-06-03,12.78,13.376,12.3825,13.15,24422.0,12.78,0.0,13.376,12.3825,13.15,1.0,24422.0,2,03
428,2015-06-02,13.15,13.63,13.05,13.13,29895.0,13.15,0.0,13.63,13.05,13.13,1.0,29895.0,1,02
429,2015-06-01,13.17,14.1,13.11,13.93,27823.0,13.17,0.0,14.1,13.11,13.93,1.0,27823.0,0,01
430,2015-05-29,13.8,13.8937,13.19,13.19,51507.0,13.8,0.0,13.8937,13.19,13.19,1.0,51507.0,4,29
431,2015-05-28,13.15,13.49,12.25,12.41,212991.0,13.15,0.0,13.49,12.25,12.41,1.0,212991.0,3,28
432,2015-05-27,12.36,12.49,12.25,12.45,13430.0,12.36,0.0,12.49,12.25,12.45,1.0,13430.0,2,27
433,2015-05-26,12.35,12.79,12.31,12.65,34552.0,12.35,0.0,12.79,12.31,12.65,1.0,34552.0,1,26
434,2015-05-22,12.59,12.8399,12.42,12.65,9537.0,12.59,0.0,12.8399,12.42,12.65,1.0,9537.0,4,22
435,2015-05-21,12.57,12.78,12.2,12.3,45986.0,12.57,0.0,12.78,12.2,12.3,1.0,45986.0,3,21
436,2015-05-20,12.3,12.73,11.96,12.73,79207.0,12.3,0.0,12.73,11.96,12.73,1.0,79207.0,2,20
437,2015-05-19,12.94,13.24,12.59,13.0,54329.0,12.94,0.0,13.24,12.59,13.0,1.0,54329.0,1,19
438,2015-05-18,13.0,13.25,12.87,13.25,42383.0,13.0,0.0,13.25,12.87,13.25,1.0,42383.0,0,18
439,2015-05-15,13.11,13.7,12.96,13.7,48264.0,13.11,0.0,13.7,12.96,13.7,1.0,48264.0,4,15
440,2015-05-14,13.77,14.21,13.6001,13.87,29339.0,13.77,0.0,14.21,13.6001,13.87,1.0,29339.0,3,14
441,2015-05-13,13.69,14.86,13.25,14.03,111854.0,13.69,0.0,14.86,13.25,14.03,1.0,111854.0,2,13
442,2015-05-12,14.66,15.79,13.6,13.6,97210.0,14.66,0.0,15.79,13.6,13.6,1.0,97210.0,1,12
443,2015-05-11,13.6,14.7299,13.6,13.75,44376.0,13.6,0.0,14.7299,13.6,13.75,1.0,44376.0,0,11
444,2015-05-08,13.71,14.958,13.22,13.75,62408.0,13.71,0.0,14.958,13.22,13.75,1.0,62408.0,4,08
445,2015-05-07,13.59,13.895,13.1,13.895,173421.0,13.59,0.0,13.895,13.1,13.895,1.0,173421.0,3,07
446,2015-05-06,13.68,13.89,13.11,13.5,50344.0,13.68,0.0,13.89,13.11,13.5,1.0,50344.0,2,06
447,2015-05-05,13.388,13.8,13.25,13.8,25229.0,13.388,0.0,13.8,13.25,13.8,1.0,25229.0,1,05
448,2015-05-04,13.48,14.1,13.38,13.94,44763.0,13.48,0.0,14.1,13.38,13.94,1.0,44763.0,0,04
449,2015-05-01,13.42,13.48,13.14,13.2,10099.0,13.42,0.0,13.48,13.14,13.2,1.0,10099.0,4,01
450,2015-04-30,13.25,13.42,12.99,13.27,11497.0,13.25,0.0,13.42,12.99,13.27,1.0,11497.0,3,30
451,2015-04-29,13.56,13.69,13.3,13.53,12381.0,13.56,0.0,13.69,13.3,13.53,1.0,12381.0,2,29
452,2015-04-28,13.74,14.06,13.05,14.06,39915.0,13.74,0.0,14.06,13.05,14.06,1.0,39915.0,1,28
453,2015-04-27,14.03,14.72,13.511,14.68,42623.0,14.03,0.0,14.72,13.511,14.68,1.0,42623.0,0,27
454,2015-04-24,14.58,15.1373,14.27,14.92,37822.0,14.58,0.0,15.1373,14.27,14.92,1.0,37822.0,4,24
455,2015-04-23,14.68,14.92,14.27,14.36,137987.0,14.68,0.0,14.92,14.27,14.36,1.0,137987.0,3,23
456,2015-04-22,14.25,15.11,13.92,15.11,56248.0,14.25,0.0,15.11,13.92,15.11,1.0,56248.0,2,22
457,2015-04-21,14.91,15.7,14.82,15.62,52097.0,14.91,0.0,15.7,14.82,15.62,1.0,52097.0,1,21
458,2015-04-20,15.252,16.5399,15.0,15.9,44751.0,15.252,0.0,16.5399,15.0,15.9,1.0,44751.0,0,20
459,2015-04-17,15.85,16.8037,15.81,16.8037,34737.0,15.85,0.0,16.8037,15.81,16.8037,1.0,34737.0,4,17
460,2015-04-16,16.99,17.13,16.7501,16.989,14478.0,16.99,0.0,17.13,16.7501,16.989,1.0,14478.0,3,16
461,2015-04-15,16.94,17.319,16.84,16.84,12018.0,16.94,0.0,17.319,16.84,16.84,1.0,12018.0,2,15
462,2015-04-14,16.81,17.15,16.77,17.0,29892.0,16.81,0.0,17.15,16.77,17.0,1.0,29892.0,1,14
463,2015-04-13,17.08,17.5,16.76,16.76,14613.0,17.08,0.0,17.5,16.76,16.76,1.0,14613.0,0,13
464,2015-04-10,16.86,17.19,16.6401,16.9,46853.0,16.86,0.0,17.19,16.6401,16.9,1.0,46853.0,4,10
465,2015-04-09,16.95,17.08,16.12,16.77,27068.0,16.95,0.0,17.08,16.12,16.77,1.0,27068.0,3,09
466,2015-04-08,17.0,17.25,16.8575,17.1,57678.0,17.0,0.0,17.25,16.8575,17.1,1.0,57678.0,2,08
467,2015-04-07,16.89,17.12,16.22,16.22,24129.0,16.89,0.0,17.12,16.22,16.22,1.0,24129.0,1,07
468,2015-04-06,16.33,17.18,16.22,16.5,42196.0,16.33,0.0,17.18,16.22,16.5,1.0,42196.0,0,06
469,2015-04-02,16.51,17.15,16.35,17.15,20658.0,16.51,0.0,17.15,16.35,17.15,1.0,20658.0,3,02
470,2015-04-01,17.13,17.13,16.3101,16.88,13126.0,17.13,0.0,17.13,16.3101,16.88,1.0,13126.0,2,01
471,2015-03-31,16.865,17.21,16.44,17.21,14035.0,16.865,0.0,17.21,16.44,17.21,1.0,14035.0,1,31
472,2015-03-30,17.14,18.02,17.05,17.94,33948.0,17.14,0.0,18.02,17.05,17.94,1.0,33948.0,0,30
473,2015-03-27,16.75,17.459,16.6536,16.6536,11289.0,16.75,0.0,17.459,16.6536,16.6536,1.0,11289.0,4,27
474,2015-03-26,16.55,17.0953,16.11,16.56,24794.0,16.55,0.0,17.0953,16.11,16.56,1.0,24794.0,3,26
475,2015-03-25,16.83,18.86,16.5,18.86,47930.0,16.83,0.0,18.86,16.5,18.86,1.0,47930.0,2,25
476,2015-03-24,18.89,18.9799,17.452,18.45,17583.0,18.89,0.0,18.9799,17.452,18.45,1.0,17583.0,1,24
477,2015-03-23,18.85,18.99,17.91,18.6,16170.0,18.85,0.0,18.99,17.91,18.6,1.0,16170.0,0,23
478,2015-03-20,18.58,19.01,17.96,19.0,32950.0,18.58,0.0,19.01,17.96,19.0,1.0,32950.0,4,20
479,2015-03-19,18.69,19.0,17.38,17.69,40604.0,18.69,0.0,19.0,17.38,17.69,1.0,40604.0,3,19
480,2015-03-18,17.39,18.05,17.01,17.91,21292.0,17.39,0.0,18.05,17.01,17.91,1.0,21292.0,2,18
481,2015-03-17,17.76,17.9499,17.25,17.48,17057.0,17.76,0.0,17.9499,17.25,17.48,1.0,17057.0,1,17
482,2015-03-16,17.65,18.52,17.03,18.2501,32028.0,17.65,0.0,18.52,17.03,18.2501,1.0,32028.0,0,16
483,2015-03-13,18.35,18.8699,17.92,18.85,24751.0,18.35,0.0,18.8699,17.92,18.85,1.0,24751.0,4,13
484,2015-03-12,18.16,18.21,17.04,17.5,35326.0,18.16,0.0,18.21,17.04,17.5,1.0,35326.0,3,12
485,2015-03-11,17.3,17.8,16.72,17.8,38540.0,17.3,0.0,17.8,16.72,17.8,1.0,38540.0,2,11
486,2015-03-10,17.87,19.0,17.1,18.5,31230.0,17.87,0.0,19.0,17.1,18.5,1.0,31230.0,1,10
487,2015-03-09,18.64,19.5,18.5701,19.31,9773.0,18.64,0.0,19.5,18.5701,19.31,1.0,9773.0,0,09
488,2015-03-06,19.22,19.83,18.2051,19.4,53293.0,19.22,0.0,19.83,18.2051,19.4,1.0,53293.0,4,06
489,2015-03-05,19.45,19.7,18.04,18.7,54389.0,19.45,0.0,19.7,18.04,18.7,1.0,54389.0,3,05
490,2015-03-04,18.7,19.08,16.68,18.5,41176.0,18.7,0.0,19.08,16.68,18.5,1.0,41176.0,2,04
491,2015-03-03,18.46,19.87,18.31,19.5,21684.0,18.46,0.0,19.87,18.31,19.5,1.0,21684.0,1,03
492,2015-03-02,19.76,19.76,19.14,19.14,6930.0,19.76,0.0,19.76,19.14,19.14,1.0,6930.0,0,02
493,2015-02-27,19.34,20.2,19.1,19.1,35558.0,19.34,0.0,20.2,19.1,19.1,1.0,35558.0,4,27
494,2015-02-26,19.05,19.5366,18.88,19.17,10927.0,19.05,0.0,19.5366,18.88,19.17,1.0,10927.0,3,26
495,2015-02-25,19.28,20.4853,19.0,20.4853,24584.0,19.28,0.0,20.4853,19.0,20.4853,1.0,24584.0,2,25
496,2015-02-24,19.8,20.09,18.92,19.21,29969.0,19.8,0.0,20.09,18.92,19.21,1.0,29969.0,1,24
497,2015-02-23,19.33,19.86,18.75,19.56,19743.0,19.33,0.0,19.86,18.75,19.56,1.0,19743.0,0,23
498,2015-02-20,19.38,20.81,18.99,19.9,124717.0,19.38,0.0,20.81,18.99,19.9,1.0,124717.0,4,20
499,2015-02-19,19.65,19.7399,17.16,17.16,60867.0,19.65,0.0,19.7399,17.16,17.16,1.0,60867.0,3,19
500,2015-02-18,17.19,17.25,16.73,16.75,17304.0,17.19,0.0,17.25,16.73,16.75,1.0,17304.0,2,18
501,2015-02-17,16.52,16.74,16.29,16.4253,8637.0,16.52,0.0,16.74,16.29,16.4253,1.0,8637.0,1,17
502,2015-02-13,16.37,16.75,15.86,16.0046,20634.0,16.37,0.0,16.75,15.86,16.0046,1.0,20634.0,4,13
503,2015-02-12,16.2,16.2,15.6,16.0,23635.0,16.2,0.0,16.2,15.6,16.0,1.0,23635.0,3,12
504,2015-02-11,16.05,16.09,15.1,16.09,16196.0,16.05,0.0,16.09,15.1,16.09,1.0,16196.0,2,11
505,2015-02-10,16.1,16.25,15.4999,15.72,43847.0,16.1,0.0,16.25,15.4999,15.72,1.0,43847.0,1,10
506,2015-02-09,15.66,16.33,15.52,15.84,19257.0,15.66,0.0,16.33,15.52,15.84,1.0,19257.0,0,09
507,2015-02-06,15.57,15.97,15.3,15.3,31905.0,15.57,0.0,15.97,15.3,15.3,1.0,31905.0,4,06
508,2015-02-05,15.24,15.75,14.7501,14.78,29208.0,15.24,0.0,15.75,14.7501,14.78,1.0,29208.0,3,05
509,2015-02-04,14.86,15.78,14.03,15.78,128742.0,14.86,0.0,15.78,14.03,15.78,1.0,128742.0,2,04
510,2015-02-03,15.81,17.0,15.25,17.0,76082.0,15.81,0.0,17.0,15.25,17.0,1.0,76082.0,1,03
511,2015-02-02,17.25,17.8699,16.7047,17.72,28596.0,17.25,0.0,17.8699,16.7047,17.72,1.0,28596.0,0,02
512,2015-01-30,17.79,17.89,16.26,17.24,31025.0,17.79,0.0,17.89,16.26,17.24,1.0,31025.0,4,30
513,2015-01-29,17.24,18.33,16.6,18.14,54087.0,17.24,0.0,18.33,16.6,18.14,1.0,54087.0,3,29
514,2015-01-28,18.25,19.14,18.12,19.1,46307.0,18.25,0.0,19.14,18.12,19.1,1.0,46307.0,2,28
515,2015-01-27,18.95,19.74,18.25,19.21,60502.0,18.95,0.0,19.74,18.25,19.21,1.0,60502.0,1,27
516,2015-01-26,19.44,20.4,19.15,19.66,42058.0,19.44,0.0,20.4,19.15,19.66,1.0,42058.0,0,26
517,2015-01-23,20.24,20.24,19.02,19.4,38314.0,20.24,0.0,20.24,19.02,19.4,1.0,38314.0,4,23
518,2015-01-22,20.6,20.68,18.0101,18.26,66052.0,20.6,0.0,20.68,18.0101,18.26,1.0,66052.0,3,22
519,2015-01-21,18.31,18.91,17.01,18.13,97755.0,18.31,0.0,18.91,17.01,18.13,1.0,97755.0,2,21
520,2015-01-20,17.97,21.774,17.81,21.56,135185.0,17.97,0.0,21.774,17.81,21.56,1.0,135185.0,1,20
521,2015-01-16,21.65,22.2499,21.27,22.12,39828.0,21.65,0.0,22.2499,21.27,22.12,1.0,39828.0,4,16
522,2015-01-15,21.98,22.21,21.1247,21.67,54889.0,21.98,0.0,22.21,21.1247,21.67,1.0,54889.0,3,15
523,2015-01-14,21.63,22.279,21.03,21.7,94816.0,21.63,0.0,22.279,21.03,21.7,1.0,94816.0,2,14
524,2015-01-13,21.82,22.547,21.7,22.0,84481.0,21.82,0.0,22.547,21.7,22.0,1.0,84481.0,1,13
525,2015-01-12,21.92,22.6312,21.5,22.18,93231.0,21.92,0.0,22.6312,21.5,22.18,1.0,93231.0,0,12
526,2015-01-09,21.87,23.5,21.54,23.23,71089.0,21.87,0.0,23.5,21.54,23.23,1.0,71089.0,4,09
527,2015-01-08,23.0,23.1,21.0,21.38,126603.0,23.0,0.0,23.1,21.0,21.38,1.0,126603.0,3,08
528,2015-01-07,20.9,21.88,19.0501,19.42,95700.0,20.9,0.0,21.88,19.0501,19.42,1.0,95700.0,2,07
529,2015-01-06,18.84,19.8353,18.58,19.1,36940.0,18.84,0.0,19.8353,18.58,19.1,1.0,36940.0,1,06
530,2015-01-05,19.15,20.4899,18.5,19.18,50408.0,19.15,0.0,20.4899,18.5,19.18,1.0,50408.0,0,05
531,2015-01-02,18.7,20.6,18.501,19.79,38618.0,18.7,0.0,20.6,18.501,19.79,1.0,38618.0,4,02
532,2014-12-31,19.75,21.23,19.5,19.86,42211.0,19.75,0.0,21.23,19.5,19.86,1.0,42211.0,2,31
533,2014-12-30,19.79,21.95,19.75,20.4,161325.0,19.79,0.0,21.95,19.75,20.4,1.0,161325.0,1,30
534,2014-12-29,19.91,20.55,17.25,17.49,212985.0,19.91,0.0,20.55,17.25,17.49,1.0,212985.0,0,29
535,2014-12-26,17.045,17.5,15.83,15.88,64394.0,17.045,0.0,17.5,15.83,15.88,1.0,64394.0,4,26
536,2014-12-24,15.4947,15.4947,15.12,15.12,5010.0,15.4947,0.0,15.4947,15.12,15.12,1.0,5010.0,2,24
537,2014-12-23,15.31,15.98,14.99,15.62,16551.0,15.31,0.0,15.98,14.99,15.62,1.0,16551.0,1,23
538,2014-12-22,15.24,15.85,14.6,15.5,79381.0,15.24,0.0,15.85,14.6,15.5,1.0,79381.0,0,22
539,2014-12-19,15.6,17.15,15.58,16.0,31228.0,15.6,0.0,17.15,15.58,16.0,1.0,31228.0,4,19
540,2014-12-18,16.01,16.64,15.3,15.91,49331.0,16.01,0.0,16.64,15.3,15.91,1.0,49331.0,3,18
541,2014-12-17,15.262,15.49,14.72,15.23,31555.0,15.262,0.0,15.49,14.72,15.23,1.0,31555.0,2,17
542,2014-12-16,15.39,15.98,14.69,15.67,43750.0,15.39,0.0,15.98,14.69,15.67,1.0,43750.0,1,16
543,2014-12-15,15.48,18.0,15.03,17.69,79288.0,15.48,0.0,18.0,15.03,17.69,1.0,79288.0,0,15
544,2014-12-12,17.05,17.6,16.0601,16.71,36987.0,17.05,0.0,17.6,16.0601,16.71,1.0,36987.0,4,12
545,2014-12-11,17.14,18.0,15.75,16.21,99408.0,17.14,0.0,18.0,15.75,16.21,1.0,99408.0,3,11
546,2014-12-10,16.07,16.62,14.06,14.26,128157.0,16.07,0.0,16.62,14.06,14.26,1.0,128157.0,2,10
547,2014-12-09,14.6,14.61,13.6,13.61,23510.0,14.6,0.0,14.61,13.6,13.61,1.0,23510.0,1,09
548,2014-12-08,14.24,14.419,13.6,13.6,18443.0,14.24,0.0,14.419,13.6,13.6,1.0,18443.0,0,08
549,2014-12-05,13.96,14.55,13.01,13.6,39425.0,13.96,0.0,14.55,13.01,13.6,1.0,39425.0,4,05
550,2014-12-04,13.74,14.82,13.62,14.7,37736.0,13.74,0.0,14.82,13.62,14.7,1.0,37736.0,3,04
551,2014-12-03,14.47,15.05,13.5,13.5,90179.0,14.47,0.0,15.05,13.5,13.5,1.0,90179.0,2,03
552,2014-12-02,13.15,13.8499,12.3,12.5,46621.0,13.15,0.0,13.8499,12.3,12.5,1.0,46621.0,1,02
553,2014-12-01,12.21,13.1799,12.06,13.05,43398.0,12.21,0.0,13.1799,12.06,13.05,1.0,43398.0,0,01
554,2014-11-28,13.2,13.4,12.51,12.51,28897.0,13.2,0.0,13.4,12.51,12.51,1.0,28897.0,4,28
555,2014-11-26,12.54,12.67,12.5,12.62,25342.0,12.54,0.0,12.67,12.5,12.62,1.0,25342.0,2,26
556,2014-11-25,12.68,12.9099,12.51,12.6,22160.0,12.68,0.0,12.9099,12.51,12.6,1.0,22160.0,1,25
557,2014-11-24,12.52,12.75,12.5,12.75,28472.0,12.52,0.0,12.75,12.5,12.75,1.0,28472.0,0,24
558,2014-11-21,12.65,13.7,12.55,13.3,45473.0,12.65,0.0,13.7,12.55,13.3,1.0,45473.0,4,21
559,2014-11-20,13.17,13.655,12.8401,13.61,65956.0,13.17,0.0,13.655,12.8401,13.61,1.0,65956.0,3,20
560,2014-11-19,13.66,14.0,13.6,14.0,34284.0,13.66,0.0,14.0,13.6,14.0,1.0,34284.0,2,19
561,2014-11-18,14.0,14.0,13.45,13.51,59060.0,14.0,0.0,14.0,13.45,13.51,1.0,59060.0,1,18
562,2014-11-17,13.45,13.99,13.08,13.2,33187.0,13.45,0.0,13.99,13.08,13.2,1.0,33187.0,0,17
563,2014-11-14,12.7,13.4095,12.51,13.0,43764.0,12.7,0.0,13.4095,12.51,13.0,1.0,43764.0,4,14
564,2014-11-13,13.42,13.42,12.0,13.27,140386.0,13.42,0.0,13.42,12.0,13.27,1.0,140386.0,3,13
565,2014-11-12,13.41,16.99,13.1,16.5,136184.0,13.41,0.0,16.99,13.1,16.5,1.0,136184.0,2,12
566,2014-11-11,16.47,18.476,16.0,17.5,187146.0,16.47,0.0,18.476,16.0,17.5,1.0,187146.0,1,11
567,2014-11-10,16.0,16.71,13.25,13.48,172806.0,16.0,0.0,16.71,13.25,13.48,1.0,172806.0,0,10
568,2014-11-07,13.29,13.29,12.5,13.0,126217.0,13.29,0.0,13.29,12.5,13.0,1.0,126217.0,4,07
569,2014-11-06,11.97,12.6267,10.35,10.35,258256.0,11.97,0.0,12.6267,10.35,10.35,1.0,258256.0,3,06
570,2014-11-05,10.5,11.55,9.21,10.02,805078.0,10.5,0.0,11.55,9.21,10.02,1.0,805078.0,2,05
