,adj_close,adj_high,adj_low,adj_open,adj_volume,close,ex_dividend,high,low,open,split_ratio,volume
2017-02-10,9.5,9.5,9.5,9.5,135.0,9.5,0.0,9.5,9.5,9.5,1.0,135.0
2017-02-09,7.92,7.92,7.92,7.92,102.0,7.92,0.0,7.92,7.92,7.92,1.0,102.0
2017-02-03,9.9,9.9,9.9,9.9,580.0,9.9,0.0,9.9,9.9,9.9,1.0,580.0
2017-01-31,8.82,8.82,8.82,8.82,82.0,8.82,0.0,8.82,8.82,8.82,1.0,82.0
2017-01-27,8.82,8.82,8.82,8.82,100.0,8.82,0.0,8.82,8.82,8.82,1.0,100.0
2017-01-26,9.6,9.6,9.6,9.6,630.0,9.6,0.0,9.6,9.6,9.6,1.0,630.0
2017-01-25,10.45,10.45,10.45,10.45,100.0,10.45,0.0,10.45,10.45,10.45,1.0,100.0
2017-01-24,10.461,10.78,10.461,10.78,308.0,10.461,0.0,10.78,10.461,10.78,1.0,308.0
2017-01-20,9.8,9.8,9.09,9.09,259.0,9.8,0.0,9.8,9.09,9.09,1.0,259.0
2017-01-19,10.1,10.1,10.1,10.1,158.0,10.1,0.0,10.1,10.1,10.1,1.0,158.0
2017-01-04,9.62,9.62,9.62,9.62,50.0,9.62,0.0,9.62,9.62,9.62,1.0,50.0
2017-01-03,9.62,9.62,9.62,9.62,1162.0,9.62,0.0,9.62,9.62,9.62,1.0,1162.0
2016-12-30,9.84,9.84,9.84,9.84,1.0,9.84,0.0,9.84,9.84,9.84,1.0,1.0
2016-12-21,9.84,9.84,9.46,9.46,1737.0,9.84,0.0,9.84,9.46,9.46,1.0,1737.0
2016-12-20,10.7798,11.66,10.7798,11.66,210.0,10.7798,0.0,11.66,10.7798,11.66,1.0,210.0
2016-12-19,9.72,9.72,9.72,9.72,710.0,9.72,0.0,9.72,9.72,9.72,1.0,710.0
2016-12-09,7.6,7.6,7.6,7.6,294.0,7.6,0.0,7.6,7.6,7.6,1.0,294.0
2016-12-06,9.9,9.9,9.9,9.9,94.0,9.9,0.0,9.9,9.9,9.9,1.0,94.0
2016-12-01,9.9,9.9,9.9,9.9,70.0,9.9,0.0,9.9,9.9,9.9,1.0,70.0
2016-11-30,9.9,9.91,9.9,9.91,200.0,9.9,0.0,9.91,9.9,9.91,1.0,200.0
2016-11-29,9.8,9.8,9.8,9.8,0.0,9.8,0.0,9.8,9.8,9.8,1.0,0.0
2016-11-28,9.8,9.8001,9.65,9.65,1403.0,9.8,0.0,9.8001,9.65,9.65,1.0,1403.0
2016-11-25,10.0101,10.0101,10.0101,10.0101,0.0,10.0101,0.0,10.0101,10.0101,10.0101,1.0,0.0
2016-11-23,10.0101,10.0101,10.0101,10.0101,0.0,10.0101,0.0,10.0101,10.0101,10.0101,1.0,0.0
2016-11-22,10.0101,10.0101,10.0101,10.0101,0.0,10.0101,0.0,10.0101,10.0101,10.0101,1.0,0.0
2016-11-21,10.0101,10.0101,10.0101,10.0101,3.0,10.0101,0.0,10.0101,10.0101,10.0101,1.0,3.0
2016-11-18,10.0101,10.0101,10.0101,10.0101,24.0,10.0101,0.0,10.0101,10.0101,10.0101,1.0,24.0
2016-11-17,10.0101,10.0101,10.0101,10.0101,0.0,10.0101,0.0,10.0101,10.0101,10.0101,1.0,0.0
2016-11-16,10.0101,10.0101,10.0101,10.0101,16.0,10.0101,0.0,10.0101,10.0101,10.0101,1.0,16.0
2016-11-15,10.0101,10.0101,10.0101,10.0101,0.0,10.0101,0.0,10.0101,10.0101,10.0101,1.0,0.0
2016-11-14,10.0101,10.0101,10.0101,10.0101,0.0,10.0101,0.0,10.0101,10.0101,10.0101,1.0,0.0
2016-11-11,10.0101,10.0101,10.0101,10.0101,0.0,10.0101,0.0,10.0101,10.0101,10.0101,1.0,0.0
2016-11-10,10.0101,10.0101,10.0101,10.0101,90.0,10.0101,0.0,10.0101,10.0101,10.0101,1.0,90.0
2016-11-09,10.0101,10.0101,10.0101,10.0101,100.0,10.0101,0.0,10.0101,10.0101,10.0101,1.0,100.0
2016-11-08,9.6593,9.6593,9.6593,9.6593,101.0,9.6593,0.0,9.6593,9.6593,9.6593,1.0,101.0
2016-11-07,10.4,10.4,10.4,10.4,100.0,10.4,0.0,10.4,10.4,10.4,1.0,100.0
2016-11-04,10.5,10.5,10.5,10.5,500.0,10.5,0.0,10.5,10.5,10.5,1.0,500.0
2016-11-03,11.5,12.25,11.5,12.25,664.0,11.5,0.0,12.25,11.5,12.25,1.0,664.0
2016-11-02,10.2999,10.2999,10.2999,10.2999,0.0,10.2999,0.0,10.2999,10.2999,10.2999,1.0,0.0
2016-11-01,10.2999,10.2999,10.2999,10.2999,0.0,10.2999,0.0,10.2999,10.2999,10.2999,1.0,0.0
2016-10-31,10.2999,10.2999,10.2999,10.2999,0.0,10.2999,0.0,10.2999,10.2999,10.2999,1.0,0.0
2016-10-28,10.2999,10.2999,10.2999,10.2999,419.0,10.2999,0.0,10.2999,10.2999,10.2999,1.0,419.0
2016-10-27,10.52,10.52,10.52,10.52,5.0,10.52,0.0,10.52,10.52,10.52,1.0,5.0
2016-10-26,10.52,10.52,10.5199,10.52,516.0,10.52,0.0,10.52,10.5199,10.52,1.0,516.0
2016-10-25,10.52,10.52,10.51,10.51,223.0,10.52,0.0,10.52,10.51,10.51,1.0,223.0
2016-10-24,10.5001,10.5001,10.5001,10.5001,0.0,10.5001,0.0,10.5001,10.5001,10.5001,1.0,0.0
2016-10-21,10.5001,10.52,10.5001,10.52,520.0,10.5001,0.0,10.52,10.5001,10.52,1.0,520.0
2016-10-20,10.52,10.52,10.5,10.52,529214.0,10.52,0.0,10.52,10.5,10.52,1.0,529214.0
2016-10-19,10.49,10.52,10.49,10.51,4266.0,10.49,0.0,10.52,10.49,10.51,1.0,4266.0
2016-10-18,10.5199,10.5199,10.5199,10.5199,4144.0,10.5199,0.0,10.5199,10.5199,10.5199,1.0,4144.0
2016-10-17,10.52,10.52,10.52,10.52,0.0,10.52,0.0,10.52,10.52,10.52,1.0,0.0
2016-10-14,10.52,10.52,10.5,10.5,1100.0,10.52,0.0,10.52,10.5,10.5,1.0,1100.0
2016-10-13,10.52,10.535,10.5,10.535,2102.0,10.52,0.0,10.535,10.5,10.535,1.0,2102.0
2016-10-12,10.5,10.5,10.5,10.5,1.0,10.5,0.0,10.5,10.5,10.5,1.0,1.0
2016-10-11,10.5,10.5,10.5,10.5,2898.0,10.5,0.0,10.5,10.5,10.5,1.0,2898.0
2016-10-10,10.5372,10.5372,10.5,10.52,740.0,10.5372,0.0,10.5372,10.5,10.52,1.0,740.0
2016-10-07,10.7702,10.7702,10.7702,10.7702,0.0,10.7702,0.0,10.7702,10.7702,10.7702,1.0,0.0
2016-10-06,10.7702,10.9,10.55,10.55,1642.0,10.7702,0.0,10.9,10.55,10.55,1.0,1642.0
2016-10-05,10.5,10.5,10.5,10.5,0.0,10.5,0.0,10.5,10.5,10.5,1.0,0.0
2016-10-04,10.5,10.5,10.5,10.5,32.0,10.5,0.0,10.5,10.5,10.5,1.0,32.0
2016-10-03,10.5,10.5,10.5,10.5,62.0,10.5,0.0,10.5,10.5,10.5,1.0,62.0
2016-09-30,10.5,10.59,10.45,10.54,165845.0,10.5,0.0,10.59,10.45,10.54,1.0,165845.0
2016-09-29,10.5,10.86,10.4782,10.48,22410.0,10.5,0.0,10.86,10.4782,10.48,1.0,22410.0
2016-09-28,10.45,10.45,10.45,10.45,1.0,10.45,0.0,10.45,10.45,10.45,1.0,1.0
2016-09-27,10.45,10.46,10.45,10.45,2878.0,10.45,0.0,10.46,10.45,10.45,1.0,2878.0
2016-09-26,10.44,10.44,10.44,10.44,500.0,10.44,0.0,10.44,10.44,10.44,1.0,500.0
2016-09-23,10.43,10.43,10.43,10.43,3680.0,10.43,0.0,10.43,10.43,10.43,1.0,3680.0
2016-09-22,10.45,10.45,10.45,10.45,73.0,10.45,0.0,10.45,10.45,10.45,1.0,73.0
2016-09-21,10.45,10.45,10.44,10.44,1204.0,10.45,0.0,10.45,10.44,10.44,1.0,1204.0
2016-09-20,10.45,10.45,10.45,10.45,125.0,10.45,0.0,10.45,10.45,10.45,1.0,125.0
2016-09-19,10.455,10.49,10.455,10.49,301.0,10.455,0.0,10.49,10.455,10.49,1.0,301.0
2016-09-16,10.44,10.44,10.44,10.44,100.0,10.44,0.0,10.44,10.44,10.44,1.0,100.0
2016-09-15,10.45,10.5,10.44,10.5,203700.0,10.45,0.0,10.5,10.44,10.5,1.0,203700.0
2016-09-14,10.49,10.49,10.44,10.4662,1197400.0,10.49,0.0,10.49,10.44,10.4662,1.0,1197400.0
2016-09-13,10.48,10.48,10.44,10.44,601488.0,10.48,0.0,10.48,10.44,10.44,1.0,601488.0
2016-09-12,10.4001,10.4001,10.4001,10.4001,416.0,10.4001,0.0,10.4001,10.4001,10.4001,1.0,416.0
2016-09-09,10.4001,10.49,10.11,10.46,9719.0,10.4001,0.0,10.49,10.11,10.46,1.0,9719.0
2016-09-08,10.31,10.5,10.31,10.48,8339.0,10.31,0.0,10.5,10.31,10.48,1.0,8339.0
2016-09-07,10.5,10.5,10.44,10.44,7001.0,10.5,0.0,10.5,10.44,10.44,1.0,7001.0
2016-09-06,10.27,10.27,10.25,10.25,1536.0,10.27,0.0,10.27,10.25,10.25,1.0,1536.0
2016-09-02,10.4,10.4,10.4,10.4,130.0,10.4,0.0,10.4,10.4,10.4,1.0,130.0
2016-09-01,10.4,10.4,10.4,10.4,0.0,10.4,0.0,10.4,10.4,10.4,1.0,0.0
2016-08-31,10.4,10.5,10.39,10.44,27046.0,10.4,0.0,10.5,10.39,10.44,1.0,27046.0
2016-08-30,10.45,10.6,10.1,10.1499,23535.0,10.45,0.0,10.6,10.1,10.1499,1.0,23535.0
2016-08-29,10.08,10.08,10.08,10.08,0.0,10.08,0.0,10.08,10.08,10.08,1.0,0.0
2016-08-26,10.08,10.08,10.08,10.08,0.0,10.08,0.0,10.08,10.08,10.08,1.0,0.0
2016-08-25,10.08,10.08,10.08,10.08,100.0,10.08,0.0,10.08,10.08,10.08,1.0,100.0
2016-08-24,10.05,10.05,10.05,10.05,0.0,10.05,0.0,10.05,10.05,10.05,1.0,0.0
2016-08-23,10.05,10.08,10.05,10.08,607.0,10.05,0.0,10.08,10.05,10.08,1.0,607.0
2016-08-22,10.5,10.5,10.5,10.5,3.0,10.5,0.0,10.5,10.5,10.5,1.0,3.0
2016-08-19,10.5,10.5,10.5,10.5,0.0,10.5,0.0,10.5,10.5,10.5,1.0,0.0
2016-08-18,10.5,10.5,10.5,10.5,0.0,10.5,0.0,10.5,10.5,10.5,1.0,0.0
2016-08-17,10.5,10.5,10.5,10.5,24.0,10.5,0.0,10.5,10.5,10.5,1.0,24.0
2016-08-16,10.5,10.5,10.0,10.04,2649.0,10.5,0.0,10.5,10.0,10.04,1.0,2649.0
2016-08-15,10.09,10.09,10.09,10.09,166.0,10.09,0.0,10.09,10.09,10.09,1.0,166.0
2016-08-12,10.09,10.09,10.09,10.09,54.0,10.09,0.0,10.09,10.09,10.09,1.0,54.0
2016-08-11,10.09,10.09,10.09,10.09,12.0,10.09,0.0,10.09,10.09,10.09,1.0,12.0
2016-08-10,10.09,10.09,10.0,10.0,413.0,10.09,0.0,10.09,10.0,10.0,1.0,413.0
2016-08-09,10.05,10.05,10.05,10.05,4.0,10.05,0.0,10.05,10.05,10.05,1.0,4.0
2016-08-08,10.05,10.1,10.05,10.1,402.0,10.05,0.0,10.1,10.05,10.1,1.0,402.0
2016-08-05,10.1,10.1,10.1,10.1,2.0,10.1,0.0,10.1,10.1,10.1,1.0,2.0
2016-08-04,10.1,10.1,10.1,10.1,2.0,10.1,0.0,10.1,10.1,10.1,1.0,2.0
2016-08-03,10.1,10.15,10.1,10.1,1415.0,10.1,0.0,10.15,10.1,10.1,1.0,1415.0
2016-08-02,10.32,10.32,10.32,10.32,2.0,10.32,0.0,10.32,10.32,10.32,1.0,2.0
2016-08-01,10.32,10.3999,10.0501,10.3999,457.0,10.32,0.0,10.3999,10.0501,10.3999,1.0,457.0
2016-07-29,10.02,10.02,10.02,10.02,76.0,10.02,0.0,10.02,10.02,10.02,1.0,76.0
2016-07-28,10.02,10.02,10.02,10.02,2.0,10.02,0.0,10.02,10.02,10.02,1.0,2.0
2016-07-27,10.02,10.02,10.02,10.02,0.0,10.02,0.0,10.02,10.02,10.02,1.0,0.0
2016-07-26,10.02,10.02,10.02,10.02,0.0,10.02,0.0,10.02,10.02,10.02,1.0,0.0
2016-07-25,10.02,10.269,10.02,10.269,545.0,10.02,0.0,10.269,10.02,10.269,1.0,545.0
2016-07-22,10.31,10.31,10.31,10.31,0.0,10.31,0.0,10.31,10.31,10.31,1.0,0.0
2016-07-21,10.31,10.31,10.31,10.31,3.0,10.31,0.0,10.31,10.31,10.31,1.0,3.0
2016-07-20,10.31,10.31,10.31,10.31,54.0,10.31,0.0,10.31,10.31,10.31,1.0,54.0
2016-07-19,10.31,10.31,10.31,10.31,4.0,10.31,0.0,10.31,10.31,10.31,1.0,4.0
2016-07-18,10.31,10.31,10.31,10.31,543.0,10.31,0.0,10.31,10.31,10.31,1.0,543.0
2016-07-15,10.31,10.39,10.31,10.387,2386.0,10.31,0.0,10.39,10.31,10.387,1.0,2386.0
2016-07-14,10.34,10.34,10.34,10.34,4.0,10.34,0.0,10.34,10.34,10.34,1.0,4.0
2016-07-13,10.34,10.34,10.34,10.34,1304.0,10.34,0.0,10.34,10.34,10.34,1.0,1304.0
2016-07-12,10.3401,10.3401,10.3401,10.3401,525.0,10.3401,0.0,10.3401,10.3401,10.3401,1.0,525.0
2016-07-11,10.34,10.3401,10.31,10.31,2339.0,10.34,0.0,10.3401,10.31,10.31,1.0,2339.0
2016-07-08,10.34,10.34,10.34,10.34,1737.0,10.34,0.0,10.34,10.34,10.34,1.0,1737.0
2016-07-07,10.34,10.34,10.31,10.31,2410.0,10.34,0.0,10.34,10.31,10.31,1.0,2410.0
2016-07-06,10.35,10.3899,10.35,10.3899,719.0,10.35,0.0,10.3899,10.35,10.3899,1.0,719.0
2016-07-05,10.3899,10.3899,10.3899,10.3899,154.0,10.3899,0.0,10.3899,10.3899,10.3899,1.0,154.0
2016-07-01,10.39,10.39,10.39,10.39,0.0,10.39,0.0,10.39,10.39,10.39,1.0,0.0
2016-06-30,10.39,10.39,10.08,10.08,4835.0,10.39,0.0,10.39,10.08,10.08,1.0,4835.0
2016-06-29,10.3853,10.3853,10.31,10.31,2900.0,10.3853,0.0,10.3853,10.31,10.31,1.0,2900.0
2016-06-28,10.32,10.32,10.31,10.31,400.0,10.32,0.0,10.32,10.31,10.31,1.0,400.0
2016-06-27,10.35,10.43,10.35,10.43,6300.0,10.35,0.0,10.43,10.35,10.43,1.0,6300.0
2016-06-24,10.35,10.44,10.35,10.44,1300.0,10.35,0.0,10.44,10.35,10.44,1.0,1300.0
2016-06-23,10.388,10.388,10.345,10.36,4801.0,10.388,0.0,10.388,10.345,10.36,1.0,4801.0
2016-06-22,10.32,10.32,10.32,10.32,0.0,10.32,0.0,10.32,10.32,10.32,1.0,0.0
2016-06-21,10.32,10.32,10.32,10.32,0.0,10.32,0.0,10.32,10.32,10.32,1.0,0.0
2016-06-20,10.32,10.32,10.32,10.32,229.0,10.32,0.0,10.32,10.32,10.32,1.0,229.0
2016-06-17,10.36,10.36,10.36,10.36,3.0,10.36,0.0,10.36,10.36,10.36,1.0,3.0
2016-06-16,10.36,10.37,10.32,10.36,101233.0,10.36,0.0,10.37,10.32,10.36,1.0,101233.0
2016-06-15,10.38,10.38,10.38,10.38,0.0,10.38,0.0,10.38,10.38,10.38,1.0,0.0
2016-06-14,10.38,10.45,10.27,10.31,2102.0,10.38,0.0,10.45,10.27,10.31,1.0,2102.0
2016-06-13,10.4,10.4,10.3693,10.3693,1681.0,10.4,0.0,10.4,10.3693,10.3693,1.0,1681.0
2016-06-10,10.4,10.45,10.4,10.4,1679.0,10.4,0.0,10.45,10.4,10.4,1.0,1679.0
2016-06-09,10.45,10.45,10.33,10.4,302093.0,10.45,0.0,10.45,10.33,10.4,1.0,302093.0
2016-06-08,10.45,10.45,10.27,10.27,804.0,10.45,0.0,10.45,10.27,10.27,1.0,804.0
2016-06-07,10.45,10.46,10.37,10.37,4500.0,10.45,0.0,10.46,10.37,10.37,1.0,4500.0
2016-06-06,10.45,10.45,10.45,10.45,39.0,10.45,0.0,10.45,10.45,10.45,1.0,39.0
2016-06-03,10.45,10.45,10.399,10.399,3710.0,10.45,0.0,10.45,10.399,10.399,1.0,3710.0
2016-06-02,10.43,10.43,10.32,10.35,1902.0,10.43,0.0,10.43,10.32,10.35,1.0,1902.0
2016-06-01,10.4,10.4,10.4,10.4,198.0,10.4,0.0,10.4,10.4,10.4,1.0,198.0
2016-05-31,10.39,10.39,10.39,10.39,0.0,10.39,0.0,10.39,10.39,10.39,1.0,0.0
2016-05-27,10.39,10.39,10.39,10.39,0.0,10.39,0.0,10.39,10.39,10.39,1.0,0.0
2016-05-26,10.39,10.44,10.3299,10.3499,18992.0,10.39,0.0,10.44,10.3299,10.3499,1.0,18992.0
2016-05-25,10.43,10.43,10.3109,10.3109,1153.0,10.43,0.0,10.43,10.3109,10.3109,1.0,1153.0
2016-05-24,10.43,10.43,10.43,10.43,0.0,10.43,0.0,10.43,10.43,10.43,1.0,0.0
2016-05-23,10.43,10.43,10.43,10.43,357.0,10.43,0.0,10.43,10.43,10.43,1.0,357.0
2016-05-20,10.36,10.36,10.36,10.36,39.0,10.36,0.0,10.36,10.36,10.36,1.0,39.0
2016-05-19,10.36,10.4,10.34,10.4,600.0,10.36,0.0,10.4,10.34,10.4,1.0,600.0
2016-05-18,10.4,10.4,10.37,10.37,847.0,10.4,0.0,10.4,10.37,10.37,1.0,847.0
2016-05-17,10.44,10.45,10.35,10.36,2514.0,10.44,0.0,10.45,10.35,10.36,1.0,2514.0
2016-05-16,10.43,10.43,10.43,10.43,110.0,10.43,0.0,10.43,10.43,10.43,1.0,110.0
2016-05-13,10.37,10.37,10.37,10.37,5.0,10.37,0.0,10.37,10.37,10.37,1.0,5.0
2016-05-12,10.37,10.39,10.34,10.39,2166.0,10.37,0.0,10.39,10.34,10.39,1.0,2166.0
2016-05-11,10.35,10.35,10.35,10.35,30.0,10.35,0.0,10.35,10.35,10.35,1.0,30.0
2016-05-10,10.35,10.35,10.35,10.35,602.0,10.35,0.0,10.35,10.35,10.35,1.0,602.0
2016-05-09,10.35,10.35,10.324,10.35,114231.0,10.35,0.0,10.35,10.324,10.35,1.0,114231.0
2016-05-06,10.35,10.35,10.35,10.35,0.0,10.35,0.0,10.35,10.35,10.35,1.0,0.0
2016-05-05,10.35,10.35,10.3,10.35,700100.0,10.35,0.0,10.35,10.3,10.35,1.0,700100.0
2016-05-04,10.29,10.29,10.28,10.28,11500.0,10.29,0.0,10.29,10.28,10.28,1.0,11500.0
2016-05-03,10.3,10.3,10.3,10.3,0.0,10.3,0.0,10.3,10.3,10.3,1.0,0.0
2016-05-02,10.3,10.3,10.3,10.3,102.0,10.3,0.0,10.3,10.3,10.3,1.0,102.0
2016-04-29,10.31,10.31,10.31,10.31,0.0,10.31,0.0,10.31,10.31,10.31,1.0,0.0
2016-04-28,10.31,10.31,10.31,10.31,100.0,10.31,0.0,10.31,10.31,10.31,1.0,100.0
2016-04-27,10.3,10.3,10.3,10.3,0.0,10.3,0.0,10.3,10.3,10.3,1.0,0.0
2016-04-26,10.3,10.3,10.3,10.3,4.0,10.3,0.0,10.3,10.3,10.3,1.0,4.0
2016-04-25,10.3,10.3,10.3,10.3,100704.0,10.3,0.0,10.3,10.3,10.3,1.0,100704.0
2016-04-22,10.35,10.35,10.34,10.34,204.0,10.35,0.0,10.35,10.34,10.34,1.0,204.0
2016-04-21,10.3,10.3,10.29,10.29,812.0,10.3,0.0,10.3,10.29,10.29,1.0,812.0
2016-04-20,10.3,10.304,10.27,10.27,2508.0,10.3,0.0,10.304,10.27,10.27,1.0,2508.0
2016-04-19,10.29,10.29,10.29,10.29,104.0,10.29,0.0,10.29,10.29,10.29,1.0,104.0
2016-04-18,10.2901,10.2901,10.2901,10.2901,2.0,10.2901,0.0,10.2901,10.2901,10.2901,1.0,2.0
2016-04-15,10.2901,10.39,10.27,10.39,3206.0,10.2901,0.0,10.39,10.27,10.39,1.0,3206.0
2016-04-14,10.4,10.4,10.4,10.4,402.0,10.4,0.0,10.4,10.4,10.4,1.0,402.0
2016-04-13,10.2601,10.2601,10.2601,10.2601,221.0,10.2601,0.0,10.2601,10.2601,10.2601,1.0,221.0
2016-04-12,10.26,10.26,10.26,10.26,394.0,10.26,0.0,10.26,10.26,10.26,1.0,394.0
2016-04-11,10.26,10.26,10.26,10.26,2.0,10.26,0.0,10.26,10.26,10.26,1.0,2.0
2016-04-08,10.26,10.4399,10.2501,10.2501,3821.0,10.26,0.0,10.4399,10.2501,10.2501,1.0,3821.0
2016-04-07,10.28,10.28,10.28,10.28,2.0,10.28,0.0,10.28,10.28,10.28,1.0,2.0
2016-04-06,10.28,10.28,10.28,10.28,1402.0,10.28,0.0,10.28,10.28,10.28,1.0,1402.0
2016-04-05,10.38,10.38,10.38,10.38,2.0,10.38,0.0,10.38,10.38,10.38,1.0,2.0
2016-04-04,10.38,10.38,10.38,10.38,15175.0,10.38,0.0,10.38,10.38,10.38,1.0,15175.0
2016-04-01,10.4399,10.4399,10.4399,10.4399,159.0,10.4399,0.0,10.4399,10.4399,10.4399,1.0,159.0
2016-03-31,10.43,10.43,10.43,10.43,300.0,10.43,0.0,10.43,10.43,10.43,1.0,300.0
2016-03-30,10.23,10.23,10.23,10.23,0.0,10.23,0.0,10.23,10.23,10.23,1.0,0.0
2016-03-29,10.23,10.23,10.15,10.2,1169.0,10.23,0.0,10.23,10.15,10.2,1.0,1169.0
2016-03-28,10.38,10.38,10.38,10.38,1.0,10.38,0.0,10.38,10.38,10.38,1.0,1.0
2016-03-24,10.38,10.38,10.22,10.22,202.0,10.38,0.0,10.38,10.22,10.22,1.0,202.0
2016-03-23,10.41,10.41,10.2,10.2,205.0,10.41,0.0,10.41,10.2,10.2,1.0,205.0
2016-03-22,10.41,10.41,10.41,10.41,2.0,10.41,0.0,10.41,10.41,10.41,1.0,2.0
2016-03-21,10.41,10.41,10.24,10.24,241.0,10.41,0.0,10.41,10.24,10.24,1.0,241.0
2016-03-18,10.37,10.37,10.2,10.2,309.0,10.37,0.0,10.37,10.2,10.2,1.0,309.0
2016-03-17,10.37,10.37,10.2,10.2,374.0,10.37,0.0,10.37,10.2,10.2,1.0,374.0
2016-03-16,10.43,10.43,10.22,10.22,404.0,10.43,0.0,10.43,10.22,10.22,1.0,404.0
2016-03-15,10.41,10.42,10.2,10.2,877.0,10.41,0.0,10.42,10.2,10.2,1.0,877.0
2016-03-14,10.39,10.45,10.18,10.18,2300.0,10.39,0.0,10.45,10.18,10.18,1.0,2300.0
2016-03-11,10.43,10.43,10.23,10.23,448.0,10.43,0.0,10.43,10.23,10.23,1.0,448.0
2016-03-10,10.4,10.4,10.39,10.39,1895.0,10.4,0.0,10.4,10.39,10.39,1.0,1895.0
2016-03-09,10.3999,10.3999,10.3999,10.3999,624.0,10.3999,0.0,10.3999,10.3999,10.3999,1.0,624.0
2016-03-08,10.4399,10.4399,10.4399,10.4399,4.0,10.4399,0.0,10.4399,10.4399,10.4399,1.0,4.0
2016-03-07,10.4399,10.44,10.4399,10.44,1826.0,10.4399,0.0,10.44,10.4399,10.44,1.0,1826.0
2016-03-04,10.31,10.37,10.22,10.2228,4941.0,10.31,0.0,10.37,10.22,10.2228,1.0,4941.0
2016-03-03,10.3899,10.3899,10.3899,10.3899,1904.0,10.3899,0.0,10.3899,10.3899,10.3899,1.0,1904.0
2016-03-02,10.35,10.35,10.35,10.35,15.0,10.35,0.0,10.35,10.35,10.35,1.0,15.0
2016-03-01,10.35,10.35,10.34,10.34,10743.0,10.35,0.0,10.35,10.34,10.34,1.0,10743.0
2016-02-29,10.34,10.34,10.34,10.34,104.0,10.34,0.0,10.34,10.34,10.34,1.0,104.0
2016-02-26,10.22,10.22,10.22,10.22,2.0,10.22,0.0,10.22,10.22,10.22,1.0,2.0
2016-02-25,10.22,10.22,10.2,10.2,3503.0,10.22,0.0,10.22,10.2,10.2,1.0,3503.0
2016-02-24,10.4,10.4,10.25,10.25,2015.0,10.4,0.0,10.4,10.25,10.25,1.0,2015.0
2016-02-23,10.2299,10.2299,10.2299,10.2299,2676.0,10.2299,0.0,10.2299,10.2299,10.2299,1.0,2676.0
2016-02-22,10.16,10.16,10.16,10.16,106.0,10.16,0.0,10.16,10.16,10.16,1.0,106.0
2016-02-19,10.16,10.16,10.16,10.16,2.0,10.16,0.0,10.16,10.16,10.16,1.0,2.0
2016-02-18,10.16,10.16,10.16,10.16,2.0,10.16,0.0,10.16,10.16,10.16,1.0,2.0
2016-02-17,10.16,10.16,10.16,10.16,301.0,10.16,0.0,10.16,10.16,10.16,1.0,301.0
2016-02-16,10.17,10.17,10.17,10.17,1005.0,10.17,0.0,10.17,10.17,10.17,1.0,1005.0
2016-02-12,10.2,10.2,10.2,10.2,2.0,10.2,0.0,10.2,10.2,10.2,1.0,2.0
2016-02-11,10.2,10.2,10.2,10.2,3.0,10.2,0.0,10.2,10.2,10.2,1.0,3.0
2016-02-10,10.2,10.2,10.2,10.2,1.0,10.2,0.0,10.2,10.2,10.2,1.0,1.0
2016-02-09,10.2,10.2,10.2,10.2,1.0,10.2,0.0,10.2,10.2,10.2,1.0,1.0
2016-02-08,10.2,10.2,10.2,10.2,2.0,10.2,0.0,10.2,10.2,10.2,1.0,2.0
2016-02-05,10.2,10.2,10.2,10.2,2.0,10.2,0.0,10.2,10.2,10.2,1.0,2.0
2016-02-04,10.2,10.2,10.2,10.2,2.0,10.2,0.0,10.2,10.2,10.2,1.0,2.0
2016-02-03,10.2,10.45,10.2,10.45,1200.0,10.2,0.0,10.45,10.2,10.45,1.0,1200.0
2016-02-02,10.25,10.25,10.25,10.25,1.0,10.25,0.0,10.25,10.25,10.25,1.0,1.0
2016-02-01,10.25,10.25,10.25,10.25,1.0,10.25,0.0,10.25,10.25,10.25,1.0,1.0
2016-01-29,10.25,10.25,10.17,10.17,462400.0,10.25,0.0,10.25,10.17,10.17,1.0,462400.0
2016-01-28,10.42,10.42,10.42,10.42,5.0,10.42,0.0,10.42,10.42,10.42,1.0,5.0
2016-01-27,10.42,10.42,10.18,10.18,2402.0,10.42,0.0,10.42,10.18,10.18,1.0,2402.0
2016-01-26,10.18,10.18,10.17,10.1742,2000.0,10.18,0.0,10.18,10.17,10.1742,1.0,2000.0
2016-01-25,10.17,10.17,10.17,10.17,1.0,10.17,0.0,10.17,10.17,10.17,1.0,1.0
2016-01-22,10.17,10.17,10.17,10.17,0.0,10.17,0.0,10.17,10.17,10.17,1.0,0.0
2016-01-21,10.17,10.17,10.17,10.17,0.0,10.17,0.0,10.17,10.17,10.17,1.0,0.0
2016-01-20,10.17,10.17,10.17,10.17,0.0,10.17,0.0,10.17,10.17,10.17,1.0,0.0
2016-01-19,10.17,10.18,10.15,10.18,53801.0,10.17,0.0,10.18,10.15,10.18,1.0,53801.0
2016-01-15,10.17,10.25,10.17,10.228,16003.0,10.17,0.0,10.25,10.17,10.228,1.0,16003.0
2016-01-14,10.17,10.43,10.17,10.17,580306.0,10.17,0.0,10.43,10.17,10.17,1.0,580306.0
2016-01-13,10.07,10.07,10.07,10.07,0.0,10.07,0.0,10.07,10.07,10.07,1.0,0.0
2016-01-12,10.07,10.08,10.064,10.064,1001.0,10.07,0.0,10.08,10.064,10.064,1.0,1001.0
2016-01-11,10.45,10.45,10.43,10.43,1300.0,10.45,0.0,10.45,10.43,10.43,1.0,1300.0
2016-01-08,10.24,10.24,9.98,10.0499,6300.0,10.24,0.0,10.24,9.98,10.0499,1.0,6300.0
2016-01-07,10.1405,10.1405,10.1405,10.1405,0.0,10.1405,0.0,10.1405,10.1405,10.1405,1.0,0.0
2016-01-06,10.1405,10.1405,10.1405,10.1405,22.0,10.1405,0.0,10.1405,10.1405,10.1405,1.0,22.0
2016-01-05,10.1405,10.1405,10.1405,10.1405,10.0,10.1405,0.0,10.1405,10.1405,10.1405,1.0,10.0
2016-01-04,10.1405,10.27,10.14,10.15,3465.0,10.1405,0.0,10.27,10.14,10.15,1.0,3465.0
2015-12-31,10.11,10.11,10.11,10.11,13000.0,10.11,0.0,10.11,10.11,10.11,1.0,13000.0
2015-12-30,10.13,10.13,10.13,10.13,4.0,10.13,0.0,10.13,10.13,10.13,1.0,4.0
2015-12-29,10.13,10.13,10.13,10.13,0.0,10.13,0.0,10.13,10.13,10.13,1.0,0.0
2015-12-28,10.13,10.13,10.13,10.13,0.0,10.13,0.0,10.13,10.13,10.13,1.0,0.0
2015-12-24,10.13,10.13,10.13,10.13,0.0,10.13,0.0,10.13,10.13,10.13,1.0,0.0
2015-12-23,10.13,10.13,10.13,10.13,0.0,10.13,0.0,10.13,10.13,10.13,1.0,0.0
2015-12-22,10.13,10.13,10.13,10.13,3105.0,10.13,0.0,10.13,10.13,10.13,1.0,3105.0
2015-12-21,10.1,10.1,10.1,10.1,0.0,10.1,0.0,10.1,10.1,10.1,1.0,0.0
2015-12-18,10.1,10.15,10.1,10.15,27908.0,10.1,0.0,10.15,10.1,10.15,1.0,27908.0
2015-12-17,10.1927,10.1927,10.1927,10.1927,0.0,10.1927,0.0,10.1927,10.1927,10.1927,1.0,0.0
2015-12-16,10.1927,10.1927,10.1927,10.1927,0.0,10.1927,0.0,10.1927,10.1927,10.1927,1.0,0.0
2015-12-15,10.1927,10.1927,10.1927,10.1927,0.0,10.1927,0.0,10.1927,10.1927,10.1927,1.0,0.0
2015-12-14,10.1927,10.1927,10.1927,10.1927,0.0,10.1927,0.0,10.1927,10.1927,10.1927,1.0,0.0
2015-12-11,10.1927,10.1927,10.15,10.15,11035.0,10.1927,0.0,10.1927,10.15,10.15,1.0,11035.0
2015-12-10,10.17,10.17,10.17,10.17,0.0,10.17,0.0,10.17,10.17,10.17,1.0,0.0
2015-12-09,10.17,10.2199,10.17,10.2199,680.0,10.17,0.0,10.2199,10.17,10.2199,1.0,680.0
2015-12-08,10.15,10.15,10.15,10.15,0.0,10.15,0.0,10.15,10.15,10.15,1.0,0.0
2015-12-07,10.15,10.15,10.15,10.15,0.0,10.15,0.0,10.15,10.15,10.15,1.0,0.0
2015-12-04,10.15,10.15,10.15,10.15,250.0,10.15,0.0,10.15,10.15,10.15,1.0,250.0
2015-12-03,10.15,10.16,10.15,10.16,19700.0,10.15,0.0,10.16,10.15,10.16,1.0,19700.0
2015-12-02,10.29,10.29,10.29,10.29,0.0,10.29,0.0,10.29,10.29,10.29,1.0,0.0
2015-12-01,10.29,10.29,10.29,10.29,61.0,10.29,0.0,10.29,10.29,10.29,1.0,61.0
2015-11-30,10.29,10.29,10.15,10.15,1300.0,10.29,0.0,10.29,10.15,10.15,1.0,1300.0
2015-11-27,10.15,10.15,10.15,10.15,0.0,10.15,0.0,10.15,10.15,10.15,1.0,0.0
2015-11-25,10.15,10.24,10.15,10.16,4250.0,10.15,0.0,10.24,10.15,10.16,1.0,4250.0
2015-11-24,10.21,10.27,10.15,10.2,7736.0,10.21,0.0,10.27,10.15,10.2,1.0,7736.0
2015-11-23,10.16,10.164,10.16,10.164,1002.0,10.16,0.0,10.164,10.16,10.164,1.0,1002.0
2015-11-20,10.16,10.16,10.16,10.16,0.0,10.16,0.0,10.16,10.16,10.16,1.0,0.0
2015-11-19,10.16,10.16,10.16,10.16,100.0,10.16,0.0,10.16,10.16,10.16,1.0,100.0
2015-11-18,10.16,10.16,10.16,10.16,400.0,10.16,0.0,10.16,10.16,10.16,1.0,400.0
2015-11-17,10.15,10.15,10.15,10.15,101.0,10.15,0.0,10.15,10.15,10.15,1.0,101.0
2015-11-16,10.16,10.16,10.15,10.15,1601.0,10.16,0.0,10.16,10.15,10.15,1.0,1601.0
2015-11-13,10.16,10.16,10.16,10.16,126.0,10.16,0.0,10.16,10.16,10.16,1.0,126.0
2015-11-12,10.16,10.1846,10.16,10.1601,59582.0,10.16,0.0,10.1846,10.16,10.1601,1.0,59582.0
2015-11-11,10.16,10.16,10.16,10.16,5.0,10.16,0.0,10.16,10.16,10.16,1.0,5.0
2015-11-10,10.16,10.1601,10.16,10.1601,1700.0,10.16,0.0,10.1601,10.16,10.1601,1.0,1700.0
2015-11-09,10.37,10.37,10.37,10.37,5.0,10.37,0.0,10.37,10.37,10.37,1.0,5.0
2015-11-06,10.37,10.37,10.37,10.37,71.0,10.37,0.0,10.37,10.37,10.37,1.0,71.0
2015-11-05,10.37,10.37,10.37,10.37,0.0,10.37,0.0,10.37,10.37,10.37,1.0,0.0
2015-11-04,10.37,10.37,10.37,10.37,0.0,10.37,0.0,10.37,10.37,10.37,1.0,0.0
2015-11-03,10.37,10.37,10.37,10.37,0.0,10.37,0.0,10.37,10.37,10.37,1.0,0.0
2015-11-02,10.37,10.37,10.37,10.37,0.0,10.37,0.0,10.37,10.37,10.37,1.0,0.0
2015-10-30,10.37,10.37,10.37,10.37,5.0,10.37,0.0,10.37,10.37,10.37,1.0,5.0
2015-10-29,10.37,10.37,10.37,10.37,5.0,10.37,0.0,10.37,10.37,10.37,1.0,5.0
2015-10-28,10.37,10.37,10.37,10.37,151.0,10.37,0.0,10.37,10.37,10.37,1.0,151.0
2015-10-27,10.18,10.18,10.18,10.18,0.0,10.18,0.0,10.18,10.18,10.18,1.0,0.0
2015-10-26,10.18,10.18,10.18,10.18,146.0,10.18,0.0,10.18,10.18,10.18,1.0,146.0
2015-10-23,10.18,10.18,10.18,10.18,10.0,10.18,0.0,10.18,10.18,10.18,1.0,10.0
2015-10-22,10.18,10.18,10.18,10.18,10.0,10.18,0.0,10.18,10.18,10.18,1.0,10.0
2015-10-21,10.18,10.18,10.18,10.18,0.0,10.18,0.0,10.18,10.18,10.18,1.0,0.0
2015-10-20,10.18,10.18,10.18,10.18,12.0,10.18,0.0,10.18,10.18,10.18,1.0,12.0
2015-10-19,10.18,10.18,10.18,10.18,0.0,10.18,0.0,10.18,10.18,10.18,1.0,0.0
2015-10-16,10.18,10.18,10.18,10.18,12.0,10.18,0.0,10.18,10.18,10.18,1.0,12.0
2015-10-15,10.18,10.18,10.18,10.18,1212.0,10.18,0.0,10.18,10.18,10.18,1.0,1212.0
2015-10-14,10.16,10.16,10.16,10.16,0.0,10.16,0.0,10.16,10.16,10.16,1.0,0.0
2015-10-13,10.16,10.16,10.15,10.15,1036.0,10.16,0.0,10.16,10.15,10.15,1.0,1036.0
2015-10-12,10.23,10.23,10.22,10.22,512.0,10.23,0.0,10.23,10.22,10.22,1.0,512.0
2015-10-09,10.239,10.239,10.239,10.239,306.0,10.239,0.0,10.239,10.239,10.239,1.0,306.0
2015-10-08,10.16,10.16,10.16,10.16,39.0,10.16,0.0,10.16,10.16,10.16,1.0,39.0
2015-10-07,10.16,10.16,10.16,10.16,79.0,10.16,0.0,10.16,10.16,10.16,1.0,79.0
2015-10-06,10.16,10.22,10.16,10.2,746.0,10.16,0.0,10.22,10.16,10.2,1.0,746.0
2015-10-05,10.15,10.15,10.15,10.15,905.0,10.15,0.0,10.15,10.15,10.15,1.0,905.0
2015-10-02,10.15,10.15,10.15,10.15,50.0,10.15,0.0,10.15,10.15,10.15,1.0,50.0
2015-10-01,10.15,10.15,10.15,10.15,6.0,10.15,0.0,10.15,10.15,10.15,1.0,6.0
2015-09-30,10.15,10.15,10.15,10.15,56.0,10.15,0.0,10.15,10.15,10.15,1.0,56.0
2015-09-29,10.15,10.15,10.15,10.15,6.0,10.15,0.0,10.15,10.15,10.15,1.0,6.0
2015-09-28,10.15,10.15,10.15,10.15,3122.0,10.15,0.0,10.15,10.15,10.15,1.0,3122.0
2015-09-24,10.15,10.15,10.15,10.15,10006.0,10.15,0.0,10.15,10.15,10.15,1.0,10006.0
2015-09-23,10.1501,10.1501,10.1501,10.1501,0.0,10.1501,0.0,10.1501,10.1501,10.1501,1.0,0.0
2015-09-22,10.1501,10.1501,10.1501,10.1501,82.0,10.1501,0.0,10.1501,10.1501,10.1501,1.0,82.0
2015-09-21,10.1501,10.1501,10.1501,10.1501,7.0,10.1501,0.0,10.1501,10.1501,10.1501,1.0,7.0
2015-09-18,10.1501,10.1501,10.1501,10.1501,100.0,10.1501,0.0,10.1501,10.1501,10.1501,1.0,100.0
2015-09-17,10.15,10.15,10.15,10.15,0.0,10.15,0.0,10.15,10.15,10.15,1.0,0.0
2015-09-16,10.15,10.15,10.15,10.15,3714.0,10.15,0.0,10.15,10.15,10.15,1.0,3714.0
2015-09-15,10.201,10.201,10.201,10.201,0.0,10.201,0.0,10.201,10.201,10.201,1.0,0.0
2015-09-14,10.201,10.201,10.201,10.201,7.0,10.201,0.0,10.201,10.201,10.201,1.0,7.0
2015-09-11,10.201,10.201,10.201,10.201,7.0,10.201,0.0,10.201,10.201,10.201,1.0,7.0
2015-09-10,10.201,10.201,10.201,10.201,7.0,10.201,0.0,10.201,10.201,10.201,1.0,7.0
2015-09-09,10.201,10.201,10.201,10.201,70.0,10.201,0.0,10.201,10.201,10.201,1.0,70.0
2015-09-08,10.201,10.201,10.1,10.1,200.0,10.201,0.0,10.201,10.1,10.1,1.0,200.0
2015-09-04,10.15,10.15,10.15,10.15,507.0,10.15,0.0,10.15,10.15,10.15,1.0,507.0
2015-09-03,10.15,10.15,10.15,10.15,2008.0,10.15,0.0,10.15,10.15,10.15,1.0,2008.0
2015-09-02,10.15,10.15,10.15,10.15,0.0,10.15,0.0,10.15,10.15,10.15,1.0,0.0
2015-09-01,10.15,10.15,10.15,10.15,708.0,10.15,0.0,10.15,10.15,10.15,1.0,708.0
2015-08-31,10.152,10.152,10.152,10.152,0.0,10.152,0.0,10.152,10.152,10.152,1.0,0.0
2015-08-28,10.152,10.152,10.152,10.152,508.0,10.152,0.0,10.152,10.152,10.152,1.0,508.0
2015-08-27,10.15,10.15,10.15,10.1,8.0,10.15,0.0,10.15,10.15,10.1,1.0,8.0
2015-08-26,10.15,10.15,10.15,10.15,0.0,10.15,0.0,10.15,10.15,10.15,1.0,0.0
2015-08-25,10.15,10.2,10.15,10.2,8683.0,10.15,0.0,10.2,10.15,10.2,1.0,8683.0
2015-08-24,10.15,10.33,10.1,10.1,5313.0,10.15,0.0,10.33,10.1,10.1,1.0,5313.0
2015-08-21,10.21,10.21,10.21,10.21,197.0,10.21,0.0,10.21,10.21,10.21,1.0,197.0
2015-08-20,10.2,10.2,10.2,10.2,170.0,10.2,0.0,10.2,10.2,10.2,1.0,170.0
2015-08-19,10.15,10.15,10.15,10.15,253975.0,10.15,0.0,10.15,10.15,10.15,1.0,253975.0
2015-08-18,10.23,10.23,10.23,10.23,14.0,10.23,0.0,10.23,10.23,10.23,1.0,14.0
2015-08-17,10.23,10.23,10.23,10.23,44.0,10.23,0.0,10.23,10.23,10.23,1.0,44.0
2015-08-14,10.23,10.23,10.23,10.23,7.0,10.23,0.0,10.23,10.23,10.23,1.0,7.0
2015-08-13,10.23,10.23,10.23,10.23,0.0,10.23,0.0,10.23,10.23,10.23,1.0,0.0
2015-08-12,10.23,10.23,10.23,10.23,7.0,10.23,0.0,10.23,10.23,10.23,1.0,7.0
2015-08-11,10.23,10.24,10.23,10.24,300.0,10.23,0.0,10.24,10.23,10.24,1.0,300.0
2015-08-10,10.15,10.15,10.15,10.15,1008.0,10.15,0.0,10.15,10.15,10.15,1.0,1008.0
2015-08-07,10.16,10.16,10.16,10.16,108.0,10.16,0.0,10.16,10.16,10.16,1.0,108.0
2015-08-06,10.15,10.15,10.15,10.15,8.0,10.15,0.0,10.15,10.15,10.15,1.0,8.0
2015-08-05,10.15,10.15,10.15,10.15,8.0,10.15,0.0,10.15,10.15,10.15,1.0,8.0
2015-08-04,10.15,10.1501,10.15,10.1501,6207.0,10.15,0.0,10.1501,10.15,10.1501,1.0,6207.0
2015-08-03,10.15,10.15,10.15,10.15,8.0,10.15,0.0,10.15,10.15,10.15,1.0,8.0
2015-07-31,10.15,10.15,10.15,10.15,0.0,10.15,0.0,10.15,10.15,10.15,1.0,0.0
2015-07-30,10.15,10.16,10.15,10.16,450305.0,10.15,0.0,10.16,10.15,10.16,1.0,450305.0
2015-07-29,10.16,10.22,10.15,10.2,5025.0,10.16,0.0,10.22,10.15,10.2,1.0,5025.0
2015-07-28,10.15,10.16,10.15,10.15,4056.0,10.15,0.0,10.16,10.15,10.15,1.0,4056.0
2015-07-27,10.15,10.15,10.15,10.15,5.0,10.15,0.0,10.15,10.15,10.15,1.0,5.0
2015-07-24,10.15,10.15,10.15,10.15,2105.0,10.15,0.0,10.15,10.15,10.15,1.0,2105.0
2015-07-23,10.15,10.17,10.15,10.17,3981.0,10.15,0.0,10.17,10.15,10.17,1.0,3981.0
2015-07-22,10.15,10.15,10.15,10.15,5.0,10.15,0.0,10.15,10.15,10.15,1.0,5.0
2015-07-21,10.15,10.15,10.15,10.15,6.0,10.15,0.0,10.15,10.15,10.15,1.0,6.0
2015-07-20,10.15,10.15,10.15,10.15,106.0,10.15,0.0,10.15,10.15,10.15,1.0,106.0
2015-07-17,10.16,10.16,10.16,10.16,6.0,10.16,0.0,10.16,10.16,10.16,1.0,6.0
2015-07-16,10.16,10.16,10.16,10.16,106.0,10.16,0.0,10.16,10.16,10.16,1.0,106.0
2015-07-15,10.199,10.199,10.199,10.199,6.0,10.199,0.0,10.199,10.199,10.199,1.0,6.0
2015-07-14,10.199,10.199,10.161,10.19,4991.0,10.199,0.0,10.199,10.161,10.19,1.0,4991.0
2015-07-13,10.17,10.17,10.161,10.169,506.0,10.17,0.0,10.17,10.161,10.169,1.0,506.0
2015-07-10,10.16,10.6,10.16,10.33,6225.0,10.16,0.0,10.6,10.16,10.33,1.0,6225.0
2015-07-09,10.18,10.18,10.18,10.18,6.0,10.18,0.0,10.18,10.18,10.18,1.0,6.0
2015-07-08,10.18,10.18,10.18,10.18,0.0,10.18,0.0,10.18,10.18,10.18,1.0,0.0
2015-07-07,10.18,10.18,10.18,10.18,7.0,10.18,0.0,10.18,10.18,10.18,1.0,7.0
2015-07-06,10.18,10.18,10.18,10.18,7.0,10.18,0.0,10.18,10.18,10.18,1.0,7.0
2015-07-02,10.18,10.18,10.18,10.18,7.0,10.18,0.0,10.18,10.18,10.18,1.0,7.0
2015-07-01,10.18,10.18,10.18,10.18,0.0,10.18,0.0,10.18,10.18,10.18,1.0,0.0
2015-06-30,10.18,10.18,10.18,10.18,0.0,10.18,0.0,10.18,10.18,10.18,1.0,0.0
2015-06-29,10.18,10.18,10.18,10.18,0.0,10.18,0.0,10.18,10.18,10.18,1.0,0.0
2015-06-26,10.18,10.18,10.18,10.18,0.0,10.18,0.0,10.18,10.18,10.18,1.0,0.0
2015-06-25,10.18,10.21,10.15,10.15,1400.0,10.18,0.0,10.21,10.15,10.15,1.0,1400.0
2015-06-24,10.3035,10.3035,10.3035,10.3035,5.0,10.3035,0.0,10.3035,10.3035,10.3035,1.0,5.0
2015-06-23,10.3035,10.3035,10.3035,10.3035,2.0,10.3035,0.0,10.3035,10.3035,10.3035,1.0,2.0
2015-06-22,10.3035,10.3035,10.3035,10.3035,8.0,10.3035,0.0,10.3035,10.3035,10.3035,1.0,8.0
2015-06-19,10.3035,10.3035,10.3035,10.3035,1.0,10.3035,0.0,10.3035,10.3035,10.3035,1.0,1.0
2015-06-18,10.3035,10.3035,10.3,10.3035,3768.0,10.3035,0.0,10.3035,10.3,10.3035,1.0,3768.0
2015-06-17,10.18,10.18,10.18,10.18,11.0,10.18,0.0,10.18,10.18,10.18,1.0,11.0
2015-06-16,10.18,10.18,10.18,10.18,199.0,10.18,0.0,10.18,10.18,10.18,1.0,199.0
2015-06-15,10.34,10.34,10.34,10.34,19.0,10.34,0.0,10.34,10.34,10.34,1.0,19.0
2015-06-12,10.34,10.35,10.2,10.24,63298.0,10.34,0.0,10.35,10.2,10.24,1.0,63298.0
2015-06-11,10.2,10.2,10.18,10.18,1810.0,10.2,0.0,10.2,10.18,10.18,1.0,1810.0
2015-06-10,10.16,10.16,10.16,10.16,10.0,10.16,0.0,10.16,10.16,10.16,1.0,10.0
2015-06-09,10.16,10.16,10.16,10.16,201.0,10.16,0.0,10.16,10.16,10.16,1.0,201.0
2015-06-08,10.19,10.19,10.15,10.16,1829.0,10.19,0.0,10.19,10.15,10.16,1.0,1829.0
2015-06-05,10.22,10.22,10.22,10.22,201.0,10.22,0.0,10.22,10.22,10.22,1.0,201.0
2015-06-04,10.17,10.17,10.16,10.16,524.0,10.17,0.0,10.17,10.16,10.16,1.0,524.0
2015-06-03,10.16,10.16,10.16,10.16,70.0,10.16,0.0,10.16,10.16,10.16,1.0,70.0
2015-06-02,10.16,10.16,10.15,10.15,931.0,10.16,0.0,10.16,10.15,10.15,1.0,931.0
2015-06-01,10.15,10.23,10.15,10.23,1031.0,10.15,0.0,10.23,10.15,10.23,1.0,1031.0
2015-05-29,10.39,10.39,10.39,10.39,1.0,10.39,0.0,10.39,10.39,10.39,1.0,1.0
2015-05-28,10.39,10.39,10.39,10.39,479.0,10.39,0.0,10.39,10.39,10.39,1.0,479.0
2015-05-27,10.21,10.21,10.21,10.21,2.0,10.21,0.0,10.21,10.21,10.21,1.0,2.0
2015-05-26,10.21,10.21,10.21,10.21,905.0,10.21,0.0,10.21,10.21,10.21,1.0,905.0
2015-05-22,10.38,10.39,10.2,10.39,2230.0,10.38,0.0,10.39,10.2,10.39,1.0,2230.0
2015-05-21,10.3984,10.3984,10.22,10.36,8106.0,10.3984,0.0,10.3984,10.22,10.36,1.0,8106.0
2015-05-20,10.35,10.35,10.22,10.24,16245.0,10.35,0.0,10.35,10.22,10.24,1.0,16245.0
2015-05-19,10.24,10.33,10.18,10.3,16904.0,10.24,0.0,10.33,10.18,10.3,1.0,16904.0
2015-05-18,10.32,10.32,10.18,10.21,56503.0,10.32,0.0,10.32,10.18,10.21,1.0,56503.0
2015-05-15,10.21,10.33,10.126,10.21,116111.0,10.21,0.0,10.33,10.126,10.21,1.0,116111.0
2015-05-14,10.21,10.38,10.21,10.24,29649.0,10.21,0.0,10.38,10.21,10.24,1.0,29649.0
2015-05-13,10.24,10.57,10.24,10.28,100927.0,10.24,0.0,10.57,10.24,10.28,1.0,100927.0
2015-05-12,10.28,10.28,10.12,10.2,68022.0,10.28,0.0,10.28,10.12,10.2,1.0,68022.0
2015-05-11,10.15,10.32,10.12,10.23,102025.0,10.15,0.0,10.32,10.12,10.23,1.0,102025.0
2015-05-08,10.24,10.44,10.14,10.2,8002.0,10.24,0.0,10.44,10.14,10.2,1.0,8002.0
2015-05-07,10.18,10.2,10.18,10.2,1631.0,10.18,0.0,10.2,10.18,10.2,1.0,1631.0
2015-05-06,10.19,10.19,10.19,10.19,100.0,10.19,0.0,10.19,10.19,10.19,1.0,100.0
2015-05-05,10.19,10.2,10.1,10.1,29648.0,10.19,0.0,10.2,10.1,10.1,1.0,29648.0
2015-05-04,10.1438,10.1438,10.14,10.14,385.0,10.1438,0.0,10.1438,10.14,10.14,1.0,385.0
2015-05-01,10.19,10.19,10.1,10.1,6098.0,10.19,0.0,10.19,10.1,10.1,1.0,6098.0
2015-04-30,10.17,10.19,10.03,10.03,122244.0,10.17,0.0,10.19,10.03,10.03,1.0,122244.0
2015-04-29,10.06,10.08,10.01,10.01,665400.0,10.06,0.0,10.08,10.01,10.01,1.0,665400.0
