,adj_close,adj_high,adj_low,adj_open,adj_volume,close,ex_dividend,high,low,open,split_ratio,volume
2017-02-10,24.2689,24.31,24.1131,24.24,65072.0,24.2689,0.0,24.31,24.1131,24.24,1.0,65072.0
2017-02-09,24.11,24.14,23.855,23.91,60525.0,24.11,0.0,24.14,23.855,23.91,1.0,60525.0
2017-02-08,23.77,24.1,23.66,24.1,91949.0,23.77,0.0,24.1,23.66,24.1,1.0,91949.0
2017-02-07,24.06,24.29,23.9064,24.29,53685.0,24.06,0.0,24.29,23.9064,24.29,1.0,53685.0
2017-02-06,24.09,24.48,24.05,24.48,129779.0,24.09,0.0,24.48,24.05,24.48,1.0,129779.0
2017-02-03,24.3987,24.4499,24.13,24.16,143719.0,24.3987,0.0,24.4499,24.13,24.16,1.0,143719.0
2017-02-02,23.975,24.15,23.8501,24.15,362710.0,23.975,0.0,24.15,23.8501,24.15,1.0,362710.0
2017-02-01,24.1302,24.385,24.01,24.24,191430.0,24.1302,0.0,24.385,24.01,24.24,1.0,191430.0
2017-01-31,23.95,23.98,23.5363,23.94,133756.0,23.95,0.0,23.98,23.5363,23.94,1.0,133756.0
2017-01-30,23.97,24.38,23.745,24.38,216039.0,23.97,0.0,24.38,23.745,24.38,1.0,216039.0
2017-01-27,24.34,24.61,24.15,24.61,96044.0,24.34,0.0,24.61,24.15,24.61,1.0,96044.0
2017-01-26,24.42,24.65,24.28,24.65,397942.0,24.42,0.0,24.65,24.28,24.65,1.0,397942.0
2017-01-25,24.47,24.509,24.268,24.34,195558.0,24.47,0.0,24.509,24.268,24.34,1.0,195558.0
2017-01-24,23.95,24.0,23.31,23.31,120359.0,23.95,0.0,24.0,23.31,23.31,1.0,120359.0
2017-01-23,23.27,23.55,23.0782,23.3,165498.0,23.27,0.0,23.55,23.0782,23.3,1.0,165498.0
2017-01-20,23.41,23.5899,23.3828,23.5,50437.0,23.41,0.0,23.5899,23.3828,23.5,1.0,50437.0
2017-01-19,23.3,23.5559,23.2267,23.38,39007.0,23.3,0.0,23.5559,23.2267,23.38,1.0,39007.0
2017-01-18,23.36,23.47,23.24,23.47,28717.0,23.36,0.0,23.47,23.24,23.47,1.0,28717.0
2017-01-17,23.349,23.64,23.2978,23.64,99380.0,23.349,0.0,23.64,23.2978,23.64,1.0,99380.0
2017-01-13,23.69,23.79,23.6,23.6,150022.0,23.69,0.0,23.79,23.6,23.6,1.0,150022.0
2017-01-12,23.4499,23.81,23.1306,23.81,87793.0,23.4499,0.0,23.81,23.1306,23.81,1.0,87793.0
2017-01-11,23.77,23.85,23.51,23.69,72063.0,23.77,0.0,23.85,23.51,23.69,1.0,72063.0
2017-01-10,23.65,23.6799,23.1,23.14,191911.0,23.65,0.0,23.6799,23.1,23.14,1.0,191911.0
2017-01-09,23.24,23.71,23.2119,23.71,105649.0,23.24,0.0,23.71,23.2119,23.71,1.0,105649.0
2017-01-06,23.74,23.9596,23.69,23.73,138639.0,23.74,0.0,23.9596,23.69,23.73,1.0,138639.0
2017-01-05,23.74,24.24,23.64,24.24,128112.0,23.74,0.0,24.24,23.64,24.24,1.0,128112.0
2017-01-04,24.15,24.17,23.94,24.06,121566.0,24.15,0.0,24.17,23.94,24.06,1.0,121566.0
2017-01-03,23.799,24.0,23.5836,23.95,45266.0,23.799,0.0,24.0,23.5836,23.95,1.0,45266.0
2016-12-30,23.65,24.05,23.6191,24.05,58540.0,23.65,0.0,24.05,23.6191,24.05,1.0,58540.0
2016-12-29,23.8504,24.1599,23.75,24.01,105807.0,23.8504,0.0,24.1599,23.75,24.01,1.0,105807.0
2016-12-28,23.88,24.43,23.8004,24.43,75692.0,23.88,0.0,24.43,23.8004,24.43,1.0,75692.0
2016-12-27,24.2193,24.3,24.139,24.24,80991.0,24.2193,0.0,24.3,24.139,24.24,1.0,80991.0
2016-12-23,24.07,24.1441,23.94,24.1,62208.0,24.07,0.0,24.1441,23.94,24.1,1.0,62208.0
2016-12-22,24.04,24.2938,23.96,24.15,154293.0,24.04,0.0,24.2938,23.96,24.15,1.0,154293.0
2016-12-21,24.2032,24.46,24.2032,24.46,121592.0,24.2032,0.0,24.46,24.2032,24.46,1.0,121592.0
2016-12-20,24.3,24.3,24.11,24.18,171738.0,24.3,0.0,24.3,24.11,24.18,1.0,171738.0
2016-12-19,23.99,24.2,23.7601,24.2,154715.0,23.99,0.0,24.2,23.7601,24.2,1.0,154715.0
2016-12-16,23.83,24.2,23.8,24.2,76074.0,23.83,0.0,24.2,23.8,24.2,1.0,76074.0
2016-12-15,23.9307,24.07,23.51,23.59,102954.0,23.9307,0.0,24.07,23.51,23.59,1.0,102954.0
2016-12-14,23.59,24.05,23.58,23.92,54001.0,23.59,0.0,24.05,23.58,23.92,1.0,54001.0
2016-12-13,23.94,24.45,23.8006,24.44,189476.0,23.94,0.0,24.45,23.8006,24.44,1.0,189476.0
2016-12-12,24.08,25.28,24.0,25.28,294814.0,24.08,0.0,25.28,24.0,25.28,1.0,294814.0
2016-12-09,24.24,24.35,24.0756,24.35,378364.0,24.24,0.0,24.35,24.0756,24.35,1.0,378364.0
2016-12-08,24.12,24.1699,23.7538,24.05,168538.0,24.12,0.0,24.1699,23.7538,24.05,1.0,168538.0
2016-12-07,23.8308,23.88,23.5415,23.62,214995.0,23.8308,0.0,23.88,23.5415,23.62,1.0,214995.0
2016-12-06,23.45,23.5,23.2052,23.38,116436.0,23.45,0.0,23.5,23.2052,23.38,1.0,116436.0
2016-12-05,23.26,23.33,23.16,23.16,100036.0,23.26,0.0,23.33,23.16,23.16,1.0,100036.0
2016-12-02,22.91,23.22,22.87,23.22,78867.0,22.91,0.0,23.22,22.87,23.22,1.0,78867.0
2016-12-01,23.07,23.25,23.01,23.06,207245.0,23.07,0.0,23.25,23.01,23.06,1.0,207245.0
2016-11-30,22.92,23.29,22.85,23.05,167968.0,22.92,0.0,23.29,22.85,23.05,1.0,167968.0
2016-11-29,22.9,23.07,22.82,23.07,81054.0,22.9,0.0,23.07,22.82,23.07,1.0,81054.0
2016-11-28,22.95,23.36,22.9099,23.36,112719.0,22.95,0.0,23.36,22.9099,23.36,1.0,112719.0
2016-11-25,23.31,23.37,23.21,23.37,88545.0,23.31,0.0,23.37,23.21,23.37,1.0,88545.0
2016-11-23,23.23,23.235,22.8632,23.03,323998.0,23.23,0.0,23.235,22.8632,23.03,1.0,323998.0
2016-11-22,22.82,22.9,22.4625,22.9,177284.0,22.82,0.0,22.9,22.4625,22.9,1.0,177284.0
2016-11-21,22.5633,22.67,22.4224,22.67,89344.0,22.5633,0.0,22.67,22.4224,22.67,1.0,89344.0
2016-11-18,22.46,22.56,22.4,22.53,218554.0,22.46,0.0,22.56,22.4,22.53,1.0,218554.0
2016-11-17,22.5,22.69,22.43,22.63,127233.0,22.5,0.0,22.69,22.43,22.63,1.0,127233.0
2016-11-16,22.49,22.78,22.39,22.78,177382.0,22.49,0.0,22.78,22.39,22.78,1.0,177382.0
2016-11-15,22.66,22.69,22.43,22.63,808360.0,22.66,0.0,22.69,22.43,22.63,1.0,808360.0
2016-11-14,22.54,22.71,22.3247,22.71,453447.0,22.54,0.0,22.71,22.3247,22.71,1.0,453447.0
2016-11-11,22.0665,22.34,21.52,22.34,231322.0,22.0665,0.0,22.34,21.52,22.34,1.0,231322.0
2016-11-10,21.52,21.6,20.76,21.22,281504.0,21.52,0.0,21.6,20.76,21.22,1.0,281504.0
2016-11-09,20.74,20.81,19.57,19.57,220911.0,20.74,0.0,20.81,19.57,19.57,1.0,220911.0
2016-11-08,19.5619,19.6694,19.5295,19.5295,7861.0,19.5619,0.0,19.6694,19.5295,19.5295,1.0,7861.0
2016-11-07,19.409,19.5019,19.34,19.35,35322.0,19.409,0.0,19.5019,19.34,19.35,1.0,35322.0
2016-11-04,19.1087,19.2135,18.9799,18.98,6193.0,19.1087,0.0,19.2135,18.9799,18.98,1.0,6193.0
2016-11-03,18.99,19.12,18.94,19.05,16819.0,18.99,0.0,19.12,18.94,19.05,1.0,16819.0
2016-11-02,19.02,19.21,19.02,19.21,5627.0,19.02,0.0,19.21,19.02,19.21,1.0,5627.0
2016-11-01,19.1499,19.43,19.08,19.43,6665.0,19.1499,0.0,19.43,19.08,19.43,1.0,6665.0
2016-10-31,19.57,19.58,19.42,19.4279,5303.0,19.57,0.0,19.58,19.42,19.4279,1.0,5303.0
2016-10-28,19.42,19.5185,19.3601,19.3601,2560.0,19.42,0.0,19.5185,19.3601,19.3601,1.0,2560.0
2016-10-27,19.26,19.43,19.24,19.41,10150.0,19.26,0.0,19.43,19.24,19.41,1.0,10150.0
2016-10-26,19.3865,19.58,19.3865,19.4,25830.0,19.3865,0.0,19.58,19.3865,19.4,1.0,25830.0
2016-10-25,19.58,19.91,19.55,19.91,9176.0,19.58,0.0,19.91,19.55,19.91,1.0,9176.0
2016-10-24,19.93,20.12,19.8702,20.12,12083.0,19.93,0.0,20.12,19.8702,20.12,1.0,12083.0
2016-10-21,19.775,19.81,19.59,19.68,3641.0,19.775,0.0,19.81,19.59,19.68,1.0,3641.0
2016-10-20,19.8202,19.9543,19.8202,19.9543,4505.0,19.8202,0.0,19.9543,19.8202,19.9543,1.0,4505.0
2016-10-19,20.0697,20.0798,19.87,19.93,5911.0,20.0697,0.0,20.0798,19.87,19.93,1.0,5911.0
2016-10-18,19.9799,20.03,19.88,19.93,11175.0,19.9799,0.0,20.03,19.88,19.93,1.0,11175.0
2016-10-17,19.791,19.86,19.74,19.86,8666.0,19.791,0.0,19.86,19.74,19.86,1.0,8666.0
2016-10-14,19.83,20.085,19.7793,20.085,6808.0,19.83,0.0,20.085,19.7793,20.085,1.0,6808.0
2016-10-13,19.85,19.95,19.79,19.95,15186.0,19.85,0.0,19.95,19.79,19.95,1.0,15186.0
2016-10-12,20.05,20.1,20.03,20.03,6941.0,20.05,0.0,20.1,20.03,20.03,1.0,6941.0
2016-10-11,19.95,20.34,19.91,20.34,82180.0,19.95,0.0,20.34,19.91,20.34,1.0,82180.0
2016-10-10,20.34,20.42,20.34,20.42,1540.0,20.34,0.0,20.42,20.34,20.42,1.0,1540.0
2016-10-07,20.21,20.6,20.19,20.6,14156.0,20.21,0.0,20.6,20.19,20.6,1.0,14156.0
2016-10-06,20.54,20.6,20.3433,20.4199,8967.0,20.54,0.0,20.6,20.3433,20.4199,1.0,8967.0
2016-10-05,20.5324,20.605,20.4094,20.4094,8803.0,20.5324,0.0,20.605,20.4094,20.4094,1.0,8803.0
2016-10-04,20.4165,20.5999,20.3,20.43,5407.0,20.4165,0.0,20.5999,20.3,20.43,1.0,5407.0
2016-10-03,20.4468,20.5,20.32,20.5,12359.0,20.4468,0.0,20.5,20.32,20.5,1.0,12359.0
2016-09-30,20.508,20.57,20.39,20.39,28311.0,20.508,0.0,20.57,20.39,20.39,1.0,28311.0
2016-09-29,20.27,20.41,20.21,20.31,6303.0,20.27,0.0,20.41,20.21,20.31,1.0,6303.0
2016-09-28,20.11,20.11,20.11,20.11,341.0,20.11,0.0,20.11,20.11,20.11,1.0,341.0
2016-09-27,20.03,20.0624,19.9158,19.9601,3756.0,20.03,0.0,20.0624,19.9158,19.9601,1.0,3756.0
2016-09-26,19.954,19.99,19.954,19.99,4335.0,19.954,0.0,19.99,19.954,19.99,1.0,4335.0
2016-09-23,20.0,20.1738,20.0,20.1738,1737.0,20.0,0.0,20.1738,20.0,20.1738,1.0,1737.0
2016-09-22,20.3,20.31,20.165,20.25,4937.0,20.3,0.0,20.31,20.165,20.25,1.0,4937.0
2016-09-21,19.8399,19.867,19.8399,19.8399,754.0,19.8399,0.0114,19.867,19.8399,19.8399,1.0,754.0
2016-09-20,19.6387156004896,19.6836897583534,19.6087328285805,19.6587041150957,11134.0,19.65,0.0,19.695,19.62,19.67,1.0,11134.0
2016-09-19,19.6087328285805,19.6885869444319,19.5387730274592,19.5917425911653,7106.0,19.62,0.0,19.6999,19.55,19.603,1.0,7106.0
2016-09-16,19.3988534252165,19.3988534252165,19.2389453083677,19.2751245198048,8831.0,19.41,0.0,19.41,19.25,19.2862,1.0,8831.0
2016-09-15,19.3887592253404,19.3887592253404,19.0790371915189,19.0790371915189,1473.0,19.3999,0.0,19.3999,19.09,19.09,1.0,1473.0
2016-09-14,19.089031448822,19.2770234286923,19.0490544196098,19.2770234286923,2217.0,19.1,0.0,19.2881,19.06,19.2881,1.0,2217.0
2016-09-13,19.1589912499433,19.3788649106104,19.1589912499433,19.3788649106104,30519.0,19.17,0.0,19.39,19.17,19.39,1.0,30519.0
2016-09-12,19.5387730274592,19.5487672847622,19.3536793822067,19.3888591679134,24325.0,19.55,0.0,19.56,19.3648,19.4,1.0,24325.0
2016-09-09,19.5387730274592,20.0085031207024,19.5387730274592,20.0085031207024,5330.0,19.55,0.0,20.02,19.55,20.02,1.0,5330.0
2016-09-08,20.128434208339,20.1983940094603,20.118439951036,20.1384284656421,5408.0,20.14,0.0,20.21,20.13,20.15,1.0,5408.0
2016-09-07,20.1268351271705,20.1268351271705,20.0484801499146,20.1084456937329,1899.0,20.1384,0.0,20.1384,20.06,20.12,1.0,1899.0
2016-09-06,20.0684686645207,20.3563032748485,20.046381355881,20.0884571791268,7409.0,20.08,0.0,20.368,20.0579,20.1,1.0,7409.0
2016-09-02,19.8325042495957,19.8785777757628,19.7694404860135,19.8186122319445,4050.0,19.8439,0.0,19.89,19.7808,19.83,1.0,4050.0
2016-09-01,19.6021366187605,19.708675401611,19.4388304544287,19.708675401611,9075.0,19.6134,0.0,19.72,19.45,19.72,1.0,9075.0
2016-08-31,19.708675401611,19.8086179746415,19.5787500566714,19.8086179746415,23149.0,19.72,0.0,19.82,19.59,19.82,1.0,23149.0
2016-08-30,19.8642859878194,19.8642859878194,19.8585892611567,19.8585892611567,547.0,19.8757,0.0,19.8757,19.87,19.87,1.0,547.0
2016-08-29,19.8385008039776,19.928549062278,19.8385008039776,19.8486949464267,4595.0,19.8499,0.0,19.94,19.8499,19.8601,1.0,4595.0
2016-08-26,19.8186122319445,20.0883572365538,19.7386581735201,19.9485375768841,11400.0,19.83,0.0,20.0999,19.75,19.96,1.0,11400.0
2016-08-25,19.8985662903689,19.9385433195811,19.7286639162171,19.7286639162171,10404.0,19.91,0.0,19.95,19.74,19.74,1.0,10404.0
2016-08-24,19.8360022396518,19.8685835184598,19.8240091308882,19.8240091308882,503.0,19.8474,0.0,19.88,19.8354,19.8354,1.0,503.0
2016-08-23,19.8386007465506,19.918554804975,19.8386007465506,19.8485950038537,21986.0,19.85,0.0,19.93,19.85,19.86,1.0,21986.0
2016-08-22,19.6686983723988,19.6686983723988,19.50879025555,19.50879025555,38237.0,19.68,0.0,19.68,19.52,19.52,1.0,38237.0
2016-08-19,19.6387156004896,19.6587041150957,19.6087328285805,19.6087328285805,988.0,19.65,0.0,19.67,19.62,19.62,1.0,988.0
2016-08-18,19.6587041150957,19.6587041150957,19.6047351256593,19.6087328285805,7950.0,19.67,0.0,19.67,19.616,19.62,1.0,7950.0
2016-08-17,19.4873026023485,19.5587615420653,19.4489246543048,19.5187845128531,3739.0,19.4985,0.0,19.57,19.4601,19.53,1.0,3739.0
2016-08-16,19.5287787701561,19.6287213431866,19.5187845128531,19.6287213431866,9461.0,19.54,0.0,19.64,19.53,19.64,1.0,9461.0
2016-08-15,19.708675401611,19.7286639162171,19.6087328285805,19.6087328285805,9780.0,19.72,0.0,19.74,19.62,19.62,1.0,9780.0
2016-08-12,19.4222399873056,19.50879025555,19.3336908676006,19.4788074836409,2434.0,19.4334,0.0,19.52,19.3448,19.49,1.0,2434.0
2016-08-11,19.5409717640658,19.5954404663674,19.5409717640658,19.5687557993683,470.0,19.5522,0.0,19.6067,19.5522,19.58,1.0,470.0
2016-08-10,19.4288361971256,19.6187270858835,19.4088476825195,19.6187270858835,1900.0,19.44,0.0,19.63,19.42,19.63,1.0,1900.0
2016-08-09,19.5487672847622,19.6287213431866,19.5417713046501,19.6287213431866,6490.0,19.56,0.0,19.64,19.553,19.64,1.0,6490.0
2016-08-08,19.5787500566714,19.6287213431866,19.551365791661,19.5888442565474,1231.0,19.59,0.0,19.64,19.5626,19.6001,1.0,1231.0
2016-08-05,19.5287787701561,19.5728534448626,19.3488821387012,19.3488821387012,19256.0,19.54,0.0,19.5841,19.36,19.36,1.0,19256.0
2016-08-04,19.1489969926403,19.2389453083677,19.0590486769128,19.0590486769128,25836.0,19.16,0.0,19.25,19.07,19.07,1.0,25836.0
2016-08-03,19.089031448822,19.1489969926403,19.0090773903976,19.0190716477007,22358.0,19.1,0.0,19.16,19.02,19.03,1.0,22358.0
2016-08-02,19.1090199634281,19.2129602393798,19.0762387994741,19.2129602393798,3415.0,19.12,0.0,19.224,19.0872,19.224,1.0,3415.0
2016-08-01,19.1857758595155,19.2590337655468,19.099025706125,19.1090199634281,7464.0,19.1968,0.0,19.2701,19.11,19.12,1.0,7464.0
2016-07-29,19.3188993667921,19.4488247117317,19.2389453083677,19.4488247117317,587245.0,19.33,0.0,19.46,19.25,19.46,1.0,587245.0
2016-07-28,19.4288361971256,19.4288361971256,19.3089051094891,19.3188993667921,5213.0,19.44,0.0,19.44,19.32,19.33,1.0,5213.0
2016-07-27,19.4388304544287,19.4883020280788,19.3688706533073,19.4883020280788,8946.0,19.45,0.0,19.4995,19.38,19.4995,1.0,8946.0
2016-07-26,19.3588763960043,19.3588763960043,19.2189567937616,19.3043077511297,3344.0,19.37,0.0,19.37,19.23,19.3154,1.0,3344.0
2016-07-25,19.1390027353372,19.1689855072464,19.1190142207311,19.1689855072464,1154.0,19.15,0.0,19.18,19.13,19.18,1.0,1154.0
2016-07-22,19.2574346843784,19.2574346843784,19.0900308745523,19.0900308745523,9005.0,19.2685,0.0,19.2685,19.101,19.101,1.0,9005.0
2016-07-21,19.2289510510647,19.4287362545526,19.1669866557858,19.3688706533073,5643.0,19.24,0.0,19.4399,19.178,19.38,1.0,5643.0
2016-07-20,19.3388878813982,19.3608752474649,19.1372037690227,19.1989682791555,4209.0,19.35,0.0,19.372,19.1482,19.21,1.0,4209.0
2016-07-19,19.1890739644255,19.4977965725167,19.1889740218525,19.4977965725167,1511.0,19.2001,0.0,19.509,19.2,19.509,1.0,1511.0
2016-07-18,19.4388304544287,19.4550211512596,19.4288361971256,19.4388304544287,7371.0,19.45,0.0,19.4662,19.44,19.45,1.0,7371.0
2016-07-15,19.3988534252165,19.4088476825195,19.3188993667921,19.3885593401943,6938.0,19.41,0.0,19.42,19.33,19.3997,1.0,6938.0
2016-07-14,19.3488821387012,19.4788074836409,19.3488821387012,19.3688706533073,3882.0,19.36,0.0,19.49,19.36,19.38,1.0,3882.0
2016-07-13,19.4242388387662,19.4242388387662,19.4242388387662,19.4242388387662,138.0,19.4354,0.0,19.4354,19.4354,19.4354,1.0,138.0
2016-07-12,19.4188419398226,19.4518229889226,19.0490544196098,19.0490544196098,6575.0,19.43,0.0,19.463,19.06,19.06,1.0,6575.0
2016-07-11,19.1988683365825,19.2089625364586,19.089031448822,19.089031448822,9813.0,19.2099,0.0,19.22,19.1,19.1,1.0,9813.0
2016-07-08,18.9390176467032,18.9390176467032,18.7192439286092,18.7902031554609,2125.0,18.9499,0.0,18.9499,18.73,18.801,1.0,2125.0
2016-07-07,18.3094793791842,18.3594506656995,18.3014839733418,18.3014839733418,899.0,18.32,0.0,18.37,18.312,18.312,1.0,899.0
2016-07-06,18.2145339348053,18.2145339348053,18.0195459748228,18.049528746732,925.0,18.225,0.0,18.225,18.0299,18.0599,1.0,925.0
2016-07-05,18.1694598343685,18.2094368635807,18.0896057185172,18.2094368635807,1913.0,18.1799,0.0,18.2199,18.1,18.2199,1.0,1913.0
2016-07-01,18.4416034607305,18.6382904444545,18.3294678937903,18.3294678937903,3720.0,18.4522,0.0,18.649,18.34,18.34,1.0,3720.0
2016-06-30,18.2844937359266,18.2844937359266,18.2844937359266,18.2844937359266,250.0,18.295,0.0,18.295,18.295,18.295,1.0,250.0
2016-06-29,17.8297550286379,17.8601375708392,17.7619939641233,17.7619939641233,1850.0,17.84,0.0,17.8704,17.7722,17.7722,1.0,1850.0
2016-06-28,17.5199330522434,17.5599100814556,17.5199330522434,17.5364235767935,1581.0,17.53,0.0,17.57,17.53,17.5465,1.0,1581.0
2016-06-27,17.3900077073038,17.3900077073038,17.3900077073038,17.3900077073038,290.0,17.4,0.0,17.4,17.4,17.4,1.0,290.0
2016-06-24,18.0186464916655,18.1795540342446,17.9796688881836,18.1228865953363,1879.0,18.029,0.0,18.19,17.99,18.1333,1.0,1879.0
2016-06-23,18.7892037297305,18.8390750736728,18.6341927989603,18.6341927989603,12944.0,18.8,0.0,18.8499,18.6449,18.6449,1.0,12944.0
2016-06-22,18.4492990388539,18.5379481011319,18.3895333801816,18.4893760106391,2049.0,18.4599,0.0,18.5486,18.4001,18.5,1.0,2049.0
2016-06-21,18.3937309682489,18.4054242492935,18.3393622085204,18.4054242492935,3867.0,18.4043,0.0,18.416,18.3499,18.416,1.0,3867.0
2016-06-20,18.5793243263665,18.5943157123211,18.5593358117604,18.5779251303441,2712.0,18.59,0.0,18.605,18.57,18.5886,1.0,2712.0
2016-06-17,18.1595655196385,18.2990853515891,18.1595655196385,18.2822949993199,1375.0,18.17,0.0,18.3096,18.17,18.2928,1.0,1375.0
2016-06-16,17.9956596998685,18.059622946608,17.839749285941,18.059622946608,2172.0,18.006,0.0,18.07,17.85,18.07,1.0,2172.0
2016-06-15,18.1796539768176,18.259508092669,18.1795540342446,18.2396195206359,2225.0,18.1901,0.0,18.27,18.19,18.2501,1.0,2225.0
2016-06-14,17.9996574027897,18.1789543788064,17.9496861162745,18.1595655196385,9639.0,18.01,0.0,18.1894,17.96,18.17,1.0,9639.0
2016-06-13,18.3994276949117,18.4394047241239,18.3994276949117,18.4394047241239,341.0,18.41,0.0,18.45,18.41,18.45,1.0,341.0
2016-06-10,18.4793817533361,18.4978711293467,18.4793817533361,18.4978711293467,983.0,18.49,0.0,18.5085,18.49,18.5085,1.0,983.0
2016-06-09,18.767816019102,18.7692152151245,18.6892611567001,18.7392324432153,3683.0,18.7786,0.0,18.78,18.7,18.75,1.0,3683.0
2016-06-08,18.9910877272521,19.0190716477007,18.7392324432153,18.7392324432153,12209.0,19.002,0.0,19.03,18.75,18.75,1.0,12209.0
2016-06-07,18.6952577110819,18.7092496713062,18.5393472971543,18.5393472971543,5488.0,18.706,0.0,18.72,18.55,18.55,1.0,5488.0
2016-06-06,18.4893760106391,18.4893760106391,18.2894908645781,18.3014839733418,13645.0,18.5,0.0,18.5,18.3,18.312,1.0,13645.0
2016-06-03,18.2423179701078,18.3194736364873,18.0995999758202,18.3194736364873,12349.0,18.2528,0.0,18.33,18.11,18.33,1.0,12349.0
2016-06-02,18.2776976409605,18.2776976409605,18.216732671412,18.216732671412,1224.0,18.2882,0.0,18.2882,18.2272,18.2272,1.0,1224.0
2016-06-01,18.2096367487268,18.2395195780629,18.1195884904263,18.1195884904263,7921.0,18.2201,0.0,18.25,18.13,18.13,1.0,7921.0
2016-05-31,18.2505132610963,18.2505132610963,18.2505132610963,18.2505132610963,166.0,18.261,0.0,18.261,18.261,18.261,1.0,166.0
2016-05-27,18.0196459173958,18.049528746732,18.0196459173958,18.049528746732,2309.0,18.03,0.0,18.0599,18.03,18.0599,1.0,2309.0
2016-05-26,18.0510278853274,18.1495712623355,18.0396344320019,18.1495712623355,5565.0,18.0614,0.0,18.16,18.05,18.16,1.0,5565.0
2016-05-25,18.14807212374,18.1895482915477,17.9097090870623,17.9097090870623,50580.0,18.1585,0.0,18.2,17.92,17.92,1.0,50580.0
2016-05-24,17.8797263151532,17.8859227546811,17.8189612307506,17.8189612307506,810.0,17.89,0.0,17.8962,17.8292,17.8292,1.0,810.0
2016-05-23,17.5933908434208,17.6787418007889,17.4899502803343,17.5599100814556,2908.0,17.6035,0.0,17.6889,17.5,17.57,1.0,2908.0
2016-05-20,17.5299273095465,17.5299273095465,17.5299273095465,17.5299273095465,206.0,17.54,0.0,17.54,17.54,17.54,1.0,206.0
2016-05-19,17.2501880476342,17.2785717383748,17.1476469677049,17.1600398467607,2908.0,17.2601,0.0,17.2885,17.1575,17.1699,1.0,2908.0
2016-05-18,17.3500306780916,17.4997446524913,17.3500306780916,17.4997446524913,758.0,17.36,0.0,17.5098,17.36,17.5098,1.0,758.0
2016-05-17,17.3900077073038,17.7298124556074,17.3900077073038,17.5898928533648,2355.0,17.4,0.0,17.74,17.4,17.6,1.0,2355.0
2016-05-16,17.7098239410013,17.7298124556074,17.3700191926977,17.3700191926977,1926.0,17.72,0.0,17.74,17.38,17.38,1.0,1926.0
2016-05-13,17.429984736516,17.6598526544861,17.4099962219099,17.6598526544861,1381.0,17.44,0.0,17.67,17.42,17.67,1.0,1381.0
2016-05-12,17.6681478880476,17.7882788608303,17.6598526544861,17.7697894848196,3058.0,17.6783,0.0,17.7985,17.67,17.78,1.0,3058.0
2016-05-11,17.8782271765577,17.9395919163984,17.7797837421227,17.7797837421227,1429.0,17.8885,0.0,17.9499,17.79,17.79,1.0,1429.0
2016-05-10,17.8452461274576,17.8522421075698,17.6479594882955,17.6598526544861,3284.0,17.8555,0.0,17.8625,17.6581,17.67,1.0,3284.0
2016-05-09,17.5998871106678,17.5998871106678,17.5998871106678,17.5998871106678,25.0,17.61,0.0,17.61,17.61,17.61,1.0,25.0
2016-05-06,17.5998871106678,17.5998871106678,17.4899502803343,17.4899502803343,2039.0,17.61,0.0,17.61,17.5,17.5,1.0,2039.0
2016-05-05,17.5499158241526,17.6505579951943,17.5409209925798,17.6505579951943,5405.0,17.56,0.0,17.6607,17.551,17.6607,1.0,5405.0
2016-05-04,17.5599100814556,17.5599100814556,17.5599100814556,17.5599100814556,100.0,17.57,0.0,17.57,17.57,17.57,1.0,100.0
2016-05-03,17.7098239410013,17.7597952275166,17.7098239410013,17.7597952275166,1535.0,17.72,0.0,17.77,17.72,17.77,1.0,1535.0
2016-05-02,18.0996999183933,18.0996999183933,18.0996999183933,18.0996999183933,143.0,18.1101,0.0,18.1101,18.1101,18.1101,1.0,143.0
2016-04-29,18.0996999183933,18.2395195780629,18.0096516600928,18.0766131840232,3011.0,18.1101,0.0,18.25,18.02,18.087,1.0,3011.0
2016-04-28,18.2485144096356,18.4344075954723,17.9896631454867,17.9896631454867,970.0,18.259,0.0,18.445,18.0,18.0,1.0,970.0
2016-04-27,18.3394621510934,18.3593507231264,18.1895482915477,18.2195310634568,2341.0,18.35,0.0,18.3699,18.2,18.23,1.0,2341.0
2016-04-26,17.7697894848196,17.7697894848196,17.7697894848196,17.7697894848196,67.0,17.78,0.0,17.78,17.78,17.78,1.0,67.0
2016-04-25,17.7697894848196,17.7698894273927,17.7697894848196,17.7698894273927,662.0,17.78,0.0,17.7801,17.78,17.7801,1.0,662.0
2016-04-22,18.059622946608,18.1395770050324,18.059622946608,18.1395770050324,4014.0,18.07,0.0,18.15,18.07,18.15,1.0,4014.0
2016-04-21,17.9097090870623,18.059622946608,17.9097090870623,18.059622946608,2181.0,17.92,0.0,18.07,17.92,18.07,1.0,2181.0
2016-04-20,18.1073954965166,18.1073954965166,18.049628689305,18.049628689305,2553.0,18.1178,0.0,18.1178,18.06,18.06,1.0,2553.0
2016-04-19,18.134779761527,18.134779761527,17.9396918589715,17.9396918589715,6317.0,18.1452,0.0,18.1452,17.95,17.95,1.0,6317.0
2016-04-18,17.938192720376,17.938192720376,17.938192720376,17.938192720376,245.0,17.9485,0.0,17.9485,17.9485,17.9485,1.0,245.0
2016-04-15,17.7897779994257,17.8197607713349,17.6898354263952,17.6898354263952,3720.0,17.8,0.0,17.83,17.7,17.7,1.0,3720.0
2016-04-14,17.8296550860649,17.8296550860649,17.7797837421227,17.7797837421227,2041.0,17.8399,0.0,17.8399,17.79,17.79,1.0,2041.0
2016-04-13,17.8898205150292,17.8898205150292,17.5898928533648,17.5898928533648,1439.0,17.9001,0.0,17.9001,17.6,17.6,1.0,1439.0
2016-04-12,17.5240306977377,17.5240306977377,17.3320410149461,17.3320410149461,1153.0,17.5341,0.0,17.5341,17.342,17.342,1.0,1153.0
2016-04-11,17.2638801801393,17.5199330522434,17.2638801801393,17.3901076498768,642.0,17.2738,0.0,17.53,17.2738,17.4001,1.0,642.0
2016-04-08,17.1102684453915,17.1102684453915,17.1102684453915,17.1102684453915,77.0,17.1201,0.0,17.1201,17.1201,17.1201,1.0,77.0
2016-04-07,17.1102684453915,17.230099590455,17.0701914736063,17.0701914736063,6232.0,17.1201,0.0,17.24,17.08,17.08,1.0,6232.0
2016-04-06,17.2700766196672,17.2700766196672,17.1102684453915,17.1901225612428,3769.0,17.28,0.0,17.28,17.1201,17.2,1.0,3769.0
2016-04-05,17.1401512747276,17.1901225612428,17.1301570174246,17.1301570174246,4899.0,17.15,0.0,17.2,17.14,17.14,1.0,4899.0
2016-04-04,17.4835539556603,17.5599100814556,17.4835539556603,17.5599100814556,1640.0,17.4936,0.0,17.57,17.4936,17.57,1.0,1640.0
2016-04-01,17.5323259312992,17.5323259312992,17.3450335494401,17.3450335494401,953.0,17.5424,0.0,17.5424,17.355,17.355,1.0,953.0
2016-03-31,17.5600100240287,17.6698469117892,17.5599100814556,17.6698469117892,4506.0,17.5701,0.0,17.68,17.57,17.68,1.0,4506.0
2016-03-30,17.5998871106678,17.6742443850025,17.5399215668495,17.5399215668495,2709.0,17.61,0.0,17.6844,17.55,17.55,1.0,2709.0
2016-03-29,17.5499158241526,17.5598101388826,17.1501455320306,17.1501455320306,2179.0,17.56,0.0,17.5699,17.16,17.16,1.0,2179.0
2016-03-28,17.220105333152,17.220105333152,17.220105333152,17.220105333152,156.0,17.23,0.0,17.23,17.23,17.23,1.0,156.0
2016-03-24,17.220105333152,17.220105333152,17.0601972163032,17.0901799882124,1541.0,17.23,0.0,17.23,17.07,17.1,1.0,1541.0
2016-03-23,17.2478893684545,17.2900651342733,17.2001168185459,17.2574838554654,2331.0,17.2578,0.0,17.3,17.21,17.2674,1.0,2331.0
2016-03-22,17.4900502229073,17.551215077602,17.4900502229073,17.5214321908389,1423.0,17.5001,0.0,17.5613,17.5001,17.5315,1.0,1423.0
2016-03-21,17.4499732511221,17.4499732511221,17.3401363633616,17.3500306780916,1792.0,17.46,0.0,17.46,17.3501,17.36,1.0,1792.0
2016-03-18,17.3685200541023,17.5099387949404,17.364522351181,17.5099387949404,1711.0,17.3785,0.0,17.52,17.3745,17.52,1.0,1711.0
2016-03-17,17.3500306780916,17.3500306780916,17.0502029590002,17.0502029590002,1828.0,17.36,0.0,17.36,17.06,17.06,1.0,1828.0
2016-03-16,16.9301719287906,16.9301719287906,16.5704786084539,16.5704786084539,522.0,16.9399,0.0,16.9399,16.58,16.58,1.0,522.0
2016-03-15,16.7088990721011,16.7104981532696,16.610455637666,16.610455637666,3377.0,16.7185,0.0,16.7201,16.62,16.62,1.0,3377.0
2016-03-14,16.8852977134999,16.9102833567575,16.8852977134999,16.8958916262411,2579.0,16.895,0.0,16.92,16.895,16.9056,1.0,2579.0
2016-03-11,16.9502603859697,16.9502603859697,16.7803580118179,16.7803580118179,1630.0,16.96,0.0,16.96,16.79,16.79,1.0,1630.0
2016-03-10,16.5664809055326,16.600461380363,16.5105130646356,16.600461380363,1676.0,16.576,0.0,16.61,16.52,16.61,1.0,1676.0
2016-03-09,16.7203924679996,16.7604694397848,16.6504326668782,16.6504326668782,3271.0,16.73,0.0,16.7701,16.66,16.66,1.0,3271.0
2016-03-08,16.6604269241813,16.8203350410301,16.6604269241813,16.7803580118179,6053.0,16.67,0.0,16.83,16.67,16.79,1.0,6053.0
2016-03-07,17.010225929788,17.010225929788,16.8703063275453,16.9102833567575,9430.0,17.02,0.0,17.02,16.88,16.92,1.0,9430.0
2016-03-04,16.6904096960904,16.839823842771,16.6504326668782,16.7913516948512,276333.0,16.7,0.0,16.8495,16.66,16.801,1.0,276333.0
2016-03-03,16.4406532060873,16.4406532060873,16.2306738601502,16.2306738601502,3255.0,16.4501,0.0,16.4501,16.24,16.24,1.0,3255.0
2016-03-02,16.190696830938,16.2317732284536,16.1397261186925,16.1397261186925,3806.0,16.2,0.0,16.2411,16.149,16.149,1.0,3806.0
2016-03-01,16.1507198017258,16.1507198017258,15.882473935712,15.882473935712,4039.0,16.16,0.0,16.16,15.8916,15.8916,1.0,4039.0
2016-02-29,15.771037966783,15.9268484381376,15.77093802421,15.8508920826344,3273.0,15.7801,0.0,15.936,15.78,15.86,1.0,3273.0
2016-02-26,15.7209667376948,15.7309609949978,15.5811470780251,15.6310184219673,9959.0,15.73,0.0,15.74,15.5901,15.64,1.0,9959.0
2016-02-25,15.4311332759064,15.4311332759064,15.2412423871484,15.3311907028759,59277.0,15.44,0.0,15.44,15.25,15.34,1.0,59277.0
2016-02-24,14.941414668057,14.941414668057,14.7015524927839,14.7915008085113,1026.0,14.95,0.0,14.95,14.71,14.8,1.0,1026.0
2016-02-23,14.9713974399662,15.0813342702997,14.9713974399662,15.0813342702997,364.0,14.98,0.0,15.09,14.98,15.09,1.0,364.0
2016-02-22,15.1812768433302,15.1912711006332,15.1313055568149,15.1313055568149,4318.0,15.19,0.0,15.2,15.14,15.14,1.0,4318.0
2016-02-19,14.9014376388448,14.9214261534509,14.8014950658143,14.8614606096326,2894.0,14.91,0.0,14.93,14.81,14.87,1.0,2894.0
2016-02-18,14.9614031826631,14.9913859545722,14.8514663523296,14.941414668057,3190.0,14.97,0.0,15.0,14.86,14.95,1.0,3190.0
2016-02-17,14.9819913527074,14.9819913527074,14.9813916972692,14.9813916972692,201.0,14.9906,0.0,14.9906,14.99,14.99,1.0,201.0
2016-02-16,14.6915582354808,14.7014525502108,14.6215984343595,14.6614755209986,16255.0,14.7,0.0,14.7099,14.63,14.6699,1.0,16255.0
2016-02-12,14.3817362590863,14.5016673467229,14.2318223995406,14.4117190309955,13783.0,14.39,0.0,14.51,14.24,14.42,1.0,13783.0
2016-02-11,14.1518683411162,14.1518683411162,13.8520406220248,13.8520406220248,21896.0,14.16,0.0,14.16,13.86,13.86,1.0,21896.0
2016-02-10,14.347955669402,14.4909734914086,14.347955669402,14.4816788321168,4586.0,14.3562,0.0,14.4993,14.3562,14.49,1.0,4586.0
2016-02-09,14.2618051714497,14.311776457965,14.2318223995406,14.2318223995406,12933.0,14.27,0.0,14.32,14.24,14.24,1.0,12933.0
2016-02-08,14.3517534871772,14.3517534871772,14.3317649725711,14.3417592298741,1168.0,14.36,0.0,14.36,14.34,14.35,1.0,1168.0
2016-02-05,14.7614180940291,14.9614031826631,14.741529521996,14.931420410754,33413.0,14.7699,0.0,14.97,14.75,14.94,1.0,33413.0
2016-02-04,14.9813916972692,15.1613882712971,14.9813916972692,15.1613882712971,3563.0,14.99,0.0,15.1701,14.99,15.1701,1.0,3563.0
2016-02-03,14.8083911033534,14.8083911033534,14.7725117196355,14.7725117196355,2460.0,14.8169,0.0,14.8169,14.781,14.781,1.0,2460.0
2016-02-02,14.7115467500869,14.9014376388448,14.7115467500869,14.9014376388448,14371.0,14.72,0.0,14.91,14.72,14.91,1.0,14371.0
2016-02-01,15.151294071421,15.151294071421,14.94151461063,15.0813342702997,4061.0,15.16,0.0,15.16,14.9501,15.09,1.0,4061.0
2016-01-29,15.1812768433302,15.1812768433302,14.741529521996,14.741529521996,6694.0,15.19,0.0,15.19,14.75,14.75,1.0,6694.0
2016-01-28,14.5516386332381,14.6715697208747,14.2018396276314,14.2018396276314,11336.0,14.56,0.0,14.68,14.21,14.21,1.0,11336.0
2016-01-27,14.4716845748137,14.6915582354808,14.4317075456015,14.531650118632,7528.0,14.48,0.0,14.7,14.44,14.54,1.0,7528.0
2016-01-26,14.521655861329,14.521655861329,14.4017247736924,14.4217132882985,3078.0,14.53,0.0,14.53,14.41,14.43,1.0,3078.0
2016-01-25,14.5744255398891,14.5744255398891,14.5744255398891,14.5744255398891,178.0,14.5828,0.0,14.5828,14.5828,14.5828,1.0,178.0
2016-01-22,14.5744255398891,14.8714548669357,14.5716271478442,14.6615754635717,4462.0,14.5828,0.0,14.88,14.58,14.67,1.0,4462.0
2016-01-21,14.4516960602076,14.5636317420018,14.3667448731317,14.4999683229814,5963.0,14.46,0.0,14.572,14.375,14.5083,1.0,5963.0
2016-01-20,14.4116190884224,14.4817787746898,13.7620923062973,13.8032686463859,194798.0,14.4199,0.0,14.4901,13.77,13.8112,1.0,194798.0
2016-01-19,14.4017247736924,14.8114893231174,14.1980418098563,14.8114893231174,3872.0,14.41,0.0,14.82,14.2062,14.82,1.0,3872.0
2016-01-15,14.6016099197534,14.6715697208747,14.321770715268,14.4728838856901,2895.0,14.61,0.0,14.68,14.33,14.4812,1.0,2895.0
2016-01-14,14.9014376388448,14.9882877348083,14.7114468075139,14.8114893231174,1744.0,14.91,0.0,14.9969,14.7199,14.82,1.0,1744.0
2016-01-13,14.6415869489656,15.2012653579363,14.6117041196294,15.1534928080277,21625.0,14.65,0.0,15.21,14.6201,15.1622,1.0,21625.0
2016-01-12,15.1313055568149,15.2707254461924,14.9514089253601,15.2707254461924,14977.0,15.14,0.0,15.2795,14.96,15.2795,1.0,14977.0
2016-01-11,15.1313055568149,15.3112021882698,14.9614031826631,15.2912136736637,7406.0,15.14,0.0,15.32,14.97,15.3,1.0,7406.0
2016-01-08,15.3753653201554,15.4841028396125,15.2711252164846,15.4811045624216,1954.0,15.3842,0.0,15.493,15.2799,15.49,1.0,1954.0
2016-01-07,15.3711677320881,15.665998322528,15.3711677320881,15.6648989542247,11225.0,15.38,0.0,15.675,15.38,15.6739,1.0,11225.0
2016-01-06,15.980817427574,16.1175388674797,15.9308461410588,15.9308461410588,150193.0,15.99,0.0,16.1268,15.94,15.94,1.0,150193.0
2016-01-05,16.1407255444228,16.1407255444228,16.0008059421801,16.0307887140893,5924.0,16.15,0.0,16.15,16.01,16.04,1.0,5924.0
2016-01-04,16.1507198017258,16.1507198017258,15.9722223662934,15.9722223662934,1693.0,16.16,0.0,16.16,15.9814,15.9814,1.0,1693.0
