,adj_close,adj_high,adj_low,adj_open,adj_volume,close,ex_dividend,high,low,open,split_ratio,volume
2017-02-10,4.13,4.13,3.98,4.03,29470.0,4.13,0.0,4.13,3.98,4.03,1.0,29470.0
2017-02-09,4.07,4.0999,4.0,4.02,65895.0,4.07,0.0,4.0999,4.0,4.02,1.0,65895.0
2017-02-08,4.04,4.05,4.01,4.01,49914.0,4.04,0.0,4.05,4.01,4.01,1.0,49914.0
2017-02-07,4.07,4.2,4.02,4.06,20941.0,4.07,0.0,4.2,4.02,4.06,1.0,20941.0
2017-02-06,4.12,4.4,3.99,3.99,78222.0,4.12,0.0,4.4,3.99,3.99,1.0,78222.0
2017-02-03,4.03,4.07,4.01,4.02,22575.0,4.03,0.0,4.07,4.01,4.02,1.0,22575.0
2017-02-02,4.04,4.09,3.93,4.06,147398.0,4.04,0.0,4.09,3.93,4.06,1.0,147398.0
2017-02-01,4.03,4.16,3.97,3.9886,47268.0,4.03,0.0,4.16,3.97,3.9886,1.0,47268.0
2017-01-31,3.99,4.01,3.86,3.86,65493.0,3.99,0.0,4.01,3.86,3.86,1.0,65493.0
2017-01-30,3.86,3.9,3.8,3.9,23521.0,3.86,0.0,3.9,3.8,3.9,1.0,23521.0
2017-01-27,3.93,3.96,3.84,3.86,15532.0,3.93,0.0,3.96,3.84,3.86,1.0,15532.0
2017-01-26,3.84,3.99,3.8,3.96,12511.0,3.84,0.0,3.99,3.8,3.96,1.0,12511.0
2017-01-25,3.94,4.04,3.91,4.04,13740.0,3.94,0.0,4.04,3.91,4.04,1.0,13740.0
2017-01-24,3.98,4.0,3.85,3.85,12125.0,3.98,0.0,4.0,3.85,3.85,1.0,12125.0
2017-01-23,3.85,3.85,3.77,3.77,10571.0,3.85,0.0,3.85,3.77,3.77,1.0,10571.0
2017-01-20,3.88,4.0499,3.85,3.91,21631.0,3.88,0.0,4.0499,3.85,3.91,1.0,21631.0
2017-01-19,3.94,3.9899,3.93,3.93,11674.0,3.94,0.0,3.9899,3.93,3.93,1.0,11674.0
2017-01-18,3.93,3.95,3.75,3.78,24290.0,3.93,0.0,3.95,3.75,3.78,1.0,24290.0
2017-01-17,3.82,3.86,3.73,3.83,34473.0,3.82,0.0,3.86,3.73,3.83,1.0,34473.0
2017-01-13,3.83,3.918,3.79,3.79,23374.0,3.83,0.0,3.918,3.79,3.79,1.0,23374.0
2017-01-12,3.84,3.92,3.805,3.82,20541.0,3.84,0.0,3.92,3.805,3.82,1.0,20541.0
2017-01-11,3.88,3.89,3.75,3.84,33268.0,3.88,0.0,3.89,3.75,3.84,1.0,33268.0
2017-01-10,3.9,4.06,3.83,3.83,24009.0,3.9,0.0,4.06,3.83,3.83,1.0,24009.0
2017-01-09,3.9,3.91,3.81,3.85,28013.0,3.9,0.0,3.91,3.81,3.85,1.0,28013.0
2017-01-06,3.91,4.11,3.85,4.08,31871.0,3.91,0.0,4.11,3.85,4.08,1.0,31871.0
2017-01-05,4.0,4.3399,3.98,4.21,19956.0,4.0,0.0,4.3399,3.98,4.21,1.0,19956.0
2017-01-04,4.22,4.24,4.15,4.19,37613.0,4.22,0.0,4.24,4.15,4.19,1.0,37613.0
2017-01-03,4.2,4.45,4.15,4.4,54064.0,4.2,0.0,4.45,4.15,4.4,1.0,54064.0
2016-12-30,4.39,4.73,4.33,4.69,47096.0,4.39,0.0,4.73,4.33,4.69,1.0,47096.0
2016-12-29,4.76,4.87,4.16,4.31,79694.0,4.76,0.0,4.87,4.16,4.31,1.0,79694.0
2016-12-28,4.32,4.45,4.2,4.26,105225.0,4.32,0.0,4.45,4.2,4.26,1.0,105225.0
2016-12-27,4.31,4.34,4.17,4.24,49366.0,4.31,0.0,4.34,4.17,4.24,1.0,49366.0
2016-12-23,4.33,4.33,4.06,4.06,81287.0,4.33,0.0,4.33,4.06,4.06,1.0,81287.0
2016-12-22,4.1,4.16,3.99,4.11,44899.0,4.1,0.0,4.16,3.99,4.11,1.0,44899.0
2016-12-21,4.16,4.18,4.04,4.1,38826.0,4.16,0.0,4.18,4.04,4.1,1.0,38826.0
2016-12-20,4.15,4.26,4.0,4.01,56268.0,4.15,0.0,4.26,4.0,4.01,1.0,56268.0
2016-12-19,4.07,4.26,4.03,4.23,101848.0,4.07,0.0,4.26,4.03,4.23,1.0,101848.0
2016-12-16,4.04,4.1,4.01,4.05,104523.0,4.04,0.0,4.1,4.01,4.05,1.0,104523.0
2016-12-15,4.03,4.06,3.92,3.96,29079.0,4.03,0.0,4.06,3.92,3.96,1.0,29079.0
2016-12-14,3.99,4.1899,3.94,4.0,33256.0,3.99,0.0,4.1899,3.94,4.0,1.0,33256.0
2016-12-13,4.05,4.0792,3.86,4.06,94449.0,4.05,0.0,4.0792,3.86,4.06,1.0,94449.0
2016-12-12,4.09,4.3,4.05,4.3,54918.0,4.09,0.0,4.3,4.05,4.3,1.0,54918.0
2016-12-09,4.28,4.3,4.23,4.3,64171.0,4.28,0.0,4.3,4.23,4.3,1.0,64171.0
2016-12-08,4.32,4.39,4.26,4.27,48788.0,4.32,0.0,4.39,4.26,4.27,1.0,48788.0
2016-12-07,4.29,4.425,4.25,4.26,27940.0,4.29,0.0,4.425,4.25,4.26,1.0,27940.0
2016-12-06,4.3,4.3,4.2201,4.3,43774.0,4.3,0.0,4.3,4.2201,4.3,1.0,43774.0
2016-12-05,4.3,4.31,4.23,4.28,47424.0,4.3,0.0,4.31,4.23,4.28,1.0,47424.0
2016-12-02,4.27,4.3,4.25,4.3,17178.0,4.27,0.0,4.3,4.25,4.3,1.0,17178.0
2016-12-01,4.3,4.5,4.25,4.38,49950.0,4.3,0.0,4.5,4.25,4.38,1.0,49950.0
2016-11-30,4.37,4.44,4.3,4.32,103370.0,4.37,0.0,4.44,4.3,4.32,1.0,103370.0
2016-11-29,4.34,4.425,4.3,4.38,53122.0,4.34,0.0,4.425,4.3,4.38,1.0,53122.0
2016-11-28,4.33,4.58,4.3,4.33,39608.0,4.33,0.0,4.58,4.3,4.33,1.0,39608.0
2016-11-25,4.42,4.5299,4.35,4.4299,24179.0,4.42,0.0,4.5299,4.35,4.4299,1.0,24179.0
2016-11-23,4.48,4.58,4.36,4.5,29720.0,4.48,0.0,4.58,4.36,4.5,1.0,29720.0
2016-11-22,4.51,4.63,4.41,4.53,200968.0,4.51,0.0,4.63,4.41,4.53,1.0,200968.0
2016-11-21,4.47,4.5,4.29,4.38,20048.0,4.47,0.0,4.5,4.29,4.38,1.0,20048.0
2016-11-18,4.35,4.39,4.23,4.35,49158.0,4.35,0.0,4.39,4.23,4.35,1.0,49158.0
2016-11-17,4.41,4.51,4.3,4.3,19845.0,4.41,0.0,4.51,4.3,4.3,1.0,19845.0
2016-11-16,4.38,4.38,4.2374,4.32,17155.0,4.38,0.0,4.38,4.2374,4.32,1.0,17155.0
2016-11-15,4.34,4.5348,4.29,4.49,20927.0,4.34,0.0,4.5348,4.29,4.49,1.0,20927.0
2016-11-14,4.55,4.59,4.41,4.52,28414.0,4.55,0.0,4.59,4.41,4.52,1.0,28414.0
2016-11-11,4.46,4.48,4.05,4.06,70895.0,4.46,0.0,4.48,4.05,4.06,1.0,70895.0
2016-11-10,4.18,4.24,3.87,4.11,27023.0,4.18,0.0,4.24,3.87,4.11,1.0,27023.0
2016-11-09,4.06,4.07,3.8,3.8,39185.0,4.06,0.0,4.07,3.8,3.8,1.0,39185.0
2016-11-08,3.9,4.02,3.86,3.86,19396.0,3.9,0.0,4.02,3.86,3.86,1.0,19396.0
2016-11-07,3.89,3.984,3.8,3.91,24950.0,3.89,0.0,3.984,3.8,3.91,1.0,24950.0
2016-11-04,3.84,3.9172,3.8,3.86,24334.0,3.84,0.0,3.9172,3.8,3.86,1.0,24334.0
2016-11-03,3.83,3.9,3.77,3.81,16712.0,3.83,0.0,3.9,3.77,3.81,1.0,16712.0
2016-11-02,3.78,3.96,3.75,3.96,25610.0,3.78,0.0,3.96,3.75,3.96,1.0,25610.0
2016-11-01,3.94,3.98,3.93,3.97,11558.0,3.94,0.0,3.98,3.93,3.97,1.0,11558.0
2016-10-31,3.99,4.03,3.93,3.95,24906.0,3.99,0.0,4.03,3.93,3.95,1.0,24906.0
2016-10-28,3.98,4.1,3.87,4.0301,55028.0,3.98,0.0,4.1,3.87,4.0301,1.0,55028.0
2016-10-27,4.14,4.27,4.1,4.27,26312.0,4.14,0.0,4.27,4.1,4.27,1.0,26312.0
2016-10-26,4.29,4.41,4.25,4.37,30297.0,4.29,0.0,4.41,4.25,4.37,1.0,30297.0
2016-10-25,4.41,4.45,4.35,4.41,29351.0,4.41,0.0,4.45,4.35,4.41,1.0,29351.0
2016-10-24,4.44,4.48,4.35,4.48,19739.0,4.44,0.0,4.48,4.35,4.48,1.0,19739.0
2016-10-21,4.41,4.41,4.3,4.36,16152.0,4.41,0.0,4.41,4.3,4.36,1.0,16152.0
2016-10-20,4.4,4.44,4.37,4.4,86848.0,4.4,0.0,4.44,4.37,4.4,1.0,86848.0
2016-10-19,4.44,4.45,4.34,4.37,182377.0,4.44,0.0,4.45,4.34,4.37,1.0,182377.0
2016-10-18,4.39,4.42,4.35,4.38,36942.0,4.39,0.0,4.42,4.35,4.38,1.0,36942.0
2016-10-17,4.36,4.37,4.28,4.31,19732.0,4.36,0.0,4.37,4.28,4.31,1.0,19732.0
2016-10-14,4.35,4.4,4.3,4.31,24850.0,4.35,0.0,4.4,4.3,4.31,1.0,24850.0
2016-10-13,4.37,4.44,4.35,4.44,17884.0,4.37,0.0,4.44,4.35,4.44,1.0,17884.0
2016-10-12,4.49,4.52,4.42,4.43,11914.0,4.49,0.0,4.52,4.42,4.43,1.0,11914.0
2016-10-11,4.47,4.54,4.41,4.48,20789.0,4.47,0.0,4.54,4.41,4.48,1.0,20789.0
2016-10-10,4.52,4.54,4.44,4.44,16202.0,4.52,0.0,4.54,4.44,4.44,1.0,16202.0
2016-10-07,4.47,4.51,4.38,4.47,31126.0,4.47,0.0,4.51,4.38,4.47,1.0,31126.0
2016-10-06,4.51,4.54,4.4,4.4,37087.0,4.51,0.0,4.54,4.4,4.4,1.0,37087.0
2016-10-05,4.45,4.46,4.3111,4.37,24903.0,4.45,0.0,4.46,4.3111,4.37,1.0,24903.0
2016-10-04,4.41,4.55,4.39,4.55,16209.0,4.41,0.0,4.55,4.39,4.55,1.0,16209.0
2016-10-03,4.58,4.65,4.53,4.58,28918.0,4.58,0.0,4.65,4.53,4.58,1.0,28918.0
2016-09-30,4.7,4.7,4.47,4.51,41676.0,4.7,0.0,4.7,4.47,4.51,1.0,41676.0
2016-09-29,4.53,4.57,4.5,4.52,24286.0,4.53,0.0,4.57,4.5,4.52,1.0,24286.0
2016-09-28,4.58,4.66,4.53,4.63,26585.0,4.58,0.0,4.66,4.53,4.63,1.0,26585.0
2016-09-27,4.7,4.74,4.52,4.52,28404.0,4.7,0.0,4.74,4.52,4.52,1.0,28404.0
2016-09-26,4.57,4.72,4.54,4.72,24511.0,4.57,0.0,4.72,4.54,4.72,1.0,24511.0
2016-09-23,4.78,4.92,4.76,4.92,14125.0,4.78,0.0,4.92,4.76,4.92,1.0,14125.0
2016-09-22,4.89,4.91,4.86,4.9,8004.0,4.89,0.0,4.91,4.86,4.9,1.0,8004.0
2016-09-21,4.92,4.92,4.69,4.91,21199.0,4.92,0.0,4.92,4.69,4.91,1.0,21199.0
2016-09-20,4.88,4.99,4.85,4.85,14746.0,4.88,0.0,4.99,4.85,4.85,1.0,14746.0
2016-09-19,4.81,4.82,4.61,4.61,17556.0,4.81,0.0,4.82,4.61,4.61,1.0,17556.0
2016-09-16,4.62,4.66,4.48,4.61,327296.0,4.62,0.0,4.66,4.48,4.61,1.0,327296.0
2016-09-15,4.5,4.74,4.4748,4.74,61248.0,4.5,0.0,4.74,4.4748,4.74,1.0,61248.0
2016-09-14,4.64,4.75,4.64,4.75,22717.0,4.64,0.0,4.75,4.64,4.75,1.0,22717.0
2016-09-13,4.76,4.89,4.7001,4.89,39231.0,4.76,0.0,4.89,4.7001,4.89,1.0,39231.0
2016-09-12,4.87,4.9,4.78,4.89,60277.0,4.87,0.0,4.9,4.78,4.89,1.0,60277.0
2016-09-09,4.86,4.95,4.76,4.95,37432.0,4.86,0.0,4.95,4.76,4.95,1.0,37432.0
2016-09-08,4.95,4.95,4.85,4.92,46689.0,4.95,0.0,4.95,4.85,4.92,1.0,46689.0
2016-09-07,4.83,4.885,4.77,4.87,35327.0,4.83,0.0,4.885,4.77,4.87,1.0,35327.0
2016-09-06,4.83,4.97,4.73,4.86,40126.0,4.83,0.0,4.97,4.73,4.86,1.0,40126.0
2016-09-02,4.8,4.94,4.647,4.7,38325.0,4.8,0.0,4.94,4.647,4.7,1.0,38325.0
2016-09-01,4.77,4.78,4.54,4.55,37794.0,4.77,0.0,4.78,4.54,4.55,1.0,37794.0
2016-08-31,4.57,4.6,4.45,4.58,25614.0,4.57,0.0,4.6,4.45,4.58,1.0,25614.0
2016-08-30,4.54,4.59,4.48,4.51,14959.0,4.54,0.0,4.59,4.48,4.51,1.0,14959.0
2016-08-29,4.58,4.58,4.5389,4.56,10412.0,4.58,0.0,4.58,4.5389,4.56,1.0,10412.0
2016-08-26,4.56,4.64,4.56,4.58,8646.0,4.56,0.0,4.64,4.56,4.58,1.0,8646.0
2016-08-25,4.6,4.63,4.58,4.59,13319.0,4.6,0.0,4.63,4.58,4.59,1.0,13319.0
2016-08-24,4.62,4.7565,4.6,4.74,9765.0,4.62,0.0,4.7565,4.6,4.74,1.0,9765.0
2016-08-23,4.76,4.78,4.7,4.75,9459.0,4.76,0.0,4.78,4.7,4.75,1.0,9459.0
2016-08-22,4.74,4.75,4.7,4.74,8017.0,4.74,0.0,4.75,4.7,4.74,1.0,8017.0
2016-08-19,4.74,4.79,4.74,4.79,26044.0,4.74,0.0,4.79,4.74,4.79,1.0,26044.0
2016-08-18,4.79,4.79,4.68,4.79,43053.0,4.79,0.0,4.79,4.68,4.79,1.0,43053.0
2016-08-17,4.78,4.79,4.75,4.79,12041.0,4.78,0.0,4.79,4.75,4.79,1.0,12041.0
2016-08-16,4.77,4.8,4.69,4.76,17659.0,4.77,0.0,4.8,4.69,4.76,1.0,17659.0
2016-08-15,4.82,4.8923,4.7,4.8923,36480.0,4.82,0.0,4.8923,4.7,4.8923,1.0,36480.0
2016-08-12,4.8,4.84,4.65,4.72,42916.0,4.8,0.0,4.84,4.65,4.72,1.0,42916.0
2016-08-11,4.62,4.66,4.44,4.44,15705.0,4.62,0.0,4.66,4.44,4.44,1.0,15705.0
2016-08-10,4.56,4.8,4.5157,4.8,19588.0,4.56,0.0,4.8,4.5157,4.8,1.0,19588.0
2016-08-09,4.71,4.73,4.42,4.42,11466.0,4.71,0.0,4.73,4.42,4.42,1.0,11466.0
2016-08-08,4.46,4.6,4.43,4.46,7894.0,4.46,0.0,4.6,4.43,4.46,1.0,7894.0
2016-08-05,4.58,4.65,4.4604,4.4902,26992.0,4.58,0.0,4.65,4.4604,4.4902,1.0,26992.0
2016-08-04,4.5,4.71,4.478,4.71,12991.0,4.5,0.0,4.71,4.478,4.71,1.0,12991.0
2016-08-03,4.57,4.6,4.45,4.6,20401.0,4.57,0.0,4.6,4.45,4.6,1.0,20401.0
2016-08-02,4.51,4.72,4.51,4.72,11778.0,4.51,0.0,4.72,4.51,4.72,1.0,11778.0
2016-08-01,4.65,4.74,4.5775,4.71,12284.0,4.65,0.0,4.74,4.5775,4.71,1.0,12284.0
2016-07-29,4.83,4.87,4.68,4.6814,38402.0,4.83,0.0,4.87,4.68,4.6814,1.0,38402.0
2016-07-28,4.74,4.84,4.46,4.84,13093.0,4.74,0.0,4.84,4.46,4.84,1.0,13093.0
2016-07-27,4.78,4.87,4.67,4.83,15741.0,4.78,0.0,4.87,4.67,4.83,1.0,15741.0
2016-07-26,4.83,4.87,4.74,4.8,12378.0,4.83,0.0,4.87,4.74,4.8,1.0,12378.0
2016-07-25,4.73,4.8,4.54,4.8,16590.0,4.73,0.0,4.8,4.54,4.8,1.0,16590.0
2016-07-22,4.85,4.98,4.74,4.98,17794.0,4.85,0.0,4.98,4.74,4.98,1.0,17794.0
2016-07-21,4.94,5.01,4.847,5.01,24041.0,4.94,0.0,5.01,4.847,5.01,1.0,24041.0
2016-07-20,4.96,4.97,4.795,4.92,20971.0,4.96,0.0,4.97,4.795,4.92,1.0,20971.0
2016-07-19,4.86,4.95,4.82,4.95,16440.0,4.86,0.0,4.95,4.82,4.95,1.0,16440.0
2016-07-18,4.9,4.96,4.79,4.96,8018.0,4.9,0.0,4.96,4.79,4.96,1.0,8018.0
2016-07-15,4.9,4.9,4.8,4.89,21141.0,4.9,0.0,4.9,4.8,4.89,1.0,21141.0
2016-07-14,4.89,4.95,4.84,4.95,14002.0,4.89,0.0,4.95,4.84,4.95,1.0,14002.0
2016-07-13,4.89,4.94,4.6101,4.93,15752.0,4.89,0.0,4.94,4.6101,4.93,1.0,15752.0
2016-07-12,4.96,5.06,4.87,4.9,44804.0,4.96,0.0,5.06,4.87,4.9,1.0,44804.0
2016-07-11,4.93,5.0,4.86,4.92,20656.0,4.93,0.0,5.0,4.86,4.92,1.0,20656.0
2016-07-08,4.89,4.93,4.72,4.72,53146.0,4.89,0.0,4.93,4.72,4.72,1.0,53146.0
2016-07-07,4.72,4.86,4.6,4.6399,18749.0,4.72,0.0,4.86,4.6,4.6399,1.0,18749.0
2016-07-06,4.78,4.8,4.66,4.79,48260.0,4.78,0.0,4.8,4.66,4.79,1.0,48260.0
2016-07-05,4.8,4.88,4.5601,4.88,101333.0,4.8,0.0,4.88,4.5601,4.88,1.0,101333.0
2016-07-01,4.96,5.1,4.85,5.1,50406.0,4.96,0.0,5.1,4.85,5.1,1.0,50406.0
2016-06-30,5.0,5.04,4.71,4.97,46913.0,5.0,0.0,5.04,4.71,4.97,1.0,46913.0
2016-06-29,4.95,5.065,4.88,4.88,49889.0,4.95,0.0,5.065,4.88,4.88,1.0,49889.0
2016-06-28,4.87,4.9,4.81,4.86,62104.0,4.87,0.0,4.9,4.81,4.86,1.0,62104.0
2016-06-27,4.86,4.905,4.55,4.7,84742.0,4.86,0.0,4.905,4.55,4.7,1.0,84742.0
2016-06-24,4.64,4.66,4.38,4.44,1631841.0,4.64,0.0,4.66,4.38,4.44,1.0,1631841.0
2016-06-23,4.49,4.62,4.42,4.42,50475.0,4.49,0.0,4.62,4.42,4.42,1.0,50475.0
2016-06-22,4.47,4.66,4.32,4.66,18958.0,4.47,0.0,4.66,4.32,4.66,1.0,18958.0
2016-06-21,4.66,4.68,4.5,4.5,16146.0,4.66,0.0,4.68,4.5,4.5,1.0,16146.0
2016-06-20,4.45,4.94,4.36,4.94,100128.0,4.45,0.0,4.94,4.36,4.94,1.0,100128.0
2016-06-17,4.8,5.5,4.8,5.47,328157.0,4.8,0.0,5.5,4.8,5.47,1.0,328157.0
2016-06-16,5.48,5.49,5.0,5.24,141964.0,5.48,0.0,5.49,5.0,5.24,1.0,141964.0
2016-06-15,5.42,5.42,4.8223,5.1,100270.0,5.42,0.0,5.42,4.8223,5.1,1.0,100270.0
2016-06-14,5.05,5.15,4.92,5.09,98061.0,5.05,0.0,5.15,4.92,5.09,1.0,98061.0
2016-06-13,5.03,5.07,4.58,4.64,177539.0,5.03,0.0,5.07,4.58,4.64,1.0,177539.0
2016-06-10,4.644,4.74,4.32,4.3589,42659.0,4.644,0.0,4.74,4.32,4.3589,1.0,42659.0
2016-06-09,4.32,4.32,4.32,4.32,100.0,4.32,0.0,4.32,4.32,4.32,1.0,100.0
2016-06-08,4.3,4.31,4.3,4.31,200.0,4.3,0.0,4.31,4.3,4.31,1.0,200.0
2016-06-07,4.42,4.45,4.23,4.23,67339.0,4.42,0.0,4.45,4.23,4.23,1.0,67339.0
2016-06-06,4.24,4.27,4.083,4.083,5818.0,4.24,0.0,4.27,4.083,4.083,1.0,5818.0
2016-06-03,4.27,4.29,4.14,4.16,14798.0,4.27,0.0,4.29,4.14,4.16,1.0,14798.0
2016-06-02,4.16,4.17,4.14,4.15,35240.0,4.16,0.0,4.17,4.14,4.15,1.0,35240.0
2016-06-01,4.15,4.15,4.01,4.15,14459.0,4.15,0.0,4.15,4.01,4.15,1.0,14459.0
2016-05-31,4.17,4.17,4.1101,4.15,19429.0,4.17,0.0,4.17,4.1101,4.15,1.0,19429.0
2016-05-27,4.15,4.15,4.11,4.14,39076.0,4.15,0.0,4.15,4.11,4.14,1.0,39076.0
2016-05-26,4.15,4.155,4.1,4.1,55069.0,4.15,0.0,4.155,4.1,4.1,1.0,55069.0
2016-05-25,4.14,4.15,4.12,4.15,24647.0,4.14,0.0,4.15,4.12,4.15,1.0,24647.0
2016-05-24,4.14,4.18,4.07,4.18,32828.0,4.14,0.0,4.18,4.07,4.18,1.0,32828.0
2016-05-23,4.12,4.2,3.9638,4.11,37447.0,4.12,0.0,4.2,3.9638,4.11,1.0,37447.0
2016-05-20,4.17,4.17,4.03,4.1499,6012.0,4.17,0.0,4.17,4.03,4.1499,1.0,6012.0
2016-05-19,4.17,4.17,3.85,4.02,4810.0,4.17,0.0,4.17,3.85,4.02,1.0,4810.0
2016-05-18,4.12,4.16,4.04,4.1,43403.0,4.12,0.0,4.16,4.04,4.1,1.0,43403.0
2016-05-17,4.12,4.1366,4.0001,4.1366,14333.0,4.12,0.0,4.1366,4.0001,4.1366,1.0,14333.0
2016-05-16,4.14,4.17,4.1,4.12,33072.0,4.14,0.0,4.17,4.1,4.12,1.0,33072.0
2016-05-13,4.04,4.15,4.04,4.05,24718.0,4.04,0.0,4.15,4.04,4.05,1.0,24718.0
2016-05-12,4.1,4.17,4.1,4.1699,17400.0,4.1,0.0,4.17,4.1,4.1699,1.0,17400.0
