,adj_close,adj_high,adj_low,adj_open,adj_volume,close,ex_dividend,high,low,open,split_ratio,volume
2017-02-10,167.89,168.31,167.03,167.8,2931238.0,167.89,0.0,168.31,167.03,167.8,1.0,2931238.0
2017-02-09,167.47,167.79,165.5,165.75,4281382.0,167.47,0.0,167.79,165.5,165.75,1.0,4281382.0
2017-02-08,168.12,168.35,166.32,166.5,3493436.0,168.12,0.0,168.35,166.32,166.5,1.0,3493436.0
2017-02-07,166.82,167.72,165.6,167.0,3584279.0,166.82,0.0,167.72,165.6,167.0,1.0,3584279.0
2017-02-06,166.58,166.89,165.13,166.18,4389155.0,166.58,0.0,166.89,165.13,166.18,1.0,4389155.0
2017-02-03,167.53,167.85,164.86,166.1,7366635.0,167.53,0.0,167.85,164.86,166.1,1.0,7366635.0
2017-02-02,159.58,159.94,156.91,159.73,4445428.0,159.58,0.0,159.94,156.91,159.73,1.0,4445428.0
2017-02-01,159.67,159.75,157.05,158.59,3924817.0,159.67,0.0,159.75,157.05,158.59,1.0,3924817.0
2017-01-31,156.68,156.96,153.15,153.7,3351306.0,156.68,0.0,156.96,153.15,153.7,1.0,3351306.0
2017-01-30,154.43,157.18,153.77,157.105,3758356.0,154.43,0.0,157.18,153.77,157.105,1.0,3758356.0
2017-01-27,157.16,157.5,152.7601,153.23,4885184.0,157.16,0.0,157.5,152.7601,153.23,1.0,4885184.0
2017-01-26,152.98,155.8,152.9,155.0,3366902.0,152.98,0.0,155.8,152.9,155.0,1.0,3366902.0
2017-01-25,154.1,154.82,151.77,152.53,3482641.0,154.1,0.0,154.82,151.77,152.53,1.0,3482641.0
2017-01-24,151.85,153.0,150.375,152.82,3027683.0,151.85,0.0,153.0,150.375,152.82,1.0,3027683.0
2017-01-23,152.72,154.55,152.4,154.21,2458158.0,152.72,0.0,154.55,152.4,154.21,1.0,2458158.0
2017-01-20,154.67,155.35,153.82,154.71,3067372.0,154.67,0.0,155.35,153.82,154.71,1.0,3067372.0
2017-01-19,153.8,155.6915,153.254,155.13,2572172.0,153.8,0.0,155.6915,153.254,155.13,1.0,2572172.0
2017-01-18,155.77,155.94,154.51,155.69,2432740.0,155.77,0.0,155.94,154.51,155.69,1.0,2432740.0
2017-01-17,154.8,156.12,153.53,155.14,3404875.0,154.8,0.0,156.12,153.53,155.14,1.0,3404875.0
2017-01-13,156.12,157.21,154.89,155.28,2637514.0,156.12,0.0,157.21,154.89,155.28,1.0,2637514.0
2017-01-12,155.36,156.15,154.56,155.44,3234780.0,155.36,0.0,156.15,154.56,155.44,1.0,3234780.0
2017-01-11,156.62,159.16,154.5,159.16,4821283.0,156.62,0.0,159.16,154.5,159.16,1.0,4821283.0
2017-01-10,158.76,159.13,157.24,158.49,3324424.0,158.76,0.0,159.13,157.24,158.49,1.0,3324424.0
2017-01-09,158.84,158.945,156.63,157.01,4247693.0,158.84,0.0,158.945,156.63,157.01,1.0,4247693.0
2017-01-06,156.78,161.0,156.67,159.88,9899296.0,156.78,0.0,161.0,156.67,159.88,1.0,9899296.0
2017-01-05,152.98,153.4,151.51,152.72,3441661.0,152.98,0.0,153.4,151.51,152.72,1.0,3441661.0
2017-01-04,152.87,153.72,151.77,152.09,3945903.0,152.87,0.0,153.72,151.77,152.09,1.0,3945903.0
2017-01-03,150.73,151.0,147.12,147.86,3640901.0,150.73,0.0,151.0,147.12,147.86,1.0,3640901.0
2016-12-30,146.21,148.75,145.62,147.63,3193143.0,146.21,0.0,148.75,145.62,147.63,1.0,3193143.0
2016-12-29,147.78,148.6931,147.37,147.37,1655469.0,147.78,0.0,148.6931,147.37,147.37,1.0,1655469.0
2016-12-28,147.67,149.15,147.36,148.63,1803975.0,147.67,0.0,149.15,147.36,148.63,1.0,1803975.0
2016-12-27,148.36,150.11,147.77,147.77,1940952.0,148.36,0.0,150.11,147.77,147.77,1.0,1940952.0
2016-12-23,147.55,147.73,146.24,146.35,2169741.0,147.55,0.0,147.73,146.24,146.35,1.0,2169741.0
2016-12-22,146.36,146.61,145.12,146.31,1820943.0,146.36,0.0,146.61,145.12,146.31,1.0,1820943.0
2016-12-21,146.17,147.625,145.7,147.07,2491817.0,146.17,0.0,147.625,145.7,147.07,1.0,2491817.0
2016-12-20,147.22,147.99,146.47,146.82,2615588.0,147.22,0.0,147.99,146.47,146.82,1.0,2615588.0
2016-12-19,147.74,150.35,147.21,149.75,3013834.0,147.74,0.0,150.35,147.21,149.75,1.0,3013834.0
2016-12-16,149.37,151.21,148.81,150.92,6356824.0,149.37,0.0,151.21,148.81,150.92,1.0,6356824.0
2016-12-15,150.39,150.47,148.78,149.18,2950495.0,150.39,0.0,150.47,148.78,149.18,1.0,2950495.0
2016-12-14,148.69,149.55,147.42,148.16,3196690.0,148.69,0.0,149.55,147.42,148.16,1.0,3196690.0
2016-12-13,148.37,149.97,146.55,146.81,4308659.0,148.37,0.0,149.97,146.55,146.81,1.0,4308659.0
2016-12-12,145.76,146.04,142.79,142.92,3310134.0,145.76,0.0,146.04,142.79,142.92,1.0,3310134.0
2016-12-09,143.45,144.58,141.0,141.5,4638007.0,143.45,0.0,144.58,141.0,141.5,1.0,4638007.0
2016-12-08,140.59,141.0981,138.83,140.83,4387570.0,140.59,0.0,141.0981,138.83,140.83,1.0,4387570.0
2016-12-07,141.19,143.88,139.66,143.52,7031325.0,141.19,0.0,143.88,139.66,143.52,1.0,7031325.0
2016-12-06,145.11,145.99,144.28,145.8,2399021.0,145.11,0.0,145.99,144.28,145.8,1.0,2399021.0
2016-12-05,145.29,146.37,143.72,145.45,3855532.0,145.29,0.0,146.37,143.72,145.45,1.0,3855532.0
2016-12-02,144.01,144.91,141.5,142.29,3517303.0,144.01,0.0,144.91,141.5,142.29,1.0,3517303.0
2016-12-01,142.39,144.24,142.14,144.24,3893950.0,142.39,0.0,144.24,142.14,144.24,1.0,3893950.0
2016-11-30,144.07,146.32,144.07,145.7,4296889.0,144.07,0.0,146.32,144.07,145.7,1.0,4296889.0
2016-11-29,146.0,146.79,145.31,145.36,2939137.0,146.0,0.0,146.79,145.31,145.36,1.0,2939137.0
2016-11-28,145.07,145.9199,144.5,145.25,2411697.0,145.07,0.0,145.9199,144.5,145.25,1.0,2411697.0
2016-11-25,145.43,146.0,144.76,145.22,2004017.0,145.43,0.0,146.0,144.76,145.22,1.0,2004017.0
2016-11-23,145.03,145.17,142.84,142.94,3217158.0,145.03,0.0,145.17,142.84,142.94,1.0,3217158.0
2016-11-22,144.33,146.95,142.82,146.82,3586160.0,144.33,0.0,146.95,142.82,146.82,1.0,3586160.0
2016-11-21,145.55,146.17,145.11,145.99,2860513.0,145.55,0.0,146.17,145.11,145.99,1.0,2860513.0
2016-11-18,145.23,148.35,144.9,147.05,3764649.0,145.23,0.0,148.35,144.9,147.05,1.0,3764649.0
2016-11-17,147.36,148.45,146.51,147.73,3957285.0,147.36,0.0,148.45,146.51,147.73,1.0,3957285.0
2016-11-16,147.23,148.5,146.4433,147.57,4108195.0,147.23,0.0,148.5,146.4433,147.57,1.0,4108195.0
2016-11-15,147.06,148.46,145.01,146.87,4515112.0,147.06,0.0,148.46,145.01,146.87,1.0,4515112.0
2016-11-14,146.42,149.15,146.01,148.47,5059964.0,146.42,1.0,149.15,146.01,148.47,1.0,5059964.0
2016-11-11,148.029010989011,149.816800976801,145.804205670872,149.032159815493,5159413.0,149.04,0.0,150.84,146.8,150.05,1.0,5159413.0
2016-11-10,150.541849138516,151.197372134039,147.750910324244,149.379785646452,8933669.0,151.57,0.0,152.23,148.76,150.4,1.0,8933669.0
2016-11-09,145.426783340117,151.813166463166,141.781678198345,145.754544837878,11793445.0,146.42,0.0,152.85,142.75,146.75,1.0,11793445.0
2016-11-08,137.510846560847,139.050332383666,136.418308234975,138.603384886718,3668544.0,138.45,0.0,140.0,137.35,139.55,1.0,3668544.0
2016-11-07,138.265691222358,139.278772215439,136.229597069597,136.914916564917,5146015.0,139.21,0.0,140.23,137.16,137.85,1.0,5146015.0
2016-11-04,134.481535748202,136.676743209877,132.733474426808,132.802999593,5051463.0,135.4,0.0,137.6102,133.64,133.71,1.0,5051463.0
2016-11-03,134.302756749423,138.821892551893,134.084249084249,138.752367385701,5791248.0,135.22,0.0,139.77,135.0,139.7,1.0,5791248.0
2016-11-02,137.759150725817,139.656194546195,137.699557726224,139.35822954823,4622489.0,138.7,0.0,140.61,138.64,140.31,1.0,4622489.0
2016-11-01,139.805177045177,141.443984533985,138.365012888346,140.212395875729,5589294.0,140.76,0.0,142.41,139.31,141.17,1.0,5589294.0
2016-10-31,140.20246370913,145.685019671686,139.983956043956,145.555901505902,8693717.0,141.16,0.0,146.68,140.94,146.55,1.0,8693717.0
2016-10-28,144.195194681861,150.730560303894,141.672424365758,150.661035137702,18311555.0,145.18,0.0,151.76,142.64,151.69,1.0,18311555.0
2016-10-27,159.480799077466,160.503812237146,158.557107583774,158.626632749966,3366867.0,160.57,0.0,161.6,159.64,159.71,1.0,3366867.0
2016-10-26,157.91151675485,158.964326414326,156.958028761362,157.603619590286,2716811.0,158.99,0.0,160.05,158.03,158.68,1.0,2716811.0
2016-10-25,156.823944512278,158.189617419617,156.725814706281,157.762534255868,2414661.0,157.895,0.0,159.27,157.7962,158.84,1.0,2414661.0
2016-10-24,157.683076923077,158.616700583367,157.166604259938,158.279006919007,2920217.0,158.76,0.0,159.7,158.24,159.36,1.0,2920217.0
2016-10-21,157.434772758106,160.12638990639,157.275858092525,159.599985076652,3540978.0,158.51,0.0,161.22,158.35,160.69,1.0,3540978.0
2016-10-20,160.404490571157,162.241941391941,159.907882241216,159.907882241216,2922591.0,161.5,0.0,163.35,161.0,161.0,1.0,2922591.0
2016-10-19,159.987339574006,162.500177723511,159.927746574413,162.311466558133,2502725.0,161.08,0.0,163.61,161.02,163.42,1.0,2502725.0
2016-10-18,161.695672229006,162.748481888482,161.646011396011,162.629295889296,2001839.0,162.8,0.0,163.86,162.75,163.74,1.0,2001839.0
2016-10-17,161.516893230227,162.34126305793,160.046932573599,161.099742233076,2348428.0,162.62,0.0,163.45,161.14,162.2,1.0,2348428.0
2016-10-14,160.801777235111,164.12905304572,160.742184235518,163.930409713743,2817469.0,161.9,0.0,165.25,161.84,165.05,1.0,2817469.0
2016-10-13,163.175565052232,163.970138380138,161.407639397639,161.745333062,2430900.0,164.29,0.0,165.09,162.51,162.85,1.0,2430900.0
2016-10-12,162.76834622168,164.46674671008,162.501170940171,163.205361552028,2251091.0,163.88,0.0,165.59,163.611,164.32,1.0,2251091.0
2016-10-11,163.205361552028,166.68161986162,162.400856057523,166.68161986162,2761896.0,164.32,0.0,167.82,163.51,167.82,1.0,2761896.0
2016-10-10,167.168296024963,167.44639668973,166.532637362637,167.059042192376,1628204.0,168.31,0.0,168.59,167.67,168.2,1.0,1628204.0
2016-10-07,166.363790530457,167.009282037715,165.171930538597,166.800805860806,1679823.0,167.5,0.0,168.1499,166.3,167.94,1.0,1679823.0
2016-10-06,165.767860534527,166.651823361823,164.665390042057,165.201727038394,1904070.0,166.9,0.0,167.79,165.79,166.33,1.0,1904070.0
2016-10-05,166.105554198888,167.247753357753,165.787724867725,166.413451363451,1953441.0,167.24,0.0,168.39,166.92,167.55,1.0,1953441.0
2016-10-04,166.413451363451,167.545718355718,166.006232532899,166.204875864876,2797603.0,167.55,0.0,168.69,167.14,167.34,1.0,2797603.0
2016-10-03,166.204875864876,166.443247863248,163.324547551214,164.923626373626,2514609.0,167.34,0.0,167.58,164.44,166.05,1.0,2514609.0
2016-09-30,165.678471035138,166.582298195632,164.143951295618,165.251387871388,3999620.0,166.81,0.0,167.72,165.265,166.38,1.0,3999620.0
2016-09-29,164.327696377696,169.23418667752,164.20851037851,169.23418667752,3803974.0,165.45,0.0,170.39,165.33,170.39,1.0,3803974.0
2016-09-28,168.558799348799,171.051773165106,167.903276353276,171.051773165106,3300683.0,169.71,0.0,172.22,169.05,172.22,1.0,3300683.0
2016-09-27,170.465775335775,170.813401166734,168.350223850224,169.085204178538,4798864.0,171.63,0.0,171.98,169.5,170.24,1.0,4798864.0
2016-09-26,172.352886989554,173.266646316646,171.657635327635,173.038206484873,1798462.0,173.53,0.0,174.45,172.83,174.22,1.0,1798462.0
2016-09-23,173.614272147605,175.650366300366,173.425560982228,175.074300637634,2238657.0,174.8,0.0,176.85,174.61,176.27,1.0,2238657.0
2016-09-22,174.42870980871,174.537963641297,172.571394654728,173.415628815629,2338322.0,175.62,0.0,175.73,173.75,174.6,1.0,2338322.0
2016-09-21,172.670716320716,173.06800298467,170.445911002578,173.058070818071,2516407.0,173.85,0.0,174.25,171.61,174.24,1.0,2516407.0
2016-09-20,172.203904490571,173.077935151268,171.289151946819,171.766889160222,2607730.0,173.38,0.0,174.26,172.459,172.94,1.0,2607730.0
2016-09-19,170.217471170804,172.323090489757,170.018827838828,172.074786324786,2226821.0,171.38,0.0,173.5,171.18,173.25,1.0,2226821.0
2016-09-16,171.78675349342,172.21383665717,169.889709673043,171.419263329263,4028315.0,172.96,0.0,173.39,171.05,172.59,1.0,4028315.0
2016-09-15,171.468924162257,172.210261077194,168.320427350427,168.886560846561,2931367.0,172.64,0.0,173.3864,169.47,170.04,1.0,2931367.0
2016-09-14,168.985882512549,170.604825668159,168.350223850224,168.499206349206,2808627.0,170.14,0.0,171.77,169.5,169.65,1.0,2808627.0
2016-09-13,168.151580518247,170.336657169991,166.671687695021,170.078420838421,3162609.0,169.3,0.0,171.5,167.81,171.24,1.0,3162609.0
2016-09-12,170.872994166327,171.409331162665,164.80444037444,164.953422873423,4451546.0,172.04,0.0,172.58,165.93,166.08,1.0,4451546.0
2016-09-09,165.420234703568,168.608460181794,165.40037037037,168.538935015602,3131402.0,166.55,0.0,169.76,166.53,169.69,1.0,3131402.0
2016-09-08,169.810252340252,170.197606837607,168.578663681997,168.916357346357,2611176.0,170.97,0.0,171.36,169.73,170.07,1.0,2611176.0
2016-09-07,169.472558675892,170.277064170397,168.052258852259,168.628324514991,2013680.0,170.63,0.0,171.44,169.2,169.78,1.0,2013680.0
2016-09-06,169.681134174468,170.604825668159,168.240970017637,168.697849681183,1919702.0,170.84,0.0,171.77,169.39,169.85,1.0,1919702.0
2016-09-02,168.618392348392,169.889709673043,167.764226020893,169.393101343101,2083804.0,169.77,0.0,171.05,168.91,170.55,1.0,2083804.0
2016-09-01,168.97595034595,169.4030335097,167.476193189527,169.393101343101,1876141.0,170.13,0.0,170.56,168.62,170.55,1.0,1876141.0
2016-08-31,168.906425179759,170.227403337403,168.668053181387,169.57188034188,2936441.0,170.06,0.0,171.39,169.82,170.73,1.0,2936441.0
2016-08-30,169.601676841677,170.773672500339,168.966018179352,169.99896350563,1803720.0,170.76,0.0,171.94,170.12,171.16,1.0,1803720.0
2016-08-29,170.346589336589,171.329873829874,169.959334160901,171.200755664089,2512225.0,171.51,0.0,172.5,171.1201,172.37,1.0,2512225.0
2016-08-26,170.803469000136,171.816549993217,168.613426265093,169.641405508072,2925290.0,171.97,0.0,172.99,169.765,170.8,1.0,2925290.0
2016-08-25,169.075272011939,170.296928503595,167.61524352191,168.767374847375,2623837.0,170.23,0.0,171.46,168.76,169.92,1.0,2623837.0
2016-08-24,169.681134174468,173.687372893773,169.124932844933,172.819698819699,3054987.0,170.84,0.0,174.8736,170.28,174.0,1.0,3054987.0
2016-08-23,173.216985483652,174.796199972867,172.482005155338,173.256714150047,2376537.0,174.4,0.0,175.99,173.66,174.44,1.0,2376537.0
2016-08-22,173.167324650658,173.994177520011,172.04498982499,172.561462488129,2603742.0,174.35,0.0,175.1825,173.22,173.74,1.0,2603742.0
2016-08-19,172.442276488943,173.773186813187,171.091501831502,172.919020485687,2696372.0,173.62,0.0,174.96,172.26,174.1,1.0,2696372.0
2016-08-18,173.564611314611,175.441790801791,172.390132614299,173.246781983449,3422571.0,174.75,0.0,176.64,173.5675,174.43,1.0,3422571.0
2016-08-17,173.127595984263,173.31630714964,170.515436168769,170.843197666531,2580941.0,174.31,0.0,174.5,171.68,172.01,1.0,2580941.0
2016-08-16,170.992180165514,173.723525980193,170.902790666124,173.356035816036,2622818.0,172.16,0.0,174.91,172.07,174.54,1.0,2622818.0
2016-08-15,173.395764482431,173.534814814815,170.316792836793,170.316792836793,2784334.0,174.58,1.0,174.72,171.48,171.48,1.0,2784334.0
2016-08-12,170.867611178666,170.995993963623,168.556721049444,169.109754584642,1863171.0,173.02,0.0,173.15,170.68,171.24,1.0,1863171.0
2016-08-11,170.284950846939,170.625659007017,168.922118206629,170.097314468926,2142821.0,172.43,0.0,172.775,171.05,172.24,1.0,2142821.0
2016-08-10,169.0998789858,170.057812073554,168.586347845972,169.751668509426,2476560.0,171.23,0.0,172.2,170.71,171.89,1.0,2476560.0
2016-08-09,169.93930488744,171.144127946266,169.539540646282,170.512089620324,2094672.0,172.08,0.0,173.3,171.6752,172.66,1.0,2094672.0
2016-08-08,170.196070457354,171.993429446749,169.692414916369,171.154003545108,2706525.0,172.34,0.0,174.16,171.83,173.31,1.0,2706525.0
2016-08-05,171.499649504608,172.348951005091,170.363955637682,171.19350594048,2228857.0,173.66,0.0,174.52,172.51,173.35,1.0,2228857.0
2016-08-04,170.521965219167,171.50952510345,169.899802492069,171.144127946266,2122162.0,172.67,0.0,173.67,172.04,173.3,1.0,2122162.0
2016-08-03,171.272510731222,172.220568220134,170.136816864297,171.57865429535,3911777.0,173.43,0.0,174.39,172.28,173.74,1.0,3911777.0
2016-08-02,171.983553847906,174.304319575972,171.015745161309,172.872357743761,6588988.0,174.15,0.0,176.5,173.17,175.05,1.0,6588988.0
2016-08-01,171.993429446749,172.803228551861,170.136816864297,170.758979591395,3571929.0,174.16,0.0,174.98,172.28,172.91,1.0,3571929.0
2016-07-29,169.889926893226,170.117065666611,168.408587066801,169.435649346456,3121594.0,172.03,0.0,172.26,170.53,171.57,1.0,3121594.0
2016-07-28,169.149256980014,169.662788119841,164.438596331983,166.828491251948,5192503.0,171.28,0.0,171.8,166.51,168.93,1.0,5192503.0
2016-07-27,168.556721049444,168.961620602,165.357027024367,165.366902623209,4200156.0,170.68,0.0,171.09,167.44,167.45,1.0,4200156.0
2016-07-26,165.584165797752,165.959438553779,163.702864218192,163.826309203728,2883618.0,167.67,0.0,168.05,165.765,165.89,1.0,2883618.0
2016-07-25,164.487974326197,164.873122681068,162.029048970321,163.638672825714,2704894.0,166.56,0.0,166.95,164.0701,165.7,1.0,2704894.0
2016-07-22,163.609046029185,164.260835552812,161.959821022433,162.730117732173,2500362.0,165.67,0.0,166.33,164.0,164.78,1.0,2500362.0
2016-07-21,162.147457400446,162.216586592346,160.685868771707,161.35740949302,1971762.0,164.19,0.0,164.26,162.71,163.39,1.0,1971762.0
2016-07-20,161.21915110922,161.614175062933,159.806940474695,160.429103201794,2161425.0,163.25,0.0,163.65,161.82,162.45,1.0,2161425.0
2016-07-19,160.468605597165,162.660988540274,159.925447660809,161.169773115006,2249524.0,162.49,0.0,164.71,161.94,163.2,1.0,2249524.0
2016-07-18,160.90313194625,161.959821022433,160.76487356245,161.782060243262,1815610.0,162.93,0.0,164.0,162.79,163.82,1.0,1815610.0
2016-07-15,161.248777905749,162.522730156474,159.550174904782,161.416663086077,3179693.0,163.28,0.0,164.57,161.56,163.45,1.0,3179693.0
2016-07-14,160.715495568236,160.962385539307,158.74037579967,159.984701253866,2444804.0,162.74,0.0,162.99,160.74,162.0,1.0,2444804.0
2016-07-13,158.523112625127,160.636490777493,158.315725049428,160.616739579808,2691810.0,160.52,0.0,162.66,160.31,162.64,1.0,2691810.0
2016-07-12,159.945198858495,160.261218021466,158.513237026284,158.621868613556,2407151.0,161.96,0.0,162.28,160.51,160.62,1.0,2407151.0
2016-07-11,158.187342264471,160.300720416837,158.0095814853,159.352662927925,2464686.0,160.18,0.0,162.32,160.0,161.36,1.0,2464686.0
2016-07-08,159.095897358011,159.105772956854,154.256853925024,155.659188960706,3741504.0,161.1,0.0,161.11,156.2,157.62,1.0,3741504.0
2016-07-07,154.642002279895,154.809887460223,153.318672034955,153.921083564368,2437062.0,156.59,0.0,156.76,155.25,155.86,1.0,2437062.0
2016-07-06,154.108719942382,154.86914105328,151.047284301104,151.531188644403,3833950.0,156.05,0.0,156.82,152.95,153.44,1.0,3833950.0
2016-07-05,152.350863348358,153.012528470827,151.471935051346,152.370614546043,2349082.0,154.27,0.0,154.94,153.38,154.29,1.0,2349082.0
2016-07-01,152.360738947201,153.02240406967,150.355992382106,150.533753161277,2758071.0,154.28,0.0,154.95,152.25,152.43,1.0,2758071.0
2016-06-30,150.257236393678,150.533753161277,147.966097462141,148.953657346424,3480735.0,152.15,0.0,152.43,149.83,150.83,1.0,3480735.0
2016-06-29,148.232738630897,148.874652555681,146.781025601001,147.255054345457,3771073.0,150.1,0.0,150.75,148.63,149.11,1.0,3771073.0
2016-06-28,146.573638025301,146.573638025301,143.788719151623,144.075111518065,4348004.0,148.42,0.0,148.42,145.6,145.89,1.0,4348004.0
2016-06-27,142.781408069654,145.240432181519,142.030862557599,144.341752686822,4208811.0,144.58,0.0,147.07,143.82,146.16,1.0,4208811.0
2016-06-24,144.628145053264,147.442690723471,144.213369901865,145.368814966476,4919244.0,146.45,0.0,149.3,146.03,147.2,1.0,4919244.0
2016-06-23,150.375743579792,150.504126364748,148.756145369567,149.328930102451,3000423.0,152.27,0.0,152.4,150.63,151.21,1.0,3000423.0
2016-06-22,147.946346264455,150.286863190206,147.146422758186,147.225427548928,4470133.0,149.81,0.0,152.18,149.0,149.08,1.0,4470133.0
2016-06-21,147.561197909585,149.585695672365,146.652642816044,149.259800910552,2622241.0,149.42,0.0,151.47,148.5,151.14,1.0,2622241.0
2016-06-20,148.775896567253,150.79051873119,148.494442000232,149.901714835336,3250483.0,150.65,0.0,152.69,150.365,151.79,1.0,3250483.0
2016-06-17,147.758709886441,150.85964792309,147.689580694541,150.711513940448,4682336.0,149.62,0.0,152.76,149.55,152.61,1.0,4682336.0
2016-06-16,150.40537037632,150.99790630689,148.825274561467,149.793083248064,2322388.0,152.3,0.0,152.9,150.7,151.68,1.0,2322388.0
2016-06-15,150.010346422607,152.163226970344,149.931341631864,151.225045080275,2443679.0,151.9,0.0,154.08,151.82,153.13,1.0,2443679.0
2016-06-14,151.086786696475,151.570691039774,149.753580852693,150.839896725405,2115240.0,152.99,0.0,153.48,151.64,152.74,1.0,2115240.0
2016-06-13,151.175667086061,154.177849134282,151.086786696475,153.131035656941,2340347.0,153.08,0.0,156.12,152.99,155.06,1.0,2340347.0
2016-06-10,152.854518889342,154.375361111138,151.728700621259,153.328547633798,2626053.0,154.78,0.0,156.32,153.64,155.26,1.0,2626053.0
2016-06-09,154.829638657908,157.001184087459,154.059341948168,155.797447344506,2383214.0,156.78,0.0,158.9789,156.0,157.76,1.0,2383214.0
2016-06-08,156.034461716734,156.96276800796,155.580184169964,156.50849046119,2475994.0,158.0,0.0,158.94,157.54,158.48,1.0,2475994.0
2016-06-07,156.913390013746,157.654059926958,156.310978484333,157.150404385974,1896652.0,158.89,0.0,159.64,158.28,159.13,1.0,1896652.0
2016-06-06,158.197217863314,158.750251398512,156.913390013746,157.594806333901,1897638.0,160.19,0.0,160.75,158.89,159.58,1.0,1897638.0
2016-06-03,157.209657979031,157.999705886457,154.86914105328,157.8713231015,2149342.0,159.19,0.0,159.99,156.82,159.86,1.0,2149342.0
2016-06-02,157.881198700343,157.881198700343,155.98508372252,156.261600490119,2386956.0,159.87,0.0,159.87,157.95,158.23,1.0,2386956.0
2016-06-01,156.083839710948,156.864012019532,154.721007070637,155.649313361863,1717157.0,158.05,0.0,158.84,156.67,157.61,1.0,1717157.0
2016-05-31,155.98508372252,156.459112466976,154.904100673183,155.46167698385,3204387.0,157.95,0.0,158.43,156.8554,157.42,1.0,3204387.0
2016-05-27,154.790136262537,154.928394646337,153.180413651156,154.256853925024,1364204.0,156.74,0.0,156.88,155.11,156.2,1.0,1364204.0
2016-05-26,153.61494000024,154.335858715767,152.627380115957,152.992777273142,1808633.0,155.55,0.0,156.28,154.55,154.92,1.0,1808633.0
2016-05-25,153.634691197926,153.901332366682,151.246771397729,151.629944632831,3053390.0,155.57,0.0,155.84,153.152,153.54,1.0,3053390.0
2016-05-24,150.820145527719,151.037408702261,148.519130997339,148.83515016031,2580981.0,152.72,0.0,152.94,150.39,150.71,1.0,2580981.0
2016-05-23,147.442690723471,148.874652555681,147.294556740828,148.17348503784,1543433.0,149.3,0.0,150.75,149.15,150.04,1.0,1543433.0
2016-05-20,148.31174342164,149.822710044593,146.800776798687,147.067417967443,3076109.0,150.18,0.0,151.71,148.65,148.92,1.0,3076109.0
2016-05-19,146.820527996372,148.356183616433,145.289810175733,147.590824706113,3023612.0,148.67,0.0,150.225,147.12,149.45,1.0,3023612.0
2016-05-18,148.953657346424,149.546193276994,147.353810333885,148.045102252883,3234477.0,150.83,0.0,151.43,149.21,149.91,1.0,3234477.0
2016-05-17,148.24261422974,151.007781905733,147.581047863259,150.553504358962,4486459.0,150.11,0.0,152.91,149.4401,152.45,1.0,4486459.0
2016-05-16,151.363303464075,151.945963795802,149.81283444575,150.454748370534,2415093.0,153.27,0.0,153.86,151.7,152.35,1.0,2415093.0
2016-05-13,150.454748370534,152.163226970344,149.338805701294,149.338805701294,2451164.0,152.35,1.0,154.08,151.22,151.22,1.0,2451164.0
2016-05-12,150.013244381185,152.073596331482,149.100802803196,151.759637939056,2981649.0,152.9,0.0,155.0,151.97,154.68,1.0,2981649.0
2016-05-11,151.26907795089,155.262236254562,151.18077715302,154.752053866869,2741833.0,154.18,0.0,158.25,154.09,157.73,1.0,2741833.0
2016-05-10,154.271305078466,154.526396272313,152.024540332666,153.005660308998,2585002.0,157.24,0.0,157.5,154.95,155.95,1.0,2585002.0
2016-05-09,152.475855521778,153.133205905921,150.130978778345,150.79814036225,2990103.0,155.41,0.0,156.08,153.02,153.7,1.0,2990103.0
2016-05-06,150.297769174321,151.533980344499,148.502319617633,150.592105167221,3004825.0,153.19,0.0,154.45,151.36,153.49,1.0,3004825.0
2016-05-05,151.337756349233,153.260751502844,150.464559570297,151.220021952073,2325354.0,154.25,0.0,156.21,153.36,154.13,1.0,2325354.0
2016-05-04,151.26907795089,152.917359511128,150.631349966274,152.348309924855,3048430.0,154.18,0.0,155.86,153.53,155.28,1.0,3048430.0
2016-05-03,153.398108299531,155.468173337594,153.054716307814,155.379970651721,2862931.0,156.35,0.0,158.4599,156.0,158.37,1.0,2862931.0
2016-05-02,155.988265037047,156.41014662687,154.241871479176,155.625250645805,2433704.0,158.99,0.0,159.42,157.21,158.62,1.0,2433704.0
2016-04-29,155.311292253378,158.862946567701,153.428523018797,156.38071302758,5386570.0,158.3,0.0,161.92,156.381,159.39,1.0,5386570.0
2016-04-28,157.528623399889,160.589717726045,156.35127942829,157.195042607936,3354062.0,160.56,0.0,163.68,159.36,160.22,1.0,3354062.0
2016-04-27,157.960316189475,159.824444144506,157.469756201309,159.647842548766,2729473.0,161.0,0.0,162.9,160.5,162.72,1.0,2729473.0
2016-04-26,159.77538814569,160.815375320602,158.965179269234,160.305192932909,2156564.0,162.85,0.0,163.91,162.0242,163.39,1.0,2156564.0
2016-04-25,160.373871331252,160.653490524507,159.177003072125,160.069724138589,1596314.0,163.46,0.0,163.745,162.2401,163.15,1.0,1596314.0
2016-04-22,160.108968937642,161.590460101904,159.118037761547,161.413858506164,2757177.0,163.19,0.0,164.7,162.18,164.52,1.0,2757177.0
2016-04-21,161.247068110188,161.433480905691,158.970869765097,159.373128955393,2348393.0,164.35,0.0,164.54,162.03,162.44,1.0,2348393.0
2016-04-20,159.68708734782,160.746696922258,158.745212170541,159.942178541666,2374393.0,162.76,0.0,163.84,161.8,163.02,1.0,2374393.0
2016-04-19,159.03954816344,159.431996153973,157.312777005096,157.764092194209,2692986.0,162.1,0.0,162.5,160.34,160.8,1.0,2692986.0
2016-04-18,158.647100172908,159.03954816344,156.390524227344,156.478825025214,2081057.0,161.7,0.0,162.1,159.4,159.49,1.0,2081057.0
2016-04-15,157.106741810066,157.361833003912,155.468271449591,157.126364209593,2824303.0,160.13,0.0,160.39,158.46,160.15,1.0,2824303.0
2016-04-14,157.096930610303,157.734658594919,156.361090628054,156.79278341764,2406821.0,160.12,0.0,160.77,159.37,159.81,1.0,2406821.0
2016-04-13,157.038063411723,157.852392992078,155.242613855035,156.017698636337,3860554.0,160.06,0.0,160.89,158.23,159.02,1.0,3860554.0
2016-04-12,155.605628246278,156.194300232077,153.166760209111,153.192073104501,2763431.0,158.6,0.0,159.2,156.1142,156.14,1.0,2763431.0
2016-04-11,153.437353098584,154.771676266396,152.348309924855,153.447164298347,2732781.0,156.39,0.0,157.75,155.28,156.4,1.0,2732781.0
2016-04-08,153.506031496927,155.998076236811,152.485666721542,155.252425054798,2522139.0,156.46,0.0,159.0,155.42,158.24,1.0,2522139.0
2016-04-07,154.408661875153,156.959573813616,153.613954694324,156.047132235627,3363896.0,157.38,0.0,159.98,156.57,159.05,1.0,3363896.0
2016-04-06,156.64561542119,156.832028216693,150.621538766511,151.32794514947,4067029.0,159.66,0.0,159.85,153.52,154.24,1.0,4067029.0
2016-04-05,150.062300380001,152.230575527695,149.738530787812,150.778517962724,2604766.0,152.95,0.0,155.16,152.62,153.68,1.0,2604766.0
2016-04-04,151.740015539529,153.015471508761,150.79814036225,151.09247635515,2314237.0,154.66,0.0,155.96,153.7,154.0,1.0,2314237.0
2016-04-01,151.249455551363,151.524169144736,146.284988471123,147.187618849348,3972212.0,154.16,0.0,154.44,149.1,150.02,1.0,3972212.0
2016-03-31,147.099318051478,148.108890507124,146.314422070412,146.510646065679,2799598.0,149.93,0.0,150.959,149.13,149.33,1.0,2799598.0
2016-03-30,146.657814062129,148.031382028994,145.500092490057,146.785359659052,2324509.0,149.48,0.0,150.88,148.3,149.61,1.0,2324509.0
2016-03-29,146.667625261892,146.863849257159,144.028412525559,145.65707168627,2735686.0,149.49,0.0,149.69,146.8,148.46,1.0,2735686.0
2016-03-28,145.5687708884,147.521199641301,144.538594913251,146.500834865916,2110955.0,148.37,0.0,150.36,147.32,149.32,1.0,2110955.0
2016-03-24,146.422345267809,148.100060427337,144.813308506624,145.95140767917,3025752.0,149.24,0.0,150.95,147.6,148.76,1.0,3025752.0
2016-03-23,145.95140767917,149.041935604616,145.343113293844,147.472143642484,3107554.0,148.76,0.0,151.91,148.14,150.31,1.0,3107554.0
2016-03-22,147.776290835147,148.13930522639,144.057846124849,144.273692519642,4213919.0,150.62,0.0,150.99,146.83,147.05,1.0,4213919.0
2016-03-21,144.234447720588,145.156700498341,142.282018967687,142.55673256106,3177612.0,147.01,0.0,147.95,145.02,145.3,1.0,3177612.0
2016-03-18,142.76276775609,143.635964535026,139.819407827094,142.232962968871,6802568.0,145.51,0.0,146.4,142.51,144.97,1.0,6802568.0
2016-03-17,141.408822188752,143.047292549226,139.162057442951,141.006562998456,4899686.0,144.13,0.0,145.8,141.84,143.72,1.0,4899686.0
2016-03-16,141.261654192302,144.224636520825,139.250358240821,140.300156615496,6104692.0,143.98,0.0,147.0,141.93,143.0,1.0,6104692.0
2016-03-15,140.506191810526,142.55673256106,140.10393262023,142.105417371948,3034212.0,143.21,0.0,145.3,142.8,144.84,1.0,3034212.0
2016-03-14,141.889570977155,142.566543760824,140.486569411,141.143919795142,3013754.0,144.62,0.0,145.31,143.19,143.86,1.0,3013754.0
2016-03-11,141.840514978338,142.252585368397,139.485827035141,140.25110061668,4861709.0,144.57,0.0,144.99,142.17,142.95,1.0,4861709.0
2016-03-10,138.367350262122,140.771094204136,136.395299109695,139.377903837744,4573465.0,141.03,0.0,143.48,139.02,142.06,1.0,4573465.0
2016-03-09,138.239804665199,141.359766189935,137.26849588863,141.281276591829,6075415.0,140.9,0.0,144.08,139.91,144.0,1.0,6075415.0
2016-03-08,141.899382176918,144.224636520825,141.595234984255,144.116713323428,3025299.0,144.63,0.0,147.0,144.32,146.89,1.0,3025299.0
2016-03-07,144.528783713488,145.078210900234,142.026927773841,142.242774168634,3283846.0,147.31,0.0,147.87,144.76,144.98,1.0,3283846.0
2016-03-04,143.223894144966,144.518972513725,141.811081379048,144.254070120115,3471394.0,145.98,0.0,147.3,144.54,147.03,1.0,3471394.0
2016-03-03,143.08653734828,144.509161313961,142.576354960587,144.440482915618,2989489.0,145.84,0.0,147.29,145.32,147.22,1.0,2989489.0
2016-03-02,144.705385309228,145.823862082246,143.449551739523,145.205756497157,3690307.0,147.49,0.0,148.63,146.21,148.0,1.0,3690307.0
2016-03-01,145.588393287927,145.647260486507,139.593750232537,141.575612584728,4477712.0,148.39,0.0,148.45,142.28,144.3,1.0,4477712.0
2016-02-29,139.593750232537,144.885715160878,139.534883033957,144.185391721772,5193833.0,142.28,0.0,147.6738,142.22,146.96,1.0,5193833.0
2016-02-26,144.813308506624,146.677436461655,144.175580522008,145.706127685087,3411498.0,147.6,0.0,149.5,146.95,148.51,1.0,3411498.0
2016-02-25,143.979356526742,145.588393287927,142.517487762007,144.577839712305,3446824.0,146.75,0.0,148.39,145.26,147.36,1.0,3446824.0
2016-02-24,144.332559718222,144.489538914435,141.193073905956,142.752956556327,3316105.0,147.11,0.0,147.27,143.9101,145.5,1.0,3316105.0
2016-02-23,144.479727714671,146.893282856448,144.087279724139,145.352924493607,3315190.0,147.26,0.0,149.72,146.86,148.15,1.0,3315190.0
2016-02-22,145.755183683903,146.942338855265,144.165769322245,145.912162880116,4603310.0,148.56,0.0,149.77,146.94,148.72,1.0,4603310.0
2016-02-19,147.285730846981,148.894767608166,145.460847691004,146.167254073963,2796785.0,150.12,0.0,151.76,148.26,148.98,1.0,2796785.0
2016-02-18,146.481212466389,149.483439593965,146.265366071596,147.943081231124,2892146.0,149.3,0.0,152.36,149.08,150.79,1.0,2892146.0
2016-02-17,148.217794824497,148.659298813846,144.617084511358,145.500092490057,3811075.0,151.07,0.0,151.52,147.4,148.3,1.0,3811075.0
2016-02-16,144.371804517275,145.264623695737,142.929558152067,144.116713323428,3371339.0,147.15,0.0,148.06,145.68,146.89,1.0,3371339.0
2016-02-12,141.987682974788,142.232962968871,138.475273459519,140.42770221242,3217966.0,144.72,0.0,144.97,141.14,143.13,1.0,3217966.0
2016-02-11,138.789231851945,140.775999804018,137.396041485553,138.102447868512,4374353.0,141.46,1.0,143.485,140.04,140.76,1.0,4374353.0
2016-02-10,141.078679380038,143.336951452428,140.250581337962,141.468372576309,4273459.0,144.81,0.0,147.128,143.96,145.21,1.0,4273459.0
2016-02-09,139.471194945419,141.877550432393,137.191489747234,137.386336345369,4211109.0,143.16,0.0,145.63,140.82,141.02,1.0,4211109.0
2016-02-08,139.315317666911,140.839992297322,136.548495973386,139.80243416225,4627325.0,143.0,0.0,144.565,140.16,143.5,1.0,4627325.0
2016-02-05,141.302752967893,145.535795312388,139.987538430479,145.09251930163,6451924.0,145.04,0.0,149.385,143.69,148.93,1.0,6451924.0
2016-02-04,146.047267632494,148.044445263383,144.965869012842,146.622065096994,3685238.0,149.91,0.0,151.96,148.8,150.5,1.0,3685238.0
2016-02-03,146.807169365222,147.284543530655,143.284829987427,146.622065096994,4530627.0,150.69,0.0,151.18,147.0745,150.5,1.0,4530627.0
2016-02-02,146.242114230629,147.586555757765,144.654114455825,146.60258043718,3881389.0,150.11,0.0,151.49,148.48,150.48,1.0,3881389.0
2016-02-01,148.814089326018,149.759095326976,145.491954827808,147.411193819443,4602164.0,152.75,0.0,153.72,149.34,151.31,1.0,4602164.0
2016-01-29,148.794604666205,149.057647573688,141.507341895936,145.550408807248,7174382.0,152.73,0.0,153.0,145.25,149.4,1.0,7174382.0
2016-01-28,144.527464167037,147.802445788499,141.672961504351,147.2066048914,4246491.0,148.35,0.0,151.7116,145.42,151.1,1.0,4246491.0
2016-01-27,146.592838107273,150.898947926069,145.034065322189,150.898947926069,3752333.0,150.47,0.0,154.89,148.87,154.89,1.0,3752333.0
2016-01-26,149.817549306417,151.230187142899,147.196862561494,148.843316315739,3645490.0,153.78,0.0,155.23,151.09,152.78,1.0,3645490.0
2016-01-25,149.476567759679,153.928812527076,149.057647573688,152.155708484043,4765120.0,153.43,0.0,158.0,153.0,156.18,1.0,4765120.0
2016-01-22,152.058285184975,152.915610216772,150.265696482128,152.418751391526,4577287.0,156.08,0.0,156.96,154.24,156.45,1.0,4577287.0
2016-01-21,148.843316315739,151.025598214857,146.368764519417,150.762555307374,4674002.0,152.78,0.0,155.02,150.24,154.75,1.0,4674002.0
2016-01-20,151.025598214857,152.79870225789,144.235194269833,145.160715610977,7338628.0,155.02,0.0,156.84,148.05,149.0,1.0,7338628.0
2016-01-19,147.401451489536,150.635905018586,144.410556208155,149.496052419493,4382191.0,151.3,0.0,154.62,148.23,153.45,1.0,4382191.0
2016-01-15,147.401451489536,148.375684480214,143.884470393189,143.884470393189,6213015.0,151.3,0.0,152.3,147.69,147.69,1.0,6213015.0
2016-01-14,149.213524852196,151.298383452247,140.842914996294,142.257501298758,5648973.0,153.16,0.0,155.3,144.568,146.02,1.0,5648973.0
2016-01-13,141.711930823978,148.892027965273,141.536568885656,147.245574211027,3982146.0,145.46,0.0,152.83,145.28,151.14,1.0,3982146.0
2016-01-12,146.90459266429,147.338126345142,143.134310990367,144.605402806291,4410621.0,150.79,0.0,151.235,146.92,148.43,1.0,4410621.0
2016-01-11,143.884470393189,147.683881633533,140.455170266004,147.430678479256,4747429.0,147.69,0.0,151.5899,144.17,151.33,1.0,4747429.0
2016-01-08,146.821782860083,150.869720936348,146.583095777367,149.174555532569,4179560.0,150.705,0.0,154.86,150.46,153.12,1.0,4179560.0
2016-01-07,149.038162913874,152.418751391526,148.950481944713,149.116101553129,4162456.0,152.98,0.0,156.45,152.89,153.06,1.0,4162456.0
2016-01-06,152.681794299009,153.855745052776,150.908690255976,151.01585588495,3826922.0,156.72,0.0,157.925,154.9,155.01,1.0,3826922.0
2016-01-05,154.094432135492,156.081867436474,153.198137784068,154.903045517754,2678936.0,158.17,0.0,160.21,157.25,159.0,1.0,2678936.0
2016-01-04,154.260051743907,155.117376775703,152.068027514882,154.903045517754,5083228.0,158.34,0.0,159.22,156.09,159.0,1.0,5083228.0
