,adj_close,adj_high,adj_low,adj_open,adj_volume,close,ex_dividend,high,low,open,split_ratio,volume
2017-02-10,6.3,6.46,6.25,6.4,265314.0,6.3,0.0,6.46,6.25,6.4,1.0,265314.0
2017-02-09,6.38,6.51,6.36,6.46,242059.0,6.38,0.0,6.51,6.36,6.46,1.0,242059.0
2017-02-08,6.45,6.46,6.11,6.19,284827.0,6.45,0.0,6.46,6.11,6.19,1.0,284827.0
2017-02-07,6.26,6.4,6.25,6.33,210168.0,6.26,0.0,6.4,6.25,6.33,1.0,210168.0
2017-02-06,6.33,6.4722,6.22,6.41,264817.0,6.33,0.0,6.4722,6.22,6.41,1.0,264817.0
2017-02-03,6.42,6.59,6.24,6.5,307379.0,6.42,0.0,6.59,6.24,6.5,1.0,307379.0
2017-02-02,6.43,6.5916,6.39,6.51,362701.0,6.43,0.0,6.5916,6.39,6.51,1.0,362701.0
2017-02-01,6.55,6.64,6.2093,6.36,529599.0,6.55,0.0,6.64,6.2093,6.36,1.0,529599.0
2017-01-31,6.27,6.56,6.22,6.54,987797.0,6.27,0.0,6.56,6.22,6.54,1.0,987797.0
2017-01-30,6.54,6.9599,6.52,6.91,899217.0,6.54,0.0,6.9599,6.52,6.91,1.0,899217.0
2017-01-27,6.98,7.1625,6.88,7.01,216864.0,6.98,0.0,7.1625,6.88,7.01,1.0,216864.0
2017-01-26,7.02,7.2,6.98,7.13,224280.0,7.02,0.0,7.2,6.98,7.13,1.0,224280.0
2017-01-25,7.15,7.34,7.115,7.3,151817.0,7.15,0.0,7.34,7.115,7.3,1.0,151817.0
2017-01-24,7.23,7.3,7.16,7.26,427359.0,7.23,0.0,7.3,7.16,7.26,1.0,427359.0
2017-01-23,7.25,7.37,7.21,7.34,506173.0,7.25,0.0,7.37,7.21,7.34,1.0,506173.0
2017-01-20,7.34,7.44,7.29,7.38,314338.0,7.34,0.0,7.44,7.29,7.38,1.0,314338.0
2017-01-19,7.38,7.615,7.25,7.55,399205.0,7.38,0.0,7.615,7.25,7.55,1.0,399205.0
2017-01-18,7.52,7.7,7.4,7.52,323788.0,7.52,0.0,7.7,7.4,7.52,1.0,323788.0
2017-01-17,7.43,7.96,7.38,7.78,658116.0,7.43,0.0,7.96,7.38,7.78,1.0,658116.0
2017-01-13,7.91,8.0599,7.82,7.92,276355.0,7.91,0.0,8.0599,7.82,7.92,1.0,276355.0
2017-01-12,7.84,8.195,7.78,8.17,205349.0,7.84,0.0,8.195,7.78,8.17,1.0,205349.0
2017-01-11,8.18,8.5,8.14,8.36,190002.0,8.18,0.0,8.5,8.14,8.36,1.0,190002.0
2017-01-10,8.32,8.35,8.0001,8.02,258302.0,8.32,0.0,8.35,8.0001,8.02,1.0,258302.0
2017-01-09,8.07,8.15,7.91,7.97,185433.0,8.07,0.0,8.15,7.91,7.97,1.0,185433.0
2017-01-06,8.01,8.24,8.01,8.12,107803.0,8.01,0.0,8.24,8.01,8.12,1.0,107803.0
2017-01-05,8.14,8.3,8.085,8.17,116400.0,8.14,0.0,8.3,8.085,8.17,1.0,116400.0
2017-01-04,8.17,8.2,7.92,8.13,198018.0,8.17,0.0,8.2,7.92,8.13,1.0,198018.0
2017-01-03,8.13,8.4,8.04,8.33,247714.0,8.13,0.0,8.4,8.04,8.33,1.0,247714.0
2016-12-30,8.23,8.31,8.0,8.18,173253.0,8.23,0.0,8.31,8.0,8.18,1.0,173253.0
2016-12-29,8.18,8.53,8.11,8.32,110537.0,8.18,0.0,8.53,8.11,8.32,1.0,110537.0
2016-12-28,8.33,8.65,8.18,8.64,148079.0,8.33,0.0,8.65,8.18,8.64,1.0,148079.0
2016-12-27,8.62,8.65,8.26,8.28,166520.0,8.62,0.0,8.65,8.26,8.28,1.0,166520.0
2016-12-23,8.27,8.41,8.23,8.35,107418.0,8.27,0.0,8.41,8.23,8.35,1.0,107418.0
2016-12-22,8.27,8.6,8.26,8.56,143078.0,8.27,0.0,8.6,8.26,8.56,1.0,143078.0
2016-12-21,8.545,8.86,8.48,8.86,222749.0,8.545,0.0,8.86,8.48,8.86,1.0,222749.0
2016-12-20,8.84,9.23,8.81,9.23,212469.0,8.84,0.0,9.23,8.81,9.23,1.0,212469.0
2016-12-19,9.16,9.21,8.8,9.11,104200.0,9.16,0.0,9.21,8.8,9.11,1.0,104200.0
2016-12-16,9.07,9.27,8.89,9.07,319233.0,9.07,0.0,9.27,8.89,9.07,1.0,319233.0
2016-12-15,9.04,9.12,8.713,8.94,144552.0,9.04,0.0,9.12,8.713,8.94,1.0,144552.0
2016-12-14,8.96,9.1053,8.882,9.0,127888.0,8.96,0.0,9.1053,8.882,9.0,1.0,127888.0
2016-12-13,9.07,9.25,8.93,9.02,125497.0,9.07,0.0,9.25,8.93,9.02,1.0,125497.0
2016-12-12,8.98,9.17,8.91,9.16,208778.0,8.98,0.0,9.17,8.91,9.16,1.0,208778.0
2016-12-09,9.17,9.56,9.145,9.4,299963.0,9.17,0.0,9.56,9.145,9.4,1.0,299963.0
2016-12-08,9.35,9.36,8.83,8.94,231236.0,9.35,0.0,9.36,8.83,8.94,1.0,231236.0
2016-12-07,8.98,9.0,8.7,8.7,233437.0,8.98,0.0,9.0,8.7,8.7,1.0,233437.0
2016-12-06,8.76,8.76,8.31,8.38,176923.0,8.76,0.0,8.76,8.31,8.38,1.0,176923.0
2016-12-05,8.42,8.55,8.25,8.29,195369.0,8.42,0.0,8.55,8.25,8.29,1.0,195369.0
2016-12-02,8.23,8.27,7.99,8.2,196873.0,8.23,0.0,8.27,7.99,8.2,1.0,196873.0
2016-12-01,8.155,8.73,8.09,8.65,291746.0,8.155,0.0,8.73,8.09,8.65,1.0,291746.0
2016-11-30,8.59,8.865,8.4,8.77,315817.0,8.59,0.0,8.865,8.4,8.77,1.0,315817.0
2016-11-29,8.75,8.81,8.67,8.77,226971.0,8.75,0.0,8.81,8.67,8.77,1.0,226971.0
2016-11-28,8.735,8.8,8.48,8.65,269406.0,8.735,0.0,8.8,8.48,8.65,1.0,269406.0
2016-11-25,8.66,8.89,8.61,8.89,89284.0,8.66,0.0,8.89,8.61,8.89,1.0,89284.0
2016-11-23,8.89,9.0,8.76,8.92,172812.0,8.89,0.0,9.0,8.76,8.92,1.0,172812.0
2016-11-22,8.98,8.99,8.74,8.96,275397.0,8.98,0.0,8.99,8.74,8.96,1.0,275397.0
2016-11-21,8.92,8.925,8.7231,8.83,221483.0,8.92,0.0,8.925,8.7231,8.83,1.0,221483.0
2016-11-18,8.83,8.855,8.51,8.61,238798.0,8.83,0.0,8.855,8.51,8.61,1.0,238798.0
2016-11-17,8.6,8.685,8.47,8.63,240960.0,8.6,0.0,8.685,8.47,8.63,1.0,240960.0
2016-11-16,8.58,8.735,8.46,8.6,420977.0,8.58,0.0,8.735,8.46,8.6,1.0,420977.0
2016-11-15,8.67,8.72,8.38,8.54,400069.0,8.67,0.0,8.72,8.38,8.54,1.0,400069.0
2016-11-14,8.56,8.62,8.27,8.3,494519.0,8.56,0.0,8.62,8.27,8.3,1.0,494519.0
2016-11-11,8.22,8.27,7.6742,7.73,380951.0,8.22,0.0,8.27,7.6742,7.73,1.0,380951.0
2016-11-10,7.72,7.91,7.55,7.82,360712.0,7.72,0.0,7.91,7.55,7.82,1.0,360712.0
2016-11-09,7.71,7.78,7.355,7.36,286998.0,7.71,0.0,7.78,7.355,7.36,1.0,286998.0
2016-11-08,7.5,7.61,7.32,7.55,443416.0,7.5,0.0,7.61,7.32,7.55,1.0,443416.0
2016-11-07,7.53,7.99,7.46,7.86,542740.0,7.53,0.0,7.99,7.46,7.86,1.0,542740.0
2016-11-04,7.79,7.82,7.51,7.51,413410.0,7.79,0.0,7.82,7.51,7.51,1.0,413410.0
2016-11-03,7.54,7.66,7.25,7.48,628506.0,7.54,0.0,7.66,7.25,7.48,1.0,628506.0
2016-11-02,7.59,8.13,6.99,7.38,2512354.0,7.59,0.0,8.13,6.99,7.38,1.0,2512354.0
2016-11-01,7.57,8.44,7.38,8.44,1652124.0,7.57,0.0,8.44,7.38,8.44,1.0,1652124.0
2016-10-31,7.7,7.95,7.57,7.83,337649.0,7.7,0.0,7.95,7.57,7.83,1.0,337649.0
2016-10-28,7.83,7.84,7.5436,7.57,201229.0,7.83,0.0,7.84,7.5436,7.57,1.0,201229.0
2016-10-27,7.6,7.7,7.46,7.56,182660.0,7.6,0.0,7.7,7.46,7.56,1.0,182660.0
2016-10-26,7.56,7.9,7.53,7.74,168093.0,7.56,0.0,7.9,7.53,7.74,1.0,168093.0
2016-10-25,7.81,7.96,7.79,7.96,172925.0,7.81,0.0,7.96,7.79,7.96,1.0,172925.0
2016-10-24,7.94,8.2,7.8638,8.09,215623.0,7.94,0.0,8.2,7.8638,8.09,1.0,215623.0
2016-10-21,8.05,8.15,8.0,8.0,115281.0,8.05,0.0,8.15,8.0,8.0,1.0,115281.0
2016-10-20,8.09,8.23,8.04,8.14,102965.0,8.09,0.0,8.23,8.04,8.14,1.0,102965.0
2016-10-19,8.23,8.49,8.17,8.36,197336.0,8.23,0.0,8.49,8.17,8.36,1.0,197336.0
2016-10-18,8.35,8.64,8.22,8.63,358268.0,8.35,0.0,8.64,8.22,8.63,1.0,358268.0
2016-10-17,8.57,8.85,8.57,8.76,144969.0,8.57,0.0,8.85,8.57,8.76,1.0,144969.0
2016-10-14,8.78,9.15,8.76,8.92,118896.0,8.78,0.0,9.15,8.76,8.92,1.0,118896.0
2016-10-13,8.9,9.08,8.81,9.08,170717.0,8.9,0.0,9.08,8.81,9.08,1.0,170717.0
2016-10-12,9.11,9.23,8.81,8.9,220843.0,9.11,0.0,9.23,8.81,8.9,1.0,220843.0
2016-10-11,8.87,9.235,8.65,9.16,334289.0,8.87,0.0,9.235,8.65,9.16,1.0,334289.0
2016-10-10,9.22,9.48,9.18,9.37,126710.0,9.22,0.0,9.48,9.18,9.37,1.0,126710.0
2016-10-07,9.15,9.6856,9.08,9.54,223106.0,9.15,0.0,9.6856,9.08,9.54,1.0,223106.0
2016-10-06,9.57,9.73,9.56,9.67,94539.0,9.57,0.0,9.73,9.56,9.67,1.0,94539.0
2016-10-05,9.75,9.76,9.53,9.69,193632.0,9.75,0.0,9.76,9.53,9.69,1.0,193632.0
2016-10-04,9.69,9.76,9.57,9.74,127105.0,9.69,0.0,9.76,9.57,9.74,1.0,127105.0
2016-10-03,9.69,9.99,9.43,9.99,229290.0,9.69,0.0,9.99,9.43,9.99,1.0,229290.0
2016-09-30,9.91,10.25,9.89,10.19,346497.0,9.91,0.0,10.25,9.89,10.19,1.0,346497.0
2016-09-29,10.19,10.44,10.18,10.38,149321.0,10.19,0.0,10.44,10.18,10.38,1.0,149321.0
2016-09-28,10.37,10.51,10.2,10.29,160555.0,10.37,0.0,10.51,10.2,10.29,1.0,160555.0
2016-09-27,10.26,10.35,10.03,10.1,1844186.0,10.26,0.0,10.35,10.03,10.1,1.0,1844186.0
2016-09-26,10.05,10.24,10.02,10.16,173941.0,10.05,0.0,10.24,10.02,10.16,1.0,173941.0
2016-09-23,10.25,10.41,10.11,10.41,240976.0,10.25,0.0,10.41,10.11,10.41,1.0,240976.0
2016-09-22,10.37,10.47,9.97,10.14,285744.0,10.37,0.0,10.47,9.97,10.14,1.0,285744.0
2016-09-21,10.11,10.16,9.9,9.93,104127.0,10.11,0.0,10.16,9.9,9.93,1.0,104127.0
2016-09-20,9.95,10.25,9.92,10.2,211422.0,9.95,0.0,10.25,9.92,10.2,1.0,211422.0
2016-09-19,10.09,10.17,9.85,10.0,178041.0,10.09,0.0,10.17,9.85,10.0,1.0,178041.0
2016-09-16,10.01,10.11,9.93,10.11,520586.0,10.01,0.0,10.11,9.93,10.11,1.0,520586.0
2016-09-15,10.06,10.23,10.0,10.05,114703.0,10.06,0.0,10.23,10.0,10.05,1.0,114703.0
2016-09-14,10.02,10.19,9.82,9.92,147347.0,10.02,0.0,10.19,9.82,9.92,1.0,147347.0
2016-09-13,9.98,10.08,9.91,9.96,205449.0,9.98,0.0,10.08,9.91,9.96,1.0,205449.0
2016-09-12,10.0,10.01,9.51,9.75,183082.0,10.0,0.0,10.01,9.51,9.75,1.0,183082.0
2016-09-09,9.84,10.64,9.84,10.28,484819.0,9.84,0.0,10.64,9.84,10.28,1.0,484819.0
2016-09-08,10.39,10.46,10.28,10.46,124543.0,10.39,0.0,10.46,10.28,10.46,1.0,124543.0
2016-09-07,10.42,10.72,10.38,10.63,197656.0,10.42,0.0,10.72,10.38,10.63,1.0,197656.0
2016-09-06,10.67,10.76,10.37,10.45,382628.0,10.67,0.0,10.76,10.37,10.45,1.0,382628.0
2016-09-02,10.35,10.37,10.19,10.26,122708.0,10.35,0.0,10.37,10.19,10.26,1.0,122708.0
2016-09-01,10.2,10.225,9.99,10.12,122211.0,10.2,0.0,10.225,9.99,10.12,1.0,122211.0
2016-08-31,10.16,10.19,9.98,10.07,217443.0,10.16,0.0,10.19,9.98,10.07,1.0,217443.0
2016-08-30,10.09,10.16,9.979,10.05,136200.0,10.09,0.0,10.16,9.979,10.05,1.0,136200.0
2016-08-29,10.01,10.21,9.92,9.98,141414.0,10.01,0.0,10.21,9.92,9.98,1.0,141414.0
2016-08-26,10.0,10.17,9.93,10.02,341733.0,10.0,0.0,10.17,9.93,10.02,1.0,341733.0
2016-08-25,10.02,10.11,9.91,9.94,215535.0,10.02,0.0,10.11,9.91,9.94,1.0,215535.0
2016-08-24,10.01,10.1,9.94,9.94,288683.0,10.01,0.0,10.1,9.94,9.94,1.0,288683.0
2016-08-23,9.98,10.27,9.76,9.79,491837.0,9.98,0.0,10.27,9.76,9.79,1.0,491837.0
2016-08-22,9.73,9.835,9.41,9.71,641581.0,9.73,0.0,9.835,9.41,9.71,1.0,641581.0
2016-08-19,9.7,10.11,9.0731,9.21,1388252.0,9.7,0.0,10.11,9.0731,9.21,1.0,1388252.0
2016-08-18,8.99,9.02,8.5428,8.61,387246.0,8.99,0.0,9.02,8.5428,8.61,1.0,387246.0
2016-08-17,8.61,8.635,8.35,8.45,490945.0,8.61,0.0,8.635,8.35,8.45,1.0,490945.0
2016-08-16,8.45,8.47,8.13,8.4,236135.0,8.45,0.0,8.47,8.13,8.4,1.0,236135.0
2016-08-15,8.41,8.49,8.27,8.4,292170.0,8.41,0.0,8.49,8.27,8.4,1.0,292170.0
2016-08-12,8.39,8.44,8.25,8.37,205205.0,8.39,0.0,8.44,8.25,8.37,1.0,205205.0
2016-08-11,8.41,8.6,8.355,8.47,285890.0,8.41,0.0,8.6,8.355,8.47,1.0,285890.0
2016-08-10,8.45,8.51,8.27,8.46,337091.0,8.45,0.0,8.51,8.27,8.46,1.0,337091.0
2016-08-09,8.43,8.46,8.2,8.27,189565.0,8.43,0.0,8.46,8.2,8.27,1.0,189565.0
2016-08-08,8.29,8.4,8.26,8.4,149591.0,8.29,0.0,8.4,8.26,8.4,1.0,149591.0
2016-08-05,8.36,8.4,8.131,8.35,191959.0,8.36,0.0,8.4,8.131,8.35,1.0,191959.0
2016-08-04,8.23,8.27,7.96,8.0,257418.0,8.23,0.0,8.27,7.96,8.0,1.0,257418.0
2016-08-03,8.01,8.1,7.93,8.06,194615.0,8.01,0.0,8.1,7.93,8.06,1.0,194615.0
2016-08-02,8.04,8.17,7.99,8.17,220705.0,8.04,0.0,8.17,7.99,8.17,1.0,220705.0
2016-08-01,8.15,8.315,7.92,8.12,292200.0,8.15,0.0,8.315,7.92,8.12,1.0,292200.0
2016-07-29,8.09,8.48,7.99,8.46,501201.0,8.09,0.0,8.48,7.99,8.46,1.0,501201.0
2016-07-28,8.49,8.619,8.26,8.52,371447.0,8.49,0.0,8.619,8.26,8.52,1.0,371447.0
2016-07-27,8.5,8.5642,7.51,7.54,915788.0,8.5,0.0,8.5642,7.51,7.54,1.0,915788.0
2016-07-26,7.6,7.6,7.21,7.32,364160.0,7.6,0.0,7.6,7.21,7.32,1.0,364160.0
2016-07-25,7.3,7.48,6.74,6.97,570615.0,7.3,0.0,7.48,6.74,6.97,1.0,570615.0
2016-07-22,6.95,6.97,6.7,6.84,134732.0,6.95,0.0,6.97,6.7,6.84,1.0,134732.0
2016-07-21,6.78,7.0,6.77,6.85,112318.0,6.78,0.0,7.0,6.77,6.85,1.0,112318.0
2016-07-20,6.86,6.96,6.8201,6.96,175451.0,6.86,0.0,6.96,6.8201,6.96,1.0,175451.0
2016-07-19,6.94,6.96,6.7,6.77,296957.0,6.94,0.0,6.96,6.7,6.77,1.0,296957.0
2016-07-18,6.76,6.83,6.66,6.83,218636.0,6.76,0.0,6.83,6.66,6.83,1.0,218636.0
2016-07-15,6.8,6.94,6.7,6.94,248243.0,6.8,0.0,6.94,6.7,6.94,1.0,248243.0
2016-07-14,6.87,7.08,6.78,7.08,379016.0,6.87,0.0,7.08,6.78,7.08,1.0,379016.0
2016-07-13,7.04,7.29,6.97,7.09,682905.0,7.04,0.0,7.29,6.97,7.09,1.0,682905.0
2016-07-12,6.62,6.66,6.39,6.45,409484.0,6.62,0.0,6.66,6.39,6.45,1.0,409484.0
2016-07-11,6.39,6.46,6.35,6.46,235755.0,6.39,0.0,6.46,6.35,6.46,1.0,235755.0
2016-07-08,6.45,6.565,6.32,6.43,253153.0,6.45,0.0,6.565,6.32,6.43,1.0,253153.0
2016-07-07,6.37,6.56,6.34,6.51,221687.0,6.37,0.0,6.56,6.34,6.51,1.0,221687.0
2016-07-06,6.51,6.53,6.42,6.5,176097.0,6.51,0.0,6.53,6.42,6.5,1.0,176097.0
2016-07-05,6.54,6.7,6.44,6.44,246327.0,6.54,0.0,6.7,6.44,6.44,1.0,246327.0
2016-07-01,6.49,6.59,6.45,6.53,199487.0,6.49,0.0,6.59,6.45,6.53,1.0,199487.0
2016-06-30,6.51,6.87,6.46,6.59,263409.0,6.51,0.0,6.87,6.46,6.59,1.0,263409.0
2016-06-29,6.55,7.17,6.5,6.66,239455.0,6.55,0.0,7.17,6.5,6.66,1.0,239455.0
2016-06-28,6.58,6.77,6.505,6.63,386224.0,6.58,0.0,6.77,6.505,6.63,1.0,386224.0
2016-06-27,6.57,7.38,6.57,7.08,828253.0,6.57,0.0,7.38,6.57,7.08,1.0,828253.0
2016-06-24,7.1,7.4152,7.05,7.33,501919.0,7.1,0.0,7.4152,7.05,7.33,1.0,501919.0
2016-06-23,7.53,7.685,7.47,7.56,186829.0,7.53,0.0,7.685,7.47,7.56,1.0,186829.0
2016-06-22,7.48,7.8,7.42,7.57,215159.0,7.48,0.0,7.8,7.42,7.57,1.0,215159.0
2016-06-21,7.57,7.62,7.35,7.54,353339.0,7.57,0.0,7.62,7.35,7.54,1.0,353339.0
2016-06-20,7.51,7.68,7.42,7.52,355159.0,7.51,0.0,7.68,7.42,7.52,1.0,355159.0
2016-06-17,7.41,7.62,7.3566,7.55,854552.0,7.41,0.0,7.62,7.3566,7.55,1.0,854552.0
2016-06-16,7.58,7.74,7.48,7.72,370153.0,7.58,0.0,7.74,7.48,7.72,1.0,370153.0
2016-06-15,7.78,7.89,7.66,7.86,239359.0,7.78,0.0,7.89,7.66,7.86,1.0,239359.0
2016-06-14,7.82,8.073,7.62,7.95,329988.0,7.82,0.0,8.073,7.62,7.95,1.0,329988.0
2016-06-13,8.01,8.4615,8.0,8.42,313612.0,8.01,0.0,8.4615,8.0,8.42,1.0,313612.0
2016-06-10,8.39,8.84,8.3,8.84,528116.0,8.39,0.0,8.84,8.3,8.84,1.0,528116.0
2016-06-09,8.86,8.94,8.68,8.94,227826.0,8.86,0.0,8.94,8.68,8.94,1.0,227826.0
2016-06-08,8.92,8.97,8.81,8.89,120601.0,8.92,0.0,8.97,8.81,8.89,1.0,120601.0
2016-06-07,8.86,8.94,8.78,8.83,186684.0,8.86,0.0,8.94,8.78,8.83,1.0,186684.0
2016-06-06,8.81,8.8925,8.77,8.89,272608.0,8.81,0.0,8.8925,8.77,8.89,1.0,272608.0
2016-06-03,8.85,8.95,8.75,8.88,247462.0,8.85,0.0,8.95,8.75,8.88,1.0,247462.0
2016-06-02,8.9,8.92,8.71,8.78,222816.0,8.9,0.0,8.92,8.71,8.78,1.0,222816.0
2016-06-01,8.8,8.81,8.67,8.76,270725.0,8.8,0.0,8.81,8.67,8.76,1.0,270725.0
2016-05-31,8.8,8.82,8.61,8.75,234125.0,8.8,0.0,8.82,8.61,8.75,1.0,234125.0
2016-05-27,8.76,8.82,8.52,8.75,147506.0,8.76,0.0,8.82,8.52,8.75,1.0,147506.0
2016-05-26,8.73,8.89,8.51,8.8,227290.0,8.73,0.0,8.89,8.51,8.8,1.0,227290.0
2016-05-25,8.81,9.03,8.66,8.8,156324.0,8.81,0.0,9.03,8.66,8.8,1.0,156324.0
2016-05-24,8.77,9.0,8.6,8.7,278496.0,8.77,0.0,9.0,8.6,8.7,1.0,278496.0
2016-05-23,8.69,8.98,8.59,8.8,278894.0,8.69,0.0,8.98,8.59,8.8,1.0,278894.0
2016-05-20,8.81,8.81,8.46,8.57,239728.0,8.81,0.0,8.81,8.46,8.57,1.0,239728.0
2016-05-19,8.51,8.72,8.44,8.51,187138.0,8.51,0.0,8.72,8.44,8.51,1.0,187138.0
2016-05-18,8.58,8.73,8.4,8.51,170428.0,8.58,0.0,8.73,8.4,8.51,1.0,170428.0
2016-05-17,8.55,8.8,8.48,8.76,239846.0,8.55,0.0,8.8,8.48,8.76,1.0,239846.0
2016-05-16,8.74,8.93,8.59,8.63,156805.0,8.74,0.0,8.93,8.59,8.63,1.0,156805.0
2016-05-13,8.59,8.68,8.38,8.49,218639.0,8.59,0.0,8.68,8.38,8.49,1.0,218639.0
2016-05-12,8.54,8.77,8.48,8.72,282903.0,8.54,0.0,8.77,8.48,8.72,1.0,282903.0
2016-05-11,8.71,8.91,8.7,8.91,134390.0,8.71,0.0,8.91,8.7,8.91,1.0,134390.0
2016-05-10,8.95,9.19,8.76,8.92,688914.0,8.95,0.0,9.19,8.76,8.92,1.0,688914.0
2016-05-09,8.88,8.96,8.57,8.6,243539.0,8.88,0.0,8.96,8.57,8.6,1.0,243539.0
2016-05-06,8.64,8.87,8.49,8.61,301650.0,8.64,0.0,8.87,8.49,8.61,1.0,301650.0
2016-05-05,8.61,8.88,8.53,8.8,175546.0,8.61,0.0,8.88,8.53,8.8,1.0,175546.0
2016-05-04,8.79,8.81,8.51,8.7,470971.0,8.79,0.0,8.81,8.51,8.7,1.0,470971.0
2016-05-03,8.75,8.95,8.7,8.93,234249.0,8.75,0.0,8.95,8.7,8.93,1.0,234249.0
2016-05-02,8.97,9.0,8.66,8.8,426085.0,8.97,0.0,9.0,8.66,8.8,1.0,426085.0
2016-04-29,8.75,8.9,8.72,8.75,260358.0,8.75,0.0,8.9,8.72,8.75,1.0,260358.0
2016-04-28,8.74,8.95,8.49,8.5,385835.0,8.74,0.0,8.95,8.49,8.5,1.0,385835.0
2016-04-27,8.45,8.56,8.32,8.35,212244.0,8.45,0.0,8.56,8.32,8.35,1.0,212244.0
2016-04-26,8.3,8.34,8.09,8.27,485571.0,8.3,0.0,8.34,8.09,8.27,1.0,485571.0
2016-04-25,8.28,8.35,8.12,8.22,277030.0,8.28,0.0,8.35,8.12,8.22,1.0,277030.0
2016-04-22,8.25,8.33,8.06,8.12,191075.0,8.25,0.0,8.33,8.06,8.12,1.0,191075.0
2016-04-21,8.13,8.4,7.8601,8.08,510641.0,8.13,0.0,8.4,7.8601,8.08,1.0,510641.0
2016-04-20,8.13,8.35,6.8,6.8,1735346.0,8.13,0.0,8.35,6.8,6.8,1.0,1735346.0
2016-04-19,7.75,8.0799,7.73,8.03,479570.0,7.75,0.0,8.0799,7.73,8.03,1.0,479570.0
2016-04-18,8.0,8.22,7.85,7.86,330874.0,8.0,0.0,8.22,7.85,7.86,1.0,330874.0
2016-04-15,7.9,8.04,7.77,7.8,326717.0,7.9,0.0,8.04,7.77,7.8,1.0,326717.0
2016-04-14,7.8,7.97,7.775,7.97,356910.0,7.8,0.0,7.97,7.775,7.97,1.0,356910.0
2016-04-13,7.97,8.08,7.88,8.08,683853.0,7.97,0.0,8.08,7.88,8.08,1.0,683853.0
2016-04-12,8.09,8.3,7.9,7.96,329039.0,8.09,0.0,8.3,7.9,7.96,1.0,329039.0
2016-04-11,7.94,8.22,7.905,8.15,743113.0,7.94,0.0,8.22,7.905,8.15,1.0,743113.0
2016-04-08,8.08,8.25,7.91,8.25,303857.0,8.08,0.0,8.25,7.91,8.25,1.0,303857.0
2016-04-07,8.15,8.4059,8.07,8.34,191918.0,8.15,0.0,8.4059,8.07,8.34,1.0,191918.0
2016-04-06,8.42,8.52,8.28,8.39,214288.0,8.42,0.0,8.52,8.28,8.39,1.0,214288.0
2016-04-05,8.37,8.8,8.31,8.68,393721.0,8.37,0.0,8.8,8.31,8.68,1.0,393721.0
2016-04-04,8.74,9.06,8.16,8.21,503686.0,8.74,0.0,9.06,8.16,8.21,1.0,503686.0
2016-04-01,8.18,8.22,7.85,8.0,290612.0,8.18,0.0,8.22,7.85,8.0,1.0,290612.0
2016-03-31,8.07,8.39,8.01,8.39,284754.0,8.07,0.0,8.39,8.01,8.39,1.0,284754.0
2016-03-30,8.4,8.6,8.19,8.33,257753.0,8.4,0.0,8.6,8.19,8.33,1.0,257753.0
2016-03-29,8.24,8.285,7.84,8.0,485228.0,8.24,0.0,8.285,7.84,8.0,1.0,485228.0
2016-03-28,8.01,8.075,7.88,8.0,164028.0,8.01,0.0,8.075,7.88,8.0,1.0,164028.0
2016-03-24,8.01,8.11,7.92,8.05,185767.0,8.01,0.0,8.11,7.92,8.05,1.0,185767.0
2016-03-23,8.06,8.14,7.81,8.07,278399.0,8.06,0.0,8.14,7.81,8.07,1.0,278399.0
2016-03-22,8.06,8.1,7.91,8.06,218527.0,8.06,0.0,8.1,7.91,8.06,1.0,218527.0
2016-03-21,8.07,8.38,8.01,8.29,213147.0,8.07,0.0,8.38,8.01,8.29,1.0,213147.0
2016-03-18,8.29,8.44,7.95,8.19,561713.0,8.29,0.0,8.44,7.95,8.19,1.0,561713.0
2016-03-17,8.13,8.23,7.77,7.95,504163.0,8.13,0.0,8.23,7.77,7.95,1.0,504163.0
2016-03-16,7.94,8.04,7.77,7.83,266094.0,7.94,0.0,8.04,7.77,7.83,1.0,266094.0
2016-03-15,7.89,8.33,7.83,8.3,470010.0,7.89,0.0,8.33,7.83,8.3,1.0,470010.0
2016-03-14,8.35,8.37,8.11,8.18,167724.0,8.35,0.0,8.37,8.11,8.18,1.0,167724.0
2016-03-11,8.17,8.22,7.94,8.03,331717.0,8.17,0.0,8.22,7.94,8.03,1.0,331717.0
2016-03-10,7.94,8.5,7.8902,8.36,382257.0,7.94,0.0,8.5,7.8902,8.36,1.0,382257.0
2016-03-09,8.31,8.44,8.255,8.37,230700.0,8.31,0.0,8.44,8.255,8.37,1.0,230700.0
2016-03-08,8.37,8.59,8.2,8.34,330563.0,8.37,0.0,8.59,8.2,8.34,1.0,330563.0
2016-03-07,8.34,8.42,8.18,8.29,358142.0,8.34,0.0,8.42,8.18,8.29,1.0,358142.0
2016-03-04,8.3,8.67,8.21,8.65,502687.0,8.3,0.0,8.67,8.21,8.65,1.0,502687.0
2016-03-03,8.6,8.79,8.15,8.39,580974.0,8.6,0.0,8.79,8.15,8.39,1.0,580974.0
2016-03-02,8.38,8.5875,8.2525,8.48,418630.0,8.38,0.0,8.5875,8.2525,8.48,1.0,418630.0
2016-03-01,8.45,9.35,8.325,9.35,624915.0,8.45,0.0,9.35,8.325,9.35,1.0,624915.0
2016-02-29,9.23,9.3,8.2,8.8,554668.0,9.23,0.0,9.3,8.2,8.8,1.0,554668.0
2016-02-26,8.82,8.86,8.1,8.39,391442.0,8.82,0.0,8.86,8.1,8.39,1.0,391442.0
2016-02-25,8.28,8.61,8.16,8.39,370740.0,8.28,0.0,8.61,8.16,8.39,1.0,370740.0
2016-02-24,8.34,8.54,8.07,8.08,962428.0,8.34,0.0,8.54,8.07,8.08,1.0,962428.0
2016-02-23,8.14,8.75,8.03,8.41,1246746.0,8.14,0.0,8.75,8.03,8.41,1.0,1246746.0
2016-02-22,9.34,9.55,9.23,9.25,629501.0,9.34,0.0,9.55,9.23,9.25,1.0,629501.0
2016-02-19,9.2,9.66,9.0,9.65,3126403.0,9.2,0.0,9.66,9.0,9.65,1.0,3126403.0
2016-02-18,9.66,9.775,9.6,9.75,473729.0,9.66,0.0,9.775,9.6,9.75,1.0,473729.0
2016-02-17,9.73,9.84,9.65,9.68,946051.0,9.73,0.0,9.84,9.65,9.68,1.0,946051.0
2016-02-16,9.6,9.88,9.54,9.75,655034.0,9.6,0.0,9.88,9.54,9.75,1.0,655034.0
2016-02-12,9.63,9.885,9.395,9.63,885357.0,9.63,0.0,9.885,9.395,9.63,1.0,885357.0
2016-02-11,9.52,9.55,8.95,9.0,358631.0,9.52,0.0,9.55,8.95,9.0,1.0,358631.0
2016-02-10,9.16,9.3597,8.9,9.0,350086.0,9.16,0.0,9.3597,8.9,9.0,1.0,350086.0
2016-02-09,8.94,8.99,8.61,8.81,603819.0,8.94,0.0,8.99,8.61,8.81,1.0,603819.0
2016-02-08,8.92,9.36,8.59,9.36,572157.0,8.92,0.0,9.36,8.59,9.36,1.0,572157.0
2016-02-05,9.44,9.58,9.28,9.45,1290009.0,9.44,0.0,9.58,9.28,9.45,1.0,1290009.0
2016-02-04,9.53,9.64,9.29,9.42,603068.0,9.53,0.0,9.64,9.29,9.42,1.0,603068.0
2016-02-03,9.48,9.6,8.52,8.75,743866.0,9.48,0.0,9.6,8.52,8.75,1.0,743866.0
2016-02-02,8.35,8.57,8.13,8.54,395450.0,8.35,0.0,8.57,8.13,8.54,1.0,395450.0
2016-02-01,8.6,8.62,8.3,8.47,288935.0,8.6,0.0,8.62,8.3,8.47,1.0,288935.0
2016-01-29,8.49,8.51,8.24,8.29,391227.0,8.49,0.0,8.51,8.24,8.29,1.0,391227.0
2016-01-28,8.3,8.315,7.91,8.06,641127.0,8.3,0.0,8.315,7.91,8.06,1.0,641127.0
2016-01-27,8.0,8.04,7.75,8.0,475820.0,8.0,0.0,8.04,7.75,8.0,1.0,475820.0
2016-01-26,8.0,8.06,7.71,7.94,482955.0,8.0,0.0,8.06,7.71,7.94,1.0,482955.0
2016-01-25,7.92,8.26,7.82,8.1,406196.0,7.92,0.0,8.26,7.82,8.1,1.0,406196.0
2016-01-22,8.16,8.47,7.8,8.2,900771.0,8.16,0.0,8.47,7.8,8.2,1.0,900771.0
2016-01-21,8.06,8.33,8.02,8.19,445355.0,8.06,0.0,8.33,8.02,8.19,1.0,445355.0
2016-01-20,8.19,8.3,7.66,8.05,625736.0,8.19,0.0,8.3,7.66,8.05,1.0,625736.0
2016-01-19,8.18,8.76,8.06,8.68,424417.0,8.18,0.0,8.76,8.06,8.68,1.0,424417.0
2016-01-15,8.59,8.94,8.29,8.68,740338.0,8.59,0.0,8.94,8.29,8.68,1.0,740338.0
2016-01-14,8.87,9.15,8.44,9.01,992201.0,8.87,0.0,9.15,8.44,9.01,1.0,992201.0
2016-01-13,9.01,9.21,8.84,9.11,745266.0,9.01,0.0,9.21,8.84,9.11,1.0,745266.0
2016-01-12,9.06,9.37,8.96,9.22,639603.0,9.06,0.0,9.37,8.96,9.22,1.0,639603.0
2016-01-11,9.17,9.41,8.98,9.13,656697.0,9.17,0.0,9.41,8.98,9.13,1.0,656697.0
2016-01-08,9.07,9.48,8.92,9.35,680037.0,9.07,0.0,9.48,8.92,9.35,1.0,680037.0
2016-01-07,9.39,9.9,9.33,9.68,738564.0,9.39,0.0,9.9,9.33,9.68,1.0,738564.0
2016-01-06,9.86,10.19,9.29,9.39,910592.0,9.86,0.0,10.19,9.29,9.39,1.0,910592.0
2016-01-05,9.49,9.59,8.85,9.17,455264.0,9.49,0.0,9.59,8.85,9.17,1.0,455264.0
2016-01-04,9.13,9.69,9.11,9.27,569775.0,9.13,0.0,9.69,9.11,9.27,1.0,569775.0
