,adj_close,adj_high,adj_low,adj_open,adj_volume,close,ex_dividend,high,low,open,split_ratio,volume
2017-02-10,2.74,3.19,2.67,2.67,1378613.0,2.74,0.0,3.19,2.67,2.67,1.0,1378613.0
2017-02-09,2.7,2.75,2.42,2.75,480171.0,2.7,0.0,2.75,2.42,2.75,1.0,480171.0
2017-02-08,2.71,2.75,2.551,2.7,394868.0,2.71,0.0,2.75,2.551,2.7,1.0,394868.0
2017-02-07,2.63,2.69,2.38,2.5,765141.0,2.63,0.0,2.69,2.38,2.5,1.0,765141.0
2017-02-06,2.45,2.52,2.43,2.49,135428.0,2.45,0.0,2.52,2.43,2.49,1.0,135428.0
2017-02-03,2.5039,2.695,2.43,2.63,414950.0,2.5039,0.0,2.695,2.43,2.63,1.0,414950.0
2017-02-02,2.56,2.8297,2.43,2.44,2081680.0,2.56,0.0,2.8297,2.43,2.44,1.0,2081680.0
2017-02-01,2.42,2.57,2.35,2.47,391356.0,2.42,0.0,2.57,2.35,2.47,1.0,391356.0
2017-01-31,2.43,2.61,2.27,2.32,893740.0,2.43,0.0,2.61,2.27,2.32,1.0,893740.0
2017-01-30,2.35,2.47,2.35,2.36,230842.0,2.35,0.0,2.47,2.35,2.36,1.0,230842.0
2017-01-27,2.38,2.55,2.35,2.55,328099.0,2.38,0.0,2.55,2.35,2.55,1.0,328099.0
2017-01-26,2.52,2.61,2.34,2.4,696610.0,2.52,0.0,2.61,2.34,2.4,1.0,696610.0
2017-01-25,2.39,2.43,2.251,2.28,268739.0,2.39,0.0,2.43,2.251,2.28,1.0,268739.0
2017-01-24,2.3,2.52,2.3,2.49,837183.0,2.3,0.0,2.52,2.3,2.49,1.0,837183.0
2017-01-23,2.5336,2.74,2.48,2.72,745997.0,2.5336,0.0,2.74,2.48,2.72,1.0,745997.0
2017-01-20,2.72,2.8281,2.1,2.38,2489408.0,2.72,0.0,2.8281,2.1,2.38,1.0,2489408.0
2017-01-19,2.39,2.84,2.3,2.84,3852712.0,2.39,0.0,2.84,2.3,2.84,1.0,3852712.0
2017-01-18,2.86,4.07,1.81,1.9,52112580.0,2.86,0.0,4.07,1.81,1.9,1.0,52112580.0
2017-01-17,1.51,1.54,1.5,1.51,81937.0,1.51,0.0,1.54,1.5,1.51,1.0,81937.0
2017-01-13,1.5045,1.58,1.42,1.58,199922.0,1.5045,0.0,1.58,1.42,1.58,1.0,199922.0
2017-01-12,1.58,1.77,1.55,1.75,343610.0,1.58,0.0,1.77,1.55,1.75,1.0,343610.0
2017-01-11,1.77,1.9,1.41,1.55,1519713.0,1.77,0.0,1.9,1.41,1.55,1.0,1519713.0
2017-01-10,1.57,1.5799,1.31,1.31,481269.0,1.57,0.0,1.5799,1.31,1.31,1.0,481269.0
2017-01-09,1.3001,1.33,1.19,1.22,188669.0,1.3001,0.0,1.33,1.19,1.22,1.0,188669.0
2017-01-06,1.27,1.3,1.25,1.26,140249.0,1.27,0.0,1.3,1.25,1.26,1.0,140249.0
2017-01-05,1.28,1.35,1.26,1.35,156950.0,1.28,0.0,1.35,1.26,1.35,1.0,156950.0
2017-01-04,1.35,1.4,1.33,1.37,126740.0,1.35,0.0,1.4,1.33,1.37,1.0,126740.0
2017-01-03,1.37,1.6,1.31,1.34,277906.0,1.37,0.0,1.6,1.31,1.34,1.0,277906.0
2016-12-30,1.3,1.3,1.26,1.29,79989.0,1.3,0.0,1.3,1.26,1.29,1.0,79989.0
2016-12-29,1.28,1.34,1.25,1.26,81987.0,1.28,0.0,1.34,1.25,1.26,1.0,81987.0
2016-12-28,1.27,1.2999,1.19,1.21,84756.0,1.27,0.0,1.2999,1.19,1.21,1.0,84756.0
2016-12-27,1.22,1.37,1.21,1.32,149975.0,1.22,0.0,1.37,1.21,1.32,1.0,149975.0
2016-12-23,1.32,1.35,1.18,1.19,153232.0,1.32,0.0,1.35,1.18,1.19,1.0,153232.0
2016-12-22,1.19,1.22,1.16,1.2,126969.0,1.19,0.0,1.22,1.16,1.2,1.0,126969.0
2016-12-21,1.23,1.31,1.2,1.31,146106.0,1.23,0.0,1.31,1.2,1.31,1.0,146106.0
2016-12-20,1.32,1.39,1.29,1.3,71385.0,1.32,0.0,1.39,1.29,1.3,1.0,71385.0
2016-12-19,1.29,1.39,1.29,1.32,79378.0,1.29,0.0,1.39,1.29,1.32,1.0,79378.0
2016-12-16,1.31,1.43,1.29,1.33,149470.0,1.31,0.0,1.43,1.29,1.33,1.0,149470.0
2016-12-15,1.34,1.43,1.31,1.4,67524.0,1.34,0.0,1.43,1.31,1.4,1.0,67524.0
2016-12-14,1.4,1.45,1.3,1.41,280271.0,1.4,0.0,1.45,1.3,1.41,1.0,280271.0
2016-12-13,1.43,1.8,1.35,1.79,1639343.0,1.43,0.0,1.8,1.35,1.79,1.0,1639343.0
2016-12-12,1.79,1.8,1.1,1.15,2521744.0,1.79,0.0,1.8,1.1,1.15,1.0,2521744.0
2016-12-09,1.14,1.23,1.14,1.16,117142.0,1.14,0.0,1.23,1.14,1.16,1.0,117142.0
2016-12-08,1.2,1.24,1.15,1.24,105295.0,1.2,0.0,1.24,1.15,1.24,1.0,105295.0
2016-12-07,1.24,1.3,1.1,1.29,147907.0,1.24,0.0,1.3,1.1,1.29,1.0,147907.0
2016-12-06,1.29,1.34,1.24,1.3,136056.0,1.29,0.0,1.34,1.24,1.3,1.0,136056.0
2016-12-05,1.29,1.36,1.25,1.27,126327.0,1.29,0.0,1.36,1.25,1.27,1.0,126327.0
2016-12-02,1.27,1.36,1.27,1.36,45108.0,1.27,0.0,1.36,1.27,1.36,1.0,45108.0
2016-12-01,1.26,1.4506,1.25,1.42,127199.0,1.26,0.0,1.4506,1.25,1.42,1.0,127199.0
2016-11-30,1.42,1.49,1.35,1.38,71249.0,1.42,0.0,1.49,1.35,1.38,1.0,71249.0
2016-11-29,1.38,1.51,1.36,1.37,41219.0,1.38,0.0,1.51,1.36,1.37,1.0,41219.0
2016-11-28,1.42,1.54,1.28,1.54,111499.0,1.42,0.0,1.54,1.28,1.54,1.0,111499.0
2016-11-25,1.53,1.6,1.5,1.6,46323.0,1.53,0.0,1.6,1.5,1.6,1.0,46323.0
2016-11-23,1.6,1.61,1.5,1.56,51135.0,1.6,0.0,1.61,1.5,1.56,1.0,51135.0
2016-11-22,1.56,1.75,1.5,1.62,136955.0,1.56,0.0,1.75,1.5,1.62,1.0,136955.0
2016-11-21,1.63,1.78,1.53,1.78,62620.0,1.63,0.0,1.78,1.53,1.78,1.0,62620.0
2016-11-18,1.71,1.79,1.5233,1.75,349058.0,1.71,0.0,1.79,1.5233,1.75,1.0,349058.0
2016-11-17,2.02,2.06,1.9,1.94,49562.0,2.02,0.0,2.06,1.9,1.94,1.0,49562.0
2016-11-16,1.91,2.0669,1.86,1.89,49482.0,1.91,0.0,2.0669,1.86,1.89,1.0,49482.0
2016-11-15,1.9622,2.13,1.92,2.1,85520.0,1.9622,0.0,2.13,1.92,2.1,1.0,85520.0
2016-11-14,2.14,2.22,2.12,2.15,113549.0,2.14,0.0,2.22,2.12,2.15,1.0,113549.0
2016-11-11,2.12,2.2,1.906,1.91,123755.0,2.12,0.0,2.2,1.906,1.91,1.0,123755.0
2016-11-10,1.95,2.182,1.7882,1.93,178003.0,1.95,0.0,2.182,1.7882,1.93,1.0,178003.0
2016-11-09,1.9276,1.94,1.6661,1.79,179011.0,1.9276,0.0,1.94,1.6661,1.79,1.0,179011.0
2016-11-08,1.65,1.78,1.6,1.69,46307.0,1.65,0.0,1.78,1.6,1.69,1.0,46307.0
2016-11-07,1.72,1.7899,1.65,1.72,68258.0,1.72,0.0,1.7899,1.65,1.72,1.0,68258.0
2016-11-04,1.65,1.71,1.51,1.51,45565.0,1.65,0.0,1.71,1.51,1.51,1.0,45565.0
2016-11-03,1.56,1.6599,1.48,1.6599,71236.0,1.56,0.0,1.6599,1.48,1.6599,1.0,71236.0
2016-11-02,1.63,1.86,1.5542,1.77,213438.0,1.63,0.0,1.86,1.5542,1.77,1.0,213438.0
2016-11-01,1.87,2.03,1.855,2.03,104959.0,1.87,0.0,2.03,1.855,2.03,1.0,104959.0
2016-10-31,2.01,2.25,2.01,2.23,65846.0,2.01,0.0,2.25,2.01,2.23,1.0,65846.0
2016-10-28,2.25,2.38,2.25,2.38,54617.0,2.25,0.0,2.38,2.25,2.38,1.0,54617.0
2016-10-27,2.36,2.48,2.3,2.48,55874.0,2.36,0.0,2.48,2.3,2.48,1.0,55874.0
2016-10-26,2.48,2.61,2.4,2.56,84293.0,2.48,0.0,2.61,2.4,2.56,1.0,84293.0
2016-10-25,2.45,2.63,2.355,2.39,71500.0,2.45,0.0,2.63,2.355,2.39,1.0,71500.0
2016-10-24,2.39,2.98,2.13,2.98,207678.0,2.39,0.0,2.98,2.13,2.98,0.1,207678.0
2016-10-21,2.685,3.2,2.6,3.2,269706.9,0.2685,0.0,0.32,0.26,0.32,1.0,2697069.0
2016-10-20,3.277,3.399,3.2,3.3,19994.8,0.3277,0.0,0.3399,0.32,0.33,1.0,199948.0
2016-10-19,3.35,3.55,3.2,3.2,69798.3,0.335,0.0,0.355,0.32,0.32,1.0,697983.0
2016-10-18,3.26,3.398,3.12,3.2,26060.7,0.326,0.0,0.3398,0.312,0.32,1.0,260607.0
2016-10-17,3.25,3.4,3.1,3.3,52740.4,0.325,0.0,0.34,0.31,0.33,1.0,527404.0
2016-10-14,3.21,3.43,3.2,3.4,43165.9,0.321,0.0,0.343,0.32,0.34,1.0,431659.0
2016-10-13,3.373,3.43,3.3,3.3,23781.2,0.3373,0.0,0.343,0.33,0.33,1.0,237812.0
2016-10-12,3.3,3.479,3.3,3.401,31630.5,0.33,0.0,0.3479,0.33,0.3401,1.0,316305.0
2016-10-11,3.5,3.6,3.32,3.45,20438.0,0.35,0.0,0.36,0.332,0.345,1.0,204380.0
2016-10-10,3.452,3.597,3.323,3.597,24675.6,0.3452,0.0,0.3597,0.3323,0.3597,1.0,246756.0
2016-10-07,3.562,3.597,3.307,3.5,28282.2,0.3562,0.0,0.3597,0.3307,0.35,1.0,282822.0
2016-10-06,3.55,3.7,3.431,3.55,22361.8,0.355,0.0,0.37,0.3431,0.355,1.0,223618.0
2016-10-05,3.5,3.55,3.405,3.45,32238.0,0.35,0.0,0.355,0.3405,0.345,1.0,322380.0
2016-10-04,3.6,3.6,3.31,3.5,60530.8,0.36,0.0,0.36,0.331,0.35,1.0,605308.0
2016-10-03,3.449,3.55,3.26,3.4,31934.1,0.3449,0.0,0.355,0.326,0.34,1.0,319341.0
2016-09-30,3.383,3.498,3.23,3.4,32394.7,0.3383,0.0,0.3498,0.323,0.34,1.0,323947.0
2016-09-29,3.36,3.45,3.35,3.427,48664.7,0.336,0.0,0.345,0.335,0.3427,1.0,486647.0
2016-09-28,3.434,3.569,3.434,3.5,34096.8,0.3434,0.0,0.3569,0.3434,0.35,1.0,340968.0
2016-09-27,3.45,3.669,3.43,3.43,32759.3,0.345,0.0,0.3669,0.343,0.343,1.0,327593.0
2016-09-26,3.416,3.7,3.4,3.5,55320.8,0.3416,0.0,0.37,0.34,0.35,1.0,553208.0
2016-09-23,3.497,3.59,3.342,3.575,266006.5,0.3497,0.0,0.359,0.3342,0.3575,1.0,2660065.0
2016-09-22,3.977,4.29,3.91,4.0,65742.7,0.3977,0.0,0.429,0.391,0.4,1.0,657427.0
2016-09-21,4.056,4.2,3.89,4.0,77430.0,0.4056,0.0,0.42,0.389,0.4,1.0,774300.0
2016-09-20,4.0,4.18,3.82,4.0,85501.2,0.4,0.0,0.418,0.382,0.4,1.0,855012.0
2016-09-19,3.97,4.155,3.8,4.0,61557.6,0.397,0.0,0.4155,0.38,0.4,1.0,615576.0
2016-09-16,4.03,4.45,4.0,4.4,126933.9,0.403,0.0,0.445,0.4,0.44,1.0,1269339.0
2016-09-15,4.373,4.94,3.805,4.0,545173.4,0.4373,0.0,0.494,0.3805,0.4,1.0,5451734.0
2016-09-14,3.9,4.099,3.605,3.605,162412.9,0.39,0.0,0.4099,0.3605,0.3605,1.0,1624129.0
2016-09-13,3.6,3.788,3.302,3.302,124416.9,0.36,0.0,0.3788,0.3302,0.3302,1.0,1244169.0
2016-09-12,3.438,3.5,3.24,3.39,61672.0,0.3438,0.0,0.35,0.324,0.339,1.0,616720.0
2016-09-09,3.349,3.398,3.201,3.3,40921.8,0.3349,0.0,0.3398,0.3201,0.33,1.0,409218.0
2016-09-08,3.275,3.4,3.125,3.4,89638.1,0.3275,0.0,0.34,0.3125,0.34,1.0,896381.0
2016-09-07,3.194,3.55,3.194,3.55,48120.8,0.3194,0.0,0.355,0.3194,0.355,1.0,481208.0
2016-09-06,3.134,3.522,3.13,3.3,43749.6,0.3134,0.0,0.3522,0.313,0.33,1.0,437496.0
2016-09-02,3.277,3.399,3.277,3.331,25952.1,0.3277,0.0,0.3399,0.3277,0.3331,1.0,259521.0
2016-09-01,3.4,3.506,3.35,3.501,43273.7,0.34,0.0,0.3506,0.335,0.3501,1.0,432737.0
2016-08-31,3.508,3.735,3.41,3.6,54027.7,0.3508,0.0,0.3735,0.341,0.36,1.0,540277.0
2016-08-30,3.524,3.7,3.41,3.41,37119.4,0.3524,0.0,0.37,0.341,0.341,1.0,371194.0
2016-08-29,3.5,3.5,3.35,3.5,16406.7,0.35,0.0,0.35,0.335,0.35,1.0,164067.0
2016-08-26,3.4,3.64,3.331,3.4,36500.7,0.34,0.0,0.364,0.3331,0.34,1.0,365007.0
2016-08-25,3.405,3.511,3.4,3.48,42637.9,0.3405,0.0,0.3511,0.34,0.348,1.0,426379.0
2016-08-24,3.512,3.75,3.4,3.6,105760.9,0.3512,0.0,0.375,0.34,0.36,1.0,1057609.0
2016-08-23,3.622,3.922,3.526,3.899,101425.7,0.3622,0.0,0.3922,0.3526,0.3899,1.0,1014257.0
2016-08-22,3.83,3.99,3.2,3.4,426210.0,0.383,0.0,0.399,0.32,0.34,1.0,4262100.0
2016-08-19,3.28,3.6,3.0,3.09,189800.9,0.328,0.0,0.36,0.3,0.309,1.0,1898009.0
2016-08-18,3.014,3.05,2.951,3.0,40937.1,0.3014,0.0,0.305,0.2951,0.3,1.0,409371.0
2016-08-17,3.04,3.15,2.95,3.03,78883.5,0.304,0.0,0.315,0.295,0.303,1.0,788835.0
2016-08-16,3.002,3.1,2.94,3.1,27348.4,0.3002,0.0,0.31,0.294,0.31,1.0,273484.0
2016-08-15,3.0,3.099,3.0,3.029,34310.6,0.3,0.0,0.3099,0.3,0.3029,1.0,343106.0
2016-08-12,3.015,3.158,2.9,2.96,29865.3,0.3015,0.0,0.3158,0.29,0.296,1.0,298653.0
2016-08-11,3.034,3.17,2.959,3.04,49271.0,0.3034,0.0,0.317,0.2959,0.304,1.0,492710.0
2016-08-10,3.086,3.4,2.95,3.4,122837.1,0.3086,0.0,0.34,0.295,0.34,1.0,1228371.0
2016-08-09,3.05,3.19,3.0,3.175,24303.2,0.305,0.0,0.319,0.3,0.3175,1.0,243032.0
2016-08-08,3.136,3.217,3.0,3.217,36156.5,0.3136,0.0,0.3217,0.3,0.3217,1.0,361565.0
2016-08-05,3.08,3.55,2.848,3.5,157669.9,0.308,0.0,0.355,0.2848,0.35,1.0,1576699.0
2016-08-04,3.6,3.898,3.34,3.455,250007.2,0.36,0.0,0.3898,0.334,0.3455,1.0,2500072.0
2016-08-03,3.316,3.499,3.1,3.11,85114.2,0.3316,0.0,0.3499,0.31,0.311,1.0,851142.0
2016-08-02,3.11,3.25,3.05,3.2,24470.4,0.311,0.0,0.325,0.305,0.32,1.0,244704.0
2016-08-01,3.18,3.25,3.085,3.25,19088.2,0.318,0.0,0.325,0.3085,0.325,1.0,190882.0
2016-07-29,3.085,3.329,3.02,3.32,44673.6,0.3085,0.0,0.3329,0.302,0.332,1.0,446736.0
2016-07-28,3.209,3.4,3.02,3.1,88056.4,0.3209,0.0,0.34,0.302,0.31,1.0,880564.0
2016-07-27,3.204,3.5,3.015,3.5,45719.9,0.3204,0.0,0.35,0.3015,0.35,1.0,457199.0
2016-07-26,3.48,3.58,3.0,3.55,67788.5,0.348,0.0,0.358,0.3,0.355,1.0,677885.0
2016-07-25,3.57,3.7,3.0,3.412,57847.7,0.357,0.0,0.37,0.3,0.3412,1.0,578477.0
2016-07-22,3.336,3.34,3.2,3.33,30215.8,0.3336,0.0,0.334,0.32,0.333,1.0,302158.0
2016-07-21,3.395,3.45,3.362,3.45,9566.9,0.3395,0.0,0.345,0.3362,0.345,1.0,95669.0
2016-07-20,3.37,3.4,3.222,3.4,14941.7,0.337,0.0,0.34,0.3222,0.34,1.0,149417.0
2016-07-19,3.45,3.5,3.355,3.401,18591.9,0.345,0.0,0.35,0.3355,0.3401,1.0,185919.0
2016-07-18,3.449,3.589,3.4,3.56,53800.0,0.3449,0.0,0.3589,0.34,0.356,1.0,538000.0
2016-07-15,3.56,3.625,3.45,3.6,23829.8,0.356,0.0,0.3625,0.345,0.36,1.0,238298.0
2016-07-14,3.51,3.7,3.45,3.65,76755.0,0.351,0.0,0.37,0.345,0.365,1.0,767550.0
2016-07-13,3.7,3.85,3.64,3.8,42882.3,0.37,0.0,0.385,0.364,0.38,1.0,428823.0
2016-07-12,3.751,3.95,3.75,3.875,37063.2,0.3751,0.0,0.395,0.375,0.3875,1.0,370632.0
2016-07-11,3.854,3.989,3.75,3.96,33954.5,0.3854,0.0,0.3989,0.375,0.396,1.0,339545.0
2016-07-08,3.89,3.9,3.75,3.825,13164.0,0.389,0.0,0.39,0.375,0.3825,1.0,131640.0
2016-07-07,3.782,4.0,3.751,4.0,19368.7,0.3782,0.0,0.4,0.3751,0.4,1.0,193687.0
2016-07-06,4.0,4.1,3.815,3.98,21771.7,0.4,0.0,0.41,0.3815,0.398,1.0,217717.0
2016-07-05,3.95,4.197,3.802,3.9,14414.8,0.395,0.0,0.4197,0.3802,0.39,1.0,144148.0
2016-07-01,3.934,4.05,3.801,4.05,25648.3,0.3934,0.0,0.405,0.3801,0.405,1.0,256483.0
2016-06-30,3.995,4.1,3.63,3.82,64257.8,0.3995,0.0,0.41,0.363,0.382,1.0,642578.0
2016-06-29,3.8,4.1,3.7,3.8,60553.8,0.38,0.0,0.41,0.37,0.38,1.0,605538.0
2016-06-28,3.692,3.999,3.608,3.87,49737.8,0.3692,0.0,0.3999,0.3608,0.387,1.0,497378.0
2016-06-27,3.67,4.3,3.615,4.1,98952.8,0.367,0.0,0.43,0.3615,0.41,1.0,989528.0
2016-06-24,4.0,4.7,4.0,4.45,151175.9,0.4,0.0,0.47,0.4,0.445,1.0,1511759.0
2016-06-23,4.7,5.95,4.61,5.0,632095.4,0.47,0.0,0.595,0.461,0.5,1.0,6320954.0
2016-06-22,4.79,4.8,4.022,4.1,139395.8,0.479,0.0,0.48,0.4022,0.41,1.0,1393958.0
2016-06-21,4.1,4.3,3.957,4.101,9380.4,0.41,0.0,0.43,0.3957,0.4101,1.0,93804.0
2016-06-20,4.101,4.4,4.01,4.236,32865.3,0.4101,0.0,0.44,0.401,0.4236,1.0,328653.0
2016-06-17,4.377,4.377,3.7,4.22,13014.8,0.4377,0.0,0.4377,0.37,0.422,1.0,130148.0
2016-06-16,4.119,4.298,4.1,4.111,12842.8,0.4119,0.0,0.4298,0.41,0.4111,1.0,128428.0
2016-06-15,4.2,4.3,4.002,4.3,6302.1,0.42,0.0,0.43,0.4002,0.43,1.0,63021.0
2016-06-14,4.1,4.371,4.0,4.1,11478.8,0.41,0.0,0.4371,0.4,0.41,1.0,114788.0
2016-06-13,4.1,4.46,4.0,4.21,38256.1,0.41,0.0,0.446,0.4,0.421,1.0,382561.0
2016-06-10,4.15,4.47,4.1,4.29,11777.6,0.415,0.0,0.447,0.41,0.429,1.0,117776.0
2016-06-09,4.21,4.5,4.05,4.1,19632.5,0.421,0.0,0.45,0.405,0.41,1.0,196325.0
2016-06-08,4.103,4.47,4.05,4.21,11656.1,0.4103,0.0,0.447,0.405,0.421,1.0,116561.0
2016-06-07,4.2,4.5,4.2,4.5,11871.7,0.42,0.0,0.45,0.42,0.45,1.0,118717.0
2016-06-06,4.5,4.5,4.121,4.121,17286.4,0.45,0.0,0.45,0.4121,0.4121,1.0,172864.0
2016-06-03,4.4,4.62,4.26,4.45,33317.8,0.44,0.0,0.462,0.426,0.445,1.0,333178.0
2016-06-02,4.4,4.7,4.34,4.46,9368.7,0.44,0.0,0.47,0.434,0.446,1.0,93687.0
2016-06-01,4.6,4.7,4.32,4.39,17750.5,0.46,0.0,0.47,0.432,0.439,1.0,177505.0
2016-05-31,4.35,4.4,4.1,4.23,19016.4,0.435,0.0,0.44,0.41,0.423,1.0,190164.0
2016-05-27,4.0,4.399,3.9,4.1,11861.2,0.4,0.0,0.4399,0.39,0.41,1.0,118612.0
2016-05-26,4.301,4.8,4.3,4.46,22855.1,0.4301,0.0,0.48,0.43,0.446,1.0,228551.0
2016-05-25,4.6,4.78,4.103,4.17,33593.4,0.46,0.0,0.478,0.4103,0.417,1.0,335934.0
2016-05-24,4.225,4.4,4.0,4.3,25892.2,0.4225,0.0,0.44,0.4,0.43,1.0,258922.0
2016-05-23,4.225,4.3,3.854,3.9,53120.6,0.4225,0.0,0.43,0.3854,0.39,1.0,531206.0
2016-05-20,3.85,3.949,3.6,3.6,33698.8,0.385,0.0,0.3949,0.36,0.36,1.0,336988.0
2016-05-19,3.65,4.0,3.3,4.0,19123.1,0.365,0.0,0.4,0.33,0.4,1.0,191231.0
2016-05-18,3.7,3.98,3.3,3.9,29687.7,0.37,0.0,0.398,0.33,0.39,1.0,296877.0
2016-05-17,3.84,4.0,3.21,4.0,27038.1,0.384,0.0,0.4,0.321,0.4,1.0,270381.0
2016-05-16,3.95,4.4,3.915,4.2,18788.6,0.395,0.0,0.44,0.3915,0.42,1.0,187886.0
2016-05-13,4.125,4.2,3.9,3.99,19583.7,0.4125,0.0,0.42,0.39,0.399,1.0,195837.0
2016-05-12,3.92,4.6,3.855,4.134,25456.8,0.392,0.0,0.46,0.3855,0.4134,1.0,254568.0
2016-05-11,4.2,4.45,4.101,4.4,49621.7,0.42,0.0,0.445,0.4101,0.44,1.0,496217.0
2016-05-10,4.45,4.85,4.4,4.85,23132.8,0.445,0.0,0.485,0.44,0.485,1.0,231328.0
2016-05-09,4.8,4.999,4.5,4.6,16954.8,0.48,0.0,0.4999,0.45,0.46,1.0,169548.0
2016-05-06,4.589,4.84,4.501,4.84,33203.8,0.4589,0.0,0.484,0.4501,0.484,1.0,332038.0
2016-05-05,4.7,5.1,4.7,4.94,23317.5,0.47,0.0,0.51,0.47,0.494,1.0,233175.0
2016-05-04,4.8,5.3,4.62,4.66,24291.0,0.48,0.0,0.53,0.462,0.466,1.0,242910.0
2016-05-03,4.7,5.001,4.63,5.0,34667.6,0.47,0.0,0.5001,0.463,0.5,1.0,346676.0
2016-05-02,4.953,5.3,4.83,5.3,64846.3,0.4953,0.0,0.53,0.483,0.53,1.0,648463.0
2016-04-29,5.336,5.699,5.3,5.5,29563.0,0.5336,0.0,0.5699,0.53,0.55,1.0,295630.0
2016-04-28,5.42,5.699,5.21,5.59,38070.2,0.542,0.0,0.5699,0.521,0.559,1.0,380702.0
2016-04-27,5.4,5.7,5.2,5.6,49351.1,0.54,0.0,0.57,0.52,0.56,1.0,493511.0
2016-04-26,5.45,5.7,5.21,5.21,34442.5,0.545,0.0,0.57,0.521,0.521,1.0,344425.0
2016-04-25,5.205,5.4,5.104,5.3,22229.7,0.5205,0.0,0.54,0.5104,0.53,1.0,222297.0
2016-04-22,5.3,5.678,4.9,5.6,61771.9,0.53,0.0,0.5678,0.49,0.56,1.0,617719.0
2016-04-21,5.667,5.678,5.5,5.678,25463.9,0.5667,0.0,0.5678,0.55,0.5678,1.0,254639.0
2016-04-20,5.678,5.7,5.55,5.7,24607.8,0.5678,0.0,0.57,0.555,0.57,1.0,246078.0
2016-04-19,5.6,5.8,5.51,5.79,36194.4,0.56,0.0,0.58,0.551,0.579,1.0,361944.0
2016-04-18,5.712,5.949,5.7,5.85,49099.6,0.5712,0.0,0.5949,0.57,0.585,1.0,490996.0
2016-04-15,5.85,6.001,5.833,6.0,52366.3,0.585,0.0,0.6001,0.5833,0.6,1.0,523663.0
2016-04-14,6.0,6.099,5.9,6.02,61171.8,0.6,0.0,0.6099,0.59,0.602,1.0,611718.0
2016-04-13,6.1,6.195,5.84,6.04,34710.6,0.61,0.0,0.6195,0.584,0.604,1.0,347106.0
2016-04-12,6.195,6.3,6.0,6.3,26980.4,0.6195,0.0,0.63,0.6,0.63,1.0,269804.0
2016-04-11,6.1,6.291,5.802,6.2,25007.9,0.61,0.0,0.6291,0.5802,0.62,1.0,250079.0
2016-04-08,6.1,6.294,5.721,6.2,40306.7,0.61,0.0,0.6294,0.5721,0.62,1.0,403067.0
2016-04-07,6.089,6.297,6.0,6.2,24675.7,0.6089,0.0,0.6297,0.6,0.62,1.0,246757.0
2016-04-06,5.96,6.4,5.95,6.18,55030.9,0.596,0.0,0.64,0.595,0.618,1.0,550309.0
2016-04-05,5.95,6.49,5.9,6.0,32083.2,0.595,0.0,0.649,0.59,0.6,1.0,320832.0
2016-04-04,5.946,5.95,5.6,5.89,29043.4,0.5946,0.0,0.595,0.56,0.589,1.0,290434.0
2016-04-01,5.7,6.0,5.61,5.954,52108.6,0.57,0.0,0.6,0.561,0.5954,1.0,521086.0
2016-03-31,5.81,6.189,5.8,6.1,45358.7,0.581,0.0,0.6189,0.58,0.61,1.0,453587.0
2016-03-30,6.15,6.603,5.956,6.603,76244.3,0.615,0.0,0.6603,0.5956,0.6603,1.0,762443.0
2016-03-29,6.154,7.15,6.1,7.15,170698.3,0.6154,0.0,0.715,0.61,0.715,1.0,1706983.0
2016-03-28,7.126,7.5,6.1,6.9,290914.8,0.7126,0.0,0.75,0.61,0.69,1.0,2909148.0
2016-03-24,13.5,15.4,12.2,12.2,257548.7,1.35,0.0,1.54,1.22,1.22,1.0,2575487.0
2016-03-23,12.0,12.0,10.7,11.0,39931.7,1.2,0.0,1.2,1.07,1.1,1.0,399317.0
2016-03-22,10.7,11.3,10.7,11.1,10458.4,1.07,0.0,1.13,1.07,1.11,1.0,104584.0
2016-03-21,11.3,11.7,10.7,10.9,18862.9,1.13,0.0,1.17,1.07,1.09,1.0,188629.0
2016-03-18,10.6,11.2,10.6,11.0,15321.1,1.06,0.0,1.12,1.06,1.1,1.0,153211.0
2016-03-17,11.3,11.6,11.0,11.3,7326.8,1.13,0.0,1.16,1.1,1.13,1.0,73268.0
2016-03-16,11.499,11.5,10.8,11.0,10483.9,1.1499,0.0,1.15,1.08,1.1,1.0,104839.0
2016-03-15,11.1,11.4,10.5,11.4,14319.3,1.11,0.0,1.14,1.05,1.14,1.0,143193.0
2016-03-14,11.4,11.5,10.5,10.5,19813.8,1.14,0.0,1.15,1.05,1.05,1.0,198138.0
2016-03-11,10.45,10.601,10.1,10.6,10737.3,1.045,0.0,1.0601,1.01,1.06,1.0,107373.0
2016-03-10,10.6,10.6,10.2,10.6,10546.4,1.06,0.0,1.06,1.02,1.06,1.0,105464.0
2016-03-09,10.4,10.6,10.1,10.1,10472.8,1.04,0.0,1.06,1.01,1.01,1.0,104728.0
2016-03-08,10.1,11.0,10.1,11.0,16388.6,1.01,0.0,1.1,1.01,1.1,1.0,163886.0
2016-03-07,10.8,11.3,10.701,10.9,5623.0,1.08,0.0,1.13,1.0701,1.09,1.0,56230.0
2016-03-04,10.6,11.2,10.3,10.3,5637.9,1.06,0.0,1.12,1.03,1.03,1.0,56379.0
2016-03-03,10.5,11.301,10.3,10.7,15632.2,1.05,0.0,1.1301,1.03,1.07,1.0,156322.0
2016-03-02,11.0,11.0,10.5,10.9,5701.6,1.1,0.0,1.1,1.05,1.09,1.0,57016.0
2016-03-01,10.731,10.9,10.6,10.8,2743.3,1.0731,0.0,1.09,1.06,1.08,1.0,27433.0
2016-02-29,10.5,10.9,10.5,10.7,1443.6,1.05,0.0,1.09,1.05,1.07,1.0,14436.0
2016-02-26,10.8,10.9,10.5,10.7,3352.0,1.08,0.0,1.09,1.05,1.07,1.0,33520.0
2016-02-25,11.0,11.0,10.2,10.6,3142.5,1.1,0.0,1.1,1.02,1.06,1.0,31425.0
2016-02-24,10.7,10.8,10.3,10.65,4599.1,1.07,0.0,1.08,1.03,1.065,1.0,45991.0
2016-02-23,10.8,11.0,10.3,10.8,5613.9,1.08,0.0,1.1,1.03,1.08,1.0,56139.0
2016-02-22,10.6,11.0,10.0,10.5,11372.8,1.06,0.0,1.1,1.0,1.05,1.0,113728.0
2016-02-19,10.3,11.1,10.3,10.7,6659.9,1.03,0.0,1.11,1.03,1.07,1.0,66599.0
2016-02-18,10.9,11.2,10.5,11.2,3555.6,1.09,0.0,1.12,1.05,1.12,1.0,35556.0
2016-02-17,11.4,11.8,10.9,11.3,7241.5,1.14,0.0,1.18,1.09,1.13,1.0,72415.0
2016-02-16,11.4,11.626,11.1,11.5,4913.3,1.14,0.0,1.1626,1.11,1.15,1.0,49133.0
2016-02-12,11.4,11.8,11.106,11.6,11868.2,1.14,0.0,1.18,1.1106,1.16,1.0,118682.0
2016-02-11,11.7,11.7,11.5,11.7,3094.1,1.17,0.0,1.17,1.15,1.17,1.0,30941.0
2016-02-10,11.9,11.9,11.5,11.5,3545.0,1.19,0.0,1.19,1.15,1.15,1.0,35450.0
2016-02-09,11.5,11.856,11.5,11.5,2840.7,1.15,0.0,1.1856,1.15,1.15,1.0,28407.0
2016-02-08,11.3,11.7,11.1,11.7,4234.1,1.13,0.0,1.17,1.11,1.17,1.0,42341.0
2016-02-05,11.7,12.0,11.6,11.9,2339.2,1.17,0.0,1.2,1.16,1.19,1.0,23392.0
2016-02-04,12.0,12.0,11.2,11.6,6986.2,1.2,0.0,1.2,1.12,1.16,1.0,69862.0
2016-02-03,11.5,11.725,11.0,11.0,4341.6,1.15,0.0,1.1725,1.1,1.1,1.0,43416.0
2016-02-02,11.55,12.0,11.4,11.4,5625.2,1.155,0.0,1.2,1.14,1.14,1.0,56252.0
2016-02-01,11.601,11.8,11.0,11.3,22763.6,1.1601,0.0,1.18,1.1,1.13,1.0,227636.0
2016-01-29,11.1,11.7,11.0,11.1,19763.4,1.11,0.0,1.17,1.1,1.11,1.0,197634.0
2016-01-28,11.3,11.6,11.0,11.1,8919.0,1.13,0.0,1.16,1.1,1.11,1.0,89190.0
2016-01-27,11.1,11.8,11.0,11.5,7122.3,1.11,0.0,1.18,1.1,1.15,1.0,71223.0
2016-01-26,11.4,12.0,11.0,11.5,9804.2,1.14,0.0,1.2,1.1,1.15,1.0,98042.0
2016-01-25,11.6,12.7,11.5,11.7,12635.8,1.16,0.0,1.27,1.15,1.17,1.0,126358.0
2016-01-22,11.5,13.3,11.5,12.8,20098.5,1.15,0.0,1.33,1.15,1.28,1.0,200985.0
2016-01-21,12.8,13.3,11.7,13.3,34113.7,1.28,0.0,1.33,1.17,1.33,1.0,341137.0
2016-01-20,13.5,13.839,11.8,12.5,51934.6,1.35,0.0,1.3839,1.18,1.25,1.0,519346.0
2016-01-19,13.7,15.5,10.0,10.0,130084.1,1.37,0.0,1.55,1.0,1.0,1.0,1300841.0
2016-01-15,13.0,13.0,7.8,8.0,64670.5,1.3,0.0,1.3,0.78,0.8,1.0,646705.0
2016-01-14,8.098,8.7,7.813,8.5,25471.1,0.8098,0.0,0.87,0.7813,0.85,1.0,254711.0
2016-01-13,8.4,8.61,7.8,8.51,37830.2,0.84,0.0,0.861,0.78,0.851,1.0,378302.0
2016-01-12,8.8,9.299,8.2,9.1,12677.9,0.88,0.0,0.9299,0.82,0.91,1.0,126779.0
2016-01-11,9.04,9.3,8.8,8.9,17299.6,0.904,0.0,0.93,0.88,0.89,1.0,172996.0
2016-01-08,8.825,9.0,8.81,9.0,8847.1,0.8825,0.0,0.9,0.881,0.9,1.0,88471.0
2016-01-07,9.2,9.4,9.1,9.4,9962.4,0.92,0.0,0.94,0.91,0.94,1.0,99624.0
2016-01-06,9.55,9.898,9.1,9.7,7011.5,0.955,0.0,0.9898,0.91,0.97,1.0,70115.0
2016-01-05,9.81,9.899,9.7,9.7,3335.8,0.981,0.0,0.9899,0.97,0.97,1.0,33358.0
2016-01-04,9.7,9.9,9.6,9.9,10578.2,0.97,0.0,0.99,0.96,0.99,1.0,105782.0
