,adj_close,adj_high,adj_low,adj_open,adj_volume,close,ex_dividend,high,low,open,split_ratio,volume
2017-02-10,116.64,117.1,116.4291,117.0,28900.0,116.64,0.0,117.1,116.4291,117.0,1.0,28900.0
2017-02-09,116.78,117.0,115.98,115.98,27664.0,116.78,0.0,117.0,115.98,115.98,1.0,27664.0
2017-02-08,115.99,116.23,114.4,114.63,27360.0,115.99,0.0,116.23,114.4,114.63,1.0,27360.0
2017-02-07,116.13,116.88,115.6431,116.56,43658.0,116.13,0.0,116.88,115.6431,116.56,1.0,43658.0
2017-02-06,116.31,116.35,115.14,115.8,42853.0,116.31,0.0,116.35,115.14,115.8,1.0,42853.0
2017-02-03,116.05,116.07,115.0,115.69,40641.0,116.05,0.0,116.07,115.0,115.69,1.0,40641.0
2017-02-02,114.87,115.15,114.29,114.86,51493.0,114.87,0.0,115.15,114.29,114.86,1.0,51493.0
2017-02-01,115.33,115.47,113.69,114.66,61882.0,115.33,0.0,115.47,113.69,114.66,1.0,61882.0
2017-01-31,113.97,114.02,110.28,110.28,116023.0,113.97,0.0,114.02,110.28,110.28,1.0,116023.0
2017-01-30,111.06,111.99,110.56,111.72,61885.0,111.06,0.0,111.99,110.56,111.72,1.0,61885.0
2017-01-27,112.36,112.48,110.96,110.96,58059.0,112.36,0.0,112.48,110.96,110.96,1.0,58059.0
2017-01-26,111.04,112.31,110.98,111.63,73413.0,111.04,0.0,112.31,110.98,111.63,1.0,73413.0
2017-01-25,111.46,111.68,110.65,110.65,48734.0,111.46,0.0,111.68,110.65,110.65,1.0,48734.0
2017-01-24,110.44,111.23,109.43,111.23,56863.0,110.44,0.0,111.23,109.43,111.23,1.0,56863.0
2017-01-23,110.85,111.85,110.61,111.24,75261.0,110.85,0.0,111.85,110.61,111.24,1.0,75261.0
2017-01-20,111.52,112.71,111.4,112.06,51935.0,111.52,0.0,112.71,111.4,112.06,1.0,51935.0
2017-01-19,112.09,112.6545,111.76,112.54,227680.0,112.09,0.0,112.6545,111.76,112.54,1.0,227680.0
2017-01-18,112.7,112.85,112.08,112.26,24474.0,112.7,0.0,112.85,112.08,112.26,1.0,24474.0
2017-01-17,111.99,112.9,111.53,112.76,59215.0,111.99,0.0,112.9,111.53,112.76,1.0,59215.0
2017-01-13,113.8,114.7608,113.44,113.44,111570.0,113.8,0.0,114.7608,113.44,113.44,1.0,111570.0
2017-01-12,113.55,113.796,111.8401,112.43,42517.0,113.55,0.0,113.796,111.8401,112.43,1.0,42517.0
2017-01-11,113.08,116.19,112.09,115.79,127417.0,113.08,0.0,116.19,112.09,115.79,1.0,127417.0
2017-01-10,116.23,116.65,115.04,115.73,58341.0,116.23,0.0,116.65,115.04,115.73,1.0,58341.0
2017-01-09,115.32,115.4817,113.63,114.38,156811.0,115.32,0.0,115.4817,113.63,114.38,1.0,156811.0
2017-01-06,113.6,114.1413,113.0,113.0,106080.0,113.6,0.0,114.1413,113.0,113.0,1.0,106080.0
2017-01-05,112.59,112.77,111.5895,112.08,35914.0,112.59,0.0,112.77,111.5895,112.08,1.0,35914.0
2017-01-04,111.85,112.3807,109.87,109.87,105755.0,111.85,0.0,112.3807,109.87,109.87,1.0,105755.0
2017-01-03,109.88,109.88,108.11,108.11,62692.0,109.88,0.0,109.88,108.11,108.11,1.0,62692.0
2016-12-30,107.57,108.5089,107.0532,107.96,103580.0,107.57,0.0,108.5089,107.0532,107.96,1.0,103580.0
2016-12-29,108.04,108.4723,107.64,108.0,31553.0,108.04,0.0,108.4723,107.64,108.0,1.0,31553.0
2016-12-28,108.19,109.14,108.121,109.14,44871.0,108.19,0.0,109.14,108.121,109.14,1.0,44871.0
2016-12-27,109.11,110.63,109.04,109.45,94636.0,109.11,0.0,110.63,109.04,109.45,1.0,94636.0
2016-12-23,109.25,109.35,107.2,107.2,78264.0,109.25,0.0,109.35,107.2,107.2,1.0,78264.0
2016-12-22,107.41,107.41,106.89,107.39,17601.0,107.41,0.0,107.41,106.89,107.39,1.0,17601.0
2016-12-21,107.3,108.4236,107.05,108.19,47397.0,107.3,0.0,108.4236,107.05,108.19,1.0,47397.0
2016-12-20,108.33,108.57,107.41,107.41,230950.0,108.33,0.0,108.57,107.41,107.41,1.0,230950.0
2016-12-19,107.25,109.48,107.22,108.79,42529.0,107.25,0.327,109.48,107.22,108.79,1.0,42529.0
2016-12-16,108.708552943473,110.14417579966,108.509160880114,109.545999609582,92055.0,109.04,0.0,110.48,108.84,109.88,1.0,92055.0
2016-12-15,109.386485958895,109.45627318107,107.851167071028,107.851167071028,39739.0,109.72,0.0,109.79,108.18,108.18,1.0,39739.0
2016-12-14,108.170194372403,108.503478206308,106.943933182744,106.943933182744,52702.0,108.5,0.0,108.8343,107.27,107.27,1.0,52702.0
2016-12-13,107.591957388661,108.309768816755,106.973841992247,106.973841992247,151853.0,107.92,0.0,108.64,107.3,107.3,1.0,151853.0
2016-12-12,106.834267547896,106.988796396999,105.817368024764,106.186243341978,60634.0,107.16,0.0,107.315,106.14,106.51,1.0,60634.0
2016-12-09,107.243021277782,109.167154689199,107.023690008087,107.203142865111,132515.0,107.57,0.0,109.5,107.35,107.53,1.0,132515.0
2016-12-08,106.634875484537,106.854206754232,104.601076438272,105.777489612092,171365.0,106.96,0.0,107.18,104.92,106.1,1.0,171365.0
2016-12-07,106.096516913467,106.933963579576,104.321927549569,106.585027468697,116358.0,106.42,0.0,107.26,104.64,106.91,1.0,116358.0
2016-12-06,108.459312864274,108.738461752977,107.113416436599,107.113416436599,53213.0,108.79,0.0,109.07,107.44,107.44,1.0,53213.0
2016-12-05,107.572018182325,108.598887308625,107.053598817591,107.542109372821,27704.0,107.9,0.0,108.93,107.38,107.87,1.0,27704.0
2016-12-02,106.983811595415,107.801319055188,105.976881675451,106.435483421177,62654.0,107.31,0.0,108.13,106.3,106.76,1.0,62654.0
2016-12-01,106.734571516216,109.087397863856,106.505270643353,109.087397863856,61087.0,107.06,0.0,109.42,106.83,109.42,1.0,61087.0
2016-11-30,108.489221673778,111.250801751304,108.47925207061,111.250801751304,48894.0,108.82,0.0,111.59,108.81,111.59,1.0,48894.0
2016-11-29,110.971652862601,111.729342703366,110.243871831339,111.210923338632,47887.0,111.31,0.0,112.07,110.58,111.55,1.0,47887.0
2016-11-28,110.273780640843,111.280710560808,110.223932625003,111.280710560808,87919.0,110.61,0.0,111.62,110.56,111.62,1.0,87919.0
2016-11-25,111.559859449511,112.158035639588,110.63268635489,111.539920243175,13007.0,111.9,0.0,112.5,110.97,111.88,1.0,13007.0
2016-11-23,111.320588973479,111.370436989319,107.711592626677,107.711592626677,86214.0,111.66,0.0,111.71,108.04,108.04,1.0,86214.0
2016-11-22,110.353537466187,112.417245321955,109.539020887364,112.417245321955,45419.0,110.69,0.0,112.76,109.873,112.76,1.0,45419.0
2016-11-21,112.207883655428,112.337488496612,111.60970746535,111.729342703366,51262.0,112.55,0.0,112.68,111.95,112.07,1.0,51262.0
2016-11-18,111.569829052679,113.493962464095,111.480102624167,113.493962464095,76797.0,111.91,0.0,113.84,111.82,113.84,1.0,76797.0
2016-11-17,113.204843972225,113.254691988064,111.360467386151,111.749281909702,89343.0,113.55,0.0,113.6,111.7,112.09,1.0,89343.0
2016-11-16,111.978582782565,113.703324130623,111.948673973061,113.2746311944,66278.0,112.32,0.0,114.05,112.29,113.62,1.0,66278.0
2016-11-15,113.414205638752,113.653476114783,111.60970746535,113.653476114783,82422.0,113.76,0.0,114.0,111.95,114.0,1.0,82422.0
2016-11-14,114.231713098525,114.40119635238,112.267701274436,113.583688892607,118742.0,114.58,0.0,114.75,112.61,113.93,1.0,118742.0
2016-11-11,113.025391115201,114.590618812571,111.569829052679,114.590618812571,103279.0,113.37,0.0,114.94,111.91,114.94,1.0,103279.0
2016-11-10,115.188795002649,116.833779525363,113.723263336959,116.833779525363,212610.0,115.54,0.0,117.19,114.07,117.19,1.0,212610.0
2016-11-09,113.803020162302,116.064126160796,110.313659053515,113.603628098943,371986.0,114.15,0.0,116.418,110.65,113.95,1.0,371986.0
2016-11-08,105.189283025182,106.398496193424,103.803508184835,104.02283945453,163441.0,105.51,0.0,106.7229,104.12,104.34,1.0,163441.0
2016-11-07,104.401684374913,104.76059008896,102.537368582504,102.756699852199,165108.0,104.72,0.0,105.08,102.85,103.07,1.0,165108.0
2016-11-04,101.071836916813,102.108675646281,99.2972475529156,99.2972475529156,281283.0,101.38,0.0,102.42,99.6,99.6,1.0,281283.0
2016-11-03,99.4966396162748,102.108675646281,99.3470955687554,101.769709138571,314462.0,99.8,0.0,102.42,99.65,102.08,1.0,314462.0
2016-11-02,101.440712234028,103.314997629605,101.440712234028,102.906243899718,127255.0,101.75,0.0,103.63,101.75,103.22,1.0,127255.0
2016-11-01,103.574207311972,103.813477788003,101.877081764689,102.507459773,187557.0,103.89,0.0,104.13,102.1877,102.82,1.0,187557.0
2016-10-31,102.507459773,104.496395605009,102.487520566664,104.07268747037,211760.0,102.82,0.0,104.815,102.8,104.39,1.0,211760.0
2016-10-28,103.933113026019,105.259070247358,102.776639058535,105.259070247358,303772.0,104.25,0.0,105.58,103.09,105.58,1.0,303772.0
2016-10-27,106.066608103963,107.552078975989,105.956942469115,106.535179452857,93143.0,106.39,0.0,107.88,106.28,106.86,1.0,93143.0
2016-10-26,105.498340723389,106.575057865529,104.959982152319,105.418583898045,42598.0,105.82,0.0,106.9,105.28,105.74,1.0,42598.0
2016-10-25,105.279009453694,106.096516913467,105.009830168159,105.727641596252,42784.0,105.6,0.0,106.42,105.33,106.05,1.0,42784.0
2016-10-24,105.897124850107,106.973841992247,105.877185643771,106.973841992247,40608.0,106.22,0.0,107.3,106.2,107.3,1.0,40608.0
2016-10-21,106.515240246521,107.153294849271,106.196212945146,107.153294849271,47179.0,106.84,0.0,107.48,106.52,107.48,1.0,47179.0
2016-10-20,107.203142865111,107.562048579157,106.315848183162,106.505270643353,129065.0,107.53,0.0,107.89,106.64,106.83,1.0,129065.0
2016-10-19,106.37566580217,107.233051674614,106.365696199002,107.113416436599,59874.0,106.7,0.0,107.56,106.69,107.44,1.0,59874.0
2016-10-18,107.068553222343,107.671714214005,106.664784294041,106.664784294041,38413.0,107.395,0.0,108.0,106.99,106.99,1.0,38413.0
2016-10-17,105.777489612092,106.495301040185,104.496395605009,104.959982152319,64030.0,106.1,0.0,106.82,104.815,105.28,1.0,64030.0
2016-10-14,105.478401517053,107.8910454837,105.478401517053,107.871106277364,68308.0,105.8,0.0,108.22,105.8,108.2,1.0,68308.0
2016-10-13,107.30283889679,108.013970690761,105.93231754929,106.116456119803,120493.0,107.63,0.0,108.3433,106.2553,106.44,1.0,120493.0
2016-10-12,107.103446833431,109.675604450766,107.093477230263,109.306729133551,236849.0,107.43,0.0,110.01,107.42,109.64,1.0,236849.0
2016-10-11,109.496151593742,112.028430798405,108.698583340305,111.569829052679,96701.0,109.83,0.0,112.37,109.03,111.91,1.0,96701.0
2016-10-10,113.733232940127,114.261621908029,113.513901670431,113.513901670431,44179.0,114.08,0.0,114.61,113.86,113.86,1.0,44179.0
2016-10-07,112.776151036002,113.075239131041,111.643803508185,112.716333416994,41863.0,113.12,0.0,113.42,111.9842,113.06,1.0,41863.0
2016-10-06,112.576758972643,113.543810479935,112.377366909284,113.204843972225,59756.0,112.92,0.0,113.89,112.72,113.55,1.0,59756.0
2016-10-05,114.949524526618,115.747092780055,114.50089238406,114.520831590396,29632.0,115.3,0.0,116.1,114.85,114.87,1.0,29632.0
2016-10-04,114.151956273181,115.248612621657,113.86283778131,114.859798098106,38158.0,114.5,0.0,115.6,114.21,115.21,1.0,38158.0
2016-10-03,114.750132463259,114.790010875931,113.344418416576,114.720223653755,45368.0,115.1,0.0,115.14,113.69,115.07,1.0,45368.0
2016-09-30,114.859798098106,115.378217462841,112.985512702529,113.932625003486,42222.0,115.21,0.0,115.73,113.33,114.28,1.0,42222.0
2016-09-29,113.753172146463,116.664296271508,113.47402325776,116.434995398645,62820.0,114.1,0.0,117.02,113.82,116.79,1.0,62820.0
2016-09-28,116.50478262082,117.611408572464,116.006302462422,117.551590953457,53532.0,116.86,0.0,117.97,116.36,117.91,1.0,53532.0
2016-09-27,117.451894921777,117.451894921777,115.836819208567,116.155846509942,35256.0,117.81,0.0,117.81,116.19,116.51,1.0,35256.0
2016-09-26,116.664296271508,117.501742937617,116.474873811317,117.501742937617,67457.0,117.02,0.0,117.86,116.83,117.86,1.0,67457.0
2016-09-23,118.209584762542,119.39596753953,118.209584762542,118.568490476589,26623.0,118.57,0.0,119.76,118.57,118.93,1.0,26623.0
2016-09-22,118.80776095262,118.997183412811,117.541621350289,118.399007222733,38515.0,119.17,0.0,119.36,117.9,118.76,1.0,38515.0
2016-09-21,117.810800635824,118.089949524527,115.747092780055,117.671226191472,36169.0,118.17,0.0,118.45,116.1,118.03,1.0,36169.0
2016-09-20,117.332259683761,117.890557461167,116.793901112691,117.272442064754,87321.0,117.69,0.0,118.25,117.15,117.63,1.0,87321.0
2016-09-19,116.305390557461,117.461864524945,116.155846509942,116.883627541203,82201.0,116.66,0.0,117.82,116.51,117.24,1.0,82201.0
2016-09-16,116.614448255668,116.803870715859,115.348308653337,115.348308653337,59609.0,116.97,0.0,117.16,115.7,115.7,1.0,59609.0
2016-09-15,115.946484843414,116.205694525782,114.092138654173,114.590618812571,35228.0,116.3,0.0,116.56,114.44,114.94,1.0,35228.0
2016-09-14,114.5507403999,115.906606430743,114.132017066845,114.291530717533,44557.0,114.9,0.0,116.26,114.48,114.64,1.0,44557.0
2016-09-13,113.753172146463,114.690314844251,112.766181432834,114.680345241083,47229.0,114.1,0.0,115.04,113.11,115.03,1.0,47229.0
2016-09-12,115.587579129368,115.757062383223,112.158035639588,112.158035639588,80556.0,115.94,0.0,116.11,112.5,112.5,1.0,80556.0
2016-09-09,112.796090242338,114.999372542458,112.796090242338,114.929585320282,58458.0,113.14,0.0,115.35,113.14,115.28,1.0,58458.0
2016-09-08,115.946484843414,116.06612008143,114.750132463259,115.198764605817,37750.0,116.3,0.0,116.42,115.1,115.55,1.0,37750.0
2016-09-07,115.238643018489,115.796940795895,114.630497225243,115.128977383641,59858.0,115.59,0.0,116.15,114.98,115.48,1.0,59858.0
2016-09-06,114.859798098106,115.338339050169,113.982473019326,114.191834685853,53648.0,115.21,0.0,115.69,114.33,114.54,1.0,53648.0
2016-09-02,113.354388019744,114.072199447837,113.005451908865,113.793050559134,38777.0,113.7,0.0,114.42,113.35,114.14,1.0,38777.0
2016-09-01,113.444114448256,113.593658495775,112.556819766307,113.244722384896,56533.0,113.79,0.0,113.94,112.9,113.59,1.0,56533.0
2016-08-31,113.344418416576,114.002412225662,113.075239131041,113.663445717951,37440.0,113.69,0.0,114.35,113.42,114.01,1.0,37440.0
2016-08-30,113.81298976547,114.809950082267,113.673415321119,114.132017066845,42028.0,114.16,0.0,115.16,114.02,114.48,1.0,42028.0
2016-08-29,114.421135558716,115.119007780474,113.942594606654,115.119007780474,39636.0,114.77,0.0,115.47,114.29,115.47,1.0,39636.0
2016-08-26,114.919615717114,115.737123176887,114.072199447837,114.141986670013,47992.0,115.27,0.0,116.09,114.42,114.49,1.0,47992.0
2016-08-25,114.122047463677,116.205694525782,112.78612063917,115.467943891352,76229.0,114.47,0.0,116.56,113.13,115.82,1.0,76229.0
2016-08-24,115.228673415321,119.385997936362,115.059190161466,117.900527064335,73291.0,115.58,0.0,119.75,115.41,118.26,1.0,73291.0
2016-08-23,118.329220000558,119.047031428651,118.199615159374,118.478764048077,53084.0,118.69,0.0,119.41,118.56,118.84,1.0,53084.0
2016-08-22,118.129827937198,118.149767143534,116.444965001813,116.444965001813,69336.0,118.49,0.0,118.51,116.8,116.8,1.0,69336.0
2016-08-19,114.909646113946,115.547601020664,114.5507403999,114.929585320282,23734.0,115.26,0.0,115.8999,114.9,115.28,1.0,23734.0
2016-08-18,115.248612621657,115.96642404975,114.590618812571,115.019311748794,30490.0,115.6,0.0,116.32,114.94,115.37,1.0,30490.0
2016-08-17,115.208734208985,115.278521431161,114.261621908029,114.93955492345,43659.0,115.56,0.0,115.63,114.61,115.29,1.0,43659.0
2016-08-16,114.829889288603,116.315360160629,114.740162860091,115.886667224407,38939.0,115.18,0.0,116.67,115.09,116.24,1.0,38939.0
2016-08-15,116.395116985973,116.644357065172,115.5776095262,115.757062383223,64564.0,116.75,0.0,117.0,115.93,116.11,1.0,64564.0
2016-08-12,115.438035081848,115.517791907192,114.540770796732,115.368247859673,27339.0,115.79,0.0,115.87,114.89,115.72,1.0,27339.0
2016-08-11,115.328369447001,115.497852700856,114.122047463677,114.660406034747,40588.0,115.68,0.0,115.85,114.47,115.01,1.0,40588.0
2016-08-10,114.371287542876,115.96642404975,114.072199447837,115.707214367383,70837.0,114.72,0.0,116.32,114.42,116.06,1.0,70837.0
2016-08-09,115.796940795895,116.564600239828,115.5776095262,116.564600239828,46597.0,116.15,0.0,116.92,115.93,116.92,1.0,46597.0
2016-08-08,116.145876906774,117.661256588304,115.737123176887,117.641317381968,66344.0,116.5,0.0,118.02,116.09,118.0,1.0,66344.0
2016-08-05,117.392077302769,118.159736746702,117.102958810898,117.421986112273,63287.0,117.75,0.0,118.52,117.46,117.78,1.0,63287.0
2016-08-04,117.023201985555,118.159736746702,116.698691402437,117.940405477007,103770.0,117.38,0.0,118.52,117.0545,118.3,1.0,103770.0
2016-08-03,117.70911068351,117.890557461167,116.6044786525,117.19268523941,84324.0,118.068,0.0,118.25,116.96,117.55,1.0,84324.0
2016-08-02,117.152806826738,118.089949524527,115.100464318581,117.481803731281,175876.0,117.51,0.0,118.45,115.4514,117.84,1.0,175876.0
2016-08-01,117.162776429906,118.099919127695,115.188795002649,115.188795002649,157580.0,117.52,0.0,118.46,115.54,115.54,1.0,157580.0
2016-07-29,114.999372542458,115.049220558298,113.297361889623,113.703324130623,114165.0,115.35,0.0,115.4,113.6428,114.05,1.0,114165.0
2016-07-28,113.783080955966,114.052260241501,112.506971750467,113.643506511615,97610.0,114.13,0.0,114.4,112.85,113.99,1.0,97610.0
2016-07-27,113.434144845088,113.583688892607,111.141136116456,111.141136116456,111914.0,113.78,0.0,113.93,111.48,111.48,1.0,111914.0
2016-07-26,110.971652862601,111.669525084358,110.403385482027,110.961683259433,73345.0,111.31,0.0,112.01,110.74,111.3,1.0,73345.0
2016-07-25,112.277670877604,112.467093337795,110.861987227753,111.619677068518,76207.0,112.62,0.0,112.81,111.2,111.96,1.0,76207.0
2016-07-22,111.510011433671,112.108187623749,111.001561672105,111.380406592487,104994.0,111.85,0.0,112.45,111.34,111.72,1.0,104994.0
2016-07-21,111.131166513288,111.539920243175,110.423324688363,110.941744053097,380779.0,111.47,0.0,111.88,110.76,111.28,1.0,380779.0
2016-07-20,109.904905323629,110.14417579966,107.781379848852,107.781379848852,60298.0,110.24,0.0,110.48,108.11,108.11,1.0,60298.0
2016-07-19,107.691653420341,109.256881117711,107.552078975989,108.299799213587,40440.0,108.02,0.0,109.59,107.88,108.63,1.0,40440.0
2016-07-18,108.778340165649,109.157185086031,108.020650324884,108.489221673778,68570.0,109.11,0.0,109.49,108.35,108.82,1.0,68570.0
2016-07-15,108.449343261106,109.007641038512,106.822503416158,107.183203658775,64683.0,108.78,0.0,109.34,107.1482,107.51,1.0,64683.0
2016-07-14,107.123386039767,107.661744610837,106.624905881369,107.661744610837,53302.0,107.45,0.0,107.99,106.95,107.99,1.0,53302.0
2016-07-13,106.575057865529,108.608856911793,106.575057865529,108.539069689618,68797.0,106.9,0.0,108.94,106.9,108.87,1.0,68797.0
2016-07-12,108.130315959731,108.937853816336,108.01686187568,108.339677626258,94870.0,108.46,0.0,109.27,108.3462,108.67,1.0,94870.0
2016-07-11,107.651775007669,108.668674530801,107.601926991829,108.070498340723,51691.0,107.98,0.0,109.0,107.93,108.4,1.0,51691.0
2016-07-08,108.150255166067,108.359616832594,106.266000167322,106.266000167322,42568.0,108.48,0.0,108.69,106.59,106.59,1.0,42568.0
2016-07-07,106.335787389498,106.664784294041,105.528249532893,105.996820881787,64106.0,106.66,0.0,106.99,105.85,106.32,1.0,64106.0
2016-07-06,105.568127945565,105.747580802588,102.776639058535,102.776639058535,85312.0,105.89,0.0,106.07,103.09,103.09,1.0,85312.0
2016-07-05,103.265149613765,103.813477788003,102.517429376168,102.527398979336,61381.0,103.58,0.0,104.13,102.83,102.84,1.0,61381.0
2016-07-01,104.07268747037,104.391615075713,101.769709138571,101.829526757578,83517.0,104.39,0.0,104.7099,102.08,102.14,1.0,83517.0
2016-06-30,102.028918820938,102.148554058953,100.294207869712,101.33104659918,54484.0,102.34,0.0,102.46,100.6,101.64,1.0,54484.0
2016-06-29,101.121684932653,101.490560249868,99.6960316796341,100.94223207563,78277.0,101.43,0.0,101.8,100.0,101.25,1.0,78277.0
2016-06-28,99.2972475529156,99.3570651719234,97.3631445383307,97.3631445383307,85322.0,99.6,0.0,99.66,97.66,97.66,1.0,85322.0
2016-06-27,95.9374912853119,98.4897096963106,95.4788895395856,97.6422934270337,148568.0,96.23,0.0,98.79,95.77,97.94,1.0,148568.0
2016-06-24,98.5295881089824,101.121684932653,98.4996792994785,99.4966396162748,159914.0,98.83,0.0,101.43,98.8,99.8,1.0,159914.0
2016-06-23,103.344906439109,103.43463286762,101.809587551242,102.377854931816,42809.0,103.66,0.0,103.75,102.12,102.69,1.0,42809.0
2016-06-22,101.301137789676,103.205331994757,100.096211550796,100.503569536239,99340.0,101.61,0.0,103.52,100.4014,100.81,1.0,99340.0
2016-06-21,100.40387350456,102.028918820938,99.8056973144817,102.028918820938,87216.0,100.71,0.0,102.34,100.11,102.34,1.0,87216.0
2016-06-20,101.889344376586,103.185392788421,101.719861122731,102.298098106473,64545.0,102.2,0.0,103.5,102.03,102.61,1.0,64545.0
2016-06-17,101.201441757997,103.275119216933,101.171532948493,103.275119216933,72233.0,101.51,0.0,103.59,101.48,103.59,1.0,72233.0
2016-06-16,102.976031121894,103.145414679718,101.689952313227,102.417733344488,53251.0,103.29,0.0,103.4599,102.0,102.73,1.0,53251.0
2016-06-15,103.135544772581,104.252140327393,103.04581834407,104.17238350205,45038.0,103.45,0.0,104.57,103.36,104.49,1.0,45038.0
2016-06-14,103.5343288993,104.521319612928,102.517429376168,103.673903343652,64141.0,103.85,0.0,104.84,102.83,103.99,1.0,64141.0
2016-06-13,104.02283945453,106.006790484955,103.923143422851,104.401684374913,67615.0,104.34,0.0,106.33,104.24,104.72,1.0,67615.0
2016-06-10,105.269039850526,106.37566580217,104.730681279456,105.857246437436,77449.0,105.59,0.0,106.7,105.05,106.18,1.0,77449.0
2016-06-09,107.25299088095,109.217002705039,107.243021277782,108.409464848434,59168.0,107.58,0.0,109.55,107.57,108.74,1.0,59168.0
2016-06-08,109.077428260688,109.40642516523,108.339677626258,109.217002705039,60150.0,109.41,0.0,109.74,108.67,109.55,1.0,60150.0
2016-06-07,109.177124292367,110.662595164394,108.758400959313,109.964722942636,71016.0,109.51,0.0,111.0,109.09,110.3,1.0,71016.0
2016-06-06,111.779190719206,112.108187623749,109.652973451574,110.842048021417,67307.0,112.12,0.0,112.45,109.9873,111.18,1.0,67307.0
2016-06-03,110.652625561226,111.500041830503,109.217002705039,111.500041830503,122199.0,110.99,0.0,111.84,109.55,111.84,1.0,122199.0
2016-06-02,112.128126830084,112.14806603642,109.984662148972,109.984662148972,46965.0,112.47,0.0,112.49,110.32,110.32,1.0,46965.0
2016-06-01,110.403385482027,110.712443180234,109.226972308207,109.40642516523,39968.0,110.74,0.0,111.05,109.56,109.74,1.0,39968.0
2016-05-31,110.134206196492,110.592807942218,109.426364371566,109.426364371566,107521.0,110.47,0.0,110.93,109.76,109.76,1.0,107521.0
2016-05-27,108.997671435344,109.047519451184,107.851167071028,108.180163975571,48521.0,109.33,0.0,109.38,108.18,108.51,1.0,48521.0
2016-05-26,108.020650324884,108.808248975153,107.671714214005,107.721562229845,135212.0,108.35,0.0,109.14,108.0,108.05,1.0,135212.0
2016-05-25,108.977732229008,109.047519451184,107.94089349954,108.389525642098,94569.0,109.31,0.0,109.38,108.27,108.72,1.0,94569.0
2016-05-24,107.601926991829,107.741501436181,105.667823977244,106.106486516635,88271.0,107.93,0.0,108.07,105.99,106.43,1.0,88271.0
2016-05-23,105.19925262835,106.106486516635,104.601076438272,104.601076438272,60672.0,105.52,0.0,106.43,104.92,104.92,1.0,60672.0
2016-05-20,104.780529295295,105.209222231518,103.394754454949,103.594146518308,67001.0,105.1,0.0,105.53,103.71,103.91,1.0,67001.0
2016-05-19,102.966061518726,104.51135000976,102.318037312808,103.893234613347,74168.0,103.28,0.0,104.83,102.63,104.21,1.0,74168.0
2016-05-18,104.321927549569,104.790498898463,102.786608661703,102.956091915558,122667.0,104.64,0.0,105.11,103.1,103.27,1.0,122667.0
2016-05-17,103.334936835941,104.501380406592,102.94612231239,104.202292311554,88989.0,103.65,0.0,104.82,103.26,104.52,1.0,88989.0
2016-05-16,104.481441200257,104.71074207312,102.786608661703,102.94612231239,79958.0,104.8,0.0,105.03,103.1,103.26,1.0,79958.0
2016-05-13,102.517429376168,103.43463286762,101.4805906467,101.4805906467,76617.0,102.83,0.0,103.75,101.79,101.79,1.0,76617.0
2016-05-12,101.769709138571,103.63402493098,100.932262472462,103.544298502468,92175.0,102.08,0.0,103.95,101.24,103.86,1.0,92175.0
2016-05-11,103.105635963078,106.036699294459,103.04581834407,105.727641596252,58002.0,103.42,0.0,106.36,103.36,106.05,1.0,58002.0
2016-05-10,106.136395326138,106.216152151482,104.421623581249,105.598036755068,80505.0,106.46,0.0,106.54,104.74,105.92,1.0,80505.0
2016-05-09,105.229161437854,105.946972865947,102.966061518726,102.966061518726,71059.0,105.55,0.0,106.27,103.28,103.28,1.0,71059.0
2016-05-06,102.906243899718,104.082657073538,101.849565659946,103.065757550406,77464.0,103.22,0.0,104.4,102.1601,103.38,1.0,77464.0
2016-05-05,103.43463286762,103.614085724644,102.308067709641,103.275119216933,81200.0,103.75,0.0,103.93,102.62,103.59,1.0,81200.0
2016-05-04,102.597186201511,104.630985247776,102.55730778884,104.22223151789,98140.0,102.91,0.0,104.95,102.87,104.54,1.0,98140.0
2016-05-03,105.04970858083,106.37566580217,104.900164533311,105.8373072311,59163.0,105.37,0.0,106.7,105.22,106.16,1.0,59163.0
2016-05-02,106.963872389079,107.033659611255,104.989890961823,106.395605008506,40500.0,107.29,0.0,107.36,105.31,106.72,1.0,40500.0
2016-04-29,105.946972865947,108.266500739006,105.069647787166,107.920954293204,137718.0,106.27,0.0,108.5966,105.39,108.25,1.0,137718.0
2016-04-28,108.838157784657,111.263762235422,107.781379848852,109.11730667336,77355.0,109.17,0.0,111.603,108.11,109.45,1.0,77355.0
2016-04-27,109.835118101453,110.981622465769,109.296759530383,110.941744053097,49086.0,110.17,0.0,111.32,109.63,111.28,1.0,49086.0
2016-04-26,110.961683259433,112.526910956803,110.363507069355,112.526910956803,45238.0,111.3,0.0,112.87,110.7,112.87,1.0,45238.0
2016-04-25,112.267701274436,113.025391115201,111.918765163557,112.187944449092,41912.0,112.61,0.0,113.37,112.26,112.53,1.0,41912.0
2016-04-22,112.676455004322,113.025391115201,111.031470481609,112.646546194819,84568.0,113.02,0.0,113.37,111.37,112.99,1.0,84568.0
2016-04-21,112.636576591651,112.716333416994,110.203993418668,110.403385482027,63993.0,112.98,0.0,113.06,110.54,110.74,1.0,63993.0
2016-04-20,110.253841434507,110.861987227753,109.775300482445,110.243871831339,33823.0,110.59,0.0,111.2,110.11,110.58,1.0,33823.0
2016-04-19,109.874996514125,111.200953735464,109.411509662846,111.200953735464,67781.0,110.21,0.0,111.54,109.7451,111.54,1.0,67781.0
2016-04-18,111.839008338214,112.477062940963,110.064518670348,110.174084609164,77630.0,112.18,0.0,112.82,110.4001,110.51,1.0,77630.0
2016-04-15,110.343567863019,110.692503973898,109.296759530383,110.303689450347,416506.0,110.68,0.0,111.03,109.63,110.64,1.0,416506.0
2016-04-14,110.602777545386,111.200953735464,109.974692545804,109.974692545804,61744.0,110.94,0.0,111.54,110.31,110.31,1.0,61744.0
2016-04-13,110.473172704203,110.762291196074,108.957793022672,109.45627318107,64206.0,110.81,0.0,111.1,109.29,109.79,1.0,64206.0
2016-04-12,108.638765721297,108.838157784657,106.624905881369,107.35268691263,66118.0,108.97,0.0,109.17,106.95,107.68,1.0,66118.0
2016-04-11,107.372626118966,109.416394768398,107.103446833431,109.266850720879,75810.0,107.7,0.0,109.75,107.43,109.6,1.0,75810.0
2016-04-08,108.748431356145,110.662495468362,107.99074151538,110.63268635489,69615.0,109.08,0.0,110.9999,108.32,110.97,1.0,69615.0
2016-04-07,109.426364371566,112.596698178979,109.366546752559,111.500041830503,152838.0,109.76,0.0,112.94,109.7,111.84,1.0,152838.0
2016-04-06,112.008491592069,112.008491592069,106.774449928888,106.774449928888,188168.0,112.35,0.0,112.35,107.1,107.1,1.0,188168.0
2016-04-05,106.345756992666,107.661744610837,105.647884770908,105.847276834268,150355.0,106.67,0.0,107.99,105.97,106.17,1.0,150355.0
2016-04-04,106.634875484537,108.009085585209,106.016760088123,106.285939373658,180538.0,106.96,0.0,108.3384,106.34,106.61,1.0,180538.0
2016-04-01,105.907094453275,106.106486516635,102.35791572548,103.015909534566,117353.0,106.23,0.0,106.43,102.67,103.33,1.0,117353.0
2016-03-31,103.364845645445,104.461501993921,100.533478345743,100.533478345743,101854.0,103.68,0.0,104.78,100.84,100.84,1.0,101854.0
2016-03-30,100.772748821774,103.564237708804,100.559100225885,101.979070805098,56724.0,101.08,0.0,103.88,100.8657,102.29,1.0,56724.0
2016-03-29,101.470621043532,101.500529853036,98.6292841406621,100.034998187345,161204.0,101.78,0.0,101.81,98.93,100.34,1.0,161204.0
2016-03-28,100.752809615438,102.337976519144,100.633174377423,102.138584455785,57737.0,101.06,0.0,102.65,100.94,102.45,1.0,57737.0
2016-03-24,101.779678741738,103.145414679718,99.5265484257787,100.25432945704,79517.0,102.09,0.0,103.4599,99.83,100.56,1.0,79517.0
2016-03-23,101.071836916813,104.232201121057,100.992080091469,103.384784851781,70216.0,101.38,0.0,104.55,101.3,103.7,1.0,70216.0
2016-03-22,103.873295407011,104.12253548621,101.221380964333,101.221380964333,90789.0,104.19,0.0,104.44,101.53,101.53,1.0,90789.0
2016-03-21,101.670013106891,102.238280487465,99.5067089154745,99.7159708859701,71743.0,101.98,0.0,102.55,99.8101,100.02,1.0,71743.0
2016-03-18,99.8655149334895,100.234390250704,97.5824758080259,98.4498312836387,221577.0,100.17,0.0,100.54,97.88,98.75,1.0,221577.0
2016-03-17,98.1806519981037,99.2972475529156,96.4359714437101,98.7688585850135,242668.0,98.48,0.0,99.6,96.73,99.07,1.0,242668.0
2016-03-16,99.1477035053961,100.732870409102,97.9513511252405,99.197551521236,92749.0,99.45,0.0,101.04,98.25,99.5,1.0,92749.0
2016-03-15,99.5165788226108,101.650073900555,99.2773083465797,101.510499456203,77430.0,99.82,0.0,101.96,99.58,101.82,1.0,77430.0
2016-03-14,102.447642153992,103.135544772581,102.138584455785,102.607155804679,47808.0,102.76,0.0,103.45,102.45,102.92,1.0,47808.0
2016-03-11,102.736760645863,102.836456677543,101.051897710477,101.291168186508,58049.0,103.05,0.0,103.15,101.36,101.6,1.0,58049.0
2016-03-10,100.35402548872,102.607155804679,99.3371259655874,101.939192392426,94673.0,100.66,0.0,102.92,99.64,102.25,1.0,94673.0
2016-03-09,100.94223207563,102.507459773,100.084846203185,102.507459773,95546.0,101.25,0.0,102.82,100.39,102.82,1.0,95546.0
2016-03-08,102.35791572548,104.850316517471,102.068797233609,104.082657073538,73479.0,102.67,0.0,105.17,102.38,104.4,1.0,73479.0
2016-03-07,105.189283025182,106.056538804763,102.657003820519,102.686912630023,69607.0,105.51,0.0,106.3799,102.97,103.0,1.0,69607.0
2016-03-04,103.205331994757,104.770559692128,102.746730249031,103.544298502468,75600.0,103.52,0.0,105.09,103.06,103.86,1.0,75600.0
2016-03-03,103.43463286762,105.029769374495,103.005939931398,104.790498898463,61637.0,103.75,0.0,105.35,103.32,105.11,1.0,61637.0
2016-03-02,104.5611980256,105.438523104381,103.504420089796,104.102596279874,70315.0,104.88,0.0,105.76,103.82,104.42,1.0,70315.0
2016-03-01,104.232201121057,104.252140327393,100.30417747288,100.902353662958,54089.0,104.55,0.0,104.57,100.61,101.21,1.0,54089.0
2016-02-29,100.164603028528,102.148554058953,100.164603028528,101.510499456203,50807.0,100.47,0.0,102.46,100.47,101.82,1.0,50807.0
2016-02-26,101.709891519563,102.487520566664,101.33104659918,101.899313979754,60874.0,102.02,0.0,102.8,101.64,102.21,1.0,60874.0
2016-02-25,101.061867313645,102.35791572548,100.084846203185,101.191472154829,75707.0,101.37,0.0,102.67,100.39,101.5,1.0,75707.0
2016-02-24,100.872444853454,101.002049694637,97.9514508212722,99.0480074737165,70548.0,101.18,0.0,101.31,98.2501,99.35,1.0,70548.0
2016-02-23,100.40387350456,102.916213502886,100.373964695056,101.679982710059,54897.0,100.71,0.0,103.23,100.68,101.99,1.0,54897.0
2016-02-22,102.447642153992,103.364845645445,101.829526757578,103.295058423269,53833.0,102.76,0.0,103.68,102.14,103.61,1.0,53833.0
2016-02-19,101.829526757578,102.228310884297,99.7857581081458,100.702961599598,170768.0,102.14,0.0,102.54,100.09,101.01,1.0,170768.0
2016-02-18,101.141624138989,103.823447391171,101.071836916813,103.823447391171,148467.0,101.45,0.0,104.14,101.38,104.14,1.0,148467.0
2016-02-17,103.364845645445,103.43463286762,101.021988900973,102.098706043113,118637.0,103.68,0.0,103.75,101.33,102.41,1.0,118637.0
2016-02-16,101.031958504141,101.201441757997,99.6860620764662,100.334086282384,170332.0,101.34,0.0,101.51,99.99,100.64,1.0,170332.0
2016-02-12,98.5594969184863,98.5993753311582,94.9007522518754,96.3761538247023,95182.0,98.86,0.0,98.9,95.1901,96.67,1.0,95182.0
2016-02-11,95.4489807300817,96.0371873169915,94.1329931119105,94.2027803340863,147349.0,95.74,0.0,96.33,94.42,94.49,1.0,147349.0
2016-02-10,96.8447251735966,99.446791600435,96.445941046878,96.5356674753897,116585.0,97.14,0.0,99.75,96.74,96.83,1.0,116585.0
2016-02-09,95.8178560472964,97.5027189826822,92.8170054937394,93.2157896204579,141061.0,96.11,0.0,97.8,93.1,93.5,1.0,141061.0
2016-02-08,95.2695278730584,96.3063666025266,93.9236314453833,94.6414428734767,182985.0,95.56,0.0,96.6,94.21,94.93,1.0,182985.0
2016-02-05,97.6123846175298,100.503569536239,96.0770657296634,100.174572631696,237622.0,97.91,0.0,100.81,96.37,100.48,1.0,237622.0
2016-02-04,100.69299199643,103.005939931398,99.2972475529156,99.9053933461613,198433.0,101.0,0.0,103.32,99.6,100.21,1.0,198433.0
2016-02-03,100.463691123567,100.603265567919,96.2764577930227,99.2075211244039,311590.0,100.77,0.0,100.91,96.57,99.51,1.0,311590.0
2016-02-02,99.0579770768845,101.28119858334,98.6292841406621,101.081806519981,74327.0,99.36,0.0,101.59,98.93,101.39,1.0,74327.0
2016-02-01,102.098706043113,102.706851836359,99.6960316796341,99.6960316796341,122587.0,102.41,0.0,103.02,100.0,100.0,1.0,122587.0
2016-01-29,101.341016202348,101.739800329067,99.3271563624195,100.064906996849,133282.0,101.65,0.0,102.05,99.63,100.37,1.0,133282.0
2016-01-28,100.593295964751,104.780529295295,98.9901837753423,104.780529295295,195133.0,100.9,0.0,105.1,99.292,105.1,1.0,195133.0
2016-01-27,104.212261914722,108.419434451602,103.683872946819,107.721562229845,94674.0,104.53,0.0,108.75,104.0,108.05,1.0,94674.0
2016-01-26,107.272930087286,108.152548174796,105.63791516774,107.950863102708,77160.0,107.6,0.0,108.4823,105.96,108.28,1.0,77160.0
2016-01-25,107.711592626677,110.243871831339,107.591957388661,108.549039292786,64115.0,108.04,0.0,110.58,107.92,108.88,1.0,64115.0
2016-01-22,109.236941911375,109.476212387406,107.153294849271,107.930923896372,176523.0,109.57,0.0,109.81,107.48,108.26,1.0,176523.0
2016-01-21,105.8373072311,108.658704927633,105.647884770908,107.701623023509,98764.0,106.16,0.0,108.99,105.97,108.03,1.0,98764.0
2016-01-20,108.708552943473,110.114266990156,102.986000725062,104.182353105218,257740.0,109.04,0.0,110.45,103.3,104.5,1.0,257740.0
2016-01-19,106.724601913048,110.483142307371,105.079617390334,110.104297386988,175801.0,107.05,0.0,110.82,105.4,110.44,1.0,175801.0
2016-01-15,108.628796118129,109.625756434926,106.794389135224,108.030619928052,151850.0,108.96,0.0,109.96,107.12,108.36,1.0,151850.0
2016-01-14,111.330558576647,112.616637385315,105.498340723389,108.269890404083,151493.0,111.67,0.0,112.96,105.82,108.6,1.0,151493.0
2016-01-13,107.761440642517,114.251652304861,107.552078975989,113.773111352798,99755.0,108.09,0.0,114.6,107.88,114.12,1.0,99755.0
2016-01-12,113.234752781728,115.607518335704,109.711395326138,112.816029448674,113945.0,113.58,0.0,115.96,110.0459,113.16,1.0,113945.0
2016-01-11,111.769221116038,116.145876906774,109.501435483421,116.145876906774,118583.0,112.11,0.0,116.5,109.8353,116.5,1.0,118583.0
2016-01-08,115.587579129368,119.256393095178,115.517891603224,118.399007222733,110177.0,115.94,0.0,119.62,115.8701,118.76,1.0,110177.0
2016-01-07,117.481803731281,120.173596586631,117.312320477425,118.997183412811,218429.0,117.84,0.0,120.54,117.67,119.36,1.0,218429.0
2016-01-06,121.858459522017,123.154507933852,120.622328425221,121.409827379458,72694.0,122.23,0.0,123.53,120.9901,121.78,1.0,72694.0
2016-01-05,123.315417328983,124.580161186871,122.636088569118,123.353899997211,49174.0,123.6914,0.0,124.96,123.01,123.73,1.0,49174.0
2016-01-04,123.274143171868,124.261133885496,122.147578013888,124.261133885496,137758.0,123.65,0.0,124.64,122.52,124.64,1.0,137758.0
