,adj_close,adj_high,adj_low,adj_open,adj_volume,close,ex_dividend,high,low,open,split_ratio,volume
2017-02-10,18.95,19.0,18.7,19.0,30701.0,18.95,0.0,19.0,18.7,19.0,1.0,30701.0
2017-02-09,18.8,19.15,18.6,18.65,92785.0,18.8,0.0,19.15,18.6,18.65,1.0,92785.0
2017-02-08,18.65,18.8,18.255,18.75,55368.0,18.65,0.0,18.8,18.255,18.75,1.0,55368.0
2017-02-07,18.85,19.45,18.85,19.25,58356.0,18.85,0.0,19.45,18.85,19.25,1.0,58356.0
2017-02-06,19.35,19.725,19.35,19.5,80428.0,19.35,0.05,19.725,19.35,19.5,1.0,80428.0
2017-02-03,19.4497422680412,19.4996134020619,19.1505154639175,19.2003865979381,60267.0,19.5,0.0,19.55,19.2,19.25,1.0,60267.0
2017-02-02,19.1006443298969,19.1505154639175,18.7515463917526,19.0507731958763,64085.0,19.15,0.0,19.2,18.8,19.1,1.0,64085.0
2017-02-01,19.0507731958763,19.2253221649485,19.0009020618557,19.0009020618557,68103.0,19.1,0.0,19.275,19.05,19.05,1.0,68103.0
2017-01-31,18.9510309278351,19.025837628866,18.701675257732,18.8512886597938,56331.0,19.0,0.0,19.075,18.75,18.9,1.0,56331.0
2017-01-30,18.9011597938144,19.2003865979381,18.6019329896907,19.2003865979381,79104.0,18.95,0.0,19.25,18.65,19.25,1.0,79104.0
2017-01-27,19.2502577319588,19.3001288659794,18.701675257732,18.9510309278351,86077.0,19.3,0.0,19.35,18.75,19.0,1.0,86077.0
2017-01-26,18.9510309278351,18.9510309278351,17.8139690721649,18.5520618556701,109800.0,19.0,0.0,19.0,17.86,18.6,1.0,109800.0
2017-01-25,17.9536082474227,17.9536082474227,17.7541237113402,17.8538659793814,44000.0,18.0,0.0,18.0,17.8,17.9,1.0,44000.0
2017-01-24,17.7042525773196,17.7042525773196,17.255412371134,17.4050257731959,49406.0,17.75,0.0,17.75,17.3,17.45,1.0,49406.0
2017-01-23,17.4050257731959,17.5546391752577,17.3052835051546,17.3551546391753,43134.0,17.45,0.0,17.6,17.35,17.4,1.0,43134.0
2017-01-20,17.4050257731959,17.5047680412371,17.0060567010309,17.0060567010309,118514.0,17.45,0.0,17.55,17.05,17.05,1.0,118514.0
2017-01-19,17.0060567010309,17.0559278350515,16.8564432989691,17.0060567010309,43884.0,17.05,0.0,17.1,16.9,17.05,1.0,43884.0
2017-01-18,17.1057989690722,17.3052835051546,17.0060567010309,17.2055412371134,51263.0,17.15,0.0,17.35,17.05,17.25,1.0,51263.0
2017-01-17,17.1057989690722,17.6045103092783,17.1057989690722,17.6045103092783,59110.0,17.15,0.0,17.65,17.15,17.65,1.0,59110.0
2017-01-13,17.8039948453608,18.1032216494845,17.7042525773196,17.7042525773196,57722.0,17.85,0.0,18.15,17.75,17.75,1.0,57722.0
2017-01-12,17.7042525773196,18.0533505154639,17.6045103092783,18.0533505154639,46773.0,17.75,0.0,18.1,17.65,18.1,1.0,46773.0
2017-01-11,18.1530927835052,18.1530927835052,17.9037371134021,18.1032216494845,69943.0,18.2,0.0,18.2,17.95,18.15,1.0,69943.0
2017-01-10,18.1530927835052,18.2528350515464,17.654381443299,17.7541237113402,62743.0,18.2,0.0,18.3,17.7,17.8,1.0,62743.0
2017-01-09,17.7042525773196,18.0533505154639,17.7042525773196,18.0533505154639,40163.0,17.75,0.0,18.1,17.75,18.1,1.0,40163.0
2017-01-06,18.1032216494845,18.2029639175258,17.8039948453608,18.1032216494845,70210.0,18.15,0.0,18.25,17.85,18.15,1.0,70210.0
2017-01-05,18.1032216494845,18.8014175257732,18.0533505154639,18.8014175257732,87954.0,18.15,0.0,18.85,18.1,18.85,1.0,87954.0
2017-01-04,18.8014175257732,18.9510309278351,18.5021907216495,18.5520618556701,105877.0,18.85,0.0,19.0,18.55,18.6,1.0,105877.0
2017-01-03,18.5021907216495,18.8512886597938,18.1032216494845,18.7515463917526,126372.0,18.55,0.0,18.9,18.15,18.8,1.0,126372.0
2016-12-30,18.701675257732,18.9510309278351,18.6518041237113,18.9011597938144,64744.0,18.75,0.0,19.0,18.7,18.95,1.0,64744.0
2016-12-29,18.8512886597938,18.9011597938144,18.5520618556701,18.7515463917526,45948.0,18.9,0.0,18.95,18.6,18.8,1.0,45948.0
2016-12-28,18.701675257732,18.7515463917526,18.5021907216495,18.6518041237113,44111.0,18.75,0.0,18.8,18.55,18.7,1.0,44111.0
2016-12-27,18.6518041237113,18.701675257732,18.5021907216495,18.5021907216495,33936.0,18.7,0.0,18.75,18.55,18.55,1.0,33936.0
2016-12-23,18.6019329896907,18.6019329896907,18.4024484536082,18.5520618556701,23657.0,18.65,0.0,18.65,18.45,18.6,1.0,23657.0
2016-12-22,18.5520618556701,18.701675257732,18.3525773195876,18.5021907216495,44631.0,18.6,0.0,18.75,18.4,18.55,1.0,44631.0
2016-12-21,18.5021907216495,18.6518041237113,18.5021907216495,18.5520618556701,30472.0,18.55,0.0,18.7,18.55,18.6,1.0,30472.0
2016-12-20,18.701675257732,18.7515463917526,18.302706185567,18.302706185567,77430.0,18.75,0.0,18.8,18.35,18.35,1.0,77430.0
2016-12-19,18.302706185567,18.5021907216495,18.0034793814433,18.1530927835052,96694.0,18.35,0.0,18.55,18.05,18.2,1.0,96694.0
2016-12-16,18.1530927835052,18.3525773195876,18.0034793814433,18.2528350515464,229917.0,18.2,0.0,18.4,18.05,18.3,1.0,229917.0
2016-12-15,18.2029639175258,18.5021907216495,18.0034793814433,18.0533505154639,155464.0,18.25,0.0,18.55,18.05,18.1,1.0,155464.0
2016-12-14,18.0034793814433,18.4024484536082,17.8538659793814,18.4024484536082,125311.0,18.05,0.0,18.45,17.9,18.45,1.0,125311.0
2016-12-13,18.4523195876289,18.4523195876289,18.2029639175258,18.2029639175258,84379.0,18.5,0.0,18.5,18.25,18.25,1.0,84379.0
2016-12-12,18.1032216494845,18.8014175257732,18.1032216494845,18.7515463917526,101383.0,18.15,0.0,18.85,18.15,18.8,1.0,101383.0
2016-12-09,18.7515463917526,18.8512886597938,18.4024484536082,18.4523195876289,89426.0,18.8,0.0,18.9,18.45,18.5,1.0,89426.0
2016-12-08,18.5520618556701,18.6518041237113,17.9286726804124,18.0034793814433,102411.0,18.6,0.0,18.7,17.975,18.05,1.0,102411.0
2016-12-07,18.0034793814433,18.0284149484536,17.7541237113402,17.8039948453608,82898.0,18.05,0.0,18.075,17.8,17.85,1.0,82898.0
2016-12-06,17.8538659793814,17.9037371134021,17.6045103092783,17.7541237113402,96624.0,17.9,0.0,17.95,17.65,17.8,1.0,96624.0
2016-12-05,17.7541237113402,17.7541237113402,17.6045103092783,17.7541237113402,71831.0,17.8,0.0,17.8,17.65,17.8,1.0,71831.0
2016-12-02,17.7042525773196,17.9037371134021,17.654381443299,17.654381443299,67155.0,17.75,0.0,17.95,17.7,17.7,1.0,67155.0
2016-12-01,17.7042525773196,17.7541237113402,17.4050257731959,17.4050257731959,51553.0,17.75,0.0,17.8,17.45,17.45,1.0,51553.0
2016-11-30,17.3551546391753,18.0034793814433,17.3551546391753,17.654381443299,75876.0,17.4,0.0,18.05,17.4,17.7,1.0,75876.0
2016-11-29,17.5546391752577,18.1032216494845,17.5047680412371,18.1032216494845,88729.0,17.6,0.0,18.15,17.55,18.15,1.0,88729.0
2016-11-28,18.1530927835052,18.1530927835052,17.7408579896907,17.8538659793814,105450.0,18.2,0.03,18.2,17.7867,17.9,1.0,105450.0
2016-11-25,17.9240630884856,17.9240630884856,17.8244849602162,17.9240630884856,14711.0,18.0,0.0,18.0,17.9,18.0,1.0,14711.0
2016-11-23,17.9240630884856,17.9240630884856,17.7249068319469,17.8244849602162,58662.0,18.0,0.0,18.0,17.8,17.9,1.0,58662.0
2016-11-22,17.8244849602162,17.8244849602162,17.5257505754082,17.7249068319469,83712.0,17.9,0.0,17.9,17.6,17.8,1.0,83712.0
2016-11-21,17.6253287036775,17.6253287036775,17.2768052547347,17.4261724471388,74253.0,17.7,0.0,17.7,17.35,17.5,1.0,74253.0
2016-11-18,17.4261724471388,17.4261724471388,16.6793364851186,16.928281805792,106227.0,17.5,0.0,17.5,16.75,17.0,1.0,106227.0
2016-11-17,16.928281805792,17.1772271264654,16.8287036775226,16.928281805792,93084.0,17.0,0.0,17.25,16.9,17.0,1.0,93084.0
2016-11-16,16.8784927416573,16.928281805792,16.6793364851186,16.8287036775226,82433.0,16.95,0.0,17.0,16.75,16.9,1.0,82433.0
2016-11-15,16.8287036775226,16.8784927416573,16.5299692927145,16.6793364851186,91750.0,16.9,0.0,16.95,16.6,16.75,1.0,91750.0
2016-11-14,16.8287036775226,17.1772271264654,16.6743575787051,17.0278599340613,131056.0,16.9,0.0,17.25,16.745,17.1,1.0,131056.0
2016-11-11,16.8287036775226,16.928281805792,16.0818677155024,16.3806021003105,213066.0,16.9,0.0,17.0,16.15,16.45,1.0,213066.0
2016-11-10,16.3806021003105,16.6793364851186,16.2063403758391,16.5299692927145,199145.0,16.45,0.0,16.75,16.275,16.6,1.0,199145.0
2016-11-09,16.5299692927145,16.5299692927145,15.7831333306943,15.9325005230983,136886.0,16.6,0.0,16.6,15.85,16.0,1.0,136886.0
2016-11-08,15.8827114589636,15.9325005230983,15.7333442665596,15.7831333306943,69633.0,15.95,0.0,16.0,15.8,15.85,1.0,69633.0
2016-11-07,15.8827114589636,15.8827114589636,15.6835552024249,15.7831333306943,123614.0,15.95,0.0,15.95,15.75,15.85,1.0,123614.0
2016-11-04,15.5341880100209,15.6337661382902,15.4346098817515,15.6337661382902,123728.0,15.6,0.0,15.7,15.5,15.7,1.0,123728.0
2016-11-03,15.6337661382902,15.6835552024249,15.4346098817515,15.5341880100209,169398.0,15.7,0.0,15.75,15.5,15.6,1.0,169398.0
2016-11-02,15.4843989458862,15.5341880100209,15.0661708071549,15.5341880100209,71551.0,15.55,0.0,15.6,15.13,15.6,1.0,71551.0
2016-11-01,15.5839770741555,15.7831333306943,15.1856645610781,15.5341880100209,180232.0,15.65,0.0,15.85,15.25,15.6,1.0,180232.0
2016-10-31,15.4843989458862,15.5341880100209,15.2852426893475,15.3848208176168,54339.0,15.55,0.0,15.6,15.35,15.45,1.0,54339.0
2016-10-28,15.3151161278283,15.4644833202323,15.2354536252128,15.2852426893475,94530.0,15.38,0.0,15.53,15.3,15.35,1.0,94530.0
2016-10-27,15.3151161278283,15.4644833202323,14.4487864118848,14.6877739197313,125873.0,15.38,0.0,15.53,14.51,14.75,1.0,125873.0
2016-10-26,14.9168036147508,14.9367192404047,14.5483645401542,14.8371411121353,243047.0,14.98,0.0,15.0,14.61,14.9,1.0,243047.0
2016-10-25,14.4786598503656,14.6180692299427,14.4786598503656,14.5981536042888,68052.0,14.54,0.0,14.68,14.54,14.66,1.0,68052.0
2016-10-24,14.5384067273272,14.6877739197313,14.5284489145003,14.6379848555966,83434.0,14.6,0.0,14.75,14.59,14.7,1.0,83434.0
2016-10-21,14.5881957914619,14.7475207966929,14.568280165808,14.6379848555966,89117.0,14.65,0.0,14.81,14.63,14.7,1.0,89117.0
2016-10-20,14.6778161069043,14.7773942351737,14.6579004812505,14.6778161069043,22522.0,14.74,0.0,14.84,14.72,14.74,1.0,22522.0
2016-10-19,14.6877739197313,14.8271832993084,14.568280165808,14.6081114171158,40823.0,14.75,0.0,14.89,14.63,14.67,1.0,40823.0
2016-10-18,14.5583223529811,14.8172254864814,14.5583223529811,14.7176473582121,53554.0,14.62,0.0,14.88,14.62,14.78,1.0,53554.0
2016-10-17,14.6379848555966,14.8271832993084,14.6379848555966,14.7375629838659,44840.0,14.7,0.0,14.89,14.7,14.8,1.0,44840.0
2016-10-14,14.7674364223468,14.88693017627,14.678811888187,14.7674364223468,41467.0,14.83,0.0,14.95,14.741,14.83,1.0,41467.0
2016-10-13,14.6778161069043,14.7475207966929,14.6280270427696,14.7076895453851,50848.0,14.74,0.0,14.81,14.69,14.77,1.0,50848.0
2016-10-12,14.7375629838659,14.8670145506161,14.6778161069043,14.727605171039,18418.0,14.8,0.0,14.93,14.74,14.79,1.0,18418.0
2016-10-11,14.6977317325582,14.9068458019239,14.6877739197313,14.8072676736545,27762.0,14.76,0.0,14.97,14.75,14.87,1.0,27762.0
2016-10-10,14.8072676736545,14.8271832993084,14.6977317325582,14.727605171039,34750.0,14.87,0.0,14.89,14.76,14.79,1.0,34750.0
2016-10-07,14.6977317325582,14.88693017627,14.5583223529811,14.7475207966929,71975.0,14.76,0.0,14.95,14.62,14.81,1.0,71975.0
2016-10-06,14.7873520480006,14.8769723634431,14.7475207966929,14.8072676736545,117039.0,14.85,0.0,14.94,14.81,14.87,1.0,117039.0
2016-10-05,14.7873520480006,14.9168036147508,14.6877739197313,14.7773942351737,31973.0,14.85,0.0,14.98,14.75,14.84,1.0,31973.0
2016-10-04,14.7375629838659,14.8470989249622,14.6927528261447,14.6977317325582,46188.0,14.8,0.0,14.91,14.755,14.76,1.0,46188.0
2016-10-03,14.6280270427696,14.8670145506161,14.5881957914619,14.8670145506161,35072.0,14.69,0.0,14.93,14.65,14.93,1.0,35072.0
2016-09-30,14.9566348660586,14.9964661173663,14.7375629838659,14.7475207966929,74220.0,15.02,0.0,15.06,14.8,14.81,1.0,74220.0
2016-09-29,14.6877739197313,14.8769723634431,14.5881957914619,14.8769723634431,83535.0,14.75,0.0,14.94,14.65,14.94,1.0,83535.0
2016-09-28,14.8570567377892,14.8670145506161,14.7076895453851,14.7176473582121,36588.0,14.92,0.0,14.93,14.77,14.78,1.0,36588.0
2016-09-27,14.7574786095198,14.7724153287602,14.6180692299427,14.6479426684235,42824.0,14.82,0.0,14.835,14.68,14.71,1.0,42824.0
2016-09-26,14.6479426684235,14.8968879890969,14.6479426684235,14.8968879890969,37111.0,14.71,0.0,14.96,14.71,14.96,1.0,37111.0
2016-09-23,14.9267614275777,14.9964661173663,14.8570567377892,14.9466770532316,92574.0,14.99,0.0,15.06,14.92,15.01,1.0,92574.0
2016-09-22,14.9168036147508,14.9566348660586,14.7674364223468,14.7773942351737,57698.0,14.98,0.0,15.02,14.83,14.84,1.0,57698.0
2016-09-21,14.7375629838659,14.7674364223468,14.6678582940774,14.7076895453851,54575.0,14.8,0.0,14.83,14.73,14.77,1.0,54575.0
2016-09-20,14.6778161069043,14.7574786095198,14.6678582940774,14.7176473582121,31958.0,14.74,0.0,14.82,14.73,14.78,1.0,31958.0
2016-09-19,14.7176473582121,14.8769723634431,14.5583223529811,14.7574786095198,87119.0,14.78,0.0,14.94,14.62,14.82,1.0,87119.0
2016-09-16,14.7674364223468,14.7674364223468,14.568280165808,14.7475207966929,170633.0,14.83,0.0,14.83,14.63,14.81,1.0,170633.0
2016-09-15,14.7076895453851,14.8271832993084,14.5384067273272,14.5583223529811,127254.0,14.77,0.0,14.89,14.6,14.62,1.0,127254.0
2016-09-14,14.6280270427696,14.7973098608276,14.4288707862309,14.5384067273272,187381.0,14.69,0.0,14.86,14.49,14.6,1.0,187381.0
2016-09-13,14.5384067273272,14.6778161069043,14.3989973477501,14.5433856337407,104159.0,14.6,0.0,14.74,14.46,14.605,1.0,104159.0
2016-09-12,14.5881957914619,14.7475207966929,14.418912973404,14.5583223529811,71714.0,14.65,0.0,14.81,14.48,14.62,1.0,71714.0
2016-09-09,14.5184911016733,14.7176473582121,14.5085332888464,14.6579004812505,81261.0,14.58,0.0,14.78,14.57,14.72,1.0,81261.0
2016-09-08,14.727605171039,14.7873520480006,14.5981536042888,14.7773942351737,55532.0,14.79,0.0,14.85,14.66,14.84,1.0,55532.0
2016-09-07,14.727605171039,14.7375629838659,14.6579004812505,14.727605171039,33604.0,14.79,0.0,14.8,14.72,14.79,1.0,33604.0
2016-09-06,14.6877739197313,14.7375629838659,14.5384067273272,14.6678582940774,41248.0,14.75,0.0,14.8,14.6,14.73,1.0,41248.0
2016-09-02,14.6977317325582,14.8062718923718,14.6678582940774,14.6877739197313,48972.0,14.76,0.0,14.869,14.73,14.75,1.0,48972.0
2016-09-01,14.6778161069043,14.8172254864814,14.4886176631925,14.6479426684235,123189.0,14.74,0.0,14.88,14.55,14.71,1.0,123189.0
2016-08-31,14.6877739197313,14.7475207966929,14.4687020375387,14.727605171039,66781.0,14.75,0.0,14.81,14.53,14.79,1.0,66781.0
2016-08-30,14.6678582940774,14.8172254864814,14.6379848555966,14.7176473582121,49025.0,14.73,0.0,14.88,14.7,14.78,1.0,49025.0
2016-08-29,14.6579004812505,14.6579004812505,14.5384067273272,14.5881957914619,56850.0,14.72,0.03,14.72,14.6,14.65,1.0,56850.0
2016-08-26,14.5386497654708,14.6082126830089,14.2902107742632,14.2902107742632,54283.0,14.63,0.0,14.7,14.38,14.38,1.0,54283.0
2016-08-25,14.3100858935598,14.3200234532081,14.1510849391869,14.1808976181318,36536.0,14.4,0.0,14.41,14.24,14.27,1.0,36536.0
2016-08-24,14.1610224988352,14.3230047211026,14.1113347005937,14.220647856725,72227.0,14.25,0.0,14.413,14.2,14.31,1.0,72227.0
2016-08-23,14.1908351777801,14.2504605356699,14.1312098198903,14.1411473795386,39344.0,14.28,0.0,14.34,14.22,14.23,1.0,39344.0
2016-08-22,14.2107102970767,14.2902107742632,14.1113347005937,14.121272260242,46784.0,14.3,0.0,14.38,14.2,14.21,1.0,46784.0
2016-08-19,14.1610224988352,14.2107102970767,14.0318342234072,14.1312098198903,51673.0,14.25,0.0,14.3,14.12,14.22,1.0,51673.0
2016-08-18,14.1113347005937,14.1510849391869,13.9324586269242,14.0914595812971,31815.0,14.2,0.0,14.24,14.02,14.18,1.0,31815.0
2016-08-17,14.0517093427038,14.3796488110979,13.9771776453415,14.0119591041106,30294.0,14.14,0.0,14.47,14.065,14.1,1.0,30294.0
2016-08-16,14.0119591041106,14.0815220216487,13.9523337462208,14.0715844620004,30178.0,14.1,0.0,14.17,14.04,14.16,1.0,30178.0
2016-08-15,14.1013971409454,14.1709600584835,13.9821464251657,14.0318342234072,44471.0,14.19,0.0,14.26,14.07,14.12,1.0,44471.0
2016-08-12,14.0218966637589,14.2504605356699,13.8728332690343,13.9125835076276,84341.0,14.11,0.0,14.34,13.96,14.0,1.0,84341.0
2016-08-11,13.9722088655174,14.2902107742632,13.8430205900894,13.9026459479792,121553.0,14.06,0.0,14.38,13.93,13.99,1.0,121553.0
2016-08-10,13.9125835076276,14.3895863707462,13.7237698743098,13.8728332690343,113984.0,14.0,0.0,14.48,13.81,13.96,1.0,113984.0
2016-08-09,13.8728332690343,13.9324586269242,13.8529581497377,13.8529581497377,104493.0,13.96,0.0,14.02,13.94,13.94,1.0,104493.0
2016-08-08,13.8728332690343,14.0119591041106,13.8529581497377,13.9125835076276,69804.0,13.96,0.0,14.1,13.94,14.0,1.0,69804.0
2016-08-05,13.9423961865725,14.0218966637589,13.8132079111445,13.8132079111445,118404.0,14.03,0.0,14.11,13.9,13.9,1.0,118404.0
2016-08-04,13.8032703514962,13.9821464251657,13.6939571953648,13.8132079111445,83064.0,13.89,0.0,14.07,13.78,13.9,1.0,83064.0
2016-08-03,13.8032703514962,13.912682883224,13.6939571953648,13.8132079111445,121926.0,13.89,0.0,14.0001,13.78,13.9,1.0,121926.0
2016-08-02,13.8132079111445,14.0218966637589,13.8032703514962,13.9423961865725,73879.0,13.9,0.0,14.11,13.89,14.03,1.0,73879.0
2016-08-01,13.9523337462208,14.1908351777801,13.9125835076276,14.1610224988352,136555.0,14.04,0.0,14.28,14.0,14.25,1.0,136555.0
2016-07-29,14.1610224988352,14.2454917558458,14.1510849391869,14.1808976181318,102632.0,14.25,0.0,14.335,14.24,14.27,1.0,102632.0
2016-07-28,14.2107102970767,14.2802732146149,14.1610224988352,14.2603980953182,73593.0,14.3,0.0,14.37,14.25,14.35,1.0,73593.0
2016-07-27,14.2802732146149,14.3895863707462,14.1908351777801,14.2405229760216,45169.0,14.37,0.0,14.48,14.28,14.33,1.0,45169.0
2016-07-26,14.2305854163733,14.6579004812505,14.2007727374284,14.349836132153,48670.0,14.32,0.0,14.75,14.29,14.44,1.0,48670.0
2016-07-25,14.3398985725047,14.5386497654708,14.2305854163733,14.5386497654708,69775.0,14.43,0.0,14.63,14.32,14.63,1.0,69775.0
2016-07-22,14.4988995268776,14.7375003340334,14.4690868479327,14.578400004064,62442.0,14.59,0.0,14.8301,14.56,14.67,1.0,62442.0
2016-07-21,14.5187746461742,14.7771511970301,14.5187746461742,14.7572760777335,85246.0,14.61,0.0,14.87,14.61,14.85,1.0,85246.0
2016-07-20,14.806963875975,14.83677655492,14.7572760777335,14.83677655492,39666.0,14.9,0.0,14.93,14.85,14.93,1.0,39666.0
2016-07-19,14.7970263163267,14.8417453347441,14.7572760777335,14.7672136373818,52151.0,14.89,0.0,14.935,14.85,14.86,1.0,52151.0
2016-07-18,14.7870887566784,14.8665892338649,14.7870887566784,14.8566516742166,86099.0,14.88,0.0,14.96,14.88,14.95,1.0,86099.0
2016-07-15,14.8765267935132,14.9957775092928,14.7672136373818,14.9063394724581,58797.0,14.97,0.0,15.09,14.86,15.0,1.0,58797.0
2016-07-14,14.8169014356233,14.9063394724581,14.7672136373818,14.7970263163267,83139.0,14.91,0.0,15.0,14.86,14.89,1.0,83139.0
2016-07-13,14.7870887566784,14.806963875975,14.5287122058225,14.6777756005471,74397.0,14.88,0.0,14.9,14.62,14.77,1.0,74397.0
2016-07-12,14.6280878023055,14.707588279492,14.0218966637589,14.5485873251191,126047.0,14.72,0.0,14.8,14.11,14.64,1.0,126047.0
2016-07-11,14.5386497654708,14.6280878023055,14.3995239303945,14.4094614900428,60877.0,14.63,0.0,14.72,14.49,14.5,1.0,60877.0
2016-07-08,14.4094614900428,14.4988995268776,14.3200234532081,14.3995239303945,124871.0,14.5,0.0,14.59,14.41,14.49,1.0,124871.0
2016-07-07,14.3249922330322,14.3597736918013,14.2107102970767,14.3100858935598,25318.0,14.415,0.0,14.45,14.3,14.4,1.0,25318.0
2016-07-06,14.3299610128564,14.3796488110979,14.2107102970767,14.2504605356699,40790.0,14.42,0.0,14.47,14.3,14.34,1.0,40790.0
2016-07-05,14.3299610128564,14.4392741689877,14.1411473795386,14.4392741689877,51897.0,14.42,0.0,14.53,14.23,14.53,1.0,51897.0
2016-07-01,14.4690868479327,14.6877131601954,14.3697112514496,14.6877131601954,55817.0,14.56,0.0,14.78,14.46,14.78,1.0,55817.0
2016-06-30,14.6678380408988,14.6777756005471,14.3398985725047,14.4193990496911,252311.0,14.76,0.0,14.77,14.43,14.51,1.0,252311.0
2016-06-29,14.4392741689877,14.5088370865259,14.2305854163733,14.3100858935598,99318.0,14.53,0.0,14.6,14.32,14.4,1.0,99318.0
2016-06-28,14.2007727374284,14.3895863707462,14.0517093427038,14.1908351777801,142104.0,14.29,0.0,14.48,14.14,14.28,1.0,142104.0
2016-06-27,14.1013971409454,14.4094614900428,14.0318342234072,14.3299610128564,186448.0,14.19,0.0,14.5,14.12,14.42,1.0,186448.0
2016-06-24,14.4094614900428,14.5287122058225,14.1013971409454,14.3995239303945,652204.0,14.5,0.0,14.62,14.19,14.49,1.0,652204.0
2016-06-23,14.5585248847674,14.5982751233606,14.449211728636,14.5088370865259,161034.0,14.65,0.0,14.69,14.54,14.6,1.0,161034.0
2016-06-22,14.3895863707462,14.5386497654708,14.3895863707462,14.4094614900428,76040.0,14.48,0.0,14.63,14.48,14.5,1.0,76040.0
2016-06-21,14.4094614900428,14.4988995268776,14.3200234532081,14.4094614900428,74894.0,14.5,0.0,14.59,14.41,14.5,1.0,74894.0
2016-06-20,14.4193990496911,14.6479629216022,14.3995239303945,14.5585248847674,56510.0,14.51,0.0,14.74,14.49,14.65,1.0,56510.0
2016-06-17,14.4591492882844,14.4889619672293,14.3995239303945,14.4889619672293,159791.0,14.55,0.0,14.58,14.49,14.58,1.0,159791.0
2016-06-16,14.449211728636,14.479024407581,14.3597736918013,14.4094614900428,111397.0,14.54,0.0,14.57,14.45,14.5,1.0,111397.0
2016-06-15,14.4591492882844,14.5485873251191,14.4094614900428,14.5088370865259,95470.0,14.55,0.0,14.64,14.5,14.6,1.0,95470.0
2016-06-14,14.449211728636,14.5088370865259,14.3796488110979,14.4094614900428,76645.0,14.54,0.0,14.6,14.47,14.5,1.0,76645.0
2016-06-13,14.4293366093394,14.5088370865259,14.3995239303945,14.4591492882844,53251.0,14.52,0.0,14.6,14.49,14.55,1.0,53251.0
2016-06-10,14.5088370865259,14.5585248847674,14.3398985725047,14.4690868479327,90032.0,14.6,0.0,14.65,14.43,14.56,1.0,90032.0
2016-06-09,14.5485873251191,14.578400004064,14.3796488110979,14.4988995268776,98479.0,14.64,0.0,14.67,14.47,14.59,1.0,98479.0
2016-06-08,14.5883375637123,14.6082126830089,14.3995239303945,14.4392741689877,175691.0,14.68,0.0,14.7,14.49,14.53,1.0,175691.0
2016-06-07,14.3995239303945,14.4889619672293,14.3697112514496,14.3995239303945,218569.0,14.49,0.0,14.58,14.46,14.49,1.0,218569.0
2016-06-06,14.4293366093394,14.5287122058225,14.2504605356699,14.2603980953182,181649.0,14.52,0.0,14.62,14.34,14.35,1.0,181649.0
2016-06-03,14.220647856725,14.2802732146149,14.0914595812971,14.1808976181318,157556.0,14.31,0.0,14.37,14.18,14.27,1.0,157556.0
2016-06-02,14.2305854163733,14.2504605356699,14.1113347005937,14.1908351777801,142099.0,14.32,0.0,14.34,14.2,14.28,1.0,142099.0
2016-06-01,14.1808976181318,14.2107102970767,14.0517093427038,14.2107102970767,267190.0,14.27,0.0,14.3,14.14,14.3,1.0,267190.0
2016-05-31,14.1013971409454,14.4988995268776,13.8231454707928,14.4988995268776,360071.0,14.19,0.0,14.59,13.91,14.59,1.0,360071.0
2016-05-27,14.4193990496911,14.4293366093394,14.2653668751424,14.3796488110979,163339.0,14.51,0.03,14.52,14.355,14.47,1.0,163339.0
2016-05-26,14.3499796594932,14.5185696071168,14.330145548008,14.5185696071168,90091.0,14.47,0.0,14.64,14.45,14.64,1.0,90091.0
2016-05-25,14.4888184398891,14.6177401645425,14.468984328404,14.5780719415722,45815.0,14.61,0.0,14.74,14.59,14.7,1.0,45815.0
2016-05-24,14.5979060530573,14.6772424989978,14.5681548858296,14.6673254432553,96682.0,14.72,0.0,14.8,14.69,14.79,1.0,96682.0
2016-05-23,14.6078231087999,14.6673254432553,14.5284866628594,14.6673254432553,163056.0,14.73,0.0,14.79,14.65,14.79,1.0,163056.0
2016-05-20,14.6474913317701,14.7069936662255,14.5681548858296,14.697076610483,60135.0,14.77,0.0,14.83,14.69,14.82,1.0,60135.0
2016-05-19,14.6177401645425,14.7268277777107,14.5284866628594,14.7268277777107,47900.0,14.74,0.0,14.85,14.65,14.85,1.0,47900.0
2016-05-18,14.7664960006809,14.7764130564235,14.3698137709783,14.3698137709783,92486.0,14.89,0.0,14.9,14.49,14.49,1.0,92486.0
2016-05-17,14.3797308267209,14.4987354956317,14.3698137709783,14.3797308267209,110259.0,14.5,0.0,14.62,14.49,14.5,1.0,110259.0
2016-05-16,14.4987354956317,14.5284866628594,14.3797308267209,14.4094819939486,49063.0,14.62,0.0,14.65,14.5,14.53,1.0,49063.0
2016-05-13,14.3598967152357,14.4491502169188,14.2805602692952,14.3797308267209,41310.0,14.48,0.0,14.57,14.4,14.5,1.0,41310.0
2016-05-12,14.3797308267209,14.6375742760276,14.330145548008,14.5681548858296,28895.0,14.5,0.0,14.76,14.45,14.69,1.0,28895.0
2016-05-11,14.5185696071168,14.7268277777107,14.4987354956317,14.6574083875127,61229.0,14.64,0.0,14.85,14.62,14.78,1.0,61229.0
2016-05-10,14.6871595547404,14.7169107219681,14.2210579348398,14.4094819939486,144467.0,14.81,0.0,14.84,14.34,14.53,1.0,144467.0
2016-05-09,14.3400626037506,14.4590672726614,14.2111408790972,14.2408920463249,30197.0,14.46,0.0,14.58,14.33,14.36,1.0,30197.0
2016-05-06,14.2508091020675,14.3499796594932,14.171472656127,14.3499796594932,45864.0,14.37,0.0,14.47,14.29,14.47,1.0,45864.0
2016-05-05,14.3202284922655,14.399564938206,14.1813897118695,14.3896478824634,73683.0,14.44,0.0,14.52,14.3,14.51,1.0,73683.0
2016-05-04,14.3797308267209,14.4888184398891,14.2606269872526,14.3400626037506,47344.0,14.5,0.0,14.61,14.3799,14.46,1.0,47344.0
2016-05-03,14.4293161054337,14.6177401645425,14.2012238233547,14.5284866628594,78397.0,14.55,0.0,14.74,14.32,14.65,1.0,78397.0
2016-05-02,14.6772424989978,14.6772424989978,14.3797308267209,14.4293161054337,54591.0,14.8,0.0,14.8,14.5,14.55,1.0,54591.0
2016-04-29,14.4590672726614,14.5185696071168,14.2706432135526,14.3797308267209,98215.0,14.58,0.0,14.64,14.39,14.5,1.0,98215.0
2016-04-28,14.4094819939486,14.8359153908789,14.3698137709783,14.6772424989978,63162.0,14.53,0.0,14.96,14.49,14.8,1.0,63162.0
2016-04-27,14.7764130564235,14.8359153908789,14.1516385446418,14.1516385446418,150865.0,14.9,0.0,14.96,14.27,14.27,1.0,150865.0
2016-04-26,14.1913067676121,14.1913067676121,14.0425509314736,14.1516385446418,127286.0,14.31,0.0,14.31,14.16,14.27,1.0,127286.0
2016-04-25,14.0822191544439,14.1516385446418,13.9830485970182,14.0723020987013,54805.0,14.2,0.0,14.27,14.1,14.19,1.0,54805.0
2016-04-22,14.0623850429587,14.171472656127,13.8838780395926,13.8838780395926,92847.0,14.18,0.0,14.29,14.0,14.0,1.0,92847.0
2016-04-21,13.9037121510777,13.9334633183054,13.7152880919689,13.7252051477115,100057.0,14.02,0.0,14.05,13.83,13.84,1.0,100057.0
2016-04-20,13.7252051477115,13.9334633183054,13.7252051477115,13.87396098385,56290.0,13.84,0.0,14.05,13.84,13.99,1.0,56290.0
2016-04-19,13.87396098385,13.9334633183054,13.6954539804838,13.7351222034541,90499.0,13.99,0.0,14.05,13.81,13.85,1.0,90499.0
2016-04-18,13.7351222034541,13.7549563149392,13.5566152000879,13.5962834230581,51222.0,13.85,0.0,13.87,13.67,13.71,1.0,51222.0
2016-04-15,13.576449311573,13.7450392591966,13.3781081967217,13.5863663673156,240339.0,13.69,0.0,13.86,13.49,13.7,1.0,240339.0
2016-04-14,13.6359516460284,13.7747904264243,13.4871958098899,13.5367810886027,58474.0,13.75,0.0,13.89,13.6,13.65,1.0,58474.0
2016-04-13,13.4871958098899,13.645868701771,13.417776419692,13.417776419692,68933.0,13.6,0.0,13.76,13.53,13.53,1.0,68933.0
2016-04-12,13.3681911409791,13.4772787541473,13.2888546950386,13.3880252524643,43336.0,13.48,0.0,13.59,13.4,13.5,1.0,43336.0
2016-04-11,13.417776419692,13.6359516460284,13.3186058622663,13.4376105311771,50946.0,13.53,0.0,13.75,13.43,13.55,1.0,50946.0
2016-04-08,13.3880252524643,13.4772787541473,13.2491864720683,13.3979423082068,57990.0,13.5,0.0,13.59,13.36,13.51,1.0,57990.0
2016-04-07,13.3285229180089,13.4673616984048,13.2888546950386,13.3880252524643,47691.0,13.44,0.0,13.58,13.4,13.5,1.0,47691.0
2016-04-06,13.4772787541473,13.4870966393325,13.2888546950386,13.2888546950386,53392.0,13.59,0.0,13.5999,13.4,13.4,1.0,53392.0
2016-04-05,13.3086888065237,13.4574446426622,13.3086888065237,13.4376105311771,79198.0,13.42,0.0,13.57,13.42,13.55,1.0,79198.0
2016-04-04,13.4772787541473,13.5962834230581,13.4574446426622,13.4971128656325,60381.0,13.59,0.0,13.71,13.57,13.61,1.0,60381.0
2016-04-01,13.4971128656325,13.6855369247412,13.4971128656325,13.5466981443453,53577.0,13.61,0.0,13.8,13.61,13.66,1.0,53577.0
2016-03-31,13.5566152000879,13.7549563149392,13.5268640328602,13.7549563149392,53522.0,13.67,0.0,13.87,13.64,13.87,1.0,53522.0
2016-03-30,13.7252051477115,13.9235462625628,13.6954539804838,13.87396098385,60210.0,13.84,0.0,14.04,13.81,13.99,1.0,60210.0
2016-03-29,13.8342927608797,13.87396098385,13.3781081967217,13.4871958098899,87328.0,13.95,0.0,13.99,13.49,13.6,1.0,87328.0
2016-03-28,13.4871958098899,13.6062004788007,13.4673616984048,13.5169469771176,95732.0,13.6,0.0,13.72,13.58,13.63,1.0,95732.0
2016-03-24,13.507029921375,13.5169469771176,13.3285229180089,13.3880252524643,61942.0,13.62,0.0,13.63,13.44,13.5,1.0,61942.0
2016-03-23,13.3979423082068,13.5989610281086,13.3979423082068,13.5268640328602,66039.0,13.51,0.0,13.7127,13.51,13.64,1.0,66039.0
2016-03-22,13.6062004788007,13.9036129805203,13.576449311573,13.7648733706818,60101.0,13.72,0.0,14.0199,13.69,13.88,1.0,60101.0
2016-03-21,13.7747904264243,13.943380374048,13.7152880919689,13.8442098166223,82230.0,13.89,0.0,14.06,13.83,13.96,1.0,82230.0
2016-03-18,13.8243757051372,13.9830485970182,13.6260345902858,13.6657028132561,219102.0,13.94,0.0,14.1,13.74,13.78,1.0,219102.0
2016-03-17,13.576449311573,13.6557857575135,13.278937639296,13.5566152000879,174301.0,13.69,0.0,13.77,13.39,13.67,1.0,174301.0
2016-03-16,13.5466981443453,13.6756198689987,13.507029921375,13.5863663673156,54014.0,13.66,0.0,13.79,13.62,13.7,1.0,54014.0
2016-03-15,13.576449311573,13.7449400886392,13.576449311573,13.6359516460284,60798.0,13.69,0.0,13.8599,13.69,13.75,1.0,60798.0
2016-03-14,13.6557857575135,13.8541268723649,13.6260345902858,13.8541268723649,65619.0,13.77,0.0,13.97,13.74,13.97,1.0,65619.0
2016-03-11,13.8541268723649,13.9037121510777,13.7549563149392,13.7847074821669,70988.0,13.97,0.0,14.02,13.87,13.9,1.0,70988.0
2016-03-10,13.6954539804838,13.87396098385,13.5566152000879,13.8243757051372,51327.0,13.81,0.0,13.99,13.67,13.94,1.0,51327.0
2016-03-09,13.7747904264243,13.9632144855331,13.6756198689987,13.87396098385,48347.0,13.89,0.0,14.08,13.79,13.99,1.0,48347.0
2016-03-08,13.8838780395926,14.0326338757311,13.7847074821669,13.8838780395926,52534.0,14.0,0.0,14.15,13.9,14.0,1.0,52534.0
2016-03-07,13.9334633183054,14.0127997642459,13.7351222034541,13.7747904264243,75937.0,14.05,0.0,14.13,13.85,13.89,1.0,75937.0
2016-03-04,13.7648733706818,13.8640439281074,13.7053710362264,13.804541593652,30802.0,13.88,0.0,13.98,13.82,13.92,1.0,30802.0
2016-03-03,13.7847074821669,13.8144586493946,13.6954539804838,13.7351222034541,50420.0,13.9,0.0,13.93,13.81,13.85,1.0,50420.0
2016-03-02,13.7351222034541,13.7549563149392,13.6062996493581,13.7549563149392,44319.0,13.85,0.0,13.87,13.7201,13.87,1.0,44319.0
2016-03-01,13.7648733706818,13.7847074821669,13.6359516460284,13.7351222034541,78423.0,13.88,0.0,13.9,13.75,13.85,1.0,78423.0
2016-02-29,13.6855369247412,13.7747904264243,13.4673616984048,13.5169469771176,129119.0,13.8,0.02,13.89,13.58,13.63,1.0,129119.0
2016-02-26,13.497385548786,13.5865098847648,13.2795260608379,13.388455804812,50084.0,13.63,0.0,13.72,13.41,13.52,1.0,50084.0
2016-02-25,13.3092341728308,13.388455804812,13.1606936128662,13.2795260608379,73102.0,13.44,0.0,13.52,13.29,13.41,1.0,73102.0
2016-02-24,13.2399152448473,13.3092341728308,13.0913746848827,13.1904017248591,47245.0,13.37,0.0,13.44,13.22,13.32,1.0,47245.0
2016-02-23,13.2201098368521,13.3092341728308,13.1507909088686,13.2201098368521,136415.0,13.35,0.0,13.44,13.28,13.35,1.0,136415.0
2016-02-22,13.2399152448473,13.3092341728308,13.1408882048709,13.2696233568403,92536.0,13.37,0.0,13.44,13.27,13.4,1.0,92536.0
2016-02-19,13.1904017248591,13.4181639168049,13.1904017248591,13.2102071328544,78341.0,13.32,0.0,13.55,13.32,13.34,1.0,78341.0
2016-02-18,13.2201098368521,13.6162179967577,13.2201098368521,13.6162179967577,78387.0,13.35,0.0,13.75,13.35,13.75,1.0,78387.0
2016-02-17,13.6261207007554,13.8835910046941,13.5369963647766,13.6162179967577,78686.0,13.76,0.0,14.02,13.67,13.75,1.0,78686.0
2016-02-16,13.5468990687742,13.7350504447294,13.4775801407908,13.6162179967577,72972.0,13.68,0.0,13.87,13.61,13.75,1.0,72972.0
2016-02-12,13.6063152927601,13.665731516746,13.5369963647766,13.5568017727719,42572.0,13.74,0.0,13.8,13.67,13.69,1.0,42572.0
2016-02-11,13.4577747327955,13.6459261087507,13.3290395808261,13.4082612128073,59863.0,13.59,0.0,13.78,13.46,13.54,1.0,59863.0
2016-02-10,13.527093660779,14.190574828621,13.4775801407908,13.913299116687,93315.0,13.66,0.0,14.33,13.61,14.05,1.0,93315.0
2016-02-09,13.8934937086917,14.1311586046351,13.8637855966988,13.8736883006964,43613.0,14.03,0.0,14.27,14.0,14.01,1.0,43613.0
2016-02-08,13.9925207486681,14.0420342686563,13.6162179967577,13.665731516746,122464.0,14.13,0.0,14.18,13.75,13.8,1.0,122464.0
2016-02-05,13.6855369247412,14.1113531966398,13.665731516746,14.0420342686563,548104.0,13.82,0.0,14.25,13.8,14.18,1.0,548104.0
2016-02-04,14.0618396766516,14.190574828621,13.9331045246823,13.9331045246823,113191.0,14.2,0.0,14.33,14.07,14.07,1.0,113191.0
2016-02-03,14.0321315646587,14.1608667166281,13.9331045246823,14.1608667166281,671931.0,14.17,0.0,14.3,14.07,14.3,1.0,671931.0
2016-02-02,14.0816450846469,14.2896018685974,14.0321315646587,14.2598937566045,66754.0,14.22,0.0,14.43,14.17,14.4,1.0,66754.0
2016-02-01,14.3490180925833,14.5371694685384,14.2796991645998,14.5272667645408,96481.0,14.49,0.0,14.68,14.42,14.67,1.0,96481.0
2016-01-29,14.5569748765337,14.7451262524889,14.2796991645998,14.2796991645998,154306.0,14.7,0.0,14.89,14.42,14.42,1.0,154306.0
2016-01-28,14.2301856446115,14.3886289085738,14.1608667166281,14.1608667166281,48037.0,14.37,0.0,14.53,14.3,14.3,1.0,48037.0
2016-01-27,14.0321315646587,14.3589207965809,14.0024234526658,14.2202829406139,65624.0,14.17,0.0,14.5,14.14,14.36,1.0,65624.0
2016-01-26,14.3094072765927,14.3193099805903,14.1014504926422,14.1410613086328,39877.0,14.45,0.0,14.46,14.24,14.28,1.0,39877.0
2016-01-25,14.0717423806493,14.438142428562,14.0618396766516,14.4084343165691,49599.0,14.21,0.0,14.58,14.2,14.55,1.0,49599.0
2016-01-22,14.4183370205667,14.4579478365573,14.1410613086328,14.3094072765927,67774.0,14.56,0.0,14.6,14.28,14.45,1.0,67774.0
2016-01-21,14.2202829406139,14.467850540555,14.2103802366163,14.3490180925833,67369.0,14.36,0.0,14.61,14.35,14.49,1.0,67369.0
2016-01-20,14.3589207965809,14.5173640605432,14.0212385902613,14.1311586046351,72274.0,14.5,0.0,14.66,14.159,14.27,1.0,72274.0
2016-01-19,14.329212684588,14.4579478365573,14.0222288606611,14.4579478365573,69593.0,14.47,0.0,14.6,14.16,14.6,1.0,69593.0
2016-01-15,14.3094072765927,14.383677556575,14.0618396766516,14.3094072765927,115276.0,14.45,0.0,14.525,14.2,14.45,1.0,115276.0
2016-01-14,14.6064883965219,14.7550289564866,14.4975586525479,14.4975586525479,92037.0,14.75,0.0,14.9,14.64,14.64,1.0,92037.0
2016-01-13,14.3985316125715,14.7352235484913,14.3094072765927,14.7352235484913,139631.0,14.54,0.0,14.88,14.45,14.88,1.0,139631.0
2016-01-12,14.6857100285031,14.8837641084559,14.6262938045172,14.8045424764748,224954.0,14.83,0.0,15.03,14.77,14.95,1.0,224954.0
2016-01-11,14.6956127325007,15.3590939003427,14.467850540555,14.467850540555,51502.0,14.84,0.0,15.51,14.61,14.61,1.0,51502.0
2016-01-08,14.4183370205667,14.715418140496,14.4084343165691,14.6064883965219,93456.0,14.56,0.0,14.86,14.55,14.75,1.0,93456.0
2016-01-07,14.5371694685384,14.7649316604842,14.4777532445526,14.5272667645408,70969.0,14.68,0.0,14.91,14.62,14.67,1.0,70969.0
2016-01-06,14.7253208444936,14.9530830364394,14.6857100285031,14.715418140496,51112.0,14.87,0.0,15.1,14.83,14.86,1.0,51112.0
2016-01-05,14.7946397724771,14.9134722204488,14.7055154364984,14.8144451804724,40731.0,14.94,0.0,15.06,14.85,14.96,1.0,40731.0
2016-01-04,14.6659046205078,15.1214290043993,14.6560019165102,14.9629857404371,104862.0,14.81,0.0,15.27,14.8,15.11,1.0,104862.0
2015-12-31,15.1610398203899,15.5076344603074,15.1511371163923,15.5076344603074,63506.0,15.31,0.0,15.66,15.3,15.66,1.0,63506.0
2015-12-30,15.4878290523121,15.6858831322649,15.4234614763274,15.6462723162744,68044.0,15.64,0.0,15.84,15.575,15.8,1.0,68044.0
2015-12-29,15.6363696122767,15.6759804282673,15.3987047163333,15.5472452762979,48699.0,15.79,0.0,15.83,15.55,15.7,1.0,48699.0
2015-12-28,15.4680236443168,15.6957858362626,15.3491911963451,15.5670506842932,38599.0,15.62,0.0,15.85,15.5,15.72,1.0,38599.0
2015-12-24,15.6264669082791,15.7452993562508,15.5572470073356,15.7056885402602,31185.0,15.78,0.0,15.9,15.7101,15.86,1.0,31185.0
2015-12-23,15.6660777242696,15.7849101722413,15.5274398683026,15.5274398683026,46006.0,15.82,0.0,15.94,15.68,15.68,1.0,46006.0
2015-12-22,15.6264669082791,15.6462723162744,15.4185101243286,15.5373425723003,68424.0,15.78,0.0,15.8,15.57,15.69,1.0,68424.0
2015-12-21,15.4878290523121,15.5274398683026,15.3491911963451,15.4185101243286,61001.0,15.64,0.0,15.68,15.5,15.57,1.0,61001.0
2015-12-18,15.3987047163333,15.5967587962861,15.1511371163923,15.4086074203309,254152.0,15.55,0.0,15.75,15.3,15.56,1.0,254152.0
2015-12-17,15.4977317563097,16.0027696601895,15.4482182363215,15.8641318042225,90349.0,15.65,0.0,16.16,15.6,16.02,1.0,90349.0
2015-12-16,15.8641318042225,15.8938399162154,15.5076344603074,15.6660777242696,73698.0,16.02,0.0,16.05,15.66,15.82,1.0,73698.0
2015-12-15,15.5967587962861,15.656175020272,15.3293857883498,15.4383155323239,76585.0,15.75,0.0,15.81,15.48,15.59,1.0,76585.0
2015-12-14,15.3392884923474,15.4977317563097,15.2105533403781,15.2501641563687,73562.0,15.49,0.0,15.65,15.36,15.4,1.0,73562.0
2015-12-11,15.2600668603663,15.4185101243286,14.9332776284441,14.9332776284441,109084.0,15.41,0.0,15.57,15.08,15.08,1.0,109084.0
2015-12-10,15.1808452283852,15.3888020123357,15.0818181884088,15.2204560443757,81018.0,15.33,0.0,15.54,15.23,15.37,1.0,81018.0
2015-12-09,15.1610398203899,15.6066615002838,15.101623596404,15.5373425723003,74841.0,15.31,0.0,15.76,15.25,15.69,1.0,74841.0
2015-12-08,15.5868560922885,15.7750074682437,15.5274398683026,15.656175020272,81958.0,15.74,0.0,15.93,15.68,15.81,1.0,81958.0
2015-12-07,15.7849101722413,15.9433534362036,15.656274047312,15.8938399162154,111018.0,15.94,0.0,16.1,15.8101,16.05,1.0,111018.0
2015-12-04,15.9730615481965,15.9829642521942,15.656175020272,15.656175020272,78208.0,16.13,0.0,16.14,15.81,15.81,1.0,78208.0
2015-12-03,15.6660777242696,16.0522831801777,15.6462723162744,15.8443263962272,54116.0,15.82,0.0,16.21,15.8,16.0,1.0,54116.0
2015-12-02,15.8443263962272,16.0126723641871,15.7452993562508,15.933450732206,53067.0,16.0,0.0,16.17,15.9,16.09,1.0,53067.0
2015-12-01,15.8938399162154,16.1315048121588,15.8542291002248,16.1315048121588,56584.0,16.05,0.0,16.29,16.01,16.29,1.0,56584.0
2015-11-30,16.1017967001659,16.1315048121588,15.8740345082201,16.0324777721824,126545.0,16.26,0.02,16.29,16.03,16.19,1.0,126545.0
2015-11-27,16.0325629305706,16.2600453163837,15.9336575454344,16.200702085302,41003.0,16.21,0.0,16.44,16.11,16.38,1.0,41003.0
2015-11-25,16.2600453163837,16.3985128555743,16.0919061616523,16.1017967001659,173665.0,16.44,0.0,16.58,16.27,16.28,1.0,173665.0
2015-11-24,16.1710304697612,16.1809210082748,15.5429812741466,15.5973792359715,181984.0,16.35,0.0,16.36,15.715,15.77,1.0,181984.0
2015-11-23,15.686394082594,15.7303080735945,15.2907725420494,15.3698968501583,166295.0,15.86,0.0,15.9044,15.46,15.54,1.0,166295.0
2015-11-20,15.3501157731311,15.3896779271856,14.994056386641,14.994056386641,131979.0,15.52,0.0,15.56,15.16,15.16,1.0,131979.0
2015-11-19,14.994056386641,15.2116482339405,14.914932078532,15.1621955413724,90076.0,15.16,0.0,15.38,15.08,15.33,1.0,90076.0
2015-11-18,15.1621955413724,15.172086079886,14.6775591542053,14.6775591542053,338613.0,15.33,0.0,15.34,14.84,14.84,1.0,338613.0
2015-11-17,14.5885443075827,14.6775591542053,14.2324849210926,14.3214997677151,271567.0,14.75,0.0,14.84,14.39,14.48,1.0,271567.0
2015-11-16,14.2621565366334,14.3081475407217,14.0050025352794,14.014893073793,300802.0,14.42,0.0,14.4665,14.16,14.17,1.0,300802.0
2015-11-13,13.9555498427113,14.0544552278475,13.9258782271705,13.9555498427113,68817.0,14.11,0.0,14.21,14.08,14.11,1.0,68817.0
2015-11-12,14.0742363048747,14.1830322285245,13.9852214582522,14.0742363048747,79101.0,14.23,0.0,14.34,14.14,14.23,1.0,79101.0
2015-11-11,14.1533606129837,14.3411819393572,14.1039079204156,14.1731416900109,72036.0,14.31,0.0,14.4999,14.26,14.33,1.0,72036.0
2015-11-10,14.1731416900109,14.3116092292015,14.094017381902,14.094017381902,141550.0,14.33,0.0,14.47,14.25,14.25,1.0,141550.0
2015-11-09,14.1929227670381,14.2918281521743,14.1137984589292,14.2423754596062,51668.0,14.35,0.0,14.45,14.27,14.4,1.0,51668.0
2015-11-06,14.2423754596062,14.2918281521743,14.1039079204156,14.1533606129837,111731.0,14.4,0.0,14.45,14.26,14.31,1.0,111731.0
2015-11-05,14.1929227670381,14.2423754596062,13.965440381225,14.2423754596062,85401.0,14.35,0.0,14.4,14.12,14.4,1.0,85401.0
2015-11-04,14.2423754596062,14.272047075147,14.0445646893339,14.1039079204156,85392.0,14.4,0.0,14.43,14.2,14.26,1.0,85392.0
2015-11-03,14.1236889974428,14.2127038440653,13.8468528244467,14.1137984589292,85217.0,14.28,0.0,14.37,14.0001,14.27,1.0,85217.0
2015-11-02,14.1830322285245,14.2324849210926,14.0346741508203,14.2028133055517,66911.0,14.34,0.0,14.39,14.19,14.36,1.0,66911.0
2015-10-30,14.0346741508203,14.2127038440653,13.996694482928,14.1830322285245,153151.0,14.19,0.0,14.37,14.1516,14.34,1.0,153151.0
2015-10-29,14.1533606129837,14.2324849210926,14.0149919791782,14.1039079204156,110476.0,14.31,0.0,14.39,14.1701,14.26,1.0,110476.0
2015-10-28,14.094017381902,14.14347007447,13.9258782271705,13.9456593041977,123171.0,14.25,0.0,14.3,14.08,14.1,1.0,123171.0
2015-10-27,13.9852214582522,14.0643457663611,13.8467539190616,13.9753309197386,98413.0,14.14,0.0,14.22,14.0,14.13,1.0,98413.0
2015-10-26,14.0247836123066,14.0445646893339,13.9357687656841,14.0445646893339,59532.0,14.18,0.0,14.2,14.09,14.2,1.0,59532.0
2015-10-23,14.0050025352794,14.1335795359564,13.8962066116296,13.9258782271705,113400.0,14.16,0.0,14.29,14.05,14.08,1.0,113400.0
2015-10-22,13.8467539190616,13.9852214582522,13.7479474393106,13.7874106879799,75347.0,14.0,0.0,14.14,13.9001,13.94,1.0,75347.0
2015-10-21,13.7478485339254,13.9456593041977,13.7478485339254,13.8962066116296,57413.0,13.9,0.0,14.1,13.9,14.05,1.0,57413.0
2015-10-20,13.8962066116296,13.9852214582522,13.8047191303787,13.8764255346024,75025.0,14.05,0.0,14.14,13.9575,14.03,1.0,75025.0
2015-10-19,13.8467539190616,13.9357687656841,13.7379579954118,13.7379579954118,145317.0,14.0,0.0,14.09,13.89,13.89,1.0,145317.0
2015-10-16,13.8269728420343,13.9258782271705,13.8071917650071,13.9258782271705,51101.0,13.98,0.0,14.08,13.96,14.08,1.0,51101.0
2015-10-15,13.8467539190616,13.8467539190616,13.6786147643301,13.6786147643301,86187.0,14.0,0.0,14.0,13.83,13.83,1.0,86187.0
2015-10-14,13.5994904562212,13.9060971501433,13.5698188406803,13.9060971501433,65473.0,13.75,0.0,14.06,13.72,14.06,1.0,65473.0
2015-10-13,13.8665349960888,14.014893073793,13.8170823035207,13.8467539190616,132016.0,14.02,0.0,14.17,13.97,14.0,1.0,132016.0
2015-10-12,13.8467539190616,13.9159876886569,13.7824654187231,13.8467539190616,59529.0,14.0,0.0,14.07,13.935,14.0,1.0,59529.0
2015-10-09,13.8467539190616,14.0346741508203,13.8072906703922,13.9456593041977,32981.0,14.0,0.0,14.19,13.9601,14.1,1.0,32981.0
2015-10-08,13.9753309197386,14.094017381902,13.8071917650071,13.8467539190616,75230.0,14.13,0.0,14.25,13.96,14.0,1.0,75230.0
2015-10-07,13.9159876886569,13.9456593041977,13.7478485339254,13.757739072439,104040.0,14.07,0.0,14.1,13.9,13.91,1.0,104040.0
2015-10-06,13.7379579954118,13.8665349960888,13.6786147643301,13.7874106879799,117881.0,13.89,0.0,14.02,13.83,13.94,1.0,117881.0
2015-10-05,13.7775201494663,13.9060971501433,13.6687242258165,13.6885053028437,274912.0,13.93,0.0,14.06,13.82,13.84,1.0,274912.0
2015-10-02,13.629162071762,13.6489431487893,13.500585071085,13.5994904562212,82640.0,13.78,0.0,13.8,13.65,13.75,1.0,82640.0
2015-10-01,13.5994904562212,13.7181769183846,13.5994904562212,13.7181769183846,85769.0,13.75,0.0,13.87,13.75,13.87,1.0,85769.0
2015-09-30,13.6983958413573,13.836863380548,13.6687242258165,13.7973012264935,113994.0,13.85,0.0,13.99,13.82,13.95,1.0,113994.0
2015-09-29,13.7775201494663,13.9555498427113,13.7478485339254,13.9159876886569,196083.0,13.93,0.0,14.11,13.9,14.07,1.0,196083.0
2015-09-28,13.9159876886569,14.14347007447,13.8665349960888,14.14347007447,76661.0,14.07,0.0,14.3,14.02,14.3,1.0,76661.0
2015-09-25,14.1335795359564,14.4302956913649,14.1137984589292,14.4302956913649,43590.0,14.29,0.0,14.59,14.27,14.59,1.0,43590.0
2015-09-24,14.3313903062287,14.3907335373104,14.2127038440653,14.2423754596062,63625.0,14.49,0.0,14.55,14.37,14.4,1.0,63625.0
2015-09-23,14.2819376136607,14.3709524602832,14.1533606129837,14.2324849210926,75081.0,14.44,0.0,14.53,14.31,14.39,1.0,75081.0
2015-09-22,14.2028133055517,14.272047075147,14.0841268433883,14.1335795359564,45158.0,14.36,0.0,14.43,14.24,14.29,1.0,45158.0
2015-09-21,14.2621565366334,14.4896389224466,14.222594382579,14.351171383256,67305.0,14.42,0.0,14.65,14.38,14.51,1.0,67305.0
2015-09-18,14.351171383256,14.351171383256,14.094017381902,14.094017381902,148556.0,14.51,0.0,14.51,14.25,14.25,1.0,148556.0
2015-09-17,14.1632511514973,14.3313903062287,14.14347007447,14.14347007447,72653.0,14.32,0.0,14.49,14.3,14.3,1.0,72653.0
2015-09-16,14.1533606129837,14.272047075147,14.14347007447,14.222594382579,34614.0,14.31,0.0,14.43,14.3,14.38,1.0,34614.0
2015-09-15,14.2621565366334,14.2819376136607,14.0534661739961,14.094017381902,59165.0,14.42,0.0,14.44,14.209,14.25,1.0,59165.0
2015-09-14,14.1236889974428,14.1632511514973,14.094017381902,14.14347007447,20503.0,14.28,0.0,14.32,14.25,14.3,1.0,20503.0
2015-09-11,14.14347007447,14.1632511514973,13.9555498427113,13.9555498427113,35771.0,14.3,0.0,14.32,14.11,14.11,1.0,35771.0
2015-09-10,14.0643457663611,14.0841268433883,13.9456593041977,13.9753309197386,24471.0,14.22,0.0,14.24,14.1,14.13,1.0,24471.0
2015-09-09,14.0346741508203,14.094017381902,13.9357687656841,13.9951119967658,47952.0,14.19,0.0,14.25,14.09,14.15,1.0,47952.0
2015-09-08,13.965440381225,13.9852214582522,13.8962066116296,13.965440381225,57125.0,14.12,0.0,14.14,14.05,14.12,1.0,57125.0
2015-09-04,13.8170823035207,13.8665349960888,13.5895999177076,13.6390526102756,56028.0,13.97,0.0,14.02,13.74,13.79,1.0,56028.0
2015-09-03,13.7478485339254,13.9159876886569,13.7478485339254,13.8467539190616,38126.0,13.9,0.0,14.07,13.9,14.0,1.0,38126.0
2015-09-02,13.886316073116,13.9060971501433,13.4016796859489,13.5203661481123,87817.0,14.04,0.0,14.06,13.55,13.67,1.0,87817.0
2015-09-01,13.3917891474353,13.9753309197386,13.372008070408,13.8071917650071,93137.0,13.54,0.0,14.13,13.52,13.96,1.0,93137.0
2015-08-31,13.9951119967658,14.1632511514973,13.629162071762,13.6489431487893,196217.0,14.15,0.0,14.32,13.78,13.8,1.0,196217.0
2015-08-28,13.6885053028437,13.7775201494663,13.5994904562212,13.5994904562212,43501.0,13.84,0.0,13.93,13.75,13.75,1.0,43501.0
2015-08-27,13.6687242258165,13.7775201494663,13.579709379194,13.7478485339254,84693.0,13.82,0.0,13.93,13.73,13.9,1.0,84693.0
2015-08-26,13.7280674568982,13.8269728420343,13.5500377636531,13.8269728420343,119410.0,13.88,0.0,13.98,13.7,13.98,1.0,119410.0
2015-08-25,13.5599283021667,13.9456593041977,13.4906945325714,13.9456593041977,109683.0,13.71,0.0,14.1,13.64,14.1,1.0,109683.0
2015-08-24,13.7478485339254,14.0050025352794,13.5203661481123,13.5203661481123,121212.0,13.9,0.0,14.16,13.67,13.67,1.0,121212.0
2015-08-21,13.9060971501433,14.1929227670381,13.8665349960888,13.9258782271705,119891.0,14.06,0.0,14.35,14.02,14.08,1.0,119891.0
2015-08-20,14.0050025352794,14.2621565366334,13.9852214582522,14.0643457663611,71714.0,14.16,0.0,14.42,14.14,14.22,1.0,71714.0
2015-08-19,14.14347007447,14.2819376136607,14.094017381902,14.1533606129837,31087.0,14.3,0.0,14.44,14.25,14.31,1.0,31087.0
2015-08-18,14.2127038440653,14.3116092292015,14.1929227670381,14.2819376136607,60010.0,14.37,0.0,14.47,14.35,14.44,1.0,60010.0
2015-08-17,14.272047075147,14.3412808447423,14.2028133055517,14.2819376136607,42194.0,14.43,0.0,14.5,14.36,14.44,1.0,42194.0
2015-08-14,14.3412808447423,14.3907335373104,14.1236889974428,14.1533606129837,36529.0,14.5,0.0,14.55,14.28,14.31,1.0,36529.0
2015-08-13,14.1632511514973,14.2819376136607,14.094017381902,14.094017381902,62430.0,14.32,0.0,14.44,14.25,14.25,1.0,62430.0
2015-08-12,14.094017381902,14.1533606129837,14.0346741508203,14.1137984589292,125097.0,14.25,0.0,14.31,14.19,14.27,1.0,125097.0
2015-08-11,14.1533606129837,14.2522659981198,14.1039079204156,14.1929227670381,64411.0,14.31,0.0,14.41,14.26,14.35,1.0,64411.0
2015-08-10,14.2621565366334,14.400624075824,14.1335795359564,14.2819376136607,81409.0,14.42,0.0,14.56,14.29,14.44,1.0,81409.0
2015-08-07,14.2819376136607,14.400624075824,14.2621565366334,14.3412808447423,55952.0,14.44,0.0,14.56,14.42,14.5,1.0,55952.0
2015-08-06,14.400624075824,14.529201076501,14.3165544984583,14.4401862298785,47732.0,14.56,0.0,14.69,14.475,14.6,1.0,47732.0
2015-08-05,14.4204051528513,14.5786537690691,14.3313903062287,14.4896389224466,44447.0,14.58,0.0,14.74,14.49,14.65,1.0,44447.0
2015-08-04,14.4599673069057,14.5094199994738,14.4105146143377,14.4896389224466,72847.0,14.62,0.02,14.67,14.57,14.65,1.0,72847.0
2015-08-03,14.3908281189629,14.4994754143016,14.2525497430772,14.331565957869,68451.0,14.57,0.0,14.68,14.43,14.51,1.0,68451.0
2015-07-31,14.2624267699261,14.5093524411506,14.1834105551343,14.4797213606037,79901.0,14.44,0.0,14.69,14.36,14.66,1.0,79901.0
2015-07-30,14.4105821726608,14.4500902800568,14.0856279893294,14.2426727162282,51314.0,14.59,0.0,14.63,14.261,14.42,1.0,51314.0
2015-07-29,14.341442984718,14.5666391968747,14.2327956893792,14.5488605485465,46870.0,14.52,0.0,14.748,14.41,14.73,1.0,46870.0
2015-07-28,14.5291064948486,14.5587375753955,14.2525497430772,14.4698443337547,106459.0,14.71,0.0,14.74,14.43,14.65,1.0,106459.0
2015-07-27,14.4500902800568,14.5192294679996,14.1636565014363,14.3710740652649,116086.0,14.63,0.0,14.7,14.34,14.55,1.0,116086.0
2015-07-24,14.351320011567,14.5686146022445,14.2723037967751,14.4994754143016,113269.0,14.53,0.0,14.75,14.45,14.68,1.0,113269.0
2015-07-23,14.5686146022445,14.7661551392241,14.4303362263588,14.6179997364894,254326.0,14.75,0.0,14.95,14.61,14.8,1.0,254326.0
2015-07-22,14.5784916290935,14.5982456827914,14.1636565014363,14.2525497430772,95216.0,14.76,0.0,14.78,14.34,14.43,1.0,95216.0
2015-07-21,14.3611970384159,14.6673848707343,14.2920578504731,14.311811904171,37373.0,14.54,0.0,14.85,14.47,14.49,1.0,37373.0
2015-07-20,14.4007051458119,14.6970159512812,14.341442984718,14.6081227096404,56323.0,14.58,0.0,14.88,14.52,14.79,1.0,56323.0
2015-07-17,14.6575078438853,14.815540273469,14.5686146022445,14.795786219771,50761.0,14.84,0.0,15.0,14.75,14.98,1.0,50761.0
2015-07-16,14.7365240586771,14.8748024345629,14.6772618975833,14.7661551392241,33344.0,14.92,0.0,15.06,14.86,14.95,1.0,33344.0
2015-07-15,14.6772618975833,14.80566324662,14.6673848707343,14.80566324662,19737.0,14.86,0.0,14.99,14.85,14.99,1.0,19737.0
2015-07-14,14.80566324662,14.825417300318,14.6377537901874,14.6377537901874,111767.0,14.99,0.0,15.01,14.82,14.82,1.0,111767.0
2015-07-13,14.7068929781302,14.815540273469,14.6278767633384,14.7266470318282,53346.0,14.89,0.0,15.0,14.81,14.91,1.0,53346.0
2015-07-10,14.7266470318282,14.8748024345629,14.4007051458119,14.4698443337547,135246.0,14.91,0.0,15.06,14.58,14.65,1.0,135246.0
2015-07-09,14.4402132532078,14.4698443337547,14.2723037967751,14.3710740652649,48911.0,14.62,0.0,14.65,14.45,14.55,1.0,48911.0
2015-07-08,14.2031646088323,14.3611970384159,14.1834105551343,14.2229186625302,48690.0,14.38,0.0,14.54,14.36,14.4,1.0,48690.0
2015-07-07,14.341442984718,14.4105821726608,14.0648862329466,14.2821808236241,122305.0,14.52,0.0,14.59,14.24,14.46,1.0,122305.0
2015-07-06,14.1834105551343,14.2426727162282,14.0353539226681,14.0945173134935,36968.0,14.36,0.0,14.42,14.2101,14.27,1.0,36968.0
2015-07-02,14.1142713671915,14.2229186625302,13.9858700181547,14.0550092060976,24919.0,14.29,0.0,14.4,14.16,14.23,1.0,24919.0
2015-07-01,14.0253781255506,14.0747632597955,13.7389443469302,13.877222722816,68152.0,14.2,0.0,14.25,13.91,14.05,1.0,68152.0
2015-06-30,13.8278375885711,14.0352551523996,13.7488213737792,13.9957470450037,44451.0,14.0,0.0,14.21,13.92,14.17,1.0,44451.0
2015-06-29,13.9463619107588,14.1043943403425,13.857468669118,14.0253781255506,91164.0,14.12,0.0,14.28,14.03,14.2,1.0,91164.0
2015-06-26,14.1142713671915,14.2229186625302,13.857468669118,14.0945173134935,448311.0,14.29,0.0,14.4,14.03,14.27,1.0,448311.0
2015-06-25,14.0648862329466,14.2920578504731,14.0155010987017,14.2920578504731,45230.0,14.24,0.0,14.47,14.19,14.47,1.0,45230.0
2015-06-24,14.2130416356812,14.3019348773221,14.0550092060976,14.1834105551343,48086.0,14.39,0.0,14.48,14.23,14.36,1.0,48086.0
2015-06-23,14.2525497430772,14.2525497430772,13.8179605617221,13.9759929913057,41777.0,14.43,0.0,14.43,13.99,14.15,1.0,41777.0
2015-06-22,14.0550092060976,14.2525497430772,14.0253781255506,14.2229186625302,26208.0,14.23,0.0,14.43,14.2,14.4,1.0,26208.0
2015-06-19,14.1932875819833,14.2723037967751,13.683632996576,13.8278375885711,190651.0,14.37,0.0,14.45,13.854,14.0,1.0,190651.0
2015-06-18,13.877222722816,14.1142713671915,13.83771461542,13.9463619107588,50975.0,14.05,0.0,14.29,14.01,14.12,1.0,50975.0
2015-06-17,13.857468669118,14.2130416356812,13.8367269127351,14.1537794745874,55955.0,14.03,0.0,14.39,14.009,14.33,1.0,55955.0
2015-06-16,14.0747632597955,14.1439024477384,13.7488213737792,13.7883294811751,55679.0,14.25,0.0,14.32,13.92,13.96,1.0,55679.0
2015-06-15,13.8179605617221,13.847591642269,13.5907889441955,13.6994362395343,58302.0,13.99,0.0,14.02,13.76,13.87,1.0,58302.0
2015-06-12,13.8080835348731,13.8870997496649,13.5710348904976,13.7982065080241,30138.0,13.98,0.0,14.06,13.74,13.97,1.0,30138.0
2015-06-11,13.7685754274772,13.9364848839098,13.5809119173466,13.6105429978935,46959.0,13.94,0.0,14.11,13.75,13.78,1.0,46959.0
2015-06-10,13.6599281321384,13.6698051589874,13.4722646220078,13.5315267831017,61518.0,13.83,0.0,13.84,13.64,13.7,1.0,61518.0
2015-06-09,13.4623875951588,13.5216497562527,13.363617326669,13.4130024609139,93914.0,13.63,0.0,13.69,13.53,13.58,1.0,93914.0
2015-06-08,13.4228794877629,13.4767092840898,13.363617326669,13.4525105683098,31897.0,13.59,0.0,13.6445,13.53,13.62,1.0,31897.0
2015-06-05,13.4920186757058,13.5216497562527,13.4327565146119,13.4722646220078,17100.0,13.66,0.0,13.69,13.6,13.64,1.0,17100.0
2015-06-04,13.4327565146119,13.5315267831017,13.393248407216,13.4525105683098,26131.0,13.6,0.0,13.7,13.56,13.62,1.0,26131.0
2015-06-03,13.5315267831017,13.5414038099507,13.4426335414609,13.4426335414609,37811.0,13.7,0.0,13.71,13.61,13.61,1.0,37811.0
2015-06-02,13.5216497562527,13.5710348904976,13.4327565146119,13.4327565146119,41966.0,13.69,0.0,13.74,13.6,13.6,1.0,41966.0
2015-06-01,13.5117727294037,13.6994362395343,13.3241092192731,13.5809119173466,29643.0,13.68,0.0,13.87,13.49,13.75,1.0,29643.0
2015-05-29,13.5414038099507,13.5809119173466,13.2648470581792,13.2648470581792,335105.0,13.71,0.0,13.75,13.43,13.43,1.0,335105.0
2015-05-28,13.2648470581792,13.431768811927,13.2154619239343,13.421694244541,77337.0,13.43,0.0,13.599,13.38,13.5888,1.0,77337.0
2015-05-27,13.35374029982,13.4031254340649,13.2352159776323,13.2352159776323,98215.0,13.52,0.0,13.57,13.4,13.4,1.0,98215.0
2015-05-26,13.2055848970854,13.4228794877629,13.1858308433874,13.383371380367,53278.0,13.37,0.0,13.59,13.35,13.55,1.0,53278.0
2015-05-22,13.4426335414609,13.6105429978935,13.3339862461221,13.5512808367996,28654.0,13.61,0.0,13.78,13.5,13.72,1.0,28654.0
2015-05-21,13.6006659710445,13.6500511052894,13.5315267831017,13.6204200247425,25996.0,13.77,0.0,13.82,13.7,13.79,1.0,25996.0
2015-05-20,13.5907889441955,13.6302970515915,13.5315267831017,13.6204200247425,11761.0,13.76,0.0,13.8,13.7,13.79,1.0,11761.0
2015-05-19,13.5611578636486,13.5809119173466,13.4228794877629,13.4426335414609,62512.0,13.73,0.0,13.75,13.59,13.61,1.0,62512.0
2015-05-18,13.4525105683098,13.5216497562527,13.2450930044813,13.2450930044813,47107.0,13.62,0.0,13.69,13.41,13.41,1.0,47107.0
2015-05-15,13.3043551655751,13.4525105683098,13.2549700313303,13.4130024609139,51235.0,13.47,0.0,13.62,13.42,13.58,1.0,51235.0
2015-05-14,13.4722646220078,13.5414038099507,13.363617326669,13.363617326669,34177.0,13.64,0.0,13.71,13.53,13.53,1.0,34177.0
2015-05-13,13.373494353518,13.5262919588717,13.3142321924241,13.5117727294037,22432.0,13.54,0.0,13.6947,13.48,13.68,1.0,22432.0
2015-05-12,13.4228794877629,13.4525105683098,13.2352159776323,13.2944781387262,29340.0,13.59,0.0,13.62,13.4,13.46,1.0,29340.0
2015-05-11,13.2944781387262,13.5018957025547,13.2352159776323,13.2352159776323,28652.0,13.46,0.0,13.67,13.4,13.4,1.0,28652.0
2015-05-08,13.2944781387262,13.4722646220078,13.2747240850282,13.4228794877629,25910.0,13.46,0.0,13.64,13.44,13.59,1.0,25910.0
2015-05-07,13.3438632729711,13.5414038099507,13.2944781387262,13.383371380367,23712.0,13.51,0.0,13.71,13.46,13.55,1.0,23712.0
2015-05-06,13.4426335414609,13.4525105683098,13.2253389507833,13.2648470581792,69472.0,13.61,0.0,13.62,13.39,13.43,1.0,69472.0
2015-05-05,13.2648470581792,13.4130024609139,13.2549700313303,13.2549700313303,50916.0,13.43,0.0,13.58,13.42,13.42,1.0,50916.0
2015-05-04,13.2747240850282,13.6105429978935,13.2450930044813,13.2450930044813,33188.0,13.44,0.0,13.78,13.41,13.41,1.0,33188.0
2015-05-01,13.2549700313303,13.3339862461221,13.2352159776323,13.2450930044813,49168.0,13.42,0.0,13.5,13.4,13.41,1.0,49168.0
2015-04-30,13.2549700313303,13.6302970515915,13.2450930044813,13.5315267831017,125066.0,13.42,0.0,13.8,13.41,13.7,1.0,125066.0
2015-04-29,13.6302970515915,13.8080835348731,13.4031254340649,13.5315267831017,78283.0,13.8,0.0,13.98,13.57,13.7,1.0,78283.0
2015-04-28,13.6204200247425,13.7093132663833,13.4623875951588,13.4722646220078,40726.0,13.79,0.0,13.88,13.63,13.64,1.0,40726.0
2015-04-27,13.4327565146119,13.5117727294037,13.3339862461221,13.4525105683098,140616.0,13.6,0.0,13.68,13.5,13.62,1.0,140616.0
2015-04-24,13.4722646220078,13.4821416488568,13.3339862461221,13.4327565146119,54433.0,13.64,0.0,13.65,13.5,13.6,1.0,54433.0
2015-04-23,13.383371380367,13.393248407216,13.2944781387262,13.3043551655751,28923.0,13.55,0.0,13.56,13.46,13.47,1.0,28923.0
2015-04-22,13.363617326669,13.4031254340649,13.2944781387262,13.2944781387262,41028.0,13.53,0.0,13.57,13.46,13.46,1.0,41028.0
2015-04-21,13.3241092192731,13.3241092192731,13.1660767896894,13.3142321924241,111403.0,13.49,0.0,13.49,13.33,13.48,1.0,111403.0
2015-04-20,13.2747240850282,13.2944781387262,12.9981673332568,13.0870605748976,74260.0,13.44,0.0,13.46,13.16,13.25,1.0,74260.0
2015-04-17,13.0080443601058,13.2055848970854,12.9882903064078,13.0870605748976,33956.0,13.17,0.0,13.37,13.15,13.25,1.0,33956.0
2015-04-16,13.1759538165384,13.3142321924241,13.1561997628405,13.3142321924241,19747.0,13.34,0.0,13.48,13.32,13.48,1.0,19747.0
2015-04-15,13.2846011118772,13.2944781387262,13.1364457091425,13.1660767896894,42664.0,13.45,0.0,13.46,13.3,13.33,1.0,42664.0
2015-04-14,13.1364457091425,13.1364457091425,12.9487821990119,13.0771835480486,91199.0,13.3,0.0,13.3,13.11,13.24,1.0,91199.0
2015-04-13,13.0277984138037,13.0870605748976,12.9981673332568,13.0870605748976,98234.0,13.19,0.0,13.25,13.16,13.25,1.0,98234.0
2015-04-10,13.0277984138037,13.0969376017466,12.9290281453139,13.0969376017466,26272.0,13.19,0.0,13.26,13.09,13.26,1.0,26272.0
2015-04-09,13.0574294943507,13.0870605748976,12.9784132795588,13.0771835480486,100791.0,13.22,0.0,13.25,13.14,13.24,1.0,100791.0
2015-04-08,13.0771835480486,13.0771835480486,12.9586592258609,12.9586592258609,45762.0,13.24,0.0,13.24,13.12,13.12,1.0,45762.0
2015-04-07,12.9981673332568,13.0771835480486,12.9784132795588,13.0376754406527,40984.0,13.16,0.0,13.24,13.14,13.2,1.0,40984.0
2015-04-06,13.0376754406527,13.0870605748976,13.0376754406527,13.0376754406527,100111.0,13.2,0.0,13.25,13.2,13.2,1.0,100111.0
2015-04-02,13.0771835480486,13.1364457091425,13.0475524675017,13.1265686822935,30502.0,13.24,0.0,13.3,13.21,13.29,1.0,30502.0
2015-04-01,13.0870605748976,13.0870605748976,12.9389051721629,13.0376754406527,59244.0,13.25,0.0,13.25,13.1,13.2,1.0,59244.0
2015-03-31,13.0574294943507,13.0673065211996,12.9389051721629,12.9685362527099,56368.0,13.22,0.0,13.23,13.1,13.13,1.0,56368.0
2015-03-30,13.0574294943507,13.1265686822935,12.9290281453139,12.9290281453139,107592.0,13.22,0.0,13.29,13.09,13.09,1.0,107592.0
2015-03-27,12.9290281453139,12.9882903064078,12.8401349036731,12.9586592258609,34350.0,13.09,0.0,13.15,13.0,13.12,1.0,34350.0
2015-03-26,12.9685362527099,13.0277984138037,12.8598889573711,12.9290281453139,59636.0,13.13,0.0,13.19,13.02,13.09,1.0,59636.0
2015-03-25,12.919151118465,13.1660767896894,12.8500119305221,13.1364457091425,63119.0,13.08,0.0,13.33,13.01,13.3,1.0,63119.0
2015-03-24,13.1561997628405,13.1957078702364,13.0870605748976,13.1364457091425,66144.0,13.32,0.0,13.36,13.25,13.3,1.0,66144.0
2015-03-23,13.1068146285956,13.2627728825409,13.0574294943507,13.0673065211996,87889.0,13.27,0.0,13.4279,13.22,13.23,1.0,87889.0
2015-03-20,13.1068146285956,13.1463227359915,13.0080443601058,13.0574294943507,140001.0,13.27,0.0,13.31,13.17,13.22,1.0,140001.0
2015-03-19,13.0376754406527,13.1561997628405,12.9981673332568,13.0673065211996,23780.0,13.2,0.0,13.32,13.16,13.23,1.0,23780.0
2015-03-18,13.1265686822935,13.2253389507833,13.0870605748976,13.1265686822935,24918.0,13.29,0.0,13.39,13.25,13.29,1.0,24918.0
2015-03-17,13.1265686822935,13.1858308433874,12.9981673332568,13.1265686822935,30005.0,13.29,0.0,13.35,13.16,13.29,1.0,30005.0
2015-03-16,13.0969376017466,13.2747240850282,13.0870605748976,13.2154619239343,84954.0,13.26,0.0,13.44,13.25,13.38,1.0,84954.0
2015-03-13,13.1759538165384,13.2154619239343,12.9981673332568,12.9981673332568,110841.0,13.34,0.0,13.38,13.16,13.16,1.0,110841.0
2015-03-12,13.0376754406527,13.0376754406527,12.899397064767,12.9290281453139,66342.0,13.2,0.0,13.2,13.06,13.09,1.0,66342.0
2015-03-11,12.8500119305221,12.9685362527099,12.7413646351833,12.7512416620323,129205.0,13.01,0.0,13.13,12.9,12.91,1.0,129205.0
2015-03-10,12.7512416620323,12.7808727425792,12.7067950412119,12.7611186888813,140698.0,12.91,0.0,12.94,12.865,12.92,1.0,140698.0
2015-03-09,12.7413646351833,12.8055653097017,12.7216105814854,12.7907497694282,147958.0,12.9,0.0,12.965,12.88,12.95,1.0,147958.0
2015-03-06,12.7413646351833,12.7907497694282,12.6623484203915,12.6623484203915,54326.0,12.9,0.0,12.95,12.82,12.82,1.0,54326.0
2015-03-05,12.7512416620323,12.7907497694282,12.7117335546364,12.7117335546364,47822.0,12.91,0.0,12.95,12.87,12.87,1.0,47822.0
2015-03-04,12.6919795009384,12.8105038231262,12.6919795009384,12.6919795009384,110591.0,12.85,0.0,12.97,12.85,12.85,1.0,110591.0
2015-03-03,12.6919795009384,12.8203808499752,12.6919795009384,12.6919795009384,37826.0,12.85,0.0,12.98,12.85,12.85,1.0,37826.0
2015-03-02,12.7512416620323,12.8302578768241,12.7413646351833,12.7413646351833,48581.0,12.91,0.0,12.99,12.9,12.9,1.0,48581.0
2015-02-27,12.7117335546364,12.8203808499752,12.7117335546364,12.7314876083343,64936.0,12.87,0.0,12.98,12.87,12.89,1.0,64936.0
2015-02-26,12.7709957157303,12.8025034313785,12.6919795009384,12.6919795009384,73444.0,12.93,0.0,12.9619,12.85,12.85,1.0,73444.0
2015-02-25,12.7018565277874,12.8697659842201,12.7018565277874,12.8006267962772,57882.0,12.86,0.0,13.03,12.86,12.96,1.0,57882.0
2015-02-24,12.8006267962772,12.8598889573711,12.7018565277874,12.8203808499752,25757.0,12.96,0.0,13.02,12.86,12.98,1.0,25757.0
2015-02-23,12.7216105814854,12.8401349036731,12.6919795009384,12.7018565277874,127687.0,12.88,0.0,13.0,12.85,12.86,1.0,127687.0
2015-02-20,12.7117335546364,12.8302578768241,12.6919795009384,12.8302578768241,54175.0,12.87,0.0,12.99,12.85,12.99,1.0,54175.0
2015-02-19,12.7808727425792,12.889520037918,12.7216105814854,12.7611186888813,70772.0,12.94,0.0,13.05,12.88,12.92,1.0,70772.0
2015-02-18,12.7611186888813,12.8006267962772,12.6623484203915,12.7611186888813,46024.0,12.92,0.0,12.96,12.82,12.92,1.0,46024.0
2015-02-17,12.7709957157303,12.8911003622139,12.7611186888813,12.8500119305221,35235.0,12.93,0.0,13.0516,12.92,13.01,1.0,35235.0
2015-02-13,12.8105038231262,12.909274091616,12.8006267962772,12.8203808499752,97390.0,12.97,0.0,13.07,12.96,12.98,1.0,97390.0
2015-02-12,12.8401349036731,12.8598889573711,12.7413646351833,12.8006267962772,57288.0,13.0,0.0,13.02,12.9,12.96,1.0,57288.0
2015-02-11,12.7413646351833,12.7808727425792,12.6919795009384,12.7314876083343,35326.0,12.9,0.0,12.94,12.85,12.89,1.0,35326.0
2015-02-10,12.7907497694282,12.8500119305221,12.6919795009384,12.7907497694282,62055.0,12.95,0.0,13.01,12.85,12.95,1.0,62055.0
2015-02-09,12.7216105814854,13.0376754406527,12.7018565277874,13.0376754406527,133645.0,12.88,0.0,13.2,12.86,13.2,1.0,133645.0
2015-02-06,13.0771835480486,13.2352159776323,13.0080443601058,13.1957078702364,104493.0,13.24,0.0,13.4,13.17,13.36,1.0,104493.0
2015-02-05,13.1759538165384,13.2846011118772,13.0673065211996,13.1068146285956,176804.0,13.34,0.0,13.45,13.23,13.27,1.0,176804.0
2015-02-04,13.0277984138037,13.1858308433874,12.9882903064078,13.1759538165384,35237.0,13.19,0.0,13.35,13.15,13.34,1.0,35237.0
2015-02-03,13.1759538165384,13.3043551655751,13.0673065211996,13.2154619239343,89709.0,13.34,0.0,13.47,13.23,13.38,1.0,89709.0
2015-02-02,13.1364457091425,13.2549700313303,12.9882903064078,13.1759538165384,124046.0,13.3,0.0,13.42,13.15,13.34,1.0,124046.0
2015-01-30,13.1265686822935,13.2253389507833,12.8006267962772,12.8006267962772,77889.0,13.29,0.0,13.39,12.96,12.96,1.0,77889.0
2015-01-29,12.889520037918,12.889520037918,12.6623484203915,12.6623484203915,57666.0,13.05,0.0,13.05,12.82,12.82,1.0,57666.0
2015-01-28,12.6722254472405,12.9290281453139,12.6228403129956,12.8697659842201,78878.0,12.83,0.0,13.09,12.78,13.03,1.0,78878.0
2015-01-27,12.7907497694282,12.899397064767,12.7314876083343,12.7314876083343,57687.0,12.95,0.0,13.06,12.89,12.89,1.0,57687.0
2015-01-26,12.8697659842201,12.9685362527099,12.7907497694282,12.9685362527099,37516.0,13.03,0.0,13.13,12.95,13.13,1.0,37516.0
2015-01-23,12.8203808499752,13.0969376017466,12.7709957157303,13.0969376017466,60438.0,12.98,0.0,13.26,12.93,13.26,1.0,60438.0
2015-01-22,13.0475524675017,13.0673065211996,12.7117335546364,12.7611186888813,97994.0,13.21,0.0,13.23,12.87,12.92,1.0,97994.0
2015-01-21,12.6623484203915,12.889520037918,12.6425943666935,12.8401349036731,64187.0,12.82,0.0,13.05,12.8,13.0,1.0,64187.0
2015-01-20,12.899397064767,13.0179213869547,12.7413646351833,12.8105038231262,66440.0,13.06,0.0,13.18,12.9,12.97,1.0,66440.0
2015-01-16,12.8500119305221,12.8697659842201,12.6919795009384,12.7314876083343,58141.0,13.01,0.0,13.03,12.85,12.89,1.0,58141.0
2015-01-15,12.7808727425792,13.0475524675017,12.7413646351833,13.0475524675017,94131.0,12.94,0.0,13.21,12.9,13.21,1.0,94131.0
2015-01-14,13.0673065211996,13.3142321924241,12.879643011069,13.1561997628405,57701.0,13.23,0.0,13.48,13.04,13.32,1.0,57701.0
2015-01-13,13.2648470581792,13.4130024609139,13.0969376017466,13.2352159776323,79311.0,13.43,0.0,13.58,13.26,13.4,1.0,79311.0
2015-01-12,13.1759538165384,13.2944781387262,12.9784132795588,13.0179213869547,69556.0,13.34,0.0,13.46,13.14,13.18,1.0,69556.0
2015-01-09,13.0673065211996,13.3241092192731,12.9981673332568,13.3142321924241,35383.0,13.23,0.0,13.49,13.16,13.48,1.0,35383.0
2015-01-08,13.3142321924241,13.3142321924241,12.889520037918,12.889520037918,86038.0,13.48,0.0,13.48,13.05,13.05,1.0,86038.0
2015-01-07,12.8105038231262,12.909274091616,12.7907497694282,12.909274091616,46918.0,12.97,0.0,13.07,12.95,13.07,1.0,46918.0
2015-01-06,12.8401349036731,13.0870605748976,12.7911448505022,13.0376754406527,84347.0,13.0,0.0,13.25,12.9504,13.2,1.0,84347.0
2015-01-05,12.9784132795588,13.0870605748976,12.7907497694282,12.9882903064078,79719.0,13.14,0.0,13.25,12.95,13.15,1.0,79719.0
2015-01-02,13.0080443601058,13.4130024609139,12.9389051721629,13.4130024609139,55072.0,13.17,0.0,13.58,13.1,13.58,1.0,55072.0
2014-12-31,13.4130024609139,13.4722646220078,13.363617326669,13.4722646220078,44112.0,13.58,0.0,13.64,13.53,13.64,1.0,44112.0
2014-12-30,13.4031254340649,13.5117727294037,13.3586788132445,13.5117727294037,43472.0,13.57,0.0,13.68,13.525,13.68,1.0,43472.0
2014-12-29,13.5315267831017,13.5710348904976,13.3339862461221,13.393248407216,51218.0,13.7,0.0,13.74,13.5,13.56,1.0,51218.0
2014-12-26,13.393248407216,13.4130024609139,13.2747240850282,13.393248407216,24492.0,13.56,0.0,13.58,13.44,13.56,1.0,24492.0
2014-12-24,13.3339862461221,13.3339862461221,13.1858308433874,13.2352159776323,43826.0,13.5,0.0,13.5,13.35,13.4,1.0,43826.0
2014-12-23,13.2154619239343,13.2846011118772,13.0574294943507,13.2846011118772,30004.0,13.38,0.0,13.45,13.22,13.45,1.0,30004.0
2014-12-22,13.2846011118772,13.3142321924241,13.1166916554445,13.3142321924241,52642.0,13.45,0.0,13.48,13.28,13.48,1.0,52642.0
2014-12-19,13.3438632729711,13.373494353518,13.0969376017466,13.0969376017466,255719.0,13.51,0.0,13.54,13.26,13.26,1.0,255719.0
2014-12-18,13.1561997628405,13.3339862461221,13.0179213869547,13.3339862461221,50960.0,13.32,0.0,13.5,13.18,13.5,1.0,50960.0
2014-12-17,13.2747240850282,13.2747240850282,12.919151118465,12.9882903064078,75192.0,13.44,0.0,13.44,13.08,13.15,1.0,75192.0
2014-12-16,13.0277984138037,13.2154619239343,11.1116552051017,11.1116552051017,35772.0,13.19,0.0,13.38,11.25,11.25,1.0,35772.0
2014-12-15,13.0574294943507,13.1265686822935,13.0179213869547,13.0673065211996,59377.0,13.22,0.0,13.29,13.18,13.23,1.0,59377.0
2014-12-12,13.0673065211996,13.1265686822935,13.000636589969,13.0475524675017,121715.0,13.23,0.0,13.29,13.1625,13.21,1.0,121715.0
2014-12-11,13.1561997628405,13.3142321924241,12.9981673332568,13.1265686822935,81975.0,13.32,0.0,13.48,13.16,13.29,1.0,81975.0
2014-12-10,13.0969376017466,13.2352159776323,13.0179213869547,13.2154619239343,63132.0,13.26,0.0,13.4,13.18,13.38,1.0,63132.0
2014-12-09,13.2352159776323,13.2846011118772,12.9616223339156,13.0080443601058,146210.0,13.4,0.0,13.45,13.123,13.17,1.0,146210.0
2014-12-08,13.0475524675017,13.1166916554445,12.9784132795588,13.0574294943507,84701.0,13.21,0.0,13.28,13.14,13.22,1.0,84701.0
2014-12-05,13.1166916554445,13.1364457091425,12.9882903064078,12.9882903064078,51780.0,13.28,0.0,13.3,13.15,13.15,1.0,51780.0
2014-12-04,13.0080443601058,13.1265686822935,12.9685362527099,12.9784132795588,74598.0,13.17,0.0,13.29,13.13,13.14,1.0,74598.0
2014-12-03,13.0969376017466,13.1660767896894,12.919151118465,13.0574294943507,65148.0,13.26,0.0,13.33,13.08,13.22,1.0,65148.0
2014-12-02,13.0179213869547,13.0771835480486,12.889520037918,12.9882903064078,100500.0,13.18,0.0,13.24,13.05,13.15,1.0,100500.0
2014-12-01,12.9290281453139,13.1561997628405,12.9290281453139,13.0673065211996,109413.0,13.09,0.0,13.32,13.09,13.23,1.0,109413.0
2014-11-28,13.0574294943507,13.1957078702364,13.0376754406527,13.1759538165384,61886.0,13.22,0.0,13.36,13.2,13.34,1.0,61886.0
2014-11-26,13.1364457091425,13.1463227359915,12.9882903064078,13.0870605748976,64194.0,13.3,0.0,13.31,13.15,13.25,1.0,64194.0
2014-11-25,13.1068146285956,13.2055848970854,12.9586592258609,13.0870605748976,231405.0,13.27,0.0,13.37,13.12,13.25,1.0,231405.0
2014-11-24,13.1068146285956,13.1068146285956,12.9586592258609,12.9586592258609,65773.0,13.27,0.0,13.27,13.12,13.12,1.0,65773.0
2014-11-21,12.9389051721629,13.2352159776323,12.919151118465,13.2352159776323,66020.0,13.1,0.0,13.4,13.08,13.4,1.0,66020.0
2014-11-20,13.1068146285956,13.1265686822935,12.8500119305221,12.8500119305221,110412.0,13.27,0.0,13.29,13.01,13.01,1.0,110412.0
2014-11-19,12.9290281453139,13.2154619239343,12.879643011069,13.0673065211996,94694.0,13.09,0.0,13.38,13.04,13.23,1.0,94694.0
2014-11-18,13.1166916554445,13.2747240850282,13.0870605748976,13.2648470581792,49425.0,13.28,0.0,13.44,13.25,13.43,1.0,49425.0
2014-11-17,13.2253389507833,13.2549700313303,13.1720030057988,13.2549700313303,42303.0,13.39,0.0,13.42,13.336,13.42,1.0,42303.0
2014-11-14,13.2549700313303,13.2747240850282,13.1907693568119,13.2747240850282,46701.0,13.42,0.0,13.44,13.355,13.44,1.0,46701.0
2014-11-13,13.2747240850282,13.4031254340649,13.2253389507833,13.3043551655751,72856.0,13.44,0.0,13.57,13.39,13.47,1.0,72856.0
2014-11-12,13.3043551655751,13.3809021236547,13.1364457091425,13.363617326669,94559.0,13.47,0.0,13.5475,13.3,13.53,1.0,94559.0
2014-11-11,13.383371380367,13.4327565146119,13.2846011118772,13.4327565146119,83087.0,13.55,0.0,13.6,13.45,13.6,1.0,83087.0
2014-11-10,13.383371380367,13.4228794877629,13.2846011118772,13.35374029982,85476.0,13.55,0.0,13.59,13.45,13.52,1.0,85476.0
2014-11-07,13.3438632729711,13.4327565146119,13.2944781387262,13.4228794877629,76049.0,13.51,0.0,13.6,13.46,13.59,1.0,76049.0
2014-11-06,13.4130024609139,13.4327565146119,13.2846011118772,13.2944781387262,82110.0,13.58,0.0,13.6,13.45,13.46,1.0,82110.0
2014-11-05,13.3142321924241,13.3339862461221,13.2648470581792,13.3339862461221,40623.0,13.48,0.0,13.5,13.43,13.5,1.0,40623.0
2014-11-04,13.3142321924241,13.3241092192731,13.1660767896894,13.1759538165384,245309.0,13.48,0.0,13.49,13.33,13.34,1.0,245309.0
2014-11-03,13.2253389507833,13.2253389507833,13.0574294943507,13.1463227359915,63818.0,13.39,0.0,13.39,13.22,13.31,1.0,63818.0
2014-10-31,13.1660767896894,13.2846011118772,13.1364457091425,13.2846011118772,99971.0,13.33,0.0,13.45,13.3,13.45,1.0,99971.0
2014-10-30,13.2352159776323,13.2352159776323,13.1364457091425,13.1858308433874,68033.0,13.4,0.0,13.4,13.3,13.35,1.0,68033.0
2014-10-29,13.1858308433874,13.2055848970854,13.0673065211996,13.1166916554445,75447.0,13.35,0.0,13.37,13.23,13.28,1.0,75447.0
2014-10-28,13.1166916554445,13.1265686822935,13.0031058466813,13.0574294943507,146044.0,13.28,0.0,13.29,13.165,13.22,1.0,146044.0
2014-10-27,13.0277984138037,13.0673065211996,12.8401349036731,13.0673065211996,89259.0,13.19,0.0,13.23,13.0,13.23,1.0,89259.0
2014-10-24,13.0277984138037,13.0475524675017,12.8598889573711,12.9290281453139,135304.0,13.19,0.0,13.21,13.02,13.09,1.0,135304.0
2014-10-23,12.889520037918,13.0082419006427,12.8401349036731,12.9784132795588,61581.0,13.05,0.0,13.1702,13.0,13.14,1.0,61581.0
2014-10-22,12.919151118465,13.1068146285956,12.899397064767,13.1068146285956,69742.0,13.08,0.0,13.27,13.06,13.27,1.0,69742.0
2014-10-21,13.0376754406527,13.0870605748976,12.9784132795588,13.0179213869547,210562.0,13.2,0.0,13.25,13.14,13.18,1.0,210562.0
2014-10-20,12.9981673332568,13.0771835480486,12.8006267962772,12.8401349036731,120572.0,13.16,0.0,13.24,12.96,13.0,1.0,120572.0
2014-10-17,12.8401349036731,13.1166916554445,12.8302578768241,13.1166916554445,101681.0,13.0,0.0,13.28,12.99,13.28,1.0,101681.0
2014-10-16,13.0870605748976,13.0870605748976,12.8302578768241,12.9389051721629,211861.0,13.25,0.0,13.25,12.99,13.1,1.0,211861.0
2014-10-15,13.0574294943507,13.0771835480486,12.8302578768241,12.9784132795588,167116.0,13.22,0.0,13.24,12.99,13.14,1.0,167116.0
2014-10-14,13.0969376017466,13.1364457091425,12.9487821990119,13.0870605748976,115620.0,13.26,0.0,13.3,13.11,13.25,1.0,115620.0
2014-10-13,13.0673065211996,13.1265686822935,12.9981673332568,13.0277984138037,181483.0,13.23,0.0,13.29,13.16,13.19,1.0,181483.0
2014-10-10,13.0376754406527,13.1364457091425,12.8302578768241,12.8302578768241,148056.0,13.2,0.0,13.3,12.99,12.99,1.0,148056.0
2014-10-09,12.899397064767,13.1364457091425,12.860876660056,13.1068146285956,107162.0,13.06,0.0,13.3,13.021,13.27,1.0,107162.0
2014-10-08,13.1660767896894,13.1660767896894,12.9784132795588,12.9784132795588,123050.0,13.33,0.0,13.33,13.14,13.14,1.0,123050.0
2014-10-07,13.0376754406527,13.1957078702364,12.9981673332568,13.0376754406527,112139.0,13.2,0.0,13.36,13.16,13.2,1.0,112139.0
2014-10-06,13.1068146285956,13.1858308433874,12.899397064767,13.1463227359915,85896.0,13.27,0.0,13.35,13.06,13.31,1.0,85896.0
2014-10-03,13.1858308433874,13.2549700313303,13.131507195718,13.2549700313303,486370.0,13.35,0.0,13.42,13.295,13.42,1.0,486370.0
2014-10-02,13.2055848970854,13.2253389507833,12.8302578768241,13.0179213869547,376565.0,13.37,0.0,13.39,12.99,13.18,1.0,376565.0
2014-10-01,13.0179213869547,13.0475524675017,12.7413646351833,12.9784132795588,518772.0,13.18,0.0,13.21,12.9,13.14,1.0,518772.0
2014-09-30,12.9586592258609,13.1265686822935,12.6722254472405,12.9685362527099,3538978.0,13.12,0.0,13.29,12.83,13.13,1.0,3538978.0
2014-09-29,12.9882903064078,13.0870605748976,12.7709957157303,13.0870605748976,321723.0,13.15,0.0,13.25,12.93,13.25,1.0,321723.0
2014-09-26,13.0771835480486,13.0870605748976,12.6504959881727,12.7709957157303,234992.0,13.24,0.0,13.25,12.808,12.93,1.0,234992.0
2014-09-25,12.7611186888813,12.9389051721629,12.6979057170478,12.7709957157303,173748.0,12.92,0.0,13.1,12.856,12.93,1.0,173748.0
2014-09-24,12.7709957157303,12.9389051721629,12.6445697720633,12.7660572023058,164474.0,12.93,0.0,13.1,12.802,12.925,1.0,164474.0
2014-09-23,12.7611186888813,12.9784132795588,12.6030862592976,12.8302578768241,428500.0,12.92,0.0,13.14,12.76,12.99,1.0,428500.0
2014-09-22,12.889520037918,12.9290281453139,12.7512416620323,12.7512416620323,213400.0,13.05,0.0,13.09,12.91,12.91,1.0,213400.0
2014-09-19,12.8105038231262,13.2549700313303,12.7314876083343,13.0475524675017,842700.0,12.97,0.0,13.42,12.89,13.21,1.0,842700.0
2014-09-18,13.1463227359915,13.2549700313303,13.0574294943507,13.2549700313303,157800.0,13.31,0.0,13.42,13.22,13.42,1.0,157800.0
2014-09-17,13.2055848970854,13.4130024609139,13.0277984138037,13.3241092192731,105400.0,13.37,0.0,13.58,13.19,13.49,1.0,105400.0
2014-09-16,13.2450930044813,13.4327565146119,13.0969376017466,13.383371380367,146100.0,13.41,0.0,13.6,13.26,13.55,1.0,146100.0
2014-09-15,13.363617326669,13.4228794877629,13.2747240850282,13.4031254340649,122000.0,13.53,0.0,13.59,13.44,13.57,1.0,122000.0
2014-09-12,13.4031254340649,13.4228794877629,12.976437874189,13.2450930044813,250900.0,13.57,0.0,13.59,13.138,13.41,1.0,250900.0
2014-09-11,13.2450930044813,13.3339862461221,13.0574294943507,13.2648470581792,128600.0,13.41,0.0,13.5,13.22,13.43,1.0,128600.0
2014-09-10,13.2648470581792,13.3339862461221,13.2154619239343,13.2747240850282,212700.0,13.43,0.0,13.5,13.38,13.44,1.0,212700.0
2014-09-09,13.2747240850282,13.4228794877629,13.2352159776323,13.2648470581792,243600.0,13.44,0.0,13.59,13.4,13.43,1.0,243600.0
2014-09-08,13.2549700313303,13.2747240850282,12.9981673332568,13.0673065211996,270000.0,13.42,0.0,13.44,13.16,13.23,1.0,270000.0
2014-09-05,13.0673065211996,13.0870605748976,12.8598889573711,12.909274091616,323900.0,13.23,0.0,13.25,13.02,13.07,1.0,323900.0
2014-09-04,12.909274091616,12.9487821990119,12.8500119305221,12.9487821990119,165100.0,13.07,0.0,13.11,13.01,13.11,1.0,165100.0
2014-09-03,12.909274091616,12.9882903064078,12.7216105814854,12.7216105814854,210500.0,13.07,0.0,13.15,12.88,12.88,1.0,210500.0
2014-09-02,12.7907497694282,12.8105038231262,12.6919795009384,12.7117335546364,222500.0,12.95,0.0,12.97,12.85,12.87,1.0,222500.0
2014-08-29,12.7314876083343,12.7611186888813,12.6919795009384,12.7611186888813,101900.0,12.89,0.0,12.92,12.85,12.92,1.0,101900.0
2014-08-28,12.6821024740895,12.7709957157303,12.4944389639588,12.6425943666935,186200.0,12.84,0.0,12.93,12.65,12.8,1.0,186200.0
2014-08-27,12.6722254472405,12.7216105814854,12.6425943666935,12.6524713935425,58800.0,12.83,0.0,12.88,12.8,12.81,1.0,58800.0
2014-08-26,12.6919795009384,12.7018565277874,12.5932092324486,12.6821024740895,86600.0,12.85,0.0,12.86,12.75,12.84,1.0,86600.0
2014-08-25,12.7018565277874,12.7413646351833,12.5932092324486,12.7216105814854,140800.0,12.86,0.0,12.9,12.75,12.88,1.0,140800.0
2014-08-22,12.7117335546364,12.8203808499752,12.6425943666935,12.8203808499752,81400.0,12.87,0.0,12.98,12.8,12.98,1.0,81400.0
2014-08-21,12.8105038231262,12.8203808499752,12.7216105814854,12.7216105814854,288800.0,12.97,0.0,12.98,12.88,12.88,1.0,288800.0
2014-08-20,12.7216105814854,12.7907497694282,12.6821024740895,12.7413646351833,189000.0,12.88,0.0,12.95,12.84,12.9,1.0,189000.0
2014-08-19,12.7117335546364,12.7413646351833,12.6154325428588,12.6425943666935,132400.0,12.87,0.0,12.9,12.7725,12.8,1.0,132400.0
2014-08-18,12.6228403129956,12.7314876083343,12.5981477458731,12.6425943666935,126500.0,12.78,0.0,12.89,12.755,12.8,1.0,126500.0
2014-08-15,12.6030862592976,12.6327173398446,12.5438240982037,12.5932092324486,364100.0,12.76,0.0,12.79,12.7,12.75,1.0,364100.0
2014-08-14,12.5438240982037,12.5537011250527,12.3956686954691,12.3956686954691,166600.0,12.7,0.0,12.71,12.55,12.55,1.0,166600.0
2014-08-13,12.425299776016,12.4450538297139,12.3857916686201,12.3857916686201,68400.0,12.58,0.0,12.6,12.54,12.54,1.0,68400.0
2014-08-12,12.415422749167,12.425299776016,12.3265295075262,12.3462835612242,270300.0,12.57,0.0,12.58,12.48,12.5,1.0,270300.0
2014-08-11,12.3462835612242,12.3462835612242,12.1388659973956,12.2178822121874,672300.0,12.5,0.0,12.5,12.29,12.37,1.0,672300.0
2014-08-08,12.1981281584895,12.2475132927344,12.183312618216,12.2474145224659,167700.0,12.35,0.0,12.4,12.335,12.3999,1.0,167700.0
2014-08-07,12.2475132927344,12.2475132927344,12.1981281584895,12.2277592390364,79100.0,12.4,0.0,12.4,12.35,12.38,1.0,79100.0
2014-08-06,12.2277592390364,12.2672673464323,12.1981281584895,12.1981281584895,257600.0,12.38,0.0,12.42,12.35,12.35,1.0,257600.0
2014-08-05,12.2573903195833,12.3462835612242,12.183115077679,12.3462835612242,237600.0,12.41,0.0,12.5,12.3348,12.5,1.0,237600.0
2014-08-04,12.2672673464323,12.2672673464323,12.1684970779425,12.2475132927344,191900.0,12.42,0.0,12.42,12.32,12.4,1.0,191900.0
2014-08-01,12.2475132927344,12.2573903195833,12.0993578899997,12.2475132927344,439400.0,12.4,0.0,12.41,12.25,12.4,1.0,439400.0
2014-07-31,12.2475132927344,12.2672673464323,12.0302187020568,12.1487430242446,394700.0,12.4,0.0,12.42,12.18,12.3,1.0,394700.0
2014-07-30,12.1586200510935,12.2080051853384,12.0104646483589,12.0400957289058,540100.0,12.31,0.0,12.36,12.16,12.19,1.0,540100.0
2014-07-29,12.0203416752078,12.0796038363017,12.0203416752078,12.0302187020568,482000.0,12.17,0.0,12.23,12.17,12.18,1.0,482000.0
2014-07-28,12.0005876215099,12.1388659973956,12.0005876215099,12.1388659973956,762900.0,12.15,0.0,12.29,12.15,12.29,1.0,762900.0
2014-07-25,12.1191119436976,12.2475132927344,12.1092349168487,12.2277592390364,1083800.0,12.27,0.0,12.4,12.26,12.38,1.0,1083800.0
2014-07-24,12.2178822121874,12.2870214001303,12.1783741047915,12.2870214001303,907800.0,12.37,0.0,12.44,12.33,12.44,1.0,907800.0
2014-07-23,12.2573903195833,12.2771443732813,12.1684970779425,12.2376362658854,1575400.0,12.41,0.0,12.43,12.32,12.39,1.0,1575400.0
2014-07-22,12.2277592390364,12.3561605880731,12.1091361465802,12.1092349168487,7465300.0,12.38,0.0,12.51,12.2599,12.26,1.0,7465300.0
