,adj_close,adj_high,adj_low,adj_open,adj_volume,close,ex_dividend,high,low,open,split_ratio,volume
2017-02-10,1.65,1.69,1.58,1.65,1482286.0,1.65,0.0,1.69,1.58,1.65,1.0,1482286.0
2017-02-09,1.62,1.7,1.56,1.63,1398602.0,1.62,0.0,1.7,1.56,1.63,1.0,1398602.0
2017-02-08,1.63,1.7,1.58,1.69,1211436.0,1.63,0.0,1.7,1.58,1.69,1.0,1211436.0
2017-02-07,1.7,1.765,1.67,1.72,1990144.0,1.7,0.0,1.765,1.67,1.72,1.0,1990144.0
2017-02-06,1.72,1.7986,1.67,1.79,1779324.0,1.72,0.0,1.7986,1.67,1.79,1.0,1779324.0
2017-02-03,1.79,1.82,1.55,1.58,5939908.0,1.79,0.0,1.82,1.55,1.58,1.0,5939908.0
2017-02-02,1.56,1.585,1.4705,1.52,1259818.0,1.56,0.0,1.585,1.4705,1.52,1.0,1259818.0
2017-02-01,1.52,1.6,1.36,1.39,3674935.0,1.52,0.0,1.6,1.36,1.39,1.0,3674935.0
2017-01-31,1.37,1.4199,1.2901,1.34,1243694.0,1.37,0.0,1.4199,1.2901,1.34,1.0,1243694.0
2017-01-30,1.35,1.37,1.25,1.33,1151454.0,1.35,0.0,1.37,1.25,1.33,1.0,1151454.0
2017-01-27,1.33,1.42,1.33,1.39,625391.0,1.33,0.0,1.42,1.33,1.39,1.0,625391.0
2017-01-26,1.39,1.47,1.34,1.35,1257348.0,1.39,0.0,1.47,1.34,1.35,1.0,1257348.0
2017-01-25,1.37,1.44,1.3238,1.34,1762034.0,1.37,0.0,1.44,1.3238,1.34,1.0,1762034.0
2017-01-24,1.33,1.33,1.23,1.31,696631.0,1.33,0.0,1.33,1.23,1.31,1.0,696631.0
2017-01-23,1.28,1.36,1.21,1.24,1993781.0,1.28,0.0,1.36,1.21,1.24,1.0,1993781.0
2017-01-20,1.26,1.3379,1.22,1.33,1693814.0,1.26,0.0,1.3379,1.22,1.33,1.0,1693814.0
2017-01-19,1.31,1.4399,1.3,1.41,1411637.0,1.31,0.0,1.4399,1.3,1.41,1.0,1411637.0
2017-01-18,1.41,1.62,1.4,1.57,1697047.0,1.41,0.0,1.62,1.4,1.57,1.0,1697047.0
2017-01-17,1.58,1.64,1.55,1.64,2514105.0,1.58,0.0,1.64,1.55,1.64,1.0,2514105.0
2017-01-13,1.63,1.79,1.54,1.57,4896541.0,1.63,0.0,1.79,1.54,1.57,1.0,4896541.0
2017-01-12,1.58,1.64,1.55,1.64,2880021.0,1.58,0.0,1.64,1.55,1.64,1.0,2880021.0
2017-01-11,1.64,1.71,1.5605,1.58,5276548.0,1.64,0.0,1.71,1.5605,1.58,1.0,5276548.0
2017-01-10,1.58,1.62,1.54,1.56,1121047.0,1.58,0.0,1.62,1.54,1.56,1.0,1121047.0
2017-01-09,1.57,1.63,1.45,1.51,3472494.0,1.57,0.0,1.63,1.45,1.51,1.0,3472494.0
2017-01-06,1.51,1.72,1.32,1.33,4819115.0,1.51,0.0,1.72,1.32,1.33,1.0,4819115.0
2017-01-05,1.35,1.58,1.2601,1.58,3633206.0,1.35,0.0,1.58,1.2601,1.58,1.0,3633206.0
2017-01-04,1.56,1.59,1.3,1.35,6351222.0,1.56,0.0,1.59,1.3,1.35,1.0,6351222.0
2017-01-03,1.39,1.44,1.07,1.09,11031477.0,1.39,0.0,1.44,1.07,1.09,1.0,11031477.0
2016-12-30,1.04,1.05,1.0,1.02,1604108.0,1.04,0.0,1.05,1.0,1.02,1.0,1604108.0
2016-12-29,1.02,1.04,0.98,1.02,1438422.0,1.02,0.0,1.04,0.98,1.02,1.0,1438422.0
2016-12-28,1.03,1.0883,1.03,1.05,924988.0,1.03,0.0,1.0883,1.03,1.05,1.0,924988.0
2016-12-27,1.05,1.09,1.03,1.03,1090195.0,1.05,0.0,1.09,1.03,1.03,1.0,1090195.0
2016-12-23,1.03,1.05,1.0,1.01,908157.0,1.03,0.0,1.05,1.0,1.01,1.0,908157.0
2016-12-22,1.02,1.06,0.99,1.04,1740502.0,1.02,0.0,1.06,0.99,1.04,1.0,1740502.0
2016-12-21,1.03,1.11,1.02,1.09,1180790.0,1.03,0.0,1.11,1.02,1.09,1.0,1180790.0
2016-12-20,1.08,1.09,1.02,1.04,1272383.0,1.08,0.0,1.09,1.02,1.04,1.0,1272383.0
2016-12-19,1.04,1.07,1.0,1.07,971141.0,1.04,0.0,1.07,1.0,1.07,1.0,971141.0
2016-12-16,1.05,1.09,0.9801,1.08,2644531.0,1.05,0.0,1.09,0.9801,1.08,1.0,2644531.0
2016-12-15,1.07,1.12,1.07,1.09,1236677.0,1.07,0.0,1.12,1.07,1.09,1.0,1236677.0
2016-12-14,1.08,1.22,1.05,1.12,3981686.0,1.08,0.0,1.22,1.05,1.12,1.0,3981686.0
2016-12-13,1.12,1.16,1.11,1.12,777417.0,1.12,0.0,1.16,1.11,1.12,1.0,777417.0
2016-12-12,1.11,1.2075,1.1,1.2,1609523.0,1.11,0.0,1.2075,1.1,1.2,1.0,1609523.0
2016-12-09,1.21,1.27,1.13,1.13,2504394.0,1.21,0.0,1.27,1.13,1.13,1.0,2504394.0
2016-12-08,1.14,1.16,1.12,1.13,936112.0,1.14,0.0,1.16,1.12,1.13,1.0,936112.0
2016-12-07,1.14,1.15,1.11,1.13,1008630.0,1.14,0.0,1.15,1.11,1.13,1.0,1008630.0
2016-12-06,1.14,1.14,1.1,1.13,1806703.0,1.14,0.0,1.14,1.1,1.13,1.0,1806703.0
2016-12-05,1.11,1.15,1.1,1.12,1393469.0,1.11,0.0,1.15,1.1,1.12,1.0,1393469.0
2016-12-02,1.12,1.16,1.1,1.11,1210209.0,1.12,0.0,1.16,1.1,1.11,1.0,1210209.0
2016-12-01,1.11,1.18,1.1,1.15,1295362.0,1.11,0.0,1.18,1.1,1.15,1.0,1295362.0
2016-11-30,1.14,1.265,1.12,1.24,2769737.0,1.14,0.0,1.265,1.12,1.24,1.0,2769737.0
2016-11-29,1.24,1.3,1.22,1.27,943402.0,1.24,0.0,1.3,1.22,1.27,1.0,943402.0
2016-11-28,1.28,1.4,1.27,1.39,1028680.0,1.28,0.0,1.4,1.27,1.39,1.0,1028680.0
2016-11-25,1.37,1.37,1.32,1.33,556346.0,1.37,0.0,1.37,1.32,1.33,1.0,556346.0
2016-11-23,1.32,1.32,1.21,1.25,1281678.0,1.32,0.0,1.32,1.21,1.25,1.0,1281678.0
2016-11-22,1.25,1.3,1.21,1.3,1232865.0,1.25,0.0,1.3,1.21,1.3,1.0,1232865.0
2016-11-21,1.29,1.37,1.27,1.35,1587016.0,1.29,0.0,1.37,1.27,1.35,1.0,1587016.0
2016-11-18,1.34,1.4,1.33,1.36,902940.0,1.34,0.0,1.4,1.33,1.36,1.0,902940.0
2016-11-17,1.37,1.4,1.31,1.4,1102084.0,1.37,0.0,1.4,1.31,1.4,1.0,1102084.0
2016-11-16,1.4,1.4,1.35,1.4,791712.0,1.4,0.0,1.4,1.35,1.4,1.0,791712.0
2016-11-15,1.39,1.44,1.36,1.4,1114466.0,1.39,0.0,1.44,1.36,1.4,1.0,1114466.0
2016-11-14,1.4,1.45,1.36,1.4,4103637.0,1.4,0.0,1.45,1.36,1.4,1.0,4103637.0
2016-11-11,1.36,1.38,1.29,1.3,3012895.0,1.36,0.0,1.38,1.29,1.3,1.0,3012895.0
2016-11-10,1.29,1.33,1.22,1.26,4066319.0,1.29,0.0,1.33,1.22,1.26,1.0,4066319.0
2016-11-09,1.21,1.36,1.15,1.36,6238894.0,1.21,0.0,1.36,1.15,1.36,1.0,6238894.0
2016-11-08,1.36,1.75,1.31,1.75,7805455.0,1.36,0.0,1.75,1.31,1.75,1.0,7805455.0
2016-11-07,2.61,2.67,2.58,2.67,776276.0,2.61,0.0,2.67,2.58,2.67,1.0,776276.0
2016-11-04,2.61,2.68,2.57,2.6,880320.0,2.61,0.0,2.68,2.57,2.6,1.0,880320.0
2016-11-03,2.58,2.71,2.57,2.66,504926.0,2.58,0.0,2.71,2.57,2.66,1.0,504926.0
2016-11-02,2.64,2.72,2.59,2.69,672425.0,2.64,0.0,2.72,2.59,2.69,1.0,672425.0
2016-11-01,2.68,2.73,2.58,2.71,656633.0,2.68,0.0,2.73,2.58,2.71,1.0,656633.0
2016-10-31,2.69,2.77,2.66,2.75,505889.0,2.69,0.0,2.77,2.66,2.75,1.0,505889.0
2016-10-28,2.76,2.84,2.71,2.81,748547.0,2.76,0.0,2.84,2.71,2.81,1.0,748547.0
2016-10-27,2.83,3.03,2.8,2.99,839251.0,2.83,0.0,3.03,2.8,2.99,1.0,839251.0
2016-10-26,2.98,3.09,2.92,3.02,597203.0,2.98,0.0,3.09,2.92,3.02,1.0,597203.0
2016-10-25,3.06,3.0996,2.96,3.04,572561.0,3.06,0.0,3.0996,2.96,3.04,1.0,572561.0
2016-10-24,3.06,3.11,2.99,3.01,576570.0,3.06,0.0,3.11,2.99,3.01,1.0,576570.0
2016-10-21,3.01,3.06,2.9,2.91,423142.0,3.01,0.0,3.06,2.9,2.91,1.0,423142.0
2016-10-20,2.96,2.96,2.89,2.94,339200.0,2.96,0.0,2.96,2.89,2.94,1.0,339200.0
2016-10-19,2.93,3.07,2.92,3.0,936225.0,2.93,0.0,3.07,2.92,3.0,1.0,936225.0
2016-10-18,3.0,3.06,2.99,3.02,342250.0,3.0,0.0,3.06,2.99,3.02,1.0,342250.0
2016-10-17,2.99,3.07,2.96,3.06,470508.0,2.99,0.0,3.07,2.96,3.06,1.0,470508.0
2016-10-14,3.05,3.14,3.05,3.12,394757.0,3.05,0.0,3.14,3.05,3.12,1.0,394757.0
2016-10-13,3.09,3.14,3.0,3.03,440015.0,3.09,0.0,3.14,3.0,3.03,1.0,440015.0
2016-10-12,3.06,3.09,2.94,3.03,488206.0,3.06,0.0,3.09,2.94,3.03,1.0,488206.0
2016-10-11,3.04,3.24,2.99,3.22,701281.0,3.04,0.0,3.24,2.99,3.22,1.0,701281.0
2016-10-10,3.25,3.34,3.225,3.25,609403.0,3.25,0.0,3.34,3.225,3.25,1.0,609403.0
2016-10-07,3.2,3.37,3.145,3.32,446635.0,3.2,0.0,3.37,3.145,3.32,1.0,446635.0
2016-10-06,3.33,3.41,3.24,3.33,1193453.0,3.33,0.0,3.41,3.24,3.33,1.0,1193453.0
2016-10-05,3.33,3.43,3.28,3.34,1201265.0,3.33,0.0,3.43,3.28,3.34,1.0,1201265.0
2016-10-04,3.31,3.32,3.1,3.11,1876002.0,3.31,0.0,3.32,3.1,3.11,1.0,1876002.0
2016-10-03,3.08,3.1022,2.8501,2.9,941279.0,3.08,0.0,3.1022,2.8501,2.9,1.0,941279.0
2016-09-30,2.89,2.96,2.83,2.89,689993.0,2.89,0.0,2.96,2.83,2.89,1.0,689993.0
2016-09-29,2.89,2.95,2.85,2.95,324631.0,2.89,0.0,2.95,2.85,2.95,1.0,324631.0
2016-09-28,2.92,2.94,2.82,2.82,562556.0,2.92,0.0,2.94,2.82,2.82,1.0,562556.0
2016-09-27,2.85,2.87,2.8,2.82,418843.0,2.85,0.0,2.87,2.8,2.82,1.0,418843.0
2016-09-26,2.84,2.87,2.77,2.8,292409.0,2.84,0.0,2.87,2.77,2.8,1.0,292409.0
2016-09-23,2.84,2.86,2.8,2.8,428581.0,2.84,0.0,2.86,2.8,2.8,1.0,428581.0
2016-09-22,2.82,2.87,2.79,2.84,528283.0,2.82,0.0,2.87,2.79,2.84,1.0,528283.0
2016-09-21,2.84,2.905,2.73,2.88,506948.0,2.84,0.0,2.905,2.73,2.88,1.0,506948.0
2016-09-20,2.87,2.98,2.82,2.93,1237597.0,2.87,0.0,2.98,2.82,2.93,1.0,1237597.0
2016-09-19,2.92,2.95,2.76,2.78,978271.0,2.92,0.0,2.95,2.76,2.78,1.0,978271.0
2016-09-16,2.75,2.78,2.55,2.55,1003174.0,2.75,0.0,2.78,2.55,2.55,1.0,1003174.0
2016-09-15,2.56,2.59,2.5,2.53,381877.0,2.56,0.0,2.59,2.5,2.53,1.0,381877.0
2016-09-14,2.53,2.59,2.52,2.55,310097.0,2.53,0.0,2.59,2.52,2.55,1.0,310097.0
2016-09-13,2.56,2.69,2.53,2.65,564050.0,2.56,0.0,2.69,2.53,2.65,1.0,564050.0
2016-09-12,2.67,2.71,2.58,2.65,439417.0,2.67,0.0,2.71,2.58,2.65,1.0,439417.0
2016-09-09,2.65,2.78,2.65,2.69,387728.0,2.65,0.0,2.78,2.65,2.69,1.0,387728.0
2016-09-08,2.74,2.81,2.7,2.73,431859.0,2.74,0.0,2.81,2.7,2.73,1.0,431859.0
2016-09-07,2.72,2.79,2.69,2.72,510851.0,2.72,0.0,2.79,2.69,2.72,1.0,510851.0
2016-09-06,2.69,2.71,2.64,2.69,436046.0,2.69,0.0,2.71,2.64,2.69,1.0,436046.0
2016-09-02,2.64,2.65,2.56,2.6,141935.0,2.64,0.0,2.65,2.56,2.6,1.0,141935.0
2016-09-01,2.57,2.6,2.51,2.57,241484.0,2.57,0.0,2.6,2.51,2.57,1.0,241484.0
2016-08-31,2.58,2.64,2.55,2.64,892987.0,2.58,0.0,2.64,2.55,2.64,1.0,892987.0
2016-08-30,2.63,2.71,2.61,2.68,286099.0,2.63,0.0,2.71,2.61,2.68,1.0,286099.0
2016-08-29,2.67,2.73,2.61,2.63,283218.0,2.67,0.0,2.73,2.61,2.63,1.0,283218.0
2016-08-26,2.65,2.78,2.605,2.74,477858.0,2.65,0.0,2.78,2.605,2.74,1.0,477858.0
2016-08-25,2.75,2.775,2.7,2.75,350377.0,2.75,0.0,2.775,2.7,2.75,1.0,350377.0
2016-08-24,2.76,2.84,2.7,2.79,422917.0,2.76,0.0,2.84,2.7,2.79,1.0,422917.0
2016-08-23,2.81,2.84,2.77,2.81,471753.0,2.81,0.0,2.84,2.77,2.81,1.0,471753.0
2016-08-22,2.81,2.84,2.71,2.82,480289.0,2.81,0.0,2.84,2.71,2.82,1.0,480289.0
2016-08-19,2.82,2.82,2.68,2.75,478523.0,2.82,0.0,2.82,2.68,2.75,1.0,478523.0
2016-08-18,2.78,2.86,2.75,2.81,672330.0,2.78,0.0,2.86,2.75,2.81,1.0,672330.0
2016-08-17,2.8,2.8,2.7,2.8,440482.0,2.8,0.0,2.8,2.7,2.8,1.0,440482.0
2016-08-16,2.8,2.83,2.695,2.73,719483.0,2.8,0.0,2.83,2.695,2.73,1.0,719483.0
2016-08-15,2.73,2.79,2.65,2.72,735851.0,2.73,0.0,2.79,2.65,2.72,1.0,735851.0
2016-08-12,2.73,2.81,2.64,2.69,566769.0,2.73,0.0,2.81,2.64,2.69,1.0,566769.0
2016-08-11,2.75,2.77,2.66,2.71,403967.0,2.75,0.0,2.77,2.66,2.71,1.0,403967.0
2016-08-10,2.71,2.83,2.665,2.75,555312.0,2.71,0.0,2.83,2.665,2.75,1.0,555312.0
2016-08-09,2.74,2.77,2.66,2.66,751965.0,2.74,0.0,2.77,2.66,2.66,1.0,751965.0
2016-08-08,2.65,2.6733,2.5,2.53,821570.0,2.65,0.0,2.6733,2.5,2.53,1.0,821570.0
2016-08-05,2.66,2.69,2.55,2.59,752196.0,2.66,0.0,2.69,2.55,2.59,1.0,752196.0
2016-08-04,2.6,2.65,2.58,2.58,409121.0,2.6,0.0,2.65,2.58,2.58,1.0,409121.0
2016-08-03,2.61,2.61,2.46,2.51,525708.0,2.61,0.0,2.61,2.46,2.51,1.0,525708.0
2016-08-02,2.51,2.62,2.41,2.59,903965.0,2.51,0.0,2.62,2.41,2.59,1.0,903965.0
2016-08-01,2.58,2.61,2.515,2.57,793630.0,2.58,0.0,2.61,2.515,2.57,1.0,793630.0
2016-07-29,2.56,2.68,2.56,2.64,5951896.0,2.56,0.0,2.68,2.56,2.64,1.0,5951896.0
2016-07-28,2.65,2.75,2.61,2.64,871698.0,2.65,0.0,2.75,2.61,2.64,1.0,871698.0
2016-07-27,2.65,2.74,2.56,2.71,831997.0,2.65,0.0,2.74,2.56,2.71,1.0,831997.0
2016-07-26,2.72,2.74,2.6592,2.66,880619.0,2.72,0.0,2.74,2.6592,2.66,1.0,880619.0
2016-07-25,2.67,2.68,2.55,2.58,768554.0,2.67,0.0,2.68,2.55,2.58,1.0,768554.0
2016-07-22,2.59,2.64,2.56,2.61,545195.0,2.59,0.0,2.64,2.56,2.61,1.0,545195.0
2016-07-21,2.59,2.66,2.56,2.6,377486.0,2.59,0.0,2.66,2.56,2.6,1.0,377486.0
2016-07-20,2.61,2.67,2.55,2.57,589176.0,2.61,0.0,2.67,2.55,2.57,1.0,589176.0
2016-07-19,2.58,2.7,2.55,2.69,557626.0,2.58,0.0,2.7,2.55,2.69,1.0,557626.0
2016-07-18,2.71,2.73,2.6,2.7,409625.0,2.71,0.0,2.73,2.6,2.7,1.0,409625.0
2016-07-15,2.7,2.71,2.58,2.65,486627.0,2.7,0.0,2.71,2.58,2.65,1.0,486627.0
2016-07-14,2.63,2.67,2.53,2.61,641240.0,2.63,0.0,2.67,2.53,2.61,1.0,641240.0
2016-07-13,2.58,2.73,2.57,2.67,613769.0,2.58,0.0,2.73,2.57,2.67,1.0,613769.0
2016-07-12,2.67,2.76,2.56,2.67,696984.0,2.67,0.0,2.76,2.56,2.67,1.0,696984.0
2016-07-11,2.64,2.74,2.55,2.74,546443.0,2.64,0.0,2.74,2.55,2.74,1.0,546443.0
2016-07-08,2.69,2.7386,2.65,2.69,431795.0,2.69,0.0,2.7386,2.65,2.69,1.0,431795.0
2016-07-07,2.68,2.7,2.57,2.6,760745.0,2.68,0.0,2.7,2.57,2.6,1.0,760745.0
2016-07-06,2.6,2.6,2.42,2.5,498368.0,2.6,0.0,2.6,2.42,2.5,1.0,498368.0
2016-07-05,2.53,2.64,2.43,2.63,678473.0,2.53,0.0,2.64,2.43,2.63,1.0,678473.0
2016-07-01,2.63,2.73,2.49,2.54,845523.0,2.63,0.0,2.73,2.49,2.54,1.0,845523.0
2016-06-30,2.55,2.61,2.455,2.49,594805.0,2.55,0.0,2.61,2.455,2.49,1.0,594805.0
2016-06-29,2.53,2.58,2.45,2.58,1099619.0,2.53,0.0,2.58,2.45,2.58,1.0,1099619.0
2016-06-28,2.5,2.595,2.41,2.41,982438.0,2.5,0.0,2.595,2.41,2.41,1.0,982438.0
2016-06-27,2.4,2.565,2.3501,2.5,1329497.0,2.4,0.0,2.565,2.3501,2.5,1.0,1329497.0
2016-06-24,2.49,2.6301,2.475,2.54,1953506.0,2.49,0.0,2.6301,2.475,2.54,1.0,1953506.0
2016-06-23,2.76,2.88,2.73,2.82,1589729.0,2.76,0.0,2.88,2.73,2.82,1.0,1589729.0
2016-06-22,2.78,2.87,2.71,2.78,1747838.0,2.78,0.0,2.87,2.71,2.78,1.0,1747838.0
2016-06-21,2.79,2.8,2.66,2.7,2031901.0,2.79,0.0,2.8,2.66,2.7,1.0,2031901.0
2016-06-20,2.67,2.68,2.27,2.46,2048806.0,2.67,0.0,2.68,2.27,2.46,1.0,2048806.0
2016-06-17,2.47,2.59,2.23,2.25,11155509.0,2.47,0.0,2.59,2.23,2.25,1.0,11155509.0
2016-06-16,2.07,2.16,1.97,2.11,2168451.0,2.07,0.0,2.16,1.97,2.11,1.0,2168451.0
2016-06-15,2.19,2.35,1.98,2.06,1563237.0,2.19,0.0,2.35,1.98,2.06,1.0,1563237.0
2016-06-14,2.09,2.36,1.98,2.34,1517863.0,2.09,0.0,2.36,1.98,2.34,1.0,1517863.0
2016-06-13,2.28,2.6872,2.27,2.5,1156715.0,2.28,0.0,2.6872,2.27,2.5,1.0,1156715.0
2016-06-10,2.83,2.93,2.8,2.9,236417.0,2.83,0.0,2.93,2.8,2.9,1.0,236417.0
2016-06-09,2.93,3.02,2.9,2.99,248618.0,2.93,0.0,3.02,2.9,2.99,1.0,248618.0
2016-06-08,3.0,3.09,2.88,2.94,422811.0,3.0,0.0,3.09,2.88,2.94,1.0,422811.0
2016-06-07,2.96,3.09,2.91,2.96,604721.0,2.96,0.0,3.09,2.91,2.96,1.0,604721.0
2016-06-06,2.96,2.995,2.7001,2.78,1051354.0,2.96,0.0,2.995,2.7001,2.78,1.0,1051354.0
2016-06-03,2.73,2.8399,2.66,2.83,246121.0,2.73,0.0,2.8399,2.66,2.83,1.0,246121.0
2016-06-02,2.82,2.84,2.73,2.8,291499.0,2.82,0.0,2.84,2.73,2.8,1.0,291499.0
2016-06-01,2.82,2.85,2.65,2.7056,459717.0,2.82,0.0,2.85,2.65,2.7056,1.0,459717.0
2016-05-31,2.7,2.75,2.59,2.73,282995.0,2.7,0.0,2.75,2.59,2.73,1.0,282995.0
2016-05-27,2.73,2.735,2.58,2.61,305130.0,2.73,0.0,2.735,2.58,2.61,1.0,305130.0
2016-05-26,2.62,2.63,2.55,2.63,173482.0,2.62,0.0,2.63,2.55,2.63,1.0,173482.0
2016-05-25,2.63,2.65,2.55,2.55,340435.0,2.63,0.0,2.65,2.55,2.55,1.0,340435.0
2016-05-24,2.56,2.56,2.44,2.45,272859.0,2.56,0.0,2.56,2.44,2.45,1.0,272859.0
2016-05-23,2.46,2.52,2.35,2.46,137921.0,2.46,0.0,2.52,2.35,2.46,1.0,137921.0
2016-05-20,2.48,2.49,2.38,2.41,200320.0,2.48,0.0,2.49,2.38,2.41,1.0,200320.0
2016-05-19,2.4,2.45,2.29,2.43,297302.0,2.4,0.0,2.45,2.29,2.43,1.0,297302.0
2016-05-18,2.45,2.5,2.385,2.44,199371.0,2.45,0.0,2.5,2.385,2.44,1.0,199371.0
2016-05-17,2.46,2.6,2.36,2.53,361214.0,2.46,0.0,2.6,2.36,2.53,1.0,361214.0
2016-05-16,2.53,2.65,2.41,2.62,347417.0,2.53,0.0,2.65,2.41,2.62,1.0,347417.0
2016-05-13,2.6,2.67,2.54,2.57,254758.0,2.6,0.0,2.67,2.54,2.57,1.0,254758.0
2016-05-12,2.6,2.79,2.44,2.79,666762.0,2.6,0.0,2.79,2.44,2.79,1.0,666762.0
2016-05-11,2.76,2.875,2.71,2.75,737108.0,2.76,0.0,2.875,2.71,2.75,1.0,737108.0
2016-05-10,2.74,2.745,2.585,2.67,526666.0,2.74,0.0,2.745,2.585,2.67,1.0,526666.0
2016-05-09,2.63,2.72,2.61,2.66,296873.0,2.63,0.0,2.72,2.61,2.66,1.0,296873.0
2016-05-06,2.66,2.75,2.5012,2.53,287522.0,2.66,0.0,2.75,2.5012,2.53,1.0,287522.0
2016-05-05,2.55,2.62,2.51,2.58,335910.0,2.55,0.0,2.62,2.51,2.58,1.0,335910.0
2016-05-04,2.57,2.65,2.51,2.55,244309.0,2.57,0.0,2.65,2.51,2.55,1.0,244309.0
2016-05-03,2.55,2.56,2.4,2.52,332487.0,2.55,0.0,2.56,2.4,2.52,1.0,332487.0
2016-05-02,2.56,2.6399,2.46,2.62,354642.0,2.56,0.0,2.6399,2.46,2.62,1.0,354642.0
2016-04-29,2.64,2.8584,2.59,2.71,638013.0,2.64,0.0,2.8584,2.59,2.71,1.0,638013.0
2016-04-28,2.71,2.78,2.63,2.66,466710.0,2.71,0.0,2.78,2.63,2.66,1.0,466710.0
2016-04-27,2.65,2.67,2.59,2.65,276699.0,2.65,0.0,2.67,2.59,2.65,1.0,276699.0
2016-04-26,2.66,2.67,2.56,2.65,294587.0,2.66,0.0,2.67,2.56,2.65,1.0,294587.0
2016-04-25,2.63,2.76,2.52,2.71,575060.0,2.63,0.0,2.76,2.52,2.71,1.0,575060.0
2016-04-22,2.74,2.77,2.65,2.69,544050.0,2.74,0.0,2.77,2.65,2.69,1.0,544050.0
2016-04-21,2.68,2.72,2.61,2.62,621671.0,2.68,0.0,2.72,2.61,2.62,1.0,621671.0
2016-04-20,2.6,2.71,2.56,2.67,253988.0,2.6,0.0,2.71,2.56,2.67,1.0,253988.0
2016-04-19,2.65,2.84,2.48,2.69,605956.0,2.65,0.0,2.84,2.48,2.69,1.0,605956.0
2016-04-18,2.66,2.7,2.4272,2.5,922572.0,2.66,0.0,2.7,2.4272,2.5,1.0,922572.0
2016-04-15,2.48,2.535,2.43,2.43,336465.0,2.48,0.0,2.535,2.43,2.43,1.0,336465.0
2016-04-14,2.47,2.48,2.36,2.38,267666.0,2.47,0.0,2.48,2.36,2.38,1.0,267666.0
2016-04-13,2.39,2.48,2.34,2.34,533858.0,2.39,0.0,2.48,2.34,2.34,1.0,533858.0
2016-04-12,2.34,2.35,2.2,2.21,384578.0,2.34,0.0,2.35,2.2,2.21,1.0,384578.0
2016-04-11,2.22,2.275,2.16,2.2,154075.0,2.22,0.0,2.275,2.16,2.2,1.0,154075.0
2016-04-08,2.18,2.28,2.15,2.22,163527.0,2.18,0.0,2.28,2.15,2.22,1.0,163527.0
2016-04-07,2.18,2.2599,2.17,2.22,204602.0,2.18,0.0,2.2599,2.17,2.22,1.0,204602.0
2016-04-06,2.24,2.26,2.08,2.11,489075.0,2.24,0.0,2.26,2.08,2.11,1.0,489075.0
2016-04-05,2.1,2.15,2.03,2.09,238261.0,2.1,0.0,2.15,2.03,2.09,1.0,238261.0
2016-04-04,2.11,2.18,2.092,2.11,244360.0,2.11,0.0,2.18,2.092,2.11,1.0,244360.0
2016-04-01,2.14,2.16,1.98,2.08,459638.0,2.14,0.0,2.16,1.98,2.08,1.0,459638.0
2016-03-31,2.14,2.17,2.06,2.12,467624.0,2.14,0.0,2.17,2.06,2.12,1.0,467624.0
2016-03-30,2.12,2.15,2.0,2.04,263405.0,2.12,0.0,2.15,2.0,2.04,1.0,263405.0
2016-03-29,2.05,2.1,1.9,1.98,352220.0,2.05,0.0,2.1,1.9,1.98,1.0,352220.0
2016-03-28,1.98,2.06,1.94,2.06,236649.0,1.98,0.0,2.06,1.94,2.06,1.0,236649.0
2016-03-24,2.06,2.07,1.9501,1.96,299869.0,2.06,0.0,2.07,1.9501,1.96,1.0,299869.0
2016-03-23,1.98,2.21,1.9599,2.14,529585.0,1.98,0.0,2.21,1.9599,2.14,1.0,529585.0
2016-03-22,2.16,2.35,2.13,2.2,364036.0,2.16,0.0,2.35,2.13,2.2,1.0,364036.0
2016-03-21,2.22,2.26,2.18,2.2,478083.0,2.22,0.0,2.26,2.18,2.2,1.0,478083.0
2016-03-18,2.23,2.24,2.05,2.06,906822.0,2.23,0.0,2.24,2.05,2.06,1.0,906822.0
2016-03-17,2.0,2.065,1.96,2.03,532799.0,2.0,0.0,2.065,1.96,2.03,1.0,532799.0
2016-03-16,2.01,2.14,1.89,2.07,649203.0,2.01,0.0,2.14,1.89,2.07,1.0,649203.0
2016-03-15,2.09,2.14,1.96,2.12,391784.0,2.09,0.0,2.14,1.96,2.12,1.0,391784.0
2016-03-14,2.12,2.19,2.04,2.18,667963.0,2.12,0.0,2.19,2.04,2.18,1.0,667963.0
2016-03-11,2.2,2.23,2.17,2.2,706506.0,2.2,0.0,2.23,2.17,2.2,1.0,706506.0
2016-03-10,2.19,2.4,2.14,2.31,394848.0,2.19,0.0,2.4,2.14,2.31,1.0,394848.0
2016-03-09,2.3,2.43,2.21,2.4,628297.0,2.3,0.0,2.43,2.21,2.4,1.0,628297.0
2016-03-08,2.37,2.53,2.37,2.53,684623.0,2.37,0.0,2.53,2.37,2.53,1.0,684623.0
2016-03-07,2.52,2.54,2.38,2.43,1053974.0,2.52,0.0,2.54,2.38,2.43,1.0,1053974.0
2016-03-04,2.42,2.5,2.33,2.35,979458.0,2.42,0.0,2.5,2.33,2.35,1.0,979458.0
2016-03-03,2.37,2.67,2.1,2.38,1378523.0,2.37,0.0,2.67,2.1,2.38,1.0,1378523.0
2016-03-02,2.26,2.38,2.15,2.18,1252597.0,2.26,0.0,2.38,2.15,2.18,1.0,1252597.0
2016-03-01,2.2,2.33,2.16,2.22,877084.0,2.2,0.0,2.33,2.16,2.22,1.0,877084.0
2016-02-29,2.16,2.25,2.03,2.07,965899.0,2.16,0.0,2.25,2.03,2.07,1.0,965899.0
2016-02-26,2.1,2.19,2.05,2.09,340093.0,2.1,0.0,2.19,2.05,2.09,1.0,340093.0
2016-02-25,2.08,2.2,1.975,2.07,407425.0,2.08,0.0,2.2,1.975,2.07,1.0,407425.0
2016-02-24,2.08,2.12,2.0,2.0,729238.0,2.08,0.0,2.12,2.0,2.0,1.0,729238.0
2016-02-23,2.01,2.2,1.96,2.2,1185008.0,2.01,0.0,2.2,1.96,2.2,1.0,1185008.0
2016-02-22,2.15,2.22,2.09,2.11,1089158.0,2.15,0.0,2.22,2.09,2.11,1.0,1089158.0
2016-02-19,2.09,2.25,1.97,2.16,965718.0,2.09,0.0,2.25,1.97,2.16,1.0,965718.0
2016-02-18,2.15,2.165,1.78,1.78,2038840.0,2.15,0.0,2.165,1.78,1.78,1.0,2038840.0
2016-02-17,1.79,1.8,1.67,1.69,542540.0,1.79,0.0,1.8,1.67,1.69,1.0,542540.0
2016-02-16,1.69,1.745,1.51,1.52,412194.0,1.69,0.0,1.745,1.51,1.52,1.0,412194.0
2016-02-12,1.51,1.535,1.47,1.51,533295.0,1.51,0.0,1.535,1.47,1.51,1.0,533295.0
2016-02-11,1.51,1.5643,1.45,1.53,641810.0,1.51,0.0,1.5643,1.45,1.53,1.0,641810.0
2016-02-10,1.55,1.62,1.46,1.5,392880.0,1.55,0.0,1.62,1.46,1.5,1.0,392880.0
2016-02-09,1.5,1.67,1.47,1.55,424861.0,1.5,0.0,1.67,1.47,1.55,1.0,424861.0
2016-02-08,1.56,1.57,1.455,1.53,576734.0,1.56,0.0,1.57,1.455,1.53,1.0,576734.0
2016-02-05,1.56,1.6222,1.54,1.6,466437.0,1.56,0.0,1.6222,1.54,1.6,1.0,466437.0
2016-02-04,1.6,1.69,1.565,1.6,597620.0,1.6,0.0,1.69,1.565,1.6,1.0,597620.0
2016-02-03,1.59,1.69,1.58,1.69,648241.0,1.59,0.0,1.69,1.58,1.69,1.0,648241.0
2016-02-02,1.65,1.71,1.63,1.7,303384.0,1.65,0.0,1.71,1.63,1.7,1.0,303384.0
2016-02-01,1.7,1.8,1.63,1.77,594158.0,1.7,0.0,1.8,1.63,1.77,1.0,594158.0
2016-01-29,1.79,1.8,1.7,1.7,526964.0,1.79,0.0,1.8,1.7,1.7,1.0,526964.0
2016-01-28,1.7,1.84,1.61,1.75,506507.0,1.7,0.0,1.84,1.61,1.75,1.0,506507.0
2016-01-27,1.75,1.81,1.67,1.75,491547.0,1.75,0.0,1.81,1.67,1.75,1.0,491547.0
2016-01-26,1.74,1.79,1.5697,1.71,890364.0,1.74,0.0,1.79,1.5697,1.71,1.0,890364.0
2016-01-25,1.7,1.7439,1.655,1.67,421202.0,1.7,0.0,1.7439,1.655,1.67,1.0,421202.0
2016-01-22,1.69,1.84,1.64,1.8,884505.0,1.69,0.0,1.84,1.64,1.8,1.0,884505.0
2016-01-21,1.77,1.85,1.66,1.68,923184.0,1.77,0.0,1.85,1.66,1.68,1.0,923184.0
2016-01-20,1.68,1.68,1.35,1.46,1253771.0,1.68,0.0,1.68,1.35,1.46,1.0,1253771.0
2016-01-19,1.51,1.5404,1.46,1.48,1155294.0,1.51,0.0,1.5404,1.46,1.48,1.0,1155294.0
2016-01-15,1.37,1.37,1.239,1.37,547041.0,1.37,0.0,1.37,1.239,1.37,1.0,547041.0
2016-01-14,1.42,1.43,1.19,1.26,828756.0,1.42,0.0,1.43,1.19,1.26,1.0,828756.0
2016-01-13,1.28,1.45,1.2,1.35,1094631.0,1.28,0.0,1.45,1.2,1.35,1.0,1094631.0
2016-01-12,1.34,1.5,1.3,1.3,1083759.0,1.34,0.0,1.5,1.3,1.3,1.0,1083759.0
2016-01-11,1.31,1.46,1.285,1.43,1062766.0,1.31,0.0,1.46,1.285,1.43,1.0,1062766.0
2016-01-08,1.415,1.57,1.41,1.53,974675.0,1.415,0.0,1.57,1.41,1.53,1.0,974675.0
2016-01-07,1.54,1.675,1.53,1.66,1566885.0,1.54,0.0,1.675,1.53,1.66,1.0,1566885.0
2016-01-06,1.7,1.74,1.67,1.69,446528.0,1.7,0.0,1.74,1.67,1.69,1.0,446528.0
2016-01-05,1.7,1.8401,1.66,1.84,854299.0,1.7,0.0,1.8401,1.66,1.84,1.0,854299.0
2016-01-04,1.86,1.86,1.64,1.71,1385606.0,1.86,0.0,1.86,1.64,1.71,1.0,1385606.0
