,adj_close,adj_high,adj_low,adj_open,adj_volume,close,ex_dividend,high,low,open,split_ratio,volume
2017-02-10,66.7,67.9,66.65,67.9,7676.0,66.7,0.0,67.9,66.65,67.9,1.0,7676.0
2017-02-09,67.65,68.28,67.5,68.28,4933.0,67.65,0.0,68.28,67.5,68.28,1.0,4933.0
2017-02-08,66.9,67.8033,66.5,66.6,7674.0,66.9,0.0,67.8033,66.5,66.6,1.0,7674.0
2017-02-07,67.7,69.8,67.7,69.2179,3283.0,67.7,0.0,69.8,67.7,69.2179,1.0,3283.0
2017-02-06,67.65,70.45,66.7,70.45,3413.0,67.65,0.0,70.45,66.7,70.45,1.0,3413.0
2017-02-03,67.1,70.5,66.55,68.1,19553.0,67.1,0.0,70.5,66.55,68.1,1.0,19553.0
2017-02-02,67.55,68.1,67.35,67.45,5569.0,67.55,0.0,68.1,67.35,67.45,1.0,5569.0
2017-02-01,68.15,69.5,67.9,69.0,8850.0,68.15,0.27,69.5,67.9,69.0,1.0,8850.0
2017-01-31,66.9348143817597,67.1838278281204,66.3379789535224,66.3379789535224,8631.0,67.2,0.0,67.45,66.6008,66.6008,1.0,8631.0
2017-01-30,66.9348143817597,68.2296843028354,66.6359982461269,68.080276235019,9401.0,67.2,0.0,68.5,66.9,68.35,1.0,9401.0
2017-01-27,68.1300789242912,69.8232707541655,68.1300789242912,69.8232707541655,1637.0,68.4,0.0,70.0999,68.4,70.0999,1.0,1637.0
2017-01-26,70.2217918737211,71.4170564162526,70.171989184449,71.4170564162526,9258.0,70.5,0.0,71.7,70.45,71.7,1.0,9258.0
2017-01-25,70.9688322128033,71.1680429698919,70.1221864951769,70.1221864951769,8608.0,71.25,0.0,71.45,70.4,70.4,1.0,8608.0
2017-01-24,70.0225811166326,70.1221864951769,68.5285004384683,70.1221864951769,8324.0,70.3,0.0,70.4,68.8,70.4,1.0,8324.0
2017-01-23,69.2755407775504,70.1193975445776,66.8352090032154,66.8352090032154,14239.0,69.55,0.0,70.3972,67.1,67.1,1.0,14239.0
2017-01-20,66.7356036246712,67.3979793919907,66.5363928675826,66.7356036246712,7883.0,67.0,0.0,67.665,66.8,67.0,1.0,7883.0
2017-01-19,66.4865901783104,66.7854063139433,66.4865901783104,66.5363928675826,5439.0,66.75,0.0,67.05,66.75,66.8,1.0,5439.0
2017-01-18,67.1340251388483,67.6818547208419,66.7356036246712,66.8352090032154,10258.0,67.4,0.0,67.95,67.0,67.1,1.0,10258.0
2017-01-17,66.7356036246712,68.4786977491961,66.5861955568547,68.4786977491961,14027.0,67.0,0.0,68.75,66.85,68.75,1.0,14027.0
2017-01-13,68.4786977491961,68.8273165741011,66.7356036246712,66.7356036246712,15913.0,68.75,0.0,69.1,67.0,67.0,1.0,15913.0
2017-01-12,66.4865901783104,67.034419760304,66.2873794212219,66.7356036246712,35976.0,66.75,0.0,67.3,66.55,67.0,1.0,35976.0
2017-01-11,66.9846170710319,67.6071506869337,66.2375767319497,66.8352090032154,7808.0,67.25,0.0,67.875,66.5,67.1,1.0,7808.0
2017-01-10,67.6320520315697,67.9308681672026,66.2873794212219,66.6359982461269,4538.0,67.9,0.0,68.2,66.55,66.9,1.0,4538.0
2017-01-09,66.9348143817597,67.4826439637533,66.9348143817597,67.4826439637533,6878.0,67.2,0.0,67.75,67.2,67.75,1.0,6878.0
2017-01-06,67.5822493422976,67.9179194679918,67.0842224495761,67.9179194679918,6503.0,67.85,0.0,68.187,67.35,68.187,1.0,6503.0
2017-01-05,67.5822493422976,68.1300789242912,67.4328412744811,68.080276235019,9277.0,67.85,0.0,68.4,67.7,68.35,1.0,9277.0
2017-01-04,68.1300789242912,68.9269219526454,67.9308681672026,67.9308681672026,10130.0,68.4,0.0,69.2,68.2,68.2,1.0,10130.0
2017-01-03,68.9269219526454,69.9727784273604,67.8810654779304,69.9727784273604,11752.0,69.2,0.0,70.25,68.15,70.25,1.0,11752.0
2016-12-30,69.474751534639,70.8194241449868,67.8313623940368,70.8194241449868,8356.0,69.75,0.0,71.1,68.1001,71.1,1.0,8356.0
2016-12-29,70.5704106986261,70.7198187664426,69.0265273311897,69.474751534639,5369.0,70.85,0.0,71.0,69.3,69.75,1.0,5369.0
2016-12-28,69.6739622917276,69.823370359544,68.9269219526454,69.4996528792751,4282.0,69.95,0.0,70.1,69.2,69.775,1.0,4282.0
2016-12-27,69.6241596024554,69.7237649809997,69.1759353990061,69.1759353990061,6296.0,69.9,0.0,70.0,69.45,69.45,1.0,6296.0
2016-12-23,69.6739622917276,69.7237649809997,68.080276235019,69.0763300204619,6356.0,69.95,0.0,70.0,68.35,69.35,1.0,6356.0
2016-12-22,68.6779085062847,70.5704106986261,68.6779085062847,69.6739622917276,6218.0,68.95,0.0,70.85,68.95,69.95,1.0,6218.0
2016-12-21,69.8731730488161,69.9478770827243,67.5822493422976,67.9806708564747,10883.0,70.15,0.0,70.225,67.85,68.25,1.0,10883.0
2016-12-20,68.2296843028354,70.2715945629933,68.0035800935399,70.2715945629933,23512.0,68.5,0.0,70.55,68.273,70.55,1.0,23512.0
2016-12-19,69.9229757380883,72.1640967553347,69.5743569131833,71.8154779304297,26676.0,70.2,0.0,72.45,69.85,72.1,1.0,26676.0
2016-12-16,72.5625182695118,74.7538365974861,71.9648859982461,74.7538365974861,35668.0,72.85,0.0,75.05,72.25,75.05,1.0,35668.0
2016-12-15,74.1562043262204,74.6542312189418,71.5166617947968,71.5166617947968,17048.0,74.45,0.0,74.95,71.8,71.8,1.0,17048.0
2016-12-14,70.8194241449868,71.0684375913476,69.894189783689,70.7198187664426,7970.0,71.1,0.0,71.35,70.1711,71.0,1.0,7970.0
2016-12-13,70.8194241449868,71.9648859982461,69.7735676702719,69.8229719380298,12320.0,71.1,0.0,72.25,70.05,70.0996,1.0,12320.0
2016-12-12,70.6700160771704,71.9648859982461,70.171989184449,71.3174510377083,21203.0,70.95,0.0,72.25,70.45,71.6,1.0,21203.0
2016-12-09,71.7158725518854,72.2886034785151,67.034419760304,68.0304735457469,22636.0,72.0,0.0,72.575,67.3,68.3,1.0,22636.0
2016-12-08,67.731657410114,67.8810654779304,65.4905363928676,65.6897471499562,18920.0,68.0,0.0,68.15,65.75,65.95,1.0,18920.0
2016-12-07,65.5403390821397,65.9387605963169,65.5403390821397,65.9387605963169,8586.0,65.8,0.0,66.2,65.8,66.2,1.0,8586.0
2016-12-06,65.8889579070447,66.4865901783104,65.0424117947968,65.3411283250512,15268.0,66.15,0.0,66.75,65.3001,65.6,1.0,15268.0
2016-12-05,65.4407337035955,65.4407337035955,64.2952718503362,64.2952718503362,11799.0,65.7,0.0,65.7,64.55,64.55,1.0,11799.0
2016-12-02,64.1956664717919,65.4905363928676,63.3988234434376,63.7972449576147,8436.0,64.45,0.0,65.75,63.65,64.05,1.0,8436.0
2016-12-01,63.7474422683426,64.7185947091494,62.7513884828997,63.3490207541655,16501.0,64.0,0.0,64.975,63.0,63.6,1.0,16501.0
2016-11-30,63.199612686349,64.7185947091494,62.8011911721719,64.245469161064,8857.0,63.45,0.0,64.975,63.05,64.5,1.0,8857.0
2016-11-29,64.1458637825197,64.7932987430576,62.8011911721719,64.7434960537854,10603.0,64.4,0.0,65.05,63.05,65.0,1.0,10603.0
2016-11-28,64.7932987430576,67.1589264834844,63.9964557147033,66.337182110494,10537.0,65.05,0.0,67.425,64.25,66.6,1.0,10537.0
2016-11-25,66.7356036246712,66.9846170710319,65.4407337035955,66.9846170710319,3615.0,67.0,0.0,67.25,65.7,67.25,1.0,3615.0
2016-11-23,66.8352090032154,66.9348143817597,63.6976395790705,65.291325635779,8081.0,67.1,0.0,67.2,63.95,65.55,1.0,8081.0
2016-11-22,65.1419175679626,65.8391552177726,63.1498099970769,64.245469161064,24711.0,65.4,0.0,66.1,63.4,64.5,1.0,24711.0
2016-11-21,64.4446799181526,65.1419175679626,62.5024746419176,65.1419175679626,17033.0,64.7,0.0,65.4,62.7501,65.4,1.0,17033.0
2016-11-18,65.0423121894183,65.988563285589,63.896850336159,64.594087985969,13974.0,65.3,0.0,66.25,64.15,64.85,1.0,13974.0
2016-11-17,64.3450745396083,65.0423121894183,63.8470476468869,63.896850336159,15694.0,64.6,0.0,65.3,64.1,64.15,1.0,15694.0
2016-11-16,63.8470476468869,64.3450745396083,60.9600853551593,61.107899736919,11656.0,64.1,0.0,64.6,61.2016,61.35,1.0,11656.0
2016-11-15,61.5063212510962,62.7513884828997,60.2641425752704,62.5521777258112,25858.0,61.75,0.0,63.0,60.5029,62.8,1.0,25858.0
2016-11-14,63.1498099970769,63.5980342005262,59.7507764542531,61.6557293189126,31155.0,63.4,0.0,63.85,59.9875,61.9,1.0,31155.0
2016-11-11,61.3071104940076,61.3569131832798,56.7750657702426,57.6715141771412,40932.0,61.55,0.0,61.6,57.0,57.9,1.0,40932.0
2016-11-10,57.9205276235019,58.5181598947676,55.9782227418883,56.3766442560655,24670.0,58.15,0.0,58.75,56.2,56.6,1.0,24670.0
2016-11-09,56.5260523238819,56.5260523238819,49.9520973399591,49.9520973399591,31108.0,56.75,0.0,56.75,50.15,50.15,1.0,31108.0
2016-11-08,50.6991376790412,50.7987430575855,49.5536758257819,49.5536758257819,6729.0,50.9,0.0,51.0,49.75,49.75,1.0,6729.0
2016-11-07,50.6991376790412,50.7987430575855,49.9022946506869,49.9022946506869,9685.0,50.9,0.0,51.0,50.1,50.1,1.0,9685.0
2016-11-04,49.7030838935984,50.4999269219526,49.6034785150541,50.3007161648641,3900.0,49.9,0.0,50.7,49.8,50.5,1.0,3900.0
2016-11-03,49.8524919614148,50.2509134755919,49.5038731365098,49.8026892721427,19794.0,50.05,0.0,50.45,49.7,50.0,1.0,19794.0
2016-11-02,50.0019000292312,50.4501242326805,49.8026892721427,49.9520973399591,4858.0,50.2,0.27,50.65,50.0,50.15,1.0,4858.0
2016-11-01,49.9325492663613,50.5269843766751,49.3381141560474,50.1802305623254,8953.0,50.4,0.0,51.0,49.8,50.65,1.0,8953.0
2016-10-31,50.279303080711,50.5269843766751,49.313346026451,49.8830130071685,27305.0,50.75,0.0,51.0,49.775,50.35,1.0,27305.0
2016-10-28,49.73440422959,50.0316217847469,49.6495981538519,50.0316217847469,2175.0,50.2,0.0,50.5,50.1144,50.5,1.0,2175.0
2016-10-27,50.1306943031326,50.6755931542536,50.1306943031326,50.5269843766751,8149.0,50.6,0.0,51.15,50.6,51.0,1.0,8149.0
2016-10-26,50.3783755990966,50.5269843766751,49.1429412948278,50.1306943031326,11790.0,50.85,0.0,51.0,49.603,50.6,1.0,11790.0
2016-10-25,49.9820855255541,50.4774481174823,49.5890648451183,50.4774481174823,7063.0,50.45,0.0,50.95,50.0533,50.95,1.0,7063.0
2016-10-24,50.3288393399038,53.2514786322801,49.4371866744331,49.8830130071685,23611.0,50.8,0.0,53.75,49.9,50.35,1.0,23611.0
2016-10-21,49.6353317112044,50.3729266105854,49.0408966008905,49.8334767479756,9616.0,50.1,0.0,50.8445,49.5,50.3,1.0,9616.0
2016-10-20,49.9820855255541,50.5269843766751,49.8334767479756,50.5269843766751,6242.0,50.45,0.0,51.0,50.3,51.0,1.0,6242.0
2016-10-19,50.3783755990966,51.0718832277961,50.2297668215182,50.3288393399038,2671.0,50.85,0.0,51.55,50.7,50.8,1.0,2671.0
2016-10-18,50.6260568950607,51.6643368877422,50.0316217847469,50.1306943031326,9362.0,51.1,0.0,52.148,50.5,50.6,1.0,9362.0
2016-10-17,51.2700282645674,52.2607534484238,50.1306943031326,50.1802305623254,17269.0,51.75,0.0,52.75,50.6,50.65,1.0,17269.0
2016-10-14,50.4279118582895,52.0923301671682,49.9820855255541,49.9820855255541,6242.0,50.9,0.0,52.58,50.45,50.45,1.0,6242.0
2016-10-13,50.0316217847469,50.7647584208006,50.0316217847469,50.4477263619666,7168.0,50.5,0.0,51.24,50.5,50.92,1.0,7168.0
2016-10-12,50.6557786505764,51.2204920053746,50.0316217847469,50.4477263619666,4376.0,51.13,0.0,51.7,50.5,50.92,1.0,4376.0
2016-10-11,50.2594885770339,50.4873553693208,50.0613435402626,50.0613435402626,7714.0,50.73,0.0,50.96,50.53,50.53,1.0,7714.0
2016-10-10,49.9226420145227,50.0316217847469,49.7542187332671,49.8830130071685,7274.0,50.39,0.0,50.5,50.22,50.35,1.0,7274.0
2016-10-07,49.6056099556887,49.872115030146,49.5857954520115,49.7542187332671,3260.0,50.07,0.0,50.339,50.05,50.22,1.0,3260.0
2016-10-06,49.6155172075272,49.8830130071685,49.5263519409802,49.6254244593658,2815.0,50.08,0.0,50.35,49.99,50.09,1.0,2815.0
2016-10-05,49.7641259851057,49.9320539037694,49.2390416376618,49.8235694961371,9579.0,50.23,0.0,50.3995,49.7,50.29,1.0,9579.0
2016-10-04,49.348021407886,49.9919927773927,48.7882616790072,48.7882616790072,2708.0,49.81,0.0,50.46,49.245,49.245,1.0,2708.0
2016-10-03,49.6749607185586,49.7740332369443,49.2687633931775,49.4371866744331,14157.0,50.14,0.0,50.24,49.73,49.9,1.0,14157.0
2016-09-30,49.2687633931775,50.0316217847469,49.2687633931775,50.0316217847469,4743.0,49.73,0.0,50.5,49.73,50.5,1.0,4743.0
2016-09-29,49.2390416376618,49.7560020385981,49.0607111045677,49.4867229336259,2856.0,49.7,0.0,50.2218,49.52,49.95,1.0,2856.0
2016-09-28,49.5560736964959,49.8433839998142,48.7932153049264,49.0210820972134,9387.0,50.02,0.0,50.31,49.25,49.48,1.0,9387.0
2016-09-27,49.2984851486932,49.3975576670788,48.9319168306663,49.2192271339847,3616.0,49.76,0.0,49.86,49.39,49.68,1.0,3616.0
2016-09-26,49.3579286597246,49.6056099556887,48.9324121932583,49.3579286597246,5065.0,49.82,0.0,50.07,49.3905,49.82,1.0,5065.0
2016-09-23,49.2984851486932,49.7938477406214,49.0607111045677,49.0607111045677,4034.0,49.76,0.0,50.26,49.52,49.52,1.0,4034.0
2016-09-22,49.892920259007,50.2000450660025,49.506537437303,49.6056099556887,10107.0,50.36,0.0,50.67,49.97,50.07,1.0,10107.0
2016-09-21,49.5957027038501,49.7244969777514,48.9418240825049,49.2250724125694,2098.0,50.06,0.0,50.19,49.4,49.6859,1.0,2098.0
2016-09-20,49.2885778968546,49.6155172075272,48.9418240825049,48.9517313343435,3610.0,49.75,0.0,50.08,49.4,49.41,1.0,3610.0
2016-09-19,49.5164446891416,49.5164446891416,49.1102473637605,49.2385462750699,6560.0,49.98,0.0,49.98,49.57,49.6995,1.0,6560.0
2016-09-16,49.2093198821461,49.2885778968546,48.644606527348,48.644606527348,29654.0,49.67,0.0,49.75,49.1,49.1,1.0,29654.0
2016-09-15,48.9418240825049,48.961638586182,48.6447055998664,48.6447055998664,4382.0,49.4,0.0,49.42,49.1001,49.1001,1.0,4382.0
2016-09-14,48.6148847718323,48.9319168306663,48.5455340089623,48.7337717938951,13805.0,49.07,0.0,49.39,49.0,49.19,1.0,13805.0
2016-09-13,48.5455340089623,49.2192271339847,48.5356267571238,48.5455340089623,16670.0,49.0,0.0,49.68,48.99,49.0,1.0,16670.0
2016-09-12,48.7238645420565,48.7436790457336,48.1492439354198,48.2978527129983,5375.0,49.18,0.0,49.2,48.6,48.75,1.0,5375.0
2016-09-09,48.3771107277068,49.1300618674376,48.2978527129983,48.9517313343435,9988.0,48.83,0.0,49.59,48.75,49.41,1.0,9988.0
2016-09-08,49.2390416376618,49.2390416376618,48.5950702681552,49.0899374974914,2553.0,49.7,0.0,49.7,49.05,49.5495,1.0,2553.0
2016-09-07,49.2093198821461,49.7443114814286,49.0408966008905,49.0408966008905,4985.0,49.67,0.0,50.21,49.5,49.5,1.0,4985.0
2016-09-06,49.1300618674376,49.3381141560474,48.2795242970969,49.3381141560474,3624.0,49.59,0.0,49.8,48.7315,49.8,1.0,3624.0
2016-09-02,49.5362591928187,49.5362591928187,48.8427515641193,49.3182996523703,1940.0,50.0,0.0,50.0,49.3,49.78,1.0,1940.0
2016-09-01,49.3381141560474,49.348021407886,48.1789656909355,48.3473889721911,4914.0,49.8,0.0,49.81,48.63,48.8,1.0,4914.0
2016-08-31,48.2681309574826,48.6644210310251,48.2681309574826,48.6644210310251,8968.0,48.72,0.0,49.12,48.72,49.12,1.0,8968.0
2016-08-30,48.6545137791866,48.9121023269892,48.5703021385588,48.7833080530879,7980.0,49.11,0.0,49.37,49.025,49.24,1.0,7980.0
2016-08-29,48.9913603416977,49.0408966008905,48.5456330814807,48.5456330814807,8251.0,49.45,0.0,49.5,49.0001,49.0001,1.0,8251.0
2016-08-26,48.4959977497695,49.3876504152403,48.3077599648368,49.3182996523703,1998.0,48.95,0.0,49.85,48.76,49.78,1.0,1998.0
2016-08-25,48.7337717938951,48.7852895034556,48.258223705644,48.7852895034556,2949.0,49.19,0.0,49.242,48.71,49.242,1.0,2949.0
2016-08-24,48.6247920236709,48.8427515641193,48.6247920236709,48.7634935494108,7395.0,49.08,0.0,49.3,49.08,49.22,1.0,7395.0
2016-08-23,48.8328443122807,49.6977473977873,48.7932153049264,48.9418240825049,7461.0,49.29,0.0,50.163,49.25,49.4,1.0,7461.0
2016-08-22,49.1003401119219,49.3579286597246,48.7436790457336,48.7436790457336,4027.0,49.56,0.0,49.82,49.2,49.2,1.0,4027.0
2016-08-19,48.9319168306663,49.1795981266304,48.7406077976637,49.1795981266304,7042.0,49.39,0.0,49.64,49.1969,49.64,1.0,7042.0
2016-08-18,49.3876504152403,49.4570011781102,48.9190374032762,49.4570011781102,4651.0,49.85,0.0,49.92,49.377,49.92,1.0,4651.0
2016-08-17,48.9418240825049,49.5747984024707,48.0798931725499,48.3176672166754,6260.0,49.4,0.0,50.0389,48.53,48.77,1.0,6260.0
2016-08-16,48.4464614905767,48.9418240825049,48.258223705644,48.5356267571238,6638.0,48.9,0.0,49.4,48.71,48.99,1.0,6638.0
2016-08-15,48.8427515641193,49.7542187332671,48.0501714170342,49.4074649189174,4373.0,49.3,0.0,50.22,48.5,49.87,1.0,4373.0
2016-08-12,49.348021407886,49.5263519409802,48.9517313343435,48.9517313343435,4056.0,49.81,0.0,49.99,49.41,49.41,1.0,4056.0
2016-08-11,49.0210820972134,49.030989349052,48.622513355748,48.622513355748,3303.0,49.48,0.0,49.49,49.0777,49.0777,1.0,3303.0
2016-08-10,48.327574468514,49.1498763711147,48.099707676227,48.7436790457336,2862.0,48.78,0.0,49.61,48.55,49.2,1.0,2862.0
2016-08-09,48.7288181679758,48.8625660677964,48.4761832460924,48.4761832460924,2118.0,49.185,0.0,49.32,48.93,48.93,1.0,2118.0
2016-08-08,48.5455340089623,48.8427515641193,48.3374817203525,48.4563687424153,9372.0,49.0,0.0,49.3,48.79,48.91,1.0,9372.0
2016-08-05,48.7337717938951,49.120154615599,48.3077599648368,49.120154615599,5452.0,49.19,0.0,49.58,48.76,49.58,1.0,5452.0
2016-08-04,49.1399691192762,49.1399691192762,48.3672034758682,48.3672034758682,694.0,49.6,0.0,49.6,48.82,48.82,1.0,694.0
2016-08-03,48.2285019501283,48.3229180601498,48.2285019501283,48.3229180601498,1651.0,48.68,0.25,48.7753,48.68,48.7753,1.0,1651.0
2016-08-02,48.001799406729,49.2432422476484,47.9525162451204,48.1496488915546,9718.0,48.7,0.0,49.9595,48.65,48.85,1.0,9718.0
2016-08-01,48.070795832981,48.7443980858466,47.8835198188685,48.6227672429967,6273.0,48.77,0.0,49.4534,48.58,49.33,1.0,6273.0
2016-07-29,48.8691830510395,49.2634483439079,48.2974983763803,49.2634483439079,6663.0,49.58,0.0,49.98,49.0,49.98,1.0,6663.0
2016-07-28,49.0170325358651,49.3521580348033,48.9973192712217,49.3521580348033,3170.0,49.73,0.0,50.07,49.71,50.07,1.0,3170.0
2016-07-27,49.6577136367763,49.7759932246368,49.3423014024816,49.7661365923151,17223.0,50.38,0.0,50.5,50.06,50.49,1.0,17223.0
2016-07-26,49.667570269098,49.667570269098,48.8198998894309,49.3423014024816,5012.0,50.39,0.0,50.39,49.53,50.06,1.0,5012.0
2016-07-25,49.1451687560474,50.8799360446684,48.9677493742566,50.8799360446684,7626.0,49.86,0.0,51.62,49.68,51.62,1.0,7626.0
2016-07-22,51.0869253234243,51.1164952203894,49.1451687560474,49.3225881378382,9845.0,51.83,0.0,51.86,49.86,50.04,1.0,9845.0
2016-07-21,49.4507243580204,50.3772477962612,48.5931973460316,50.2589682084006,2296.0,50.17,0.0,51.11,49.3,50.99,1.0,2296.0
2016-07-20,50.3772477962612,51.2544880728934,49.2831616085513,51.2544880728934,6115.0,51.11,0.0,52.0,50.0,52.0,1.0,6115.0
2016-07-19,51.1263518527111,51.7177497920137,51.0573554264592,51.4516207193276,3055.0,51.87,0.0,52.47,51.8,52.2,1.0,3055.0
2016-07-18,50.7517998244861,51.3136278668236,50.5152406487651,50.5152406487651,2399.0,51.49,0.0,52.06,51.25,51.25,1.0,2399.0
2016-07-15,50.6433768689473,50.9095059416335,48.7621400240257,50.6729467659125,10021.0,51.38,0.0,51.65,49.4714,51.41,1.0,10021.0
2016-07-14,50.4363875901914,50.7665847729687,48.4354912288842,48.4354912288842,18663.0,51.17,0.0,51.505,49.14,49.14,1.0,18663.0
2016-07-13,48.4354912288842,48.7410468308573,48.1553657383012,48.1553657383012,7572.0,49.14,0.0,49.45,48.8558,48.8558,1.0,7572.0
2016-07-12,48.5833407137099,48.7410468308573,48.0806524653027,48.0806524653027,8786.0,49.29,0.0,49.45,48.78,48.78,1.0,8786.0
2016-07-11,48.2679284794152,48.5242009197796,46.5824443524027,48.307355008702,4256.0,48.97,0.0,49.23,47.26,49.01,1.0,4256.0
2016-07-08,48.5143442874579,48.543914184423,47.2822652472441,47.4991111583218,12679.0,49.22,0.0,49.25,47.97,48.19,1.0,12679.0
2016-07-07,47.3019785118876,47.9525162451204,47.0654193361665,47.9525162451204,4413.0,47.99,0.0,48.65,47.75,48.65,1.0,4413.0
2016-07-06,47.9820861420856,47.9820861420856,46.8978565866974,46.8978565866974,2285.0,48.68,0.0,48.68,47.58,47.58,1.0,2285.0
2016-07-05,47.0949892331316,48.7114769338921,46.572587720081,46.7105805725849,4346.0,47.78,0.0,49.42,47.25,47.39,1.0,4346.0
2016-07-01,46.8485734250889,48.307355008702,46.8485734250889,47.863806554225,7796.0,47.53,0.0,49.01,47.53,48.56,1.0,7796.0
2016-06-30,47.6765305401125,48.001799406729,46.7845053149978,46.8682866897323,11483.0,48.37,0.0,48.7,47.465,47.55,1.0,11483.0
2016-06-29,46.7007239402632,47.0358494392014,46.572587720081,47.0259928068797,21429.0,47.38,0.0,47.72,47.25,47.71,1.0,21429.0
2016-06-28,46.7401504695501,48.1595055238763,46.4838780291856,48.0806524653027,44557.0,47.42,0.0,48.86,47.16,48.78,1.0,44557.0
2016-06-27,47.696243804756,48.6720504046053,47.696243804756,48.2087886854849,24898.0,48.39,0.0,49.38,48.39,48.91,1.0,24898.0
2016-06-24,48.4256345965625,48.7311901985355,48.1496488915546,48.1496488915546,38856.0,49.13,0.0,49.44,48.85,48.85,1.0,38856.0
2016-06-23,48.7410468308573,48.9282242786465,48.5931973460316,48.5931973460316,19926.0,49.45,0.0,49.6399,49.3,49.3,1.0,19926.0
2016-06-22,48.4946310228145,48.7607600955007,48.3566381703106,48.4650611258494,9310.0,49.2,0.0,49.47,49.06,49.17,1.0,9310.0
2016-06-21,48.6917636692487,48.9283228449697,48.543914184423,48.8001866247875,7434.0,49.4,0.0,49.64,49.25,49.51,1.0,7434.0
2016-06-20,48.8100432571092,49.1944519176559,48.3862080672757,49.1944519176559,5312.0,49.52,0.0,49.91,49.09,49.91,1.0,5312.0
2016-06-17,48.7804733601441,49.0860289621171,48.6425790739634,49.0860289621171,22444.0,49.49,0.0,49.8,49.3501,49.8,1.0,22444.0
2016-06-16,48.9973192712217,49.598573842846,48.9283228449697,49.2437350792645,20390.0,49.71,0.0,50.32,49.64,49.96,1.0,20390.0
2016-06-15,49.4704376226638,50.8700794123467,49.224021814621,50.0716921942881,10833.0,50.19,0.0,51.61,49.94,50.8,1.0,10833.0
2016-06-14,49.9139860771408,50.6828033982342,49.3373730863207,50.3082513700092,8590.0,50.64,0.0,51.42,50.055,51.04,1.0,8590.0
2016-06-13,49.9928391357144,50.7419431921644,49.5887172105243,49.7168534307066,10549.0,50.72,0.0,51.48,50.31,50.44,1.0,10549.0
2016-06-10,49.5690039458809,50.2688248407223,49.1550253883691,49.6577136367763,7986.0,50.29,0.0,51.0,49.87,50.38,1.0,7986.0
2016-06-09,49.9632692387493,49.9632692387493,49.1155988590822,49.1155988590822,6183.0,50.69,0.0,50.69,49.83,49.83,1.0,6183.0
2016-06-08,49.1747386530125,49.1845952853342,49.1155988590822,49.1845952853342,7026.0,49.89,0.0,49.9,49.83,49.9,1.0,7026.0
2016-06-07,49.1648820206908,49.2437350792645,49.1155988590822,49.2437350792645,14837.0,49.88,0.0,49.96,49.83,49.96,1.0,14837.0
2016-06-06,49.1550253883691,49.8745595478539,49.056459065152,49.8745595478539,17275.0,49.87,0.0,50.6,49.77,50.6,1.0,17275.0
2016-06-03,49.598573842846,49.598573842846,48.9086095803263,49.362014667125,4382.0,50.32,0.0,50.32,49.62,50.08,1.0,4382.0
2016-06-02,49.3817279317684,50.2392549437572,49.0663156974737,50.2392549437572,20725.0,50.1,0.0,50.97,49.78,50.97,1.0,20725.0
2016-06-01,50.2096850467921,50.451172538674,49.0328031475799,49.8844161801756,9770.0,50.94,0.0,51.185,49.746,50.61,1.0,9770.0
2016-05-31,50.1012620912533,50.2688248407223,48.7706167278224,49.6577136367763,19922.0,50.83,0.0,51.0,49.48,50.38,1.0,19922.0
2016-05-27,49.6774269014197,49.7168534307066,49.2742906394618,49.2831616085513,3481.0,50.4,0.0,50.44,49.991,50.0,1.0,3481.0
2016-05-26,49.1944519176559,49.2733049762296,48.9874626389,48.9874626389,3010.0,49.91,0.0,49.99,49.7,49.7,1.0,3010.0
2016-05-25,48.7903299924658,49.0268891681868,48.6621937722836,49.0268891681868,15864.0,49.5,0.0,49.74,49.37,49.74,1.0,15864.0
2016-05-24,49.1057422267605,49.7251330018568,48.3467815379888,48.3467815379888,13587.0,49.82,0.0,50.4484,49.05,49.05,1.0,13587.0
2016-05-23,48.1496488915546,48.7311901985355,48.0313693036941,48.2974983763803,9540.0,48.85,0.0,49.44,48.73,49.0,1.0,9540.0
2016-05-20,48.4946310228145,48.7903299924658,47.9229463481553,48.001799406729,24337.0,49.2,0.0,49.5,48.62,48.7,1.0,24337.0
2016-05-19,48.0116560390507,48.4059213319191,47.8539499219033,48.2285019501283,10836.0,48.71,0.0,49.11,48.55,48.93,1.0,10836.0
2016-05-18,48.3960646995974,48.6276955591576,47.8539499219033,47.8539499219033,17019.0,49.1,0.0,49.335,48.55,48.55,1.0,17019.0
2016-05-17,47.8539499219033,48.3704374555609,47.8539499219033,48.3704374555609,12140.0,48.55,0.0,49.074,48.55,49.074,1.0,12140.0
2016-05-16,48.3566381703106,48.5734840813882,47.990464279559,48.1397922592329,11790.0,49.06,0.0,49.28,48.6885,48.84,1.0,11790.0
2016-05-13,48.1595055238763,48.4749177581711,47.863806554225,48.0412259360158,7578.0,48.86,0.0,49.18,48.56,48.74,1.0,7578.0
2016-05-12,47.9130897158336,48.7804733601441,47.8539499219033,48.1595055238763,12234.0,48.61,0.0,49.49,48.55,48.86,1.0,12234.0
2016-05-11,48.2186453178066,48.7410468308573,48.0981972708353,48.7213335662138,5745.0,48.92,0.0,49.45,48.7978,49.43,1.0,5745.0
2016-05-10,48.8198998894309,49.362014667125,48.1947922675881,48.5734840813882,6416.0,49.53,0.0,50.08,48.8958,49.28,1.0,6416.0
2016-05-09,48.2974983763803,48.6720504046053,47.8539499219033,47.9919427744073,5382.0,49.0,0.0,49.38,48.55,48.69,1.0,5382.0
2016-05-06,48.1792187885198,48.3369249056671,47.9426596127987,48.2974983763803,9748.0,48.88,0.0,49.04,48.64,49.0,1.0,9748.0
2016-05-05,48.1397922592329,48.6523371399619,47.9919427744073,47.9919427744073,10880.0,48.84,0.0,49.36,48.69,48.69,1.0,10880.0
2016-05-04,48.169362156198,48.2482152147717,47.8539499219033,47.8539499219033,13917.0,48.87,0.25,48.95,48.55,48.55,1.0,13917.0
2016-05-03,47.8555552366137,48.0026522301689,47.6595239765358,47.7182647092955,11111.0,48.8,0.0,48.95,48.6001,48.66,1.0,11111.0
2016-05-02,48.0712974938279,48.149749223724,47.5907806482144,48.149749223724,6916.0,49.02,0.0,49.1,48.53,49.1,1.0,6916.0
2016-04-29,48.0712974938279,48.3360720822272,47.6594259118735,47.6594259118735,26932.0,49.02,0.0,49.29,48.6,48.6,1.0,26932.0
2016-04-28,48.0026522301689,48.3851044134123,47.8359423041397,48.0516845613539,23773.0,48.95,0.0,49.34,48.78,49.0,1.0,23773.0
2016-04-27,48.2478138860941,48.6400725355746,48.0516845613539,48.0516845613539,41010.0,49.2,0.0,49.6,49.0,49.0,1.0,41010.0
2016-04-26,48.2968462172792,48.7969759953668,48.2478138860941,48.2968462172792,28701.0,49.25,0.0,49.76,49.2,49.25,1.0,28701.0
2016-04-25,47.9732328314578,48.7871695291297,47.5613612495034,48.0320716288799,24580.0,48.92,0.0,49.75,48.5,48.98,1.0,24580.0
2016-04-22,47.6594259118735,47.8555552366137,47.5613612495034,47.8555552366137,12255.0,48.6,0.0,48.8,48.5,48.8,1.0,12255.0
2016-04-21,47.7967164391916,48.2478138860941,47.7574905742436,47.8065229054286,27133.0,48.74,0.0,49.2,48.7,48.75,1.0,27133.0
2016-04-20,47.8163293716657,48.0026522301689,47.6594259118735,47.8555552366137,6466.0,48.76,0.0,48.95,48.6,48.8,1.0,6466.0
2016-04-19,48.0516845613539,48.149749223724,48.0222651626429,48.0516845613539,16183.0,49.0,0.0,49.1,48.97,49.0,1.0,16183.0
2016-04-18,48.100716892539,48.4635561433084,48.0222651626429,48.4635561433084,18841.0,49.05,0.0,49.42,48.97,49.42,1.0,18841.0
2016-04-15,48.4537496770714,48.7871695291297,48.149749223724,48.6008466706265,4040.0,49.41,0.0,49.75,49.1,49.56,1.0,4040.0
2016-04-14,48.7773630628927,48.8754277252628,48.2085880211461,48.2085880211461,6437.0,49.74,0.0,49.84,49.16,49.16,1.0,6437.0
2016-04-13,48.4439432108344,48.7283307317077,47.7084582430585,48.3851044134123,14736.0,49.4,0.0,49.69,48.65,49.34,1.0,14736.0
2016-04-12,48.2478138860941,48.4145238121233,47.8555552366137,48.4145238121233,20041.0,49.2,0.0,49.37,48.8,49.37,1.0,20041.0
2016-04-11,48.3066526835162,48.4929755420194,48.13013629125,48.13013629125,7628.0,49.26,0.0,49.45,49.08,49.08,1.0,7628.0
2016-04-08,47.9732328314578,48.3556850147013,47.5907806482144,48.3556850147013,18395.0,48.92,0.0,49.31,48.53,49.31,1.0,18395.0
2016-04-07,48.100716892539,49.2284605097952,47.5613612495034,47.6594259118735,55298.0,49.05,0.0,50.2,48.5,48.6,1.0,55298.0
2016-04-06,47.7378776417696,48.0516845613539,47.5613612495034,47.7280711755326,5067.0,48.68,0.0,49.0,48.5,48.67,1.0,5067.0
2016-04-05,47.7084582430585,48.4243302783603,47.5809741819774,47.7182647092955,7263.0,48.65,0.0,49.38,48.52,48.66,1.0,7263.0
2016-04-04,47.9732328314578,48.7283307317077,47.5750903022352,48.5322014069675,8915.0,48.92,0.0,49.69,48.514,49.49,1.0,8915.0
2016-04-01,48.5420078732045,48.5812337381525,48.2282009536201,48.3164591497532,2993.0,49.5,0.0,49.54,49.18,49.27,1.0,2993.0
2016-03-31,48.2674268185682,48.6989113329966,48.2674268185682,48.5322014069675,6238.0,49.22,0.0,49.66,49.22,49.49,1.0,6238.0
2016-03-30,48.5125884744934,48.6694919342856,47.9634263652208,48.6694919342856,6212.0,49.47,0.0,49.63,48.91,49.63,1.0,6212.0
2016-03-29,48.5616208056785,48.8852341914999,48.081103960065,48.2282009536201,7830.0,49.52,0.0,49.85,49.03,49.18,1.0,7830.0
2016-03-28,48.9048471239739,49.012718252581,47.9634263652208,48.5125884744934,10318.0,49.87,0.0,49.98,48.91,49.47,1.0,10318.0
2016-03-24,48.3851044134123,49.051944117529,47.9242005002728,48.4145238121233,4041.0,49.34,0.0,50.02,48.87,49.37,1.0,4041.0
2016-03-23,48.4439432108344,49.1794281786102,48.3066526835162,49.1794281786102,20783.0,49.4,0.0,50.15,49.26,50.15,1.0,20783.0
2016-03-22,48.9636859213959,50.1110424711262,48.13013629125,48.5616208056785,54670.0,49.93,0.0,51.1,49.08,49.52,1.0,54670.0
2016-03-21,48.5518143394415,50.0129778087561,48.4341367445973,48.6596854680486,34101.0,49.51,0.0,51.0,49.39,49.62,1.0,34101.0
2016-03-18,49.051944117529,49.2774928409803,47.6888453105845,48.3360720822272,25205.0,50.02,0.0,50.25,48.63,49.29,1.0,25205.0
2016-03-17,47.9732328314578,48.0418780951169,47.5613612495034,47.5809741819774,9577.0,48.92,0.0,48.99,48.5,48.52,1.0,9577.0
2016-03-16,47.8457487703767,49.2774928409803,47.5613612495034,48.7087177992337,13518.0,48.79,0.0,50.25,48.5,49.67,1.0,13518.0
2016-03-15,48.5910402043895,49.2774928409803,47.9830392976948,48.8067824616038,8836.0,49.55,0.0,50.25,48.93,49.77,1.0,8836.0
2016-03-14,48.9342665226849,49.4245898345355,48.1987815549091,48.6596854680486,6362.0,49.9,0.0,50.4,49.15,49.62,1.0,6362.0
2016-03-11,48.9538794551589,49.5128480306686,48.1302343559124,48.1987815549091,11133.0,49.92,0.0,50.49,49.0801,49.15,1.0,11133.0
2016-03-10,48.110523358776,48.1987815549091,47.8947811015617,48.0516845613539,7320.0,49.06,0.0,49.15,48.84,49.0,1.0,7320.0
2016-03-09,47.9732328314578,48.0418780951169,47.5613612495034,47.6594259118735,12257.0,48.92,0.0,48.99,48.5,48.6,1.0,12257.0
2016-03-08,47.6496194456365,48.0516845613539,47.5711677157404,47.9928457639318,11729.0,48.59,0.0,49.0,48.51,48.94,1.0,11729.0
2016-03-07,48.0516845613539,48.3164591497532,47.5613612495034,47.8261358379027,10491.0,49.0,0.0,49.27,48.5,48.77,1.0,10491.0
2016-03-04,47.9830392976948,48.4439432108344,47.8751681690877,48.4439432108344,16746.0,48.93,0.0,49.4,48.82,49.4,1.0,16746.0
2016-03-03,48.5027820082564,49.3250542022298,48.0707091058537,48.4047173458863,20473.0,49.46,0.0,50.2985,49.0194,49.36,1.0,20473.0
2016-03-02,48.8950406577369,49.4540092332465,47.7084582430585,48.6008466706265,15608.0,49.86,0.0,50.43,48.65,49.56,1.0,15608.0
2016-03-01,48.6891048667596,48.9099464864171,48.0124586964059,48.4243302783603,8178.0,49.65,0.0,49.8752,48.96,49.38,1.0,8178.0
2016-02-29,48.4047173458863,48.5375949633978,47.6594259118735,47.7182647092955,10806.0,49.36,0.0,49.4955,48.6,48.66,1.0,10806.0
2016-02-26,48.0516845613539,49.5520738956166,46.4140046997731,47.7182647092955,11650.0,49.0,0.0,50.53,47.33,48.66,1.0,11650.0
2016-02-25,47.5907806482144,47.7869099729546,46.2374883075069,46.5807146258023,7773.0,48.53,0.0,48.73,47.15,47.5,1.0,7773.0
2016-02-24,46.4434240984841,46.8258762817275,45.6745971455025,45.7667779281304,13242.0,47.36,0.0,47.75,46.576,46.67,1.0,13242.0
2016-02-23,45.8452296580264,46.6493598894613,45.3951128577476,45.7373585294193,16039.0,46.75,0.0,47.57,46.291,46.64,1.0,16039.0
2016-02-22,46.0707783814777,47.0710379376528,44.7665183719552,46.8847150791496,29346.0,46.98,0.0,48.0,45.65,47.81,1.0,29346.0
2016-02-19,46.7964568830165,47.1887155324969,45.9923266515816,47.1887155324969,13065.0,47.72,0.0,48.12,46.9,48.12,1.0,13065.0
2016-02-18,47.0906508701268,47.6888453105845,46.6395534232243,47.4044577897112,11229.0,48.02,0.0,48.63,47.56,48.34,1.0,11229.0
2016-02-17,47.5221353845553,48.5027820082564,47.1102638026009,48.4831690757824,12839.0,48.46,0.0,49.46,48.04,49.44,1.0,12839.0
2016-02-16,48.2968462172792,48.8852341914999,47.7869099729546,48.4537496770714,13824.0,49.25,0.0,49.85,48.73,49.41,1.0,13824.0
2016-02-12,47.8163293716657,49.3608478039949,47.5613612495034,48.2183944873831,12704.0,48.76,0.0,50.335,48.5,49.17,1.0,12704.0
2016-02-11,47.7672970404806,49.1549120130177,47.4044577897112,48.2870397510422,6655.0,48.71,0.0,50.125,48.34,49.24,1.0,6655.0
2016-02-10,48.973492387633,49.6060094599202,48.7381371979447,48.7381371979447,5242.0,49.94,0.0,50.585,49.7,49.7,1.0,5242.0
2016-02-09,48.2576203523312,49.5226544969056,48.100716892539,49.1598152461362,8262.0,49.21,0.0,50.5,49.05,50.13,1.0,8262.0
2016-02-08,49.2480734422693,49.8070420177789,48.699009397659,49.6207191592757,31414.0,50.22,0.0,50.79,49.6601,50.6,1.0,31414.0
2016-02-05,49.7678161528308,50.1894942010223,49.7678161528308,50.0718166061782,17338.0,50.75,0.0,51.18,50.75,51.06,1.0,17338.0
2016-02-04,50.1698812685483,50.7484627765319,49.8168484840159,50.5523334517917,8717.0,51.16,0.0,51.75,50.8,51.55,1.0,8717.0
2016-02-03,50.5229140530807,51.6652693050301,49.9639454775711,51.6114318053889,10752.0,51.52,0.25,52.6849,50.95,52.63,1.0,10752.0
2016-02-02,51.2158108847919,51.5671388558003,50.786410031337,51.5671388558003,8481.0,52.48,0.0,52.84,52.04,52.84,1.0,8481.0
2016-02-01,51.5768979661061,52.5040134451563,51.5768979661061,52.4844952245447,5829.0,52.85,0.0,53.8,52.85,53.78,1.0,5829.0
2016-01-29,52.6796774306605,52.6796774306605,51.4500295321308,51.4500295321308,12986.0,53.98,0.0,53.98,52.72,52.72,1.0,12986.0
2016-01-28,51.3817157599903,51.9184668268088,50.459479836093,51.5476206351888,6584.0,52.65,0.0,53.2,51.705,52.82,1.0,6584.0
2016-01-27,51.3231610981556,52.4064223420984,51.2646064363208,52.1819628050652,4661.0,52.59,0.0,53.7,52.53,53.47,1.0,4661.0
2016-01-26,52.1819628050652,53.1871511665617,51.3817157599903,51.3914748702961,14232.0,53.47,0.0,54.5,52.65,52.66,1.0,14232.0
2016-01-25,51.1865335538745,51.723284620693,50.415563839717,50.4838776118575,19308.0,52.45,0.0,53.0,51.66,51.73,1.0,19308.0
2016-01-22,50.8059282519486,51.0987015611224,49.7714625595348,50.600986935527,8640.0,52.06,0.0,52.36,51.0,51.85,1.0,8640.0
2016-01-21,50.2203816336012,51.2304495502505,49.7714625595348,50.0251994274853,12662.0,51.46,0.0,52.495,51.0,51.26,1.0,12662.0
2016-01-20,50.181345192378,50.4350820603286,49.52748480189,49.7714625595348,18164.0,51.42,0.0,51.68,50.75,51.0,1.0,18164.0
2016-01-19,49.8788127728985,50.2789362954359,49.52748480189,50.2594180748243,13315.0,51.11,0.0,51.52,50.75,51.5,1.0,13315.0
2016-01-15,49.9080901038159,50.884001134395,49.7714625595348,50.7473735901139,12586.0,51.14,0.0,52.14,51.0,52.0,1.0,12586.0
2016-01-14,50.8254464725602,51.2841246569324,50.5424322736923,51.1474971126513,7480.0,52.08,0.0,52.55,51.79,52.41,1.0,7480.0
2016-01-13,50.8547238034776,51.6159344073293,50.7473735901139,51.537861524883,13032.0,52.11,0.0,52.89,52.0,52.81,1.0,13032.0
2016-01-12,51.6940072897756,51.957503268032,51.2353291054034,51.957503268032,16751.0,52.97,0.0,53.24,52.5,53.24,1.0,16751.0
2016-01-11,51.5964161867177,52.1136490329246,51.4305113115193,51.723284620693,7723.0,52.87,0.0,53.4,52.7,53.0,1.0,7723.0
2016-01-08,51.069424230205,51.6549708485525,51.069424230205,51.6061752970235,12216.0,52.33,0.0,52.93,52.33,52.88,1.0,12216.0
2016-01-07,51.254847326015,51.908707716503,51.2450882157092,51.723284620693,11877.0,52.52,0.0,53.19,52.51,53.0,1.0,11877.0
2016-01-06,51.8403939443625,52.3576267905694,51.7428028413046,52.1136490329246,11884.0,53.12,0.0,53.65,53.02,53.4,1.0,11884.0
2016-01-05,52.1819628050652,52.3576267905694,52.1136490329246,52.1624445844536,16224.0,53.47,0.0,53.65,53.4,53.45,1.0,16224.0
2016-01-04,52.2405174668999,52.3381085699578,51.723284620693,52.1136490329246,29292.0,53.53,0.0,53.63,53.0,53.4,1.0,29292.0
