,adj_close,adj_high,adj_low,adj_open,adj_volume,close,ex_dividend,high,low,open,split_ratio,volume
2017-02-10,0.0879,0.1051,0.0815,0.105,7082.0,0.0879,0.0,0.1051,0.0815,0.105,1.0,7082.0
2017-02-09,0.1,0.1052,0.0857,0.1,3845.0,0.1,0.0,0.1052,0.0857,0.1,1.0,3845.0
2017-02-08,0.1,0.1052,0.0815,0.1,3258.0,0.1,0.0,0.1052,0.0815,0.1,1.0,3258.0
2017-02-07,0.0939,0.1,0.0805,0.1,3055.0,0.0939,0.0,0.1,0.0805,0.1,1.0,3055.0
2017-02-06,0.1,0.1,0.082,0.1,12665.0,0.1,0.0,0.1,0.082,0.1,1.0,12665.0
2017-02-03,0.1,0.1,0.0801,0.082,2138.0,0.1,0.0,0.1,0.0801,0.082,1.0,2138.0
2017-02-02,0.0801,0.0803,0.0801,0.0801,679.0,0.0801,0.0,0.0803,0.0801,0.0801,1.0,679.0
2017-02-01,0.0899,0.1,0.0735,0.1,3504.0,0.0899,0.0,0.1,0.0735,0.1,1.0,3504.0
2017-01-31,0.0767,0.0767,0.0767,0.0767,110.0,0.0767,0.0,0.0767,0.0767,0.0767,1.0,110.0
2017-01-30,0.0767,0.0767,0.0767,0.0767,522.0,0.0767,0.0,0.0767,0.0767,0.0767,1.0,522.0
2017-01-27,0.0898,0.0899,0.0731,0.0899,6152.0,0.0898,0.0,0.0899,0.0731,0.0899,1.0,6152.0
2017-01-26,0.08,0.08,0.0754,0.0754,592.0,0.08,0.0,0.08,0.0754,0.0754,1.0,592.0
2017-01-25,0.075,0.084,0.073,0.084,1416.0,0.075,0.0,0.084,0.073,0.084,1.0,1416.0
2017-01-24,0.08,0.084,0.08,0.08,12312.0,0.08,0.0,0.084,0.08,0.08,1.0,12312.0
2017-01-23,0.0847,0.085,0.0805,0.085,1892.0,0.0847,0.0,0.085,0.0805,0.085,1.0,1892.0
2017-01-20,0.0767,0.087,0.0731,0.087,3162.0,0.0767,0.0,0.087,0.0731,0.087,1.0,3162.0
2017-01-19,0.0901,0.1,0.09,0.1,4849.0,0.0901,0.0,0.1,0.09,0.1,1.0,4849.0
2017-01-18,0.1,0.1116,0.073,0.1116,21983.0,0.1,0.0,0.1116,0.073,0.1116,1.0,21983.0
2017-01-17,0.085,0.0868,0.061,0.061,3310.0,0.085,0.0,0.0868,0.061,0.061,1.0,3310.0
2017-01-13,0.085,0.085,0.085,0.085,312.0,0.085,0.0,0.085,0.085,0.085,1.0,312.0
2017-01-12,0.0714,0.0742,0.068,0.0707,4828.0,0.0714,0.0,0.0742,0.068,0.0707,1.0,4828.0
2017-01-11,0.0674,0.0674,0.0674,0.0674,300.0,0.0674,0.0,0.0674,0.0674,0.0674,1.0,300.0
2017-01-10,0.0642,0.0735,0.0612,0.0735,900.0,0.0642,0.0,0.0735,0.0612,0.0735,1.0,900.0
2017-01-09,0.07,0.0735,0.07,0.07,3021.0,0.07,0.0,0.0735,0.07,0.07,1.0,3021.0
2017-01-06,0.07,0.0819,0.07,0.078,4526.0,0.07,0.0,0.0819,0.07,0.078,1.0,4526.0
2017-01-05,0.0743,0.0743,0.07,0.07,1131.0,0.0743,0.0,0.0743,0.07,0.07,1.0,1131.0
2017-01-04,0.0601,0.09,0.05,0.07,7034.0,0.0601,0.0,0.09,0.05,0.07,1.0,7034.0
2017-01-03,0.0735,0.0735,0.0636,0.0677,2123.0,0.0735,0.0,0.0735,0.0636,0.0677,1.0,2123.0
2016-12-30,0.08,0.08,0.08,0.08,114.0,0.08,0.0,0.08,0.08,0.08,1.0,114.0
2016-12-29,0.08,0.09,0.08,0.09,1735.0,0.08,0.0,0.09,0.08,0.09,1.0,1735.0
2016-12-28,0.0899,0.09,0.08,0.084,3413.0,0.0899,0.0,0.09,0.08,0.084,1.0,3413.0
2016-12-27,0.08,0.085,0.07,0.084,51442.0,0.08,0.0,0.085,0.07,0.084,1.0,51442.0
2016-12-23,0.0701,0.084,0.0701,0.08,1509.0,0.0701,0.0,0.084,0.0701,0.08,1.0,1509.0
2016-12-22,0.0701,0.0765,0.0601,0.0601,1558.0,0.0701,0.0,0.0765,0.0601,0.0601,1.0,1558.0
2016-12-21,0.07,0.0939,0.07,0.084,2921.0,0.07,0.0,0.0939,0.07,0.084,1.0,2921.0
2016-12-20,0.08,0.0808,0.08,0.0808,2145.0,0.08,0.0,0.0808,0.08,0.0808,1.0,2145.0
2016-12-19,0.08,0.08,0.08,0.08,204.0,0.08,0.0,0.08,0.08,0.08,1.0,204.0
2016-12-16,0.0858,0.0898,0.0858,0.0858,457.0,0.0858,0.0,0.0898,0.0858,0.0858,1.0,457.0
2016-12-15,0.0858,0.0858,0.0858,0.0858,130.0,0.0858,0.0,0.0858,0.0858,0.0858,1.0,130.0
2016-12-13,0.0818,0.103,0.0818,0.103,2562.0,0.0818,0.0,0.103,0.0818,0.103,1.0,2562.0
2016-12-12,0.103,0.1032,0.1019,0.103,863.0,0.103,0.0,0.1032,0.1019,0.103,1.0,863.0
2016-12-09,0.097,0.11,0.075,0.11,3406.0,0.097,0.0,0.11,0.075,0.11,1.0,3406.0
2016-12-08,0.0829,0.1151,0.079,0.1,12489.0,0.0829,0.0,0.1151,0.079,0.1,1.0,12489.0
2016-12-07,0.07,0.1492,0.06,0.06,23227.0,0.07,0.0,0.1492,0.06,0.06,1.0,23227.0
2016-12-06,0.085,0.085,0.021,0.085,632.0,0.085,0.0,0.085,0.021,0.085,1.0,632.0
2016-12-05,0.11,0.1102,0.1,0.1,11835.0,0.11,0.0,0.1102,0.1,0.1,1.0,11835.0
2016-12-02,0.1,0.105,0.1,0.1,6049.0,0.1,0.0,0.105,0.1,0.1,1.0,6049.0
2016-12-01,0.1,0.1155,0.1,0.11,5526.0,0.1,0.0,0.1155,0.1,0.11,1.0,5526.0
2016-11-30,0.1155,0.1212,0.11,0.1212,10181.0,0.1155,0.0,0.1212,0.11,0.1212,1.0,10181.0
2016-11-29,0.1155,0.1745,0.11,0.1745,24711.0,0.1155,0.0,0.1745,0.11,0.1745,1.0,24711.0
2016-11-28,0.1662,0.1805,0.102,0.1071,19247.0,0.1662,0.0,0.1805,0.102,0.1071,1.0,19247.0
2016-11-25,0.102,0.1323,0.102,0.102,1625.0,0.102,0.0,0.1323,0.102,0.102,1.0,1625.0
2016-11-23,0.12,0.162,0.12,0.1356,5006.0,0.12,0.0,0.162,0.12,0.1356,1.0,5006.0
2016-11-22,0.1292,0.1292,0.1292,0.1292,184.0,0.1292,0.0,0.1292,0.1292,0.1292,1.0,184.0
2016-11-21,0.2245,0.2245,0.2245,0.2245,222.0,0.2245,0.0,0.2245,0.2245,0.2245,1.0,222.0
2016-11-18,0.2246,0.2246,0.2246,0.2246,31.0,0.2246,0.0,0.2246,0.2246,0.2246,1.0,31.0
2016-11-17,0.2246,0.2246,0.2246,0.2246,100.0,0.2246,0.0,0.2246,0.2246,0.2246,1.0,100.0
2016-11-16,0.105,0.105,0.1,0.1,239.0,0.105,0.0,0.105,0.1,0.1,1.0,239.0
2016-11-15,0.2246,0.2246,0.2246,0.2246,1019.0,0.2246,0.0,0.2246,0.2246,0.2246,1.0,1019.0
2016-11-14,0.2246,0.2246,0.1256,0.2246,600.0,0.2246,0.0,0.2246,0.1256,0.2246,1.0,600.0
2016-11-11,0.1062,0.1062,0.1062,0.1062,0.0,0.1062,0.0,0.1062,0.1062,0.1062,1.0,0.0
2016-11-10,0.1062,0.1386,0.1062,0.1116,3772.0,0.1062,0.0,0.1386,0.1062,0.1116,1.0,3772.0
2016-11-09,0.1018,0.1263,0.1,0.1203,16647.0,0.1018,0.0,0.1263,0.1,0.1203,1.0,16647.0
2016-11-08,0.12,0.12,0.12,0.12,0.0,0.12,0.0,0.12,0.12,0.12,1.0,0.0
2016-11-07,0.12,0.12,0.12,0.12,455.0,0.12,0.0,0.12,0.12,0.12,1.0,455.0
2016-11-04,0.16,0.22,0.16,0.22,6817.0,0.16,0.0,0.22,0.16,0.22,1.0,6817.0
2016-11-03,0.12,0.17,0.12,0.17,1037.0,0.12,0.0,0.17,0.12,0.17,1.0,1037.0
2016-11-02,0.12,0.12,0.12,0.12,1406.0,0.12,0.0,0.12,0.12,0.12,1.0,1406.0
2016-11-01,0.19,0.19,0.19,0.19,1.0,0.19,0.0,0.19,0.19,0.19,1.0,1.0
2016-10-31,0.19,0.19,0.19,0.19,0.0,0.19,0.0,0.19,0.19,0.19,1.0,0.0
2016-10-28,0.19,0.19,0.19,0.19,0.0,0.19,0.0,0.19,0.19,0.19,1.0,0.0
2016-10-27,0.19,0.19,0.19,0.19,0.0,0.19,0.0,0.19,0.19,0.19,1.0,0.0
2016-10-26,0.19,0.19,0.19,0.19,0.0,0.19,0.0,0.19,0.19,0.19,1.0,0.0
2016-10-25,0.19,0.19,0.19,0.19,0.0,0.19,0.0,0.19,0.19,0.19,1.0,0.0
2016-10-24,0.19,0.19,0.19,0.19,0.0,0.19,0.0,0.19,0.19,0.19,1.0,0.0
2016-10-21,0.19,0.19,0.19,0.19,0.0,0.19,0.0,0.19,0.19,0.19,1.0,0.0
2016-10-20,0.19,0.19,0.19,0.19,0.0,0.19,0.0,0.19,0.19,0.19,1.0,0.0
2016-10-19,0.19,0.19,0.19,0.19,0.0,0.19,0.0,0.19,0.19,0.19,1.0,0.0
2016-10-18,0.19,0.19,0.19,0.19,0.0,0.19,0.0,0.19,0.19,0.19,1.0,0.0
2016-10-17,0.19,0.19,0.19,0.19,0.0,0.19,0.0,0.19,0.19,0.19,1.0,0.0
2016-10-14,0.19,0.19,0.19,0.19,0.0,0.19,0.0,0.19,0.19,0.19,1.0,0.0
2016-10-13,0.19,0.19,0.19,0.19,0.0,0.19,0.0,0.19,0.19,0.19,1.0,0.0
2016-10-12,0.19,0.19,0.19,0.19,15.0,0.19,0.0,0.19,0.19,0.19,1.0,15.0
2016-10-11,0.19,0.19,0.19,0.19,135.0,0.19,0.0,0.19,0.19,0.19,1.0,135.0
2016-10-10,0.19,0.19,0.19,0.19,0.0,0.19,0.0,0.19,0.19,0.19,1.0,0.0
2016-10-07,0.19,0.19,0.19,0.19,0.0,0.19,0.0,0.19,0.19,0.19,1.0,0.0
2016-10-06,0.19,0.19,0.19,0.19,0.0,0.19,0.0,0.19,0.19,0.19,1.0,0.0
2016-10-05,0.19,0.19,0.1889,0.19,2100.0,0.19,0.0,0.19,0.1889,0.19,1.0,2100.0
2016-10-04,0.1621,0.2205,0.1544,0.2205,1210.0,0.1621,0.0,0.2205,0.1544,0.2205,1.0,1210.0
2016-10-03,0.21,0.21,0.21,0.21,1.0,0.21,0.0,0.21,0.21,0.21,1.0,1.0
2016-09-30,0.21,0.21,0.21,0.21,502.0,0.21,0.0,0.21,0.21,0.21,1.0,502.0
2016-09-29,0.2,0.2,0.2,0.2,1001.0,0.2,0.0,0.2,0.2,0.2,1.0,1001.0
2016-09-28,0.2,0.2,0.2,0.2,100.0,0.2,0.0,0.2,0.2,0.2,1.0,100.0
2016-09-27,0.16,0.16,0.16,0.16,0.0,0.16,0.0,0.16,0.16,0.16,1.0,0.0
2016-09-26,0.16,0.1927,0.16,0.16,2991.0,0.16,0.0,0.1927,0.16,0.16,1.0,2991.0
2016-09-23,0.2493,0.2493,0.2316,0.2493,600.0,0.2493,0.0,0.2493,0.2316,0.2493,1.0,600.0
2016-09-22,0.13,0.13,0.13,0.13,2075.0,0.13,0.0,0.13,0.13,0.13,1.0,2075.0
2016-09-21,0.28,0.29,0.203,0.29,1713.0,0.28,0.0,0.29,0.203,0.29,1.0,1713.0
2016-09-20,0.2,0.2,0.2,0.2,9.0,0.2,0.0,0.2,0.2,0.2,1.0,9.0
2016-09-19,0.2,0.2,0.2,0.2,0.0,0.2,0.0,0.2,0.2,0.2,1.0,0.0
2016-09-16,0.2,0.2,0.2,0.2,0.0,0.2,0.0,0.2,0.2,0.2,1.0,0.0
2016-09-15,0.2,0.2,0.2,0.2,0.0,0.2,0.0,0.2,0.2,0.2,1.0,0.0
2016-09-14,0.2,0.2,0.2,0.2,0.0,0.2,0.0,0.2,0.2,0.2,1.0,0.0
2016-09-13,0.2,0.21,0.1994,0.21,2111.0,0.2,0.0,0.21,0.1994,0.21,1.0,2111.0
2016-09-12,0.2,0.2187,0.2,0.2,769.0,0.2,0.0,0.2187,0.2,0.2,1.0,769.0
2016-09-09,0.18,0.18,0.12,0.17,3176.0,0.18,0.0,0.18,0.12,0.17,1.0,3176.0
2016-09-08,0.14,0.14,0.14,0.14,0.0,0.14,0.0,0.14,0.14,0.14,1.0,0.0
2016-09-07,0.14,0.14,0.14,0.14,0.0,0.14,0.0,0.14,0.14,0.14,1.0,0.0
2016-09-06,0.14,0.14,0.14,0.14,109.0,0.14,0.0,0.14,0.14,0.14,1.0,109.0
2016-09-02,0.3,0.3,0.3,0.3,0.0,0.3,0.0,0.3,0.3,0.3,1.0,0.0
2016-09-01,0.3,0.3,0.3,0.3,12.0,0.3,0.0,0.3,0.3,0.3,1.0,12.0
2016-08-31,0.3,0.3,0.3,0.3,20.0,0.3,0.0,0.3,0.3,0.3,1.0,20.0
2016-08-30,0.3,0.3,0.16,0.16,200.0,0.3,0.0,0.3,0.16,0.16,1.0,200.0
2016-08-29,0.22,0.22,0.22,0.22,0.0,0.22,0.0,0.22,0.22,0.22,1.0,0.0
2016-08-26,0.22,0.23,0.169,0.23,3310.0,0.22,0.0,0.23,0.169,0.23,1.0,3310.0
2016-08-25,0.34,0.34,0.34,0.34,0.0,0.34,0.0,0.34,0.34,0.34,1.0,0.0
2016-08-24,0.34,0.34,0.34,0.34,10.0,0.34,0.0,0.34,0.34,0.34,1.0,10.0
2016-08-23,0.34,0.5217,0.28,0.28,3425.0,0.34,0.0,0.5217,0.28,0.28,1.0,3425.0
2016-08-22,0.276,0.276,0.276,0.276,125.0,0.276,0.0,0.276,0.276,0.276,1.0,125.0
2016-08-19,0.23,0.23,0.16,0.16,3754.0,0.23,0.0,0.23,0.16,0.16,1.0,3754.0
2016-08-18,0.14,0.14,0.14,0.14,0.0,0.14,0.0,0.14,0.14,0.14,1.0,0.0
2016-08-17,0.14,0.14,0.14,0.14,5.0,0.14,0.0,0.14,0.14,0.14,1.0,5.0
2016-08-16,0.14,0.14,0.14,0.14,0.0,0.14,0.0,0.14,0.14,0.14,1.0,0.0
2016-08-15,0.14,0.14,0.14,0.14,0.0,0.14,0.0,0.14,0.14,0.14,1.0,0.0
2016-08-12,0.14,0.14,0.14,0.14,0.0,0.14,0.0,0.14,0.14,0.14,1.0,0.0
2016-08-11,0.14,0.14,0.14,0.14,0.0,0.14,0.0,0.14,0.14,0.14,1.0,0.0
2016-08-10,0.14,0.2,0.12,0.2,1222.0,0.14,0.0,0.2,0.12,0.2,1.0,1222.0
2016-08-09,0.1813,0.189,0.17,0.17,1676.0,0.1813,0.0,0.189,0.17,0.17,1.0,1676.0
2016-08-08,0.18,0.18,0.18,0.18,600.0,0.18,0.0,0.18,0.18,0.18,1.0,600.0
2016-08-05,0.12,0.12,0.12,0.12,5.0,0.12,0.0,0.12,0.12,0.12,1.0,5.0
2016-08-04,0.12,0.12,0.12,0.12,1.0,0.12,0.0,0.12,0.12,0.12,1.0,1.0
2016-08-03,0.12,0.12,0.12,0.12,200.0,0.12,0.0,0.12,0.12,0.12,1.0,200.0
2016-08-02,0.12,0.12,0.12,0.12,6.0,0.12,0.0,0.12,0.12,0.12,1.0,6.0
2016-08-01,0.12,0.12,0.12,0.12,0.0,0.12,0.0,0.12,0.12,0.12,1.0,0.0
2016-07-29,0.12,0.12,0.12,0.12,100.0,0.12,0.0,0.12,0.12,0.12,1.0,100.0
2016-07-28,0.12,0.12,0.12,0.12,0.0,0.12,0.0,0.12,0.12,0.12,1.0,0.0
2016-07-27,0.12,0.15,0.12,0.1375,3300.0,0.12,0.0,0.15,0.12,0.1375,1.0,3300.0
2016-07-26,0.197,0.197,0.197,0.197,6.0,0.197,0.0,0.197,0.197,0.197,1.0,6.0
2016-07-25,0.197,0.197,0.197,0.197,29.0,0.197,0.0,0.197,0.197,0.197,1.0,29.0
2016-07-22,0.197,0.197,0.197,0.197,0.0,0.197,0.0,0.197,0.197,0.197,1.0,0.0
2016-07-21,0.197,0.227,0.11,0.11,2378.0,0.197,0.0,0.227,0.11,0.11,1.0,2378.0
2016-07-20,0.2,0.226,0.157,0.2153,953.0,0.2,0.0,0.226,0.157,0.2153,1.0,953.0
2016-07-19,0.25,0.286,0.205,0.22,2930.0,0.25,0.0,0.286,0.205,0.22,1.0,2930.0
2016-07-18,0.2,0.2,0.2,0.2,200.0,0.2,0.0,0.2,0.2,0.2,1.0,200.0
2016-07-15,0.25,0.25,0.25,0.25,0.0,0.25,0.0,0.25,0.25,0.25,1.0,0.0
2016-07-14,0.25,0.25,0.25,0.25,0.0,0.25,0.0,0.25,0.25,0.25,1.0,0.0
2016-07-13,0.25,0.25,0.25,0.25,0.0,0.25,0.0,0.25,0.25,0.25,1.0,0.0
2016-07-12,0.25,0.25,0.25,0.25,0.0,0.25,0.0,0.25,0.25,0.25,1.0,0.0
2016-07-11,0.25,0.25,0.2,0.2,900.0,0.25,0.0,0.25,0.2,0.2,1.0,900.0
2016-07-08,0.25,0.25,0.25,0.25,0.0,0.25,0.0,0.25,0.25,0.25,1.0,0.0
2016-07-07,0.25,0.25,0.19,0.19,600.0,0.25,0.0,0.25,0.19,0.19,1.0,600.0
2016-07-06,0.26,0.26,0.26,0.26,0.0,0.26,0.0,0.26,0.26,0.26,1.0,0.0
2016-07-05,0.26,0.26,0.26,0.26,40.0,0.26,0.0,0.26,0.26,0.26,1.0,40.0
2016-07-01,0.26,0.26,0.26,0.26,0.0,0.26,0.0,0.26,0.26,0.26,1.0,0.0
2016-06-30,0.26,0.26,0.26,0.26,0.0,0.26,0.0,0.26,0.26,0.26,1.0,0.0
2016-06-29,0.26,0.26,0.25,0.25,500.0,0.26,0.0,0.26,0.25,0.25,1.0,500.0
2016-06-28,0.23,0.23,0.23,0.23,116.0,0.23,0.0,0.23,0.23,0.23,1.0,116.0
2016-06-27,0.25,0.25,0.25,0.25,90.0,0.25,0.0,0.25,0.25,0.25,1.0,90.0
2016-06-24,0.25,0.25,0.25,0.25,0.0,0.25,0.0,0.25,0.25,0.25,1.0,0.0
2016-06-23,0.25,0.25,0.25,0.25,0.0,0.25,0.0,0.25,0.25,0.25,1.0,0.0
2016-06-22,0.25,0.25,0.25,0.25,1035.0,0.25,0.0,0.25,0.25,0.25,1.0,1035.0
2016-06-21,0.25,0.25,0.25,0.25,1150.0,0.25,0.0,0.25,0.25,0.25,1.0,1150.0
2016-06-20,0.2625,0.3,0.25,0.3,2700.0,0.2625,0.0,0.3,0.25,0.3,1.0,2700.0
2016-06-17,0.25,0.25,0.25,0.25,0.0,0.25,0.0,0.25,0.25,0.25,1.0,0.0
2016-06-16,0.25,0.3,0.25,0.3,2000.0,0.25,0.0,0.3,0.25,0.3,1.0,2000.0
2016-06-15,0.2699,0.27,0.25,0.27,1430.0,0.2699,0.0,0.27,0.25,0.27,1.0,1430.0
2016-06-14,0.25,0.25,0.25,0.25,300.0,0.25,0.0,0.25,0.25,0.25,1.0,300.0
2016-06-13,0.3,0.3,0.3,0.3,300.0,0.3,0.0,0.3,0.3,0.3,1.0,300.0
2016-06-10,0.25,0.25,0.25,0.25,0.0,0.25,0.0,0.25,0.25,0.25,1.0,0.0
2016-06-09,0.25,0.25,0.25,0.25,101.0,0.25,0.0,0.25,0.25,0.25,1.0,101.0
2016-06-08,0.25,0.37,0.25,0.35,13190.0,0.25,0.0,0.37,0.25,0.35,1.0,13190.0
2016-06-07,0.3,0.3,0.3,0.3,0.0,0.3,0.0,0.3,0.3,0.3,1.0,0.0
2016-06-06,0.3,0.3,0.2,0.2,1072.0,0.3,0.0,0.3,0.2,0.2,1.0,1072.0
2016-06-03,0.31,0.31,0.298,0.298,1000.0,0.31,0.0,0.31,0.298,0.298,1.0,1000.0
2016-06-02,0.31,0.31,0.31,0.31,7.0,0.31,0.0,0.31,0.31,0.31,1.0,7.0
2016-06-01,0.31,0.31,0.2,0.2,1295.0,0.31,0.0,0.31,0.2,0.2,1.0,1295.0
2016-05-31,0.2,0.2,0.2,0.2,0.0,0.2,0.0,0.2,0.2,0.2,1.0,0.0
2016-05-27,0.2,0.2,0.2,0.2,1.0,0.2,0.0,0.2,0.2,0.2,1.0,1.0
2016-05-26,0.2,0.31,0.2,0.31,7793.0,0.2,0.0,0.31,0.2,0.31,1.0,7793.0
2016-05-25,0.2495,0.2495,0.2495,0.2495,0.0,0.2495,0.0,0.2495,0.2495,0.2495,1.0,0.0
2016-05-24,0.2495,0.2495,0.2495,0.2495,7.0,0.2495,0.0,0.2495,0.2495,0.2495,1.0,7.0
2016-05-23,0.2495,0.2495,0.2495,0.2495,4000.0,0.2495,0.0,0.2495,0.2495,0.2495,1.0,4000.0
2016-05-20,0.25,0.25,0.25,0.25,3.0,0.25,0.0,0.25,0.25,0.25,1.0,3.0
2016-05-19,0.25,0.25,0.25,0.25,1200.0,0.25,0.0,0.25,0.25,0.25,1.0,1200.0
2016-05-18,0.2,0.2,0.2,0.2,0.0,0.2,0.0,0.2,0.2,0.2,1.0,0.0
2016-05-17,0.2,0.2,0.2,0.2,0.0,0.2,0.0,0.2,0.2,0.2,1.0,0.0
2016-05-16,0.2,0.2,0.2,0.2,0.0,0.2,0.0,0.2,0.2,0.2,1.0,0.0
2016-05-13,0.2,0.2,0.2,0.2,0.0,0.2,0.0,0.2,0.2,0.2,1.0,0.0
2016-05-12,0.2,0.2,0.2,0.2,0.0,0.2,0.0,0.2,0.2,0.2,1.0,0.0
2016-05-11,0.2,0.2,0.2,0.2,0.0,0.2,0.0,0.2,0.2,0.2,1.0,0.0
2016-05-10,0.2,0.2,0.2,0.2,1100.0,0.2,0.0,0.2,0.2,0.2,1.0,1100.0
2016-05-09,0.2,0.2,0.2,0.2,200.0,0.2,0.0,0.2,0.2,0.2,1.0,200.0
2016-05-06,0.2301,0.2301,0.2301,0.2301,0.0,0.2301,0.0,0.2301,0.2301,0.2301,1.0,0.0
2016-05-05,0.2301,0.2301,0.23,0.23,1480.0,0.2301,0.0,0.2301,0.23,0.23,1.0,1480.0
2016-05-04,0.2302,0.2302,0.2302,0.2302,200.0,0.2302,0.0,0.2302,0.2302,0.2302,1.0,200.0
2016-05-03,0.2416,0.2416,0.2416,0.2416,0.0,0.2416,0.0,0.2416,0.2416,0.2416,1.0,0.0
2016-05-02,0.2416,0.2416,0.2416,0.2416,0.0,0.2416,0.0,0.2416,0.2416,0.2416,1.0,0.0
2016-04-29,0.2416,0.2416,0.2416,0.2416,0.0,0.2416,0.0,0.2416,0.2416,0.2416,1.0,0.0
2016-04-28,0.2416,0.2416,0.2416,0.2416,0.0,0.2416,0.0,0.2416,0.2416,0.2416,1.0,0.0
2016-04-27,0.2416,0.2416,0.2416,0.2416,0.0,0.2416,0.0,0.2416,0.2416,0.2416,1.0,0.0
2016-04-26,0.2416,0.25,0.24,0.2478,3520.0,0.2416,0.0,0.25,0.24,0.2478,1.0,3520.0
2016-04-25,0.25,0.25,0.25,0.25,706.0,0.25,0.0,0.25,0.25,0.25,1.0,706.0
2016-04-22,0.2625,0.2625,0.2625,0.2625,0.0,0.2625,0.0,0.2625,0.2625,0.2625,1.0,0.0
2016-04-21,0.2625,0.3,0.25,0.3,4201.0,0.2625,0.0,0.3,0.25,0.3,1.0,4201.0
2016-04-20,0.31,0.31,0.31,0.31,3.0,0.31,0.0,0.31,0.31,0.31,1.0,3.0
2016-04-19,0.31,0.31,0.31,0.31,0.0,0.31,0.0,0.31,0.31,0.31,1.0,0.0
2016-04-18,0.31,0.31,0.31,0.31,1202.0,0.31,0.0,0.31,0.31,0.31,1.0,1202.0
2016-04-15,0.25,0.25,0.25,0.25,0.0,0.25,0.0,0.25,0.25,0.25,1.0,0.0
2016-04-14,0.25,0.25,0.25,0.25,0.0,0.25,0.0,0.25,0.25,0.25,1.0,0.0
2016-04-13,0.25,0.25,0.25,0.25,0.0,0.25,0.0,0.25,0.25,0.25,1.0,0.0
2016-04-12,0.25,0.25,0.25,0.25,3.0,0.25,0.0,0.25,0.25,0.25,1.0,3.0
2016-04-11,0.25,0.25,0.25,0.25,0.0,0.25,0.0,0.25,0.25,0.25,1.0,0.0
2016-04-08,0.25,0.25,0.25,0.25,0.0,0.25,0.0,0.25,0.25,0.25,1.0,0.0
2016-04-07,0.25,0.3,0.25,0.3,6712.0,0.25,0.0,0.3,0.25,0.3,1.0,6712.0
2016-04-06,0.23,0.23,0.23,0.23,0.0,0.23,0.0,0.23,0.23,0.23,1.0,0.0
2016-04-05,0.23,0.23,0.23,0.23,0.0,0.23,0.0,0.23,0.23,0.23,1.0,0.0
2016-04-04,0.23,0.23,0.23,0.23,1.0,0.23,0.0,0.23,0.23,0.23,1.0,1.0
2016-04-01,0.23,0.23,0.23,0.23,0.0,0.23,0.0,0.23,0.23,0.23,1.0,0.0
2016-03-31,0.23,0.23,0.23,0.23,13.0,0.23,0.0,0.23,0.23,0.23,1.0,13.0
2016-03-30,0.23,0.33,0.23,0.33,3036.0,0.23,0.0,0.33,0.23,0.33,1.0,3036.0
2016-03-29,0.2359,0.2359,0.2359,0.2359,0.0,0.2359,0.0,0.2359,0.2359,0.2359,1.0,0.0
2016-03-28,0.2359,0.288,0.2216,0.288,8559.0,0.2359,0.0,0.288,0.2216,0.288,1.0,8559.0
2016-03-24,0.29,0.2906,0.29,0.2906,410.0,0.29,0.0,0.2906,0.29,0.2906,1.0,410.0
2016-03-23,0.29,0.35,0.25,0.32,8711.0,0.29,0.0,0.35,0.25,0.32,1.0,8711.0
2016-03-22,0.3208,0.325,0.31,0.325,7900.0,0.3208,0.0,0.325,0.31,0.325,1.0,7900.0
2016-03-21,0.32,0.32,0.32,0.32,2110.0,0.32,0.0,0.32,0.32,0.32,1.0,2110.0
2016-03-18,0.336,0.3401,0.33,0.34,1200.0,0.336,0.0,0.3401,0.33,0.34,1.0,1200.0
2016-03-17,0.3301,0.3743,0.3301,0.3743,20201.0,0.3301,0.0,0.3743,0.3301,0.3743,1.0,20201.0
2016-03-16,0.4217,0.5074,0.3842,0.43,3106.0,0.4217,0.0,0.5074,0.3842,0.43,1.0,3106.0
2016-03-15,0.4377,0.84,0.3642,0.8,43076.0,0.4377,0.0,0.84,0.3642,0.8,1.0,43076.0
2016-03-14,0.2599,0.26,0.23,0.2599,6544.0,0.2599,0.0,0.26,0.23,0.2599,1.0,6544.0
2016-03-11,0.2599,0.2599,0.2599,0.2599,0.0,0.2599,0.0,0.2599,0.2599,0.2599,1.0,0.0
2016-03-10,0.2599,0.2599,0.2599,0.2599,0.0,0.2599,0.0,0.2599,0.2599,0.2599,1.0,0.0
2016-03-09,0.2599,0.2599,0.2599,0.2599,33.0,0.2599,0.0,0.2599,0.2599,0.2599,1.0,33.0
2016-03-08,0.2599,0.26,0.24,0.2599,4700.0,0.2599,0.0,0.26,0.24,0.2599,1.0,4700.0
2016-03-07,0.15,0.15,0.15,0.15,1600.0,0.15,0.0,0.15,0.15,0.15,1.0,1600.0
2016-03-04,0.2699,0.2699,0.2699,0.2699,15.0,0.2699,0.0,0.2699,0.2699,0.2699,1.0,15.0
2016-03-03,0.2699,0.2699,0.2699,0.2699,0.0,0.2699,0.0,0.2699,0.2699,0.2699,1.0,0.0
2016-03-02,0.2699,0.2699,0.2699,0.2699,0.0,0.2699,0.0,0.2699,0.2699,0.2699,1.0,0.0
2016-03-01,0.2699,0.2699,0.2699,0.2699,0.0,0.2699,0.0,0.2699,0.2699,0.2699,1.0,0.0
2016-02-29,0.2699,0.2699,0.2699,0.2699,0.0,0.2699,0.0,0.2699,0.2699,0.2699,1.0,0.0
2016-02-26,0.2699,0.2699,0.2699,0.2699,0.0,0.2699,0.0,0.2699,0.2699,0.2699,1.0,0.0
2016-02-25,0.2699,0.2699,0.2699,0.2699,0.0,0.2699,0.0,0.2699,0.2699,0.2699,1.0,0.0
2016-02-24,0.2699,0.2699,0.2699,0.2699,0.0,0.2699,0.0,0.2699,0.2699,0.2699,1.0,0.0
2016-02-23,0.2699,0.2699,0.2699,0.2699,149.0,0.2699,0.0,0.2699,0.2699,0.2699,1.0,149.0
2016-02-22,0.25,0.25,0.25,0.25,70.0,0.25,0.0,0.25,0.25,0.25,1.0,70.0
2016-02-19,0.25,0.25,0.25,0.25,0.0,0.25,0.0,0.25,0.25,0.25,1.0,0.0
2016-02-18,0.25,0.25,0.25,0.25,0.0,0.25,0.0,0.25,0.25,0.25,1.0,0.0
2016-02-17,0.25,0.2648,0.122,0.122,3211.0,0.25,0.0,0.2648,0.122,0.122,1.0,3211.0
2016-02-16,0.2799,0.2799,0.2799,0.2799,100.0,0.2799,0.0,0.2799,0.2799,0.2799,1.0,100.0
2016-02-12,0.195,0.195,0.1114,0.1401,16718.0,0.195,0.0,0.195,0.1114,0.1401,1.0,16718.0
2016-02-11,0.2835,0.2835,0.2835,0.2835,0.0,0.2835,0.0,0.2835,0.2835,0.2835,1.0,0.0
2016-02-10,0.2835,0.2835,0.2835,0.2835,0.0,0.2835,0.0,0.2835,0.2835,0.2835,1.0,0.0
2016-02-09,0.2835,0.2835,0.2835,0.2835,0.0,0.2835,0.0,0.2835,0.2835,0.2835,1.0,0.0
2016-02-08,0.2835,0.2835,0.2835,0.2835,2123.0,0.2835,0.0,0.2835,0.2835,0.2835,1.0,2123.0
2016-02-05,0.27,0.27,0.27,0.27,100.0,0.27,0.0,0.27,0.27,0.27,1.0,100.0
2016-02-04,0.26,0.5712,0.185,0.24,34135.0,0.26,0.0,0.5712,0.185,0.24,1.0,34135.0
2016-02-03,0.26,0.26,0.26,0.26,0.0,0.26,0.0,0.26,0.26,0.26,1.0,0.0
2016-02-02,0.26,0.26,0.26,0.26,0.0,0.26,0.0,0.26,0.26,0.26,1.0,0.0
2016-02-01,0.26,0.3,0.18,0.18,9375.0,0.26,0.0,0.3,0.18,0.18,1.0,9375.0
2016-01-29,0.3046,0.3046,0.1801,0.25,2735.0,0.3046,0.0,0.3046,0.1801,0.25,1.0,2735.0
2016-01-28,0.28,0.28,0.28,0.28,1.0,0.28,0.0,0.28,0.28,0.28,1.0,1.0
2016-01-27,0.28,0.28,0.22,0.2201,1800.0,0.28,0.0,0.28,0.22,0.2201,1.0,1800.0
2016-01-26,0.1878,0.1878,0.1213,0.1313,1600.0,0.1878,0.0,0.1878,0.1213,0.1313,1.0,1600.0
2016-01-25,0.338,0.338,0.338,0.338,0.0,0.338,0.0,0.338,0.338,0.338,1.0,0.0
2016-01-22,0.338,0.338,0.338,0.338,0.0,0.338,0.0,0.338,0.338,0.338,1.0,0.0
2016-01-21,0.338,0.338,0.338,0.338,0.0,0.338,0.0,0.338,0.338,0.338,1.0,0.0
2016-01-20,0.338,0.338,0.338,0.338,0.0,0.338,0.0,0.338,0.338,0.338,1.0,0.0
2016-01-19,0.338,0.338,0.338,0.338,0.0,0.338,0.0,0.338,0.338,0.338,1.0,0.0
2016-01-15,0.338,0.338,0.338,0.338,0.0,0.338,0.0,0.338,0.338,0.338,1.0,0.0
2016-01-14,0.338,0.338,0.328,0.328,600.0,0.338,0.0,0.338,0.328,0.328,1.0,600.0
2016-01-13,0.32,0.32,0.25,0.32,3721.0,0.32,0.0,0.32,0.25,0.32,1.0,3721.0
2016-01-12,0.318,0.339,0.318,0.339,200.0,0.318,0.0,0.339,0.318,0.339,1.0,200.0
2016-01-11,0.336,0.348,0.26,0.348,5234.0,0.336,0.0,0.348,0.26,0.348,1.0,5234.0
2016-01-08,0.388,0.388,0.3,0.3501,6657.0,0.388,0.0,0.388,0.3,0.3501,1.0,6657.0
2016-01-07,0.4599,0.4599,0.3221,0.3221,1153.0,0.4599,0.0,0.4599,0.3221,0.3221,1.0,1153.0
2016-01-06,0.4,0.4,0.4,0.4,0.0,0.4,0.0,0.4,0.4,0.4,1.0,0.0
2016-01-05,0.4,0.4,0.35,0.35,11221.0,0.4,0.0,0.4,0.35,0.35,1.0,11221.0
2016-01-04,0.5,0.5,0.5,0.5,1.0,0.5,0.0,0.5,0.5,0.5,1.0,1.0
2015-12-31,0.5,0.5,0.5,0.5,0.0,0.5,0.0,0.5,0.5,0.5,1.0,0.0
2015-12-30,0.5,0.5244,0.42,0.42,600.0,0.5,0.0,0.5244,0.42,0.42,1.0,600.0
2015-12-29,0.51,0.512,0.4903,0.4903,7455.0,0.51,0.0,0.512,0.4903,0.4903,1.0,7455.0
2015-12-28,0.4499,0.4499,0.4499,0.4499,200.0,0.4499,0.0,0.4499,0.4499,0.4499,1.0,200.0
2015-12-24,0.3502,0.45,0.3501,0.45,3452.0,0.3502,0.0,0.45,0.3501,0.45,1.0,3452.0
2015-12-23,0.4499,0.71,0.41,0.71,5358.0,0.4499,0.0,0.71,0.41,0.71,1.0,5358.0
2015-12-22,0.4165,0.7281,0.34,0.7,13000.0,0.4165,0.0,0.7281,0.34,0.7,1.0,13000.0
2015-12-21,0.407,0.75,0.4,0.655,1500.0,0.407,0.0,0.75,0.4,0.655,1.0,1500.0
2015-12-18,0.3117,0.4665,0.3117,0.4665,73176.0,0.3117,0.0,0.4665,0.3117,0.4665,1.0,73176.0
2015-12-17,0.6038,0.6038,0.6038,0.6038,0.0,0.6038,0.0,0.6038,0.6038,0.6038,1.0,0.0
2015-12-16,0.6038,0.6038,0.6038,0.6038,2.0,0.6038,0.0,0.6038,0.6038,0.6038,1.0,2.0
2015-12-15,0.6038,0.6038,0.6038,0.6038,325.0,0.6038,0.0,0.6038,0.6038,0.6038,1.0,325.0
2015-12-14,0.47,0.6344,0.47,0.6344,1860.0,0.47,0.0,0.6344,0.47,0.6344,1.0,1860.0
2015-12-11,0.53,0.8,0.4256,0.4256,13008.0,0.53,0.0,0.8,0.4256,0.4256,1.0,13008.0
2015-12-10,0.7,0.7,0.7,0.7,205.0,0.7,0.0,0.7,0.7,0.7,1.0,205.0
2015-12-09,0.4257,0.4257,0.4257,0.4257,119.0,0.4257,0.0,0.4257,0.4257,0.4257,1.0,119.0
2015-12-08,0.7,0.7,0.7,0.7,612.0,0.7,0.0,0.7,0.7,0.7,1.0,612.0
2015-12-07,0.4256,0.4256,0.4256,0.4256,100.0,0.4256,0.0,0.4256,0.4256,0.4256,1.0,100.0
2015-12-04,0.4256,0.4256,0.4256,0.4256,100.0,0.4256,0.0,0.4256,0.4256,0.4256,1.0,100.0
2015-12-03,0.4256,0.4256,0.4256,0.4256,1790.0,0.4256,0.0,0.4256,0.4256,0.4256,1.0,1790.0
2015-12-02,0.525,0.525,0.525,0.525,30.0,0.525,0.0,0.525,0.525,0.525,1.0,30.0
2015-12-01,0.525,0.5626,0.4756,0.5,3648.0,0.525,0.0,0.5626,0.4756,0.5,1.0,3648.0
2015-11-30,0.7061,0.7061,0.7061,0.7061,332.0,0.7061,0.0,0.7061,0.7061,0.7061,1.0,332.0
2015-11-27,0.615,0.615,0.48,0.48,356.0,0.615,0.0,0.615,0.48,0.48,1.0,356.0
2015-11-25,0.675,0.675,0.675,0.675,7.0,0.675,0.0,0.675,0.675,0.675,1.0,7.0
2015-11-24,0.675,0.675,0.5295,0.5295,4000.0,0.675,0.0,0.675,0.5295,0.5295,1.0,4000.0
2015-11-23,0.5766,0.5766,0.4772,0.512,8425.0,0.5766,0.0,0.5766,0.4772,0.512,1.0,8425.0
2015-11-20,0.8,0.8,0.8,0.8,200.0,0.8,0.0,0.8,0.8,0.8,1.0,200.0
2015-11-19,0.75,0.75,0.7365,0.75,1040.0,0.75,0.0,0.75,0.7365,0.75,1.0,1040.0
2015-11-18,0.672,0.672,0.672,0.672,200.0,0.672,0.0,0.672,0.672,0.672,1.0,200.0
2015-11-17,0.6,0.6,0.6,0.6,215.0,0.6,0.0,0.6,0.6,0.6,1.0,215.0
2015-11-16,0.6,0.8,0.6,0.8,1256.0,0.6,0.0,0.8,0.6,0.8,1.0,1256.0
2015-11-13,0.804,0.85,0.69,0.85,1121.0,0.804,0.0,0.85,0.69,0.85,1.0,1121.0
2015-11-12,0.7001,0.85,0.67,0.85,5309.0,0.7001,0.0,0.85,0.67,0.85,1.0,5309.0
2015-11-11,0.5,0.5,0.5,0.5,0.0,0.5,0.0,0.5,0.5,0.5,1.0,0.0
2015-11-10,0.5,0.52,0.45,0.52,1491.0,0.5,0.0,0.52,0.45,0.52,1.0,1491.0
2015-11-09,0.56,0.56,0.56,0.56,1000.0,0.56,0.0,0.56,0.56,0.56,1.0,1000.0
2015-11-06,0.5,0.5,0.4999,0.4999,1100.0,0.5,0.0,0.5,0.4999,0.4999,1.0,1100.0
2015-11-05,0.75,0.75,0.5,0.6028,2167.0,0.75,0.0,0.75,0.5,0.6028,1.0,2167.0
2015-11-04,0.82,0.82,0.82,0.82,31.0,0.82,0.0,0.82,0.82,0.82,1.0,31.0
2015-11-03,0.82,0.82,0.82,0.82,500.0,0.82,0.0,0.82,0.82,0.82,1.0,500.0
2015-11-02,0.69,0.69,0.69,0.69,149.0,0.69,0.0,0.69,0.69,0.69,1.0,149.0
2015-10-30,0.69,0.69,0.69,0.69,100.0,0.69,0.0,0.69,0.69,0.69,1.0,100.0
2015-10-29,0.651,0.651,0.651,0.651,790.0,0.651,0.0,0.651,0.651,0.651,1.0,790.0
2015-10-28,0.62,0.62,0.62,0.62,471.0,0.62,0.0,0.62,0.62,0.62,1.0,471.0
2015-10-27,0.6,0.6,0.6,0.6,0.0,0.6,0.0,0.6,0.6,0.6,1.0,0.0
2015-10-26,0.6,0.6,0.6,0.6,152.0,0.6,0.0,0.6,0.6,0.6,1.0,152.0
2015-10-23,0.656,0.656,0.3999,0.3999,1510.0,0.656,0.0,0.656,0.3999,0.3999,1.0,1510.0
2015-10-22,0.522,0.522,0.522,0.522,0.0,0.522,0.0,0.522,0.522,0.522,1.0,0.0
2015-10-21,0.522,0.522,0.522,0.522,0.0,0.522,0.0,0.522,0.522,0.522,1.0,0.0
2015-10-20,0.522,0.6,0.3401,0.4812,4961.0,0.522,0.0,0.6,0.3401,0.4812,1.0,4961.0
2015-10-19,0.4999,0.52,0.4999,0.52,645.0,0.4999,0.0,0.52,0.4999,0.52,1.0,645.0
2015-10-16,0.5,0.5,0.5,0.5,0.0,0.5,0.0,0.5,0.5,0.5,1.0,0.0
2015-10-15,0.5,0.5,0.4775,0.4775,8142.0,0.5,0.0,0.5,0.4775,0.4775,1.0,8142.0
2015-10-14,0.5,0.6,0.5,0.6,4250.0,0.5,0.0,0.6,0.5,0.6,1.0,4250.0
2015-10-13,0.6,0.6,0.6,0.6,0.0,0.6,0.0,0.6,0.6,0.6,1.0,0.0
2015-10-12,0.6,0.6702,0.6,0.6702,17002.0,0.6,0.0,0.6702,0.6,0.6702,1.0,17002.0
2015-10-09,0.73,0.73,0.73,0.73,1.0,0.73,0.0,0.73,0.73,0.73,1.0,1.0
2015-10-08,0.73,0.73,0.73,0.73,0.0,0.73,0.0,0.73,0.73,0.73,1.0,0.0
2015-10-07,0.73,0.73,0.73,0.73,0.0,0.73,0.0,0.73,0.73,0.73,1.0,0.0
2015-10-06,0.73,0.73,0.73,0.73,760.0,0.73,0.0,0.73,0.73,0.73,1.0,760.0
2015-10-05,0.75,0.75,0.75,0.75,0.0,0.75,0.0,0.75,0.75,0.75,1.0,0.0
2015-10-02,0.75,0.75,0.75,0.75,0.0,0.75,0.0,0.75,0.75,0.75,1.0,0.0
2015-10-01,0.75,0.75,0.75,0.75,2.0,0.75,0.0,0.75,0.75,0.75,1.0,2.0
2015-09-30,0.75,0.75,0.71,0.71,4051.0,0.75,0.0,0.75,0.71,0.71,1.0,4051.0
2015-09-28,0.7141,0.7141,0.7141,0.7141,4.0,0.7141,0.0,0.7141,0.7141,0.7141,1.0,4.0
2015-09-25,0.7141,0.7141,0.7141,0.7141,5.0,0.7141,0.0,0.7141,0.7141,0.7141,1.0,5.0
2015-09-24,0.7141,0.7141,0.7141,0.7141,0.0,0.7141,0.0,0.7141,0.7141,0.7141,1.0,0.0
2015-09-23,0.7141,0.7141,0.7141,0.7141,1001.0,0.7141,0.0,0.7141,0.7141,0.7141,1.0,1001.0
2015-09-22,0.93,0.93,0.93,0.93,16.0,0.93,0.0,0.93,0.93,0.93,1.0,16.0
2015-09-21,0.93,0.93,0.93,0.93,6.0,0.93,0.0,0.93,0.93,0.93,1.0,6.0
2015-09-18,0.93,0.93,0.93,0.93,15.0,0.93,0.0,0.93,0.93,0.93,1.0,15.0
2015-09-17,0.93,0.9699,0.6601,0.9699,400.0,0.93,0.0,0.9699,0.6601,0.9699,1.0,400.0
2015-09-16,0.93,0.9374,0.93,0.93,3517.0,0.93,0.0,0.9374,0.93,0.93,1.0,3517.0
2015-09-15,0.8931,0.907,0.87,0.88,10060.0,0.8931,0.0,0.907,0.87,0.88,1.0,10060.0
2015-09-14,0.9,0.9,0.9,0.9,5.0,0.9,0.0,0.9,0.9,0.9,1.0,5.0
2015-09-11,0.9,0.9,0.9,0.9,130.0,0.9,0.0,0.9,0.9,0.9,1.0,130.0
2015-09-10,0.7,0.75,0.69,0.75,1743.0,0.7,0.0,0.75,0.69,0.75,1.0,1743.0
2015-09-09,0.69,0.8999,0.65,0.8999,4217.0,0.69,0.0,0.8999,0.65,0.8999,1.0,4217.0
2015-09-08,0.7899,0.88,0.725,0.7998,20932.0,0.7899,0.0,0.88,0.725,0.7998,1.0,20932.0
2015-09-04,0.6789,0.6789,0.6789,0.6789,6.0,0.6789,0.0,0.6789,0.6789,0.6789,1.0,6.0
2015-09-03,0.6789,0.6789,0.6,0.6101,2806.0,0.6789,0.0,0.6789,0.6,0.6101,1.0,2806.0
2015-09-02,0.6789,0.6789,0.6789,0.6789,100.0,0.6789,0.0,0.6789,0.6789,0.6789,1.0,100.0
2015-09-01,0.6898,0.6898,0.6898,0.6898,10.0,0.6898,0.0,0.6898,0.6898,0.6898,1.0,10.0
2015-08-31,0.6898,0.6898,0.6898,0.6898,130.0,0.6898,0.0,0.6898,0.6898,0.6898,1.0,130.0
2015-08-28,0.6969,0.6969,0.6969,0.6969,0.0,0.6969,0.0,0.6969,0.6969,0.6969,1.0,0.0
2015-08-27,0.6969,0.6969,0.6969,0.6969,120.0,0.6969,0.0,0.6969,0.6969,0.6969,1.0,120.0
2015-08-26,0.62,0.62,0.4899,0.52,11970.0,0.62,0.0,0.62,0.4899,0.52,1.0,11970.0
2015-08-25,0.6499,0.6499,0.51,0.51,1005.0,0.6499,0.0,0.6499,0.51,0.51,1.0,1005.0
2015-08-24,0.65,0.65,0.5001,0.5001,1100.0,0.65,0.0,0.65,0.5001,0.5001,1.0,1100.0
2015-08-21,0.6199,0.6199,0.5001,0.5038,615.0,0.6199,0.0,0.6199,0.5001,0.5038,1.0,615.0
2015-08-20,0.6683,0.76,0.5,0.52,3092.0,0.6683,0.0,0.76,0.5,0.52,1.0,3092.0
2015-08-19,0.7699,0.7699,0.7699,0.7699,40.0,0.7699,0.0,0.7699,0.7699,0.7699,1.0,40.0
2015-08-18,0.7699,0.7699,0.5101,0.5101,1749.0,0.7699,0.0,0.7699,0.5101,0.5101,1.0,1749.0
2015-08-17,0.6,0.7399,0.552,0.5718,8805.0,0.6,0.0,0.7399,0.552,0.5718,1.0,8805.0
2015-08-14,0.7799,0.7799,0.73,0.73,239.0,0.7799,0.0,0.7799,0.73,0.73,1.0,239.0
2015-08-13,0.7899,0.9,0.6024,0.7399,26970.0,0.7899,0.0,0.9,0.6024,0.7399,1.0,26970.0
2015-08-12,0.5,0.601,0.41,0.5877,5902.0,0.5,0.0,0.601,0.41,0.5877,1.0,5902.0
2015-08-11,0.77,0.77,0.77,0.77,99.0,0.77,0.0,0.77,0.77,0.77,1.0,99.0
2015-08-10,0.77,0.77,0.77,0.77,0.0,0.77,0.0,0.77,0.77,0.77,1.0,0.0
2015-08-07,0.77,0.77,0.77,0.77,460.0,0.77,0.0,0.77,0.77,0.77,1.0,460.0
2015-08-06,0.7599,0.7799,0.54,0.707,38809.0,0.7599,0.0,0.7799,0.54,0.707,1.0,38809.0
2015-08-05,0.65,0.6999,0.3401,0.6999,2310.0,0.65,0.0,0.6999,0.3401,0.6999,1.0,2310.0
2015-08-03,0.7,0.8199,0.4999,0.8199,3700.0,0.7,0.0,0.8199,0.4999,0.8199,1.0,3700.0
2015-07-31,0.729,0.8199,0.664,0.74,3700.0,0.729,0.0,0.8199,0.664,0.74,1.0,3700.0
2015-07-30,0.7499,0.7499,0.6564,0.6564,2901.0,0.7499,0.0,0.7499,0.6564,0.6564,1.0,2901.0
2015-07-29,0.9,0.9,0.9,0.9,101.0,0.9,0.0,0.9,0.9,0.9,1.0,101.0
2015-07-28,0.9,0.9,0.9,0.9,3.0,0.9,0.0,0.9,0.9,0.9,1.0,3.0
2015-07-27,0.9,0.9,0.66,0.68,1500.0,0.9,0.0,0.9,0.66,0.68,1.0,1500.0
2015-07-24,0.735,0.735,0.6517,0.6517,1100.0,0.735,0.0,0.735,0.6517,0.6517,1.0,1100.0
2015-07-23,0.795,0.8999,0.75,0.8999,2478.0,0.795,0.0,0.8999,0.75,0.8999,1.0,2478.0
2015-07-22,0.81,0.81,0.81,0.81,0.0,0.81,0.0,0.81,0.81,0.81,1.0,0.0
2015-07-21,0.81,0.88,0.81,0.88,1242.0,0.81,0.0,0.88,0.81,0.88,1.0,1242.0
2015-07-20,0.9,0.9,0.89,0.8999,2100.0,0.9,0.0,0.9,0.89,0.8999,1.0,2100.0
2015-07-17,0.8881,0.8881,0.8881,0.8881,1.0,0.8881,0.0,0.8881,0.8881,0.8881,1.0,1.0
2015-07-16,0.8881,0.89,0.8881,0.89,528.0,0.8881,0.0,0.89,0.8881,0.89,1.0,528.0
2015-07-15,0.8788,0.8999,0.8,0.8999,15920.0,0.8788,0.0,0.8999,0.8,0.8999,1.0,15920.0
2015-07-14,0.87,0.8899,0.726,0.73,6120.0,0.87,0.0,0.8899,0.726,0.73,1.0,6120.0
2015-07-13,0.88,0.8954,0.7,0.7899,14860.0,0.88,0.0,0.8954,0.7,0.7899,1.0,14860.0
2015-07-10,0.7,0.7999,0.7,0.7999,220.0,0.7,0.0,0.7999,0.7,0.7999,1.0,220.0
2015-07-09,0.6799,0.6799,0.58,0.62,4700.0,0.6799,0.0,0.6799,0.58,0.62,1.0,4700.0
2015-07-08,0.705,0.7899,0.6128,0.69,16945.0,0.705,0.0,0.7899,0.6128,0.69,1.0,16945.0
2015-07-07,0.6799,0.7424,0.5101,0.7424,8300.0,0.6799,0.0,0.7424,0.5101,0.7424,1.0,8300.0
2015-07-06,0.7199,0.8499,0.7,0.8499,1840.0,0.7199,0.0,0.8499,0.7,0.8499,1.0,1840.0
2015-07-02,0.7199,0.8998,0.5622,0.8899,6270.0,0.7199,0.0,0.8998,0.5622,0.8899,1.0,6270.0
2015-07-01,0.75,0.75,0.73,0.75,7121.0,0.75,0.0,0.75,0.73,0.75,1.0,7121.0
2015-06-30,0.8899,0.8899,0.5924,0.5924,3365.0,0.8899,0.0,0.8899,0.5924,0.5924,1.0,3365.0
2015-06-29,0.9199,0.9199,0.9199,0.9199,100.0,0.9199,0.0,0.9199,0.9199,0.9199,1.0,100.0
2015-06-26,0.8099,0.96,0.6501,0.6501,15107.0,0.8099,0.0,0.96,0.6501,0.6501,1.0,15107.0
2015-06-25,0.96,0.96,0.76,0.76,800.0,0.96,0.0,0.96,0.76,0.76,1.0,800.0
2015-06-24,0.8724,0.8824,0.6208,0.8811,26442.0,0.8724,0.0,0.8824,0.6208,0.8811,1.0,26442.0
2015-06-23,0.9899,0.9899,0.9899,0.9899,100.0,0.9899,0.0,0.9899,0.9899,0.9899,1.0,100.0
2015-06-22,0.9724,0.9724,0.9724,0.9724,0.0,0.9724,0.0,0.9724,0.9724,0.9724,1.0,0.0
2015-06-19,0.9724,0.9724,0.7706,0.96,8982.0,0.9724,0.0,0.9724,0.7706,0.96,1.0,8982.0
2015-06-18,0.9799,0.9799,0.9799,0.9799,0.0,0.9799,0.0,0.9799,0.9799,0.9799,1.0,0.0
2015-06-17,0.9799,0.9799,0.65,0.75,9651.0,0.9799,0.0,0.9799,0.65,0.75,1.0,9651.0
2015-06-16,0.8799,0.8799,0.775,0.85,11230.0,0.8799,0.0,0.8799,0.775,0.85,1.0,11230.0
2015-06-15,0.84,0.88,0.8,0.8001,24501.0,0.84,0.0,0.88,0.8,0.8001,1.0,24501.0
2015-06-12,0.99,0.99,0.7608,0.7608,1356.0,0.99,0.0,0.99,0.7608,0.7608,1.0,1356.0
2015-06-11,1.0399,1.0399,1.0399,1.0399,100.0,1.0399,0.0,1.0399,1.0399,1.0399,1.0,100.0
2015-06-10,1.04,1.04,1.04,1.04,1.0,1.04,0.0,1.04,1.04,1.04,1.0,1.0
2015-06-09,1.04,1.04,0.9268,0.9268,1500.0,1.04,0.0,1.04,0.9268,0.9268,1.0,1500.0
2015-06-08,0.97,1.0,0.85,0.85,4400.0,0.97,0.0,1.0,0.85,0.85,1.0,4400.0
2015-06-05,1.01,1.2,1.01,1.0276,7975.0,1.01,0.0,1.2,1.01,1.0276,1.0,7975.0
2015-06-04,1.09,1.09,1.09,1.09,200.0,1.09,0.0,1.09,1.09,1.09,1.0,200.0
2015-06-03,1.0636,1.1399,1.0636,1.1,4100.0,1.0636,0.0,1.1399,1.0636,1.1,1.0,4100.0
2015-06-02,1.0899,1.099,0.9,1.099,827.0,1.0899,0.0,1.099,0.9,1.099,1.0,827.0
2015-06-01,1.04,1.06,0.99,1.0,12061.0,1.04,0.0,1.06,0.99,1.0,1.0,12061.0
2015-05-29,1.0,1.0,0.56,0.56,20638.0,1.0,0.0,1.0,0.56,0.56,1.0,20638.0
2015-05-28,0.9,0.91,0.8999,0.8999,10848.0,0.9,0.0,0.91,0.8999,0.8999,1.0,10848.0
2015-05-27,0.895,0.95,0.87,0.87,8887.0,0.895,0.0,0.95,0.87,0.87,1.0,8887.0
2015-05-26,0.7801,0.8105,0.7801,0.8105,8200.0,0.7801,0.0,0.8105,0.7801,0.8105,1.0,8200.0
2015-05-22,0.91,0.92,0.9099,0.92,10030.0,0.91,0.0,0.92,0.9099,0.92,1.0,10030.0
2015-05-21,0.9115,0.99,0.8415,0.99,9600.0,0.9115,0.0,0.99,0.8415,0.99,1.0,9600.0
2015-05-20,1.03,1.05,0.9099,0.91,21969.0,1.03,0.0,1.05,0.9099,0.91,1.0,21969.0
2015-05-19,0.91,1.0,0.91,0.99,2250.0,0.91,0.0,1.0,0.91,0.99,1.0,2250.0
2015-05-18,0.94,0.97,0.93,0.93,13263.0,0.94,0.0,0.97,0.93,0.93,1.0,13263.0
2015-05-15,1.01,1.01,1.01,1.01,0.0,1.01,0.0,1.01,1.01,1.01,1.0,0.0
2015-05-14,1.01,1.05,0.84,0.97,3345.0,1.01,0.0,1.05,0.84,0.97,1.0,3345.0
2015-05-13,0.97,0.97,0.97,0.97,1600.0,0.97,0.0,0.97,0.97,0.97,1.0,1600.0
2015-05-12,0.97,1.0399,0.8796,0.8796,6584.0,0.97,0.0,1.0399,0.8796,0.8796,1.0,6584.0
2015-05-11,1.01,1.018,0.98,0.98,15900.0,1.01,0.0,1.018,0.98,0.98,1.0,15900.0
2015-05-08,0.96,1.05,0.95,1.03,4560.0,0.96,0.0,1.05,0.95,1.03,1.0,4560.0
2015-05-07,0.955,1.0,0.825,0.88,37435.0,0.955,0.0,1.0,0.825,0.88,1.0,37435.0
2015-05-06,0.9612,1.1972,0.92,1.1972,22531.0,0.9612,0.0,1.1972,0.92,1.1972,1.0,22531.0
2015-05-05,1.07,1.2,0.997,1.2,19479.0,1.07,0.0,1.2,0.997,1.2,1.0,19479.0
2015-05-04,1.17,1.182,0.91,1.02,28358.0,1.17,0.0,1.182,0.91,1.02,1.0,28358.0
2015-05-01,1.297,1.297,1.18,1.28,7361.0,1.297,0.0,1.297,1.18,1.28,1.0,7361.0
2015-04-30,1.36,1.36,1.1,1.22,3757.0,1.36,0.0,1.36,1.1,1.22,1.0,3757.0
2015-04-29,1.3604,1.3604,1.3604,1.3604,300.0,1.3604,0.0,1.3604,1.3604,1.3604,1.0,300.0
2015-04-28,1.4264,1.46,1.3499,1.3999,13680.0,1.4264,0.0,1.46,1.3499,1.3999,1.0,13680.0
2015-04-27,1.4,1.45,1.32,1.3824,24817.0,1.4,0.0,1.45,1.32,1.3824,1.0,24817.0
2015-04-24,1.5,1.5,1.434,1.434,2356.0,1.5,0.0,1.5,1.434,1.434,1.0,2356.0
2015-04-23,1.436,1.4999,1.436,1.48,14630.0,1.436,0.0,1.4999,1.436,1.48,1.0,14630.0
2015-04-22,1.45,1.65,1.35,1.62,27145.0,1.45,0.0,1.65,1.35,1.62,1.0,27145.0
2015-04-21,1.56,1.78,1.3514,1.3514,31548.0,1.56,0.0,1.78,1.3514,1.3514,1.0,31548.0
2015-04-20,1.45,1.574,1.35,1.36,3776.0,1.45,0.0,1.574,1.35,1.36,1.0,3776.0
2015-04-17,1.55,1.55,1.44,1.46,8293.0,1.55,0.0,1.55,1.44,1.46,1.0,8293.0
2015-04-16,1.42,1.452,1.35,1.4391,6947.0,1.42,0.0,1.452,1.35,1.4391,1.0,6947.0
2015-04-15,1.47,1.53,1.44,1.53,11673.0,1.47,0.0,1.53,1.44,1.53,1.0,11673.0
2015-04-14,1.52,1.64,1.36,1.64,24110.0,1.52,0.0,1.64,1.36,1.64,1.0,24110.0
2015-04-13,1.65,1.74,1.4,1.64,39850.0,1.65,0.0,1.74,1.4,1.64,1.0,39850.0
2015-04-10,1.5,1.65,1.45,1.65,16164.0,1.5,0.0,1.65,1.45,1.65,1.0,16164.0
2015-04-09,1.5,1.6,1.4,1.6,21500.0,1.5,0.0,1.6,1.4,1.6,1.0,21500.0
2015-04-08,1.51,1.65,1.36,1.6,35699.0,1.51,0.0,1.65,1.36,1.6,1.0,35699.0
2015-04-07,1.75,1.9,1.6,1.6,24278.0,1.75,0.0,1.9,1.6,1.6,1.0,24278.0
2015-04-06,1.64,2.0,1.51,2.0,22351.0,1.64,0.0,2.0,1.51,2.0,1.0,22351.0
2015-04-02,1.7,1.97,1.68,1.8,63069.0,1.7,0.0,1.97,1.68,1.8,1.0,63069.0
2015-04-01,1.68,1.8,1.54,1.6,31470.0,1.68,0.0,1.8,1.54,1.6,1.0,31470.0
2015-03-31,1.48,1.64,1.3452,1.36,20140.0,1.48,0.0,1.64,1.3452,1.36,1.0,20140.0
2015-03-30,1.3671,1.4599,1.25,1.45,7618.0,1.3671,0.0,1.4599,1.25,1.45,1.0,7618.0
2015-03-27,1.374,1.5,1.3,1.4097,8575.0,1.374,0.0,1.5,1.3,1.4097,1.0,8575.0
2015-03-26,1.354,1.45,1.33,1.3981,3732.0,1.354,0.0,1.45,1.33,1.3981,1.0,3732.0
2015-03-25,1.38,1.39,1.2672,1.39,14506.0,1.38,0.0,1.39,1.2672,1.39,1.0,14506.0
2015-03-24,1.4769,1.4769,1.38,1.38,13005.0,1.4769,0.0,1.4769,1.38,1.38,1.0,13005.0
2015-03-23,1.56,1.8,1.56,1.62,60746.0,1.56,0.0,1.8,1.56,1.62,1.0,60746.0
2015-03-20,1.2824,1.4,1.1,1.1,11261.0,1.2824,0.0,1.4,1.1,1.1,1.0,11261.0
2015-03-19,1.41,1.41,1.4,1.4,3240.0,1.41,0.0,1.41,1.4,1.4,1.0,3240.0
2015-03-18,1.4608,1.62,1.2735,1.62,12875.0,1.4608,0.0,1.62,1.2735,1.62,1.0,12875.0
2015-03-17,1.4244,1.6961,1.35,1.6961,11176.0,1.4244,0.0,1.6961,1.35,1.6961,1.0,11176.0
2015-03-16,1.5,1.59,1.27,1.41,10513.0,1.5,0.0,1.59,1.27,1.41,1.0,10513.0
2015-03-13,1.4112,1.55,1.4,1.4212,13860.0,1.4112,0.0,1.55,1.4,1.4212,1.0,13860.0
2015-03-12,1.4144,2.0,1.4,1.95,24018.0,1.4144,0.0,2.0,1.4,1.95,1.0,24018.0
2015-03-11,1.58,1.79,1.28,1.28,48548.0,1.58,0.0,1.79,1.28,1.28,1.0,48548.0
2015-03-10,1.27,1.45,1.25,1.4499,42064.0,1.27,0.0,1.45,1.25,1.4499,1.0,42064.0
2015-03-09,1.35,1.69,1.26,1.56,63339.0,1.35,0.0,1.69,1.26,1.56,1.0,63339.0
2015-03-06,1.75,1.85,1.6,1.85,23305.0,1.75,0.0,1.85,1.6,1.85,1.0,23305.0
2015-03-05,1.73,2.34,1.35,2.34,261810.0,1.73,0.0,2.34,1.35,2.34,1.0,261810.0
2015-03-04,2.19,2.8,1.63,1.96,276899.0,2.19,0.0,2.8,1.63,1.96,1.0,276899.0
2015-03-03,1.89,1.95,1.36,1.4,94285.0,1.89,0.0,1.95,1.36,1.4,1.0,94285.0
2015-03-02,1.41,1.49,1.25,1.49,55429.0,1.41,0.0,1.49,1.25,1.49,1.0,55429.0
2015-02-27,1.47,1.55,1.1537,1.49,35391.0,1.47,0.0,1.55,1.1537,1.49,1.0,35391.0
2015-02-26,1.49,1.6699,0.95,1.39,266635.0,1.49,0.0,1.6699,0.95,1.39,1.0,266635.0
2015-02-25,1.24,1.5,1.11,1.4,89516.0,1.24,0.0,1.5,1.11,1.4,1.0,89516.0
2015-02-24,1.49,2.06,1.22,1.75,261270.0,1.49,0.0,2.06,1.22,1.75,1.0,261270.0
2015-02-23,1.4,1.4,0.94,1.04,107160.0,1.4,0.0,1.4,0.94,1.04,1.0,107160.0
2015-02-20,0.99,1.21,0.9,0.9,71652.0,0.99,0.0,1.21,0.9,0.9,1.0,71652.0
2015-02-19,1.06,1.4,0.85,1.2,277511.0,1.06,0.0,1.4,0.85,1.2,1.0,277511.0
2015-02-18,1.01,1.53,0.47,0.5,317891.0,1.01,0.0,1.53,0.47,0.5,1.0,317891.0
2015-02-17,0.243,0.243,0.243,0.243,0.0,0.243,0.0,0.243,0.243,0.243,1.0,0.0
2015-02-13,0.243,0.243,0.243,0.243,0.0,0.243,0.0,0.243,0.243,0.243,1.0,0.0
2015-02-12,0.243,0.243,0.243,0.243,0.0,0.243,0.0,0.243,0.243,0.243,1.0,0.0
2015-02-11,0.243,0.243,0.24,0.24,200.0,0.243,0.0,0.243,0.24,0.24,1.0,200.0
2015-02-10,0.3,0.35,0.245,0.35,1400.0,0.3,0.0,0.35,0.245,0.35,1.0,1400.0
2015-02-09,0.39,0.39,0.39,0.39,0.0,0.39,0.0,0.39,0.39,0.39,1.0,0.0
2015-02-06,0.39,0.39,0.39,0.39,0.0,0.39,0.0,0.39,0.39,0.39,1.0,0.0
2015-02-05,0.39,0.39,0.39,0.39,0.0,0.39,0.0,0.39,0.39,0.39,1.0,0.0
2015-02-04,0.39,0.39,0.39,0.39,100.0,0.39,0.0,0.39,0.39,0.39,1.0,100.0
2015-02-03,0.42,0.42,0.42,0.42,100.0,0.42,0.0,0.42,0.42,0.42,1.0,100.0
2015-02-02,0.45,0.45,0.28,0.28,5000.0,0.45,0.0,0.45,0.28,0.28,1.0,5000.0
2015-01-30,0.24,0.24,0.2156,0.2156,400.0,0.24,0.0,0.24,0.2156,0.2156,1.0,400.0
2015-01-29,0.2256,0.2256,0.2256,0.2256,200.0,0.2256,0.0,0.2256,0.2256,0.2256,1.0,200.0
2015-01-28,0.21,0.21,0.21,0.21,200.0,0.21,0.0,0.21,0.21,0.21,1.0,200.0
2015-01-27,0.1555,0.1555,0.1555,0.1555,200.0,0.1555,0.0,0.1555,0.1555,0.1555,1.0,200.0
2015-01-26,0.29,0.29,0.29,0.29,0.0,0.29,0.0,0.29,0.29,0.29,1.0,0.0
2015-01-23,0.29,0.3,0.29,0.3,4510.0,0.29,0.0,0.3,0.29,0.3,1.0,4510.0
2015-01-22,0.32,0.32,0.3,0.32,860.0,0.32,0.0,0.32,0.3,0.32,1.0,860.0
2015-01-21,0.3,0.3,0.3,0.3,760.0,0.3,0.0,0.3,0.3,0.3,1.0,760.0
2015-01-20,0.3,0.31,0.3,0.31,600.0,0.3,0.0,0.31,0.3,0.31,1.0,600.0
2015-01-16,0.3,0.31,0.3,0.31,300.0,0.3,0.0,0.31,0.3,0.31,1.0,300.0
2015-01-15,0.3001,0.3001,0.3001,0.3001,0.0,0.3001,0.0,0.3001,0.3001,0.3001,1.0,0.0
2015-01-14,0.3001,0.35,0.3,0.35,17110.0,0.3001,0.0,0.35,0.3,0.35,1.0,17110.0
2015-01-13,0.35,0.35,0.35,0.35,0.0,0.35,0.0,0.35,0.35,0.35,1.0,0.0
2015-01-12,0.35,0.35,0.35,0.35,0.0,0.35,0.0,0.35,0.35,0.35,1.0,0.0
2015-01-09,0.35,0.35,0.35,0.35,0.0,0.35,0.0,0.35,0.35,0.35,1.0,0.0
2015-01-08,0.35,0.35,0.35,0.35,0.0,0.35,0.0,0.35,0.35,0.35,1.0,0.0
2015-01-07,0.35,0.35,0.35,0.35,0.0,0.35,0.0,0.35,0.35,0.35,1.0,0.0
2015-01-06,0.35,0.35,0.35,0.35,0.0,0.35,0.0,0.35,0.35,0.35,1.0,0.0
2015-01-05,0.35,0.35,0.35,0.35,0.0,0.35,0.0,0.35,0.35,0.35,1.0,0.0
2015-01-02,0.35,0.35,0.35,0.35,0.0,0.35,0.0,0.35,0.35,0.35,1.0,0.0
2014-12-31,0.35,0.35,0.35,0.35,0.0,0.35,0.0,0.35,0.35,0.35,1.0,0.0
2014-12-30,0.35,0.35,0.35,0.35,0.0,0.35,0.0,0.35,0.35,0.35,1.0,0.0
2014-12-29,0.35,0.35,0.35,0.35,0.0,0.35,0.0,0.35,0.35,0.35,1.0,0.0
2014-12-26,0.35,0.35,0.35,0.35,0.0,0.35,0.0,0.35,0.35,0.35,1.0,0.0
2014-12-24,0.35,0.35,0.35,0.35,0.0,0.35,0.0,0.35,0.35,0.35,1.0,0.0
2014-12-23,0.35,0.35,0.35,0.35,0.0,0.35,0.0,0.35,0.35,0.35,1.0,0.0
2014-12-22,0.35,0.35,0.35,0.35,0.0,0.35,0.0,0.35,0.35,0.35,1.0,0.0
2014-12-19,0.35,0.35,0.35,0.35,0.0,0.35,0.0,0.35,0.35,0.35,1.0,0.0
2014-12-18,0.35,0.38,0.35,0.38,2000.0,0.35,0.0,0.38,0.35,0.38,1.0,2000.0
2014-12-17,0.35,0.39,0.35,0.39,2000.0,0.35,0.0,0.39,0.35,0.39,1.0,2000.0
2014-12-16,0.4,0.45,0.4,0.45,9500.0,0.4,0.0,0.45,0.4,0.45,1.0,9500.0
2014-12-15,0.45,0.45,0.45,0.45,100.0,0.45,0.0,0.45,0.45,0.45,1.0,100.0
2014-12-12,0.55,0.55,0.55,0.55,0.0,0.55,0.0,0.55,0.55,0.55,1.0,0.0
2014-12-11,0.55,0.55,0.55,0.55,400.0,0.55,0.0,0.55,0.55,0.55,1.0,400.0
2014-12-10,0.57,0.57,0.57,0.57,5100.0,0.57,0.0,0.57,0.57,0.57,1.0,5100.0
2014-12-09,0.573,0.573,0.57,0.57,1100.0,0.573,0.0,0.573,0.57,0.57,1.0,1100.0
2014-12-08,0.43,0.43,0.43,0.43,100.0,0.43,0.0,0.43,0.43,0.43,1.0,100.0
2014-12-05,0.43,0.6,0.42,0.6,800.0,0.43,0.0,0.6,0.42,0.6,1.0,800.0
2014-12-04,0.65,0.65,0.54,0.65,400.0,0.65,0.0,0.65,0.54,0.65,1.0,400.0
2014-12-03,0.599,0.599,0.599,0.599,100.0,0.599,0.0,0.599,0.599,0.599,1.0,100.0
2014-12-02,0.6,0.6,0.6,0.6,500.0,0.6,0.0,0.6,0.6,0.6,1.0,500.0
2014-12-01,0.57,0.62,0.57,0.62,1200.0,0.57,0.0,0.62,0.57,0.62,1.0,1200.0
2014-11-28,0.62,0.62,0.62,0.62,0.0,0.62,0.0,0.62,0.62,0.62,1.0,0.0
2014-11-26,0.62,0.62,0.3,0.57,11737.0,0.62,0.0,0.62,0.3,0.57,1.0,11737.0
2014-11-25,0.57,0.62,0.57,0.5814,5200.0,0.57,0.0,0.62,0.57,0.5814,1.0,5200.0
2014-11-24,0.62,0.62,0.62,0.62,0.0,0.62,0.0,0.62,0.62,0.62,1.0,0.0
2014-11-21,0.62,0.65,0.61,0.65,6700.0,0.62,0.0,0.65,0.61,0.65,1.0,6700.0
2014-11-20,0.6,0.75,0.6,0.75,2505.0,0.6,0.0,0.75,0.6,0.75,1.0,2505.0
2014-11-19,0.59,0.65,0.59,0.65,7576.0,0.59,0.0,0.65,0.59,0.65,1.0,7576.0
2014-11-18,0.72,0.72,0.7,0.7,16000.0,0.72,0.0,0.72,0.7,0.7,1.0,16000.0
2014-11-17,0.57,0.7,0.57,0.7,2600.0,0.57,0.0,0.7,0.57,0.7,1.0,2600.0
2014-11-14,0.64,0.64,0.51,0.61,29620.0,0.64,0.0,0.64,0.51,0.61,1.0,29620.0
2014-11-13,0.63,0.797,0.6299,0.7,129885.0,0.63,0.0,0.797,0.6299,0.7,1.0,129885.0
