,adj_close,adj_high,adj_low,adj_open,adj_volume,close,ex_dividend,high,low,open,split_ratio,volume
2017-02-10,2.38,2.38,2.2,2.31,40853.0,2.38,0.0,2.38,2.2,2.31,1.0,40853.0
2017-02-09,2.31,2.38,2.18,2.35,82854.0,2.31,0.0,2.38,2.18,2.35,1.0,82854.0
2017-02-08,2.38,2.44,2.04,2.43,156606.0,2.38,0.0,2.44,2.04,2.43,1.0,156606.0
2017-02-07,2.44,2.51,2.42,2.5,109458.0,2.44,0.0,2.51,2.42,2.5,1.0,109458.0
2017-02-06,2.5,2.55,2.43,2.51,101693.0,2.5,0.0,2.55,2.43,2.51,1.0,101693.0
2017-02-03,2.55,2.65,2.5101,2.65,36080.0,2.55,0.0,2.65,2.5101,2.65,1.0,36080.0
2017-02-02,2.68,2.73,2.59,2.65,70620.0,2.68,0.0,2.73,2.59,2.65,1.0,70620.0
2017-02-01,2.61,2.62,2.5,2.56,42957.0,2.61,0.0,2.62,2.5,2.56,1.0,42957.0
2017-01-31,2.57,2.68,2.55,2.68,71574.0,2.57,0.0,2.68,2.55,2.68,1.0,71574.0
2017-01-30,2.69,2.72,2.56,2.65,47326.0,2.69,0.0,2.72,2.56,2.65,1.0,47326.0
2017-01-27,2.58,2.61,2.49,2.54,89435.0,2.58,0.0,2.61,2.49,2.54,1.0,89435.0
2017-01-26,2.54,2.6,2.495,2.6,28712.0,2.54,0.0,2.6,2.495,2.6,1.0,28712.0
2017-01-25,2.53,2.59,2.42,2.45,62622.0,2.53,0.0,2.59,2.42,2.45,1.0,62622.0
2017-01-24,2.44,2.5649,2.43,2.54,68862.0,2.44,0.0,2.5649,2.43,2.54,1.0,68862.0
2017-01-23,2.57,2.65,2.53,2.65,36824.0,2.57,0.0,2.65,2.53,2.65,1.0,36824.0
2017-01-20,2.69,2.73,2.6,2.68,5429.0,2.69,0.0,2.73,2.6,2.68,1.0,5429.0
2017-01-19,2.64,2.72,2.55,2.66,27307.0,2.64,0.0,2.72,2.55,2.66,1.0,27307.0
2017-01-18,2.66,2.68,2.601,2.67,5910.0,2.66,0.0,2.68,2.601,2.67,1.0,5910.0
2017-01-17,2.58,2.71,2.55,2.63,17896.0,2.58,0.0,2.71,2.55,2.63,1.0,17896.0
2017-01-13,2.63,2.78,2.509,2.5273,39235.0,2.63,0.0,2.78,2.509,2.5273,1.0,39235.0
2017-01-12,2.52,2.7325,2.48,2.64,53674.0,2.52,0.0,2.7325,2.48,2.64,1.0,53674.0
2017-01-11,2.68,2.71,2.611,2.63,3775.0,2.68,0.0,2.71,2.611,2.63,1.0,3775.0
2017-01-10,2.67,2.8,2.6,2.64,37511.0,2.67,0.0,2.8,2.6,2.64,1.0,37511.0
2017-01-09,2.67,2.8,2.66,2.75,33904.0,2.67,0.0,2.8,2.66,2.75,1.0,33904.0
2017-01-06,2.75,2.77,2.665,2.7,21681.0,2.75,0.0,2.77,2.665,2.7,1.0,21681.0
2017-01-05,2.72,2.77,2.7,2.71,22013.0,2.72,0.0,2.77,2.7,2.71,1.0,22013.0
2017-01-04,2.69,2.73,2.607,2.61,17367.0,2.69,0.0,2.73,2.607,2.61,1.0,17367.0
2017-01-03,2.6,2.7799,2.55,2.55,36492.0,2.6,0.0,2.7799,2.55,2.55,1.0,36492.0
2016-12-30,2.56,2.74,2.47,2.5,80628.0,2.56,0.0,2.74,2.47,2.5,1.0,80628.0
2016-12-29,2.49,2.7,2.46,2.4601,28803.0,2.49,0.0,2.7,2.46,2.4601,1.0,28803.0
2016-12-28,2.55,2.65,2.46,2.47,20943.0,2.55,0.0,2.65,2.46,2.47,1.0,20943.0
2016-12-27,2.59,2.59,2.33,2.44,101555.0,2.59,0.0,2.59,2.33,2.44,1.0,101555.0
2016-12-23,2.45,2.6,2.4,2.59,45806.0,2.45,0.0,2.6,2.4,2.59,1.0,45806.0
2016-12-22,2.55,2.6777,2.55,2.6777,27457.0,2.55,0.0,2.6777,2.55,2.6777,1.0,27457.0
2016-12-21,2.72,2.73,2.65,2.72,19785.0,2.72,0.0,2.73,2.65,2.72,1.0,19785.0
2016-12-20,2.7,2.76,2.6637,2.7163,34055.0,2.7,0.0,2.76,2.6637,2.7163,1.0,34055.0
2016-12-19,2.69,2.86,2.58,2.86,94722.0,2.69,0.0,2.86,2.58,2.86,1.0,94722.0
2016-12-16,2.82,2.95,2.73,2.8,144530.0,2.82,0.0,2.95,2.73,2.8,1.0,144530.0
2016-12-15,2.76,2.86,2.6,2.6,115726.0,2.76,0.0,2.86,2.6,2.6,1.0,115726.0
2016-12-14,2.89,2.89,2.65,2.81,110743.0,2.89,0.0,2.89,2.65,2.81,1.0,110743.0
2016-12-13,2.8,2.96,2.8,2.96,96344.0,2.8,0.0,2.96,2.8,2.96,1.0,96344.0
2016-12-12,2.99,3.1,2.88,3.1,57034.0,2.99,0.0,3.1,2.88,3.1,1.0,57034.0
2016-12-09,3.12,3.3299,3.01,3.09,23027.0,3.12,0.0,3.3299,3.01,3.09,1.0,23027.0
2016-12-08,3.14,3.22,3.0,3.1,29228.0,3.14,0.0,3.22,3.0,3.1,1.0,29228.0
2016-12-07,3.15,3.18,3.0,3.0,19342.0,3.15,0.0,3.18,3.0,3.0,1.0,19342.0
2016-12-06,3.0676,3.08,2.9346,2.94,20627.0,3.0676,0.0,3.08,2.9346,2.94,1.0,20627.0
2016-12-05,2.94,3.05,2.9,3.05,48617.0,2.94,0.0,3.05,2.9,3.05,1.0,48617.0
2016-12-02,3.05,3.1,3.05,3.07,10170.0,3.05,0.0,3.1,3.05,3.07,1.0,10170.0
2016-12-01,3.07,3.25,3.06,3.18,29266.0,3.07,0.0,3.25,3.06,3.18,1.0,29266.0
2016-11-30,3.31,3.4156,3.13,3.13,49634.0,3.31,0.0,3.4156,3.13,3.13,1.0,49634.0
2016-11-29,3.23,3.31,3.17,3.25,77294.0,3.23,0.0,3.31,3.17,3.25,1.0,77294.0
2016-11-28,3.25,3.27,3.1,3.17,78729.0,3.25,0.0,3.27,3.1,3.17,1.0,78729.0
2016-11-25,3.22,3.26,3.12,3.12,39129.0,3.22,0.0,3.26,3.12,3.12,1.0,39129.0
2016-11-23,3.12,3.15,2.9,3.04,42169.0,3.12,0.0,3.15,2.9,3.04,1.0,42169.0
2016-11-22,3.1,3.19,3.066,3.09,54856.0,3.1,0.0,3.19,3.066,3.09,1.0,54856.0
2016-11-21,3.13,3.25,3.05,3.2,80100.0,3.13,0.0,3.25,3.05,3.2,1.0,80100.0
2016-11-18,3.16,3.23,3.05,3.05,39419.0,3.16,0.0,3.23,3.05,3.05,1.0,39419.0
2016-11-17,3.03,3.23,2.89,3.0736,84085.0,3.03,0.0,3.23,2.89,3.0736,1.0,84085.0
2016-11-16,3.02,3.13,2.8,2.8,49043.0,3.02,0.0,3.13,2.8,2.8,1.0,49043.0
2016-11-15,2.8,2.96,2.79,2.8,93742.0,2.8,0.0,2.96,2.79,2.8,1.0,93742.0
2016-11-14,2.74,2.8379,2.72,2.8,66169.0,2.74,0.0,2.8379,2.72,2.8,1.0,66169.0
2016-11-11,2.79,2.99,2.76,2.91,47237.0,2.79,0.0,2.99,2.76,2.91,1.0,47237.0
2016-11-10,2.91,3.0001,2.845,2.98,62206.0,2.91,0.0,3.0001,2.845,2.98,1.0,62206.0
2016-11-09,3.0,3.1389,2.9,2.9,19760.0,3.0,0.0,3.1389,2.9,2.9,1.0,19760.0
2016-11-08,2.93,3.07,2.93,3.0,130127.0,2.93,0.0,3.07,2.93,3.0,1.0,130127.0
2016-11-07,2.92,3.18,2.92,2.92,66927.0,2.92,0.0,3.18,2.92,2.92,1.0,66927.0
2016-11-04,2.91,3.14,2.9,2.91,50827.0,2.91,0.0,3.14,2.9,2.91,1.0,50827.0
2016-11-03,2.83,3.27,2.83,3.22,176282.0,2.83,0.0,3.27,2.83,3.22,1.0,176282.0
2016-11-02,3.24,3.5,3.22,3.37,48945.0,3.24,0.0,3.5,3.22,3.37,1.0,48945.0
2016-11-01,3.41,3.64,3.36,3.36,130327.0,3.41,0.0,3.64,3.36,3.36,1.0,130327.0
2016-10-31,3.36,3.5599,3.33,3.55,78132.0,3.36,0.0,3.5599,3.33,3.55,1.0,78132.0
2016-10-28,3.545,3.62,3.5,3.55,19504.0,3.545,0.0,3.62,3.5,3.55,1.0,19504.0
2016-10-27,3.51,3.85,3.5,3.7,69404.0,3.51,0.0,3.85,3.5,3.7,1.0,69404.0
2016-10-26,3.71,3.8611,3.71,3.86,30922.0,3.71,0.0,3.8611,3.71,3.86,1.0,30922.0
2016-10-25,3.87,4.05,3.7,3.78,71239.0,3.87,0.0,4.05,3.7,3.78,1.0,71239.0
2016-10-24,3.75,3.94,3.74,3.88,60063.0,3.75,0.0,3.94,3.74,3.88,1.0,60063.0
2016-10-21,3.91,3.91,3.75,3.81,10886.0,3.91,0.0,3.91,3.75,3.81,1.0,10886.0
2016-10-20,3.79,4.1,3.78,4.1,45188.0,3.79,0.0,4.1,3.78,4.1,1.0,45188.0
2016-10-19,3.88,4.04,3.76,3.76,53978.0,3.88,0.0,4.04,3.76,3.76,1.0,53978.0
2016-10-18,3.73,3.88,3.72,3.77,43382.0,3.73,0.0,3.88,3.72,3.77,1.0,43382.0
2016-10-17,3.77,3.8,3.75,3.75,24871.0,3.77,0.0,3.8,3.75,3.75,1.0,24871.0
2016-10-14,3.77,3.95,3.75,3.88,55653.0,3.77,0.0,3.95,3.75,3.88,1.0,55653.0
2016-10-13,3.89,4.07,3.76,4.07,80174.0,3.89,0.0,4.07,3.76,4.07,1.0,80174.0
2016-10-12,4.1,4.1,3.9,3.92,60622.0,4.1,0.0,4.1,3.9,3.92,1.0,60622.0
2016-10-11,3.9,3.97,3.83,3.89,38592.0,3.9,0.0,3.97,3.83,3.89,1.0,38592.0
2016-10-10,3.89,3.99,3.82,3.82,29200.0,3.89,0.0,3.99,3.82,3.82,1.0,29200.0
2016-10-07,3.78,3.96,3.75,3.95,57384.0,3.78,0.0,3.96,3.75,3.95,1.0,57384.0
2016-10-06,3.98,4.2599,3.95,4.07,45515.0,3.98,0.0,4.2599,3.95,4.07,1.0,45515.0
2016-10-05,4.1,4.15,4.1,4.12,21505.0,4.1,0.0,4.15,4.1,4.12,1.0,21505.0
2016-10-04,4.08,4.25,3.9,4.25,109971.0,4.08,0.0,4.25,3.9,4.25,1.0,109971.0
2016-10-03,4.21,4.28,3.84,3.88,233515.0,4.21,0.0,4.28,3.84,3.88,1.0,233515.0
2016-09-30,3.85,4.03,3.578,4.01,570812.0,3.85,0.0,4.03,3.578,4.01,1.0,570812.0
2016-09-29,4.07,4.8,4.03,4.7,373409.0,4.07,0.0,4.8,4.03,4.7,1.0,373409.0
2016-09-28,4.73,5.0501,4.73,5.01,124521.0,4.73,0.0,5.0501,4.73,5.01,1.0,124521.0
2016-09-27,5.05,5.19,5.01,5.02,40917.0,5.05,0.0,5.19,5.01,5.02,1.0,40917.0
2016-09-26,5.05,5.16,5.0353,5.05,22591.0,5.05,0.0,5.16,5.0353,5.05,1.0,22591.0
2016-09-23,5.05,5.17,5.04,5.04,53689.0,5.05,0.0,5.17,5.04,5.04,1.0,53689.0
2016-09-22,5.09,5.19,5.03,5.12,53305.0,5.09,0.0,5.19,5.03,5.12,1.0,53305.0
2016-09-21,5.15,5.322,5.1,5.18,35045.0,5.15,0.0,5.322,5.1,5.18,1.0,35045.0
2016-09-20,5.22,5.22,5.01,5.07,41513.0,5.22,0.0,5.22,5.01,5.07,1.0,41513.0
2016-09-19,5.05,5.1511,5.03,5.09,23806.0,5.05,0.0,5.1511,5.03,5.09,1.0,23806.0
2016-09-16,5.08,5.23,5.08,5.18,20341.0,5.08,0.0,5.23,5.08,5.18,1.0,20341.0
2016-09-15,5.17,5.33,5.17,5.27,20622.0,5.17,0.0,5.33,5.17,5.27,1.0,20622.0
2016-09-14,5.24,5.31,5.24,5.31,22247.0,5.24,0.0,5.31,5.24,5.31,1.0,22247.0
2016-09-13,5.29,5.33,5.2089,5.3,28123.0,5.29,0.0,5.33,5.2089,5.3,1.0,28123.0
2016-09-12,5.28,5.34,5.26,5.26,24277.0,5.28,0.0,5.34,5.26,5.26,1.0,24277.0
2016-09-09,5.35,5.65,5.34,5.49,57346.0,5.35,0.0,5.65,5.34,5.49,1.0,57346.0
2016-09-08,5.59,5.68,5.52,5.6,25556.0,5.59,0.0,5.68,5.52,5.6,1.0,25556.0
2016-09-07,5.6,5.73,5.55,5.55,90588.0,5.6,0.0,5.73,5.55,5.55,1.0,90588.0
2016-09-06,5.51,5.64,5.37,5.43,31564.0,5.51,0.0,5.64,5.37,5.43,1.0,31564.0
2016-09-02,5.38,5.58,5.33,5.33,79976.0,5.38,0.0,5.58,5.33,5.33,1.0,79976.0
2016-09-01,5.38,5.58,5.38,5.54,47743.0,5.38,0.0,5.58,5.38,5.54,1.0,47743.0
2016-08-31,5.61,5.644,5.43,5.45,44857.0,5.61,0.0,5.644,5.43,5.45,1.0,44857.0
2016-08-30,5.51,5.75,5.48,5.61,54323.0,5.51,0.0,5.75,5.48,5.61,1.0,54323.0
2016-08-29,5.68,5.72,5.52,5.6,21136.0,5.68,0.0,5.72,5.52,5.6,1.0,21136.0
2016-08-26,5.58,5.6,5.45,5.54,24927.0,5.58,0.0,5.6,5.45,5.54,1.0,24927.0
2016-08-25,5.58,5.63,5.37,5.42,47509.0,5.58,0.0,5.63,5.37,5.42,1.0,47509.0
2016-08-24,5.44,5.66,5.01,5.66,112750.0,5.44,0.0,5.66,5.01,5.66,1.0,112750.0
2016-08-23,5.72,5.89,5.6,5.79,149750.0,5.72,0.0,5.89,5.6,5.79,1.0,149750.0
2016-08-22,5.81,6.08,5.552,5.6,461125.0,5.81,0.0,6.08,5.552,5.6,1.0,461125.0
2016-08-19,5.62,6.0406,5.1,5.1,517451.0,5.62,0.0,6.0406,5.1,5.1,1.0,517451.0
2016-08-18,5.42,5.5,5.16,5.23,278394.0,5.42,0.0,5.5,5.16,5.23,1.0,278394.0
2016-08-17,5.32,5.86,5.1479,5.76,208571.0,5.32,0.0,5.86,5.1479,5.76,1.0,208571.0
2016-08-16,5.72,5.98,5.72,5.94,34070.0,5.72,0.0,5.98,5.72,5.94,1.0,34070.0
2016-08-15,5.97,6.04,5.96,6.0,93995.0,5.97,0.0,6.04,5.96,6.0,1.0,93995.0
2016-08-12,6.045,6.11,5.913,5.97,148231.0,6.045,0.0,6.11,5.913,5.97,1.0,148231.0
2016-08-11,5.9,6.16,5.88,5.95,118300.0,5.9,0.0,6.16,5.88,5.95,1.0,118300.0
2016-08-10,5.92,5.99,5.89,5.99,41446.0,5.92,0.0,5.99,5.89,5.99,1.0,41446.0
2016-08-09,5.99,6.05,5.88,6.01,64009.0,5.99,0.0,6.05,5.88,6.01,1.0,64009.0
2016-08-08,5.97,6.02,5.82,5.992,40371.0,5.97,0.0,6.02,5.82,5.992,1.0,40371.0
2016-08-05,5.99,6.03,5.94,6.0,46074.0,5.99,0.0,6.03,5.94,6.0,1.0,46074.0
2016-08-04,5.98,6.0595,5.96,6.04,84459.0,5.98,0.0,6.0595,5.96,6.04,1.0,84459.0
2016-08-03,6.04,6.1,5.8,5.93,50703.0,6.04,0.0,6.1,5.8,5.93,1.0,50703.0
2016-08-02,5.91,6.31,5.9,6.0,42851.0,5.91,0.0,6.31,5.9,6.0,1.0,42851.0
2016-08-01,5.98,6.04,5.9,6.04,75755.0,5.98,0.0,6.04,5.9,6.04,1.0,75755.0
2016-07-29,5.98,6.16,5.9,6.05,159789.0,5.98,0.0,6.16,5.9,6.05,1.0,159789.0
2016-07-28,6.07,6.17,6.05,6.16,49524.0,6.07,0.0,6.17,6.05,6.16,1.0,49524.0
2016-07-27,6.15,6.22,6.1,6.15,51006.0,6.15,0.0,6.22,6.1,6.15,1.0,51006.0
2016-07-26,6.18,6.479,6.16,6.29,75424.0,6.18,0.0,6.479,6.16,6.29,1.0,75424.0
2016-07-25,6.28,6.6,6.22,6.6,131456.0,6.28,0.0,6.6,6.22,6.6,1.0,131456.0
2016-07-22,6.58,6.75,6.53,6.64,51952.0,6.58,0.0,6.75,6.53,6.64,1.0,51952.0
2016-07-21,6.7,6.84,6.64,6.67,45803.0,6.7,0.0,6.84,6.64,6.67,1.0,45803.0
2016-07-20,6.77,6.84,6.6,6.62,65788.0,6.77,0.0,6.84,6.6,6.62,1.0,65788.0
2016-07-19,6.7,6.79,6.62,6.71,55395.0,6.7,0.0,6.79,6.62,6.71,1.0,55395.0
2016-07-18,6.71,6.88,6.52,6.52,39413.0,6.71,0.0,6.88,6.52,6.52,1.0,39413.0
2016-07-15,6.88,6.95,6.67,6.75,76480.0,6.88,0.0,6.95,6.67,6.75,1.0,76480.0
2016-07-14,6.8,6.92,6.7,6.92,70539.0,6.8,0.0,6.92,6.7,6.92,1.0,70539.0
2016-07-13,6.81,6.9,6.65,6.73,91966.0,6.81,0.0,6.9,6.65,6.73,1.0,91966.0
2016-07-12,6.75,6.86,6.69,6.83,71728.0,6.75,0.0,6.86,6.69,6.83,1.0,71728.0
2016-07-11,6.8,6.9,6.517,6.58,103398.0,6.8,0.0,6.9,6.517,6.58,1.0,103398.0
2016-07-08,6.62,6.76,6.47,6.61,40577.0,6.62,0.0,6.76,6.47,6.61,1.0,40577.0
2016-07-07,6.59,6.91,6.52,6.79,54819.0,6.59,0.0,6.91,6.52,6.79,1.0,54819.0
2016-07-06,6.72,6.76,5.67,6.3,388722.0,6.72,0.0,6.76,5.67,6.3,1.0,388722.0
2016-07-05,6.3,6.553,6.26,6.42,240239.0,6.3,0.0,6.553,6.26,6.42,1.0,240239.0
2016-07-01,6.51,6.67,6.428,6.52,87435.0,6.51,0.0,6.67,6.428,6.52,1.0,87435.0
2016-06-30,6.48,6.48,6.29,6.44,126540.0,6.48,0.0,6.48,6.29,6.44,1.0,126540.0
2016-06-29,6.46,6.6299,6.4,6.43,50415.0,6.46,0.0,6.6299,6.4,6.43,1.0,50415.0
2016-06-28,6.43,6.63,6.1307,6.4,112023.0,6.43,0.0,6.63,6.1307,6.4,1.0,112023.0
2016-06-27,6.37,6.86,6.23,6.6,160039.0,6.37,0.0,6.86,6.23,6.6,1.0,160039.0
2016-06-24,6.84,6.9,6.65,6.65,86743.0,6.84,0.0,6.9,6.65,6.65,1.0,86743.0
2016-06-23,6.95,6.95,6.611,6.8,66498.0,6.95,0.0,6.95,6.611,6.8,1.0,66498.0
2016-06-22,6.73,6.8,6.51,6.62,50057.0,6.73,0.0,6.8,6.51,6.62,1.0,50057.0
2016-06-21,6.65,6.92,6.65,6.83,44643.0,6.65,0.0,6.92,6.65,6.83,1.0,44643.0
2016-06-20,6.86,6.9312,6.558,6.8,46796.0,6.86,0.0,6.9312,6.558,6.8,1.0,46796.0
2016-06-17,6.75,6.92,6.67,6.74,37970.0,6.75,0.0,6.92,6.67,6.74,1.0,37970.0
2016-06-16,6.8,7.17,6.7,6.95,83088.0,6.8,0.0,7.17,6.7,6.95,1.0,83088.0
2016-06-15,7.09,7.3,6.67,6.8,248017.0,7.09,0.0,7.3,6.67,6.8,1.0,248017.0
2016-06-14,6.71,6.93,6.55,6.7,233303.0,6.71,0.0,6.93,6.55,6.7,1.0,233303.0
2016-06-13,6.79,6.92,6.22,6.48,451486.0,6.79,0.0,6.92,6.22,6.48,1.0,451486.0
2016-06-10,6.63,7.03,6.55,6.99,388809.0,6.63,0.0,7.03,6.55,6.99,1.0,388809.0
2016-06-09,7.01,7.22,6.94,7.15,131476.0,7.01,0.0,7.22,6.94,7.15,1.0,131476.0
2016-06-08,7.26,7.28,7.0711,7.28,132800.0,7.26,0.0,7.28,7.0711,7.28,1.0,132800.0
2016-06-07,7.3,7.44,7.16,7.2,253173.0,7.3,0.0,7.44,7.16,7.2,1.0,253173.0
2016-06-06,7.2,7.2221,7.06,7.07,65989.0,7.2,0.0,7.2221,7.06,7.07,1.0,65989.0
2016-06-03,7.12,7.2399,7.0,7.01,110830.0,7.12,0.0,7.2399,7.0,7.01,1.0,110830.0
2016-06-02,7.11,7.2499,6.96,7.17,87533.0,7.11,0.0,7.2499,6.96,7.17,1.0,87533.0
2016-06-01,7.2,7.27,6.93,7.2,162756.0,7.2,0.0,7.27,6.93,7.2,1.0,162756.0
2016-05-31,7.25,7.56,7.2,7.2,118087.0,7.25,0.0,7.56,7.2,7.2,1.0,118087.0
2016-05-27,7.24,7.31,6.91,7.17,166385.0,7.24,0.0,7.31,6.91,7.17,1.0,166385.0
2016-05-26,7.14,7.28,6.74,7.0,214688.0,7.14,0.0,7.28,6.74,7.0,1.0,214688.0
2016-05-25,7.0,7.895,7.0,7.74,325835.0,7.0,0.0,7.895,7.0,7.74,1.0,325835.0
2016-05-24,7.8,8.45,7.74,8.45,272037.0,7.8,0.0,8.45,7.74,8.45,1.0,272037.0
2016-05-23,8.2,8.29,8.0,8.27,123739.0,8.2,0.0,8.29,8.0,8.27,1.0,123739.0
2016-05-20,8.34,8.52,8.25,8.51,105824.0,8.34,0.0,8.52,8.25,8.51,1.0,105824.0
2016-05-19,8.54,8.78,8.37,8.7,125782.0,8.54,0.0,8.78,8.37,8.7,1.0,125782.0
2016-05-18,8.77,8.97,8.56,8.65,195997.0,8.77,0.0,8.97,8.56,8.65,1.0,195997.0
2016-05-17,8.73,9.13,8.35,8.35,185786.0,8.73,0.0,9.13,8.35,8.35,1.0,185786.0
2016-05-16,8.42,8.61,8.1,8.21,139684.0,8.42,0.0,8.61,8.1,8.21,1.0,139684.0
2016-05-13,8.09,8.26,7.86,8.14,106721.0,8.09,0.0,8.26,7.86,8.14,1.0,106721.0
2016-05-12,8.21,8.66,8.0,8.66,167996.0,8.21,0.0,8.66,8.0,8.66,1.0,167996.0
2016-05-11,8.66,8.96,8.5,8.8,132599.0,8.66,0.0,8.96,8.5,8.8,1.0,132599.0
2016-05-10,8.78,9.07,8.7,8.9,229942.0,8.78,0.0,9.07,8.7,8.9,1.0,229942.0
2016-05-09,8.98,9.13,8.82,9.03,451655.0,8.98,0.0,9.13,8.82,9.03,1.0,451655.0
2016-05-06,9.13,9.39,8.96,8.97,286892.0,9.13,0.0,9.39,8.96,8.97,1.0,286892.0
2016-05-05,8.96,9.6499,8.43,8.43,519151.0,8.96,0.0,9.6499,8.43,8.43,1.0,519151.0
2016-05-04,8.34,8.57,8.18,8.18,94175.0,8.34,0.0,8.57,8.18,8.18,1.0,94175.0
2016-05-03,8.2,8.4992,8.12,8.36,94614.0,8.2,0.0,8.4992,8.12,8.36,1.0,94614.0
2016-05-02,8.48,8.6,8.27,8.36,93558.0,8.48,0.0,8.6,8.27,8.36,1.0,93558.0
2016-04-29,8.27,8.43,8.22,8.31,42921.0,8.27,0.0,8.43,8.22,8.31,1.0,42921.0
2016-04-28,8.31,8.6,8.29,8.35,41398.0,8.31,0.0,8.6,8.29,8.35,1.0,41398.0
2016-04-27,8.34,8.44,8.16,8.3,85742.0,8.34,0.0,8.44,8.16,8.3,1.0,85742.0
2016-04-26,8.23,8.38,8.21,8.27,57749.0,8.23,0.0,8.38,8.21,8.27,1.0,57749.0
2016-04-25,8.27,8.53,8.21,8.47,109434.0,8.27,0.0,8.53,8.21,8.47,1.0,109434.0
2016-04-22,8.47,8.845,8.15,8.75,186218.0,8.47,0.0,8.845,8.15,8.75,1.0,186218.0
2016-04-21,8.79,8.94,8.72,8.94,42681.0,8.79,0.0,8.94,8.72,8.94,1.0,42681.0
2016-04-20,8.91,9.09,8.79,8.91,137307.0,8.91,0.0,9.09,8.79,8.91,1.0,137307.0
2016-04-19,8.95,9.15,8.82,8.92,176232.0,8.95,0.0,9.15,8.82,8.92,1.0,176232.0
2016-04-18,8.86,9.05,8.8,8.88,90465.0,8.86,0.0,9.05,8.8,8.88,1.0,90465.0
2016-04-15,9.01,9.06,8.82,8.98,132411.0,9.01,0.0,9.06,8.82,8.98,1.0,132411.0
2016-04-14,8.94,9.04,8.77,9.04,168502.0,8.94,0.0,9.04,8.77,9.04,1.0,168502.0
2016-04-13,9.0,9.31,8.95,9.31,352365.0,9.0,0.0,9.31,8.95,9.31,1.0,352365.0
2016-04-12,9.2,9.37,8.95,9.05,208591.0,9.2,0.0,9.37,8.95,9.05,1.0,208591.0
2016-04-11,9.0,9.15,8.89,9.1,345034.0,9.0,0.0,9.15,8.89,9.1,1.0,345034.0
2016-04-08,9.02,9.16,8.89,9.0,226279.0,9.02,0.0,9.16,8.89,9.0,1.0,226279.0
2016-04-07,9.0,9.3,8.75,9.3,243507.0,9.0,0.0,9.3,8.75,9.3,1.0,243507.0
2016-04-06,9.3,9.34,7.83,7.96,479238.0,9.3,0.0,9.34,7.83,7.96,1.0,479238.0
2016-04-05,8.0,8.24,7.85,7.89,421713.0,8.0,0.0,8.24,7.85,7.89,1.0,421713.0
2016-04-04,7.89,8.34,7.85,8.22,361495.0,7.89,0.0,8.34,7.85,8.22,1.0,361495.0
2016-04-01,8.28,8.38,7.89,7.89,271380.0,8.28,0.0,8.38,7.89,7.89,1.0,271380.0
2016-03-31,7.89,8.1,7.21,7.21,317440.0,7.89,0.0,8.1,7.21,7.21,1.0,317440.0
2016-03-30,7.56,8.12,7.48,7.85,432541.0,7.56,0.0,8.12,7.48,7.85,1.0,432541.0
2016-03-29,7.91,8.395,7.86,8.39,468179.0,7.91,0.0,8.395,7.86,8.39,1.0,468179.0
2016-03-28,8.14,8.95,8.01,8.51,167933.0,8.14,0.0,8.95,8.01,8.51,1.0,167933.0
2016-03-24,8.93,9.11,8.72,8.72,339761.0,8.93,0.0,9.11,8.72,8.72,1.0,339761.0
2016-03-23,8.9,9.47,8.82,9.03,255472.0,8.9,0.0,9.47,8.82,9.03,1.0,255472.0
2016-03-22,9.47,9.75,9.03,9.49,267526.0,9.47,0.0,9.75,9.03,9.49,1.0,267526.0
2016-03-21,9.98,10.48,9.63,9.65,232364.0,9.98,0.0,10.48,9.63,9.65,1.0,232364.0
2016-03-18,9.54,9.65,9.42,9.6,72546.0,9.54,0.0,9.65,9.42,9.6,1.0,72546.0
2016-03-17,9.54,9.77,9.39,9.42,81914.0,9.54,0.0,9.77,9.39,9.42,1.0,81914.0
2016-03-16,9.35,9.5,9.16,9.16,75959.0,9.35,0.0,9.5,9.16,9.16,1.0,75959.0
2016-03-15,9.23,9.62,9.02,9.52,178579.0,9.23,0.0,9.62,9.02,9.52,1.0,178579.0
2016-03-14,9.52,9.9,8.55,8.55,370366.0,9.52,0.0,9.9,8.55,8.55,1.0,370366.0
2016-03-11,8.5,8.69,8.15,8.15,133400.0,8.5,0.0,8.69,8.15,8.15,1.0,133400.0
2016-03-10,8.1,8.26,7.937,8.26,107800.0,8.1,0.0,8.26,7.937,8.26,1.0,107800.0
2016-03-09,8.31,8.49,8.16,8.43,49628.0,8.31,0.0,8.49,8.16,8.43,1.0,49628.0
2016-03-08,8.42,8.68,8.36,8.55,55738.0,8.42,0.0,8.68,8.36,8.55,1.0,55738.0
2016-03-07,8.61,8.67,8.362,8.67,107903.0,8.61,0.0,8.67,8.362,8.67,1.0,107903.0
2016-03-04,8.7,8.82,8.39,8.62,131607.0,8.7,0.0,8.82,8.39,8.62,1.0,131607.0
2016-03-03,8.68,8.75,8.3,8.4,331399.0,8.68,0.0,8.75,8.3,8.4,1.0,331399.0
2016-03-02,8.18,8.692,7.64,7.67,330725.0,8.18,0.0,8.692,7.64,7.67,1.0,330725.0
2016-03-01,7.36,7.65,7.22,7.24,129508.0,7.36,0.0,7.65,7.22,7.24,1.0,129508.0
2016-02-29,7.14,7.22,7.0476,7.12,65934.0,7.14,0.0,7.22,7.0476,7.12,1.0,65934.0
2016-02-26,7.14,7.28,7.05,7.08,29107.0,7.14,0.0,7.28,7.05,7.08,1.0,29107.0
2016-02-25,7.08,7.19,6.8304,7.15,47758.0,7.08,0.0,7.19,6.8304,7.15,1.0,47758.0
2016-02-24,7.12,7.19,6.65,7.19,156952.0,7.12,0.0,7.19,6.65,7.19,1.0,156952.0
2016-02-23,7.25,7.25,6.84,7.22,37006.0,7.25,0.0,7.25,6.84,7.22,1.0,37006.0
2016-02-22,7.24,7.43,7.12,7.15,51774.0,7.24,0.0,7.43,7.12,7.15,1.0,51774.0
2016-02-19,7.01,7.2912,6.81,6.81,54099.0,7.01,0.0,7.2912,6.81,6.81,1.0,54099.0
2016-02-18,6.81,6.89,6.71,6.8,42343.0,6.81,0.0,6.89,6.71,6.8,1.0,42343.0
2016-02-17,6.78,6.9,6.28,6.28,105186.0,6.78,0.0,6.9,6.28,6.28,1.0,105186.0
2016-02-16,6.23,7.14,6.02,7.01,245445.0,6.23,0.0,7.14,6.02,7.01,1.0,245445.0
2016-02-12,6.9,7.04,6.86,7.04,37260.0,6.9,0.0,7.04,6.86,7.04,1.0,37260.0
2016-02-11,6.89,7.0615,6.81,6.82,57305.0,6.89,0.0,7.0615,6.81,6.82,1.0,57305.0
2016-02-10,7.01,7.19,6.76,6.76,61839.0,7.01,0.0,7.19,6.76,6.76,1.0,61839.0
2016-02-09,6.73,7.22,6.71,6.74,91636.0,6.73,0.0,7.22,6.71,6.74,1.0,91636.0
2016-02-08,6.97,7.22,6.87,7.0,81773.0,6.97,0.0,7.22,6.87,7.0,1.0,81773.0
2016-02-05,7.07,7.26,7.0,7.16,65454.0,7.07,0.0,7.26,7.0,7.16,1.0,65454.0
2016-02-04,7.16,7.23,6.735,7.02,37289.0,7.16,0.0,7.23,6.735,7.02,1.0,37289.0
2016-02-03,7.0,7.05,6.76,7.05,72583.0,7.0,0.0,7.05,6.76,7.05,1.0,72583.0
2016-02-02,7.04,7.39,6.94,7.39,87866.0,7.04,0.0,7.39,6.94,7.39,1.0,87866.0
2016-02-01,7.4,7.41,6.88,7.4,119240.0,7.4,0.0,7.41,6.88,7.4,1.0,119240.0
2016-01-29,7.31,7.41,7.11,7.11,41154.0,7.31,0.0,7.41,7.11,7.11,1.0,41154.0
2016-01-28,7.09,7.195,6.96,7.09,37075.0,7.09,0.0,7.195,6.96,7.09,1.0,37075.0
2016-01-27,7.01,7.195,6.87,7.08,54572.0,7.01,0.0,7.195,6.87,7.08,1.0,54572.0
2016-01-26,7.07,7.25,6.77,7.17,46128.0,7.07,0.0,7.25,6.77,7.17,1.0,46128.0
2016-01-25,7.13,7.4,6.96,7.11,68555.0,7.13,0.0,7.4,6.96,7.11,1.0,68555.0
2016-01-22,7.12,7.4489,7.02,7.2,86568.0,7.12,0.0,7.4489,7.02,7.2,1.0,86568.0
2016-01-21,7.07,7.32,6.0,6.1,134601.0,7.07,0.0,7.32,6.0,6.1,1.0,134601.0
2016-01-20,6.0,6.39,5.96,6.39,245540.0,6.0,0.0,6.39,5.96,6.39,1.0,245540.0
2016-01-19,6.43,6.693,6.28,6.61,139043.0,6.43,0.0,6.693,6.28,6.61,1.0,139043.0
2016-01-15,6.5,6.58,6.4,6.49,79635.0,6.5,0.0,6.58,6.4,6.49,1.0,79635.0
2016-01-14,6.55,6.89,6.38,6.59,147882.0,6.55,0.0,6.89,6.38,6.59,1.0,147882.0
2016-01-13,6.54,6.95,6.5,6.94,84772.0,6.54,0.0,6.95,6.5,6.94,1.0,84772.0
2016-01-12,6.88,6.925,6.6,6.79,124197.0,6.88,0.0,6.925,6.6,6.79,1.0,124197.0
2016-01-11,6.69,7.08,6.53,7.08,138949.0,6.69,0.0,7.08,6.53,7.08,1.0,138949.0
2016-01-08,7.24,7.41,7.01,7.01,95619.0,7.24,0.0,7.41,7.01,7.01,1.0,95619.0
2016-01-07,6.99,7.5,6.64,7.42,202089.0,6.99,0.0,7.5,6.64,7.42,1.0,202089.0
2016-01-06,7.7,7.79,7.48,7.48,38013.0,7.7,0.0,7.79,7.48,7.48,1.0,38013.0
2016-01-05,7.62,8.03,7.47,7.78,194075.0,7.62,0.0,8.03,7.47,7.78,1.0,194075.0
2016-01-04,7.74,8.01,7.61,8.0,173463.0,7.74,0.0,8.01,7.61,8.0,1.0,173463.0
