,adj_close,adj_high,adj_low,adj_open,adj_volume,close,ex_dividend,high,low,open,split_ratio,volume
2017-02-10,2.51,2.6,2.46,2.6,115144.0,2.51,0.0,2.6,2.46,2.6,1.0,115144.0
2017-02-09,2.57,2.6,2.42,2.42,98474.0,2.57,0.0,2.6,2.42,2.42,1.0,98474.0
2017-02-08,2.39,2.4572,2.36,2.42,118043.0,2.39,0.0,2.4572,2.36,2.42,1.0,118043.0
2017-02-07,2.4,2.68,2.3,2.68,314987.0,2.4,0.0,2.68,2.3,2.68,1.0,314987.0
2017-02-06,2.72,3.64,2.7,3.1,1016893.0,2.72,0.0,3.64,2.7,3.1,1.0,1016893.0
2017-02-03,3.1,3.19,2.28,2.28,580663.0,3.1,0.0,3.19,2.28,2.28,1.0,580663.0
2017-02-02,2.27,2.39,2.18,2.2355,62036.0,2.27,0.0,2.39,2.18,2.2355,1.0,62036.0
2017-02-01,2.23,2.31,2.02,2.31,47210.0,2.23,0.0,2.31,2.02,2.31,1.0,47210.0
2017-01-31,2.28,2.4499,2.2334,2.24,76369.0,2.28,0.0,2.4499,2.2334,2.24,1.0,76369.0
2017-01-30,2.2,2.89,2.05,2.15,145591.0,2.2,0.0,2.89,2.05,2.15,1.0,145591.0
2017-01-27,2.0478,2.13,1.91,2.0,86307.0,2.0478,0.0,2.13,1.91,2.0,1.0,86307.0
2017-01-26,2.04,2.1768,1.87,1.88,70259.0,2.04,0.0,2.1768,1.87,1.88,1.0,70259.0
2017-01-25,1.8881,1.9,1.7027,1.7027,160115.0,1.8881,0.0,1.9,1.7027,1.7027,1.0,160115.0
2017-01-24,1.71,1.73,1.6808,1.6808,29580.0,1.71,0.0,1.73,1.6808,1.6808,1.0,29580.0
2017-01-23,1.6817,1.73,1.68,1.73,17137.0,1.6817,0.0,1.73,1.68,1.73,1.0,17137.0
2017-01-20,1.7272,1.749,1.7272,1.749,3668.0,1.7272,0.0,1.749,1.7272,1.749,1.0,3668.0
2017-01-19,1.75,1.75,1.71,1.73,4227.0,1.75,0.0,1.75,1.71,1.73,1.0,4227.0
2017-01-18,1.71,1.7325,1.71,1.72,24605.0,1.71,0.0,1.7325,1.71,1.72,1.0,24605.0
2017-01-17,1.72,1.7582,1.69,1.71,84700.0,1.72,0.0,1.7582,1.69,1.71,1.0,84700.0
2017-01-13,1.71,1.73,1.66,1.66,29387.0,1.71,0.0,1.73,1.66,1.66,1.0,29387.0
2017-01-12,1.6905,1.6905,1.64,1.64,1900.0,1.6905,0.0,1.6905,1.64,1.64,1.0,1900.0
2017-01-11,1.6701,1.68,1.63,1.6699,10564.0,1.6701,0.0,1.68,1.63,1.6699,1.0,10564.0
2017-01-10,1.631,1.7,1.6301,1.6916,13474.0,1.631,0.0,1.7,1.6301,1.6916,1.0,13474.0
2017-01-09,1.68,1.7,1.64,1.64,43653.0,1.68,0.0,1.7,1.64,1.64,1.0,43653.0
2017-01-06,1.67,1.7,1.55,1.6249,29705.0,1.67,0.0,1.7,1.55,1.6249,1.0,29705.0
2017-01-05,1.63,1.6899,1.62,1.66,52508.0,1.63,0.0,1.6899,1.62,1.66,1.0,52508.0
2017-01-04,1.66,1.74,1.66,1.66,46031.0,1.66,0.0,1.74,1.66,1.66,1.0,46031.0
2017-01-03,1.68,1.7465,1.66,1.74,46037.0,1.68,0.0,1.7465,1.66,1.74,1.0,46037.0
2016-12-30,1.75,1.75,1.66,1.68,6109.0,1.75,0.0,1.75,1.66,1.68,1.0,6109.0
2016-12-29,1.65,1.7373,1.6235,1.64,10171.0,1.65,0.0,1.7373,1.6235,1.64,1.0,10171.0
2016-12-28,1.65,1.731,1.63,1.731,27144.0,1.65,0.0,1.731,1.63,1.731,1.0,27144.0
2016-12-27,1.7,1.76,1.65,1.76,18901.0,1.7,0.0,1.76,1.65,1.76,1.0,18901.0
2016-12-23,1.749,1.7764,1.6905,1.7,16914.0,1.749,0.0,1.7764,1.6905,1.7,1.0,16914.0
2016-12-22,1.69,1.6919,1.69,1.6919,4547.0,1.69,0.0,1.6919,1.69,1.6919,1.0,4547.0
2016-12-21,1.64,1.72,1.64,1.72,30137.0,1.64,0.0,1.72,1.64,1.72,1.0,30137.0
2016-12-20,1.68,1.7,1.6227,1.68,26267.0,1.68,0.0,1.7,1.6227,1.68,1.0,26267.0
2016-12-19,1.68,1.7,1.68,1.68,17166.0,1.68,0.0,1.7,1.68,1.68,1.0,17166.0
2016-12-16,1.66,1.7158,1.66,1.7147,10912.0,1.66,0.0,1.7158,1.66,1.7147,1.0,10912.0
2016-12-15,1.73,1.8,1.66,1.76,73183.0,1.73,0.0,1.8,1.66,1.76,1.0,73183.0
2016-12-14,1.79,1.8,1.68,1.79,79682.0,1.79,0.0,1.8,1.68,1.79,1.0,79682.0
2016-12-13,1.78,1.79,1.74,1.74,43915.0,1.78,0.0,1.79,1.74,1.74,1.0,43915.0
2016-12-12,1.72,1.79,1.7,1.79,63643.0,1.72,0.0,1.79,1.7,1.79,1.0,63643.0
2016-12-09,1.67,1.77,1.6,1.69,113492.0,1.67,0.0,1.77,1.6,1.69,1.0,113492.0
2016-12-08,1.63,1.71,1.6,1.68,91900.0,1.63,0.0,1.71,1.6,1.68,1.0,91900.0
2016-12-07,1.71,1.8,1.5384,1.5577,76482.0,1.71,0.0,1.8,1.5384,1.5577,1.0,76482.0
2016-12-06,1.53,1.55,1.51,1.51,11039.0,1.53,0.0,1.55,1.51,1.51,1.0,11039.0
2016-12-05,1.51,1.5567,1.455,1.455,176256.0,1.51,0.0,1.5567,1.455,1.455,1.0,176256.0
2016-12-02,1.46,1.48,1.4489,1.4489,12200.0,1.46,0.0,1.48,1.4489,1.4489,1.0,12200.0
2016-12-01,1.45,1.48,1.4499,1.46,14762.0,1.45,0.0,1.48,1.4499,1.46,1.0,14762.0
2016-11-30,1.49,1.5,1.44,1.451,274011.0,1.49,0.0,1.5,1.44,1.451,1.0,274011.0
2016-11-29,1.45,1.45,1.4157,1.4157,14101.0,1.45,0.0,1.45,1.4157,1.4157,1.0,14101.0
2016-11-28,1.43,1.45,1.41,1.44,9188.0,1.43,0.0,1.45,1.41,1.44,1.0,9188.0
2016-11-25,1.45,1.45,1.44,1.45,600.0,1.45,0.0,1.45,1.44,1.45,1.0,600.0
2016-11-23,1.45,1.4788,1.43,1.4664,143014.0,1.45,0.0,1.4788,1.43,1.4664,1.0,143014.0
2016-11-22,1.5,1.5,1.4919,1.4919,14200.0,1.5,0.0,1.5,1.4919,1.4919,1.0,14200.0
2016-11-21,1.46,1.46,1.44,1.45,55039.0,1.46,0.0,1.46,1.44,1.45,1.0,55039.0
2016-11-18,1.49,1.49,1.4408,1.45,53112.0,1.49,0.0,1.49,1.4408,1.45,1.0,53112.0
2016-11-17,1.45,1.49,1.4395,1.4477,40400.0,1.45,0.0,1.49,1.4395,1.4477,1.0,40400.0
2016-11-16,1.45,1.45,1.4315,1.45,958.0,1.45,0.0,1.45,1.4315,1.45,1.0,958.0
2016-11-15,1.38,1.42,1.3,1.3,11909.0,1.38,0.0,1.42,1.3,1.3,1.0,11909.0
2016-11-14,1.45,1.5,1.44,1.49,247484.0,1.45,0.0,1.5,1.44,1.49,1.0,247484.0
2016-11-11,1.5,1.5,1.4699,1.47,19431.0,1.5,0.0,1.5,1.4699,1.47,1.0,19431.0
2016-11-10,1.45,1.47,1.4499,1.47,13825.0,1.45,0.0,1.47,1.4499,1.47,1.0,13825.0
2016-11-09,1.45,1.45,1.42,1.45,40785.0,1.45,0.0,1.45,1.42,1.45,1.0,40785.0
2016-11-08,1.44,1.46,1.44,1.46,289.0,1.44,0.0,1.46,1.44,1.46,1.0,289.0
2016-11-07,1.49,1.49,1.4301,1.436,11446.0,1.49,0.0,1.49,1.4301,1.436,1.0,11446.0
2016-11-04,1.44,1.49,1.44,1.49,896.0,1.44,0.0,1.49,1.44,1.49,1.0,896.0
2016-11-03,1.43,1.48,1.42,1.42,2154.0,1.43,0.0,1.48,1.42,1.42,1.0,2154.0
2016-11-02,1.41,1.4899,1.41,1.4899,7162.0,1.41,0.0,1.4899,1.41,1.4899,1.0,7162.0
2016-11-01,1.48,1.5,1.48,1.5,6182.0,1.48,0.0,1.5,1.48,1.5,1.0,6182.0
2016-10-31,1.4899,1.4899,1.4899,1.4899,50.0,1.4899,0.0,1.4899,1.4899,1.4899,1.0,50.0
2016-10-28,1.4899,1.5,1.4624,1.495,3210.0,1.4899,0.0,1.5,1.4624,1.495,1.0,3210.0
2016-10-27,1.43,1.43,1.43,1.43,0.0,1.43,0.0,1.43,1.43,1.43,1.0,0.0
2016-10-26,1.43,1.43,1.43,1.43,10.0,1.43,0.0,1.43,1.43,1.43,1.0,10.0
2016-10-25,1.43,1.43,1.43,1.43,369.0,1.43,0.0,1.43,1.43,1.43,1.0,369.0
2016-10-24,1.4222,1.4222,1.415,1.415,3503.0,1.4222,0.0,1.4222,1.415,1.415,1.0,3503.0
2016-10-21,1.4262,1.4262,1.4262,1.4262,1500.0,1.4262,0.0,1.4262,1.4262,1.4262,1.0,1500.0
2016-10-20,1.44,1.44,1.44,1.44,96.0,1.44,0.0,1.44,1.44,1.44,1.0,96.0
2016-10-19,1.44,1.45,1.4257,1.45,7907.0,1.44,0.0,1.45,1.4257,1.45,1.0,7907.0
2016-10-18,1.49,1.49,1.4869,1.4869,2803.0,1.49,0.0,1.49,1.4869,1.4869,1.0,2803.0
2016-10-17,1.4715,1.5,1.47,1.5,7233.0,1.4715,0.0,1.5,1.47,1.5,1.0,7233.0
2016-10-14,1.5,1.5,1.5,1.5,177.0,1.5,0.0,1.5,1.5,1.5,1.0,177.0
2016-10-13,1.46,1.5,1.4501,1.4505,31448.0,1.46,0.0,1.5,1.4501,1.4505,1.0,31448.0
2016-10-12,1.49,1.49,1.37,1.43,13267.0,1.49,0.0,1.49,1.37,1.43,1.0,13267.0
2016-10-11,1.45,1.49,1.45,1.49,3128.0,1.45,0.0,1.49,1.45,1.49,1.0,3128.0
2016-10-10,1.47,1.5,1.4526,1.5,777.0,1.47,0.0,1.5,1.4526,1.5,1.0,777.0
2016-10-07,1.47,1.47,1.45,1.45,4098.0,1.47,0.0,1.47,1.45,1.45,1.0,4098.0
2016-10-06,1.38,1.38,1.38,1.38,86.0,1.38,0.0,1.38,1.38,1.38,1.0,86.0
2016-10-05,1.38,1.38,1.38,1.38,235.0,1.38,0.0,1.38,1.38,1.38,1.0,235.0
2016-10-04,1.42,1.42,1.4,1.4,4997.0,1.42,0.0,1.42,1.4,1.4,1.0,4997.0
2016-10-03,1.44,1.46,1.38,1.38,15734.0,1.44,0.0,1.46,1.38,1.38,1.0,15734.0
2016-09-30,1.41,1.42,1.3801,1.3801,10392.0,1.41,0.0,1.42,1.3801,1.3801,1.0,10392.0
2016-09-29,1.4,1.4,1.3578,1.4,1200.0,1.4,0.0,1.4,1.3578,1.4,1.0,1200.0
2016-09-28,1.35,1.4,1.35,1.39,1424.0,1.35,0.0,1.4,1.35,1.39,1.0,1424.0
2016-09-27,1.4,1.4,1.4,1.4,100.0,1.4,0.0,1.4,1.4,1.4,1.0,100.0
2016-09-26,1.39,1.4,1.3585,1.4,2694.0,1.39,0.0,1.4,1.3585,1.4,1.0,2694.0
2016-09-23,1.4,1.4,1.38,1.38,9461.0,1.4,0.0,1.4,1.38,1.38,1.0,9461.0
2016-09-22,1.38,1.4,1.38,1.38,13949.0,1.38,0.0,1.4,1.38,1.38,1.0,13949.0
2016-09-21,1.4,1.4,1.361,1.383,17483.0,1.4,0.0,1.4,1.361,1.383,1.0,17483.0
2016-09-20,1.3986,1.3986,1.3986,1.3986,90.0,1.3986,0.0,1.3986,1.3986,1.3986,1.0,90.0
2016-09-19,1.3986,1.4,1.381,1.381,5680.0,1.3986,0.0,1.4,1.381,1.381,1.0,5680.0
2016-09-16,1.4,1.4,1.33,1.33,4968.0,1.4,0.0,1.4,1.33,1.33,1.0,4968.0
2016-09-15,1.38,1.4,1.38,1.38,500.0,1.38,0.0,1.4,1.38,1.38,1.0,500.0
2016-09-14,1.37,1.37,1.37,1.37,557.0,1.37,0.0,1.37,1.37,1.37,1.0,557.0
2016-09-13,1.36,1.4,1.35,1.38,34909.0,1.36,0.0,1.4,1.35,1.38,1.0,34909.0
2016-09-12,1.38,1.4,1.37,1.4,5452.0,1.38,0.0,1.4,1.37,1.4,1.0,5452.0
2016-09-09,1.39,1.395,1.37,1.38,48369.0,1.39,0.0,1.395,1.37,1.38,1.0,48369.0
2016-09-08,1.38,1.39,1.35,1.38,6008.0,1.38,0.0,1.39,1.35,1.38,1.0,6008.0
2016-09-07,1.34,1.39,1.34,1.36,12881.0,1.34,0.0,1.39,1.34,1.36,1.0,12881.0
2016-09-06,1.32,1.4,1.32,1.36,16797.0,1.32,0.0,1.4,1.32,1.36,1.0,16797.0
2016-09-02,1.38,1.4,1.38,1.4,648.0,1.38,0.0,1.4,1.38,1.4,1.0,648.0
2016-09-01,1.38,1.4,1.37,1.39,158014.0,1.38,0.0,1.4,1.37,1.39,1.0,158014.0
2016-08-31,1.3897,1.39,1.37,1.3801,23301.0,1.3897,0.0,1.39,1.37,1.3801,1.0,23301.0
2016-08-30,1.3897,1.39,1.37,1.381,33633.0,1.3897,0.0,1.39,1.37,1.381,1.0,33633.0
2016-08-29,1.36,1.38,1.36,1.36,28238.0,1.36,0.0,1.38,1.36,1.36,1.0,28238.0
2016-08-26,1.34,1.34,1.34,1.34,0.0,1.34,0.0,1.34,1.34,1.34,1.0,0.0
2016-08-25,1.34,1.34,1.34,1.34,6.0,1.34,0.0,1.34,1.34,1.34,1.0,6.0
2016-08-24,1.34,1.34,1.34,1.34,0.0,1.34,0.0,1.34,1.34,1.34,1.0,0.0
2016-08-23,1.34,1.34,1.33,1.33,3000.0,1.34,0.0,1.34,1.33,1.33,1.0,3000.0
2016-08-22,1.36,1.36,1.36,1.36,661.0,1.36,0.0,1.36,1.36,1.36,1.0,661.0
2016-08-19,1.37,1.37,1.32,1.3301,5101.0,1.37,0.0,1.37,1.32,1.3301,1.0,5101.0
2016-08-18,1.33,1.33,1.33,1.33,154.0,1.33,0.0,1.33,1.33,1.33,1.0,154.0
2016-08-17,1.33,1.3301,1.32,1.32,1719.0,1.33,0.0,1.3301,1.32,1.32,1.0,1719.0
2016-08-16,1.36,1.36,1.36,1.36,0.0,1.36,0.0,1.36,1.36,1.36,1.0,0.0
2016-08-15,1.36,1.36,1.36,1.36,270.0,1.36,0.0,1.36,1.36,1.36,1.0,270.0
2016-08-12,1.3599,1.3599,1.3599,1.3599,1000.0,1.3599,0.0,1.3599,1.3599,1.3599,1.0,1000.0
2016-08-11,1.31,1.37,1.31,1.36,31135.0,1.31,0.0,1.37,1.31,1.36,1.0,31135.0
2016-08-10,1.37,1.37,1.37,1.37,192.0,1.37,0.0,1.37,1.37,1.37,1.0,192.0
2016-08-09,1.37,1.37,1.36,1.36,634.0,1.37,0.0,1.37,1.36,1.36,1.0,634.0
2016-08-08,1.38,1.38,1.35,1.35,5300.0,1.38,0.0,1.38,1.35,1.35,1.0,5300.0
2016-08-05,1.355,1.355,1.355,1.355,0.0,1.355,0.0,1.355,1.355,1.355,1.0,0.0
2016-08-04,1.355,1.369,1.355,1.369,3010.0,1.355,0.0,1.369,1.355,1.369,1.0,3010.0
2016-08-03,1.34,1.37,1.32,1.3201,26566.0,1.34,0.0,1.37,1.32,1.3201,1.0,26566.0
2016-08-02,1.3232,1.35,1.32,1.35,12000.0,1.3232,0.0,1.35,1.32,1.35,1.0,12000.0
2016-08-01,1.33,1.3599,1.33,1.33,6527.0,1.33,0.0,1.3599,1.33,1.33,1.0,6527.0
2016-07-29,1.33,1.3599,1.33,1.35,19721.0,1.33,0.0,1.3599,1.33,1.35,1.0,19721.0
2016-07-28,1.355,1.36,1.35,1.35,6649.0,1.355,0.0,1.36,1.35,1.35,1.0,6649.0
2016-07-27,1.35,1.3613,1.34,1.3514,10377.0,1.35,0.0,1.3613,1.34,1.3514,1.0,10377.0
2016-07-26,1.3699,1.42,1.35,1.39,50469.0,1.3699,0.0,1.42,1.35,1.39,1.0,50469.0
2016-07-25,1.36,1.39,1.31,1.39,10235.0,1.36,0.0,1.39,1.31,1.39,1.0,10235.0
2016-07-22,1.36,1.39,1.3401,1.3856,3408.0,1.36,0.0,1.39,1.3401,1.3856,1.0,3408.0
2016-07-21,1.38,1.3993,1.33,1.35,31496.0,1.38,0.0,1.3993,1.33,1.35,1.0,31496.0
2016-07-20,1.3794,1.68,1.34,1.36,412600.0,1.3794,0.0,1.68,1.34,1.36,1.0,412600.0
2016-07-19,1.35,1.35,1.35,1.35,81.0,1.35,0.0,1.35,1.35,1.35,1.0,81.0
2016-07-18,1.35,1.35,1.35,1.35,60.0,1.35,0.0,1.35,1.35,1.35,1.0,60.0
2016-07-15,1.35,1.36,1.3444,1.36,7504.0,1.35,0.0,1.36,1.3444,1.36,1.0,7504.0
2016-07-14,1.3386,1.36,1.3386,1.36,7415.0,1.3386,0.0,1.36,1.3386,1.36,1.0,7415.0
2016-07-13,1.35,1.35,1.35,1.35,150.0,1.35,0.0,1.35,1.35,1.35,1.0,150.0
2016-07-12,1.342,1.342,1.3303,1.3348,5844.0,1.342,0.0,1.342,1.3303,1.3348,1.0,5844.0
2016-07-11,1.3371,1.3371,1.3371,1.3371,1031.0,1.3371,0.0,1.3371,1.3371,1.3371,1.0,1031.0
2016-07-08,1.36,1.36,1.3486,1.3486,7000.0,1.36,0.0,1.36,1.3486,1.3486,1.0,7000.0
2016-07-07,1.35,1.35,1.325,1.325,2100.0,1.35,0.0,1.35,1.325,1.325,1.0,2100.0
2016-07-06,1.34,1.3599,1.34,1.3599,795.0,1.34,0.0,1.3599,1.34,1.3599,1.0,795.0
2016-07-05,1.35,1.36,1.35,1.36,14795.0,1.35,0.0,1.36,1.35,1.36,1.0,14795.0
2016-07-01,1.36,1.3699,1.36,1.36,1246.0,1.36,0.0,1.3699,1.36,1.36,1.0,1246.0
2016-06-30,1.36,1.39,1.34,1.3447,4703.0,1.36,0.0,1.39,1.34,1.3447,1.0,4703.0
2016-06-29,1.33,1.33,1.31,1.31,765.0,1.33,0.0,1.33,1.31,1.31,1.0,765.0
2016-06-28,1.29,1.33,1.27,1.33,626.0,1.29,0.0,1.33,1.27,1.33,1.0,626.0
2016-06-27,1.28,1.3295,1.27,1.27,3071.0,1.28,0.0,1.3295,1.27,1.27,1.0,3071.0
2016-06-24,1.29,1.3494,1.29,1.3101,21286.0,1.29,0.0,1.3494,1.29,1.3101,1.0,21286.0
2016-06-23,1.36,1.36,1.34,1.345,1693.0,1.36,0.0,1.36,1.34,1.345,1.0,1693.0
2016-06-22,1.35,1.35,1.35,1.35,2900.0,1.35,0.0,1.35,1.35,1.35,1.0,2900.0
2016-06-21,1.35,1.35,1.35,1.35,4432.0,1.35,0.0,1.35,1.35,1.35,1.0,4432.0
2016-06-20,1.36,1.39,1.36,1.37,12056.0,1.36,0.0,1.39,1.36,1.37,1.0,12056.0
2016-06-17,1.39,1.39,1.33,1.39,12776.0,1.39,0.0,1.39,1.33,1.39,1.0,12776.0
2016-06-16,1.37,1.375,1.3681,1.37,8151.0,1.37,0.0,1.375,1.3681,1.37,1.0,8151.0
2016-06-15,1.37,1.4,1.36,1.38,14752.0,1.37,0.0,1.4,1.36,1.38,1.0,14752.0
2016-06-14,1.37,1.39,1.33,1.33,23376.0,1.37,0.0,1.39,1.33,1.33,1.0,23376.0
2016-06-13,1.35,1.4,1.32,1.4,5688.0,1.35,0.0,1.4,1.32,1.4,1.0,5688.0
2016-06-10,1.37,1.37,1.34,1.35,15307.0,1.37,0.0,1.37,1.34,1.35,1.0,15307.0
2016-06-09,1.37,1.37,1.335,1.335,15646.0,1.37,0.0,1.37,1.335,1.335,1.0,15646.0
2016-06-08,1.347,1.35,1.33,1.33,15391.0,1.347,0.0,1.35,1.33,1.33,1.0,15391.0
2016-06-07,1.35,1.36,1.345,1.36,12962.0,1.35,0.0,1.36,1.345,1.36,1.0,12962.0
2016-06-06,1.35,1.3616,1.31,1.31,2117.0,1.35,0.0,1.3616,1.31,1.31,1.0,2117.0
2016-06-03,1.3,1.387,1.3,1.33,32102.0,1.3,0.0,1.387,1.3,1.33,1.0,32102.0
2016-06-02,1.33,1.4,1.33,1.4,21929.0,1.33,0.0,1.4,1.33,1.4,1.0,21929.0
2016-06-01,1.38,1.4,1.32,1.3814,17387.0,1.38,0.0,1.4,1.32,1.3814,1.0,17387.0
2016-05-31,1.4,1.4,1.3899,1.39,15262.0,1.4,0.0,1.4,1.3899,1.39,1.0,15262.0
2016-05-27,1.4,1.4,1.3789,1.38,7838.0,1.4,0.0,1.4,1.3789,1.38,1.0,7838.0
2016-05-26,1.38,1.4,1.38,1.4,2441.0,1.38,0.0,1.4,1.38,1.4,1.0,2441.0
2016-05-25,1.38,1.4,1.38,1.4,20481.0,1.38,0.0,1.4,1.38,1.4,1.0,20481.0
2016-05-24,1.36,1.4,1.36,1.38,16812.0,1.36,0.0,1.4,1.36,1.38,1.0,16812.0
2016-05-23,1.36,1.36,1.3475,1.3475,282.0,1.36,0.0,1.36,1.3475,1.3475,1.0,282.0
2016-05-20,1.35,1.4,1.35,1.35,4337.0,1.35,0.0,1.4,1.35,1.35,1.0,4337.0
2016-05-19,1.35,1.39,1.35,1.35,6022.0,1.35,0.0,1.39,1.35,1.35,1.0,6022.0
2016-05-18,1.37,1.4,1.34,1.34,19190.0,1.37,0.0,1.4,1.34,1.34,1.0,19190.0
2016-05-17,1.35,1.4,1.35,1.4,16471.0,1.35,0.0,1.4,1.35,1.4,1.0,16471.0
2016-05-16,1.4,1.4,1.3685,1.37,4485.0,1.4,0.0,1.4,1.3685,1.37,1.0,4485.0
2016-05-13,1.38,1.38,1.3799,1.3799,6009.0,1.38,0.0,1.38,1.3799,1.3799,1.0,6009.0
2016-05-12,1.37,1.4,1.37,1.3985,7934.0,1.37,0.0,1.4,1.37,1.3985,1.0,7934.0
2016-05-11,1.4,1.4,1.396,1.396,8116.0,1.4,0.0,1.4,1.396,1.396,1.0,8116.0
2016-05-10,1.39,1.4,1.3401,1.3401,37500.0,1.39,0.0,1.4,1.3401,1.3401,1.0,37500.0
2016-05-09,1.33,1.33,1.33,1.33,119.0,1.33,0.0,1.33,1.33,1.33,1.0,119.0
2016-05-06,1.365,1.365,1.365,1.365,41.0,1.365,0.0,1.365,1.365,1.365,1.0,41.0
2016-05-05,1.365,1.38,1.365,1.38,5402.0,1.365,0.0,1.38,1.365,1.38,1.0,5402.0
2016-05-04,1.38,1.38,1.38,1.38,1.0,1.38,0.0,1.38,1.38,1.38,1.0,1.0
2016-05-03,1.38,1.38,1.38,1.38,51.0,1.38,0.0,1.38,1.38,1.38,1.0,51.0
2016-05-02,1.38,1.38,1.36,1.36,328.0,1.38,0.0,1.38,1.36,1.36,1.0,328.0
2016-04-29,1.39,1.39,1.37,1.3715,17200.0,1.39,0.0,1.39,1.37,1.3715,1.0,17200.0
2016-04-28,1.37,1.39,1.37,1.3701,12510.0,1.37,0.0,1.39,1.37,1.3701,1.0,12510.0
2016-04-27,1.37,1.372,1.37,1.37,10720.0,1.37,0.0,1.372,1.37,1.37,1.0,10720.0
2016-04-26,1.35,1.35,1.35,1.35,3974.0,1.35,0.0,1.35,1.35,1.35,1.0,3974.0
2016-04-25,1.37,1.3899,1.35,1.3899,2642.0,1.37,0.0,1.3899,1.35,1.3899,1.0,2642.0
2016-04-21,1.3707,1.3707,1.3707,1.3707,889.0,1.3707,0.0,1.3707,1.3707,1.3707,1.0,889.0
2016-04-20,1.36,1.36,1.346,1.346,404.0,1.36,0.0,1.36,1.346,1.346,1.0,404.0
2016-04-19,1.37,1.37,1.3201,1.3201,1633.0,1.37,0.0,1.37,1.3201,1.3201,1.0,1633.0
2016-04-18,1.31,1.4,1.31,1.35,3290.0,1.31,0.0,1.4,1.31,1.35,1.0,3290.0
2016-04-15,1.35,1.4,1.35,1.3772,4020.0,1.35,0.0,1.4,1.35,1.3772,1.0,4020.0
2016-04-14,1.39,1.39,1.38,1.39,2009.0,1.39,0.0,1.39,1.38,1.39,1.0,2009.0
2016-04-13,1.33,1.35,1.3298,1.3298,6873.0,1.33,0.0,1.35,1.3298,1.3298,1.0,6873.0
2016-04-12,1.39,1.39,1.245,1.29,11069.0,1.39,0.0,1.39,1.245,1.29,1.0,11069.0
2016-04-11,1.32,1.39,1.29,1.39,3634.0,1.32,0.0,1.39,1.29,1.39,1.0,3634.0
2016-04-08,1.3,1.3,1.3,1.3,2.0,1.3,0.0,1.3,1.3,1.3,1.0,2.0
2016-04-07,1.3,1.3001,1.3,1.3001,3306.0,1.3,0.0,1.3001,1.3,1.3001,1.0,3306.0
2016-04-06,1.3,1.39,1.28,1.33,6462.0,1.3,0.0,1.39,1.28,1.33,1.0,6462.0
2016-04-05,1.4,1.4,1.31,1.31,57070.0,1.4,0.0,1.4,1.31,1.31,1.0,57070.0
2016-04-04,1.29,1.36,1.29,1.29,2006.0,1.29,0.0,1.36,1.29,1.29,1.0,2006.0
2016-04-01,1.29,1.4,1.29,1.39,2021.0,1.29,0.0,1.4,1.29,1.39,1.0,2021.0
2016-03-31,1.35,1.39,1.31,1.3467,2763.0,1.35,0.0,1.39,1.31,1.3467,1.0,2763.0
2016-03-30,1.33,1.33,1.33,1.33,1.0,1.33,0.0,1.33,1.33,1.33,1.0,1.0
2016-03-29,1.33,1.4,1.32,1.32,15251.0,1.33,0.0,1.4,1.32,1.32,1.0,15251.0
2016-03-28,1.31,1.43,1.31,1.32,6235.0,1.31,0.0,1.43,1.31,1.32,1.0,6235.0
2016-03-24,1.34,1.35,1.32,1.321,1432.0,1.34,0.0,1.35,1.32,1.321,1.0,1432.0
2016-03-23,1.22,1.36,1.22,1.25,22093.0,1.22,0.0,1.36,1.22,1.25,1.0,22093.0
2016-03-22,1.36,1.36,1.24,1.24,14913.0,1.36,0.0,1.36,1.24,1.24,1.0,14913.0
2016-03-21,1.36,1.44,1.2801,1.44,16805.0,1.36,0.0,1.44,1.2801,1.44,1.0,16805.0
2016-03-18,1.45,1.45,1.15,1.16,77751.0,1.45,0.0,1.45,1.15,1.16,1.0,77751.0
2016-03-17,1.2,1.29,1.2,1.23,23735.0,1.2,0.0,1.29,1.2,1.23,1.0,23735.0
2016-03-16,1.2999,1.31,1.11,1.11,29768.0,1.2999,0.0,1.31,1.11,1.11,1.0,29768.0
2016-03-15,1.11,1.15,1.11,1.12,18277.0,1.11,0.0,1.15,1.11,1.12,1.0,18277.0
2016-03-14,1.15,1.27,1.1,1.16,56301.0,1.15,0.0,1.27,1.1,1.16,1.0,56301.0
2016-03-11,1.15,1.26,1.15,1.16,19658.0,1.15,0.0,1.26,1.15,1.16,1.0,19658.0
2016-03-10,1.15,1.28,1.15,1.17,16550.0,1.15,0.0,1.28,1.15,1.17,1.0,16550.0
2016-03-09,1.15,1.26,1.15,1.17,9810.0,1.15,0.0,1.26,1.15,1.17,1.0,9810.0
2016-03-08,1.17,1.27,1.15,1.22,21575.0,1.17,0.0,1.27,1.15,1.22,1.0,21575.0
2016-03-07,1.22,1.32,1.22,1.22,12033.0,1.22,0.0,1.32,1.22,1.22,1.0,12033.0
2016-03-04,1.22,1.37,1.2,1.352,29740.0,1.22,0.0,1.37,1.2,1.352,1.0,29740.0
2016-03-03,1.27,1.37,1.27,1.37,2850.0,1.27,0.0,1.37,1.27,1.37,1.0,2850.0
2016-03-02,1.35,1.35,1.35,1.35,405.0,1.35,0.0,1.35,1.35,1.35,1.0,405.0
2016-03-01,1.3,1.3246,1.3,1.31,1906.0,1.3,0.0,1.3246,1.3,1.31,1.0,1906.0
2016-02-29,1.35,1.35,1.35,1.35,0.0,1.35,0.0,1.35,1.35,1.35,1.0,0.0
2016-02-26,1.35,1.36,1.28,1.3042,2965.0,1.35,0.0,1.36,1.28,1.3042,1.0,2965.0
2016-02-25,1.3,1.35,1.2601,1.27,2865.0,1.3,0.0,1.35,1.2601,1.27,1.0,2865.0
2016-02-24,1.3445,1.3445,1.26,1.265,1218.0,1.3445,0.0,1.3445,1.26,1.265,1.0,1218.0
2016-02-23,1.42,1.42,1.42,1.42,201.0,1.42,0.0,1.42,1.42,1.42,1.0,201.0
2016-02-22,1.3458,1.42,1.3458,1.42,1270.0,1.3458,0.0,1.42,1.3458,1.42,1.0,1270.0
2016-02-19,1.33,1.42,1.3214,1.42,1744.0,1.33,0.0,1.42,1.3214,1.42,1.0,1744.0
2016-02-18,1.35,1.35,1.35,1.35,4.0,1.35,0.0,1.35,1.35,1.35,1.0,4.0
2016-02-17,1.35,1.35,1.35,1.35,72.0,1.35,0.0,1.35,1.35,1.35,1.0,72.0
2016-02-16,1.35,1.35,1.35,1.35,9.0,1.35,0.0,1.35,1.35,1.35,1.0,9.0
2016-02-12,1.35,1.35,1.29,1.3,4943.0,1.35,0.0,1.35,1.29,1.3,1.0,4943.0
2016-02-11,1.35,1.35,1.31,1.33,1080.0,1.35,0.0,1.35,1.31,1.33,1.0,1080.0
2016-02-10,1.35,1.35,1.35,1.35,63.0,1.35,0.0,1.35,1.35,1.35,1.0,63.0
2016-02-09,1.35,1.35,1.35,1.35,70.0,1.35,0.0,1.35,1.35,1.35,1.0,70.0
2016-02-08,1.35,1.35,1.35,1.35,63.0,1.35,0.0,1.35,1.35,1.35,1.0,63.0
2016-02-05,1.35,1.35,1.35,1.35,189.0,1.35,0.0,1.35,1.35,1.35,1.0,189.0
2016-02-04,1.35,1.36,1.35,1.36,449.0,1.35,0.0,1.36,1.35,1.36,1.0,449.0
2016-02-03,1.28,1.28,1.25,1.25,272.0,1.28,0.0,1.28,1.25,1.25,1.0,272.0
2016-02-02,1.25,1.27,1.25,1.27,228.0,1.25,0.0,1.27,1.25,1.27,1.0,228.0
2016-02-01,1.4,1.42,1.39,1.39,35503.0,1.4,0.0,1.42,1.39,1.39,1.0,35503.0
2016-01-29,1.37,1.4,1.37,1.38,1234.0,1.37,0.0,1.4,1.37,1.38,1.0,1234.0
2016-01-28,1.36,1.36,1.31,1.32,578.0,1.36,0.0,1.36,1.31,1.32,1.0,578.0
2016-01-27,1.26,1.26,1.26,1.26,86.0,1.26,0.0,1.26,1.26,1.26,1.0,86.0
2016-01-26,1.26,1.33,1.26,1.2601,682.0,1.26,0.0,1.33,1.26,1.2601,1.0,682.0
2016-01-25,1.35,1.36,1.225,1.33,34578.0,1.35,0.0,1.36,1.225,1.33,1.0,34578.0
2016-01-22,1.32,1.32,1.28,1.29,77777.0,1.32,0.0,1.32,1.28,1.29,1.0,77777.0
2016-01-21,1.29,1.305,1.22,1.22,13460.0,1.29,0.0,1.305,1.22,1.22,1.0,13460.0
2016-01-20,1.12,1.12,1.12,1.12,1009.0,1.12,0.0,1.12,1.12,1.12,1.0,1009.0
2016-01-19,1.135,1.29,1.13,1.18,22732.0,1.135,0.0,1.29,1.13,1.18,1.0,22732.0
2016-01-15,1.24,1.35,1.24,1.35,7756.0,1.24,0.0,1.35,1.24,1.35,1.0,7756.0
2016-01-14,1.35,1.35,1.35,1.35,118.0,1.35,0.0,1.35,1.35,1.35,1.0,118.0
2016-01-13,1.33,1.33,1.33,1.33,11.0,1.33,0.0,1.33,1.33,1.33,1.0,11.0
2016-01-12,1.33,1.34,1.3001,1.33,4614.0,1.33,0.0,1.34,1.3001,1.33,1.0,4614.0
2016-01-11,1.31,1.34,1.28,1.34,13942.0,1.31,0.0,1.34,1.28,1.34,1.0,13942.0
2016-01-08,1.32,1.32,1.32,1.32,7.0,1.32,0.0,1.32,1.32,1.32,1.0,7.0
2016-01-07,1.32,1.34,1.3,1.3,6654.0,1.32,0.0,1.34,1.3,1.3,1.0,6654.0
2016-01-06,1.32,1.32,1.28,1.32,516.0,1.32,0.0,1.32,1.28,1.32,1.0,516.0
2016-01-05,1.32,1.344,1.3081,1.344,2804.0,1.32,0.0,1.344,1.3081,1.344,1.0,2804.0
2016-01-04,1.31,1.35,1.31,1.31,568.0,1.31,0.0,1.35,1.31,1.31,1.0,568.0
