,adj_close,adj_high,adj_low,adj_open,adj_volume,close,ex_dividend,high,low,open,split_ratio,volume
2017-02-10,7.2,7.4,7.1,7.3,6007.0,7.2,0.0,7.4,7.1,7.3,1.0,6007.0
2017-02-09,7.25,7.45,6.95,7.1,13797.0,7.25,0.0,7.45,6.95,7.1,1.0,13797.0
2017-02-08,7.15,7.2,7.0,7.1,5249.0,7.15,0.0,7.2,7.0,7.1,1.0,5249.0
2017-02-07,7.3,7.3,7.0,7.05,3221.0,7.3,0.0,7.3,7.0,7.05,1.0,3221.0
2017-02-06,7.15,7.15,6.95,6.95,827.0,7.15,0.0,7.15,6.95,6.95,1.0,827.0
2017-02-03,7.0,7.225,7.0,7.0,7178.0,7.0,0.0,7.225,7.0,7.0,1.0,7178.0
2017-02-02,7.2,7.2,7.2,7.2,142.0,7.2,0.0,7.2,7.2,7.2,1.0,142.0
2017-02-01,7.2,7.2,7.2,7.2,424.0,7.2,0.0,7.2,7.2,7.2,1.0,424.0
2017-01-31,7.55,7.6,7.05,7.05,4039.0,7.55,0.0,7.6,7.05,7.05,1.0,4039.0
2017-01-30,7.0,7.0,7.0,7.0,416.0,7.0,0.0,7.0,7.0,7.0,1.0,416.0
2017-01-27,6.95,6.95,6.95,6.95,142.0,6.95,0.0,6.95,6.95,6.95,1.0,142.0
2017-01-26,6.95,6.95,6.75,6.85,1806.0,6.95,0.0,6.95,6.75,6.85,1.0,1806.0
2017-01-25,6.9,6.955,6.85,6.95,4992.0,6.9,0.0,6.955,6.85,6.95,1.0,4992.0
2017-01-24,7.0,7.85,6.95,7.85,304.0,7.0,0.0,7.85,6.95,7.85,1.0,304.0
2017-01-23,7.15,7.175,6.65,6.95,37907.0,7.15,0.0,7.175,6.65,6.95,1.0,37907.0
2017-01-20,7.05,7.27,7.05,7.05,1956.0,7.05,0.0,7.27,7.05,7.05,1.0,1956.0
2017-01-18,6.95,7.35,6.95,7.1,2475.0,6.95,0.0,7.35,6.95,7.1,1.0,2475.0
2017-01-17,7.2,7.2,6.905,6.95,3477.0,7.2,0.0,7.2,6.905,6.95,1.0,3477.0
2017-01-13,7.0,7.0,7.0,7.0,22.0,7.0,0.0,7.0,7.0,7.0,1.0,22.0
2017-01-12,7.0,7.0205,6.955,6.955,608.0,7.0,0.0,7.0205,6.955,6.955,1.0,608.0
2017-01-11,7.0,7.15,6.9,6.99,2779.0,7.0,0.0,7.15,6.9,6.99,1.0,2779.0
2017-01-10,7.0,7.2,6.85,6.9,5822.0,7.0,0.0,7.2,6.85,6.9,1.0,5822.0
2017-01-09,7.15,7.3,7.15,7.15,614.0,7.15,0.0,7.3,7.15,7.15,1.0,614.0
2017-01-06,7.1,7.15,7.0,7.05,90375.0,7.1,0.0,7.15,7.0,7.05,1.0,90375.0
2017-01-05,7.05,7.1708,7.0,7.1708,155542.0,7.05,0.0,7.1708,7.0,7.1708,1.0,155542.0
2017-01-04,7.45,7.7,7.305,7.7,2496.0,7.45,0.0,7.7,7.305,7.7,1.0,2496.0
2017-01-03,7.75,8.15,7.75,8.116,2558.0,7.75,0.0,8.15,7.75,8.116,1.0,2558.0
2016-12-30,8.15,8.15,7.255,7.3,10298.0,8.15,0.0,8.15,7.255,7.3,1.0,10298.0
2016-12-29,7.4,7.4,6.75,7.25,22514.0,7.4,0.0,7.4,6.75,7.25,1.0,22514.0
2016-12-28,7.325,7.55,7.175,7.4,14700.0,7.325,0.0,7.55,7.175,7.4,1.0,14700.0
2016-12-27,7.35,7.35,6.905,7.0,3922.0,7.35,0.0,7.35,6.905,7.0,1.0,3922.0
2016-12-23,6.905,7.1,6.85,6.9,17378.0,6.905,0.0,7.1,6.85,6.9,1.0,17378.0
2016-12-22,7.1,7.3,7.1,7.3,1666.0,7.1,0.0,7.3,7.1,7.3,1.0,1666.0
2016-12-21,7.2,7.2,7.0,7.105,31134.0,7.2,0.0,7.2,7.0,7.105,1.0,31134.0
2016-12-20,7.325,7.325,7.15,7.155,2444.0,7.325,0.0,7.325,7.15,7.155,1.0,2444.0
2016-12-19,7.2,7.2,7.1,7.1,1630.0,7.2,0.0,7.2,7.1,7.1,1.0,1630.0
2016-12-16,7.1,7.1,6.65,6.65,5419.0,7.1,0.0,7.1,6.65,6.65,1.0,5419.0
2016-12-15,6.65,7.1,6.65,7.05,12174.0,6.65,0.0,7.1,6.65,7.05,1.0,12174.0
2016-12-14,7.15,7.15,6.7,6.85,5017.0,7.15,0.0,7.15,6.7,6.85,1.0,5017.0
2016-12-13,6.85,7.1,6.75,7.1,4598.0,6.85,0.0,7.1,6.75,7.1,1.0,4598.0
2016-12-12,7.05,7.1,6.75,7.0795,12647.0,7.05,0.0,7.1,6.75,7.0795,1.0,12647.0
2016-12-09,7.15,7.35,6.875,7.35,12857.0,7.15,0.0,7.35,6.875,7.35,1.0,12857.0
2016-12-08,7.35,7.85,7.35,7.5,12462.0,7.35,0.0,7.85,7.35,7.5,1.0,12462.0
2016-12-07,7.45,7.45,7.35,7.35,8062.0,7.45,0.0,7.45,7.35,7.35,1.0,8062.0
2016-12-06,7.35,7.75,7.2,7.4,33397.0,7.35,0.0,7.75,7.2,7.4,1.0,33397.0
2016-12-05,7.35,7.55,7.2273,7.2273,2521.0,7.35,0.0,7.55,7.2273,7.2273,1.0,2521.0
2016-12-02,7.15,7.5,7.15,7.325,69486.0,7.15,0.0,7.5,7.15,7.325,1.0,69486.0
2016-12-01,7.15,7.3,7.15,7.25,7524.0,7.15,0.0,7.3,7.15,7.25,1.0,7524.0
2016-11-30,7.3,7.8,7.175,7.2,72201.0,7.3,0.0,7.8,7.175,7.2,1.0,72201.0
2016-11-29,7.15,7.25,7.0,7.25,10978.0,7.15,0.0,7.25,7.0,7.25,1.0,10978.0
2016-11-28,7.15,7.3,7.15,7.2,7248.0,7.15,0.0,7.3,7.15,7.2,1.0,7248.0
2016-11-25,7.15,7.25,7.15,7.25,4690.0,7.15,0.0,7.25,7.15,7.25,1.0,4690.0
2016-11-23,7.3,7.35,7.25,7.25,39303.0,7.3,0.0,7.35,7.25,7.25,1.0,39303.0
2016-11-22,7.35,7.35,7.2,7.25,9188.0,7.35,0.0,7.35,7.2,7.25,1.0,9188.0
2016-11-21,7.3,7.425,7.25,7.4,18944.0,7.3,0.0,7.425,7.25,7.4,1.0,18944.0
2016-11-18,7.475,7.55,7.475,7.5,12746.0,7.475,0.0,7.55,7.475,7.5,1.0,12746.0
2016-11-17,7.7,7.85,7.363,7.363,724.0,7.7,0.0,7.85,7.363,7.363,1.0,724.0
2016-11-16,7.55,8.0233,7.4832,7.9,25825.0,7.55,0.0,8.0233,7.4832,7.9,1.0,25825.0
2016-11-15,7.9,8.0,7.7,7.85,8200.0,7.9,0.0,8.0,7.7,7.85,1.0,8200.0
2016-11-14,7.9,7.9,7.35,7.55,15091.0,7.9,0.0,7.9,7.35,7.55,1.0,15091.0
2016-11-11,7.55,8.1,7.45,8.1,4066.0,7.55,0.0,8.1,7.45,8.1,1.0,4066.0
2016-11-10,8.1,8.4,7.25,7.25,11002.0,8.1,0.0,8.4,7.25,7.25,1.0,11002.0
2016-11-09,8.1,8.1,7.9,7.9,7874.0,8.1,0.0,8.1,7.9,7.9,1.0,7874.0
2016-11-08,7.95,7.95,7.705,7.705,462.0,7.95,0.0,7.95,7.705,7.705,1.0,462.0
2016-11-07,7.85,8.05,7.85,8.0,6148.0,7.85,0.0,8.05,7.85,8.0,1.0,6148.0
2016-11-04,7.9,7.925,7.65,7.67,3454.0,7.9,0.0,7.925,7.65,7.67,1.0,3454.0
2016-11-03,7.6,7.6,7.25,7.25,12956.0,7.6,0.0,7.6,7.25,7.25,1.0,12956.0
2016-11-02,7.7,7.7,7.2738,7.3186,3720.0,7.7,0.0,7.7,7.2738,7.3186,1.0,3720.0
2016-11-01,7.64,7.64,7.64,7.64,621.0,7.64,0.0,7.64,7.64,7.64,1.0,621.0
2016-10-31,7.7,7.75,7.5,7.5,2525.0,7.7,0.0,7.75,7.5,7.5,1.0,2525.0
2016-10-28,7.54,7.6395,7.52,7.58,7410.0,7.54,0.0,7.6395,7.52,7.58,1.0,7410.0
2016-10-27,7.73,7.7385,7.63,7.65,875.0,7.73,0.0,7.7385,7.63,7.65,1.0,875.0
2016-10-26,7.9189,7.9189,7.9189,7.9189,137.0,7.9189,0.0,7.9189,7.9189,7.9189,1.0,137.0
2016-10-25,7.8,7.91,7.8,7.87,2244.0,7.8,0.0,7.91,7.8,7.87,1.0,2244.0
2016-10-24,7.98,8.25,7.4991,7.4991,3065.0,7.98,0.0,8.25,7.4991,7.4991,1.0,3065.0
2016-10-21,8.24,8.3999,8.24,8.36,8540.0,8.24,0.0,8.3999,8.24,8.36,1.0,8540.0
2016-10-20,7.9035,7.9035,7.9035,7.9035,1515.0,7.9035,0.0,7.9035,7.9035,7.9035,1.0,1515.0
2016-10-19,8.3,8.44,8.15,8.15,42049.0,8.3,0.0,8.44,8.15,8.15,1.0,42049.0
2016-10-18,8.39,8.4,8.39,8.4,378.0,8.39,0.0,8.4,8.39,8.4,1.0,378.0
2016-10-17,8.4,8.4,8.0681,8.0681,7247.0,8.4,0.0,8.4,8.0681,8.0681,1.0,7247.0
2016-10-14,8.4,8.41,8.15,8.18,8565.0,8.4,0.0,8.41,8.15,8.18,1.0,8565.0
2016-10-13,8.25,8.38,8.06,8.09,1798.0,8.25,0.0,8.38,8.06,8.09,1.0,1798.0
2016-10-12,8.24,8.24,8.24,8.24,0.0,8.24,0.0,8.24,8.24,8.24,1.0,0.0
2016-10-11,8.24,8.4,8.01,8.3011,5118.0,8.24,0.0,8.4,8.01,8.3011,1.0,5118.0
2016-10-10,8.26,8.4,8.23,8.4,5124.0,8.26,0.0,8.4,8.23,8.4,1.0,5124.0
2016-10-07,8.07,8.07,8.07,8.07,110.0,8.07,0.0,8.07,8.07,8.07,1.0,110.0
2016-10-06,8.07,8.3499,8.04,8.3,1747.0,8.07,0.0,8.3499,8.04,8.3,1.0,1747.0
2016-10-05,8.4201,8.53,8.4,8.4,4518.0,8.4201,0.0,8.53,8.4,8.4,1.0,4518.0
2016-10-04,8.455,8.52,8.28,8.48,4249.0,8.455,0.0,8.52,8.28,8.48,1.0,4249.0
2016-10-03,8.55,8.6,8.36,8.6,7986.0,8.55,0.0,8.6,8.36,8.6,1.0,7986.0
2016-09-30,8.33,8.33,7.69,8.12,32685.0,8.33,0.0,8.33,7.69,8.12,1.0,32685.0
2016-09-29,7.8,8.17,7.8,7.95,6545.0,7.8,0.0,8.17,7.8,7.95,1.0,6545.0
2016-09-28,8.0,8.055,7.79,8.0,8962.0,8.0,0.0,8.055,7.79,8.0,1.0,8962.0
2016-09-27,8.09,8.31,7.74,7.93,29515.0,8.09,0.0,8.31,7.74,7.93,1.0,29515.0
2016-09-26,8.05,8.1,7.6,7.62,17460.0,8.05,0.0,8.1,7.6,7.62,1.0,17460.0
2016-09-23,7.87,8.06,7.8,7.89,43463.0,7.87,0.0,8.06,7.8,7.89,1.0,43463.0
2016-09-22,7.96,8.08,7.71,7.77,25495.0,7.96,0.0,8.08,7.71,7.77,1.0,25495.0
2016-09-21,8.005,8.005,7.99,7.99,336.0,8.005,0.0,8.005,7.99,7.99,1.0,336.0
2016-09-20,7.84,7.97,7.8101,7.83,4521.0,7.84,0.0,7.97,7.8101,7.83,1.0,4521.0
2016-09-19,8.08,8.46,7.9001,7.9001,5791.0,8.08,0.0,8.46,7.9001,7.9001,1.0,5791.0
2016-09-16,8.29,8.5,8.11,8.49,29416.0,8.29,0.0,8.5,8.11,8.49,1.0,29416.0
2016-09-15,8.17,8.84,8.17,8.5201,5855.0,8.17,0.0,8.84,8.17,8.5201,1.0,5855.0
2016-09-14,8.59,8.75,8.36,8.73,7943.0,8.59,0.0,8.75,8.36,8.73,1.0,7943.0
2016-09-13,8.51,8.7,8.27,8.5788,13209.0,8.51,0.0,8.7,8.27,8.5788,1.0,13209.0
2016-09-12,8.4,9.02,7.85,7.85,34383.0,8.4,0.0,9.02,7.85,7.85,1.0,34383.0
2016-09-09,7.62,8.05,7.51,7.77,3718.0,7.62,0.0,8.05,7.51,7.77,1.0,3718.0
2016-09-08,7.86,8.07,7.64,8.06,3142.0,7.86,0.0,8.07,7.64,8.06,1.0,3142.0
2016-09-07,8.08,8.19,8.03,8.07,2638.0,8.08,0.0,8.19,8.03,8.07,1.0,2638.0
2016-09-06,7.97,7.97,7.71,7.77,3472.0,7.97,0.0,7.97,7.71,7.77,1.0,3472.0
2016-09-02,7.9,7.9,7.45,7.77,2433.0,7.9,0.0,7.9,7.45,7.77,1.0,2433.0
2016-09-01,7.47,7.63,7.47,7.59,3879.0,7.47,0.0,7.63,7.47,7.59,1.0,3879.0
2016-08-31,7.58,7.85,7.3,7.4505,9213.0,7.58,0.0,7.85,7.3,7.4505,1.0,9213.0
2016-08-30,7.3,7.59,7.18,7.18,6503.0,7.3,0.0,7.59,7.18,7.18,1.0,6503.0
2016-08-29,7.2,7.78,7.2,7.61,5488.0,7.2,0.0,7.78,7.2,7.61,1.0,5488.0
2016-08-26,7.5015,7.5401,7.5015,7.51,1340.0,7.5015,0.0,7.5401,7.5015,7.51,1.0,1340.0
2016-08-25,7.46,7.97,7.45,7.56,215821.0,7.46,0.0,7.97,7.45,7.56,1.0,215821.0
2016-08-24,7.8,8.4,7.5,7.77,88694.0,7.8,0.0,8.4,7.5,7.77,1.0,88694.0
2016-08-23,7.9,7.95,7.55,7.85,49444.0,7.9,0.0,7.95,7.55,7.85,1.0,49444.0
2016-08-22,7.9,8.05,7.791,7.82,2357.0,7.9,0.0,8.05,7.791,7.82,1.0,2357.0
2016-08-19,7.93,8.15,7.86,8.15,4111.0,7.93,0.0,8.15,7.86,8.15,1.0,4111.0
2016-08-18,7.87,8.13,7.6054,7.64,1430.0,7.87,0.0,8.13,7.6054,7.64,1.0,1430.0
2016-08-17,8.09,8.1,7.57,7.95,56325.0,8.09,0.0,8.1,7.57,7.95,1.0,56325.0
2016-08-16,7.93,7.99,7.49,7.55,6313.0,7.93,0.0,7.99,7.49,7.55,1.0,6313.0
2016-08-15,7.65,8.15,7.5,7.73,7394.0,7.65,0.0,8.15,7.5,7.73,1.0,7394.0
2016-08-12,7.57,7.57,7.57,7.57,303.0,7.57,0.0,7.57,7.57,7.57,1.0,303.0
2016-08-11,8.0,8.05,7.45,7.91,5095.0,8.0,0.0,8.05,7.45,7.91,1.0,5095.0
2016-08-10,7.95,7.95,7.74,7.74,414.0,7.95,0.0,7.95,7.74,7.74,1.0,414.0
2016-08-09,7.77,8.15,7.405,7.49,9966.0,7.77,0.0,8.15,7.405,7.49,1.0,9966.0
2016-08-08,7.5,7.5,7.29,7.48,4472.0,7.5,0.0,7.5,7.29,7.48,1.0,4472.0
2016-08-05,7.65,7.7,7.61,7.65,1040.0,7.65,0.0,7.7,7.61,7.65,1.0,1040.0
2016-08-04,7.49,7.899,7.45,7.745,16893.0,7.49,0.0,7.899,7.45,7.745,1.0,16893.0
2016-08-03,8.01,8.05,7.76,7.76,382.0,8.01,0.0,8.05,7.76,7.76,1.0,382.0
2016-08-02,8.14,8.14,8.0,8.0,425.0,8.14,0.0,8.14,8.0,8.0,1.0,425.0
2016-08-01,8.22,8.22,8.22,8.22,119.0,8.22,0.0,8.22,8.22,8.22,1.0,119.0
2016-07-29,8.24,8.24,7.75,7.75,3713.0,8.24,0.0,8.24,7.75,7.75,1.0,3713.0
2016-07-28,7.6,7.8359,7.6,7.8359,621.0,7.6,0.0,7.8359,7.6,7.8359,1.0,621.0
2016-07-27,7.56,8.0499,7.56,8.0499,1352.0,7.56,0.0,8.0499,7.56,8.0499,1.0,1352.0
2016-07-26,7.5,7.88,7.5,7.88,570.0,7.5,0.0,7.88,7.5,7.88,1.0,570.0
2016-07-25,7.46,7.51,7.2,7.27,3961.0,7.46,0.0,7.51,7.2,7.27,1.0,3961.0
2016-07-22,7.26,7.51,7.2098,7.48,4197.0,7.26,0.0,7.51,7.2098,7.48,1.0,4197.0
2016-07-21,7.29,7.5,6.91,6.97,18686.0,7.29,0.0,7.5,6.91,6.97,1.0,18686.0
2016-07-20,7.27,7.35,6.6957,7.32,31173.0,7.27,0.0,7.35,6.6957,7.32,1.0,31173.0
2016-07-19,7.51,7.51,7.25,7.25,4014.0,7.51,0.0,7.51,7.25,7.25,1.0,4014.0
2016-07-18,7.24,7.3,7.2,7.2,8523.0,7.24,0.0,7.3,7.2,7.2,1.0,8523.0
2016-07-15,7.15,7.3,7.15,7.3,801.0,7.15,0.0,7.3,7.15,7.3,1.0,801.0
2016-07-14,7.23,7.56,6.86,6.86,4661.0,7.23,0.0,7.56,6.86,6.86,1.0,4661.0
2016-07-13,7.23,8.0316,7.21,8.0316,8206.0,7.23,0.0,8.0316,7.21,8.0316,1.0,8206.0
2016-07-12,7.49,7.86,7.1,7.2161,15720.0,7.49,0.0,7.86,7.1,7.2161,1.0,15720.0
2016-07-11,7.66,7.71,7.2,7.42,6044.0,7.66,0.0,7.71,7.2,7.42,1.0,6044.0
2016-07-08,7.28,7.8,6.99,7.8,18983.0,7.28,0.0,7.8,6.99,7.8,1.0,18983.0
2016-07-07,7.55,7.89,7.0501,7.89,7976.0,7.55,0.0,7.89,7.0501,7.89,1.0,7976.0
2016-07-06,7.83,7.94,7.3288,7.8,12407.0,7.83,0.0,7.94,7.3288,7.8,1.0,12407.0
2016-07-05,7.66,8.42,7.29,7.71,16945.0,7.66,0.0,8.42,7.29,7.71,1.0,16945.0
2016-07-01,7.65,8.28,7.0,7.0,32457.0,7.65,0.0,8.28,7.0,7.0,1.0,32457.0
2016-06-30,6.94,6.99,6.72,6.72,35864.0,6.94,0.0,6.99,6.72,6.72,1.0,35864.0
2016-06-29,6.76,6.85,6.67,6.8,11046.0,6.76,0.0,6.85,6.67,6.8,1.0,11046.0
2016-06-28,6.66,6.73,6.52,6.61,6369.0,6.66,0.0,6.73,6.52,6.61,1.0,6369.0
2016-06-27,6.63,6.92,6.42,6.51,30123.0,6.63,0.0,6.92,6.42,6.51,1.0,30123.0
2016-06-24,6.5,6.62,6.32,6.5,19204.0,6.5,0.0,6.62,6.32,6.5,1.0,19204.0
2016-06-23,6.5,6.7,6.5,6.53,2187.0,6.5,0.0,6.7,6.5,6.53,1.0,2187.0
2016-06-22,6.54,6.96,6.5,6.5,8887.0,6.54,0.0,6.96,6.5,6.5,1.0,8887.0
2016-06-21,6.54,6.62,6.5,6.62,5706.0,6.54,0.0,6.62,6.5,6.62,1.0,5706.0
2016-06-20,6.5,6.65,6.296,6.5,24952.0,6.5,0.0,6.65,6.296,6.5,1.0,24952.0
2016-06-17,6.5,6.5,6.29,6.29,12551.0,6.5,0.0,6.5,6.29,6.29,1.0,12551.0
2016-06-16,6.43,6.59,6.3,6.59,16665.0,6.43,0.0,6.59,6.3,6.59,1.0,16665.0
2016-06-15,6.48,6.8,6.33,6.7,19240.0,6.48,0.0,6.8,6.33,6.7,1.0,19240.0
2016-06-14,6.78,6.8399,6.53,6.6,19804.0,6.78,0.0,6.8399,6.53,6.6,1.0,19804.0
2016-06-13,6.66,6.67,6.43,6.51,12877.0,6.66,0.0,6.67,6.43,6.51,1.0,12877.0
2016-06-10,6.56,6.59,6.35,6.38,6386.0,6.56,0.0,6.59,6.35,6.38,1.0,6386.0
2016-06-09,6.52,6.52,6.29,6.29,6729.0,6.52,0.0,6.52,6.29,6.29,1.0,6729.0
2016-06-08,6.33,6.4,6.15,6.1999,20224.0,6.33,0.0,6.4,6.15,6.1999,1.0,20224.0
2016-06-07,6.28,6.47,6.2,6.4,17002.0,6.28,0.0,6.47,6.2,6.4,1.0,17002.0
2016-06-06,6.33,6.49,6.15,6.49,36029.0,6.33,0.0,6.49,6.15,6.49,1.0,36029.0
2016-06-03,6.39,6.66,6.19,6.4,18553.0,6.39,0.0,6.66,6.19,6.4,1.0,18553.0
2016-06-02,6.43,6.8116,6.3,6.69,48578.0,6.43,0.0,6.8116,6.3,6.69,1.0,48578.0
2016-06-01,6.64,6.89,6.52,6.74,12025.0,6.64,0.0,6.89,6.52,6.74,1.0,12025.0
2016-05-31,6.66,6.97,6.43,6.43,20625.0,6.66,0.0,6.97,6.43,6.43,1.0,20625.0
2016-05-27,6.43,6.55,6.02,6.53,47147.0,6.43,0.0,6.55,6.02,6.53,1.0,47147.0
2016-05-26,6.64,6.64,6.41,6.51,13136.0,6.64,0.0,6.64,6.41,6.51,1.0,13136.0
2016-05-25,6.56,6.74,6.43,6.69,15475.0,6.56,0.0,6.74,6.43,6.69,1.0,15475.0
2016-05-24,6.76,6.77,6.58,6.69,6619.0,6.76,0.0,6.77,6.58,6.69,1.0,6619.0
2016-05-23,6.62,6.74,6.52,6.52,17452.0,6.62,0.0,6.74,6.52,6.52,1.0,17452.0
2016-05-20,6.55,6.61,6.4,6.61,16376.0,6.55,0.0,6.61,6.4,6.61,1.0,16376.0
2016-05-19,6.41,6.64,6.4,6.56,21904.0,6.41,0.0,6.64,6.4,6.56,1.0,21904.0
2016-05-18,6.55,6.69,6.285,6.285,25221.0,6.55,0.0,6.69,6.285,6.285,1.0,25221.0
2016-05-17,6.27,6.77,6.254,6.6,42131.0,6.27,0.0,6.77,6.254,6.6,1.0,42131.0
2016-05-16,6.55,6.9078,6.55,6.55,7353.0,6.55,0.0,6.9078,6.55,6.55,1.0,7353.0
2016-05-13,6.6,6.78,6.51,6.7,28876.0,6.6,0.0,6.78,6.51,6.7,1.0,28876.0
2016-05-12,6.51,6.93,6.51,6.7,23675.0,6.51,0.0,6.93,6.51,6.7,1.0,23675.0
2016-05-11,6.8,6.84,6.46,6.46,5944.0,6.8,0.0,6.84,6.46,6.46,1.0,5944.0
2016-05-10,6.585,6.764,6.24,6.74,73964.0,6.585,0.0,6.764,6.24,6.74,1.0,73964.0
2016-05-09,6.67,6.78,6.55,6.55,17753.0,6.67,0.0,6.78,6.55,6.55,1.0,17753.0
2016-05-06,6.52,6.87,6.52,6.8,26599.0,6.52,0.0,6.87,6.52,6.8,1.0,26599.0
2016-05-05,6.92,6.95,6.71,6.8,14351.0,6.92,0.0,6.95,6.71,6.8,1.0,14351.0
2016-05-04,6.85,6.85,6.5,6.54,30469.0,6.85,0.0,6.85,6.5,6.54,1.0,30469.0
2016-05-03,6.51,6.63,6.435,6.48,9350.0,6.51,0.0,6.63,6.435,6.48,1.0,9350.0
2016-05-02,6.51,6.73,6.39,6.73,23329.0,6.51,0.0,6.73,6.39,6.73,1.0,23329.0
2016-04-29,6.78,6.85,6.485,6.62,79352.0,6.78,0.0,6.85,6.485,6.62,1.0,79352.0
2016-04-28,6.81,7.08,6.69,6.93,24234.0,6.81,0.0,7.08,6.69,6.93,1.0,24234.0
2016-04-27,7.0,7.01,6.6,6.64,18208.0,7.0,0.0,7.01,6.6,6.64,1.0,18208.0
2016-04-26,6.6999,6.76,6.51,6.64,5484.0,6.6999,0.0,6.76,6.51,6.64,1.0,5484.0
2016-04-25,6.6,6.7,6.5,6.52,7214.0,6.6,0.0,6.7,6.5,6.52,1.0,7214.0
2016-04-22,6.51,6.6,6.35,6.54,27054.0,6.51,0.0,6.6,6.35,6.54,1.0,27054.0
2016-04-21,6.62,6.78,6.5114,6.65,11824.0,6.62,0.0,6.78,6.5114,6.65,1.0,11824.0
2016-04-20,6.84,7.13,6.4,6.63,45816.0,6.84,0.0,7.13,6.4,6.63,1.0,45816.0
2016-04-19,6.61,6.85,6.48,6.64,9249.0,6.61,0.0,6.85,6.48,6.64,1.0,9249.0
2016-04-18,6.71,6.85,6.63,6.84,14619.0,6.71,0.0,6.85,6.63,6.84,1.0,14619.0
2016-04-15,6.63,7.0,6.6,6.71,14636.0,6.63,0.0,7.0,6.6,6.71,1.0,14636.0
2016-04-14,6.96,6.96,6.68,6.85,4399.0,6.96,0.0,6.96,6.68,6.85,1.0,4399.0
2016-04-13,6.79,7.128,6.55,6.65,9258.0,6.79,0.0,7.128,6.55,6.65,1.0,9258.0
2016-04-12,6.63,6.84,6.52,6.72,16196.0,6.63,0.0,6.84,6.52,6.72,1.0,16196.0
2016-04-11,6.79,6.96,6.48,6.68,14516.0,6.79,0.0,6.96,6.48,6.68,1.0,14516.0
2016-04-08,6.67,6.87,6.56,6.76,6593.0,6.67,0.0,6.87,6.56,6.76,1.0,6593.0
2016-04-07,6.8,6.85,6.5655,6.71,4191.0,6.8,0.0,6.85,6.5655,6.71,1.0,4191.0
2016-04-06,6.7,6.76,6.53,6.67,7500.0,6.7,0.0,6.76,6.53,6.67,1.0,7500.0
2016-04-05,6.72,6.74,6.48,6.74,24846.0,6.72,0.0,6.74,6.48,6.74,1.0,24846.0
2016-04-04,6.78,7.07,6.4,6.76,12420.0,6.78,0.0,7.07,6.4,6.76,1.0,12420.0
2016-04-01,6.57,7.37,6.45,6.59,5536.0,6.57,0.0,7.37,6.45,6.59,1.0,5536.0
2016-03-31,6.53,6.91,6.45,6.85,10258.0,6.53,0.0,6.91,6.45,6.85,1.0,10258.0
2016-03-30,6.83,7.429,6.63,6.63,6204.0,6.83,0.0,7.429,6.63,6.63,1.0,6204.0
2016-03-29,6.57,7.485,6.3785,7.05,19160.0,6.57,0.0,7.485,6.3785,7.05,1.0,19160.0
2016-03-28,7.04,7.53,6.745,7.25,18837.0,7.04,0.0,7.53,6.745,7.25,1.0,18837.0
2016-03-24,7.18,7.48,6.41,6.72,26088.0,7.18,0.0,7.48,6.41,6.72,1.0,26088.0
2016-03-23,6.84,6.88,6.4,6.57,23853.0,6.84,0.0,6.88,6.4,6.57,1.0,23853.0
2016-03-22,6.56,6.975,6.31,6.61,28766.0,6.56,0.0,6.975,6.31,6.61,1.0,28766.0
2016-03-21,6.69,7.21,6.5,6.9,21873.0,6.69,0.0,7.21,6.5,6.9,1.0,21873.0
2016-03-18,6.95,7.69,6.7,6.7,44992.0,6.95,0.0,7.69,6.7,6.7,1.0,44992.0
2016-03-17,6.91,7.08,6.62,6.87,14872.0,6.91,0.0,7.08,6.62,6.87,1.0,14872.0
2016-03-16,6.94,7.025,6.61,6.69,12017.0,6.94,0.0,7.025,6.61,6.69,1.0,12017.0
2016-03-15,6.74,6.79,6.0001,6.59,21083.0,6.74,0.0,6.79,6.0001,6.59,1.0,21083.0
2016-03-14,6.84,6.99,6.19,6.33,37042.0,6.84,0.0,6.99,6.19,6.33,1.0,37042.0
2016-03-11,6.31,6.35,6.23,6.32,7485.0,6.31,0.0,6.35,6.23,6.32,1.0,7485.0
2016-03-10,6.3,6.5,6.2101,6.46,12105.0,6.3,0.0,6.5,6.2101,6.46,1.0,12105.0
2016-03-09,6.36,6.8,6.03,6.03,14955.0,6.36,0.0,6.8,6.03,6.03,1.0,14955.0
2016-03-08,6.51,7.2,6.392,6.87,44883.0,6.51,0.0,7.2,6.392,6.87,1.0,44883.0
2016-03-07,6.57,6.905,6.53,6.85,32580.0,6.57,0.0,6.905,6.53,6.85,1.0,32580.0
2016-03-04,6.92,6.99,6.76,6.87,7080.0,6.92,0.0,6.99,6.76,6.87,1.0,7080.0
2016-03-03,6.82,6.88,6.76,6.88,16631.0,6.82,0.0,6.88,6.76,6.88,1.0,16631.0
2016-03-02,6.955,7.1683,6.35,6.35,48285.0,6.955,0.0,7.1683,6.35,6.35,1.0,48285.0
2016-03-01,6.53,6.7,6.1841,6.23,38428.0,6.53,0.0,6.7,6.1841,6.23,1.0,38428.0
2016-02-29,6.25,6.27,5.82,6.01,35121.0,6.25,0.0,6.27,5.82,6.01,1.0,35121.0
2016-02-26,6.04,6.4,5.53,6.25,49475.0,6.04,0.0,6.4,5.53,6.25,1.0,49475.0
2016-02-25,6.28,6.54,5.85,6.34,150888.0,6.28,0.0,6.54,5.85,6.34,1.0,150888.0
2016-02-24,6.22,6.46,5.32,5.95,139145.0,6.22,0.0,6.46,5.32,5.95,1.0,139145.0
2016-02-23,6.07,6.4,6.01,6.11,82056.0,6.07,0.0,6.4,6.01,6.11,1.0,82056.0
2016-02-22,6.35,6.65,6.3,6.59,37908.0,6.35,0.0,6.65,6.3,6.59,1.0,37908.0
2016-02-19,6.43,6.76,6.34,6.45,154675.0,6.43,0.0,6.76,6.34,6.45,1.0,154675.0
2016-02-18,6.47,6.57,6.25,6.57,49184.0,6.47,0.0,6.57,6.25,6.57,1.0,49184.0
2016-02-17,6.4,6.72,6.08,6.44,66038.0,6.4,0.0,6.72,6.08,6.44,1.0,66038.0
2016-02-16,6.37,7.01,6.34,6.63,43627.0,6.37,0.0,7.01,6.34,6.63,1.0,43627.0
2016-02-12,6.54,6.9,6.39,6.82,119908.0,6.54,0.0,6.9,6.39,6.82,1.0,119908.0
2016-02-11,6.57,7.13,6.0,7.02,114110.0,6.57,0.0,7.13,6.0,7.02,1.0,114110.0
2016-02-10,7.84,7.91,7.75,7.85,6494.0,7.84,0.0,7.91,7.75,7.85,1.0,6494.0
2016-02-09,7.84,8.22,7.56,8.17,41651.0,7.84,0.0,8.22,7.56,8.17,1.0,41651.0
2016-02-08,7.53,7.71,7.53,7.71,1896.0,7.53,0.0,7.71,7.53,7.71,1.0,1896.0
2016-02-05,7.8,7.9,7.33,7.8,14192.0,7.8,0.0,7.9,7.33,7.8,1.0,14192.0
2016-02-04,7.74,8.12,7.33,8.05,10878.0,7.74,0.0,8.12,7.33,8.05,1.0,10878.0
2016-02-03,8.08,8.08,7.55,7.93,9132.0,8.08,0.0,8.08,7.55,7.93,1.0,9132.0
2016-02-02,8.0,8.0,7.57,7.69,44477.0,8.0,0.0,8.0,7.57,7.69,1.0,44477.0
2016-02-01,7.78,7.87,6.83,7.7401,38267.0,7.78,0.0,7.87,6.83,7.7401,1.0,38267.0
2016-01-29,7.71,7.78,7.21,7.65,16665.0,7.71,0.0,7.78,7.21,7.65,1.0,16665.0
2016-01-28,7.72,7.87,7.08,7.76,39113.0,7.72,0.0,7.87,7.08,7.76,1.0,39113.0
2016-01-27,7.78,8.165,7.6034,8.01,19437.0,7.78,0.0,8.165,7.6034,8.01,1.0,19437.0
2016-01-26,7.82,8.13,7.6001,8.13,19956.0,7.82,0.0,8.13,7.6001,8.13,1.0,19956.0
2016-01-25,8.11,8.27,7.7632,8.27,8403.0,8.11,0.0,8.27,7.7632,8.27,1.0,8403.0
2016-01-22,8.23,8.33,7.6149,8.24,26130.0,8.23,0.0,8.33,7.6149,8.24,1.0,26130.0
2016-01-21,7.74,8.4,7.5,7.5001,28991.0,7.74,0.0,8.4,7.5,7.5001,1.0,28991.0
2016-01-20,7.5,7.78,7.0801,7.78,16867.0,7.5,0.0,7.78,7.0801,7.78,1.0,16867.0
2016-01-19,7.56,8.7,6.75,8.29,54975.0,7.56,0.0,8.7,6.75,8.29,1.0,54975.0
2016-01-15,8.17,8.24,7.94,8.24,21260.0,8.17,0.0,8.24,7.94,8.24,1.0,21260.0
2016-01-14,8.26,8.304,8.2,8.24,12262.0,8.26,0.0,8.304,8.2,8.24,1.0,12262.0
2016-01-13,8.25,8.61,7.96,8.2,26261.0,8.25,0.0,8.61,7.96,8.2,1.0,26261.0
2016-01-12,8.25,8.87,7.8531,8.54,39874.0,8.25,0.0,8.87,7.8531,8.54,1.0,39874.0
2016-01-11,8.43,8.9,8.41,8.84,20631.0,8.43,0.0,8.9,8.41,8.84,1.0,20631.0
2016-01-08,8.6,8.9,8.48,8.73,15566.0,8.6,0.0,8.9,8.48,8.73,1.0,15566.0
2016-01-07,8.76,9.15,8.49,9.0,21705.0,8.76,0.0,9.15,8.49,9.0,1.0,21705.0
2016-01-06,9.08,9.19,9.06,9.11,10077.0,9.08,0.0,9.19,9.06,9.11,1.0,10077.0
2016-01-05,9.16,9.31,9.1,9.2,20512.0,9.16,0.0,9.31,9.1,9.2,1.0,20512.0
2016-01-04,9.22,9.32,9.0022,9.12,26772.0,9.22,0.0,9.32,9.0022,9.12,1.0,26772.0
2015-12-31,9.27,9.4,9.03,9.15,23111.0,9.27,0.0,9.4,9.03,9.15,1.0,23111.0
2015-12-30,9.14,9.24,9.08,9.23,19451.0,9.14,0.0,9.24,9.08,9.23,1.0,19451.0
2015-12-29,9.22,9.33,9.1,9.12,16979.0,9.22,0.0,9.33,9.1,9.12,1.0,16979.0
2015-12-28,9.02,9.33,9.0,9.13,20998.0,9.02,0.0,9.33,9.0,9.13,1.0,20998.0
2015-12-24,9.13,9.37,9.0,9.23,9456.0,9.13,0.0,9.37,9.0,9.23,1.0,9456.0
2015-12-23,9.47,9.47,8.87,9.43,25322.0,9.47,0.0,9.47,8.87,9.43,1.0,25322.0
2015-12-22,9.45,9.96,8.79,8.91,30892.0,9.45,0.0,9.96,8.79,8.91,1.0,30892.0
2015-12-21,8.94,9.26,8.92,9.19,20380.0,8.94,0.0,9.26,8.92,9.19,1.0,20380.0
2015-12-18,9.25,9.9,8.25,9.54,112121.0,9.25,0.0,9.9,8.25,9.54,1.0,112121.0
2015-12-17,9.77,10.05,9.111,9.63,30123.0,9.77,0.0,10.05,9.111,9.63,1.0,30123.0
2015-12-16,9.635,9.85,9.47,9.5499,16693.0,9.635,0.0,9.85,9.47,9.5499,1.0,16693.0
2015-12-15,9.82,10.03,9.52,9.69,38301.0,9.82,0.0,10.03,9.52,9.69,1.0,38301.0
2015-12-14,9.81,10.05,9.64,9.66,31411.0,9.81,0.0,10.05,9.64,9.66,1.0,31411.0
2015-12-11,9.48,9.7,9.45,9.56,11771.0,9.48,0.0,9.7,9.45,9.56,1.0,11771.0
2015-12-10,9.83,9.845,9.36,9.55,32505.0,9.83,0.0,9.845,9.36,9.55,1.0,32505.0
2015-12-09,9.57,10.03,9.45,9.55,35619.0,9.57,0.0,10.03,9.45,9.55,1.0,35619.0
2015-12-08,9.67,10.03,9.5101,9.79,24627.0,9.67,0.0,10.03,9.5101,9.79,1.0,24627.0
2015-12-07,9.94,10.05,9.4401,9.71,28390.0,9.94,0.0,10.05,9.4401,9.71,1.0,28390.0
2015-12-04,9.78,10.05,9.0911,9.25,64359.0,9.78,0.0,10.05,9.0911,9.25,1.0,64359.0
2015-12-03,9.42,9.61,9.2247,9.36,67811.0,9.42,0.0,9.61,9.2247,9.36,1.0,67811.0
2015-12-02,9.43,9.785,9.28,9.58,35121.0,9.43,0.0,9.785,9.28,9.58,1.0,35121.0
2015-12-01,9.68,9.775,9.5,9.74,11198.0,9.68,0.0,9.775,9.5,9.74,1.0,11198.0
2015-11-30,9.79,9.89,9.34,9.82,12226.0,9.79,0.0,9.89,9.34,9.82,1.0,12226.0
2015-11-27,10.09,10.09,9.1601,9.75,12388.0,10.09,0.0,10.09,9.1601,9.75,1.0,12388.0
2015-11-25,9.78,9.92,9.1101,9.21,43299.0,9.78,0.0,9.92,9.1101,9.21,1.0,43299.0
2015-11-24,9.275,9.275,9.0,9.11,26566.0,9.275,0.0,9.275,9.0,9.11,1.0,26566.0
2015-11-23,9.1,9.3,9.1,9.1,19963.0,9.1,0.0,9.3,9.1,9.1,1.0,19963.0
2015-11-20,9.1,9.26,9.01,9.02,25096.0,9.1,0.0,9.26,9.01,9.02,1.0,25096.0
2015-11-19,9.14,9.29,9.0131,9.0131,27499.0,9.14,0.0,9.29,9.0131,9.0131,1.0,27499.0
2015-11-18,9.13,9.39,8.7563,9.39,36800.0,9.13,0.0,9.39,8.7563,9.39,1.0,36800.0
2015-11-17,9.245,9.46,8.4772,9.2,21753.0,9.245,0.0,9.46,8.4772,9.2,1.0,21753.0
2015-11-16,9.19,9.5799,9.1202,9.5799,14710.0,9.19,0.0,9.5799,9.1202,9.5799,1.0,14710.0
2015-11-13,9.195,9.37,9.11,9.11,9630.0,9.195,0.0,9.37,9.11,9.11,1.0,9630.0
2015-11-12,9.25,9.525,9.11,9.36,18680.0,9.25,0.0,9.525,9.11,9.36,1.0,18680.0
2015-11-11,9.35,9.71,9.1601,9.44,12143.0,9.35,0.0,9.71,9.1601,9.44,1.0,12143.0
2015-11-10,9.59,9.81,9.2321,9.41,20082.0,9.59,0.0,9.81,9.2321,9.41,1.0,20082.0
2015-11-09,9.21,9.51,9.15,9.39,18454.0,9.21,0.0,9.51,9.15,9.39,1.0,18454.0
2015-11-06,9.38,9.4,9.19,9.19,11882.0,9.38,0.0,9.4,9.19,9.19,1.0,11882.0
2015-11-05,9.1,9.53,9.0601,9.53,19527.0,9.1,0.0,9.53,9.0601,9.53,1.0,19527.0
2015-11-04,9.35,9.7199,9.3206,9.61,12770.0,9.35,0.0,9.7199,9.3206,9.61,1.0,12770.0
2015-11-03,9.54,9.64,9.3201,9.64,23850.0,9.54,0.0,9.64,9.3201,9.64,1.0,23850.0
2015-11-02,9.56,9.63,9.2601,9.63,35073.0,9.56,0.0,9.63,9.2601,9.63,1.0,35073.0
2015-10-30,9.56,9.62,9.25,9.4,27070.0,9.56,0.0,9.62,9.25,9.4,1.0,27070.0
2015-10-29,9.6,9.64,9.3,9.5001,10628.0,9.6,0.0,9.64,9.3,9.5001,1.0,10628.0
2015-10-28,9.625,9.63,9.05,9.4,23486.0,9.625,0.0,9.63,9.05,9.4,1.0,23486.0
2015-10-27,9.39,9.71,8.99,9.71,114140.0,9.39,0.0,9.71,8.99,9.71,1.0,114140.0
2015-10-26,9.66,9.87,9.51,9.82,30667.0,9.66,0.0,9.87,9.51,9.82,1.0,30667.0
2015-10-23,9.7,9.9,9.01,9.01,52334.0,9.7,0.0,9.9,9.01,9.01,1.0,52334.0
2015-10-22,9.7,10.0,9.4016,9.49,25252.0,9.7,0.0,10.0,9.4016,9.49,1.0,25252.0
2015-10-21,9.45,9.48,9.3001,9.47,9499.0,9.45,0.0,9.48,9.3001,9.47,1.0,9499.0
2015-10-20,9.4,9.47,9.2028,9.27,57045.0,9.4,0.0,9.47,9.2028,9.27,1.0,57045.0
2015-10-19,9.34,9.34,8.9101,9.08,25201.0,9.34,0.0,9.34,8.9101,9.08,1.0,25201.0
2015-10-16,9.14,9.14,8.715,8.84,54749.0,9.14,0.0,9.14,8.715,8.84,1.0,54749.0
2015-10-15,9.0,9.18,8.7723,8.98,78957.0,9.0,0.0,9.18,8.7723,8.98,1.0,78957.0
2015-10-14,8.97,9.02,8.85,9.0,55108.0,8.97,0.0,9.02,8.85,9.0,1.0,55108.0
2015-10-13,9.0,9.4,8.6179,9.4,49690.0,9.0,0.0,9.4,8.6179,9.4,1.0,49690.0
2015-10-12,9.34,9.96,9.105,9.75,39116.0,9.34,0.0,9.96,9.105,9.75,1.0,39116.0
2015-10-09,9.8,9.9246,9.7521,9.86,9580.0,9.8,0.0,9.9246,9.7521,9.86,1.0,9580.0
2015-10-08,9.75,9.89,9.63,9.85,6999.0,9.75,0.0,9.89,9.63,9.85,1.0,6999.0
2015-10-07,9.78,9.96,9.55,9.96,28822.0,9.78,0.0,9.96,9.55,9.96,1.0,28822.0
2015-10-06,9.9,9.95,9.5639,9.95,1946.0,9.9,0.0,9.95,9.5639,9.95,1.0,1946.0
2015-10-05,9.95,9.97,9.25,9.25,23604.0,9.95,0.0,9.97,9.25,9.25,1.0,23604.0
2015-10-02,9.27,9.65,8.51,9.45,49907.0,9.27,0.0,9.65,8.51,9.45,1.0,49907.0
2015-10-01,9.66,9.8499,9.03,9.5035,70804.0,9.66,0.0,9.8499,9.03,9.5035,1.0,70804.0
2015-09-30,9.75,9.96,9.75,9.96,53033.0,9.75,0.0,9.96,9.75,9.96,1.0,53033.0
2015-09-29,9.83,10.19,9.72,9.9,44381.0,9.83,0.0,10.19,9.72,9.9,1.0,44381.0
2015-09-28,10.11,10.3,9.77,9.95,19788.0,10.11,0.0,10.3,9.77,9.95,1.0,19788.0
2015-09-25,9.91,10.3,9.7501,9.9,9265.0,9.91,0.0,10.3,9.7501,9.9,1.0,9265.0
2015-09-24,9.812,10.3,9.75,9.7556,10830.0,9.812,0.0,10.3,9.75,9.7556,1.0,10830.0
2015-09-23,9.81,10.3,9.75,9.78,14246.0,9.81,0.0,10.3,9.75,9.78,1.0,14246.0
2015-09-22,9.7501,9.9195,9.75,9.7926,10747.0,9.7501,0.0,9.9195,9.75,9.7926,1.0,10747.0
2015-09-21,9.76,10.31,9.75,10.19,13401.0,9.76,0.0,10.31,9.75,10.19,1.0,13401.0
2015-09-18,10.03,10.39,9.89,9.89,39030.0,10.03,0.0,10.39,9.89,9.89,1.0,39030.0
2015-09-17,10.0,10.2,9.75,10.0,42138.0,10.0,0.0,10.2,9.75,10.0,1.0,42138.0
2015-09-16,9.84,10.06,9.7564,9.99,9356.0,9.84,0.0,10.06,9.7564,9.99,1.0,9356.0
2015-09-15,10.0,10.24,9.85,9.9,37637.0,10.0,0.0,10.24,9.85,9.9,1.0,37637.0
2015-09-14,10.36,10.4,9.814,9.86,60229.0,10.36,0.0,10.4,9.814,9.86,1.0,60229.0
2015-09-11,9.98,10.0,9.81,9.95,11688.0,9.98,0.0,10.0,9.81,9.95,1.0,11688.0
2015-09-10,9.8088,9.94,9.8,9.8,11232.0,9.8088,0.0,9.94,9.8,9.8,1.0,11232.0
2015-09-09,9.87,10.1287,9.8427,10.08,4074.0,9.87,0.0,10.1287,9.8427,10.08,1.0,4074.0
2015-09-08,10.01,10.3399,9.8,9.8,10628.0,10.01,0.0,10.3399,9.8,9.8,1.0,10628.0
2015-09-04,10.11,10.2,9.8136,9.8136,3649.0,10.11,0.0,10.2,9.8136,9.8136,1.0,3649.0
2015-09-03,10.24,10.24,9.73,9.7401,6972.0,10.24,0.0,10.24,9.73,9.7401,1.0,6972.0
2015-09-02,10.12,10.21,9.78,9.78,2094.0,10.12,0.0,10.21,9.78,9.78,1.0,2094.0
2015-09-01,9.95,10.1899,9.7418,9.844,11514.0,9.95,0.0,10.1899,9.7418,9.844,1.0,11514.0
2015-08-31,9.95,10.2259,9.81,10.205,5440.0,9.95,0.0,10.2259,9.81,10.205,1.0,5440.0
2015-08-28,10.395,10.395,9.941,10.325,15340.0,10.395,0.0,10.395,9.941,10.325,1.0,15340.0
2015-08-27,10.2523,10.49,10.2523,10.49,1675.0,10.2523,0.0,10.49,10.2523,10.49,1.0,1675.0
2015-08-26,10.45,10.95,10.2028,10.2028,30740.0,10.45,0.0,10.95,10.2028,10.2028,1.0,30740.0
2015-08-25,10.35,10.5,10.1916,10.5,55028.0,10.35,0.0,10.5,10.1916,10.5,1.0,55028.0
2015-08-24,10.24,10.38,9.5,10.0,31762.0,10.24,0.0,10.38,9.5,10.0,1.0,31762.0
2015-08-21,10.42,10.52,10.25,10.5,22098.0,10.42,0.0,10.52,10.25,10.5,1.0,22098.0
2015-08-20,10.4,10.51,9.67,10.51,32063.0,10.4,0.0,10.51,9.67,10.51,1.0,32063.0
2015-08-19,10.4701,10.68,9.821,10.45,119251.0,10.4701,0.0,10.68,9.821,10.45,1.0,119251.0
2015-08-18,10.5,10.51,10.38,10.45,21621.0,10.5,0.0,10.51,10.38,10.45,1.0,21621.0
2015-08-17,10.5,10.68,10.4101,10.5,35464.0,10.5,0.0,10.68,10.4101,10.5,1.0,35464.0
2015-08-14,10.5,10.69,10.4,10.4,116249.0,10.5,0.0,10.69,10.4,10.4,1.0,116249.0
2015-08-13,10.6,10.6,9.75,9.75,530411.0,10.6,0.0,10.6,9.75,9.75,1.0,530411.0
