,adj_close,adj_high,adj_low,adj_open,adj_volume,close,ex_dividend,high,low,open,split_ratio,volume
2017-02-10,1.86,1.88,1.8101,1.85,20003.0,1.86,0.0,1.88,1.8101,1.85,1.0,20003.0
2017-02-09,1.84,1.84,1.81,1.81,3549.0,1.84,0.0,1.84,1.81,1.81,1.0,3549.0
2017-02-08,1.84,1.85,1.82,1.85,22881.0,1.84,0.0,1.85,1.82,1.85,1.0,22881.0
2017-02-07,1.8,1.9,1.8,1.85,58399.0,1.8,0.0,1.9,1.8,1.85,1.0,58399.0
2017-02-06,1.89,1.89,1.89,1.89,50.0,1.89,0.0,1.89,1.89,1.89,1.0,50.0
2017-02-03,1.89,1.89,1.8601,1.8601,320.0,1.89,0.0,1.89,1.8601,1.8601,1.0,320.0
2017-02-02,1.89,1.9,1.861,1.9,6668.0,1.89,0.0,1.9,1.861,1.9,1.0,6668.0
2017-02-01,1.85,1.8914,1.81,1.81,9600.0,1.85,0.0,1.8914,1.81,1.81,1.0,9600.0
2017-01-31,1.84,2.02,1.78,1.78,123084.0,1.84,0.0,2.02,1.78,1.78,1.0,123084.0
2017-01-30,1.7908,1.9001,1.78,1.9,18119.0,1.7908,0.0,1.9001,1.78,1.9,1.0,18119.0
2017-01-27,1.88,2.04,1.84,2.04,85985.0,1.88,0.0,2.04,1.84,2.04,1.0,85985.0
2017-01-26,1.95,2.0679,1.94,2.03,12891.0,1.95,0.0,2.0679,1.94,2.03,1.0,12891.0
2017-01-25,2.02,2.08,2.02,2.02,975.0,2.02,0.0,2.08,2.02,2.02,1.0,975.0
2017-01-24,2.05,2.07,2.05,2.06,5302.0,2.05,0.0,2.07,2.05,2.06,1.0,5302.0
2017-01-23,2.05,2.35,2.05,2.23,53006.0,2.05,0.0,2.35,2.05,2.23,1.0,53006.0
2017-01-20,2.24,2.24,1.9569,2.08,13214.0,2.24,0.0,2.24,1.9569,2.08,1.0,13214.0
2017-01-19,2.07,2.29,1.92,1.93,51171.0,2.07,0.0,2.29,1.92,1.93,1.0,51171.0
2017-01-18,1.93,1.97,1.86,1.9584,27276.0,1.93,0.0,1.97,1.86,1.9584,1.0,27276.0
2017-01-17,1.94,2.0,1.87,1.93,27060.0,1.94,0.0,2.0,1.87,1.93,1.0,27060.0
2017-01-13,1.95,2.04,1.935,2.04,6843.0,1.95,0.0,2.04,1.935,2.04,1.0,6843.0
2017-01-12,2.0,2.37,1.9896,2.18,134177.0,2.0,0.0,2.37,1.9896,2.18,1.0,134177.0
2017-01-11,2.18,2.18,1.82,2.0358,126656.0,2.18,0.0,2.18,1.82,2.0358,1.0,126656.0
2017-01-10,1.87,2.01,1.87,2.01,4164.0,1.87,0.0,2.01,1.87,2.01,1.0,4164.0
2017-01-09,2.04,2.04,1.9421,2.0387,56073.0,2.04,0.0,2.04,1.9421,2.0387,1.0,56073.0
2017-01-06,1.91,2.0,1.81,1.81,35626.0,1.91,0.0,2.0,1.81,1.81,1.0,35626.0
2017-01-05,1.93,2.05,1.8995,1.95,8258.0,1.93,0.0,2.05,1.8995,1.95,1.0,8258.0
2017-01-04,1.9999,1.9999,1.8111,1.8111,38619.0,1.9999,0.0,1.9999,1.8111,1.8111,1.0,38619.0
2017-01-03,1.98,2.04,1.78,1.85,82511.0,1.98,0.0,2.04,1.78,1.85,1.0,82511.0
2016-12-30,1.85,1.92,1.65,1.89,37590.0,1.85,0.0,1.92,1.65,1.89,1.0,37590.0
2016-12-29,1.86,2.05,1.85,1.888,59544.0,1.86,0.0,2.05,1.85,1.888,1.0,59544.0
2016-12-28,1.99,1.99,1.6,1.6,128163.0,1.99,0.0,1.99,1.6,1.6,1.0,128163.0
2016-12-27,1.6031,1.71,1.58,1.67,56204.0,1.6031,0.0,1.71,1.58,1.67,1.0,56204.0
2016-12-23,1.67,1.7099,1.67,1.6701,3486.0,1.67,0.0,1.7099,1.67,1.6701,1.0,3486.0
2016-12-22,1.7281,1.78,1.7,1.74,27745.0,1.7281,0.0,1.78,1.7,1.74,1.0,27745.0
2016-12-21,1.74,1.7617,1.74,1.7401,14000.0,1.74,0.0,1.7617,1.74,1.7401,1.0,14000.0
2016-12-20,1.8,1.86,1.78,1.78,11771.0,1.8,0.0,1.86,1.78,1.78,1.0,11771.0
2016-12-19,1.78,1.8227,1.77,1.82,29074.0,1.78,0.0,1.8227,1.77,1.82,1.0,29074.0
2016-12-16,1.83,1.83,1.6927,1.6927,21753.0,1.83,0.0,1.83,1.6927,1.6927,1.0,21753.0
2016-12-15,1.76,1.9,1.63,1.88,86628.0,1.76,0.0,1.9,1.63,1.88,1.0,86628.0
2016-12-14,1.88,2.05,1.88,1.9351,21106.0,1.88,0.0,2.05,1.88,1.9351,1.0,21106.0
2016-12-13,1.9501,1.997,1.8801,1.92,25060.0,1.9501,0.0,1.997,1.8801,1.92,1.0,25060.0
2016-12-12,1.94,1.97,1.91,1.9101,8563.0,1.94,0.0,1.97,1.91,1.9101,1.0,8563.0
2016-12-09,1.93,2.0704,1.91,1.91,2760.0,1.93,0.0,2.0704,1.91,1.91,1.0,2760.0
2016-12-08,1.92,2.107,1.91,1.98,21471.0,1.92,0.0,2.107,1.91,1.98,1.0,21471.0
2016-12-07,1.97,2.27,1.97,2.27,21005.0,1.97,0.0,2.27,1.97,2.27,1.0,21005.0
2016-12-06,1.98,2.0999,1.95,2.0999,33809.0,1.98,0.0,2.0999,1.95,2.0999,1.0,33809.0
2016-12-05,1.98,2.08,1.92,2.08,99213.0,1.98,0.0,2.08,1.92,2.08,1.0,99213.0
2016-12-02,2.0601,2.23,2.06,2.13,47605.0,2.0601,0.0,2.23,2.06,2.13,1.0,47605.0
2016-12-01,2.09,2.269,2.03,2.269,29748.0,2.09,0.0,2.269,2.03,2.269,1.0,29748.0
2016-11-30,2.28,2.28,2.04,2.0733,29471.0,2.28,0.0,2.28,2.04,2.0733,1.0,29471.0
2016-11-29,2.04,2.15,2.02,2.1,44389.0,2.04,0.0,2.15,2.02,2.1,1.0,44389.0
2016-11-28,2.15,2.17,2.0898,2.15,1685.0,2.15,0.0,2.17,2.0898,2.15,1.0,1685.0
2016-11-25,2.1115,2.1668,2.1115,2.1668,486.0,2.1115,0.0,2.1668,2.1115,2.1668,1.0,486.0
2016-11-23,2.1,2.19,2.07,2.0719,16651.0,2.1,0.0,2.19,2.07,2.0719,1.0,16651.0
2016-11-22,2.07,2.12,2.0662,2.0662,2787.0,2.07,0.0,2.12,2.0662,2.0662,1.0,2787.0
2016-11-21,2.07,2.18,2.06,2.06,11200.0,2.07,0.0,2.18,2.06,2.06,1.0,11200.0
2016-11-18,2.06,2.19,2.04,2.16,50800.0,2.06,0.0,2.19,2.04,2.16,1.0,50800.0
2016-11-17,2.05,2.731,2.01,2.08,680853.0,2.05,0.0,2.731,2.01,2.08,1.0,680853.0
2016-11-16,2.09,2.23,2.09,2.11,43108.0,2.09,0.0,2.23,2.09,2.11,1.0,43108.0
2016-11-15,2.1,2.2,2.02,2.15,27754.0,2.1,0.0,2.2,2.02,2.15,1.0,27754.0
2016-11-14,2.15,2.4,2.1,2.3,40610.0,2.15,0.0,2.4,2.1,2.3,1.0,40610.0
2016-11-11,2.18,2.39,2.07,2.39,47344.0,2.18,0.0,2.39,2.07,2.39,1.0,47344.0
2016-11-10,2.38,2.43,2.24,2.241,64814.0,2.38,0.0,2.43,2.24,2.241,1.0,64814.0
2016-11-09,2.38,2.45,2.35,2.42,78655.0,2.38,0.0,2.45,2.35,2.42,1.0,78655.0
2016-11-08,2.42,2.42,2.25,2.39,67283.0,2.42,0.0,2.42,2.25,2.39,1.0,67283.0
2016-11-07,2.4655,2.4655,2.4655,2.4655,159.0,2.4655,0.0,2.4655,2.4655,2.4655,1.0,159.0
2016-11-04,2.342,2.3501,2.3,2.35,4357.0,2.342,0.0,2.3501,2.3,2.35,1.0,4357.0
2016-11-03,2.4699,2.4699,2.3,2.36,5116.0,2.4699,0.0,2.4699,2.3,2.36,1.0,5116.0
2016-11-02,2.36,2.3701,2.3,2.3701,3899.0,2.36,0.0,2.3701,2.3,2.3701,1.0,3899.0
2016-11-01,2.3736,2.41,2.37,2.37,5536.0,2.3736,0.0,2.41,2.37,2.37,1.0,5536.0
2016-10-31,2.3701,2.3701,2.3501,2.3501,8218.0,2.3701,0.0,2.3701,2.3501,2.3501,1.0,8218.0
2016-10-28,2.3235,2.35,2.31,2.34,6820.0,2.3235,0.0,2.35,2.31,2.34,1.0,6820.0
2016-10-27,2.47,2.47,2.31,2.31,8990.0,2.47,0.0,2.47,2.31,2.31,1.0,8990.0
2016-10-26,2.365,2.4547,2.32,2.4547,1240.0,2.365,0.0,2.4547,2.32,2.4547,1.0,1240.0
2016-10-25,2.34,2.34,2.2837,2.324,3332.0,2.34,0.0,2.34,2.2837,2.324,1.0,3332.0
2016-10-24,2.4,2.4621,2.3001,2.4621,3601.0,2.4,0.0,2.4621,2.3001,2.4621,1.0,3601.0
2016-10-21,2.4,2.4,2.35,2.4,4800.0,2.4,0.0,2.4,2.35,2.4,1.0,4800.0
2016-10-20,2.42,2.48,2.25,2.3,11276.0,2.42,0.0,2.48,2.25,2.3,1.0,11276.0
2016-10-19,2.3269,2.3269,2.3269,2.3269,500.0,2.3269,0.0,2.3269,2.3269,2.3269,1.0,500.0
2016-10-18,2.37,2.37,2.2401,2.2872,15406.0,2.37,0.0,2.37,2.2401,2.2872,1.0,15406.0
2016-10-17,2.24,2.43,2.24,2.43,6143.0,2.24,0.0,2.43,2.24,2.43,1.0,6143.0
2016-10-14,2.43,2.4999,2.42,2.42,5103.0,2.43,0.0,2.4999,2.42,2.42,1.0,5103.0
2016-10-13,2.45,2.5299,2.43,2.4666,23680.0,2.45,0.0,2.5299,2.43,2.4666,1.0,23680.0
2016-10-12,2.46,2.465,2.4406,2.465,1064.0,2.46,0.0,2.465,2.4406,2.465,1.0,1064.0
2016-10-11,2.5,2.52,2.5,2.52,1837.0,2.5,0.0,2.52,2.5,2.52,1.0,1837.0
2016-10-10,2.55,2.626,2.55,2.571,635.0,2.55,0.0,2.626,2.55,2.571,1.0,635.0
2016-10-07,2.55,2.6499,2.521,2.521,29680.0,2.55,0.0,2.6499,2.521,2.521,1.0,29680.0
2016-10-06,2.55,2.55,2.5106,2.52,12845.0,2.55,0.0,2.55,2.5106,2.52,1.0,12845.0
2016-10-05,2.55,2.56,2.511,2.511,21500.0,2.55,0.0,2.56,2.511,2.511,1.0,21500.0
2016-10-04,2.55,2.65,2.51,2.53,7301.0,2.55,0.0,2.65,2.51,2.53,1.0,7301.0
2016-10-03,2.61,2.655,2.6001,2.6001,7000.0,2.61,0.0,2.655,2.6001,2.6001,1.0,7000.0
2016-09-30,2.6999,2.7,2.5,2.5,24102.0,2.6999,0.0,2.7,2.5,2.5,1.0,24102.0
2016-09-29,2.66,2.67,2.45,2.65,126307.0,2.66,0.0,2.67,2.45,2.65,1.0,126307.0
2016-09-28,2.67,2.68,2.4,2.56,48418.0,2.67,0.0,2.68,2.4,2.56,1.0,48418.0
2016-09-27,2.7,2.7,2.52,2.62,21228.0,2.7,0.0,2.7,2.52,2.62,1.0,21228.0
2016-09-26,2.62,2.62,2.61,2.61,662.0,2.62,0.0,2.62,2.61,2.61,1.0,662.0
2016-09-23,2.65,2.7987,2.65,2.71,29069.0,2.65,0.0,2.7987,2.65,2.71,1.0,29069.0
2016-09-22,2.71,2.8622,2.68,2.7,33814.0,2.71,0.0,2.8622,2.68,2.7,1.0,33814.0
2016-09-21,2.72,3.03,2.6889,2.7,229239.0,2.72,0.0,3.03,2.6889,2.7,1.0,229239.0
2016-09-20,2.79,2.79,2.64,2.6612,6121.0,2.79,0.0,2.79,2.64,2.6612,1.0,6121.0
2016-09-19,2.69,2.7,2.61,2.61,12028.0,2.69,0.0,2.7,2.61,2.61,1.0,12028.0
2016-09-16,2.64,2.65,2.61,2.62,5668.0,2.64,0.0,2.65,2.61,2.62,1.0,5668.0
2016-09-15,2.66,2.7,2.64,2.68,15259.0,2.66,0.0,2.7,2.64,2.68,1.0,15259.0
2016-09-14,2.66,2.76,2.6,2.7,81957.0,2.66,0.0,2.76,2.6,2.7,1.0,81957.0
2016-09-13,2.7,2.8529,2.6954,2.8529,3506.0,2.7,0.0,2.8529,2.6954,2.8529,1.0,3506.0
2016-09-12,2.8,2.83,2.6839,2.83,3791.0,2.8,0.0,2.83,2.6839,2.83,1.0,3791.0
2016-09-09,2.69,2.85,2.69,2.81,15655.0,2.69,0.0,2.85,2.69,2.81,1.0,15655.0
2016-09-08,2.8,2.85,2.71,2.74,32074.0,2.8,0.0,2.85,2.71,2.74,1.0,32074.0
2016-09-07,2.892,2.9365,2.7,2.71,18624.0,2.892,0.0,2.9365,2.7,2.71,1.0,18624.0
2016-09-06,2.8211,2.84,2.702,2.702,60293.0,2.8211,0.0,2.84,2.702,2.702,1.0,60293.0
2016-09-02,2.7201,2.75,2.65,2.65,1220.0,2.7201,0.0,2.75,2.65,2.65,1.0,1220.0
2016-09-01,2.795,2.96,2.75,2.7801,9256.0,2.795,0.0,2.96,2.75,2.7801,1.0,9256.0
2016-08-31,2.7464,2.83,2.7101,2.83,19388.0,2.7464,0.0,2.83,2.7101,2.83,1.0,19388.0
2016-08-30,2.82,2.839,2.65,2.68,14060.0,2.82,0.0,2.839,2.65,2.68,1.0,14060.0
2016-08-29,2.82,2.854,2.62,2.79,16581.0,2.82,0.0,2.854,2.62,2.79,1.0,16581.0
2016-08-26,2.87,2.98,2.76,2.81,26942.0,2.87,0.0,2.98,2.76,2.81,1.0,26942.0
2016-08-25,2.94,3.06,2.78,2.82,122411.0,2.94,0.0,3.06,2.78,2.82,1.0,122411.0
2016-08-24,2.95,3.6,2.8001,2.89,683745.0,2.95,0.0,3.6,2.8001,2.89,1.0,683745.0
2016-08-23,2.8301,2.9,2.39,2.54,219646.0,2.8301,0.0,2.9,2.39,2.54,1.0,219646.0
2016-08-22,2.37,2.43,2.33,2.38,25485.0,2.37,0.0,2.43,2.33,2.38,1.0,25485.0
2016-08-19,2.38,2.48,2.3,2.4699,9260.0,2.38,0.0,2.48,2.3,2.4699,1.0,9260.0
2016-08-18,2.42,2.44,2.33,2.401,18821.0,2.42,0.0,2.44,2.33,2.401,1.0,18821.0
2016-08-17,2.39,2.4294,2.33,2.4294,27944.0,2.39,0.0,2.4294,2.33,2.4294,1.0,27944.0
2016-08-16,2.44,2.46,2.3,2.425,9487.0,2.44,0.0,2.46,2.3,2.425,1.0,9487.0
2016-08-15,2.3955,2.47,2.33,2.36,39885.0,2.3955,0.0,2.47,2.33,2.36,1.0,39885.0
2016-08-12,2.4,2.55,2.31,2.31,145680.0,2.4,0.0,2.55,2.31,2.31,1.0,145680.0
2016-08-11,2.31,2.385,2.235,2.385,21182.0,2.31,0.0,2.385,2.235,2.385,1.0,21182.0
2016-08-10,2.34,2.3895,2.3,2.301,35881.0,2.34,0.0,2.3895,2.3,2.301,1.0,35881.0
2016-08-09,2.3,2.3,2.181,2.181,12962.0,2.3,0.0,2.3,2.181,2.181,1.0,12962.0
2016-08-08,2.27,2.35,2.26,2.261,5357.0,2.27,0.0,2.35,2.26,2.261,1.0,5357.0
2016-08-05,2.2301,2.419,2.201,2.419,3690.0,2.2301,0.0,2.419,2.201,2.419,1.0,3690.0
2016-08-04,2.19,2.3186,2.1,2.18,52114.0,2.19,0.0,2.3186,2.1,2.18,1.0,52114.0
2016-08-03,2.2,2.2,2.1,2.19,40642.0,2.2,0.0,2.2,2.1,2.19,1.0,40642.0
2016-08-02,2.25,2.3899,2.2099,2.299,46749.0,2.25,0.0,2.3899,2.2099,2.299,1.0,46749.0
2016-08-01,2.35,2.47,2.1573,2.16,56230.0,2.35,0.0,2.47,2.1573,2.16,1.0,56230.0
2016-07-29,2.18,2.2419,2.12,2.2301,18682.0,2.18,0.0,2.2419,2.12,2.2301,1.0,18682.0
2016-07-28,2.23,2.3799,2.21,2.36,54476.0,2.23,0.0,2.3799,2.21,2.36,1.0,54476.0
2016-07-27,2.38,2.7,2.35,2.7,82690.0,2.38,0.0,2.7,2.35,2.7,1.0,82690.0
2016-07-26,2.7,2.85,2.221,2.56,318257.0,2.7,0.0,2.85,2.221,2.56,1.0,318257.0
2016-07-25,2.55,2.6,2.3,2.53,124302.0,2.55,0.0,2.6,2.3,2.53,1.0,124302.0
2016-07-22,2.51,2.93,2.37,2.93,393132.0,2.51,0.0,2.93,2.37,2.93,1.0,393132.0
2016-07-21,2.66,3.2,1.81,1.88,2600908.0,2.66,0.0,3.2,1.81,1.88,1.0,2600908.0
2016-07-20,1.79,1.8252,1.76,1.8,3637.0,1.79,0.0,1.8252,1.76,1.8,1.0,3637.0
2016-07-19,1.8,1.8248,1.77,1.79,6649.0,1.8,0.0,1.8248,1.77,1.79,1.0,6649.0
2016-07-18,1.7786,1.78,1.69,1.7196,15459.0,1.7786,0.0,1.78,1.69,1.7196,1.0,15459.0
2016-07-15,1.7,1.81,1.65,1.795,16500.0,1.7,0.0,1.81,1.65,1.795,1.0,16500.0
2016-07-14,1.81,1.99,1.67,1.74,90150.0,1.81,0.0,1.99,1.67,1.74,1.0,90150.0
2016-07-13,1.71,1.775,1.66,1.71,17766.0,1.71,0.0,1.775,1.66,1.71,1.0,17766.0
2016-07-12,1.7,1.8299,1.68,1.74,4443.0,1.7,0.0,1.8299,1.68,1.74,1.0,4443.0
2016-07-11,1.812,1.9765,1.64,1.9765,8908.0,1.812,0.0,1.9765,1.64,1.9765,1.0,8908.0
2016-07-08,1.77,1.91,1.68,1.82,22236.0,1.77,0.0,1.91,1.68,1.82,1.0,22236.0
2016-07-07,1.79,1.79,1.67,1.68,18384.0,1.79,0.0,1.79,1.67,1.68,1.0,18384.0
2016-07-06,1.63,1.75,1.59,1.7405,19948.0,1.63,0.0,1.75,1.59,1.7405,1.0,19948.0
2016-07-05,1.7499,1.79,1.66,1.79,9954.0,1.7499,0.0,1.79,1.66,1.79,1.0,9954.0
2016-07-01,1.77,1.87,1.6501,1.6501,20833.0,1.77,0.0,1.87,1.6501,1.6501,1.0,20833.0
2016-06-30,1.64,1.8199,1.61,1.69,19060.0,1.64,0.0,1.8199,1.61,1.69,1.0,19060.0
2016-06-29,1.6,1.6806,1.6,1.6806,5279.0,1.6,0.0,1.6806,1.6,1.6806,1.0,5279.0
2016-06-28,1.61,1.7,1.6,1.62,5851.0,1.61,0.0,1.7,1.6,1.62,1.0,5851.0
2016-06-27,1.6116,1.72,1.56,1.72,29341.0,1.6116,0.0,1.72,1.56,1.72,1.0,29341.0
2016-06-24,1.75,1.86,1.72,1.75,25761.0,1.75,0.0,1.86,1.72,1.75,1.0,25761.0
2016-06-23,1.83,1.8643,1.76,1.7987,16220.0,1.83,0.0,1.8643,1.76,1.7987,1.0,16220.0
2016-06-22,1.76,1.8662,1.75,1.85,10710.0,1.76,0.0,1.8662,1.75,1.85,1.0,10710.0
2016-06-21,1.86,1.87,1.73,1.73,33135.0,1.86,0.0,1.87,1.73,1.73,1.0,33135.0
2016-06-20,1.77,1.81,1.72,1.78,19729.0,1.77,0.0,1.81,1.72,1.78,1.0,19729.0
2016-06-17,1.76,1.8581,1.75,1.8581,8475.0,1.76,0.0,1.8581,1.75,1.8581,1.0,8475.0
2016-06-16,1.79,1.8699,1.75,1.75,5401.0,1.79,0.0,1.8699,1.75,1.75,1.0,5401.0
2016-06-15,1.74,1.88,1.74,1.78,10639.0,1.74,0.0,1.88,1.74,1.78,1.0,10639.0
2016-06-14,1.8,1.98,1.77,1.92,14340.0,1.8,0.0,1.98,1.77,1.92,1.0,14340.0
2016-06-13,1.9425,2.14,1.86,2.14,82044.0,1.9425,0.0,2.14,1.86,2.14,1.0,82044.0
2016-06-10,2.11,2.2081,2.11,2.16,18540.0,2.11,0.0,2.2081,2.11,2.16,1.0,18540.0
2016-06-09,2.19,2.32,2.11,2.29,23328.0,2.19,0.0,2.32,2.11,2.29,1.0,23328.0
2016-06-08,2.27,2.2999,2.11,2.2499,23590.0,2.27,0.0,2.2999,2.11,2.2499,1.0,23590.0
2016-06-07,2.25,2.46,2.21,2.3217,50592.0,2.25,0.0,2.46,2.21,2.3217,1.0,50592.0
2016-06-06,2.2,2.37,2.1,2.19,38118.0,2.2,0.0,2.37,2.1,2.19,1.0,38118.0
2016-06-03,2.185,2.2421,2.1,2.1,27896.0,2.185,0.0,2.2421,2.1,2.1,1.0,27896.0
2016-06-02,2.11,2.213,2.11,2.195,20278.0,2.11,0.0,2.213,2.11,2.195,1.0,20278.0
2016-06-01,2.17,2.275,2.11,2.22,11800.0,2.17,0.0,2.275,2.11,2.22,1.0,11800.0
2016-05-31,2.2,2.35,2.2,2.25,47064.0,2.2,0.0,2.35,2.2,2.25,1.0,47064.0
2016-05-27,2.24,2.3386,2.2,2.3386,18600.0,2.24,0.0,2.3386,2.2,2.3386,1.0,18600.0
2016-05-26,2.21,2.37,2.2,2.27,48206.0,2.21,0.0,2.37,2.2,2.27,1.0,48206.0
2016-05-25,2.27,2.29,2.07,2.07,35064.0,2.27,0.0,2.29,2.07,2.07,1.0,35064.0
2016-05-24,2.01,2.4,2.01,2.36,69152.0,2.01,0.0,2.4,2.01,2.36,1.0,69152.0
2016-05-23,2.42,2.46,2.24,2.24,20237.0,2.42,0.0,2.46,2.24,2.24,1.0,20237.0
2016-05-20,2.37,2.5499,2.03,2.34,62697.0,2.37,0.0,2.5499,2.03,2.34,1.0,62697.0
2016-05-19,2.36,2.58,2.36,2.5,7932.0,2.36,0.0,2.58,2.36,2.5,1.0,7932.0
2016-05-18,2.5804,2.84,2.4,2.4,63466.0,2.5804,0.0,2.84,2.4,2.4,1.0,63466.0
2016-05-17,2.39,2.98,2.25,2.74,131421.0,2.39,0.0,2.98,2.25,2.74,1.0,131421.0
2016-05-16,2.88,3.2499,2.83,3.0,41276.0,2.88,0.0,3.2499,2.83,3.0,1.0,41276.0
2016-05-13,3.0999,3.2538,2.97,2.97,25750.0,3.0999,0.0,3.2538,2.97,2.97,1.0,25750.0
2016-05-12,3.0,3.6,2.96,3.59,65090.0,3.0,0.0,3.6,2.96,3.59,1.0,65090.0
2016-05-11,3.5999,3.67,3.57,3.67,9653.0,3.5999,0.0,3.67,3.57,3.67,1.0,9653.0
2016-05-10,3.52,3.83,3.52,3.83,6046.0,3.52,0.0,3.83,3.52,3.83,1.0,6046.0
2016-05-09,3.72,3.81,3.57,3.81,13970.0,3.72,0.0,3.81,3.57,3.81,1.0,13970.0
2016-05-06,3.77,3.97,3.73,3.85,12653.0,3.77,0.0,3.97,3.73,3.85,1.0,12653.0
2016-05-05,3.83,3.9044,3.56,3.56,14998.0,3.83,0.0,3.9044,3.56,3.56,1.0,14998.0
2016-05-04,3.52,3.963,3.52,3.96,14270.0,3.52,0.0,3.963,3.52,3.96,1.0,14270.0
2016-05-03,3.93,3.96,3.91,3.96,3443.0,3.93,0.0,3.96,3.91,3.96,1.0,3443.0
2016-05-02,4.0,4.15,4.0,4.0,8055.0,4.0,0.0,4.15,4.0,4.0,1.0,8055.0
2016-04-29,4.01,4.19,4.0,4.19,12262.0,4.01,0.0,4.19,4.0,4.19,1.0,12262.0
2016-04-28,4.14,4.1799,4.07,4.17,11443.0,4.14,0.0,4.1799,4.07,4.17,1.0,11443.0
2016-04-27,4.11,4.17,4.0822,4.0822,1351.0,4.11,0.0,4.17,4.0822,4.0822,1.0,1351.0
2016-04-26,4.15,4.16,4.0505,4.13,13799.0,4.15,0.0,4.16,4.0505,4.13,1.0,13799.0
2016-04-25,4.14,4.15,4.0601,4.0601,1316.0,4.14,0.0,4.15,4.0601,4.0601,1.0,1316.0
2016-04-22,4.13,4.14,4.0544,4.0544,1265.0,4.13,0.0,4.14,4.0544,4.0544,1.0,1265.0
2016-04-21,4.15,4.16,3.93,4.04,20894.0,4.15,0.0,4.16,3.93,4.04,1.0,20894.0
2016-04-20,4.16,4.16,4.0292,4.126,18973.0,4.16,0.0,4.16,4.0292,4.126,1.0,18973.0
2016-04-19,4.12,4.19,4.08,4.19,3741.0,4.12,0.0,4.19,4.08,4.19,1.0,3741.0
2016-04-18,4.13,4.158,4.0301,4.08,5150.0,4.13,0.0,4.158,4.0301,4.08,1.0,5150.0
2016-04-15,4.06,4.08,4.06,4.08,238.0,4.06,0.0,4.08,4.06,4.08,1.0,238.0
2016-04-14,4.2,4.211,4.07,4.07,651.0,4.2,0.0,4.211,4.07,4.07,1.0,651.0
2016-04-13,4.27,4.29,4.1373,4.1396,11731.0,4.27,0.0,4.29,4.1373,4.1396,1.0,11731.0
2016-04-12,4.12,4.24,4.03,4.22,20006.0,4.12,0.0,4.24,4.03,4.22,1.0,20006.0
2016-04-11,4.15,4.3499,4.065,4.3499,49632.0,4.15,0.0,4.3499,4.065,4.3499,1.0,49632.0
2016-04-08,4.13,4.3499,4.13,4.3499,8400.0,4.13,0.0,4.3499,4.13,4.3499,1.0,8400.0
2016-04-07,4.2,4.35,4.1983,4.1983,11820.0,4.2,0.0,4.35,4.1983,4.1983,1.0,11820.0
2016-04-06,4.2899,4.32,4.22,4.32,3014.0,4.2899,0.0,4.32,4.22,4.32,1.0,3014.0
2016-04-05,4.33,4.3799,4.22,4.22,15036.0,4.33,0.0,4.3799,4.22,4.22,1.0,15036.0
2016-04-04,4.13,4.27,4.056,4.24,18479.0,4.13,0.0,4.27,4.056,4.24,1.0,18479.0
2016-04-01,4.29,4.35,4.16,4.18,3950.0,4.29,0.0,4.35,4.16,4.18,1.0,3950.0
2016-03-31,4.25,4.29,4.11,4.18,20181.0,4.25,0.0,4.29,4.11,4.18,1.0,20181.0
2016-03-30,4.18,4.206,3.99,4.2,32179.0,4.18,0.0,4.206,3.99,4.2,1.0,32179.0
2016-03-29,4.12,4.21,4.02,4.04,26997.0,4.12,0.0,4.21,4.02,4.04,1.0,26997.0
2016-03-28,4.06,4.18,3.82,3.97,29770.0,4.06,0.0,4.18,3.82,3.97,1.0,29770.0
2016-03-24,4.0454,4.13,3.8,4.0,23353.0,4.0454,0.0,4.13,3.8,4.0,1.0,23353.0
2016-03-23,4.07,4.34,3.84,4.28,47797.0,4.07,0.0,4.34,3.84,4.28,1.0,47797.0
2016-03-22,4.33,4.4,4.17,4.28,18164.0,4.33,0.0,4.4,4.17,4.28,1.0,18164.0
2016-03-21,4.26,4.44,4.12,4.1499,95434.0,4.26,0.0,4.44,4.12,4.1499,1.0,95434.0
2016-03-18,4.1401,4.32,4.13,4.27,18424.0,4.1401,0.0,4.32,4.13,4.27,1.0,18424.0
2016-03-17,4.2301,4.34,4.07,4.2,44158.0,4.2301,0.0,4.34,4.07,4.2,1.0,44158.0
2016-03-16,4.2,4.27,3.9,4.06,47775.0,4.2,0.0,4.27,3.9,4.06,1.0,47775.0
2016-03-15,4.06,4.3,4.05,4.3,26571.0,4.06,0.0,4.3,4.05,4.3,1.0,26571.0
2016-03-14,4.34,4.4,4.1211,4.4,37677.0,4.34,0.0,4.4,4.1211,4.4,1.0,37677.0
2016-03-11,4.4005,4.62,4.09,4.09,63162.0,4.4005,0.0,4.62,4.09,4.09,1.0,63162.0
2016-03-10,4.38,4.4489,3.9601,4.25,87353.0,4.38,0.0,4.4489,3.9601,4.25,1.0,87353.0
2016-03-09,4.27,4.31,3.93,3.935,58191.0,4.27,0.0,4.31,3.93,3.935,1.0,58191.0
2016-03-08,3.95,3.98,3.92,3.92,2683.0,3.95,0.0,3.98,3.92,3.92,1.0,2683.0
2016-03-07,4.0,4.0,3.8316,3.95,31284.0,4.0,0.0,4.0,3.8316,3.95,1.0,31284.0
2016-03-04,4.06,4.19,3.8,4.12,81418.0,4.06,0.0,4.19,3.8,4.12,1.0,81418.0
2016-03-03,4.11,4.27,3.101,3.13,139287.0,4.11,0.0,4.27,3.101,3.13,1.0,139287.0
2016-03-02,3.35,3.406,2.8501,2.96,57811.0,3.35,0.0,3.406,2.8501,2.96,1.0,57811.0
2016-03-01,2.96,3.7,2.9,3.1,28430.0,2.96,0.0,3.7,2.9,3.1,0.2,28430.0
2016-02-29,3.15,3.2995,3.0,3.2755,17186.2,0.63,0.0,0.6599,0.6,0.6551,1.0,85931.0
2016-02-26,3.2505,3.304,3.2005,3.2505,2569.0,0.6501,0.0,0.6608,0.6401,0.6501,1.0,12845.0
2016-02-25,3.25,3.6,3.2,3.6,3811.0,0.65,0.0,0.72,0.64,0.72,1.0,19055.0
2016-02-24,3.4,3.4,3.275,3.305,7456.6,0.68,0.0,0.68,0.655,0.661,1.0,37283.0
2016-02-23,3.3275,3.4145,3.305,3.305,410.0,0.6655,0.0,0.6829,0.661,0.661,1.0,2050.0
2016-02-22,3.325,3.5995,3.2505,3.2505,13299.0,0.665,0.0,0.7199,0.6501,0.6501,1.0,66495.0
2016-02-19,3.21,3.4975,3.1505,3.211,6427.0,0.642,0.0,0.6995,0.6301,0.6422,1.0,32135.0
2016-02-18,3.25,3.28,3.0,3.1495,9256.0,0.65,0.0,0.656,0.6,0.6299,1.0,46280.0
2016-02-17,3.15,3.3,3.0,3.3,9770.8,0.63,0.0,0.66,0.6,0.66,1.0,48854.0
2016-02-16,3.2335,3.25,3.0,3.0,13594.2,0.6467,0.0,0.65,0.6,0.6,1.0,67971.0
2016-02-12,2.9745,3.491,2.655,3.49,44100.4,0.5949,0.0,0.6982,0.531,0.698,1.0,220502.0
2016-02-11,3.546,3.6485,3.35,3.4175,9323.4,0.7092,0.0,0.7297,0.67,0.6835,1.0,46617.0
2016-02-10,3.4175,3.725,3.4,3.6845,13578.2,0.6835,0.0,0.745,0.68,0.7369,1.0,67891.0
2016-02-09,3.49,3.6,3.4625,3.514,5630.2,0.698,0.0,0.72,0.6925,0.7028,1.0,28151.0
2016-02-08,3.55,3.74,3.5,3.5,5160.8,0.71,0.0,0.748,0.7,0.7,1.0,25804.0
2016-02-05,3.642,3.6995,3.5,3.6995,665.2,0.7284,0.0,0.7399,0.7,0.7399,1.0,3326.0
2016-02-04,3.5505,3.7385,3.45,3.7385,3720.0,0.7101,0.0,0.7477,0.69,0.7477,1.0,18600.0
2016-02-03,3.5725,3.7385,3.4,3.7375,14080.0,0.7145,0.0,0.7477,0.68,0.7475,1.0,70400.0
2016-02-02,3.6455,3.655,3.5005,3.525,4485.0,0.7291,0.0,0.731,0.7001,0.705,1.0,22425.0
2016-02-01,3.55,3.75,3.525,3.75,3554.0,0.71,0.0,0.75,0.705,0.75,1.0,17770.0
2016-01-29,3.75,3.75,3.525,3.525,10612.6,0.75,0.0,0.75,0.705,0.705,1.0,53063.0
2016-01-28,3.525,3.75,3.45,3.699,16132.6,0.705,0.0,0.75,0.69,0.7398,1.0,80663.0
2016-01-27,3.699,3.699,3.4575,3.5,4945.4,0.7398,0.0,0.7398,0.6915,0.7,1.0,24727.0
2016-01-26,3.4505,3.75,3.4,3.55,15341.6,0.6901,0.0,0.75,0.68,0.71,1.0,76708.0
2016-01-25,3.3,3.75,3.3,3.35,22729.4,0.66,0.0,0.75,0.66,0.67,1.0,113647.0
2016-01-22,3.15,3.245,2.95,3.0775,9497.8,0.63,0.0,0.649,0.59,0.6155,1.0,47489.0
2016-01-21,3.25,3.25,2.8,2.95,8285.2,0.65,0.0,0.65,0.56,0.59,1.0,41426.0
2016-01-20,3.0,3.0005,2.8,3.0,17512.2,0.6,0.0,0.6001,0.56,0.6,1.0,87561.0
2016-01-19,3.0,3.1295,2.8,2.8,8714.8,0.6,0.0,0.6259,0.56,0.56,1.0,43574.0
2016-01-15,2.7855,3.04,2.75,2.75,4436.6,0.5571,0.0,0.608,0.55,0.55,1.0,22183.0
2016-01-14,2.702,3.15,2.6,3.15,7796.4,0.5404,0.0,0.63,0.52,0.63,1.0,38982.0
2016-01-13,2.65,3.0,2.65,2.865,28075.8,0.53,0.0,0.6,0.53,0.573,1.0,140379.0
2016-01-12,2.8505,3.4,2.61,3.4,31260.8,0.5701,0.0,0.68,0.522,0.68,1.0,156304.0
2016-01-11,3.35,3.7015,3.344,3.7015,9223.0,0.67,0.0,0.7403,0.6688,0.7403,1.0,46115.0
2016-01-08,3.54,3.65,3.4,3.4,2140.6,0.708,0.0,0.73,0.68,0.68,1.0,10703.0
2016-01-07,3.405,3.6,3.4,3.525,4540.0,0.681,0.0,0.72,0.68,0.705,1.0,22700.0
2016-01-06,3.625,3.6455,3.5,3.644,12080.2,0.725,0.0,0.7291,0.7,0.7288,1.0,60401.0
2016-01-05,3.644,3.65,3.644,3.649,5033.0,0.7288,0.0,0.73,0.7288,0.7298,1.0,25165.0
2016-01-04,3.571,3.65,3.45,3.6,14480.8,0.7142,0.0,0.73,0.69,0.72,1.0,72404.0
