,adj_close,adj_high,adj_low,adj_open,adj_volume,close,ex_dividend,high,low,open,split_ratio,volume
2017-02-10,15.4,15.51,15.281,15.34,447078.0,15.4,0.0,15.51,15.281,15.34,1.0,447078.0
2017-02-09,15.32,15.64,15.21,15.46,703514.0,15.32,0.0,15.64,15.21,15.46,1.0,703514.0
2017-02-08,15.44,15.65,15.01,15.35,1177202.0,15.44,0.0,15.65,15.01,15.35,1.0,1177202.0
2017-02-07,15.38,15.47,15.14,15.19,777962.0,15.38,0.0,15.47,15.14,15.19,1.0,777962.0
2017-02-06,15.1,15.2573,15.06,15.21,835620.0,15.1,0.0,15.2573,15.06,15.21,1.0,835620.0
2017-02-03,15.21,15.28,15.02,15.1,652000.0,15.21,0.0,15.28,15.02,15.1,1.0,652000.0
2017-02-02,14.96,15.092,14.91,15.0,510188.0,14.96,0.0,15.092,14.91,15.0,1.0,510188.0
2017-02-01,14.99,15.36,14.98,15.19,310064.0,14.99,0.0,15.36,14.98,15.19,1.0,310064.0
2017-01-31,15.16,15.37,15.08,15.1,316952.0,15.16,0.0,15.37,15.08,15.1,1.0,316952.0
2017-01-30,15.17,15.35,15.09,15.35,268039.0,15.17,0.0,15.35,15.09,15.35,1.0,268039.0
2017-01-27,15.4,15.4681,15.01,15.41,1001897.0,15.4,0.0,15.4681,15.01,15.41,1.0,1001897.0
2017-01-26,15.38,15.55,15.36,15.47,168645.0,15.38,0.0,15.55,15.36,15.47,1.0,168645.0
2017-01-25,15.45,15.68,15.42,15.68,292041.0,15.45,0.0,15.68,15.42,15.68,1.0,292041.0
2017-01-24,15.61,15.68,15.44,15.52,313711.0,15.61,0.0,15.68,15.44,15.52,1.0,313711.0
2017-01-23,15.47,15.54,15.4,15.4,248037.0,15.47,0.0,15.54,15.4,15.4,1.0,248037.0
2017-01-20,15.44,15.535,15.395,15.43,146940.0,15.44,0.0,15.535,15.395,15.43,1.0,146940.0
2017-01-19,15.43,15.48,15.36,15.48,282395.0,15.43,0.0,15.48,15.36,15.48,1.0,282395.0
2017-01-18,15.48,15.68,15.44,15.6,337149.0,15.48,0.0,15.68,15.44,15.6,1.0,337149.0
2017-01-17,15.58,15.62,15.38,15.5,228246.0,15.58,0.0,15.62,15.38,15.5,1.0,228246.0
2017-01-13,15.445,15.51,15.35,15.48,162267.0,15.445,0.0,15.51,15.35,15.48,1.0,162267.0
2017-01-12,15.45,15.59,15.29,15.59,189529.0,15.45,0.0,15.59,15.29,15.59,1.0,189529.0
2017-01-11,15.51,15.64,15.38,15.46,429094.0,15.51,0.0,15.64,15.38,15.46,1.0,429094.0
2017-01-10,15.46,15.52,15.3,15.36,295482.0,15.46,0.0,15.52,15.3,15.36,1.0,295482.0
2017-01-09,15.39,15.58,15.37,15.54,349444.0,15.39,0.0,15.58,15.37,15.54,1.0,349444.0
2017-01-06,15.56,15.65,15.45,15.57,614296.0,15.56,0.0,15.65,15.45,15.57,1.0,614296.0
2017-01-05,15.57,15.69,15.4,15.61,305339.0,15.57,0.0,15.69,15.4,15.61,1.0,305339.0
2017-01-04,15.64,15.705,15.25,15.32,688910.0,15.64,0.0,15.705,15.25,15.32,1.0,688910.0
2017-01-03,15.28,15.37,15.09,15.11,440718.0,15.28,0.0,15.37,15.09,15.11,1.0,440718.0
2016-12-30,15.32,15.42,15.18,15.27,510114.0,15.32,0.0,15.42,15.18,15.27,1.0,510114.0
2016-12-29,15.24,15.25,15.02,15.12,365508.0,15.24,0.0,15.25,15.02,15.12,1.0,365508.0
2016-12-28,15.02,15.12,14.91,15.03,507265.0,15.02,0.0,15.12,14.91,15.03,1.0,507265.0
2016-12-27,15.18,15.21,15.05,15.21,233048.0,15.18,0.0,15.21,15.05,15.21,1.0,233048.0
2016-12-23,15.15,15.2,14.9765,15.14,247112.0,15.15,0.0,15.2,14.9765,15.14,1.0,247112.0
2016-12-22,15.07,15.19,14.96,15.16,301298.0,15.07,0.0,15.19,14.96,15.16,1.0,301298.0
2016-12-21,15.12,15.67,15.11,15.4,396443.0,15.12,0.0,15.67,15.11,15.4,1.0,396443.0
2016-12-20,15.41,15.66,15.3,15.54,513752.0,15.41,0.0,15.66,15.3,15.54,1.0,513752.0
2016-12-19,15.51,15.56,15.28,15.39,381455.0,15.51,0.0,15.56,15.28,15.39,1.0,381455.0
2016-12-16,15.23,15.4,14.94,14.96,3504313.0,15.23,0.0,15.4,14.94,14.96,1.0,3504313.0
2016-12-15,14.89,15.0,14.56,14.6,945458.0,14.89,0.0,15.0,14.56,14.6,1.0,945458.0
2016-12-14,14.68,15.22,14.66,15.2,585003.0,14.68,0.0,15.22,14.66,15.2,1.0,585003.0
2016-12-13,15.15,15.39,15.1,15.22,742080.0,15.15,0.0,15.39,15.1,15.22,1.0,742080.0
2016-12-12,15.14,15.25,14.96,15.25,1075941.0,15.14,0.0,15.25,14.96,15.25,1.0,1075941.0
2016-12-09,15.17,15.5,15.04,15.3,677514.0,15.17,0.0,15.5,15.04,15.3,1.0,677514.0
2016-12-08,15.28,15.43,15.0,15.05,624615.0,15.28,0.0,15.43,15.0,15.05,1.0,624615.0
2016-12-07,15.07,15.17,14.86,14.88,609103.0,15.07,0.0,15.17,14.86,14.88,1.0,609103.0
2016-12-06,14.8,14.875,14.63,14.78,939003.0,14.8,0.0,14.875,14.63,14.78,1.0,939003.0
2016-12-05,14.66,14.84,14.29,14.83,685360.0,14.66,0.0,14.84,14.29,14.83,1.0,685360.0
2016-12-02,14.58,14.73,14.27,14.27,565886.0,14.58,0.0,14.73,14.27,14.27,1.0,565886.0
2016-12-01,14.1,14.29,13.89,14.17,426956.0,14.1,0.0,14.29,13.89,14.17,1.0,426956.0
2016-11-30,14.15,14.43,14.05,14.36,534092.0,14.15,0.0,14.43,14.05,14.36,1.0,534092.0
2016-11-29,14.45,14.58,14.23,14.3,337090.0,14.45,0.0,14.58,14.23,14.3,1.0,337090.0
2016-11-28,14.23,14.49,14.14,14.31,439559.0,14.23,0.0,14.49,14.14,14.31,1.0,439559.0
2016-11-25,14.32,14.455,14.25,14.29,390634.0,14.32,0.0,14.455,14.25,14.29,1.0,390634.0
2016-11-23,14.21,14.2999,14.095,14.23,270368.0,14.21,0.0,14.2999,14.095,14.23,1.0,270368.0
2016-11-22,14.31,14.31,13.96,14.0,468671.0,14.31,0.0,14.31,13.96,14.0,1.0,468671.0
2016-11-21,13.87,14.15,13.74,13.84,342178.0,13.87,0.0,14.15,13.74,13.84,1.0,342178.0
2016-11-18,13.76,13.84,13.57,13.66,1204982.0,13.76,0.0,13.84,13.57,13.66,1.0,1204982.0
2016-11-17,13.62,13.8,13.58,13.62,834181.0,13.62,0.0,13.8,13.58,13.62,1.0,834181.0
2016-11-16,13.62,13.74,13.48,13.58,1004059.0,13.62,0.0,13.74,13.48,13.58,1.0,1004059.0
2016-11-15,13.56,13.8,13.45,13.72,4123897.0,13.56,0.0,13.8,13.45,13.72,1.0,4123897.0
2016-11-14,13.99,13.99,13.48,13.6,351660.0,13.99,0.0,13.99,13.48,13.6,1.0,351660.0
2016-11-11,13.55,13.73,13.36,13.45,588557.0,13.55,0.0,13.73,13.36,13.45,1.0,588557.0
2016-11-10,13.38,13.5656,12.93,13.44,491740.0,13.38,0.0,13.5656,12.93,13.44,1.0,491740.0
2016-11-09,13.42,13.46,12.7,12.98,304111.0,13.42,0.0,13.46,12.7,12.98,1.0,304111.0
2016-11-08,13.34,13.75,13.3,13.75,360184.0,13.34,0.0,13.75,13.3,13.75,1.0,360184.0
2016-11-07,13.75,13.76,13.48,13.52,196147.0,13.75,0.0,13.76,13.48,13.52,1.0,196147.0
2016-11-04,13.39,13.48,13.07,13.26,262296.0,13.39,0.0,13.48,13.07,13.26,1.0,262296.0
2016-11-03,13.18,13.73,13.13,13.5,291624.0,13.18,0.0,13.73,13.13,13.5,1.0,291624.0
2016-11-02,13.45,13.73,13.36,13.64,329261.0,13.45,0.0,13.73,13.36,13.64,1.0,329261.0
2016-11-01,13.67,14.04,13.57,13.97,352051.0,13.67,0.0,14.04,13.57,13.97,1.0,352051.0
2016-10-31,14.08,14.09,13.65,13.81,230022.0,14.08,0.0,14.09,13.65,13.81,1.0,230022.0
2016-10-28,13.8,14.23,13.77,13.9,207399.0,13.8,0.0,14.23,13.77,13.9,1.0,207399.0
2016-10-27,13.87,14.19,13.7406,14.12,292572.0,13.87,0.0,14.19,13.7406,14.12,1.0,292572.0
2016-10-26,14.12,14.19,14.09,14.15,277811.0,14.12,0.0,14.19,14.09,14.15,1.0,277811.0
2016-10-25,14.19,14.3,14.13,14.21,285881.0,14.19,0.0,14.3,14.13,14.21,1.0,285881.0
2016-10-24,14.24,14.44,14.12,14.23,188406.0,14.24,0.0,14.44,14.12,14.23,1.0,188406.0
2016-10-21,14.27,14.4569,14.25,14.3,114828.0,14.27,0.0,14.4569,14.25,14.3,1.0,114828.0
2016-10-20,14.38,14.49,14.33,14.39,160510.0,14.38,0.0,14.49,14.33,14.39,1.0,160510.0
2016-10-19,14.45,14.51,14.24,14.33,174272.0,14.45,0.0,14.51,14.24,14.33,1.0,174272.0
2016-10-18,14.32,14.44,14.19,14.27,157119.0,14.32,0.0,14.44,14.19,14.27,1.0,157119.0
2016-10-17,14.13,14.28,14.07,14.16,279734.0,14.13,0.0,14.28,14.07,14.16,1.0,279734.0
2016-10-14,14.04,14.515,14.02,14.08,238493.0,14.04,0.0,14.515,14.02,14.08,1.0,238493.0
2016-10-13,14.05,14.22,13.84,13.87,234096.0,14.05,0.0,14.22,13.84,13.87,1.0,234096.0
2016-10-12,14.0,14.091,13.57,13.57,369553.0,14.0,0.0,14.091,13.57,13.57,1.0,369553.0
2016-10-11,13.53,13.88,13.52,13.84,214524.0,13.53,0.0,13.88,13.52,13.84,1.0,214524.0
2016-10-10,13.88,13.92,13.5841,13.74,173176.0,13.88,0.0,13.92,13.5841,13.74,1.0,173176.0
2016-10-07,13.66,14.0,13.63,13.84,182523.0,13.66,0.0,14.0,13.63,13.84,1.0,182523.0
2016-10-06,13.81,13.99,13.63,13.99,338485.0,13.81,0.0,13.99,13.63,13.99,1.0,338485.0
2016-10-05,13.92,14.6,13.81,14.6,446615.0,13.92,0.0,14.6,13.81,14.6,1.0,446615.0
2016-10-04,14.45,14.69,14.23,14.69,567800.0,14.45,0.0,14.69,14.23,14.69,1.0,567800.0
2016-10-03,14.69,15.035,14.53,14.84,287497.0,14.69,0.0,15.035,14.53,14.84,1.0,287497.0
2016-09-30,14.78,14.94,14.65,14.83,484667.0,14.78,0.0,14.94,14.65,14.83,1.0,484667.0
2016-09-29,14.73,14.99,14.708,14.92,363254.0,14.73,0.0,14.99,14.708,14.92,1.0,363254.0
2016-09-28,15.06,15.12,14.79,14.8,202252.0,15.06,0.0,15.12,14.79,14.8,1.0,202252.0
2016-09-27,14.96,15.15,14.9,15.15,207909.0,14.96,0.0,15.15,14.9,15.15,1.0,207909.0
2016-09-26,15.12,15.2,15.025,15.12,171334.0,15.12,0.0,15.2,15.025,15.12,1.0,171334.0
2016-09-23,15.12,15.23,14.78,14.88,270216.0,15.12,0.0,15.23,14.78,14.88,1.0,270216.0
2016-09-22,15.0,15.05,14.75,14.82,294687.0,15.0,0.0,15.05,14.75,14.82,1.0,294687.0
2016-09-21,14.71,14.72,14.24,14.47,218804.0,14.71,0.0,14.72,14.24,14.47,1.0,218804.0
2016-09-20,14.5,14.72,14.42,14.61,441342.0,14.5,0.0,14.72,14.42,14.61,1.0,441342.0
2016-09-19,14.52,14.69,14.4,14.63,248204.0,14.52,0.0,14.69,14.4,14.63,1.0,248204.0
2016-09-16,14.54,14.74,14.23,14.26,688629.0,14.54,0.0,14.74,14.23,14.26,1.0,688629.0
2016-09-15,14.22,14.32,14.08,14.26,439182.0,14.22,0.0,14.32,14.08,14.26,1.0,439182.0
2016-09-14,14.31,14.45,14.2201,14.43,264928.0,14.31,0.0,14.45,14.2201,14.43,1.0,264928.0
2016-09-13,14.31,14.96,14.31,14.93,246533.0,14.31,0.0,14.96,14.31,14.93,1.0,246533.0
2016-09-12,14.96,15.07,14.7756,14.87,299376.0,14.96,0.0,15.07,14.7756,14.87,1.0,299376.0
2016-09-09,14.82,15.37,14.82,15.37,372136.0,14.82,0.0,15.37,14.82,15.37,1.0,372136.0
2016-09-08,15.49,15.79,15.4,15.75,199926.0,15.49,0.0,15.79,15.4,15.75,1.0,199926.0
2016-09-07,15.85,15.875,15.55,15.6,434077.0,15.85,0.0,15.875,15.55,15.6,1.0,434077.0
2016-09-06,15.53,15.68,15.3364,15.53,612291.0,15.53,0.0,15.68,15.3364,15.53,1.0,612291.0
2016-09-02,15.25,15.26,14.81,14.81,309805.0,15.25,0.0,15.26,14.81,14.81,1.0,309805.0
2016-09-01,14.79,14.9099,14.65,14.9,221549.0,14.79,0.0,14.9099,14.65,14.9,1.0,221549.0
2016-08-31,14.86,15.0,14.76,15.0,273024.0,14.86,0.0,15.0,14.76,15.0,1.0,273024.0
2016-08-30,15.06,15.14,14.92,15.14,145310.0,15.06,0.0,15.14,14.92,15.14,1.0,145310.0
2016-08-29,15.07,15.19,14.92,15.09,265356.0,15.07,0.0,15.19,14.92,15.09,1.0,265356.0
2016-08-26,14.98,15.16,14.89,15.16,273260.0,14.98,0.0,15.16,14.89,15.16,1.0,273260.0
2016-08-25,15.14,15.21,14.87,14.95,240212.0,15.14,0.0,15.21,14.87,14.95,1.0,240212.0
2016-08-24,14.93,14.98,14.7576,14.89,276993.0,14.93,0.0,14.98,14.7576,14.89,1.0,276993.0
2016-08-23,14.82,14.87,14.6,14.6,226562.0,14.82,0.0,14.87,14.6,14.6,1.0,226562.0
2016-08-22,14.59,14.67,14.4,14.4,196851.0,14.59,0.0,14.67,14.4,14.4,1.0,196851.0
2016-08-19,14.5,14.89,14.44,14.66,203366.0,14.5,0.0,14.89,14.44,14.66,1.0,203366.0
2016-08-18,14.68,14.79,14.63,14.74,103488.0,14.68,0.0,14.79,14.63,14.74,1.0,103488.0
2016-08-17,14.7,14.76,14.49,14.61,142670.0,14.7,0.0,14.76,14.49,14.61,1.0,142670.0
2016-08-16,14.64,15.145,14.6,15.14,222399.0,14.64,0.0,15.145,14.6,15.14,1.0,222399.0
2016-08-15,15.12,15.37,15.11,15.12,513325.0,15.12,0.0,15.37,15.11,15.12,1.0,513325.0
2016-08-12,15.09,15.19,14.9,14.9,182797.0,15.09,0.0,15.19,14.9,14.9,1.0,182797.0
2016-08-11,14.84,15.057,14.65,14.87,308860.0,14.84,0.0,15.057,14.65,14.87,1.0,308860.0
2016-08-10,14.83,15.04,14.76,14.91,255524.0,14.83,0.0,15.04,14.76,14.91,1.0,255524.0
2016-08-09,14.87,14.91,14.38,14.52,325400.0,14.87,0.0,14.91,14.38,14.52,1.0,325400.0
2016-08-08,14.48,14.55,14.18,14.27,298689.0,14.48,0.0,14.55,14.18,14.27,1.0,298689.0
2016-08-05,14.25,14.37,14.06,14.11,337906.0,14.25,0.0,14.37,14.06,14.11,1.0,337906.0
2016-08-04,14.09,14.55,14.05,14.17,174167.0,14.09,0.0,14.55,14.05,14.17,1.0,174167.0
2016-08-03,14.11,14.11,13.86,14.07,294713.0,14.11,0.0,14.11,13.86,14.07,1.0,294713.0
2016-08-02,14.07,14.486,14.07,14.4,376360.0,14.07,0.0,14.486,14.07,14.4,1.0,376360.0
2016-08-01,14.43,14.495,14.28,14.42,222926.0,14.43,0.0,14.495,14.28,14.42,1.0,222926.0
2016-07-29,14.45,14.632,14.38,14.38,468198.0,14.45,0.0,14.632,14.38,14.38,1.0,468198.0
2016-07-28,14.41,14.51,14.2,14.25,164926.0,14.41,0.0,14.51,14.2,14.25,1.0,164926.0
2016-07-27,14.3,14.49,14.2,14.44,159200.0,14.3,0.0,14.49,14.2,14.44,1.0,159200.0
2016-07-26,14.42,14.58,14.37,14.5,204597.0,14.42,0.0,14.58,14.37,14.5,1.0,204597.0
2016-07-25,14.58,14.74,14.54,14.68,109065.0,14.58,0.0,14.74,14.54,14.68,1.0,109065.0
2016-07-22,14.65,14.76,14.38,14.38,158423.0,14.65,0.0,14.76,14.38,14.38,1.0,158423.0
2016-07-21,14.42,14.64,14.38,14.54,444229.0,14.42,0.0,14.64,14.38,14.54,1.0,444229.0
2016-07-20,14.55,14.7,14.37,14.43,583786.0,14.55,0.0,14.7,14.37,14.43,1.0,583786.0
2016-07-19,14.4,14.57,14.29,14.44,419565.0,14.4,0.0,14.57,14.29,14.44,1.0,419565.0
2016-07-18,14.42,14.7534,14.42,14.45,252487.0,14.42,0.0,14.7534,14.42,14.45,1.0,252487.0
2016-07-15,14.4,14.49,14.27,14.48,327062.0,14.4,0.0,14.49,14.27,14.48,1.0,327062.0
2016-07-14,14.39,14.59,14.33,14.59,237193.0,14.39,0.0,14.59,14.33,14.59,1.0,237193.0
2016-07-13,14.59,14.73,14.43,14.55,431151.0,14.59,0.0,14.73,14.43,14.55,1.0,431151.0
2016-07-12,14.54,14.7,14.48,14.57,310886.0,14.54,0.0,14.7,14.48,14.57,1.0,310886.0
2016-07-11,14.64,14.67,14.23,14.4,407583.0,14.64,0.0,14.67,14.23,14.4,1.0,407583.0
2016-07-08,14.38,14.41,14.19,14.2,694949.0,14.38,0.0,14.41,14.19,14.2,1.0,694949.0
2016-07-07,14.2,14.59,14.1,14.5,417660.0,14.2,0.0,14.59,14.1,14.5,1.0,417660.0
2016-07-06,14.46,14.55,14.22,14.28,402220.0,14.46,0.0,14.55,14.22,14.28,1.0,402220.0
2016-07-05,14.3,14.44,13.9109,13.95,400234.0,14.3,0.0,14.44,13.9109,13.95,1.0,400234.0
2016-07-01,13.99,14.0,13.73,13.83,416576.0,13.99,0.0,14.0,13.73,13.83,1.0,416576.0
2016-06-30,13.78,13.79,13.44,13.53,386343.0,13.78,0.0,13.79,13.44,13.53,1.0,386343.0
2016-06-29,13.54,13.61,13.41,13.46,298771.0,13.54,0.0,13.61,13.41,13.46,1.0,298771.0
2016-06-28,13.4,13.43,13.09,13.09,401895.0,13.4,0.0,13.43,13.09,13.09,1.0,401895.0
2016-06-27,13.18,13.35,12.98,13.34,445352.0,13.18,0.0,13.35,12.98,13.34,1.0,445352.0
2016-06-24,13.4,13.65,13.01,13.07,820063.0,13.4,0.0,13.65,13.01,13.07,1.0,820063.0
2016-06-23,13.35,13.48,13.2,13.43,338893.0,13.35,0.0,13.48,13.2,13.43,1.0,338893.0
2016-06-22,13.38,13.52,13.33,13.45,1044906.0,13.38,0.0,13.52,13.33,13.45,1.0,1044906.0
2016-06-21,13.51,13.885,13.4,13.59,388085.0,13.51,0.0,13.885,13.4,13.59,1.0,388085.0
2016-06-20,13.58,13.85,13.56,13.59,368512.0,13.58,0.0,13.85,13.56,13.59,1.0,368512.0
2016-06-17,13.59,13.74,13.45,13.65,801328.0,13.59,0.0,13.74,13.45,13.65,1.0,801328.0
2016-06-16,13.67,13.7,13.52,13.6,209435.0,13.67,0.0,13.7,13.52,13.6,1.0,209435.0
2016-06-15,13.64,13.75,13.59,13.63,237240.0,13.64,0.0,13.75,13.59,13.63,1.0,237240.0
2016-06-14,13.61,13.7,13.52,13.69,242045.0,13.61,0.0,13.7,13.52,13.69,1.0,242045.0
2016-06-13,13.68,13.955,13.59,13.88,208479.0,13.68,0.0,13.955,13.59,13.88,1.0,208479.0
2016-06-10,13.9,13.97,13.3813,13.74,231676.0,13.9,0.0,13.97,13.3813,13.74,1.0,231676.0
2016-06-09,13.83,13.98,13.68,13.92,266700.0,13.83,0.0,13.98,13.68,13.92,1.0,266700.0
2016-06-08,13.89,13.92,13.56,13.63,227070.0,13.89,0.0,13.92,13.56,13.63,1.0,227070.0
2016-06-07,13.6,13.74,13.4876,13.49,593342.0,13.6,0.0,13.74,13.4876,13.49,1.0,593342.0
2016-06-06,13.53,13.7325,13.46,13.67,306024.0,13.53,0.0,13.7325,13.46,13.67,1.0,306024.0
2016-06-03,13.66,13.71,13.41,13.42,322699.0,13.66,0.0,13.71,13.41,13.42,1.0,322699.0
2016-06-02,13.36,13.54,13.25,13.44,392766.0,13.36,0.0,13.54,13.25,13.44,1.0,392766.0
2016-06-01,13.47,13.68,13.35,13.37,503750.0,13.47,0.0,13.68,13.35,13.37,1.0,503750.0
2016-05-31,13.39,13.42,13.16,13.28,859532.0,13.39,0.0,13.42,13.16,13.28,1.0,859532.0
2016-05-27,13.24,13.27,13.11,13.14,369431.0,13.24,0.0,13.27,13.11,13.14,1.0,369431.0
2016-05-26,13.18,13.24,13.1,13.12,336820.0,13.18,0.0,13.24,13.1,13.12,1.0,336820.0
2016-05-25,13.13,13.29,13.025,13.29,790928.0,13.13,0.0,13.29,13.025,13.29,1.0,790928.0
2016-05-24,13.29,13.36,12.905,12.94,1493819.0,13.29,0.0,13.36,12.905,12.94,1.0,1493819.0
2016-05-23,12.92,13.08,12.86,12.99,644101.0,12.92,0.0,13.08,12.86,12.99,1.0,644101.0
2016-05-20,13.02,13.02,12.53,12.64,594634.0,13.02,0.0,13.02,12.53,12.64,1.0,594634.0
2016-05-19,12.57,12.99,12.57,12.94,733688.0,12.57,0.0,12.99,12.57,12.94,1.0,733688.0
2016-05-18,12.92,13.26,12.85,13.06,348673.0,12.92,0.0,13.26,12.85,13.06,1.0,348673.0
2016-05-17,13.09,13.6,13.07,13.26,428908.0,13.09,0.0,13.6,13.07,13.26,1.0,428908.0
2016-05-16,13.28,13.46,13.15,13.35,367871.0,13.28,0.0,13.46,13.15,13.35,1.0,367871.0
2016-05-13,13.31,13.38,13.12,13.34,407014.0,13.31,0.0,13.38,13.12,13.34,1.0,407014.0
2016-05-12,13.39,13.6,12.83,13.1,605644.0,13.39,0.0,13.6,12.83,13.1,1.0,605644.0
2016-05-11,13.15,13.54,13.12,13.5,327848.0,13.15,0.0,13.54,13.12,13.5,1.0,327848.0
2016-05-10,13.49,13.57,13.29,13.57,414721.0,13.49,0.0,13.57,13.29,13.57,1.0,414721.0
2016-05-09,13.6,13.695,13.35,13.35,314384.0,13.6,0.0,13.695,13.35,13.35,1.0,314384.0
2016-05-06,13.39,13.39,13.07,13.27,820720.0,13.39,0.0,13.39,13.07,13.27,1.0,820720.0
2016-05-05,13.27,13.51,13.21,13.51,675481.0,13.27,0.0,13.51,13.21,13.51,1.0,675481.0
2016-05-04,13.49,13.55,13.17,13.17,666689.0,13.49,0.0,13.55,13.17,13.17,1.0,666689.0
2016-05-03,13.2,13.25,13.0134,13.14,422693.0,13.2,0.0,13.25,13.0134,13.14,1.0,422693.0
2016-05-02,13.19,13.22,12.71,12.73,591217.0,13.19,0.0,13.22,12.71,12.73,1.0,591217.0
2016-04-29,12.72,13.08,12.69,12.97,1837991.0,12.72,0.0,13.08,12.69,12.97,1.0,1837991.0
2016-04-28,13.05,13.23,13.03,13.08,220638.0,13.05,0.0,13.23,13.03,13.08,1.0,220638.0
2016-04-27,13.14,13.17,13.01,13.09,255951.0,13.14,0.0,13.17,13.01,13.09,1.0,255951.0
2016-04-26,13.08,13.1,12.85,12.98,576867.0,13.08,0.0,13.1,12.85,12.98,1.0,576867.0
2016-04-25,12.96,13.0,12.75,12.85,815526.0,12.96,0.0,13.0,12.75,12.85,1.0,815526.0
2016-04-22,12.86,12.95,12.7,12.7,663544.0,12.86,0.0,12.95,12.7,12.7,1.0,663544.0
2016-04-21,12.72,12.89,12.64,12.72,434424.0,12.72,0.0,12.89,12.64,12.72,1.0,434424.0
2016-04-20,12.87,12.93,12.825,12.88,434710.0,12.87,0.0,12.93,12.825,12.88,1.0,434710.0
2016-04-19,12.92,13.07,12.89,13.0,233966.0,12.92,0.0,13.07,12.89,13.0,1.0,233966.0
2016-04-18,13.0,13.045,12.745,13.0,479884.0,13.0,0.0,13.045,12.745,13.0,1.0,479884.0
2016-04-15,12.98,13.06,12.78,12.89,528583.0,12.98,0.0,13.06,12.78,12.89,1.0,528583.0
2016-04-14,12.89,12.95,12.73,12.95,521305.0,12.89,0.0,12.95,12.73,12.95,1.0,521305.0
2016-04-13,12.97,12.975,12.645,12.73,743202.0,12.97,0.0,12.975,12.645,12.73,1.0,743202.0
2016-04-12,12.72,12.8,12.47,12.7,482250.0,12.72,0.0,12.8,12.47,12.7,1.0,482250.0
2016-04-11,12.65,12.79,12.59,12.76,306589.0,12.65,0.0,12.79,12.59,12.76,1.0,306589.0
2016-04-08,12.73,12.78,12.64,12.73,369098.0,12.73,0.0,12.78,12.64,12.73,1.0,369098.0
2016-04-07,12.67,12.7,12.465,12.51,484265.0,12.67,0.0,12.7,12.465,12.51,1.0,484265.0
2016-04-06,12.57,12.59,12.47,12.55,483614.0,12.57,0.0,12.59,12.47,12.55,1.0,483614.0
2016-04-05,12.55,12.65,12.44,12.65,289205.0,12.55,0.0,12.65,12.44,12.65,1.0,289205.0
2016-04-04,12.71,12.76,12.47,12.69,519014.0,12.71,0.0,12.76,12.47,12.69,1.0,519014.0
2016-04-01,12.66,12.72,12.525,12.65,448672.0,12.66,0.0,12.72,12.525,12.65,1.0,448672.0
2016-03-31,12.7,12.75,12.45,12.56,260810.0,12.7,0.0,12.75,12.45,12.56,1.0,260810.0
2016-03-30,12.62,12.75,12.58,12.7,333172.0,12.62,0.0,12.75,12.58,12.7,1.0,333172.0
2016-03-29,12.6,12.6,12.04,12.19,802584.0,12.6,0.0,12.6,12.04,12.19,1.0,802584.0
2016-03-28,12.42,12.44,11.89,11.96,413766.0,12.42,0.0,12.44,11.89,11.96,1.0,413766.0
2016-03-24,11.95,11.99,11.84,11.94,559717.0,11.95,0.0,11.99,11.84,11.94,1.0,559717.0
2016-03-23,11.91,11.93,11.63,11.7,889163.0,11.91,0.0,11.93,11.63,11.7,1.0,889163.0
2016-03-22,11.7,11.78,11.46,11.51,7408547.0,11.7,0.0,11.78,11.46,11.51,1.0,7408547.0
2016-03-21,11.79,12.22,11.76,11.97,118229.0,11.79,0.0,12.22,11.76,11.97,1.0,118229.0
2016-03-18,11.96,12.08,11.87,12.08,226868.0,11.96,0.0,12.08,11.87,12.08,1.0,226868.0
2016-03-17,12.01,12.05,11.89,12.01,140761.0,12.01,0.0,12.05,11.89,12.01,1.0,140761.0
2016-03-16,11.94,12.13,11.75,11.85,188725.0,11.94,0.0,12.13,11.75,11.85,1.0,188725.0
2016-03-15,11.79,11.9,11.71,11.81,83625.0,11.79,0.0,11.9,11.71,11.81,1.0,83625.0
2016-03-14,11.94,12.12,11.87,11.9,127256.0,11.94,0.0,12.12,11.87,11.9,1.0,127256.0
2016-03-11,11.94,11.97,11.81,11.85,134601.0,11.94,0.0,11.97,11.81,11.85,1.0,134601.0
2016-03-10,11.77,12.1,11.6,11.89,113260.0,11.77,0.0,12.1,11.6,11.89,1.0,113260.0
2016-03-09,11.87,11.95,11.8199,11.82,147408.0,11.87,0.0,11.95,11.8199,11.82,1.0,147408.0
2016-03-08,11.8,12.05,11.78,11.94,138505.0,11.8,0.0,12.05,11.78,11.94,1.0,138505.0
2016-03-07,12.0,12.0,11.65,11.75,108535.0,12.0,0.0,12.0,11.65,11.75,1.0,108535.0
2016-03-04,11.73,11.95,11.67,11.9,118602.0,11.73,0.0,11.95,11.67,11.9,1.0,118602.0
2016-03-03,11.88,11.91,11.6325,11.8,244160.0,11.88,0.0,11.91,11.6325,11.8,1.0,244160.0
2016-03-02,11.86,11.92,11.5926,11.84,127175.0,11.86,0.0,11.92,11.5926,11.84,1.0,127175.0
2016-03-01,11.82,11.84,11.53,11.57,278881.0,11.82,0.0,11.84,11.53,11.57,1.0,278881.0
2016-02-29,11.39,11.49,11.3,11.35,624784.0,11.39,0.0,11.49,11.3,11.35,1.0,624784.0
2016-02-26,11.4,11.55,11.36,11.5,327189.0,11.4,0.0,11.55,11.36,11.5,1.0,327189.0
2016-02-25,11.47,11.48,11.21,11.21,261123.0,11.47,0.0,11.48,11.21,11.21,1.0,261123.0
2016-02-24,11.2,11.27,11.03,11.12,361508.0,11.2,0.0,11.27,11.03,11.12,1.0,361508.0
2016-02-23,11.11,11.29,11.06,11.06,187106.0,11.11,0.0,11.29,11.06,11.06,1.0,187106.0
2016-02-22,11.06,11.33,11.0,11.14,380615.0,11.06,0.0,11.33,11.0,11.14,1.0,380615.0
2016-02-19,11.02,11.05,10.68,10.68,452580.0,11.02,0.0,11.05,10.68,10.68,1.0,452580.0
2016-02-18,10.68,10.71,10.35,10.51,265719.0,10.68,0.0,10.71,10.35,10.51,1.0,265719.0
2016-02-17,10.49,10.75,10.365,10.41,316705.0,10.49,0.0,10.75,10.365,10.41,1.0,316705.0
2016-02-16,10.36,10.45,9.92,10.01,266685.0,10.36,0.0,10.45,9.92,10.01,1.0,266685.0
2016-02-12,9.93,10.87,9.81,9.94,338632.0,9.93,0.0,10.87,9.81,9.94,1.0,338632.0
2016-02-11,9.85,9.93,9.12,9.54,662763.0,9.85,0.0,9.93,9.12,9.54,1.0,662763.0
2016-02-10,9.7,10.31,9.63,10.09,412489.0,9.7,0.0,10.31,9.63,10.09,1.0,412489.0
2016-02-09,10.09,10.4,9.93,10.22,252545.0,10.09,0.0,10.4,9.93,10.22,1.0,252545.0
2016-02-08,10.29,10.61,9.87,10.61,287168.0,10.29,0.0,10.61,9.87,10.61,1.0,287168.0
2016-02-05,10.64,10.87,10.64,10.87,220875.0,10.64,0.0,10.87,10.64,10.87,1.0,220875.0
2016-02-04,10.88,10.95,10.47,10.72,219707.0,10.88,0.0,10.95,10.47,10.72,1.0,219707.0
2016-02-03,10.74,10.84,10.14,10.53,191461.0,10.74,0.0,10.84,10.14,10.53,1.0,191461.0
2016-02-02,10.48,10.52,9.925,10.45,117701.0,10.48,0.0,10.52,9.925,10.45,1.0,117701.0
2016-02-01,10.52,10.56,10.17,10.17,227106.0,10.52,0.0,10.56,10.17,10.17,1.0,227106.0
2016-01-29,10.26,10.4,9.84,10.02,312503.0,10.26,0.0,10.4,9.84,10.02,1.0,312503.0
2016-01-28,10.01,10.26,9.97,10.2,180378.0,10.01,0.0,10.26,9.97,10.2,1.0,180378.0
2016-01-27,10.17,10.52,10.133,10.52,177228.0,10.17,0.0,10.52,10.133,10.52,1.0,177228.0
2016-01-26,10.5,10.53,10.225,10.36,279075.0,10.5,0.0,10.53,10.225,10.36,1.0,279075.0
2016-01-25,10.29,10.42,10.2,10.31,153077.0,10.29,0.0,10.42,10.2,10.31,1.0,153077.0
2016-01-22,10.37,10.48,10.28,10.29,157097.0,10.37,0.0,10.48,10.28,10.29,1.0,157097.0
2016-01-21,10.23,10.43,10.06,10.31,127755.0,10.23,0.0,10.43,10.06,10.31,1.0,127755.0
2016-01-20,10.22,10.39,10.0,10.39,273716.0,10.22,0.0,10.39,10.0,10.39,1.0,273716.0
2016-01-19,10.52,10.73,10.3,10.73,178554.0,10.52,0.0,10.73,10.3,10.73,1.0,178554.0
2016-01-15,10.63,10.9499,10.33,10.36,516415.0,10.63,0.0,10.9499,10.33,10.36,1.0,516415.0
2016-01-14,10.54,10.66,10.2211,10.43,269616.0,10.54,0.0,10.66,10.2211,10.43,1.0,269616.0
2016-01-13,10.22,10.44,10.095,10.28,233836.0,10.22,0.0,10.44,10.095,10.28,1.0,233836.0
2016-01-12,10.22,10.6099,10.21,10.51,399459.0,10.22,0.0,10.6099,10.21,10.51,1.0,399459.0
2016-01-11,10.44,11.03,10.32,10.65,230940.0,10.44,0.0,11.03,10.32,10.65,1.0,230940.0
2016-01-08,10.66,10.88,10.64,10.8,204568.0,10.66,0.0,10.88,10.64,10.8,1.0,204568.0
2016-01-07,10.79,10.87,10.62,10.77,249121.0,10.79,0.0,10.87,10.62,10.77,1.0,249121.0
2016-01-06,10.92,11.01,10.76,10.76,178991.0,10.92,0.0,11.01,10.76,10.76,1.0,178991.0
2016-01-05,10.89,11.14,10.7,10.7,157464.0,10.89,0.0,11.14,10.7,10.7,1.0,157464.0
2016-01-04,10.7,11.41,10.525,10.81,181006.0,10.7,0.0,11.41,10.525,10.81,1.0,181006.0
2015-12-31,10.95,11.23,10.84,11.16,180633.0,10.95,0.0,11.23,10.84,11.16,1.0,180633.0
2015-12-30,11.2,11.47,11.07,11.23,249179.0,11.2,0.0,11.47,11.07,11.23,1.0,249179.0
2015-12-29,11.21,11.22,10.96,10.97,105322.0,11.21,0.16,11.22,10.96,10.97,1.0,105322.0
2015-12-28,10.9635180299033,11.0029551451187,10.5001319261214,10.677598944591,149736.0,11.12,0.0,11.16,10.65,10.83,1.0,149736.0
2015-12-24,10.7466138962181,10.8057695690413,10.5592875989446,10.7071767810026,66445.0,10.9,0.0,10.96,10.71,10.86,1.0,66445.0
2015-12-23,10.756473175022,10.8747845206684,10.6283025505717,10.6677396657872,153266.0,10.91,0.0,11.03,10.78,10.82,1.0,153266.0
2015-12-22,10.6677396657872,10.7860510114336,10.5494283201407,10.7367546174142,136032.0,10.82,0.0,10.94,10.7,10.89,1.0,136032.0
2015-12-21,10.7367546174142,11.2592963940193,10.5987247141601,10.8353474054529,163782.0,10.89,0.0,11.42,10.75,10.99,1.0,163782.0
2015-12-18,10.7170360598065,11.2592963940193,10.677598944591,11.1508443271768,849869.0,10.87,0.0,11.42,10.83,11.31,1.0,849869.0
2015-12-17,11.2001407211961,11.2987335092348,11.062110817942,11.2198592788039,701143.0,11.36,0.0,11.46,11.22,11.38,1.0,701143.0
2015-12-16,11.21,11.2198592788039,10.8747845206684,10.9536587510994,208838.0,11.37,0.0,11.38,11.03,11.11,1.0,208838.0
2015-12-15,10.9437994722955,10.9536587510994,10.4705540897098,10.4705540897098,242233.0,11.1,0.0,11.11,10.62,10.62,1.0,242233.0
2015-12-14,10.4015391380827,10.6874582233949,10.3325241864556,10.5790061565523,207048.0,10.55,0.0,10.84,10.48,10.73,1.0,207048.0
2015-12-11,10.6085839929639,10.7071767810026,10.2635092348285,10.2635092348285,278919.0,10.76,0.0,10.86,10.41,10.41,1.0,278919.0
2015-12-10,10.3916798592788,10.6677396657872,10.3522427440633,10.4902726473175,106769.0,10.54,0.0,10.82,10.5,10.64,1.0,106769.0
2015-12-09,10.450835532102,10.5099912049252,10.2733685136324,10.2733685136324,194498.0,10.6,0.0,10.66,10.42,10.42,1.0,194498.0
2015-12-08,10.3522427440633,10.7268953386104,10.302946350044,10.3423834652595,139057.0,10.5,0.0,10.88,10.45,10.49,1.0,139057.0
2015-12-07,10.3423834652595,10.7268953386104,10.298016710642,10.3818205804749,152486.0,10.49,0.0,10.88,10.445,10.53,1.0,152486.0
2015-12-04,10.3916798592788,10.6283025505717,10.3226649076517,10.3423834652595,118516.0,10.54,0.0,10.78,10.47,10.49,1.0,118516.0
2015-12-03,10.3423834652595,10.8352488126649,10.3325241864556,10.5790061565523,161227.0,10.49,0.0,10.9899,10.48,10.73,1.0,161227.0
2015-12-02,10.5888654353562,11.0030537379068,10.5790061565523,10.9930958663149,275186.0,10.74,0.0,11.1601,10.73,11.15,1.0,275186.0
2015-12-01,11.0325329815303,11.1114072119613,10.8846437994723,11.0522515391381,159579.0,11.19,0.0,11.27,11.04,11.21,1.0,159579.0
2015-11-30,11.0029551451187,11.0423922603342,10.9142216358839,10.9339401934916,310848.0,11.16,0.0,11.2,11.07,11.09,1.0,310848.0
2015-11-27,10.8846437994723,10.9240809146878,10.5149208443272,10.7071767810026,45026.0,11.04,0.0,11.08,10.665,10.86,1.0,45026.0
2015-11-25,10.6874582233949,10.7663324538259,10.5740765171504,10.6480211081794,146858.0,10.84,0.0,10.92,10.725,10.8,1.0,146858.0
2015-11-24,10.6283025505717,10.677598944591,10.1747757255937,10.5494283201407,346097.0,10.78,0.0,10.83,10.32,10.7,1.0,346097.0
2015-11-23,10.6283025505717,10.6480211081794,10.4311169744943,10.4902726473175,228603.0,10.78,0.0,10.8,10.58,10.64,1.0,228603.0
2015-11-20,10.4804133685136,10.5592875989446,10.2881574318382,10.3423834652595,361557.0,10.63,0.0,10.71,10.435,10.49,1.0,361557.0
2015-11-19,10.2832277924362,10.3621020228672,10.1698460861917,10.1944942832014,236646.0,10.43,0.0,10.51,10.315,10.34,1.0,236646.0
2015-11-18,10.2437906772208,10.3128056288478,10.1599868073879,10.2339313984169,289248.0,10.39,0.0,10.46,10.305,10.38,1.0,289248.0
2015-11-17,10.2437906772208,10.4015391380827,10.1846350043975,10.1944942832014,182886.0,10.39,0.0,10.55,10.33,10.34,1.0,182886.0
2015-11-16,10.1353386103782,10.2339313984169,10.0663236587511,10.2043535620053,378267.0,10.28,0.0,10.38,10.21,10.35,1.0,378267.0
2015-11-13,10.2339313984169,10.7860510114336,10.1451978891821,10.5395690413369,340225.0,10.38,0.0,10.94,10.29,10.69,1.0,340225.0
2015-11-12,10.6085839929639,10.7268953386104,10.3226649076517,10.3423834652595,181794.0,10.76,0.0,10.88,10.47,10.49,1.0,181794.0
2015-11-11,10.450835532102,10.5691468777485,10.3522427440633,10.5691468777485,232497.0,10.6,0.0,10.72,10.5,10.72,1.0,232497.0
2015-11-10,10.5691468777485,10.6480211081794,10.3522427440633,10.4705540897098,341519.0,10.72,0.0,10.8,10.5,10.62,1.0,341519.0
2015-11-09,10.4705540897098,10.677598944591,10.4015391380827,10.677598944591,437342.0,10.62,0.0,10.83,10.55,10.83,1.0,437342.0
2015-11-06,10.677598944591,11.0226737027265,10.4459058927001,10.9437994722955,563793.0,10.83,0.0,11.18,10.595,11.1,1.0,563793.0
2015-11-05,11.2790149516271,11.3381706244503,10.9970395778364,11.288874230431,130804.0,11.44,0.0,11.5,11.154,11.45,1.0,130804.0
2015-11-04,11.288874230431,11.3480299032542,10.9852084432718,11.2001407211961,157202.0,11.45,0.0,11.51,11.142,11.36,1.0,157202.0
2015-11-03,11.21,11.4959190853122,10.9733773087071,11.3184520668426,255645.0,11.37,0.0,11.66,11.13,11.48,1.0,255645.0
2015-11-02,11.357889182058,11.4466226912929,10.9694335971856,11.1607036059807,218422.0,11.52,0.0,11.61,11.126,11.32,1.0,218422.0
2015-10-30,11.1607036059807,11.288874230431,10.90436235708,11.288874230431,261570.0,11.32,0.0,11.45,11.06,11.45,1.0,261570.0
2015-10-29,11.3085927880387,11.4762005277045,11.062110817942,11.4762005277045,152850.0,11.47,0.0,11.64,11.22,11.64,1.0,152850.0
2015-10-28,11.4860598065084,11.6438082673703,11.1804221635884,11.3381706244503,213026.0,11.65,0.0,11.81,11.34,11.5,1.0,213026.0
2015-10-27,11.3381706244503,11.357889182058,11.1114072119613,11.2297185576077,204004.0,11.5,0.0,11.52,11.27,11.39,1.0,204004.0
2015-10-26,11.2592963940193,11.5057783641161,10.9437994722955,11.5057783641161,225245.0,11.42,0.0,11.67,11.1,11.67,1.0,225245.0
2015-10-23,11.5057783641161,11.8114160070361,11.3332409850484,11.7128232189974,191858.0,11.67,0.0,11.98,11.495,11.88,1.0,191858.0
2015-10-22,11.7818381706245,11.8114160070361,11.5846525945471,11.7325417766051,267972.0,11.95,0.0,11.98,11.75,11.9,1.0,267972.0
2015-10-21,11.6733861037819,11.8114160070361,11.5747933157432,11.6536675461741,255765.0,11.84,0.0,11.98,11.74,11.82,1.0,255765.0
2015-10-20,11.6733861037819,11.6931046613896,11.3776077396658,11.5550747581354,258379.0,11.84,0.0,11.86,11.54,11.72,1.0,258379.0
2015-10-19,11.6438082673703,11.6832453825858,11.3184520668426,11.357889182058,283368.0,11.81,0.0,11.85,11.48,11.52,1.0,283368.0
2015-10-16,11.3381706244503,11.4219744942832,11.0423922603342,11.2790149516271,216285.0,11.5,0.0,11.585,11.2,11.44,1.0,216285.0
2015-10-15,11.2297185576077,11.5549761653474,10.6973175021988,10.9536587510994,261955.0,11.39,0.0,11.7199,10.85,11.11,1.0,261955.0
2015-10-14,10.8747845206684,11.062110817942,10.756473175022,10.8649252418646,244896.0,11.03,0.0,11.22,10.91,11.02,1.0,244896.0
2015-10-13,10.9339401934916,11.4269041336851,10.8846437994723,11.4269041336851,166064.0,11.09,0.0,11.59,11.04,11.59,1.0,166064.0
2015-10-12,11.436763412489,11.4466226912929,11.0916886543536,11.2297185576077,253530.0,11.6,0.0,11.61,11.25,11.39,1.0,253530.0
2015-10-09,11.2691556728232,11.4416930518909,11.0523501319261,11.3381706244503,186782.0,11.43,0.0,11.605,11.2101,11.5,1.0,186782.0
2015-10-08,11.288874230431,11.3184520668426,11.1212664907652,11.1804221635884,193550.0,11.45,0.0,11.48,11.28,11.34,1.0,193550.0
2015-10-07,11.2395778364116,11.2494371152155,11.0226737027265,11.0818293755497,177118.0,11.4,0.0,11.41,11.18,11.24,1.0,177118.0
2015-10-06,11.0522515391381,11.1607036059807,10.8057695690413,11.0029551451187,299476.0,11.21,0.0,11.32,10.96,11.16,1.0,299476.0
2015-10-05,10.983236587511,11.1607036059807,10.9240809146878,10.9339401934916,249361.0,11.14,0.0,11.32,11.08,11.09,1.0,249361.0
2015-10-02,10.8747845206684,10.8905593667546,10.6184432717678,10.7466138962181,322695.0,11.03,0.0,11.046,10.77,10.9,1.0,322695.0
2015-10-01,10.8501363236588,11.3046490765171,10.7761917326297,11.2198592788039,330635.0,11.005,0.0,11.466,10.93,11.38,1.0,330635.0
2015-09-30,11.1902814423923,11.2395778364116,10.9733773087071,11.1114072119613,460822.0,11.35,0.0,11.4,11.13,11.27,1.0,460822.0
2015-09-29,11.0818293755497,11.3184520668426,11.0522515391381,11.1212664907652,196115.0,11.24,0.0,11.48,11.21,11.28,1.0,196115.0
2015-09-28,11.1409850483729,11.6339489885664,11.0818293755497,11.6043711521548,245955.0,11.3,0.16,11.8,11.24,11.77,1.0,245955.0
2015-09-25,11.6562313027916,11.7728908320939,11.4948522872567,11.6562313027916,272158.0,11.99,0.0,12.11,11.824,11.99,1.0,272158.0
2015-09-24,11.5590150283729,11.5784582832567,11.3548608520939,11.4326338716287,228273.0,11.89,0.0,11.91,11.68,11.76,1.0,228273.0
2015-09-23,11.3645824795357,11.4715203813962,11.2382013227915,11.3548608520939,142665.0,11.69,0.0,11.8,11.56,11.68,1.0,142665.0
2015-09-22,11.3062527148846,11.6173447930241,11.277087832559,11.5492934009311,181012.0,11.63,0.0,11.95,11.6,11.88,1.0,181012.0
2015-09-21,11.5881799106985,11.8681627810241,11.5201285186055,11.7534475772102,213854.0,11.92,0.0,12.208,11.85,12.09,1.0,213854.0
2015-09-18,11.695117812559,11.7534475772102,11.3548608520939,11.3548608520939,718559.0,12.03,0.0,12.09,11.68,11.68,1.0,718559.0
2015-09-17,11.5298501460474,11.6366908316334,11.2673662051171,11.3159743423264,246378.0,11.86,0.0,11.9699,11.59,11.64,1.0,246378.0
2015-09-16,11.277087832559,11.4229122441869,11.063212028838,11.1020985386055,251273.0,11.6,0.0,11.75,11.38,11.42,1.0,251273.0
2015-09-15,11.1020985386055,11.2576445776752,10.9659957544194,11.0243255190706,523729.0,11.42,0.0,11.58,11.28,11.34,1.0,523729.0
2015-09-14,11.1215417934892,11.1604283032566,10.8007280879078,10.8007280879078,292654.0,11.44,0.0,11.48,11.11,11.11,1.0,292654.0
2015-09-11,10.7326766958147,10.8590578525589,10.4604711274426,10.8298929702334,278031.0,11.04,0.0,11.17,10.76,11.14,1.0,278031.0
2015-09-10,10.9368308720938,11.0340471465124,10.5674090293031,10.5868522841868,289583.0,11.25,0.0,11.35,10.87,10.89,1.0,289583.0
2015-09-09,10.5868522841868,10.8298929702334,10.5285225195357,10.781284833024,329764.0,10.89,0.0,11.14,10.83,11.09,1.0,329764.0
2015-09-08,10.7035118134892,10.8104497153496,10.645182048838,10.7715632055822,294058.0,11.01,0.0,11.12,10.95,11.08,1.0,294058.0
2015-09-04,10.6354604213961,10.8298929702334,10.4604711274426,10.7229550683729,372283.0,10.94,0.0,11.14,10.76,11.03,1.0,372283.0
2015-09-03,10.8687794800008,11.131263420931,10.7035118134892,10.7035118134892,370878.0,11.18,0.0,11.45,11.01,11.01,1.0,370878.0
2015-09-02,10.7715632055822,10.781284833024,10.2563169511635,10.6062955390705,453680.0,11.08,0.0,11.09,10.55,10.91,1.0,453680.0
2015-09-01,10.5674090293031,10.8687794800008,10.4604711274426,10.7910064604659,384160.0,10.87,0.0,11.18,10.76,11.1,1.0,384160.0
2015-08-31,10.8979443623264,11.1215417934892,10.7521199506985,10.9465524995357,2230976.0,11.21,0.0,11.44,11.06,11.26,1.0,2230976.0
2015-08-28,11.0048822641869,11.3256959697683,10.8687794800008,11.0729336562799,506391.0,11.32,0.0,11.65,11.18,11.39,1.0,506391.0
2015-08-27,11.1507066758148,11.3937473618613,10.9465524995357,11.2673662051171,425890.0,11.47,0.0,11.72,11.26,11.59,1.0,425890.0
2015-08-26,11.1993148130241,11.5395717734892,10.8687794800008,11.4812420088381,425305.0,11.52,0.0,11.87,11.18,11.81,1.0,425305.0
2015-08-25,11.3159743423264,11.7145610674427,11.0340471465124,11.7145610674427,1316149.0,11.64,0.0,12.05,11.35,12.05,1.0,1316149.0
2015-08-24,11.2868094600008,11.5298501460474,10.8104497153496,11.277087832559,666630.0,11.61,0.0,11.86,11.12,11.6,1.0,666630.0
2015-08-21,11.695117812559,11.8506638516288,11.5881799106985,11.5881799106985,505197.0,12.03,0.0,12.19,11.92,11.92,1.0,505197.0
2015-08-20,11.7437259497683,11.8409422241869,11.4229122441869,11.6367880479078,687067.0,12.08,0.0,12.18,11.75,11.97,1.0,687067.0
2015-08-19,11.6756745576753,11.8117773418613,11.1409850483729,11.3645824795357,404230.0,12.01,0.0,12.15,11.46,11.69,1.0,404230.0
2015-08-18,11.4229122441869,11.5979015381404,11.1020985386055,11.1993148130241,685787.0,11.75,0.0,11.93,11.42,11.52,1.0,685787.0
2015-08-17,11.1604283032566,11.1604283032566,10.7618415781403,10.8785011074427,390852.0,11.48,0.0,11.48,11.07,11.19,1.0,390852.0
2015-08-14,10.8979443623264,10.9465524995357,10.3924197353496,10.4799143823264,604666.0,11.21,0.0,11.26,10.69,10.78,1.0,604666.0
2015-08-13,10.4799143823264,10.5090792646519,10.1104925395356,10.1396574218612,6791781.0,10.78,0.0,10.81,10.4,10.43,1.0,6791781.0
2015-08-12,10.7423983232566,11.5590150283729,10.5285225195357,10.7715632055822,399670.0,11.05,0.0,11.89,10.83,11.08,1.0,399670.0
2015-08-11,10.9659957544194,11.1798715581404,10.7229550683729,11.1798715581404,138364.0,11.28,0.0,11.5,11.03,11.5,1.0,138364.0
2015-08-10,11.3159743423264,11.5687366558148,11.0243255190706,11.5104068911636,203941.0,11.64,0.0,11.9,11.34,11.84,1.0,203941.0
2015-08-07,11.9673233809311,12.1811991846521,11.5395717734892,11.7728908320939,99266.0,12.31,0.0,12.53,11.87,12.11,1.0,99266.0
2015-08-06,11.7728908320939,12.0742612827916,11.5139066770427,12.0742612827916,84380.0,12.11,0.0,12.42,11.8436,12.42,1.0,84380.0
2015-08-05,12.1034261651172,12.4047966158149,12.0256531455823,12.2686938316288,51202.0,12.45,0.0,12.76,12.37,12.62,1.0,51202.0
2015-08-04,12.2686938316288,12.4728480079079,12.1909208120939,12.4728480079079,53151.0,12.62,0.0,12.83,12.54,12.83,1.0,53151.0
2015-08-03,12.3464668511637,12.6089507920939,12.2492505767451,12.5700642823265,47052.0,12.7,0.0,12.97,12.6,12.93,1.0,47052.0
2015-07-31,12.6186724195358,12.6381156744195,12.0839829102334,12.2103640669776,77942.0,12.98,0.0,13.0,12.43,12.56,1.0,77942.0
2015-07-30,12.113147792559,12.3756317334893,12.0839829102334,12.2784154590707,84919.0,12.46,0.0,12.73,12.43,12.63,1.0,84919.0
2015-07-29,12.2881370865125,12.4728480079079,12.254111390466,12.4047966158149,90797.0,12.64,0.0,12.83,12.605,12.76,1.0,90797.0
2015-07-28,12.463126380466,12.9492077525591,12.32702359628,12.9492077525591,69972.0,12.82,0.0,13.32,12.68,13.32,1.0,69972.0
2015-07-27,12.8033833409312,13.0658672818614,12.4145182432567,12.4145182432567,62695.0,13.17,0.0,13.44,12.77,12.77,1.0,62695.0
2015-07-24,12.4242398706986,12.6478373018614,12.2784154590707,12.5506210274428,70312.0,12.78,0.0,13.01,12.63,12.91,1.0,70312.0
2015-07-23,12.5895075372102,13.1144754190707,12.5408994000009,13.1144754190707,56598.0,12.95,0.0,13.49,12.9,13.49,1.0,56598.0
2015-07-22,12.9978158897684,13.3186295953498,12.9783726348847,13.0658672818614,50097.0,13.37,0.0,13.7,13.35,13.44,1.0,50097.0
2015-07-21,13.1144754190707,13.5422270265126,12.958929380001,13.3283512227917,62873.0,13.49,0.0,13.93,13.33,13.71,1.0,62873.0
2015-07-20,13.2894647130242,13.4255674972103,13.0367023995358,13.4158458697684,58202.0,13.67,0.0,13.81,13.41,13.8,1.0,58202.0
2015-07-17,13.4061242423266,13.4547323795359,13.1436403013963,13.3283512227917,51367.0,13.79,0.0,13.84,13.52,13.71,1.0,51367.0
2015-07-16,13.3380728502335,13.3623769188382,13.0951293804614,13.1047537916289,54973.0,13.72,0.0,13.745,13.4701,13.48,1.0,54973.0
2015-07-15,13.0755889093033,13.2991863404661,12.9880942623265,13.2991863404661,34569.0,13.45,0.0,13.68,13.36,13.68,1.0,34569.0
2015-07-14,13.3186295953498,13.3672377325591,12.9394861251172,13.0464240269777,69494.0,13.7,0.0,13.75,13.31,13.42,1.0,69494.0
2015-07-13,13.0172591446521,13.3575161051173,12.9297644976754,13.0075375172103,76346.0,13.39,0.0,13.74,13.3,13.38,1.0,76346.0
2015-07-10,13.2214133209312,13.2700214581405,12.6381156744195,13.095032164187,97954.0,13.6,0.0,13.65,13.0,13.47,1.0,97954.0
2015-07-09,12.9978158897684,13.1047537916289,12.5506210274428,12.6186724195358,121190.0,13.37,0.0,13.48,12.91,12.98,1.0,121190.0
2015-07-08,12.4047966158149,12.4825696353498,11.9576017534893,12.3075803413963,108251.0,12.76,0.0,12.84,12.3,12.66,1.0,108251.0
2015-07-07,12.3659101060474,12.395074988373,12.1018707047265,12.1714775572102,64347.0,12.72,0.0,12.75,12.4484,12.52,1.0,64347.0
2015-07-06,12.1811991846521,12.2395289493032,12.0062098906986,12.1325910474428,56765.0,12.53,0.0,12.59,12.35,12.48,1.0,56765.0
2015-07-02,12.1325910474428,12.8714347330242,12.0159315181404,12.7839400860475,79960.0,12.48,0.0,13.24,12.36,13.15,1.0,79960.0
2015-07-01,12.7936617134893,12.813104968373,12.3367452237218,12.3756317334893,96375.0,13.16,0.0,13.18,12.69,12.73,1.0,96375.0
2015-06-30,12.3173019688381,12.5408994000009,12.2104612832521,12.5408994000009,124677.0,12.67,0.0,12.9,12.5601,12.9,1.0,124677.0
2015-06-29,12.4047966158149,12.6964454390707,12.3561884786056,12.6089507920939,106700.0,12.76,0.0,13.06,12.71,12.97,1.0,106700.0
2015-06-26,12.677002184187,12.7936617134893,12.4047966158149,12.6575589293033,411084.0,13.04,0.16,13.16,12.76,13.02,1.0,411084.0
2015-06-25,12.5905680783857,12.65779460512,12.3216619714484,12.3216619714484,92009.0,13.11,0.0,13.18,12.83,12.83,1.0,92009.0
2015-06-24,12.3888884981827,12.859474185323,12.3120581819149,12.7538325004548,74857.0,12.9,0.0,13.39,12.82,13.28,1.0,74857.0
2015-06-23,12.7442287109213,13.1763992399277,12.6481908155866,13.1763992399277,59082.0,13.27,0.0,13.72,13.17,13.72,1.0,59082.0
2015-06-22,13.1667954503942,13.3204560829298,13.0803613445929,13.0899651341264,107360.0,13.71,0.0,13.87,13.62,13.63,1.0,107360.0
2015-06-19,13.0995689236599,13.1187765027268,12.7586343952215,12.9747196597247,221770.0,13.64,0.0,13.66,13.285,13.51,1.0,221770.0
2015-06-18,12.9074931329904,13.1283802922603,12.5425491307183,12.5425491307183,152444.0,13.44,0.0,13.67,13.06,13.06,1.0,152444.0
2015-06-17,12.5425491307183,12.677002184187,12.0623596540446,12.677002184187,89658.0,13.06,0.0,13.2,12.56,13.2,1.0,89658.0
2015-06-16,12.6097756574527,12.7154173423209,12.3216619714484,12.4369074458501,73253.0,13.13,0.0,13.24,12.83,12.95,1.0,73253.0
2015-06-15,12.3984922877162,12.5233415516514,11.9951331273103,12.2448316551806,77197.0,12.91,0.0,13.04,12.49,12.75,1.0,77197.0
2015-06-12,12.3408695505154,12.4176998667832,11.7550383889734,11.7646421785069,75748.0,12.85,0.0,12.93,12.24,12.25,1.0,75748.0
2015-06-11,11.7742459680403,11.9471141796429,11.7646421785069,11.8702838633751,529067.0,12.26,0.0,12.44,12.25,12.36,1.0,529067.0
2015-06-10,11.8702838633751,12.0527558645111,11.8222649157077,11.9375103901094,93387.0,12.36,0.0,12.55,12.31,12.43,1.0,93387.0
2015-06-09,11.8510762843081,11.9471141796429,11.7646421785069,11.7934535471073,58443.0,12.34,0.0,12.44,12.25,12.28,1.0,58443.0
2015-06-08,11.8510762843081,11.9759255482433,11.7646421785069,11.8510762843081,62706.0,12.34,0.0,12.47,12.25,12.34,1.0,62706.0
2015-06-05,11.8318687052412,12.3408695505154,11.7550383889734,12.3312657609819,138397.0,12.32,0.0,12.85,12.24,12.84,1.0,138397.0
2015-06-04,12.4561150249171,12.65779460512,12.3600771295823,12.65779460512,53176.0,12.97,0.0,13.18,12.87,13.18,1.0,53176.0
2015-06-03,12.6673983946535,12.7250211318544,12.4465112353836,12.494530183051,52675.0,13.19,0.0,13.25,12.96,13.01,1.0,52675.0
2015-06-02,12.4369074458501,12.5425491307183,12.273643023781,12.4080960772497,46432.0,12.95,0.0,13.06,12.78,12.92,1.0,46432.0
2015-06-01,12.4369074458501,12.5521529202518,12.292850602848,12.5233415516514,39727.0,12.95,0.0,13.07,12.8,13.04,1.0,39727.0
2015-05-29,12.5233415516514,12.7538325004548,12.475322603984,12.6866059737205,78236.0,13.04,0.0,13.28,12.99,13.21,1.0,78236.0
2015-05-28,12.6962097632539,12.7922476585887,12.3984922877162,12.6097756574527,57479.0,13.22,0.0,13.32,12.91,13.13,1.0,57479.0
2015-05-27,12.5425491307183,12.6481908155866,12.1920108127465,12.292850602848,70981.0,13.06,0.0,13.17,12.695,12.8,1.0,70981.0
2015-05-26,12.2448316551806,12.4225017615499,12.0527558645111,12.3408695505154,145930.0,12.75,0.0,12.935,12.55,12.85,1.0,145930.0
2015-05-22,12.3792847086493,12.5617567097853,12.3408695505154,12.3408695505154,67622.0,12.89,0.0,13.08,12.85,12.85,1.0,67622.0
2015-05-21,12.3888884981827,12.5328493032895,12.3120581819149,12.4176998667832,75913.0,12.9,0.0,13.0499,12.82,12.93,1.0,75913.0
2015-05-20,12.475322603984,12.5329453411849,12.3792847086493,12.4657188144505,50380.0,12.99,0.0,13.05,12.89,12.98,1.0,50380.0
2015-05-19,12.3792847086493,12.7250211318544,12.3120581819149,12.5041339725844,80151.0,12.89,0.0,13.25,12.82,13.02,1.0,80151.0
2015-05-18,12.5041339725844,13.0131348178586,12.4465112353836,13.0131348178586,96219.0,13.02,0.0,13.55,12.96,13.55,1.0,96219.0
2015-05-15,13.1187765027268,13.243625766662,12.8402666062561,13.243625766662,56066.0,13.66,0.0,13.79,13.37,13.79,1.0,56066.0
2015-05-14,13.2148143980616,13.3972863991976,12.4849263935175,12.5329453411849,132980.0,13.76,0.0,13.95,13.0,13.05,1.0,132980.0
2015-05-13,12.4465112353836,12.5713604993188,11.8366706000079,12.5713604993188,91300.0,12.96,0.0,13.09,12.325,13.09,1.0,91300.0
2015-05-12,11.9183028110425,11.9855293377768,11.3996981762348,11.6109815459713,97928.0,12.41,0.0,12.48,11.87,12.09,1.0,97928.0
2015-05-11,11.5725663878374,11.7646421785069,11.4861322820361,11.6109815459713,122581.0,12.05,0.0,12.25,11.96,12.09,1.0,122581.0
2015-05-08,11.6205853355047,12.1872089179798,11.5917739669043,11.9951331273103,56838.0,12.1,0.0,12.69,12.07,12.49,1.0,56838.0
2015-05-07,11.908699021509,12.0815672331115,11.8030573366408,11.8990952319755,104804.0,12.4,0.0,12.58,12.29,12.39,1.0,104804.0
2015-05-06,11.9375103901094,11.9759255482433,11.8030573366408,11.9759255482433,93768.0,12.43,0.0,12.47,12.29,12.47,1.0,93768.0
2015-05-05,12.0527558645111,12.2352278656471,11.908699021509,12.1199823912454,153853.0,12.55,0.0,12.74,12.4,12.62,1.0,153853.0
2015-05-04,12.2256240761137,12.3216619714484,11.7934535471073,11.9951331273103,96502.0,12.73,0.0,12.83,12.28,12.49,1.0,96502.0
2015-05-01,12.0335482854442,12.1776051284463,11.9038971267422,11.9855293377768,105515.0,12.53,0.0,12.68,12.395,12.48,1.0,105515.0
2015-04-30,11.9951331273103,12.5233415516514,11.8702838633751,12.494530183051,136500.0,12.49,0.0,13.04,12.36,13.01,1.0,136500.0
2015-04-29,12.5329453411849,12.8306628167226,12.494530183051,12.7922476585887,104789.0,13.05,0.0,13.36,13.01,13.32,1.0,104789.0
2015-04-28,12.9170969225239,13.1187765027268,12.7538325004548,12.8690779748565,82365.0,13.45,0.0,13.66,13.28,13.4,1.0,82365.0
2015-04-27,12.87868176439,13.243625766662,12.859474185323,12.9651158701912,52993.0,13.41,0.0,13.79,13.39,13.5,1.0,52993.0
2015-04-24,12.9651158701912,13.0995689236599,12.859474185323,12.9843234492582,44753.0,13.5,0.0,13.64,13.39,13.52,1.0,44753.0
2015-04-23,12.9363045015908,13.0707575550595,12.7538325004548,12.8114552376556,54750.0,13.47,0.0,13.61,13.28,13.34,1.0,54750.0
2015-04-22,12.859474185323,13.0699892518968,12.7922476585887,12.9843234492582,57062.0,13.39,0.0,13.6092,13.32,13.52,1.0,57062.0
2015-04-21,13.0899651341264,13.2108768443529,12.8690779748565,13.0323423969256,63186.0,13.63,0.0,13.7559,13.4,13.57,1.0,63186.0
2015-04-20,13.0323423969256,13.061153765526,12.7557532583615,12.8882855539234,91213.0,13.57,0.0,13.6,13.282,13.42,1.0,91213.0
2015-04-17,12.8690779748565,12.9459082911243,12.6866059737205,12.7346249213878,75488.0,13.4,0.0,13.48,13.21,13.26,1.0,75488.0
2015-04-16,12.8210590271891,12.9939272387917,12.6289832365196,12.7826438690552,124383.0,13.35,0.0,13.53,13.15,13.31,1.0,124383.0
2015-04-15,12.7538325004548,13.1475878713273,12.6962097632539,13.0131348178586,71684.0,13.28,0.0,13.69,13.22,13.55,1.0,71684.0
2015-04-14,12.8978893434569,13.1667954503942,12.65779460512,12.7538325004548,79503.0,13.43,0.0,13.71,13.18,13.28,1.0,79503.0
2015-04-13,12.7826438690552,13.0926541951958,12.677002184187,12.9459082911243,73351.0,13.31,0.0,13.6328,13.2,13.48,1.0,73351.0
2015-04-10,12.9363045015908,13.2148143980616,12.87868176439,12.9459082911243,55421.0,13.47,0.0,13.76,13.41,13.48,1.0,55421.0
2015-04-09,12.9267007120573,13.4741167154654,12.8882855539234,13.3684750305972,51606.0,13.46,0.0,14.03,13.42,13.92,1.0,51606.0
2015-04-08,13.4068901887311,13.4357015573315,13.061153765526,13.061153765526,80518.0,13.96,0.0,13.99,13.6,13.6,1.0,80518.0
2015-04-07,13.1283802922603,13.5893621898671,13.041946186459,13.5893621898671,54219.0,13.67,0.0,14.15,13.58,14.15,1.0,54219.0
2015-04-06,13.5509470317332,13.7622304014697,13.3684750305972,13.6854000852019,55499.0,14.11,0.0,14.33,13.92,14.25,1.0,55499.0
2015-04-02,13.6854000852019,13.7814379805366,13.2532295561955,13.3972863991976,100030.0,14.25,0.0,14.35,13.8,13.95,1.0,100030.0
2015-04-01,13.445305346865,13.4549091363985,12.8402666062561,12.9843234492582,96297.0,14.0,0.0,14.01,13.37,13.52,1.0,96297.0
2015-03-31,13.0227386073921,13.2148143980616,12.8690779748565,13.1283802922603,93805.0,13.56,0.0,13.76,13.4,13.67,1.0,93805.0
2015-03-30,13.2532295561955,13.2724371352624,13.0227386073921,13.1379840817938,70680.0,13.8,0.0,13.82,13.56,13.68,1.0,70680.0
2015-03-27,13.1379840817938,13.3108522933963,12.9939272387917,13.2148143980616,54796.0,13.68,0.16,13.86,13.53,13.76,1.0,54796.0
2015-03-26,13.2329117124426,13.3278393430914,12.7392880330688,13.3278393430914,146575.0,13.94,0.0,14.04,13.42,14.04,1.0,146575.0
2015-03-25,13.3753031584158,13.6600860503622,13.2424044755075,13.517694604389,82349.0,14.09,0.0,14.39,13.95,14.24,1.0,82349.0
2015-03-24,13.5651584197134,13.755013681011,13.4892163151943,13.5556656566485,100329.0,14.29,0.0,14.49,14.21,14.28,1.0,100329.0
2015-03-23,13.6316077611675,13.6505932872973,12.881679479042,12.881679479042,146412.0,14.36,0.0,14.38,13.57,13.57,1.0,146412.0
2015-03-20,12.9196505313015,12.9386360574313,12.3405919843439,12.5874038240307,388988.0,13.61,0.0,13.63,13.0,13.26,1.0,388988.0
2015-03-19,12.5399400087063,12.8436134991519,12.1507367230463,12.1507367230463,122315.0,13.21,0.0,13.5299,12.8,12.8,1.0,122315.0
2015-03-18,12.2456643536951,12.2931281690195,11.5811709391535,12.1317511969165,117360.0,12.9,0.0,12.95,12.2,12.78,1.0,117360.0
2015-03-17,12.1317511969165,12.4165340888629,11.6760985698023,12.3405919843439,119895.0,12.78,0.0,13.08,12.3,13.0,1.0,119895.0
2015-03-16,12.407041325798,12.4639979041873,12.1792150122409,12.2836354059546,75686.0,13.07,0.0,13.13,12.83,12.94,1.0,75686.0
2015-03-13,12.2456643536951,12.4355196149927,12.0083452770731,12.4355196149927,69182.0,12.9,0.0,13.1,12.65,13.1,1.0,69182.0
2015-03-12,12.407041325798,12.4355196149927,11.8279827788404,11.8659538310999,72064.0,13.07,0.0,13.1,12.46,12.5,1.0,72064.0
2015-03-11,11.7710262004511,11.7995044896457,11.4957360715696,11.6381275175428,90705.0,12.4,0.0,12.43,12.11,12.26,1.0,90705.0
2015-03-10,11.619141991413,11.6666058067374,11.3913156778559,11.4862433085047,132890.0,12.24,0.0,12.29,12.0,12.1,1.0,132890.0
2015-03-09,11.5906637022184,11.8279827788404,11.4672577823749,11.7900117265808,138522.0,12.21,0.0,12.46,12.08,12.42,1.0,138522.0
2015-03-06,11.6760985698023,12.3121136951492,11.6476202806076,12.2456643536951,155695.0,12.3,0.0,12.97,12.27,12.9,1.0,155695.0
2015-03-05,12.2741426428897,12.8152301375879,12.1602294861111,12.7108097438742,128157.0,12.93,0.0,13.5,12.81,13.39,1.0,128157.0
2015-03-04,12.7297952700039,12.9386360574313,12.7203025069391,12.9291432943664,113320.0,13.41,0.0,13.63,13.4,13.62,1.0,113320.0
2015-03-03,12.881679479042,13.1000130295343,12.6348676393551,12.9860998727557,160776.0,13.57,0.0,13.8,13.31,13.68,1.0,160776.0
2015-03-02,12.8247229006527,12.8626939529123,12.0747946185272,12.0747946185272,216913.0,13.51,0.0,13.55,12.72,12.72,1.0,216913.0
2015-02-27,12.0653018554623,12.2741426428897,12.0558090923975,12.1032729077219,151255.0,12.71,0.0,12.93,12.7,12.75,1.0,151255.0
2015-02-26,12.1412439599814,12.4450123780575,12.1032729077219,12.3500847474087,136558.0,12.79,0.0,13.11,12.75,13.01,1.0,136558.0
2015-02-25,12.3500847474087,12.4924761933819,12.3500847474087,12.3880557996683,62169.0,13.01,0.0,13.16,13.01,13.05,1.0,62169.0
2015-02-24,12.4639979041873,12.568418297901,12.3880557996683,12.5304472456415,76900.0,13.13,0.0,13.24,13.05,13.2,1.0,76900.0
2015-02-23,12.5019689564468,12.6348676393551,12.3785630366034,12.3785630366034,180218.0,13.17,0.0,13.31,13.04,13.04,1.0,180218.0
2015-02-20,12.4829834303171,12.6348676393551,12.3405919843439,12.6348676393551,269388.0,13.15,0.0,13.31,13.0,13.31,1.0,269388.0
2015-02-19,12.6063893501605,12.9006650051718,12.5209544825766,12.8437084267825,166371.0,13.28,0.0,13.59,13.19,13.53,1.0,166371.0
2015-02-18,12.9291432943664,12.9576215835611,12.3026209320843,12.3026209320843,155309.0,13.62,0.0,13.65,12.96,12.96,1.0,155309.0
2015-02-17,12.4829834303171,12.8911722421069,12.4545051411224,12.8532011898474,101139.0,13.15,0.0,13.58,13.12,13.54,1.0,101139.0
2015-02-13,12.7772590853283,13.0335636880801,12.4355196149927,12.6063893501605,143912.0,13.46,0.0,13.73,13.1,13.28,1.0,143912.0
2015-02-12,12.5304472456415,12.6537582378543,12.2646498798248,12.2646498798248,80662.0,13.2,0.0,13.3299,12.92,12.92,1.0,80662.0
2015-02-11,12.407041325798,12.5114617195117,12.1887077753058,12.3880557996683,98642.0,13.07,0.0,13.18,12.84,13.05,1.0,98642.0
2015-02-10,12.331099221279,12.6633459285498,12.2456643536951,12.6633459285498,108310.0,12.99,0.0,13.34,12.9,13.34,1.0,108310.0
2015-02-09,12.64436040242,13.1000130295343,12.6063893501605,13.0715347403396,79925.0,13.32,0.0,13.8,13.28,13.77,1.0,79925.0
2015-02-06,13.0905202664694,13.7834919702056,13.0620419772747,13.7834919702056,145490.0,13.79,0.0,14.52,13.76,14.52,1.0,145490.0
2015-02-05,13.8499413116598,14.0397965729574,13.5461728935836,14.0303038098925,150084.0,14.59,0.0,14.79,14.27,14.78,1.0,150084.0
2015-02-04,13.9353761792437,14.1726952558657,13.5271873674539,14.0113182837627,308592.0,14.68,0.0,14.93,14.25,14.76,1.0,308592.0
2015-02-03,14.0303038098925,14.1252314405413,13.2424044755075,13.2424044755075,201172.0,14.78,0.0,14.88,13.95,13.95,1.0,201172.0
2015-02-02,13.2708827647021,13.3373321061563,12.64436040242,12.881679479042,210861.0,13.98,0.0,14.05,13.32,13.57,1.0,210861.0
2015-01-30,12.7962446114581,13.5366801305187,12.6918242177444,12.9671143466259,908689.0,13.48,0.0,14.26,13.37,13.66,1.0,908689.0
2015-01-29,13.1000130295343,13.4037814476104,12.5304472456415,12.6063893501605,277076.0,13.8,0.0,14.12,13.2,13.28,1.0,277076.0
2015-01-28,12.3880557996683,12.7013169808093,11.8944321202945,11.9134176464243,325094.0,13.05,0.0,13.38,12.53,12.55,1.0,325094.0
2015-01-27,11.6476202806076,11.8279827788404,11.3913156778559,11.7330551481916,145694.0,12.27,0.0,12.46,12.0,12.36,1.0,145694.0
2015-01-26,11.9039248833594,11.9229104094892,11.1824748904285,11.4862433085047,139876.0,12.54,0.0,12.56,11.78,12.1,1.0,139876.0
2015-01-23,11.4197939670505,11.5526926499588,11.06856173365,11.0875472597797,181407.0,12.03,0.0,12.17,11.66,11.68,1.0,181407.0
2015-01-22,11.0495762075202,11.144503838169,10.6318946326655,10.7268222633143,327977.0,11.64,0.0,11.74,11.2,11.3,1.0,327977.0
2015-01-21,10.669865684925,10.7363150263792,10.5559525281464,10.593923580406,106233.0,11.24,0.0,11.31,11.12,11.16,1.0,106233.0
2015-01-20,10.6224018696006,11.0400834444553,10.5844308173411,10.6793584479899,141408.0,11.19,0.0,11.63,11.15,11.25,1.0,141408.0
2015-01-16,10.6318946326655,10.9926196291309,10.5559525281464,10.8597209462226,168027.0,11.2,0.0,11.58,11.12,11.44,1.0,168027.0
2015-01-15,10.9166775246119,11.06856173365,10.7932716047684,11.0116051552607,133169.0,11.5,0.0,11.66,11.37,11.6,1.0,133169.0
2015-01-14,11.0021123921958,11.220445942688,10.9926196291309,10.9926196291309,180952.0,11.59,0.0,11.82,11.58,11.58,1.0,180952.0
2015-01-13,11.0875472597797,11.4482722562452,10.9356630507416,11.2679097580124,248230.0,11.68,0.0,12.06,11.52,11.87,1.0,248230.0
2015-01-12,11.2299387057529,11.2584169949476,11.0210979183256,11.0875472597797,196122.0,11.83,0.0,11.86,11.61,11.68,1.0,196122.0
2015-01-09,11.1160255489744,11.7045768589969,11.1065327859095,11.3343590994666,103941.0,11.71,0.0,12.33,11.7,11.94,1.0,103941.0
2015-01-08,11.305880810272,11.3913156778559,11.2109531796232,11.3723301517261,135515.0,11.91,0.0,12.0,11.81,11.98,1.0,135515.0
2015-01-07,11.2679097580124,11.305880810272,11.0590689705851,11.1350110751041,113216.0,11.87,0.0,11.91,11.65,11.73,1.0,113216.0
2015-01-06,11.0116051552607,11.3153735733368,10.9166775246119,11.2014604165583,205720.0,11.6,0.0,11.92,11.5,11.8,1.0,205720.0
2015-01-05,11.1255183120392,11.5337071238291,11.06856173365,11.3153735733368,170299.0,11.72,0.0,12.15,11.66,11.92,1.0,170299.0
2015-01-02,11.381822914791,11.7900117265808,11.3533446255964,11.7900117265808,142517.0,11.99,0.0,12.42,11.96,12.42,1.0,142517.0
2014-12-31,11.7045768589969,11.9988525140082,11.6855913328672,11.9418959356189,273963.0,12.33,0.0,12.64,12.31,12.58,1.0,273963.0
2014-12-30,11.9134176464243,12.1127656707867,11.9039248833594,12.0368235662677,182493.0,12.55,0.0,12.76,12.54,12.68,1.0,182493.0
2014-12-29,12.1127656707867,12.2836354059546,12.0842873815921,12.093780144657,150456.0,12.76,0.125,12.94,12.73,12.74,1.0,150456.0
2014-12-26,12.0046579445826,12.0234592882703,11.4688196494838,11.4688196494838,206794.0,12.77,0.0,12.79,12.2,12.2,1.0,206794.0
2014-12-24,11.4970216650153,11.5628263679222,11.3748129310454,11.4876209931714,103969.0,12.23,0.0,12.3,12.1,12.22,1.0,103969.0
2014-12-23,11.5252236805468,11.8354458513935,11.2714055407631,11.2714055407631,246508.0,12.26,0.0,12.59,11.99,11.99,1.0,246508.0
2014-12-22,11.2244021815439,11.2432035252316,10.810772620415,10.9047793388534,319744.0,11.94,0.0,11.96,11.5,11.6,1.0,319744.0
2014-12-19,10.7637692611958,11.6568330863606,10.6415605272259,11.5440250242345,1527494.0,11.45,0.0,12.4,11.32,12.28,1.0,1527494.0
2014-12-18,11.572227039766,11.8260451795497,11.2507240627067,11.4500183057961,329808.0,12.31,0.0,12.58,11.968,12.18,1.0,329808.0
2014-12-17,11.4970216650153,11.5064223368591,11.1679981504809,11.280806212607,265878.0,12.23,0.0,12.24,11.88,12.0,1.0,265878.0
2014-12-16,11.2996075562947,11.8260451795497,11.1209947912617,11.7602404766428,213789.0,12.02,0.0,12.58,11.83,12.51,1.0,213789.0
2014-12-15,11.7414391329551,11.8166445077058,11.3748129310454,11.5440250242345,317004.0,12.49,0.0,12.57,12.1,12.28,1.0,317004.0
2014-12-12,11.5252236805468,12.39008549018,11.4688196494838,12.39008549018,190067.0,12.26,0.0,13.18,12.2,13.18,1.0,190067.0
2014-12-11,11.4594189776399,11.8354458513935,11.0175874009795,11.6850351018921,787645.0,12.19,5.88,12.59,11.72,12.43,1.0,787645.0
2014-12-10,11.6560111128402,11.7257696124274,11.3199019784656,11.3199019784656,352135.0,18.38,0.0,18.49,17.85,17.85,1.0,352135.0
2014-12-09,11.2881935695623,11.6052776585949,11.1867266610718,11.5799109314723,193757.0,17.8,0.0,18.3,17.64,18.26,1.0,193757.0
2014-12-08,11.6243027039369,11.713086248866,11.5418608407884,11.6052776585949,166368.0,18.33,0.0,18.47,18.2,18.3,1.0,166368.0
2014-12-05,11.5228357954465,11.7004028853047,11.4086855233947,11.4721023412012,181165.0,18.17,0.0,18.45,17.99,18.09,1.0,181165.0
2014-12-04,11.3896604780527,11.4150272051754,11.0979431161427,11.2501434788784,117831.0,17.96,0.0,18.0,17.5,17.74,1.0,117831.0
2014-12-03,11.2247767517558,11.2818518877816,10.5905451568727,10.5906085736905,170229.0,17.7,0.0,17.79,16.6999,16.7,1.0,170229.0
2014-12-02,10.5271917558839,10.5715835283485,10.3496246660257,10.4193831656128,231501.0,16.6,0.0,16.67,16.32,16.43,1.0,231501.0
2014-12-01,10.3496246660257,10.5899744055124,10.2608411210965,10.362308029587,165577.0,16.32,0.0,16.699,16.18,16.34,1.0,165577.0
2014-11-28,10.2544994393159,10.3940164384902,10.2101076668513,10.2735244846578,66653.0,16.17,0.0,16.39,16.1,16.2,1.0,66653.0
2014-11-26,10.2037659850706,10.2544994393159,9.98814880452844,10.1213241219222,285258.0,16.09,0.0,16.17,15.75,15.96,1.0,285258.0
2014-11-25,9.84229012357342,9.93107366850256,9.81438672373855,9.93107366850256,142700.0,15.52,0.0,15.66,15.476,15.66,1.0,142700.0
2014-11-24,9.92473198672191,9.95644039562517,9.87399853247668,9.95644039562517,176850.0,15.65,0.0,15.7,15.57,15.7,1.0,176850.0
2014-11-21,9.87399853247668,9.95644039562517,9.82960676001211,9.95644039562517,89321.0,15.57,0.0,15.7,15.5,15.7,1.0,89321.0
2014-11-20,9.85497348713472,9.98180712274778,9.79789835110885,9.79789835110885,77361.0,15.54,0.0,15.74,15.45,15.45,1.0,77361.0
2014-11-19,9.79789835110885,9.95009871384452,9.79789835110885,9.84863180535407,74656.0,15.45,0.0,15.69,15.45,15.53,1.0,74656.0
2014-11-18,9.82326507823146,9.95644039562517,9.78521498754754,9.82960676001211,80732.0,15.49,0.0,15.7,15.43,15.5,1.0,80732.0
2014-11-17,9.82326507823146,10.0642489858963,9.75350657864428,10.0642489858963,99708.0,15.49,0.0,15.87,15.38,15.87,1.0,99708.0
2014-11-14,10.032540576993,10.0832740312382,9.96912375918648,9.97546544096713,55391.0,15.82,0.0,15.9,15.72,15.73,1.0,55391.0
2014-11-13,10.0071738498704,10.0579073041156,9.97546544096713,10.0579073041156,92923.0,15.78,0.0,15.86,15.73,15.86,1.0,92923.0
2014-11-12,10.1022990765802,10.1276658037028,9.91521946405093,9.95644039562517,88562.0,15.93,0.0,15.97,15.635,15.7,1.0,88562.0
2014-11-11,10.0198572134317,10.1340074854835,9.99449048630909,10.0769323494576,165481.0,15.8,0.0,15.98,15.76,15.89,1.0,165481.0
2014-11-10,10.1149824401415,10.1340074854835,9.90577035819775,10.1149824401415,102055.0,15.95,0.0,15.98,15.6201,15.95,1.0,102055.0
2014-11-07,10.0769323494576,10.1530325308254,9.89936525959929,10.0832740312382,113082.0,15.89,0.0,16.01,15.61,15.9,1.0,113082.0
2014-11-06,10.0832740312382,10.1403491672641,9.98814880452844,10.0769323494576,442178.0,15.9,0.0,15.99,15.75,15.89,1.0,442178.0
2014-11-05,10.1022990765802,10.1657158943867,10.032540576993,10.1149824401415,71557.0,15.93,0.0,16.03,15.82,15.95,1.0,71557.0
2014-11-04,10.0642489858963,10.1022990765802,9.67740639727644,9.72179816974101,280762.0,15.87,0.0,15.93,15.26,15.33,1.0,280762.0
2014-11-03,9.94375703206387,10.2101076668513,9.73454495012012,9.92473198672191,381438.0,15.68,0.0,16.1,15.3501,15.65,1.0,381438.0
2014-10-31,9.84863180535407,10.1403491672641,9.48715594385685,9.79155666932819,630851.0,15.53,0.0,15.99,14.96,15.44,1.0,630851.0
2014-10-30,9.41105576248902,9.54423107988273,9.16373017304355,9.16373017304355,97817.0,14.84,0.0,15.05,14.45,14.45,1.0,97817.0
2014-10-29,9.16373017304355,9.24617203619204,8.92908794715939,9.00518812852722,269583.0,14.45,0.0,14.58,14.08,14.2,1.0,269583.0
2014-10-28,9.18909690016616,9.25885539975334,8.82762103866894,8.9417713107207,314656.0,14.49,0.0,14.6,13.92,14.1,1.0,314656.0
2014-10-27,8.85932944757221,9.01152981030788,8.69444572127523,9.01152981030788,184528.0,13.97,0.0,14.21,13.71,14.21,1.0,184528.0
2014-10-24,8.94811299250135,9.33495558112118,8.56761208566217,9.02421317386919,295516.0,14.11,0.0,14.72,13.51,14.23,1.0,295516.0
2014-10-23,8.99884644674657,9.42690996694065,8.94811299250135,9.34763894468249,268530.0,14.19,0.0,14.865,14.11,14.74,1.0,268530.0
2014-10-22,9.29056380865661,9.42373912605032,9.16373017304355,9.42373912605032,463098.0,14.65,0.0,14.86,14.45,14.86,1.0,463098.0
2014-10-21,9.31593053577922,9.60130621590861,9.23348867263073,9.39203071714706,247935.0,14.69,0.0,15.14,14.56,14.81,1.0,247935.0
2014-10-20,9.37934735358575,9.56959780700534,9.17641353660486,9.33495558112118,145338.0,14.79,0.0,15.09,14.47,14.72,1.0,145338.0
2014-10-17,9.30958885399857,10.1181532810318,9.14470512770159,9.82960676001211,210228.0,14.68,0.0,15.955,14.42,15.5,1.0,210228.0
2014-10-16,9.12568008235963,9.29056380865661,8.75152085730111,8.75786253908176,96303.0,14.39,0.0,14.65,13.8,13.81,1.0,96303.0
2014-10-15,9.20178026372747,9.25885539975334,9.11299671879832,9.20178026372747,139568.0,14.51,0.0,14.6,14.37,14.51,1.0,139568.0
2014-10-14,9.29056380865661,9.4808142620762,8.87835449291417,8.93542962894004,153108.0,14.65,0.0,14.95,14.0,14.09,1.0,153108.0
2014-10-13,8.89103785647547,8.96079635606266,8.49785358607499,8.49785358607499,143813.0,14.02,0.0,14.13,13.4,13.4,1.0,143813.0
2014-10-10,8.51687863141695,8.71981244839784,8.49785358607499,8.61200385812674,117620.0,13.43,0.0,13.75,13.4,13.58,1.0,117620.0
2014-10-09,8.67542067593327,8.77048248582526,8.58029544922348,8.74517917552045,71810.0,13.68,0.0,13.8299,13.53,13.79,1.0,71810.0
2014-10-08,8.77688758442372,8.83396272044959,8.56761208566217,8.78322926620437,75976.0,13.84,0.0,13.93,13.51,13.85,1.0,75976.0
2014-10-07,8.78957094798502,8.9417713107207,8.75152085730111,8.82762103866894,37449.0,13.86,0.0,14.1,13.8,13.92,1.0,37449.0
2014-10-06,8.87835449291417,8.94811299250135,8.81493767510764,8.92908794715939,38323.0,14.0,0.0,14.11,13.9,14.08,1.0,38323.0
2014-10-03,8.93542962894004,9.09397167345637,8.91006290181743,9.09397167345637,60669.0,14.09,0.0,14.34,14.05,14.34,1.0,60669.0
2014-10-02,8.96713803784331,9.10031335523702,8.87835449291417,9.08128830989506,47773.0,14.14,0.0,14.35,14.0,14.32,1.0,47773.0
2014-10-01,8.9417713107207,9.10031335523702,8.8466460840109,9.03689653743049,100297.0,14.1,0.0,14.35,13.95,14.25,1.0,100297.0
2014-09-30,9.06860494633376,9.12568008235963,8.88469617469482,9.04323821921114,189463.0,14.3,0.0,14.39,14.01,14.26,1.0,189463.0
2014-09-29,9.06860494633376,9.19543858194682,8.87898866109223,8.99884644674657,125643.0,14.3,0.0,14.5,14.001,14.19,1.0,125643.0
2014-09-26,9.07494662811441,9.33495558112118,9.02421317386919,9.18909690016616,221013.0,14.31,0.0,14.72,14.23,14.49,1.0,221013.0
2014-09-25,9.20178026372747,9.32227221755987,9.01311523075304,9.32227221755987,66066.0,14.51,0.0,14.7,14.2125,14.7,1.0,66066.0
2014-09-24,9.30958885399857,9.45544753495359,9.25885539975334,9.41105576248902,79350.0,14.68,0.0,14.91,14.6,14.84,1.0,79350.0
2014-09-23,9.40471408070836,9.67106471549579,9.32861389934053,9.52520603454077,165000.0,14.83,0.0,15.25,14.71,15.02,1.0,165000.0
2014-09-22,9.60130621590861,9.75350657864428,9.46178921673424,9.5886228523473,154500.0,15.14,0.0,15.38,14.92,15.12,1.0,154500.0
2014-09-19,9.70277312439905,10.0452239405543,9.52520603454077,9.70277312439905,418300.0,15.3,0.0,15.84,15.02,15.3,1.0,418300.0
2014-09-18,9.67740639727644,9.85497348713472,9.46178921673424,9.61398957946991,227300.0,15.26,0.0,15.54,14.92,15.16,1.0,227300.0
2014-09-17,9.59496453412795,10.178399257948,9.36032230824379,9.81692339645081,349600.0,15.13,0.0,16.05,14.76,15.48,1.0,349600.0
2014-09-16,9.8042400328895,10.1466908490448,9.79155666932819,10.0452239405543,169500.0,15.46,0.0,16.0,15.44,15.84,1.0,169500.0
2014-09-15,10.1022990765802,10.654025391497,10.0959573947995,10.4954833469807,29900.0,15.93,0.0,16.8,15.92,16.55,1.0,29900.0
2014-09-12,10.5208500741033,10.8506175266972,10.3940164384902,10.8125674360133,43700.0,16.59,0.0,17.11,16.39,17.05,1.0,43700.0
2014-09-11,10.799884072452,11.129651525046,10.6032919372518,11.0091595712136,57800.0,17.03,0.0,17.55,16.72,17.36,1.0,57800.0
2014-09-10,11.0789180708007,11.1550182521686,10.9140343445038,10.9140343445038,63300.0,17.47,0.0,17.59,17.21,17.21,1.0,63300.0
2014-09-09,10.945742753407,11.2247767517558,10.9013509809425,11.1359932068266,29800.0,17.26,0.0,17.7,17.19,17.56,1.0,29800.0
2014-09-08,11.1803849792912,11.2120933881945,10.9584261169683,10.9584261169683,46700.0,17.63,0.0,17.68,17.28,17.28,1.0,46700.0
2014-09-05,11.0091595712136,11.110626479704,10.9172051853941,10.9330593898457,37400.0,17.36,0.0,17.52,17.215,17.24,1.0,37400.0
2014-09-04,11.0028178894329,11.2438017970977,10.9901979426894,11.2438017970977,36800.0,17.35,0.0,17.73,17.3301,17.73,1.0,36800.0
2014-09-03,10.983792844091,11.2501434788784,10.9076926627231,11.0979431161427,65300.0,17.32,0.0,17.74,17.2,17.5,1.0,65300.0
2014-09-02,11.0789180708007,11.2311184335364,10.9774511623103,11.129651525046,113100.0,17.47,0.0,17.71,17.31,17.55,1.0,113100.0
2014-08-29,11.0789180708007,11.2501434788784,11.0725763890201,11.2311184335364,74200.0,17.47,0.0,17.74,17.46,17.71,1.0,74200.0
2014-08-28,11.1677016157299,11.2501434788784,11.0409313969346,11.0535513436781,83300.0,17.61,0.0,17.74,17.4101,17.43,1.0,83300.0
2014-08-27,11.1042847979234,11.1803849792912,10.9774511623103,10.9774511623103,76700.0,17.51,0.0,17.63,17.31,17.31,1.0,76700.0
2014-08-26,11.110626479704,11.256485160659,11.0028178894329,11.0725763890201,57300.0,17.52,0.0,17.75,17.35,17.46,1.0,57300.0
2014-08-25,11.0979431161427,11.2374601153171,10.9394010716264,11.2374601153171,53800.0,17.5,0.0,17.72,17.25,17.72,1.0,53800.0
2014-08-22,11.1486765703879,11.3135602966849,11.0218429347749,11.0472096618975,71600.0,17.58,0.0,17.84,17.38,17.42,1.0,71600.0
2014-08-21,11.0979431161427,11.3516103873688,11.0345262983362,11.1486765703879,73000.0,17.5,0.0,17.9,17.4,17.58,1.0,73000.0
2014-08-20,11.1803849792912,11.3516103873688,11.1042847979234,11.110626479704,39400.0,17.63,0.0,17.9,17.51,17.52,1.0,39400.0
2014-08-19,11.1677016157299,11.256485160659,10.983792844091,10.983792844091,229900.0,17.61,0.0,17.75,17.32,17.32,1.0,229900.0
2014-08-18,11.0028178894329,11.0979431161427,10.6603670732777,10.8506175266972,79200.0,17.35,0.0,17.5,16.81,17.11,1.0,79200.0
2014-08-15,10.7111005275229,10.7364672546455,10.2735244846578,10.4320665291741,104200.0,16.89,0.0,16.93,16.2,16.45,1.0,104200.0
2014-08-14,10.2481577575352,10.6412786111179,10.1276658037028,10.1466908490448,91400.0,16.16,0.0,16.7799,15.97,16.0,1.0,91400.0
2014-08-13,9.94375703206387,10.1022990765802,9.62667294303122,9.62667294303122,60500.0,15.68,0.0,15.93,15.18,15.18,1.0,60500.0
2014-08-12,9.78521498754754,9.88034021425734,9.52520603454077,9.63935630659252,61700.0,15.43,0.0,15.58,15.02,15.2,1.0,61700.0
2014-08-11,9.65838135193448,9.98180712274778,9.47447258029555,9.72179816974101,79700.0,15.23,0.0,15.74,14.94,15.33,1.0,79700.0
2014-08-08,9.6964314426184,9.77253162398624,9.265197081534,9.65203967015383,62600.0,15.29,0.0,15.41,14.61,15.22,1.0,62600.0
2014-08-07,9.65838135193448,9.77887330576689,9.30324717221792,9.70277312439905,112300.0,15.23,0.0,15.42,14.67,15.3,1.0,112300.0
2014-08-06,9.63301462481187,9.99309531631735,9.52520603454077,9.73448153330232,48300.0,15.19,0.0,15.7578,15.02,15.35,1.0,48300.0
2014-08-05,9.8042400328895,10.5652418465679,9.55691444344403,10.2925495299998,157700.0,15.46,0.0,16.66,15.07,16.23,1.0,157700.0
2014-08-04,10.343282984245,10.9584261169683,10.2101076668513,10.6413420279357,119900.0,16.31,0.0,17.28,16.1,16.78,1.0,119900.0
2014-08-01,10.5589001647872,10.97428032142,10.4003581202709,10.8506175266972,105200.0,16.65,0.0,17.305,16.4,17.11,1.0,105200.0
2014-07-31,10.818909117794,11.3072186149043,10.7935423906714,10.9711094805296,118600.0,17.06,0.0,17.83,17.02,17.3,1.0,118600.0
2014-07-30,10.9901345258716,11.3389270238075,10.9711094805296,11.129651525046,58100.0,17.33,0.0,17.88,17.3,17.55,1.0,58100.0
2014-07-29,11.0916014343621,11.3896604780527,11.0345262983362,11.2881935695623,223800.0,17.49,0.0,17.96,17.4,17.8,1.0,223800.0
2014-07-28,11.2945352513429,11.4086855233947,11.1677016157299,11.1803849792912,80000.0,17.81,0.0,17.99,17.61,17.63,1.0,80000.0
2014-07-25,11.2120933881945,11.2374601153171,11.0979431161427,11.0979431161427,103900.0,17.68,0.0,17.72,17.5,17.5,1.0,103900.0
2014-07-24,11.1550182521686,11.4150272051754,11.1297149418638,11.2501434788784,59400.0,17.59,0.0,18.0,17.5501,17.74,1.0,59400.0
2014-07-23,11.2247767517558,11.4023438416141,11.129651525046,11.3135602966849,59100.0,17.7,0.0,17.98,17.55,17.84,1.0,59100.0
2014-07-22,11.3262436602462,11.4150272051754,11.1550182521686,11.3833187962721,75800.0,17.86,0.0,18.0,17.59,17.95,1.0,75800.0
2014-07-21,11.2501434788784,11.5291774772271,11.0979431161427,11.2881935695623,76800.0,17.74,0.0,18.18,17.5,17.8,1.0,76800.0
2014-07-18,11.421368886956,11.6116193403756,10.964767798749,10.964767798749,98700.0,18.01,0.0,18.31,17.29,17.29,1.0,98700.0
2014-07-17,11.0725763890201,11.2602901697274,10.8442758449166,11.1233098432653,109000.0,17.46,0.0,17.756,17.1,17.54,1.0,109000.0
2014-07-16,11.2120933881945,11.6978662125925,10.9013509809425,11.2374601153171,102900.0,17.68,0.0,18.446,17.19,17.72,1.0,102900.0
2014-07-15,11.1550182521686,11.732111294208,11.0979431161427,11.4974690683238,75300.0,17.59,0.0,18.5,17.5,18.13,1.0,75300.0
2014-07-14,11.5545442043497,11.7574780213306,11.4340522505173,11.6686944764015,120600.0,18.22,0.0,18.54,18.03,18.4,1.0,120600.0
2014-07-11,11.5418608407884,11.732111294208,11.4530772958593,11.7067445670854,93300.0,18.2,0.0,18.5,18.06,18.46,1.0,93300.0
2014-07-10,11.75113633955,12.0491953832407,11.4277105687367,11.8208948391371,123000.0,18.53,0.0,19.0,18.02,18.64,1.0,123000.0
2014-07-09,12.0491953832407,12.2394458366602,11.8082114755758,12.1379789281698,67500.0,19.0,0.0,19.3,18.62,19.14,1.0,67500.0
2014-07-08,12.1252955646085,12.645313470622,11.7955281120145,12.3979878811766,118300.0,19.12,0.0,19.94,18.6,19.55,1.0,118300.0
2014-07-07,12.3853045176153,12.7816596289061,12.2679834046732,12.5945800163768,134100.0,19.53,0.0,20.155,19.345,19.86,1.0,134100.0
2014-07-03,12.6199467434994,12.7784887880157,12.2711542455635,12.6136050617188,32600.0,19.9,0.0,20.15,19.35,19.89,1.0,32600.0
2014-07-02,12.5628716074735,12.810197196919,12.4106712447379,12.5692132892542,154900.0,19.81,0.0,20.2,19.57,19.82,1.0,154900.0
2014-07-01,12.5692132892542,12.810197196919,12.5438465621316,12.664338515964,294900.0,19.82,0.0,20.2,19.78,19.97,1.0,294900.0
2014-06-30,12.5565299256929,12.6009216981575,12.0555370650213,12.2267624730989,167300.0,19.8,0.0,19.87,19.01,19.28,1.0,167300.0
2014-06-27,12.2140791095376,12.2331041548796,11.8082114755758,11.9730952018728,238100.0,19.26,0.0,19.29,18.62,18.88,1.0,238100.0
2014-06-26,12.061878746802,12.1823707006344,11.7574780213306,12.0999288374859,57600.0,19.02,0.0,19.21,18.54,19.08,1.0,57600.0
2014-06-25,12.1506622917311,12.1772973552098,11.586252613253,11.8843116569437,89300.0,19.16,0.0,19.202,18.27,18.74,1.0,89300.0
2014-06-24,11.9287034294082,12.1696873370731,11.896995020505,12.0048036107761,156900.0,18.81,0.0,19.19,18.76,18.93,1.0,156900.0
2014-06-23,11.9604118383115,12.4233546082992,11.8589449298211,12.2521292002215,121100.0,18.86,0.0,19.59,18.7,19.32,1.0,121100.0
2014-06-20,12.1252955646085,12.2013957459763,11.5799109314723,11.6940612035241,348500.0,19.12,0.0,19.24,18.26,18.44,1.0,348500.0
2014-06-19,11.586252613253,11.7384529759887,11.4277105687367,11.6433277492789,179100.0,18.27,0.0,18.51,18.02,18.36,1.0,179100.0
2014-06-18,11.5418608407884,11.5989359768143,10.9711094805296,11.3896604780527,76000.0,18.2,0.0,18.29,17.3,17.96,1.0,76000.0
2014-06-17,11.4150272051754,11.5735692496917,10.818909117794,11.2120933881945,116500.0,18.0,0.0,18.25,17.06,17.68,1.0,116500.0
2014-06-16,11.1550182521686,11.333853678383,10.635000346155,10.9394010716264,85000.0,17.59,0.0,17.872,16.77,17.25,1.0,85000.0
2014-06-13,10.9394010716264,11.0979431161427,10.4257248473935,10.6793921186196,80300.0,17.25,0.0,17.5,16.44,16.84,1.0,80300.0
2014-06-12,10.5842668919098,10.7174422093035,10.3496246660257,10.6159753008131,240100.0,16.69,0.0,16.9,16.32,16.74,1.0,240100.0
2014-06-11,10.6920754821809,11.1359932068266,10.6223169825937,10.7808590271101,123900.0,16.86,0.0,17.56,16.75,17.0,1.0,123900.0
2014-06-10,10.7808590271101,10.9394010716264,10.6857338004003,10.8759842538199,240500.0,17.0,0.0,17.25,16.85,17.15,1.0,240500.0
2014-06-09,10.983792844091,11.3516103873688,10.9394010716264,11.2057517064138,186200.0,17.32,0.0,17.9,17.25,17.67,1.0,186200.0
2014-06-06,11.2057517064138,11.7255793619739,11.0789180708007,11.5925942950336,177200.0,17.67,0.0,18.4897,17.47,18.28,1.0,177200.0
2014-06-05,11.4784440229819,11.7257696124274,10.6857338004003,10.9964762076523,190800.0,18.1,0.0,18.49,16.85,17.34,1.0,190800.0
2014-06-04,11.0218429347749,13.0955728770484,10.8315924813553,12.7214136519899,869000.0,17.38,0.0,20.65,17.08,20.06,1.0,869000.0
2014-06-03,13.101914558829,14.1704879388691,12.975080923216,13.5838823741587,3111000.0,20.66,0.0,22.345,20.46,21.42,1.0,3111000.0
2014-06-02,13.6980326462104,13.9516999174365,13.3175317393712,13.3175317393712,145700.0,21.6,0.0,22.0,21.0,21.0,1.0,145700.0
2014-05-30,13.3175317393712,13.3175317393712,11.256485160659,11.256485160659,2100.0,21.0,0.0,21.0,17.75,17.75,1.0,2100.0
2014-05-29,11.0916014343621,11.0916014343621,11.0916014343621,11.0916014343621,100.0,17.49,0.0,17.49,17.49,17.49,1.0,100.0
