,adj_close,adj_high,adj_low,adj_open,adj_volume,close,ex_dividend,high,low,open,split_ratio,volume
2017-02-10,25.95,26.04,25.93,26.0,113971.0,25.95,0.0,26.04,25.93,26.0,1.0,113971.0
2017-02-09,26.04,26.15,26.0,26.15,37614.0,26.04,0.0,26.15,26.0,26.15,1.0,37614.0
2017-02-08,26.095,26.15,25.97,26.11,69593.0,26.095,0.0,26.15,25.97,26.11,1.0,69593.0
2017-02-07,26.11,26.24,26.04,26.22,79540.0,26.11,0.0,26.24,26.04,26.22,1.0,79540.0
2017-02-06,26.15,26.29,26.1,26.28,41911.0,26.15,0.0,26.29,26.1,26.28,1.0,41911.0
2017-02-03,26.19,26.2799,26.12,26.12,57921.0,26.19,0.0,26.2799,26.12,26.12,1.0,57921.0
2017-02-02,26.09,26.2022,25.98,26.1,79118.0,26.09,0.0,26.2022,25.98,26.1,1.0,79118.0
2017-02-01,26.05,26.0579,25.85,26.02,57973.0,26.05,0.0,26.0579,25.85,26.02,1.0,57973.0
2017-01-31,25.91,25.93,25.7301,25.84,59874.0,25.91,0.0,25.93,25.7301,25.84,1.0,59874.0
2017-01-30,25.76,25.89,25.72,25.89,81349.0,25.76,0.0,25.89,25.72,25.89,1.0,81349.0
2017-01-27,25.82,25.95,25.7,25.78,139526.0,25.82,0.0,25.95,25.7,25.78,1.0,139526.0
2017-01-26,25.64,25.83,25.53,25.81,59444.0,25.64,0.0,25.83,25.53,25.81,1.0,59444.0
2017-01-25,25.65,25.7293,25.6,25.61,75156.0,25.65,0.0,25.7293,25.6,25.61,1.0,75156.0
2017-01-24,25.59,25.73,25.55,25.61,106256.0,25.59,0.0,25.73,25.55,25.61,1.0,106256.0
2017-01-23,25.65,25.85,25.6,25.66,89031.0,25.65,0.0,25.85,25.6,25.66,1.0,89031.0
2017-01-20,25.51,25.62,25.3,25.61,40716.0,25.51,0.0,25.62,25.3,25.61,1.0,40716.0
2017-01-19,25.62,25.7,25.4487,25.7,59480.0,25.62,0.0,25.7,25.4487,25.7,1.0,59480.0
2017-01-18,25.65,25.68,25.59,25.61,54534.0,25.65,0.0,25.68,25.59,25.61,1.0,54534.0
2017-01-17,25.62,25.67,25.51,25.61,97247.0,25.62,0.0,25.67,25.51,25.61,1.0,97247.0
2017-01-13,25.61,25.66,25.4501,25.6,102994.0,25.61,0.0,25.66,25.4501,25.6,1.0,102994.0
2017-01-12,25.61,25.7,25.5,25.62,312182.0,25.61,0.0,25.7,25.5,25.62,1.0,312182.0
2017-01-11,25.61,25.88,25.49,25.88,332525.0,25.61,0.0,25.88,25.49,25.88,1.0,332525.0
2017-01-10,25.99,26.0663,25.7693,25.92,64918.0,25.99,0.0,26.0663,25.7693,25.92,1.0,64918.0
2017-01-09,25.96,26.1299,25.93,26.08,182269.0,25.96,0.0,26.1299,25.93,26.08,1.0,182269.0
2017-01-06,25.96,26.1,25.928,26.1,50714.0,25.96,0.0,26.1,25.928,26.1,1.0,50714.0
2017-01-05,26.09,26.15,25.89,26.02,92254.0,26.09,0.0,26.15,25.89,26.02,1.0,92254.0
2017-01-04,25.97,26.19,25.8,25.8,681867.0,25.97,0.0,26.19,25.8,25.8,1.0,681867.0
2017-01-03,25.8,25.97,25.58,25.88,73896.0,25.8,0.0,25.97,25.58,25.88,1.0,73896.0
2016-12-30,25.94,25.97,25.65,25.8,46321.0,25.94,0.0,25.97,25.65,25.8,1.0,46321.0
2016-12-29,25.76,25.88,25.49,25.49,37930.0,25.76,0.0,25.88,25.49,25.49,1.0,37930.0
2016-12-28,25.61,25.65,25.39,25.53,46558.0,25.61,0.0,25.65,25.39,25.53,1.0,46558.0
2016-12-27,25.37,25.47,25.28,25.45,75604.0,25.37,0.0,25.47,25.28,25.45,1.0,75604.0
2016-12-23,25.34,25.55,25.201,25.55,61822.0,25.34,0.0,25.55,25.201,25.55,1.0,61822.0
2016-12-22,25.77,25.89,25.54,25.57,130422.0,25.77,0.0,25.89,25.54,25.57,1.0,130422.0
2016-12-21,25.53,25.59,25.0,25.0,104427.0,25.53,0.0,25.59,25.0,25.0,1.0,104427.0
2016-12-20,24.9,25.0,24.88,24.98,148773.0,24.9,0.0,25.0,24.88,24.98,1.0,148773.0
2016-12-19,24.95,25.09,24.9,25.0,111784.0,24.95,0.0,25.09,24.9,25.0,1.0,111784.0
2016-12-16,24.99,25.17,24.8348,24.91,112242.0,24.99,0.0,25.17,24.8348,24.91,1.0,112242.0
2016-12-15,24.75,25.2,24.75,24.94,180708.0,24.75,0.0,25.2,24.75,24.94,1.0,180708.0
2016-12-14,24.92,25.1,24.9,25.0,124439.0,24.92,0.0,25.1,24.9,25.0,1.0,124439.0
2016-12-13,24.99,25.06,24.92,25.0,136699.0,24.99,0.0,25.06,24.92,25.0,1.0,136699.0
2016-12-12,24.86,25.21,24.82,25.1,71771.0,24.86,0.0,25.21,24.82,25.1,1.0,71771.0
2016-12-09,25.1,25.33,25.06,25.24,76816.0,25.1,0.0,25.33,25.06,25.24,1.0,76816.0
2016-12-08,25.17,25.6,25.075,25.37,82669.0,25.17,0.0,25.6,25.075,25.37,1.0,82669.0
2016-12-07,25.43,25.64,25.1,25.1,74630.0,25.43,0.0,25.64,25.1,25.1,1.0,74630.0
2016-12-06,25.1,25.1896,24.74,24.92,162320.0,25.1,0.0,25.1896,24.74,24.92,1.0,162320.0
2016-12-05,24.71,24.982,24.65,24.8,598111.0,24.71,0.0,24.982,24.65,24.8,1.0,598111.0
2016-12-02,24.76,24.99,24.55,24.99,160029.0,24.76,0.0,24.99,24.55,24.99,1.0,160029.0
2016-12-01,24.9,25.04,24.3825,25.04,278292.0,24.9,0.0,25.04,24.3825,25.04,1.0,278292.0
2016-11-30,24.91,25.23,24.88,25.21,106868.0,24.91,0.0,25.23,24.88,25.21,1.0,106868.0
2016-11-29,25.15,25.39,25.015,25.39,76661.0,25.15,0.0,25.39,25.015,25.39,1.0,76661.0
2016-11-28,25.25,25.5,25.25,25.5,89515.0,25.25,0.0,25.5,25.25,25.5,1.0,89515.0
2016-11-25,25.44,25.6037,25.44,25.53,25466.0,25.44,0.0,25.6037,25.44,25.53,1.0,25466.0
2016-11-23,25.49,25.6,25.44,25.55,106136.0,25.49,0.0,25.6,25.44,25.55,1.0,106136.0
2016-11-22,25.55,25.79,25.36,25.36,92379.0,25.55,0.0,25.79,25.36,25.36,1.0,92379.0
2016-11-21,25.37,25.78,25.28,25.61,93253.0,25.37,0.0,25.78,25.28,25.61,1.0,93253.0
2016-11-18,25.43,25.85,25.4,25.6,115700.0,25.43,0.0,25.85,25.4,25.6,1.0,115700.0
2016-11-17,25.55,25.65,25.3201,25.64,113447.0,25.55,0.0,25.65,25.3201,25.64,1.0,113447.0
2016-11-16,25.6,25.89,25.51,25.59,122042.0,25.6,0.0,25.89,25.51,25.59,1.0,122042.0
2016-11-15,25.47,25.89,24.85,24.85,184127.0,25.47,0.0,25.89,24.85,24.85,1.0,184127.0
2016-11-14,24.54,25.15,24.27,24.95,324362.0,24.54,0.0,25.15,24.27,24.95,1.0,324362.0
2016-11-11,25.06,25.358,24.8,25.3,206205.0,25.06,0.0,25.358,24.8,25.3,1.0,206205.0
2016-11-10,25.33,26.3,25.25,26.18,313127.0,25.33,0.0,26.3,25.25,26.18,1.0,313127.0
2016-11-09,26.1,26.3694,25.5,25.5,171352.0,26.1,0.0,26.3694,25.5,25.5,1.0,171352.0
2016-11-08,26.4,26.75,26.3,26.75,55388.0,26.4,0.0,26.75,26.3,26.75,1.0,55388.0
2016-11-07,26.68,26.8,26.51,26.51,79301.0,26.68,0.0,26.8,26.51,26.51,1.0,79301.0
2016-11-04,26.39,26.5,26.18,26.18,81200.0,26.39,0.0,26.5,26.18,26.18,1.0,81200.0
2016-11-03,26.1164,26.5666,25.93,26.54,69593.0,26.1164,0.0,26.5666,25.93,26.54,1.0,69593.0
2016-11-02,26.45,26.66,26.3796,26.5,63531.0,26.45,0.0,26.66,26.3796,26.5,1.0,63531.0
2016-11-01,26.52,26.7262,26.52,26.72,102552.0,26.52,0.0,26.7262,26.52,26.72,1.0,102552.0
2016-10-31,26.55,26.8499,26.54,26.6,109928.0,26.55,0.0,26.8499,26.54,26.6,1.0,109928.0
2016-10-28,26.59,26.87,26.5601,26.66,47771.0,26.59,0.0,26.87,26.5601,26.66,1.0,47771.0
2016-10-27,26.7811,26.95,26.7241,26.86,82556.0,26.7811,0.0,26.95,26.7241,26.86,1.0,82556.0
2016-10-26,26.83,26.88,26.7732,26.88,43327.0,26.83,0.0,26.88,26.7732,26.88,1.0,43327.0
2016-10-25,26.86,26.95,26.62,26.94,58321.0,26.86,0.0,26.95,26.62,26.94,1.0,58321.0
2016-10-24,26.875,27.13,26.8,27.0,51210.0,26.875,0.0,27.13,26.8,27.0,1.0,51210.0
2016-10-21,26.8,27.0,26.8,26.91,45418.0,26.8,0.0,27.0,26.8,26.91,1.0,45418.0
2016-10-20,26.845,27.05,26.67,26.9,111436.0,26.845,0.0,27.05,26.67,26.9,1.0,111436.0
2016-10-19,26.9,27.1,26.67,26.69,78263.0,26.9,0.0,27.1,26.67,26.69,1.0,78263.0
2016-10-18,26.66,26.8287,26.55,26.74,68646.0,26.66,0.0,26.8287,26.55,26.74,1.0,68646.0
2016-10-17,26.55,26.89,26.4,26.8,64143.0,26.55,0.0,26.89,26.4,26.8,1.0,64143.0
2016-10-14,26.66,26.94,26.6,26.6,43885.0,26.66,0.0,26.94,26.6,26.6,1.0,43885.0
2016-10-13,26.49,26.96,26.25,26.6,42043.0,26.49,0.0,26.96,26.25,26.6,1.0,42043.0
2016-10-12,26.69,26.93,26.67,26.86,109925.0,26.69,0.0,26.93,26.67,26.86,1.0,109925.0
2016-10-11,27.05,27.37,26.82,27.29,283003.0,27.05,0.0,27.37,26.82,27.29,1.0,283003.0
2016-10-10,27.27,27.47,27.13,27.35,54526.0,27.27,0.0,27.47,27.13,27.35,1.0,54526.0
2016-10-07,27.34,27.42,27.08,27.23,51190.0,27.34,0.0,27.42,27.08,27.23,1.0,51190.0
2016-10-06,27.13,27.25,26.99,27.15,36869.0,27.13,0.0,27.25,26.99,27.15,1.0,36869.0
2016-10-05,27.04,27.142,26.9801,27.01,126903.0,27.04,0.0,27.142,26.9801,27.01,1.0,126903.0
2016-10-04,26.98,27.07,26.87,26.99,52542.0,26.98,0.0,27.07,26.87,26.99,1.0,52542.0
2016-10-03,26.9,27.19,26.9,27.03,63644.0,26.9,0.0,27.19,26.9,27.03,1.0,63644.0
2016-09-30,27.14,27.35,26.9765,27.05,113609.0,27.14,0.0,27.35,26.9765,27.05,1.0,113609.0
2016-09-29,26.8077,27.16,26.8,27.15,75877.0,26.8077,0.0,27.16,26.8,27.15,1.0,75877.0
2016-09-28,27.16,27.2,26.99,27.14,77608.0,27.16,0.0,27.2,26.99,27.14,1.0,77608.0
2016-09-27,27.05,27.33,26.94,27.17,73574.0,27.05,0.0,27.33,26.94,27.17,1.0,73574.0
2016-09-26,27.17,27.39,26.93,27.19,78227.0,27.17,0.0,27.39,26.93,27.19,1.0,78227.0
2016-09-23,27.15,27.15,26.87,26.99,107061.0,27.15,0.0,27.15,26.87,26.99,1.0,107061.0
2016-09-22,26.95,27.3086,26.84,26.98,96044.0,26.95,0.0,27.3086,26.84,26.98,1.0,96044.0
2016-09-21,26.76,26.98,26.66,26.91,116722.0,26.76,0.0,26.98,26.66,26.91,1.0,116722.0
2016-09-20,26.82,26.99,26.72,26.99,152587.0,26.82,0.0,26.99,26.72,26.99,1.0,152587.0
2016-09-19,26.97,27.1,26.75,26.89,97119.0,26.97,0.0,27.1,26.75,26.89,1.0,97119.0
2016-09-16,26.75,26.82,26.5,26.79,65134.0,26.75,0.0,26.82,26.5,26.79,1.0,65134.0
2016-09-15,26.79,26.86,26.386,26.46,92869.0,26.79,0.0,26.86,26.386,26.46,1.0,92869.0
2016-09-14,26.4,26.5399,26.3,26.3,101689.0,26.4,0.0,26.5399,26.3,26.3,1.0,101689.0
2016-09-13,26.47,26.67,26.4,26.67,149668.0,26.47,0.0,26.67,26.4,26.67,1.0,149668.0
2016-09-12,26.52,26.7451,26.3,26.3,86729.0,26.52,0.0,26.7451,26.3,26.3,1.0,86729.0
2016-09-09,26.21,27.28,26.19,27.05,339791.0,26.21,0.0,27.28,26.19,27.05,1.0,339791.0
2016-09-08,27.33,27.4199,27.27,27.3,76084.0,27.33,0.0,27.4199,27.27,27.3,1.0,76084.0
2016-09-07,27.43,27.44,27.22,27.22,75128.0,27.43,0.0,27.44,27.22,27.22,1.0,75128.0
2016-09-06,27.22,27.3,26.96,27.0,102154.0,27.22,0.0,27.3,26.96,27.0,1.0,102154.0
2016-09-02,27.27,27.447,27.1173,27.22,84438.0,27.27,0.0,27.447,27.1173,27.22,1.0,84438.0
2016-09-01,27.22,27.33,27.1549,27.2,44656.0,27.22,0.0,27.33,27.1549,27.2,1.0,44656.0
2016-08-31,27.235,27.41,27.2,27.2,86687.0,27.235,0.0,27.41,27.2,27.2,1.0,86687.0
2016-08-30,27.17,27.45,27.08,27.23,114865.0,27.17,0.0,27.45,27.08,27.23,1.0,114865.0
2016-08-29,27.39,27.47,27.29,27.3,74304.0,27.39,0.0,27.47,27.29,27.3,1.0,74304.0
2016-08-26,27.46,27.5,27.3,27.3,91573.0,27.46,0.0,27.5,27.3,27.3,1.0,91573.0
2016-08-25,27.27,27.4893,27.25,27.3,102081.0,27.27,0.0,27.4893,27.25,27.3,1.0,102081.0
2016-08-24,27.26,27.29,27.12,27.15,91975.0,27.26,0.0,27.29,27.12,27.15,1.0,91975.0
2016-08-23,27.105,27.13,27.02,27.1,97359.0,27.105,0.0,27.13,27.02,27.1,1.0,97359.0
2016-08-22,27.15,27.18,27.05,27.18,58895.0,27.15,0.0,27.18,27.05,27.18,1.0,58895.0
2016-08-19,27.0,27.05,26.93,27.05,81416.0,27.0,0.0,27.05,26.93,27.05,1.0,81416.0
2016-08-18,27.09,27.23,27.04,27.21,149070.0,27.09,0.0,27.23,27.04,27.21,1.0,149070.0
2016-08-17,27.17,27.32,27.02,27.1,151681.0,27.17,0.0,27.32,27.02,27.1,1.0,151681.0
2016-08-16,27.17,27.37,26.9665,27.2,120704.0,27.17,0.0,27.37,26.9665,27.2,1.0,120704.0
2016-08-15,27.25,27.4299,27.1301,27.18,88757.0,27.25,0.0,27.4299,27.1301,27.18,1.0,88757.0
2016-08-12,27.18,27.18,26.85,26.94,106511.0,27.18,0.0,27.18,26.85,26.94,1.0,106511.0
2016-08-11,26.92,27.18,26.83,27.16,160477.0,26.92,0.0,27.18,26.83,27.16,1.0,160477.0
2016-08-10,27.08,27.16,26.9,27.04,139605.0,27.08,0.0,27.16,26.9,27.04,1.0,139605.0
2016-08-09,26.98,27.069,26.86,26.95,136626.0,26.98,0.0,27.069,26.86,26.95,1.0,136626.0
2016-08-08,26.95,26.95,26.81,26.84,160129.0,26.95,0.0,26.95,26.81,26.84,1.0,160129.0
2016-08-05,26.84,26.86,26.8276,26.84,76596.0,26.84,0.0,26.86,26.8276,26.84,1.0,76596.0
2016-08-04,26.8,26.9,26.72,26.88,104891.0,26.8,0.0,26.9,26.72,26.88,1.0,104891.0
2016-08-03,26.84,26.86,26.76,26.86,132991.0,26.84,0.0,26.86,26.76,26.86,1.0,132991.0
2016-08-02,26.89,26.89,26.77,26.83,153945.0,26.89,0.0,26.89,26.77,26.83,1.0,153945.0
2016-08-01,26.83,26.86,26.78,26.82,202472.0,26.83,0.0,26.86,26.78,26.82,1.0,202472.0
2016-07-29,26.78,26.86,26.75,26.86,173904.0,26.78,0.0,26.86,26.75,26.86,1.0,173904.0
2016-07-28,26.82,26.96,26.76,26.87,93267.0,26.82,0.0,26.96,26.76,26.87,1.0,93267.0
2016-07-27,26.81,26.87,26.75,26.79,119623.0,26.81,0.0,26.87,26.75,26.79,1.0,119623.0
2016-07-26,26.72,26.79,26.591,26.65,399997.0,26.72,0.0,26.79,26.591,26.65,1.0,399997.0
2016-07-25,26.69,26.7,26.65,26.7,116393.0,26.69,0.0,26.7,26.65,26.7,1.0,116393.0
2016-07-22,26.71,26.74,26.5,26.5,117603.0,26.71,0.0,26.74,26.5,26.5,1.0,117603.0
2016-07-21,26.74,26.74,26.6152,26.74,92528.0,26.74,0.0,26.74,26.6152,26.74,1.0,92528.0
2016-07-20,26.74,26.89,26.61,26.77,144041.0,26.74,0.0,26.89,26.61,26.77,1.0,144041.0
2016-07-19,26.8,26.889,26.75,26.8,222888.0,26.8,0.0,26.889,26.75,26.8,1.0,222888.0
2016-07-18,26.8,26.89,26.7622,26.8,98676.0,26.8,0.0,26.89,26.7622,26.8,1.0,98676.0
2016-07-15,26.85,26.9,26.77,26.9,107251.0,26.85,0.0,26.9,26.77,26.9,1.0,107251.0
2016-07-14,26.86,26.894,26.69,26.87,111847.0,26.86,0.0,26.894,26.69,26.87,1.0,111847.0
2016-07-13,26.8,26.9684,26.694,26.7,109167.0,26.8,0.0,26.9684,26.694,26.7,1.0,109167.0
2016-07-12,27.06,27.13,26.9,26.9,152886.0,27.06,0.0,27.13,26.9,26.9,1.0,152886.0
2016-07-11,26.96,27.0,26.86,26.95,149550.0,26.96,0.0,27.0,26.86,26.95,1.0,149550.0
2016-07-08,26.86,27.24,26.85,27.0,147342.0,26.86,0.0,27.24,26.85,27.0,1.0,147342.0
2016-07-07,26.9207,26.9207,26.8001,26.9,145503.0,26.9207,0.0,26.9207,26.8001,26.9,1.0,145503.0
2016-07-06,26.87,26.89,26.8,26.85,101392.0,26.87,0.0,26.89,26.8,26.85,1.0,101392.0
2016-07-05,26.84,26.89,26.7302,26.8,149929.0,26.84,0.0,26.89,26.7302,26.8,1.0,149929.0
2016-07-01,26.63,26.8,26.48,26.5,125256.0,26.63,0.0,26.8,26.48,26.5,1.0,125256.0
2016-06-30,26.57,26.59,26.48,26.59,120156.0,26.57,0.0,26.59,26.48,26.59,1.0,120156.0
2016-06-29,26.49,26.83,26.395,26.83,174130.0,26.49,0.0,26.83,26.395,26.83,1.0,174130.0
2016-06-28,26.54,26.6934,26.4001,26.5,144804.0,26.54,0.0,26.6934,26.4001,26.5,1.0,144804.0
2016-06-27,26.37,26.48,26.26,26.27,127442.0,26.37,0.0,26.48,26.26,26.27,1.0,127442.0
2016-06-24,26.26,26.48,26.09,26.32,304566.0,26.26,0.0,26.48,26.09,26.32,1.0,304566.0
2016-06-23,26.37,26.5,26.3605,26.5,86231.0,26.37,0.0,26.5,26.3605,26.5,1.0,86231.0
2016-06-22,26.42,26.5,26.31,26.45,146870.0,26.42,0.0,26.5,26.31,26.45,1.0,146870.0
2016-06-21,26.43,26.49,26.37,26.4,125600.0,26.43,0.0,26.49,26.37,26.4,1.0,125600.0
2016-06-20,26.32,26.4,26.25,26.39,184096.0,26.32,0.0,26.4,26.25,26.39,1.0,184096.0
2016-06-17,26.36,26.36,26.21,26.3,147062.0,26.36,0.0,26.36,26.21,26.3,1.0,147062.0
2016-06-16,26.2,26.25,26.11,26.21,147197.0,26.2,0.0,26.25,26.11,26.21,1.0,147197.0
2016-06-15,26.21,26.27,26.09,26.25,153726.0,26.21,0.0,26.27,26.09,26.25,1.0,153726.0
2016-06-14,26.13,26.19,26.11,26.19,131317.0,26.13,0.0,26.19,26.11,26.19,1.0,131317.0
2016-06-13,26.14,26.27,26.1,26.19,144016.0,26.14,0.0,26.27,26.1,26.19,1.0,144016.0
2016-06-10,26.14,26.19,26.06,26.15,109375.0,26.14,0.0,26.19,26.06,26.15,1.0,109375.0
2016-06-09,26.12,26.25,26.05,26.25,93729.0,26.12,0.0,26.25,26.05,26.25,1.0,93729.0
2016-06-08,26.21,26.3,26.2,26.24,135188.0,26.21,0.0,26.3,26.2,26.24,1.0,135188.0
2016-06-07,26.16,26.23,26.06,26.22,196430.0,26.16,0.0,26.23,26.06,26.22,1.0,196430.0
2016-06-06,26.16,26.33,26.15,26.33,227056.0,26.16,0.0,26.33,26.15,26.33,1.0,227056.0
2016-06-03,26.25,26.25,26.11,26.15,157573.0,26.25,0.0,26.25,26.11,26.15,1.0,157573.0
2016-06-02,26.14,26.15,26.06,26.15,182350.0,26.14,0.0,26.15,26.06,26.15,1.0,182350.0
2016-06-01,26.06,26.09,26.0,26.05,182573.0,26.06,0.0,26.09,26.0,26.05,1.0,182573.0
2016-05-31,25.99,26.2,25.9,26.16,238384.0,25.99,0.0,26.2,25.9,26.16,1.0,238384.0
2016-05-27,26.11,26.22,26.03,26.19,81886.0,26.11,0.0,26.22,26.03,26.19,1.0,81886.0
2016-05-26,26.1299,26.23,26.0501,26.21,110467.0,26.1299,0.0,26.23,26.0501,26.21,1.0,110467.0
2016-05-25,26.08,26.13,25.77,26.0,233381.0,26.08,0.0,26.13,25.77,26.0,1.0,233381.0
2016-05-24,25.98,26.2,25.86,26.2,304538.0,25.98,0.0,26.2,25.86,26.2,1.0,304538.0
2016-05-23,26.1,26.279,26.04,26.17,349807.0,26.1,0.0,26.279,26.04,26.17,1.0,349807.0
2016-05-20,26.17,26.2,25.9684,26.14,97611.0,26.17,0.0,26.2,25.9684,26.14,1.0,97611.0
2016-05-19,25.89,26.14,25.72,26.1,203691.0,25.89,0.0,26.14,25.72,26.1,1.0,203691.0
2016-05-18,26.07,26.36,26.04,26.33,330098.0,26.07,0.0,26.36,26.04,26.33,1.0,330098.0
2016-05-17,26.28,26.36,26.2245,26.3,287714.0,26.28,0.0,26.36,26.2245,26.3,1.0,287714.0
2016-05-16,26.22,26.22,26.11,26.14,141787.0,26.22,0.0,26.22,26.11,26.14,1.0,141787.0
2016-05-13,26.08,26.16,26.07,26.16,196277.0,26.08,0.0,26.16,26.07,26.16,1.0,196277.0
2016-05-12,26.11,26.16,26.1,26.11,156395.0,26.11,0.0,26.16,26.1,26.11,1.0,156395.0
2016-05-11,26.11,26.1999,26.08,26.11,170983.0,26.11,0.0,26.1999,26.08,26.11,1.0,170983.0
2016-05-10,26.11,26.19,26.05,26.11,205759.0,26.11,0.0,26.19,26.05,26.11,1.0,205759.0
2016-05-09,26.05,26.18,26.04,26.05,150147.0,26.05,0.0,26.18,26.04,26.05,1.0,150147.0
2016-05-06,26.04,26.15,26.03,26.1,234409.0,26.04,0.0,26.15,26.03,26.1,1.0,234409.0
2016-05-05,26.02,26.16,25.92,26.15,277005.0,26.02,0.0,26.16,25.92,26.15,1.0,277005.0
2016-05-04,26.12,26.13,25.9,25.94,250509.0,26.12,0.0,26.13,25.9,25.94,1.0,250509.0
2016-05-03,25.89,25.95,25.794,25.95,231438.0,25.89,0.0,25.95,25.794,25.95,1.0,231438.0
2016-05-02,25.88,25.89,25.75,25.82,232186.0,25.88,0.0,25.89,25.75,25.82,1.0,232186.0
2016-04-29,25.7,25.89,25.7,25.85,213563.0,25.7,0.0,25.89,25.7,25.85,1.0,213563.0
2016-04-28,25.78,25.89,25.61,25.65,240579.0,25.78,0.0,25.89,25.61,25.65,1.0,240579.0
2016-04-27,25.6,25.62,25.5,25.55,295867.0,25.6,0.0,25.62,25.5,25.55,1.0,295867.0
2016-04-26,25.5,25.64,25.4276,25.59,319857.0,25.5,0.0,25.64,25.4276,25.59,1.0,319857.0
2016-04-25,25.5001,25.73,25.5,25.68,316814.0,25.5001,0.0,25.73,25.5,25.68,1.0,316814.0
2016-04-22,25.58,25.59,25.5,25.59,162453.0,25.58,0.0,25.59,25.5,25.59,1.0,162453.0
2016-04-21,25.46,25.65,25.35,25.39,375835.0,25.46,0.0,25.65,25.35,25.39,1.0,375835.0
2016-04-20,25.3899,25.41,25.2905,25.37,315279.0,25.3899,0.0,25.41,25.2905,25.37,1.0,315279.0
2016-04-19,25.29,25.45,25.2401,25.37,415973.0,25.29,0.0,25.45,25.2401,25.37,1.0,415973.0
2016-04-18,25.29,25.53,25.25,25.45,547548.0,25.29,0.0,25.53,25.25,25.45,1.0,547548.0
2016-04-15,25.39,25.39,25.29,25.39,231454.0,25.39,0.0,25.39,25.29,25.39,1.0,231454.0
2016-04-14,25.28,25.35,25.16,25.2,415649.0,25.28,0.0,25.35,25.16,25.2,1.0,415649.0
2016-04-13,25.19,25.2,25.08,25.17,357180.0,25.19,0.0,25.2,25.08,25.17,1.0,357180.0
2016-04-12,25.25,25.29,25.19,25.22,372275.0,25.25,0.0,25.29,25.19,25.22,1.0,372275.0
2016-04-11,25.22,25.27,25.1805,25.24,268852.0,25.22,0.0,25.27,25.1805,25.24,1.0,268852.0
2016-04-08,25.2,25.24,25.1,25.15,256551.0,25.2,0.0,25.24,25.1,25.15,1.0,256551.0
2016-04-07,25.09,25.2,25.04,25.16,326821.0,25.09,0.0,25.2,25.04,25.16,1.0,326821.0
2016-04-06,25.13,25.18,25.05,25.07,340059.0,25.13,0.0,25.18,25.05,25.07,1.0,340059.0
2016-04-05,25.03,25.05,24.96,25.04,434828.0,25.03,0.0,25.05,24.96,25.04,1.0,434828.0
2016-04-04,25.03,25.18,24.97,25.18,502064.0,25.03,0.0,25.18,24.97,25.18,1.0,502064.0
2016-04-01,25.15,25.23,25.1,25.19,476951.0,25.15,0.0,25.23,25.1,25.19,1.0,476951.0
2016-03-31,25.2,25.25,25.0,25.03,1439726.0,25.2,0.0,25.25,25.0,25.03,1.0,1439726.0
2016-03-30,25.01,25.07,24.99,25.06,834624.0,25.01,0.0,25.07,24.99,25.06,1.0,834624.0
2016-03-29,25.04,25.08,25.0,25.04,482035.0,25.04,0.0,25.08,25.0,25.04,1.0,482035.0
2016-03-28,25.04,25.09,25.0,25.09,435166.0,25.04,0.0,25.09,25.0,25.09,1.0,435166.0
2016-03-24,25.01,25.05,24.95,24.99,518520.0,25.01,0.0,25.05,24.95,24.99,1.0,518520.0
2016-03-23,24.99,25.02,24.96,25.01,434409.0,24.99,0.0,25.02,24.96,25.01,1.0,434409.0
2016-03-22,25.0,25.024,24.98,25.0,798026.0,25.0,0.0,25.024,24.98,25.0,1.0,798026.0
2016-03-21,24.99,25.01,24.97,24.99,709811.0,24.99,0.0,25.01,24.97,24.99,1.0,709811.0
2016-03-18,24.9799,25.03,24.94,24.97,687872.0,24.9799,0.0,25.03,24.94,24.97,1.0,687872.0
2016-03-17,24.94,24.98,24.9,24.9,479648.0,24.94,0.0,24.98,24.9,24.9,1.0,479648.0
2016-03-16,24.9,24.9,24.83,24.86,605853.0,24.9,0.0,24.9,24.83,24.86,1.0,605853.0
2016-03-15,24.83,24.95,24.82,24.85,813568.0,24.83,0.0,24.95,24.82,24.85,1.0,813568.0
2016-03-14,24.89,24.98,24.8701,24.98,832710.0,24.89,0.0,24.98,24.8701,24.98,1.0,832710.0
2016-03-11,24.88,24.95,24.88,24.9,894303.0,24.88,0.0,24.95,24.88,24.9,1.0,894303.0
2016-03-10,24.88,24.93,24.8,24.8,1138076.0,24.88,0.0,24.93,24.8,24.8,1.0,1138076.0
