,adj_close,adj_high,adj_low,adj_open,adj_volume,close,ex_dividend,high,low,open,split_ratio,volume
2017-02-10,9.95,9.95,9.95,9.95,10.0,9.95,0.0,9.95,9.95,9.95,1.0,10.0
2017-02-07,9.95,9.95,9.95,9.95,100.0,9.95,0.0,9.95,9.95,9.95,1.0,100.0
2017-02-02,9.95,9.95,9.95,9.95,100.0,9.95,0.0,9.95,9.95,9.95,1.0,100.0
2017-02-01,9.94,9.94,9.9,9.92,1786.0,9.94,0.0,9.94,9.9,9.92,1.0,1786.0
2017-01-31,9.93,9.96,9.92,9.92,6354.0,9.93,0.0,9.96,9.92,9.92,1.0,6354.0
2017-01-30,9.936,9.936,9.93,9.93,1900.0,9.936,0.0,9.936,9.93,9.93,1.0,1900.0
2017-01-27,9.9308,9.933,9.93,9.9321,1100.0,9.9308,0.0,9.933,9.93,9.9321,1.0,1100.0
2017-01-26,9.93,9.93,9.93,9.93,2000.0,9.93,0.0,9.93,9.93,9.93,1.0,2000.0
2017-01-25,9.9301,9.9301,9.9301,9.9301,800.0,9.9301,0.0,9.9301,9.9301,9.9301,1.0,800.0
2017-01-20,9.9099,9.9099,9.9099,9.9099,25.0,9.9099,0.0,9.9099,9.9099,9.9099,1.0,25.0
2017-01-19,9.9099,9.91,9.9099,9.91,2000.0,9.9099,0.0,9.91,9.9099,9.91,1.0,2000.0
2017-01-17,9.91,9.91,9.9098,9.9099,4400.0,9.91,0.0,9.91,9.9098,9.9099,1.0,4400.0
2017-01-13,9.9001,9.9001,9.9001,9.9001,465.0,9.9001,0.0,9.9001,9.9001,9.9001,1.0,465.0
2017-01-11,9.9,9.9149,9.9,9.9,6350.0,9.9,0.0,9.9149,9.9,9.9,1.0,6350.0
2017-01-10,9.9192,9.9192,9.917,9.917,200.0,9.9192,0.0,9.9192,9.917,9.917,1.0,200.0
2017-01-05,9.92,9.92,9.91,9.91,2500.0,9.92,0.0,9.92,9.91,9.91,1.0,2500.0
2017-01-04,9.94,9.94,9.923,9.923,3300.0,9.94,0.0,9.94,9.923,9.923,1.0,3300.0
2016-12-29,9.9,9.91,9.9,9.9,114820.0,9.9,0.0,9.91,9.9,9.9,1.0,114820.0
2016-12-28,9.9,9.9,9.9,9.9,1200.0,9.9,0.0,9.9,9.9,9.9,1.0,1200.0
2016-12-23,9.9,9.9,9.9,9.9,100.0,9.9,0.0,9.9,9.9,9.9,1.0,100.0
2016-12-22,9.9,9.9,9.9,9.9,6203.0,9.9,0.0,9.9,9.9,9.9,1.0,6203.0
2016-12-21,9.9,9.9,9.9,9.9,7500.0,9.9,0.0,9.9,9.9,9.9,1.0,7500.0
2016-12-20,9.91,9.91,9.91,9.91,704.0,9.91,0.0,9.91,9.91,9.91,1.0,704.0
2016-12-19,9.92,9.92,9.9001,9.9001,1400.0,9.92,0.0,9.92,9.9001,9.9001,1.0,1400.0
2016-12-15,9.92,9.92,9.92,9.92,200.0,9.92,0.0,9.92,9.92,9.92,1.0,200.0
2016-12-14,9.92,9.92,9.9,9.9,2900.0,9.92,0.0,9.92,9.9,9.9,1.0,2900.0
2016-12-08,9.92,9.92,9.92,9.92,100.0,9.92,0.0,9.92,9.92,9.92,1.0,100.0
2016-12-07,9.9,9.9001,9.9,9.9001,101000.0,9.9,0.0,9.9001,9.9,9.9001,1.0,101000.0
2016-12-05,9.9092,9.9189,9.9,9.9,9450.0,9.9092,0.0,9.9189,9.9,9.9,1.0,9450.0
2016-12-02,9.9,9.9,9.89,9.89,2565.0,9.9,0.0,9.9,9.89,9.89,1.0,2565.0
2016-12-01,9.8701,9.8801,9.8701,9.8801,2200.0,9.8701,0.0,9.8801,9.8701,9.8801,1.0,2200.0
2016-11-30,9.88,9.88,9.88,9.88,1.0,9.88,0.0,9.88,9.88,9.88,1.0,1.0
2016-11-29,9.88,9.88,9.88,9.88,0.0,9.88,0.0,9.88,9.88,9.88,1.0,0.0
2016-11-28,9.88,9.88,9.88,9.88,0.0,9.88,0.0,9.88,9.88,9.88,1.0,0.0
2016-11-25,9.88,9.88,9.88,9.88,0.0,9.88,0.0,9.88,9.88,9.88,1.0,0.0
2016-11-23,9.88,9.88,9.88,9.88,0.0,9.88,0.0,9.88,9.88,9.88,1.0,0.0
2016-11-22,9.88,9.88,9.88,9.88,0.0,9.88,0.0,9.88,9.88,9.88,1.0,0.0
2016-11-21,9.88,9.89,9.88,9.89,2100.0,9.88,0.0,9.89,9.88,9.89,1.0,2100.0
2016-11-18,9.88,9.88,9.88,9.88,0.0,9.88,0.0,9.88,9.88,9.88,1.0,0.0
2016-11-17,9.88,9.88,9.88,9.88,765.0,9.88,0.0,9.88,9.88,9.88,1.0,765.0
2016-11-16,9.88,9.89,9.8677,9.87,140200.0,9.88,0.0,9.89,9.8677,9.87,1.0,140200.0
2016-11-15,9.87,9.87,9.87,9.87,1000.0,9.87,0.0,9.87,9.87,9.87,1.0,1000.0
2016-11-14,9.84,9.84,9.84,9.84,0.0,9.84,0.0,9.84,9.84,9.84,1.0,0.0
2016-11-11,9.84,9.84,9.84,9.84,300.0,9.84,0.0,9.84,9.84,9.84,1.0,300.0
2016-11-10,9.86,9.86,9.86,9.86,0.0,9.86,0.0,9.86,9.86,9.86,1.0,0.0
2016-11-09,9.86,9.86,9.84,9.84,3105.0,9.86,0.0,9.86,9.84,9.84,1.0,3105.0
2016-11-08,9.84,9.84,9.84,9.84,0.0,9.84,0.0,9.84,9.84,9.84,1.0,0.0
2016-11-07,9.84,9.84,9.84,9.84,0.0,9.84,0.0,9.84,9.84,9.84,1.0,0.0
2016-11-04,9.84,9.85,9.84,9.85,39401.0,9.84,0.0,9.85,9.84,9.85,1.0,39401.0
2016-11-03,9.86,9.88,9.86,9.86,767.0,9.86,0.0,9.88,9.86,9.86,1.0,767.0
2016-11-02,9.88,9.88,9.88,9.88,60005.0,9.88,0.0,9.88,9.88,9.88,1.0,60005.0
2016-11-01,9.8792,9.8792,9.8792,9.8792,0.0,9.8792,0.0,9.8792,9.8792,9.8792,1.0,0.0
2016-10-31,9.8792,9.88,9.86,9.86,8400.0,9.8792,0.0,9.88,9.86,9.86,1.0,8400.0
2016-10-28,9.86,9.88,9.86,9.88,1100.0,9.86,0.0,9.88,9.86,9.88,1.0,1100.0
2016-10-27,9.85,9.85,9.85,9.85,100.0,9.85,0.0,9.85,9.85,9.85,1.0,100.0
2016-10-26,9.85,9.85,9.85,9.85,100.0,9.85,0.0,9.85,9.85,9.85,1.0,100.0
2016-10-25,9.83,9.83,9.83,9.83,100.0,9.83,0.0,9.83,9.83,9.83,1.0,100.0
2016-10-24,9.88,9.8924,9.88,9.8924,2400.0,9.88,0.0,9.8924,9.88,9.8924,1.0,2400.0
2016-10-21,9.85,9.85,9.85,9.85,8200.0,9.85,0.0,9.85,9.85,9.85,1.0,8200.0
2016-10-20,9.85,9.85,9.85,9.85,1000.0,9.85,0.0,9.85,9.85,9.85,1.0,1000.0
2016-10-19,9.88,9.88,9.88,9.88,160.0,9.88,0.0,9.88,9.88,9.88,1.0,160.0
2016-10-18,9.8708,9.8735,9.87,9.8711,1200.0,9.8708,0.0,9.8735,9.87,9.8711,1.0,1200.0
2016-10-17,9.85,9.8501,9.85,9.8501,1000.0,9.85,0.0,9.8501,9.85,9.8501,1.0,1000.0
2016-10-14,9.85,9.85,9.85,9.85,0.0,9.85,0.0,9.85,9.85,9.85,1.0,0.0
2016-10-13,9.85,9.85,9.85,9.85,30.0,9.85,0.0,9.85,9.85,9.85,1.0,30.0
2016-10-12,9.85,9.85,9.85,9.85,0.0,9.85,0.0,9.85,9.85,9.85,1.0,0.0
2016-10-11,9.85,9.85,9.85,9.85,2130.0,9.85,0.0,9.85,9.85,9.85,1.0,2130.0
2016-10-10,9.8508,9.8508,9.8508,9.8508,0.0,9.8508,0.0,9.8508,9.8508,9.8508,1.0,0.0
2016-10-07,9.8508,9.8508,9.8508,9.8508,0.0,9.8508,0.0,9.8508,9.8508,9.8508,1.0,0.0
2016-10-06,9.8508,9.853,9.85,9.8501,2800.0,9.8508,0.0,9.853,9.85,9.8501,1.0,2800.0
2016-10-05,9.8401,9.8401,9.8401,9.8401,0.0,9.8401,0.0,9.8401,9.8401,9.8401,1.0,0.0
2016-10-04,9.8401,9.88,9.84,9.84,2000.0,9.8401,0.0,9.88,9.84,9.84,1.0,2000.0
2016-10-03,9.8378,9.8378,9.8378,9.8378,0.0,9.8378,0.0,9.8378,9.8378,9.8378,1.0,0.0
2016-09-30,9.8378,9.8378,9.8378,9.8378,0.0,9.8378,0.0,9.8378,9.8378,9.8378,1.0,0.0
2016-09-29,9.8378,9.8378,9.8378,9.8378,0.0,9.8378,0.0,9.8378,9.8378,9.8378,1.0,0.0
2016-09-28,9.8378,9.8378,9.8378,9.8378,0.0,9.8378,0.0,9.8378,9.8378,9.8378,1.0,0.0
2016-09-27,9.8378,9.8378,9.8,9.8,1417.0,9.8378,0.0,9.8378,9.8,9.8,1.0,1417.0
2016-09-26,9.8,9.83,9.8,9.83,350.0,9.8,0.0,9.83,9.8,9.83,1.0,350.0
2016-09-23,9.85,9.85,9.85,9.85,0.0,9.85,0.0,9.85,9.85,9.85,1.0,0.0
2016-09-22,9.85,9.85,9.85,9.85,0.0,9.85,0.0,9.85,9.85,9.85,1.0,0.0
2016-09-21,9.85,9.85,9.85,9.85,0.0,9.85,0.0,9.85,9.85,9.85,1.0,0.0
2016-09-20,9.85,9.9,9.85,9.85,3150.0,9.85,0.0,9.9,9.85,9.85,1.0,3150.0
2016-09-19,9.8287,9.8287,9.8287,9.8287,0.0,9.8287,0.0,9.8287,9.8287,9.8287,1.0,0.0
2016-09-16,9.8287,9.8287,9.8287,9.8287,0.0,9.8287,0.0,9.8287,9.8287,9.8287,1.0,0.0
2016-09-15,9.8287,9.8499,9.8287,9.8499,1050.0,9.8287,0.0,9.8499,9.8287,9.8499,1.0,1050.0
2016-09-14,9.8499,9.8499,9.8499,9.8499,0.0,9.8499,0.0,9.8499,9.8499,9.8499,1.0,0.0
2016-09-13,9.8499,9.8499,9.8499,9.8499,100.0,9.8499,0.0,9.8499,9.8499,9.8499,1.0,100.0
2016-09-12,9.8399,9.8399,9.82,9.8201,1675.0,9.8399,0.0,9.8399,9.82,9.8201,1.0,1675.0
2016-09-09,9.83,9.83,9.83,9.83,0.0,9.83,0.0,9.83,9.83,9.83,1.0,0.0
2016-09-08,9.83,9.84,9.83,9.835,14929.0,9.83,0.0,9.84,9.83,9.835,1.0,14929.0
2016-09-07,9.83,9.85,9.83,9.83,23850.0,9.83,0.0,9.85,9.83,9.83,1.0,23850.0
2016-09-06,9.84,9.84,9.84,9.84,2000.0,9.84,0.0,9.84,9.84,9.84,1.0,2000.0
2016-09-02,9.8399,9.8399,9.8399,9.8399,0.0,9.8399,0.0,9.8399,9.8399,9.8399,1.0,0.0
2016-09-01,9.8399,9.84,9.8352,9.8352,5200.0,9.8399,0.0,9.84,9.8352,9.8352,1.0,5200.0
2016-08-31,9.8,9.8,9.8,9.8,4995.0,9.8,0.0,9.8,9.8,9.8,1.0,4995.0
2016-08-30,9.81,9.85,9.79,9.8,26137.0,9.81,0.0,9.85,9.79,9.8,1.0,26137.0
2016-08-29,9.8,9.82,9.8,9.82,1579.0,9.8,0.0,9.82,9.8,9.82,1.0,1579.0
2016-08-26,9.8299,9.8299,9.8299,9.8299,0.0,9.8299,0.0,9.8299,9.8299,9.8299,1.0,0.0
2016-08-25,9.8299,9.8299,9.8299,9.8299,0.0,9.8299,0.0,9.8299,9.8299,9.8299,1.0,0.0
2016-08-24,9.8299,9.83,9.8,9.8,393460.0,9.8299,0.0,9.83,9.8,9.8,1.0,393460.0
2016-08-23,9.83,9.83,9.8,9.8,401000.0,9.83,0.0,9.83,9.8,9.8,1.0,401000.0
2016-08-22,9.83,9.83,9.82,9.82,186000.0,9.83,0.0,9.83,9.82,9.82,1.0,186000.0
2016-08-19,9.83,9.83,9.83,9.83,400.0,9.83,0.0,9.83,9.83,9.83,1.0,400.0
2016-08-18,9.8299,9.8299,9.8299,9.8299,600.0,9.8299,0.0,9.8299,9.8299,9.8299,1.0,600.0
2016-08-17,9.8148,9.8148,9.8148,9.8148,0.0,9.8148,0.0,9.8148,9.8148,9.8148,1.0,0.0
2016-08-16,9.8148,9.83,9.8148,9.83,200.0,9.8148,0.0,9.83,9.8148,9.83,1.0,200.0
2016-08-15,9.82,9.82,9.82,9.82,0.0,9.82,0.0,9.82,9.82,9.82,1.0,0.0
2016-08-12,9.82,9.82,9.82,9.82,0.0,9.82,0.0,9.82,9.82,9.82,1.0,0.0
2016-08-11,9.82,9.825,9.81,9.825,17350.0,9.82,0.0,9.825,9.81,9.825,1.0,17350.0
2016-08-10,9.83,9.83,9.83,9.83,0.0,9.83,0.0,9.83,9.83,9.83,1.0,0.0
2016-08-09,9.83,9.83,9.83,9.83,0.0,9.83,0.0,9.83,9.83,9.83,1.0,0.0
2016-08-08,9.83,9.83,9.83,9.83,0.0,9.83,0.0,9.83,9.83,9.83,1.0,0.0
2016-08-05,9.83,9.83,9.83,9.83,0.0,9.83,0.0,9.83,9.83,9.83,1.0,0.0
2016-08-04,9.83,9.83,9.83,9.83,0.0,9.83,0.0,9.83,9.83,9.83,1.0,0.0
2016-08-03,9.83,9.85,9.83,9.83,14126.0,9.83,0.0,9.85,9.83,9.83,1.0,14126.0
2016-08-02,9.81,9.83,9.81,9.83,1500.0,9.81,0.0,9.83,9.81,9.83,1.0,1500.0
2016-08-01,9.82,9.82,9.82,9.82,500.0,9.82,0.0,9.82,9.82,9.82,1.0,500.0
2016-07-29,9.81,9.81,9.81,9.81,0.0,9.81,0.0,9.81,9.81,9.81,1.0,0.0
2016-07-28,9.81,9.82,9.81,9.82,61974.0,9.81,0.0,9.82,9.81,9.82,1.0,61974.0
2016-07-27,9.81,9.82,9.76,9.82,183274.0,9.81,0.0,9.82,9.76,9.82,1.0,183274.0
2016-07-26,9.83,9.83,9.83,9.83,0.0,9.83,0.0,9.83,9.83,9.83,1.0,0.0
2016-07-25,9.83,9.83,9.83,9.83,925.0,9.83,0.0,9.83,9.83,9.83,1.0,925.0
2016-07-22,9.81,9.81,9.81,9.81,66.0,9.81,0.0,9.81,9.81,9.81,1.0,66.0
2016-07-21,9.81,9.82,9.81,9.82,2300.0,9.81,0.0,9.82,9.81,9.82,1.0,2300.0
2016-07-20,9.7601,9.82,9.7601,9.82,104666.0,9.7601,0.0,9.82,9.7601,9.82,1.0,104666.0
2016-07-19,9.76,9.82,9.76,9.8,324259.0,9.76,0.0,9.82,9.76,9.8,1.0,324259.0
2016-07-18,9.79,9.79,9.79,9.79,1000.0,9.79,0.0,9.79,9.79,9.79,1.0,1000.0
2016-07-15,9.78,9.78,9.78,9.78,3300.0,9.78,0.0,9.78,9.78,9.78,1.0,3300.0
2016-07-14,9.78,9.78,9.78,9.78,1134.0,9.78,0.0,9.78,9.78,9.78,1.0,1134.0
2016-07-13,9.78,9.81,9.77,9.7799,286900.0,9.78,0.0,9.81,9.77,9.7799,1.0,286900.0
2016-07-12,9.79,9.79,9.79,9.79,0.0,9.79,0.0,9.79,9.79,9.79,1.0,0.0
2016-07-11,9.79,9.79,9.75,9.75,3100.0,9.79,0.0,9.79,9.75,9.75,1.0,3100.0
2016-07-08,9.78,9.78,9.76,9.76,94700.0,9.78,0.0,9.78,9.76,9.76,1.0,94700.0
2016-07-07,9.78,9.78,9.78,9.78,0.0,9.78,0.0,9.78,9.78,9.78,1.0,0.0
2016-07-06,9.78,9.78,9.78,9.78,0.0,9.78,0.0,9.78,9.78,9.78,1.0,0.0
2016-07-05,9.78,9.78,9.78,9.78,0.0,9.78,0.0,9.78,9.78,9.78,1.0,0.0
2016-07-01,9.78,9.78,9.78,9.78,0.0,9.78,0.0,9.78,9.78,9.78,1.0,0.0
2016-06-30,9.78,9.78,9.78,9.78,0.0,9.78,0.0,9.78,9.78,9.78,1.0,0.0
2016-06-29,9.78,9.78,9.74,9.75,56200.0,9.78,0.0,9.78,9.74,9.75,1.0,56200.0
2016-06-28,9.72,9.72,9.72,9.72,2240.0,9.72,0.0,9.72,9.72,9.72,1.0,2240.0
2016-06-27,9.75,9.75,9.75,9.75,0.0,9.75,0.0,9.75,9.75,9.75,1.0,0.0
2016-06-24,9.75,9.75,9.7,9.7,2192.0,9.75,0.0,9.75,9.7,9.7,1.0,2192.0
2016-06-23,9.73,9.75,9.73,9.75,400.0,9.73,0.0,9.75,9.73,9.75,1.0,400.0
2016-06-22,9.73,9.76,9.73,9.75,2800.0,9.73,0.0,9.76,9.73,9.75,1.0,2800.0
2016-06-21,9.75,9.75,9.75,9.75,300.0,9.75,0.0,9.75,9.75,9.75,1.0,300.0
2016-06-20,9.73,9.75,9.73,9.75,4800.0,9.73,0.0,9.75,9.73,9.75,1.0,4800.0
2016-06-17,9.73,9.75,9.72,9.75,2801.0,9.73,0.0,9.75,9.72,9.75,1.0,2801.0
2016-06-16,9.72,9.72,9.72,9.72,3844.0,9.72,0.0,9.72,9.72,9.72,1.0,3844.0
2016-06-15,9.75,9.75,9.75,9.75,200.0,9.75,0.0,9.75,9.75,9.75,1.0,200.0
2016-06-14,9.72,9.75,9.72,9.75,601.0,9.72,0.0,9.75,9.72,9.75,1.0,601.0
2016-06-13,9.72,9.72,9.72,9.72,9.0,9.72,0.0,9.72,9.72,9.72,1.0,9.0
2016-06-10,9.72,9.72,9.71,9.71,3200.0,9.72,0.0,9.72,9.71,9.71,1.0,3200.0
2016-06-09,9.68,9.68,9.68,9.68,0.0,9.68,0.0,9.68,9.68,9.68,1.0,0.0
2016-06-08,9.68,9.68,9.68,9.68,0.0,9.68,0.0,9.68,9.68,9.68,1.0,0.0
2016-06-07,9.68,9.71,9.68,9.7,95773.0,9.68,0.0,9.71,9.68,9.7,1.0,95773.0
2016-06-06,9.73,9.73,9.73,9.73,0.0,9.73,0.0,9.73,9.73,9.73,1.0,0.0
2016-06-03,9.73,9.73,9.73,9.73,0.0,9.73,0.0,9.73,9.73,9.73,1.0,0.0
2016-06-02,9.73,9.73,9.73,9.73,0.0,9.73,0.0,9.73,9.73,9.73,1.0,0.0
2016-06-01,9.73,9.73,9.73,9.73,0.0,9.73,0.0,9.73,9.73,9.73,1.0,0.0
2016-05-31,9.73,9.73,9.73,9.73,0.0,9.73,0.0,9.73,9.73,9.73,1.0,0.0
2016-05-27,9.73,9.76,9.72,9.73,1000.0,9.73,0.0,9.76,9.72,9.73,1.0,1000.0
2016-05-26,9.72,9.72,9.72,9.72,0.0,9.72,0.0,9.72,9.72,9.72,1.0,0.0
2016-05-25,9.72,9.73,9.71,9.71,128400.0,9.72,0.0,9.73,9.71,9.71,1.0,128400.0
2016-05-24,9.7336,9.7336,9.7336,9.7336,0.0,9.7336,0.0,9.7336,9.7336,9.7336,1.0,0.0
2016-05-23,9.7336,9.7336,9.7336,9.7336,110.0,9.7336,0.0,9.7336,9.7336,9.7336,1.0,110.0
2016-05-20,9.7,9.7,9.7,9.7,0.0,9.7,0.0,9.7,9.7,9.7,1.0,0.0
2016-05-19,9.7,9.7,9.7,9.7,0.0,9.7,0.0,9.7,9.7,9.7,1.0,0.0
2016-05-18,9.7,9.7,9.7,9.7,0.0,9.7,0.0,9.7,9.7,9.7,1.0,0.0
2016-05-17,9.7,9.7,9.7,9.7,0.0,9.7,0.0,9.7,9.7,9.7,1.0,0.0
2016-05-16,9.7,9.7,9.7,9.7,45900.0,9.7,0.0,9.7,9.7,9.7,1.0,45900.0
2016-05-13,9.68,9.68,9.68,9.68,0.0,9.68,0.0,9.68,9.68,9.68,1.0,0.0
2016-05-12,9.68,9.68,9.68,9.68,0.0,9.68,0.0,9.68,9.68,9.68,1.0,0.0
2016-05-11,9.68,9.68,9.68,9.68,0.0,9.68,0.0,9.68,9.68,9.68,1.0,0.0
2016-05-10,9.68,9.68,9.68,9.68,1000.0,9.68,0.0,9.68,9.68,9.68,1.0,1000.0
2016-05-09,9.68,9.68,9.68,9.68,1000.0,9.68,0.0,9.68,9.68,9.68,1.0,1000.0
2016-05-06,9.67,9.67,9.67,9.67,0.0,9.67,0.0,9.67,9.67,9.67,1.0,0.0
2016-05-05,9.67,9.67,9.67,9.67,100.0,9.67,0.0,9.67,9.67,9.67,1.0,100.0
2016-05-04,9.63,9.63,9.63,9.63,0.0,9.63,0.0,9.63,9.63,9.63,1.0,0.0
2016-05-03,9.63,9.63,9.63,9.63,0.0,9.63,0.0,9.63,9.63,9.63,1.0,0.0
2016-05-02,9.63,9.63,9.63,9.63,0.0,9.63,0.0,9.63,9.63,9.63,1.0,0.0
2016-04-29,9.63,9.63,9.63,9.63,80.0,9.63,0.0,9.63,9.63,9.63,1.0,80.0
2016-04-28,9.63,9.6301,9.58,9.58,1125.0,9.63,0.0,9.6301,9.58,9.58,1.0,1125.0
2016-04-27,9.63,9.6899,9.63,9.66,8100.0,9.63,0.0,9.6899,9.63,9.66,1.0,8100.0
2016-04-26,9.66,9.66,9.66,9.66,0.0,9.66,0.0,9.66,9.66,9.66,1.0,0.0
2016-04-25,9.66,9.67,9.65,9.67,2800.0,9.66,0.0,9.67,9.65,9.67,1.0,2800.0
2016-04-22,9.65,9.68,9.65,9.68,600.0,9.65,0.0,9.68,9.65,9.68,1.0,600.0
2016-04-21,9.68,9.68,9.68,9.68,2450.0,9.68,0.0,9.68,9.68,9.68,1.0,2450.0
2016-04-20,9.67,9.67,9.67,9.67,0.0,9.67,0.0,9.67,9.67,9.67,1.0,0.0
2016-04-19,9.67,9.67,9.67,9.67,200.0,9.67,0.0,9.67,9.67,9.67,1.0,200.0
2016-04-18,9.71,9.71,9.71,9.71,0.0,9.71,0.0,9.71,9.71,9.71,1.0,0.0
2016-04-15,9.71,9.71,9.71,9.71,0.0,9.71,0.0,9.71,9.71,9.71,1.0,0.0
2016-04-14,9.71,9.71,9.71,9.71,0.0,9.71,0.0,9.71,9.71,9.71,1.0,0.0
2016-04-13,9.71,9.71,9.71,9.71,0.0,9.71,0.0,9.71,9.71,9.71,1.0,0.0
2016-04-12,9.71,9.71,9.71,9.71,0.0,9.71,0.0,9.71,9.71,9.71,1.0,0.0
2016-04-11,9.71,9.71,9.71,9.71,0.0,9.71,0.0,9.71,9.71,9.71,1.0,0.0
2016-04-08,9.71,9.71,9.71,9.71,0.0,9.71,0.0,9.71,9.71,9.71,1.0,0.0
2016-04-07,9.71,9.71,9.71,9.71,0.0,9.71,0.0,9.71,9.71,9.71,1.0,0.0
2016-04-06,9.71,9.71,9.71,9.71,0.0,9.71,0.0,9.71,9.71,9.71,1.0,0.0
2016-04-05,9.71,9.71,9.71,9.71,200.0,9.71,0.0,9.71,9.71,9.71,1.0,200.0
2016-04-04,9.77,9.77,9.65,9.65,1266.0,9.77,0.0,9.77,9.65,9.65,1.0,1266.0
2016-04-01,9.65,9.65,9.65,9.65,0.0,9.65,0.0,9.65,9.65,9.65,1.0,0.0
2016-03-31,9.65,9.68,9.65,9.68,400.0,9.65,0.0,9.68,9.65,9.68,1.0,400.0
2016-03-30,9.65,9.67,9.65,9.67,402.0,9.65,0.0,9.67,9.65,9.67,1.0,402.0
2016-03-29,9.84,9.84,9.65,9.66,2100.0,9.84,0.0,9.84,9.65,9.66,1.0,2100.0
2016-03-28,9.65,9.65,9.65,9.65,0.0,9.65,0.0,9.65,9.65,9.65,1.0,0.0
2016-03-24,9.65,9.65,9.65,9.65,0.0,9.65,0.0,9.65,9.65,9.65,1.0,0.0
2016-03-23,9.65,9.66,9.65,9.65,83113.0,9.65,0.0,9.66,9.65,9.65,1.0,83113.0
2016-03-22,9.64,9.64,9.63,9.63,1500.0,9.64,0.0,9.64,9.63,9.63,1.0,1500.0
2016-03-21,9.66,9.66,9.66,9.66,0.0,9.66,0.0,9.66,9.66,9.66,1.0,0.0
2016-03-18,9.66,9.66,9.62,9.62,10100.0,9.66,0.0,9.66,9.62,9.62,1.0,10100.0
2016-03-17,9.762,9.762,9.59,9.59,200.0,9.762,0.0,9.762,9.59,9.59,1.0,200.0
2016-03-16,9.62,9.62,9.62,9.62,100.0,9.62,0.0,9.62,9.62,9.62,1.0,100.0
2016-03-15,9.65,9.65,9.65,9.65,0.0,9.65,0.0,9.65,9.65,9.65,1.0,0.0
2016-03-14,9.65,9.65,9.62,9.62,400.0,9.65,0.0,9.65,9.62,9.62,1.0,400.0
2016-03-11,9.58,9.58,9.58,9.58,0.0,9.58,0.0,9.58,9.58,9.58,1.0,0.0
2016-03-10,9.58,9.58,9.58,9.58,0.0,9.58,0.0,9.58,9.58,9.58,1.0,0.0
2016-03-09,9.58,9.6125,9.58,9.6125,2897.0,9.58,0.0,9.6125,9.58,9.6125,1.0,2897.0
2016-03-08,9.54,9.54,9.54,9.54,0.0,9.54,0.0,9.54,9.54,9.54,1.0,0.0
2016-03-07,9.54,9.59,9.54,9.59,2956.0,9.54,0.0,9.59,9.54,9.59,1.0,2956.0
2016-03-04,9.6,9.64,9.6,9.64,200.0,9.6,0.0,9.64,9.6,9.64,1.0,200.0
2016-03-03,9.6,9.6,9.6,9.6,0.0,9.6,0.0,9.6,9.6,9.6,1.0,0.0
2016-03-02,9.6,9.6,9.6,9.6,0.0,9.6,0.0,9.6,9.6,9.6,1.0,0.0
2016-03-01,9.6,9.6,9.6,9.6,0.0,9.6,0.0,9.6,9.6,9.6,1.0,0.0
2016-02-29,9.6,9.6,9.6,9.6,0.0,9.6,0.0,9.6,9.6,9.6,1.0,0.0
2016-02-26,9.6,9.6,9.6,9.6,0.0,9.6,0.0,9.6,9.6,9.6,1.0,0.0
2016-02-25,9.6,9.6,9.6,9.6,0.0,9.6,0.0,9.6,9.6,9.6,1.0,0.0
2016-02-24,9.6,9.61,9.6,9.61,5000.0,9.6,0.0,9.61,9.6,9.61,1.0,5000.0
2016-02-23,9.65,9.65,9.65,9.65,10.0,9.65,0.0,9.65,9.65,9.65,1.0,10.0
2016-02-22,9.65,9.65,9.65,9.65,0.0,9.65,0.0,9.65,9.65,9.65,1.0,0.0
2016-02-19,9.65,9.65,9.65,9.65,0.0,9.65,0.0,9.65,9.65,9.65,1.0,0.0
2016-02-18,9.65,9.65,9.6,9.6,75300.0,9.65,0.0,9.65,9.6,9.6,1.0,75300.0
2016-02-17,9.6,9.62,9.58,9.62,151400.0,9.6,0.0,9.62,9.58,9.62,1.0,151400.0
2016-02-16,9.65,9.65,9.65,9.65,314.0,9.65,0.0,9.65,9.65,9.65,1.0,314.0
2016-02-12,9.62,9.62,9.61,9.61,600.0,9.62,0.0,9.62,9.61,9.61,1.0,600.0
2016-02-11,9.6,9.6,9.6,9.6,1000.0,9.6,0.0,9.6,9.6,9.6,1.0,1000.0
2016-02-10,9.53,9.53,9.53,9.53,0.0,9.53,0.0,9.53,9.53,9.53,1.0,0.0
2016-02-09,9.53,9.53,9.53,9.53,0.0,9.53,0.0,9.53,9.53,9.53,1.0,0.0
2016-02-08,9.53,9.53,9.53,9.53,0.0,9.53,0.0,9.53,9.53,9.53,1.0,0.0
2016-02-05,9.53,9.53,9.53,9.53,0.0,9.53,0.0,9.53,9.53,9.53,1.0,0.0
2016-02-04,9.53,9.53,9.53,9.53,0.0,9.53,0.0,9.53,9.53,9.53,1.0,0.0
2016-02-03,9.53,9.53,9.53,9.53,10.0,9.53,0.0,9.53,9.53,9.53,1.0,10.0
2016-02-02,9.53,9.53,9.53,9.53,4700.0,9.53,0.0,9.53,9.53,9.53,1.0,4700.0
2016-02-01,9.54,9.54,9.54,9.54,0.0,9.54,0.0,9.54,9.54,9.54,1.0,0.0
2016-01-29,9.54,9.59,9.53,9.53,600.0,9.54,0.0,9.59,9.53,9.53,1.0,600.0
2016-01-28,9.64,9.64,9.64,9.64,100.0,9.64,0.0,9.64,9.64,9.64,1.0,100.0
2016-01-27,9.53,9.53,9.53,9.53,0.0,9.53,0.0,9.53,9.53,9.53,1.0,0.0
2016-01-26,9.53,9.53,9.53,9.53,0.0,9.53,0.0,9.53,9.53,9.53,1.0,0.0
2016-01-25,9.53,9.53,9.53,9.53,300.0,9.53,0.0,9.53,9.53,9.53,1.0,300.0
2016-01-22,9.54,9.59,9.54,9.59,200.0,9.54,0.0,9.59,9.54,9.59,1.0,200.0
2016-01-21,9.53,9.53,9.53,9.53,0.0,9.53,0.0,9.53,9.53,9.53,1.0,0.0
2016-01-20,9.53,9.55,9.53,9.55,720901.0,9.53,0.0,9.55,9.53,9.55,1.0,720901.0
2016-01-19,9.53,9.85,9.53,9.85,161891.0,9.53,0.0,9.85,9.53,9.85,1.0,161891.0
2016-01-15,9.59,9.59,9.59,9.59,3.0,9.59,0.0,9.59,9.59,9.59,1.0,3.0
2016-01-14,9.59,9.59,9.59,9.59,0.0,9.59,0.0,9.59,9.59,9.59,1.0,0.0
2016-01-13,9.59,9.59,9.59,9.59,0.0,9.59,0.0,9.59,9.59,9.59,1.0,0.0
2016-01-12,9.59,9.59,9.59,9.59,0.0,9.59,0.0,9.59,9.59,9.59,1.0,0.0
2016-01-11,9.59,9.59,9.59,9.59,0.0,9.59,0.0,9.59,9.59,9.59,1.0,0.0
2016-01-08,9.59,9.59,9.59,9.59,0.0,9.59,0.0,9.59,9.59,9.59,1.0,0.0
2016-01-07,9.59,9.59,9.59,9.59,0.0,9.59,0.0,9.59,9.59,9.59,1.0,0.0
2016-01-06,9.59,9.59,9.59,9.59,0.0,9.59,0.0,9.59,9.59,9.59,1.0,0.0
2016-01-05,9.59,9.59,9.59,9.59,300.0,9.59,0.0,9.59,9.59,9.59,1.0,300.0
2016-01-04,9.53,9.57,9.52,9.52,475418.0,9.53,0.0,9.57,9.52,9.52,1.0,475418.0
2015-12-31,9.64,9.65,9.5,9.63,5000.0,9.64,0.0,9.65,9.5,9.63,1.0,5000.0
2015-12-30,9.51,9.51,9.51,9.51,0.0,9.51,0.0,9.51,9.51,9.51,1.0,0.0
2015-12-29,9.51,9.51,9.51,9.51,0.0,9.51,0.0,9.51,9.51,9.51,1.0,0.0
2015-12-28,9.51,9.51,9.51,9.51,0.0,9.51,0.0,9.51,9.51,9.51,1.0,0.0
2015-12-24,9.51,9.51,9.51,9.51,0.0,9.51,0.0,9.51,9.51,9.51,1.0,0.0
2015-12-23,9.51,9.52,9.51,9.52,1000.0,9.51,0.0,9.52,9.51,9.52,1.0,1000.0
2015-12-22,9.53,9.5501,9.52,9.55,359800.0,9.53,0.0,9.5501,9.52,9.55,1.0,359800.0
2015-12-21,9.51,9.52,9.51,9.52,1000.0,9.51,0.0,9.52,9.51,9.52,1.0,1000.0
2015-12-18,9.55,9.55,9.51,9.51,4710.0,9.55,0.0,9.55,9.51,9.51,1.0,4710.0
2015-12-17,9.51,9.51,9.51,9.51,300.0,9.51,0.0,9.51,9.51,9.51,1.0,300.0
2015-12-16,9.8,9.8,9.8,9.8,0.0,9.8,0.0,9.8,9.8,9.8,1.0,0.0
2015-12-15,9.8,9.8,9.5,9.51,10906.0,9.8,0.0,9.8,9.5,9.51,1.0,10906.0
2015-12-14,9.53,9.53,9.53,9.53,0.0,9.53,0.0,9.53,9.53,9.53,1.0,0.0
2015-12-11,9.53,9.53,9.53,9.53,15.0,9.53,0.0,9.53,9.53,9.53,1.0,15.0
2015-12-10,9.53,9.53,9.53,9.53,0.0,9.53,0.0,9.53,9.53,9.53,1.0,0.0
2015-12-09,9.53,9.63,9.53,9.63,246077.0,9.53,0.0,9.63,9.53,9.63,1.0,246077.0
2015-12-08,9.61,9.63,9.6,9.63,1481121.0,9.61,0.0,9.63,9.6,9.63,1.0,1481121.0
2015-12-07,9.63,9.63,9.63,9.63,0.0,9.63,0.0,9.63,9.63,9.63,1.0,0.0
2015-12-04,9.63,9.65,9.61,9.65,1262400.0,9.63,0.0,9.65,9.61,9.65,1.0,1262400.0
2015-12-03,9.63,9.64,9.6,9.6,3186.0,9.63,0.0,9.64,9.6,9.6,1.0,3186.0
2015-12-02,9.6,9.6,9.58,9.58,130500.0,9.6,0.0,9.6,9.58,9.58,1.0,130500.0
2015-12-01,9.65,9.65,9.65,9.65,0.0,9.65,0.0,9.65,9.65,9.65,1.0,0.0
2015-11-30,9.65,9.65,9.65,9.65,10000.0,9.65,0.0,9.65,9.65,9.65,1.0,10000.0
2015-11-27,9.51,9.51,9.51,9.51,0.0,9.51,0.0,9.51,9.51,9.51,1.0,0.0
2015-11-25,9.51,9.52,9.5,9.5192,4112.0,9.51,0.0,9.52,9.5,9.5192,1.0,4112.0
2015-11-24,9.55,9.55,9.55,9.55,0.0,9.55,0.0,9.55,9.55,9.55,1.0,0.0
2015-11-23,9.55,9.55,9.55,9.55,0.0,9.55,0.0,9.55,9.55,9.55,1.0,0.0
2015-11-20,9.55,9.55,9.55,9.55,0.0,9.55,0.0,9.55,9.55,9.55,1.0,0.0
2015-11-19,9.55,9.55,9.55,9.55,0.0,9.55,0.0,9.55,9.55,9.55,1.0,0.0
2015-11-18,9.55,9.55,9.55,9.55,500000.0,9.55,0.0,9.55,9.55,9.55,1.0,500000.0
2015-11-17,9.55,9.55,9.55,9.55,100000.0,9.55,0.0,9.55,9.55,9.55,1.0,100000.0
2015-11-16,9.65,9.65,9.65,9.65,0.0,9.65,0.0,9.65,9.65,9.65,1.0,0.0
2015-11-13,9.65,9.65,9.65,9.65,0.0,9.65,0.0,9.65,9.65,9.65,1.0,0.0
2015-11-12,9.65,9.65,9.65,9.65,0.0,9.65,0.0,9.65,9.65,9.65,1.0,0.0
2015-11-11,9.65,9.65,9.65,9.65,0.0,9.65,0.0,9.65,9.65,9.65,1.0,0.0
2015-11-10,9.65,9.65,9.65,9.65,0.0,9.65,0.0,9.65,9.65,9.65,1.0,0.0
2015-11-09,9.65,9.65,9.65,9.65,0.0,9.65,0.0,9.65,9.65,9.65,1.0,0.0
2015-11-06,9.65,9.65,9.65,9.65,0.0,9.65,0.0,9.65,9.65,9.65,1.0,0.0
2015-11-05,9.65,9.65,9.65,9.65,0.0,9.65,0.0,9.65,9.65,9.65,1.0,0.0
2015-11-04,9.65,9.65,9.65,9.65,0.0,9.65,0.0,9.65,9.65,9.65,1.0,0.0
2015-11-03,9.65,9.65,9.65,9.65,0.0,9.65,0.0,9.65,9.65,9.65,1.0,0.0
2015-11-02,9.65,9.65,9.65,9.65,0.0,9.65,0.0,9.65,9.65,9.65,1.0,0.0
2015-10-30,9.65,9.65,9.65,9.65,5000.0,9.65,0.0,9.65,9.65,9.65,1.0,5000.0
2015-10-29,9.7,9.7,9.7,9.7,0.0,9.7,0.0,9.7,9.7,9.7,1.0,0.0
2015-10-28,9.7,9.7,9.7,9.7,350.0,9.7,0.0,9.7,9.7,9.7,1.0,350.0
2015-10-27,9.7,9.7,9.7,9.7,4.0,9.7,0.0,9.7,9.7,9.7,1.0,4.0
2015-10-26,9.7,9.7,9.7,9.7,352.0,9.7,0.0,9.7,9.7,9.7,1.0,352.0
2015-10-23,9.85,9.85,9.85,9.85,0.0,9.85,0.0,9.85,9.85,9.85,1.0,0.0
2015-10-22,9.85,9.85,9.85,9.85,0.0,9.85,0.0,9.85,9.85,9.85,1.0,0.0
2015-10-21,9.85,9.85,9.85,9.85,0.0,9.85,0.0,9.85,9.85,9.85,1.0,0.0
2015-10-20,9.85,9.85,9.85,9.85,523.0,9.85,0.0,9.85,9.85,9.85,1.0,523.0
2015-10-19,9.54,9.54,9.54,9.54,0.0,9.54,0.0,9.54,9.54,9.54,1.0,0.0
2015-10-16,9.54,9.54,9.54,9.54,0.0,9.54,0.0,9.54,9.54,9.54,1.0,0.0
2015-10-15,9.54,9.54,9.54,9.54,4.0,9.54,0.0,9.54,9.54,9.54,1.0,4.0
2015-10-14,9.54,9.54,9.54,9.54,300.0,9.54,0.0,9.54,9.54,9.54,1.0,300.0
2015-10-13,9.52,9.52,9.52,9.52,0.0,9.52,0.0,9.52,9.52,9.52,1.0,0.0
2015-10-12,9.52,9.52,9.52,9.52,200.0,9.52,0.0,9.52,9.52,9.52,1.0,200.0
2015-10-09,9.63,9.63,9.63,9.63,0.0,9.63,0.0,9.63,9.63,9.63,1.0,0.0
2015-10-08,9.63,9.63,9.63,9.63,4.0,9.63,0.0,9.63,9.63,9.63,1.0,4.0
2015-10-07,9.63,9.63,9.63,9.63,0.0,9.63,0.0,9.63,9.63,9.63,1.0,0.0
2015-10-06,9.63,9.63,9.63,9.63,0.0,9.63,0.0,9.63,9.63,9.63,1.0,0.0
2015-10-05,9.63,9.63,9.63,9.63,0.0,9.63,0.0,9.63,9.63,9.63,1.0,0.0
2015-10-02,9.63,9.63,9.63,9.63,16.0,9.63,0.0,9.63,9.63,9.63,1.0,16.0
2015-10-01,9.63,9.63,9.63,9.63,0.0,9.63,0.0,9.63,9.63,9.63,1.0,0.0
2015-09-30,9.63,9.7,9.57,9.65,115200.0,9.63,0.0,9.7,9.57,9.65,1.0,115200.0
2015-09-28,9.52,9.52,9.52,9.52,300000.0,9.52,0.0,9.52,9.52,9.52,1.0,300000.0
2015-09-25,9.6,9.6,9.6,9.6,20000.0,9.6,0.0,9.6,9.6,9.6,1.0,20000.0
2015-09-24,9.6,9.6,9.6,9.6,200000.0,9.6,0.0,9.6,9.6,9.6,1.0,200000.0
