,adj_close,adj_high,adj_low,adj_open,adj_volume,close,ex_dividend,high,low,open,split_ratio,volume
2017-02-10,2.02,2.15,1.89,2.0,860178.0,2.02,0.0,2.15,1.89,2.0,1.0,860178.0
2017-02-09,1.96,2.01,1.8001,1.94,1194452.0,1.96,0.0,2.01,1.8001,1.94,1.0,1194452.0
2017-02-08,2.0,2.339,1.93,2.2,4768990.0,2.0,0.0,2.339,1.93,2.2,1.0,4768990.0
2017-02-07,2.76,2.83,1.5303,1.55,9079055.0,2.76,0.0,2.83,1.5303,1.55,1.0,9079055.0
2017-02-06,1.55,1.61,1.53,1.61,262991.0,1.55,0.0,1.61,1.53,1.61,1.0,262991.0
2017-02-03,1.57,1.5749,1.53,1.54,207771.0,1.57,0.0,1.5749,1.53,1.54,1.0,207771.0
2017-02-02,1.53,1.6399,1.51,1.6,527115.0,1.53,0.0,1.6399,1.51,1.6,1.0,527115.0
2017-02-01,1.47,1.5,1.39,1.48,330165.0,1.47,0.0,1.5,1.39,1.48,1.0,330165.0
2017-01-31,1.43,1.45,1.35,1.39,261490.0,1.43,0.0,1.45,1.35,1.39,1.0,261490.0
2017-01-30,1.39,1.43,1.32,1.4,249914.0,1.39,0.0,1.43,1.32,1.4,1.0,249914.0
2017-01-27,1.4,1.41,1.34,1.34,154736.0,1.4,0.0,1.41,1.34,1.34,1.0,154736.0
2017-01-26,1.35,1.39,1.32,1.34,283030.0,1.35,0.0,1.39,1.32,1.34,1.0,283030.0
2017-01-25,1.37,1.4399,1.35,1.42,356576.0,1.37,0.0,1.4399,1.35,1.42,1.0,356576.0
2017-01-24,1.38,1.52,1.32,1.52,442920.0,1.38,0.0,1.52,1.32,1.52,1.0,442920.0
2017-01-23,1.53,1.64,1.53,1.64,156787.0,1.53,0.0,1.64,1.53,1.64,1.0,156787.0
2017-01-20,1.63,1.64,1.52,1.63,193738.0,1.63,0.0,1.64,1.52,1.63,1.0,193738.0
2017-01-19,1.62,1.72,1.52,1.72,439890.0,1.62,0.0,1.72,1.52,1.72,1.0,439890.0
2017-01-18,1.73,1.8,1.72,1.76,123592.0,1.73,0.0,1.8,1.72,1.76,1.0,123592.0
2017-01-17,1.76,1.83,1.75,1.83,86078.0,1.76,0.0,1.83,1.75,1.83,1.0,86078.0
2017-01-13,1.83,1.9,1.8,1.86,239730.0,1.83,0.0,1.9,1.8,1.86,1.0,239730.0
2017-01-12,1.83,1.85,1.75,1.8,314751.0,1.83,0.0,1.85,1.75,1.8,1.0,314751.0
2017-01-11,1.76,1.9,1.72,1.9,383417.0,1.76,0.0,1.9,1.72,1.9,1.0,383417.0
2017-01-10,1.84,1.8699,1.81,1.84,150966.0,1.84,0.0,1.8699,1.81,1.84,1.0,150966.0
2017-01-09,1.82,1.98,1.77,1.98,671571.0,1.82,0.0,1.98,1.77,1.98,1.0,671571.0
2017-01-06,1.99,2.073,1.95,2.03,170422.0,1.99,0.0,2.073,1.95,2.03,1.0,170422.0
2017-01-05,2.02,2.09,1.98,2.08,98801.0,2.02,0.0,2.09,1.98,2.08,1.0,98801.0
2017-01-04,2.08,2.09,1.96,1.97,178861.0,2.08,0.0,2.09,1.96,1.97,1.0,178861.0
2017-01-03,1.97,2.106,1.96,1.99,128910.0,1.97,0.0,2.106,1.96,1.99,1.0,128910.0
2016-12-30,1.97,2.1,1.96,2.02,441819.0,1.97,0.0,2.1,1.96,2.02,1.0,441819.0
2016-12-29,2.02,2.15,2.01,2.07,265849.0,2.02,0.0,2.15,2.01,2.07,1.0,265849.0
2016-12-28,2.07,2.3,2.05,2.25,384967.0,2.07,0.0,2.3,2.05,2.25,1.0,384967.0
2016-12-27,2.24,2.28,2.16,2.16,467645.0,2.24,0.0,2.28,2.16,2.16,1.0,467645.0
2016-12-23,2.13,2.15,1.94,2.06,445786.0,2.13,0.0,2.15,1.94,2.06,1.0,445786.0
2016-12-22,2.05,2.48,2.02,2.1,2546573.0,2.05,0.0,2.48,2.02,2.1,1.0,2546573.0
2016-12-21,1.94,2.02,1.91,1.93,310416.0,1.94,0.0,2.02,1.91,1.93,1.0,310416.0
2016-12-20,1.93,1.98,1.8675,1.89,200301.0,1.93,0.0,1.98,1.8675,1.89,1.0,200301.0
2016-12-19,1.88,1.91,1.81,1.88,287879.0,1.88,0.0,1.91,1.81,1.88,1.0,287879.0
2016-12-16,1.84,1.9,1.81,1.81,212893.0,1.84,0.0,1.9,1.81,1.81,1.0,212893.0
2016-12-15,1.84,1.89,1.8,1.85,205946.0,1.84,0.0,1.89,1.8,1.85,1.0,205946.0
2016-12-14,1.86,1.94,1.85,1.89,203536.0,1.86,0.0,1.94,1.85,1.89,1.0,203536.0
2016-12-13,1.89,2.03,1.85,2.01,248197.0,1.89,0.0,2.03,1.85,2.01,1.0,248197.0
2016-12-12,2.0,2.11,1.98,2.1,180265.0,2.0,0.0,2.11,1.98,2.1,1.0,180265.0
2016-12-09,2.09,2.1406,1.99,2.0,325851.0,2.09,0.0,2.1406,1.99,2.0,1.0,325851.0
2016-12-08,2.02,2.033,1.94,1.97,122419.0,2.02,0.0,2.033,1.94,1.97,1.0,122419.0
2016-12-07,1.97,2.11,1.94,1.97,462068.0,1.97,0.0,2.11,1.94,1.97,1.0,462068.0
2016-12-06,1.96,2.03,1.9,1.93,265615.0,1.96,0.0,2.03,1.9,1.93,1.0,265615.0
2016-12-05,1.93,1.95,1.87,1.9,168875.0,1.93,0.0,1.95,1.87,1.9,1.0,168875.0
2016-12-02,1.89,1.97,1.87,1.9,219055.0,1.89,0.0,1.97,1.87,1.9,1.0,219055.0
2016-12-01,1.91,2.09,1.88,2.07,437195.0,1.91,0.0,2.09,1.88,2.07,1.0,437195.0
2016-11-30,2.03,2.1,2.0,2.08,189592.0,2.03,0.0,2.1,2.0,2.08,1.0,189592.0
2016-11-29,2.08,2.1131,2.06,2.08,97656.0,2.08,0.0,2.1131,2.06,2.08,1.0,97656.0
2016-11-28,2.1,2.12,2.02,2.03,128952.0,2.1,0.0,2.12,2.02,2.03,1.0,128952.0
2016-11-25,2.05,2.17,2.0,2.07,61870.0,2.05,0.0,2.17,2.0,2.07,1.0,61870.0
2016-11-23,2.09,2.1799,2.06,2.08,161174.0,2.09,0.0,2.1799,2.06,2.08,1.0,161174.0
2016-11-22,2.14,2.39,2.11,2.33,264925.0,2.14,0.0,2.39,2.11,2.33,1.0,264925.0
2016-11-21,2.32,2.36,2.28,2.33,161545.0,2.32,0.0,2.36,2.28,2.33,1.0,161545.0
2016-11-18,2.35,2.48,2.27,2.44,210221.0,2.35,0.0,2.48,2.27,2.44,1.0,210221.0
2016-11-17,2.44,2.4999,2.32,2.42,256041.0,2.44,0.0,2.4999,2.32,2.42,1.0,256041.0
2016-11-16,2.41,2.47,2.21,2.35,321772.0,2.41,0.0,2.47,2.21,2.35,1.0,321772.0
2016-11-15,2.34,2.345,2.16,2.17,395031.0,2.34,0.0,2.345,2.16,2.17,1.0,395031.0
2016-11-14,2.17,2.2557,2.0901,2.2,246198.0,2.17,0.0,2.2557,2.0901,2.2,1.0,246198.0
2016-11-11,2.16,2.17,1.98,2.0,301747.0,2.16,0.0,2.17,1.98,2.0,1.0,301747.0
2016-11-10,2.01,2.07,1.9,1.9,372349.0,2.01,0.0,2.07,1.9,1.9,1.0,372349.0
2016-11-09,1.89,1.9,1.72,1.76,506906.0,1.89,0.0,1.9,1.72,1.76,1.0,506906.0
2016-11-08,1.76,1.8699,1.71,1.83,382750.0,1.76,0.0,1.8699,1.71,1.83,1.0,382750.0
2016-11-07,1.87,2.0099,1.82,2.0,479868.0,1.87,0.0,2.0099,1.82,2.0,1.0,479868.0
2016-11-04,1.95,2.01,1.9168,1.96,275925.0,1.95,0.0,2.01,1.9168,1.96,1.0,275925.0
2016-11-03,1.98,2.25,1.93,2.15,811173.0,1.98,0.0,2.25,1.93,2.15,1.0,811173.0
2016-11-02,2.3,2.5464,2.25,2.49,440279.0,2.3,0.0,2.5464,2.25,2.49,1.0,440279.0
2016-11-01,2.4,2.61,2.35,2.6,506002.0,2.4,0.0,2.61,2.35,2.6,1.0,506002.0
2016-10-31,2.61,2.761,2.6,2.73,227123.0,2.61,0.0,2.761,2.6,2.73,1.0,227123.0
2016-10-28,2.75,2.805,2.66,2.8,289686.0,2.75,0.0,2.805,2.66,2.8,1.0,289686.0
2016-10-27,2.86,3.15,2.787,2.99,252052.0,2.86,0.0,3.15,2.787,2.99,1.0,252052.0
2016-10-26,2.91,3.45,2.85,3.45,794526.0,2.91,0.0,3.45,2.85,3.45,1.0,794526.0
2016-10-25,3.33,3.51,3.25,3.38,3401971.0,3.33,0.0,3.51,3.25,3.38,1.0,3401971.0
2016-10-24,2.84,2.86,2.81,2.84,51443.0,2.84,0.0,2.86,2.81,2.84,1.0,51443.0
2016-10-21,2.85,2.95,2.82,2.85,72328.0,2.85,0.0,2.95,2.82,2.85,1.0,72328.0
2016-10-20,2.89,2.9,2.76,2.8,72558.0,2.89,0.0,2.9,2.76,2.8,1.0,72558.0
2016-10-19,2.84,2.919,2.7436,2.75,130783.0,2.84,0.0,2.919,2.7436,2.75,1.0,130783.0
2016-10-18,2.78,2.9788,2.56,2.96,412154.0,2.78,0.0,2.9788,2.56,2.96,1.0,412154.0
2016-10-17,2.91,2.951,2.78,2.9,176793.0,2.91,0.0,2.951,2.78,2.9,1.0,176793.0
2016-10-14,2.92,3.11,2.92,3.11,186461.0,2.92,0.0,3.11,2.92,3.11,1.0,186461.0
2016-10-13,3.06,3.15,2.97,3.0,233158.0,3.06,0.0,3.15,2.97,3.0,1.0,233158.0
2016-10-12,3.03,3.15,2.9,3.07,329426.0,3.03,0.0,3.15,2.9,3.07,1.0,329426.0
2016-10-11,3.1,3.2304,3.02,3.21,329106.0,3.1,0.0,3.2304,3.02,3.21,1.0,329106.0
2016-10-10,3.24,3.2986,3.2,3.25,74191.0,3.24,0.0,3.2986,3.2,3.25,1.0,74191.0
2016-10-07,3.23,3.38,3.22,3.37,224825.0,3.23,0.0,3.38,3.22,3.37,1.0,224825.0
2016-10-06,3.34,3.36,3.28,3.35,116789.0,3.34,0.0,3.36,3.28,3.35,1.0,116789.0
2016-10-05,3.36,3.42,3.27,3.28,173757.0,3.36,0.0,3.42,3.27,3.28,1.0,173757.0
2016-10-04,3.32,3.49,3.28,3.48,224562.0,3.32,0.0,3.49,3.28,3.48,1.0,224562.0
2016-10-03,3.48,3.54,3.371,3.52,138541.0,3.48,0.0,3.54,3.371,3.52,1.0,138541.0
2016-09-30,3.52,3.6,3.2501,3.3,663688.0,3.52,0.0,3.6,3.2501,3.3,1.0,663688.0
2016-09-29,3.26,3.355,3.22,3.28,148902.0,3.26,0.0,3.355,3.22,3.28,1.0,148902.0
2016-09-28,3.34,3.4499,3.26,3.35,356696.0,3.34,0.0,3.4499,3.26,3.35,1.0,356696.0
2016-09-27,3.33,3.38,3.21,3.25,303906.0,3.33,0.0,3.38,3.21,3.25,1.0,303906.0
2016-09-26,3.25,3.3186,3.25,3.26,118334.0,3.25,0.0,3.3186,3.25,3.26,1.0,118334.0
2016-09-23,3.29,3.4299,3.26,3.35,168916.0,3.29,0.0,3.4299,3.26,3.35,1.0,168916.0
2016-09-22,3.35,3.36,3.25,3.31,213927.0,3.35,0.0,3.36,3.25,3.31,1.0,213927.0
2016-09-21,3.25,3.31,3.21,3.27,199591.0,3.25,0.0,3.31,3.21,3.27,1.0,199591.0
2016-09-20,3.29,3.36,3.2,3.26,264915.0,3.29,0.0,3.36,3.2,3.26,1.0,264915.0
2016-09-19,3.22,3.35,3.17,3.28,341676.0,3.22,0.0,3.35,3.17,3.28,1.0,341676.0
2016-09-16,3.25,3.36,3.2,3.34,338341.0,3.25,0.0,3.36,3.2,3.34,1.0,338341.0
2016-09-15,3.36,3.38,3.22,3.29,183864.0,3.36,0.0,3.38,3.22,3.29,1.0,183864.0
2016-09-14,3.29,3.44,3.255,3.36,178386.0,3.29,0.0,3.44,3.255,3.36,1.0,178386.0
2016-09-13,3.36,3.38,3.22,3.28,153957.0,3.36,0.0,3.38,3.22,3.28,1.0,153957.0
2016-09-12,3.33,3.34,3.17,3.2,189114.0,3.33,0.0,3.34,3.17,3.2,1.0,189114.0
2016-09-09,3.22,3.34,3.21,3.32,131566.0,3.22,0.0,3.34,3.21,3.32,1.0,131566.0
2016-09-08,3.34,3.3799,3.25,3.28,143805.0,3.34,0.0,3.3799,3.25,3.28,1.0,143805.0
2016-09-07,3.32,3.49,3.24,3.48,324714.0,3.32,0.0,3.49,3.24,3.48,1.0,324714.0
2016-09-06,3.47,3.49,3.4,3.48,146286.0,3.47,0.0,3.49,3.4,3.48,1.0,146286.0
2016-09-02,3.44,3.47,3.32,3.38,165840.0,3.44,0.0,3.47,3.32,3.38,1.0,165840.0
2016-09-01,3.36,3.36,3.3,3.33,104093.0,3.36,0.0,3.36,3.3,3.33,1.0,104093.0
2016-08-31,3.35,3.47,3.31,3.39,152718.0,3.35,0.0,3.47,3.31,3.39,1.0,152718.0
2016-08-30,3.42,3.53,3.4,3.44,104293.0,3.42,0.0,3.53,3.4,3.44,1.0,104293.0
2016-08-29,3.44,3.51,3.37,3.44,138866.0,3.44,0.0,3.51,3.37,3.44,1.0,138866.0
2016-08-26,3.41,3.479,3.33,3.33,212779.0,3.41,0.0,3.479,3.33,3.33,1.0,212779.0
2016-08-25,3.33,3.53,3.3,3.45,205147.0,3.33,0.0,3.53,3.3,3.45,1.0,205147.0
2016-08-24,3.45,3.69,3.41,3.67,236955.0,3.45,0.0,3.69,3.41,3.67,1.0,236955.0
2016-08-23,3.68,3.76,3.54,3.59,327012.0,3.68,0.0,3.76,3.54,3.59,1.0,327012.0
2016-08-22,3.55,3.7322,3.5,3.59,550856.0,3.55,0.0,3.7322,3.5,3.59,1.0,550856.0
2016-08-19,3.61,3.73,3.6,3.73,201981.0,3.61,0.0,3.73,3.6,3.73,1.0,201981.0
2016-08-18,3.76,3.91,3.64,3.64,114077.0,3.76,0.0,3.91,3.64,3.64,1.0,114077.0
2016-08-17,3.65,3.79,3.57,3.78,243270.0,3.65,0.0,3.79,3.57,3.78,1.0,243270.0
2016-08-16,3.79,3.91,3.77,3.89,161479.0,3.79,0.0,3.91,3.77,3.89,1.0,161479.0
2016-08-15,3.91,3.92,3.82,3.82,162472.0,3.91,0.0,3.92,3.82,3.82,1.0,162472.0
2016-08-12,3.82,3.92,3.78,3.92,143323.0,3.82,0.0,3.92,3.78,3.92,1.0,143323.0
2016-08-11,3.94,4.02,3.78,3.89,310796.0,3.94,0.0,4.02,3.78,3.89,1.0,310796.0
2016-08-10,3.88,4.01,3.88,4.01,220289.0,3.88,0.0,4.01,3.88,4.01,1.0,220289.0
2016-08-09,4.02,4.25,3.96,4.11,204974.0,4.02,0.0,4.25,3.96,4.11,1.0,204974.0
2016-08-08,4.15,4.23,3.93,3.96,329017.0,4.15,0.0,4.23,3.93,3.96,1.0,329017.0
2016-08-05,3.94,3.99,3.91,3.95,141595.0,3.94,0.0,3.99,3.91,3.95,1.0,141595.0
2016-08-04,3.93,4.06,3.92,4.03,119977.0,3.93,0.0,4.06,3.92,4.03,1.0,119977.0
2016-08-03,4.0,4.05,3.94,3.94,133157.0,4.0,0.0,4.05,3.94,3.94,1.0,133157.0
2016-08-02,3.98,4.01,3.875,3.95,180671.0,3.98,0.0,4.01,3.875,3.95,1.0,180671.0
2016-08-01,3.96,4.09,3.95,4.06,177308.0,3.96,0.0,4.09,3.95,4.06,1.0,177308.0
2016-07-29,4.04,4.153,3.71,3.95,961168.0,4.04,0.0,4.153,3.71,3.95,1.0,961168.0
2016-07-28,4.12,4.2,4.1,4.14,244948.0,4.12,0.0,4.2,4.1,4.14,1.0,244948.0
2016-07-27,4.13,4.26,4.1,4.13,166859.0,4.13,0.0,4.26,4.1,4.13,1.0,166859.0
2016-07-26,4.16,4.32,4.135,4.25,288682.0,4.16,0.0,4.32,4.135,4.25,1.0,288682.0
2016-07-25,4.24,4.5,4.13,4.19,1157304.0,4.24,0.0,4.5,4.13,4.19,1.0,1157304.0
2016-07-22,4.13,4.47,4.13,4.4,997119.0,4.13,0.0,4.47,4.13,4.4,1.0,997119.0
2016-07-21,4.07,4.15,3.98,4.07,211659.0,4.07,0.0,4.15,3.98,4.07,1.0,211659.0
2016-07-20,4.08,4.13,3.98,4.05,153806.0,4.08,0.0,4.13,3.98,4.05,1.0,153806.0
2016-07-19,4.0,4.1704,3.99,4.15,151689.0,4.0,0.0,4.1704,3.99,4.15,1.0,151689.0
2016-07-18,4.16,4.25,4.1,4.18,168455.0,4.16,0.0,4.25,4.1,4.18,1.0,168455.0
2016-07-15,4.14,4.19,3.95,4.06,278463.0,4.14,0.0,4.19,3.95,4.06,1.0,278463.0
2016-07-14,4.05,4.2752,4.05,4.27,239970.0,4.05,0.0,4.2752,4.05,4.27,1.0,239970.0
2016-07-13,4.18,4.364,4.06,4.27,445038.0,4.18,0.0,4.364,4.06,4.27,1.0,445038.0
2016-07-12,4.21,4.55,4.125,4.17,1281266.0,4.21,0.0,4.55,4.125,4.17,1.0,1281266.0
2016-07-11,4.15,4.16,3.98,4.06,357663.0,4.15,0.0,4.16,3.98,4.06,1.0,357663.0
2016-07-08,4.06,4.2,3.96,4.13,691641.0,4.06,0.0,4.2,3.96,4.13,1.0,691641.0
2016-07-07,4.1,4.39,3.92,4.16,3176488.0,4.1,0.0,4.39,3.92,4.16,1.0,3176488.0
2016-07-06,3.38,3.68,3.28,3.28,810612.0,3.38,0.0,3.68,3.28,3.28,1.0,810612.0
2016-07-05,3.31,3.49,3.2901,3.46,188479.0,3.31,0.0,3.49,3.2901,3.46,1.0,188479.0
2016-07-01,3.49,3.71,3.47,3.55,337008.0,3.49,0.0,3.71,3.47,3.55,1.0,337008.0
2016-06-30,3.58,3.63,3.36,3.49,337409.0,3.58,0.0,3.63,3.36,3.49,1.0,337409.0
2016-06-29,3.47,3.5,3.23,3.29,460150.0,3.47,0.0,3.5,3.23,3.29,1.0,460150.0
2016-06-28,3.26,3.4,3.21,3.24,579168.0,3.26,0.0,3.4,3.21,3.24,1.0,579168.0
2016-06-27,3.18,3.55,3.17,3.51,405665.0,3.18,0.0,3.55,3.17,3.51,1.0,405665.0
2016-06-24,3.56,3.81,3.55,3.63,452678.0,3.56,0.0,3.81,3.55,3.63,1.0,452678.0
2016-06-23,3.78,3.85,3.74,3.78,179509.0,3.78,0.0,3.85,3.74,3.78,1.0,179509.0
2016-06-22,3.74,3.87,3.72,3.82,213509.0,3.74,0.0,3.87,3.72,3.82,1.0,213509.0
2016-06-21,3.83,3.88,3.73,3.88,184563.0,3.83,0.0,3.88,3.73,3.88,1.0,184563.0
2016-06-20,3.76,3.9799,3.738,3.8,221949.0,3.76,0.0,3.9799,3.738,3.8,1.0,221949.0
2016-06-17,3.74,3.8499,3.7301,3.76,220836.0,3.74,0.0,3.8499,3.7301,3.76,1.0,220836.0
2016-06-16,3.78,3.88,3.7,3.75,252262.0,3.78,0.0,3.88,3.7,3.75,1.0,252262.0
2016-06-15,3.8,3.995,3.67,3.73,300184.0,3.8,0.0,3.995,3.67,3.73,1.0,300184.0
2016-06-14,3.73,3.8389,3.64,3.64,311822.0,3.73,0.0,3.8389,3.64,3.64,1.0,311822.0
2016-06-13,3.84,4.1,3.78,3.98,733780.0,3.84,0.0,4.1,3.78,3.98,1.0,733780.0
2016-06-10,4.03,4.53,4.01,4.5,1867801.0,4.03,0.0,4.53,4.01,4.5,1.0,1867801.0
2016-06-09,4.71,4.75,3.72,3.83,2567273.0,4.71,0.0,4.75,3.72,3.83,1.0,2567273.0
2016-06-08,3.85,3.88,3.8,3.85,147694.0,3.85,0.0,3.88,3.8,3.85,1.0,147694.0
2016-06-07,3.88,3.9,3.8,3.81,129392.0,3.88,0.0,3.9,3.8,3.81,1.0,129392.0
2016-06-06,3.82,3.97,3.7701,3.91,198197.0,3.82,0.0,3.97,3.7701,3.91,1.0,198197.0
2016-06-03,3.92,4.0715,3.85,4.01,196982.0,3.92,0.0,4.0715,3.85,4.01,1.0,196982.0
2016-06-02,4.06,4.2,3.93,4.11,242825.0,4.06,0.0,4.2,3.93,4.11,1.0,242825.0
2016-06-01,4.19,4.26,3.82,3.92,425716.0,4.19,0.0,4.26,3.82,3.92,1.0,425716.0
2016-05-31,3.9,3.98,3.7716,3.79,197506.0,3.9,0.0,3.98,3.7716,3.79,1.0,197506.0
2016-05-27,3.82,3.86,3.76,3.86,132667.0,3.82,0.0,3.86,3.76,3.86,1.0,132667.0
2016-05-26,3.87,3.92,3.72,3.87,104111.0,3.87,0.0,3.92,3.72,3.87,1.0,104111.0
2016-05-25,3.86,3.92,3.7601,3.8,148328.0,3.86,0.0,3.92,3.7601,3.8,1.0,148328.0
2016-05-24,3.81,3.82,3.62,3.69,178459.0,3.81,0.0,3.82,3.62,3.69,1.0,178459.0
2016-05-23,3.66,3.85,3.6001,3.64,217911.0,3.66,0.0,3.85,3.6001,3.64,1.0,217911.0
2016-05-20,3.66,3.71,3.4,3.45,285418.0,3.66,0.0,3.71,3.4,3.45,1.0,285418.0
2016-05-19,3.45,3.79,3.43,3.68,341836.0,3.45,0.0,3.79,3.43,3.68,1.0,341836.0
2016-05-18,3.7,4.04,3.6,3.79,470040.0,3.7,0.0,4.04,3.6,3.79,1.0,470040.0
2016-05-17,3.8,3.952,3.75,3.94,266179.0,3.8,0.0,3.952,3.75,3.94,1.0,266179.0
2016-05-16,3.93,4.18,3.89,4.11,185363.0,3.93,0.0,4.18,3.89,4.11,1.0,185363.0
2016-05-13,4.0,4.12,3.89,3.89,165231.0,4.0,0.0,4.12,3.89,3.89,1.0,165231.0
2016-05-12,3.97,4.38,3.85,4.22,451966.0,3.97,0.0,4.38,3.85,4.22,1.0,451966.0
2016-05-11,4.25,5.05,4.18,4.2,1136023.0,4.25,0.0,5.05,4.18,4.2,1.0,1136023.0
2016-05-10,4.22,4.369,3.8,4.14,602005.0,4.22,0.0,4.369,3.8,4.14,1.0,602005.0
2016-05-09,4.08,4.1239,4.0,4.04,129494.0,4.08,0.0,4.1239,4.0,4.04,1.0,129494.0
2016-05-06,4.07,4.19,3.95,4.05,273700.0,4.07,0.0,4.19,3.95,4.05,1.0,273700.0
2016-05-05,4.07,4.4124,4.0,4.4,276344.0,4.07,0.0,4.4124,4.0,4.4,1.0,276344.0
2016-05-04,4.37,4.61,4.34,4.5,232166.0,4.37,0.0,4.61,4.34,4.5,1.0,232166.0
2016-05-03,4.54,4.69,4.5,4.61,228395.0,4.54,0.0,4.69,4.5,4.61,1.0,228395.0
2016-05-02,4.64,4.77,4.6,4.77,258340.0,4.64,0.0,4.77,4.6,4.77,1.0,258340.0
2016-04-29,4.73,4.98,4.6,4.98,514596.0,4.73,0.0,4.98,4.6,4.98,1.0,514596.0
2016-04-28,5.06,5.4,5.01,5.4,333824.0,5.06,0.0,5.4,5.01,5.4,1.0,333824.0
2016-04-27,5.34,5.514,5.28,5.39,250914.0,5.34,0.0,5.514,5.28,5.39,1.0,250914.0
2016-04-26,5.47,5.9,5.41,5.85,373889.0,5.47,0.0,5.9,5.41,5.85,1.0,373889.0
2016-04-25,5.85,6.0499,5.2717,5.4,1202271.0,5.85,0.0,6.0499,5.2717,5.4,1.0,1202271.0
2016-04-22,5.41,5.56,5.1,5.23,530684.0,5.41,0.0,5.56,5.1,5.23,1.0,530684.0
2016-04-21,5.37,5.75,5.12,5.18,947541.0,5.37,0.0,5.75,5.12,5.18,1.0,947541.0
2016-04-20,5.18,5.2,5.08,5.2,166297.0,5.18,0.0,5.2,5.08,5.2,1.0,166297.0
2016-04-19,5.16,5.31,5.09,5.24,165762.0,5.16,0.0,5.31,5.09,5.24,1.0,165762.0
2016-04-18,5.27,5.31,5.06,5.18,176252.0,5.27,0.0,5.31,5.06,5.18,1.0,176252.0
2016-04-15,5.16,5.37,5.13,5.37,252017.0,5.16,0.0,5.37,5.13,5.37,1.0,252017.0
2016-04-14,5.37,5.46,5.2,5.36,231144.0,5.37,0.0,5.46,5.2,5.36,1.0,231144.0
2016-04-13,5.39,5.48,5.1,5.22,333422.0,5.39,0.0,5.48,5.1,5.22,1.0,333422.0
2016-04-12,5.14,5.3,5.0,5.12,203527.0,5.14,0.0,5.3,5.0,5.12,1.0,203527.0
2016-04-11,5.14,5.46,5.11,5.26,174914.0,5.14,0.0,5.46,5.11,5.26,1.0,174914.0
2016-04-08,5.26,5.6616,5.1203,5.48,430386.0,5.26,0.0,5.6616,5.1203,5.48,1.0,430386.0
2016-04-07,5.4,5.59,5.15,5.51,376600.0,5.4,0.0,5.59,5.15,5.51,1.0,376600.0
2016-04-06,5.48,5.79,5.02,5.05,1204394.0,5.48,0.0,5.79,5.02,5.05,1.0,1204394.0
2016-04-05,5.02,5.23,4.94,5.11,272338.0,5.02,0.0,5.23,4.94,5.11,1.0,272338.0
2016-04-04,5.16,5.16,4.93,4.95,380681.0,5.16,0.0,5.16,4.93,4.95,1.0,380681.0
2016-04-01,4.95,4.96,4.76,4.81,134809.0,4.95,0.0,4.96,4.76,4.81,1.0,134809.0
2016-03-31,4.83,4.99,4.8,4.95,126585.0,4.83,0.0,4.99,4.8,4.95,1.0,126585.0
2016-03-30,4.98,5.1537,4.9021,5.03,161984.0,4.98,0.0,5.1537,4.9021,5.03,1.0,161984.0
2016-03-29,5.04,5.1,4.65,4.71,281183.0,5.04,0.0,5.1,4.65,4.71,1.0,281183.0
2016-03-28,4.8,4.8,4.6636,4.8,268335.0,4.8,0.0,4.8,4.6636,4.8,1.0,268335.0
2016-03-24,4.8,4.8,4.72,4.75,235902.0,4.8,0.0,4.8,4.72,4.75,1.0,235902.0
2016-03-23,4.8,5.092,4.71,5.03,344664.0,4.8,0.0,5.092,4.71,5.03,1.0,344664.0
2016-03-22,5.08,5.15,4.7,4.75,424019.0,5.08,0.0,5.15,4.7,4.75,1.0,424019.0
2016-03-21,4.79,4.98,4.75,4.9,164608.0,4.79,0.0,4.98,4.75,4.9,1.0,164608.0
2016-03-18,4.9,4.98,4.7601,4.83,376593.0,4.9,0.0,4.98,4.7601,4.83,1.0,376593.0
2016-03-17,4.83,4.88,4.557,4.67,269228.0,4.83,0.0,4.88,4.557,4.67,1.0,269228.0
2016-03-16,4.67,4.94,4.63,4.8,426911.0,4.67,0.0,4.94,4.63,4.8,1.0,426911.0
2016-03-15,4.85,5.086,4.8,5.07,476511.0,4.85,0.0,5.086,4.8,5.07,1.0,476511.0
2016-03-14,5.15,5.3,5.08,5.14,246408.0,5.15,0.0,5.3,5.08,5.14,1.0,246408.0
2016-03-11,5.2,5.24,4.9,5.0,311110.0,5.2,0.0,5.24,4.9,5.0,1.0,311110.0
2016-03-10,4.93,5.29,4.9,5.08,371068.0,4.93,0.0,5.29,4.9,5.08,1.0,371068.0
2016-03-09,5.15,5.4615,5.1,5.28,333597.0,5.15,0.0,5.4615,5.1,5.28,1.0,333597.0
2016-03-08,5.34,5.6799,5.22,5.63,341135.0,5.34,0.0,5.6799,5.22,5.63,1.0,341135.0
2016-03-07,5.63,5.78,4.9,4.9,735982.0,5.63,0.0,5.78,4.9,4.9,1.0,735982.0
2016-03-04,4.99,5.47,4.7511,4.88,853678.0,4.99,0.0,5.47,4.7511,4.88,1.0,853678.0
2016-03-03,5.17,5.58,5.12,5.5,604598.0,5.17,0.0,5.58,5.12,5.5,1.0,604598.0
2016-03-02,5.49,5.7,5.35,5.55,594253.0,5.49,0.0,5.7,5.35,5.55,1.0,594253.0
2016-03-01,5.42,5.55,4.87,5.08,1012054.0,5.42,0.0,5.55,4.87,5.08,1.0,1012054.0
2016-02-29,5.12,5.392,5.0,5.28,715691.0,5.12,0.0,5.392,5.0,5.28,1.0,715691.0
2016-02-26,5.33,5.75,5.25,5.69,961117.0,5.33,0.0,5.75,5.25,5.69,1.0,961117.0
2016-02-25,5.75,6.57,5.62,6.35,2205225.0,5.75,0.0,6.57,5.62,6.35,1.0,2205225.0
2016-02-24,6.29,6.63,6.08,6.25,3758647.0,6.29,0.0,6.63,6.08,6.25,1.0,3758647.0
2016-02-23,6.79,6.93,5.5401,5.76,8740730.0,6.79,0.0,6.93,5.5401,5.76,1.0,8740730.0
2016-02-22,5.29,5.47,4.28,4.37,2474675.0,5.29,0.0,5.47,4.28,4.37,1.0,2474675.0
2016-02-19,4.37,4.42,4.16,4.24,158128.0,4.37,0.0,4.42,4.16,4.24,1.0,158128.0
2016-02-18,4.31,4.75,4.21,4.66,252083.0,4.31,0.0,4.75,4.21,4.66,1.0,252083.0
2016-02-17,4.71,4.98,4.64,4.64,299385.0,4.71,0.0,4.98,4.64,4.64,1.0,299385.0
2016-02-16,4.64,4.75,4.35,4.53,856691.0,4.64,0.0,4.75,4.35,4.53,1.0,856691.0
2016-02-12,4.13,4.1544,4.0,4.09,145147.0,4.13,0.0,4.1544,4.0,4.09,1.0,145147.0
2016-02-11,4.07,4.17,3.97,4.07,143490.0,4.07,0.0,4.17,3.97,4.07,1.0,143490.0
2016-02-10,4.08,4.32,4.02,4.1,94603.0,4.08,0.0,4.32,4.02,4.1,1.0,94603.0
2016-02-09,4.06,4.17,3.92,4.12,174164.0,4.06,0.0,4.17,3.92,4.12,1.0,174164.0
2016-02-08,4.13,4.45,4.04,4.38,228706.0,4.13,0.0,4.45,4.04,4.38,1.0,228706.0
2016-02-05,4.42,4.8799,4.37,4.74,273254.0,4.42,0.0,4.8799,4.37,4.74,1.0,273254.0
2016-02-04,4.78,5.0534,4.56,4.56,242125.0,4.78,0.0,5.0534,4.56,4.56,1.0,242125.0
2016-02-03,4.54,4.6,4.2,4.55,226755.0,4.54,0.0,4.6,4.2,4.55,1.0,226755.0
2016-02-02,4.54,4.71,4.4108,4.66,211161.0,4.54,0.0,4.71,4.4108,4.66,1.0,211161.0
2016-02-01,4.64,4.82,4.55,4.65,174224.0,4.64,0.0,4.82,4.55,4.65,1.0,174224.0
2016-01-29,4.62,4.6833,4.54,4.59,193179.0,4.62,0.0,4.6833,4.54,4.59,1.0,193179.0
2016-01-28,4.57,4.68,4.5107,4.65,129205.0,4.57,0.0,4.68,4.5107,4.65,1.0,129205.0
2016-01-27,4.66,4.81,4.53,4.59,217696.0,4.66,0.0,4.81,4.53,4.59,1.0,217696.0
2016-01-26,4.62,4.86,4.27,4.36,542341.0,4.62,0.0,4.86,4.27,4.36,1.0,542341.0
2016-01-25,4.43,4.6899,4.15,4.18,369785.0,4.43,0.0,4.6899,4.15,4.18,1.0,369785.0
2016-01-22,4.17,4.33,4.0601,4.19,235839.0,4.17,0.0,4.33,4.0601,4.19,1.0,235839.0
2016-01-21,4.1,4.2699,4.01,4.16,147165.0,4.1,0.0,4.2699,4.01,4.16,1.0,147165.0
2016-01-20,4.14,4.16,3.6101,3.74,254359.0,4.14,0.0,4.16,3.6101,3.74,1.0,254359.0
2016-01-19,3.91,4.174,3.75,4.1,281261.0,3.91,0.0,4.174,3.75,4.1,1.0,281261.0
2016-01-15,4.12,4.282,3.77,4.09,376392.0,4.12,0.0,4.282,3.77,4.09,1.0,376392.0
2016-01-14,4.18,4.2599,3.4,3.78,753402.0,4.18,0.0,4.2599,3.4,3.78,1.0,753402.0
2016-01-13,3.78,4.28,3.7001,4.21,580185.0,3.78,0.0,4.28,3.7001,4.21,1.0,580185.0
2016-01-12,4.19,4.55,4.07,4.4,339322.0,4.19,0.0,4.55,4.07,4.4,1.0,339322.0
2016-01-11,4.31,4.945,3.94,4.81,701045.0,4.31,0.0,4.945,3.94,4.81,1.0,701045.0
2016-01-08,4.4,5.23,4.39,4.94,672380.0,4.4,0.0,5.23,4.39,4.94,1.0,672380.0
2016-01-07,4.84,5.34,4.82,5.34,626161.0,4.84,0.0,5.34,4.82,5.34,1.0,626161.0
2016-01-06,5.4,5.67,5.05,5.47,568561.0,5.4,0.0,5.67,5.05,5.47,1.0,568561.0
2016-01-05,5.62,5.67,5.47,5.54,320593.0,5.62,0.0,5.67,5.47,5.54,1.0,320593.0
2016-01-04,5.6,5.88,5.41,5.65,423724.0,5.6,0.0,5.88,5.41,5.65,1.0,423724.0
2015-12-31,5.89,6.15,5.85,6.1,544420.0,5.89,0.0,6.15,5.85,6.1,1.0,544420.0
2015-12-30,6.11,6.4236,5.97,6.19,411973.0,6.11,0.0,6.4236,5.97,6.19,1.0,411973.0
2015-12-29,6.25,6.68,5.8601,6.48,725882.0,6.25,0.0,6.68,5.8601,6.48,1.0,725882.0
2015-12-28,6.53,6.9724,6.43,6.86,501123.0,6.53,0.0,6.9724,6.43,6.86,1.0,501123.0
2015-12-24,6.91,6.9899,6.651,6.7,229938.0,6.91,0.0,6.9899,6.651,6.7,1.0,229938.0
2015-12-23,6.82,7.23,6.7,7.02,766009.0,6.82,0.0,7.23,6.7,7.02,1.0,766009.0
2015-12-22,7.09,7.09,6.77,6.85,799575.0,7.09,0.0,7.09,6.77,6.85,1.0,799575.0
2015-12-21,6.82,7.09,6.4,6.99,713006.0,6.82,0.0,7.09,6.4,6.99,1.0,713006.0
2015-12-18,6.84,7.7,6.74,7.25,1269482.0,6.84,0.0,7.7,6.74,7.25,1.0,1269482.0
2015-12-17,7.16,7.45,6.48,6.64,2132343.0,7.16,0.0,7.45,6.48,6.64,1.0,2132343.0
2015-12-16,6.42,6.59,5.83,5.84,1555998.0,6.42,0.0,6.59,5.83,5.84,1.0,1555998.0
2015-12-15,5.85,6.07,5.61,5.97,818220.0,5.85,0.0,6.07,5.61,5.97,1.0,818220.0
2015-12-14,5.8,6.3,5.76,5.87,1455058.0,5.8,0.0,6.3,5.76,5.87,1.0,1455058.0
2015-12-11,5.92,6.25,5.57,5.86,1110413.0,5.92,0.0,6.25,5.57,5.86,1.0,1110413.0
2015-12-10,6.0,6.35,5.25,5.51,2654494.0,6.0,0.0,6.35,5.25,5.51,1.0,2654494.0
2015-12-09,5.48,5.65,5.08,5.1,766677.0,5.48,0.0,5.65,5.08,5.1,1.0,766677.0
2015-12-08,5.14,5.4,5.04,5.22,317030.0,5.14,0.0,5.4,5.04,5.22,1.0,317030.0
2015-12-07,5.31,5.5,5.14,5.49,314907.0,5.31,0.0,5.5,5.14,5.49,1.0,314907.0
2015-12-04,5.52,6.3,4.95,5.11,1187995.0,5.52,0.0,6.3,4.95,5.11,1.0,1187995.0
2015-12-03,5.14,5.29,4.99,5.17,365277.0,5.14,0.0,5.29,4.99,5.17,1.0,365277.0
2015-12-02,5.23,5.36,4.86,4.86,380272.0,5.23,0.0,5.36,4.86,4.86,1.0,380272.0
2015-12-01,4.88,5.1101,4.8,5.06,285944.0,4.88,0.0,5.1101,4.8,5.06,1.0,285944.0
2015-11-30,5.06,5.42,4.91,4.98,299954.0,5.06,0.0,5.42,4.91,4.98,1.0,299954.0
2015-11-27,4.98,5.0,4.7723,4.82,63748.0,4.98,0.0,5.0,4.7723,4.82,1.0,63748.0
2015-11-25,4.83,5.05,4.6483,4.82,267658.0,4.83,0.0,5.05,4.6483,4.82,1.0,267658.0
2015-11-24,4.92,5.17,4.88,5.11,323563.0,4.92,0.0,5.17,4.88,5.11,1.0,323563.0
2015-11-23,5.18,5.47,4.7,4.91,418830.0,5.18,0.0,5.47,4.7,4.91,1.0,418830.0
2015-11-20,4.77,5.06,4.625,5.03,577441.0,4.77,0.0,5.06,4.625,5.03,1.0,577441.0
2015-11-19,4.99,5.13,4.6501,4.67,377561.0,4.99,0.0,5.13,4.6501,4.67,1.0,377561.0
2015-11-18,4.7,5.52,4.57,5.41,1282397.0,4.7,0.0,5.52,4.57,5.41,1.0,1282397.0
2015-11-17,5.4,5.64,5.3,5.4,164291.0,5.4,0.0,5.64,5.3,5.4,1.0,164291.0
2015-11-16,5.39,5.78,5.38,5.63,255643.0,5.39,0.0,5.78,5.38,5.63,1.0,255643.0
2015-11-13,5.66,5.8,5.3501,5.38,234002.0,5.66,0.0,5.8,5.3501,5.38,1.0,234002.0
2015-11-12,5.42,5.73,5.4,5.49,382128.0,5.42,0.0,5.73,5.4,5.49,1.0,382128.0
2015-11-11,5.55,5.84,5.49,5.84,321264.0,5.55,0.0,5.84,5.49,5.84,1.0,321264.0
2015-11-10,5.84,5.99,5.72,5.99,257170.0,5.84,0.0,5.99,5.72,5.99,1.0,257170.0
2015-11-09,5.96,6.19,5.7001,6.05,257311.0,5.96,0.0,6.19,5.7001,6.05,1.0,257311.0
2015-11-06,6.09,6.42,5.38,6.41,1146872.0,6.09,0.0,6.42,5.38,6.41,1.0,1146872.0
2015-11-05,6.73,7.19,6.69,7.11,161072.0,6.73,0.0,7.19,6.69,7.11,1.0,161072.0
2015-11-04,7.12,7.54,6.89,7.25,304893.0,7.12,0.0,7.54,6.89,7.25,1.0,304893.0
2015-11-03,7.26,7.8699,7.15,7.3,616141.0,7.26,0.0,7.8699,7.15,7.3,1.0,616141.0
2015-11-02,7.34,7.62,5.88,5.88,1111433.0,7.34,0.0,7.62,5.88,5.88,1.0,1111433.0
2015-10-30,5.88,6.2299,5.5601,6.07,460456.0,5.88,0.0,6.2299,5.5601,6.07,1.0,460456.0
2015-10-29,6.25,6.5846,6.1708,6.35,271618.0,6.25,0.0,6.5846,6.1708,6.35,1.0,271618.0
2015-10-28,6.4,6.57,6.01,6.22,259623.0,6.4,0.0,6.57,6.01,6.22,1.0,259623.0
2015-10-27,6.18,6.5489,5.97,6.26,460777.0,6.18,0.0,6.5489,5.97,6.26,1.0,460777.0
2015-10-26,6.44,6.75,6.35,6.62,383358.0,6.44,0.0,6.75,6.35,6.62,1.0,383358.0
2015-10-23,6.66,7.03,6.5476,7.03,408837.0,6.66,0.0,7.03,6.5476,7.03,1.0,408837.0
2015-10-22,6.88,7.24,6.5,7.24,422695.0,6.88,0.0,7.24,6.5,7.24,1.0,422695.0
2015-10-21,7.26,7.71,7.19,7.52,625242.0,7.26,0.0,7.71,7.19,7.52,1.0,625242.0
2015-10-20,7.44,7.52,7.06,7.34,668000.0,7.44,0.0,7.52,7.06,7.34,1.0,668000.0
2015-10-19,7.38,7.94,7.24,7.78,465420.0,7.38,0.0,7.94,7.24,7.78,1.0,465420.0
2015-10-16,7.9,8.4795,7.64,8.03,1057117.0,7.9,0.0,8.4795,7.64,8.03,1.0,1057117.0
2015-10-15,8.07,8.18,6.7,6.87,1340904.0,8.07,0.0,8.18,6.7,6.87,1.0,1340904.0
2015-10-14,6.7,6.88,5.92,5.94,814637.0,6.7,0.0,6.88,5.92,5.94,1.0,814637.0
2015-10-13,5.95,6.38,5.92,6.16,204023.0,5.95,0.0,6.38,5.92,6.16,1.0,204023.0
2015-10-12,6.16,6.32,6.1,6.32,339246.0,6.16,0.0,6.32,6.1,6.32,1.0,339246.0
2015-10-09,6.25,6.36,6.15,6.24,164309.0,6.25,0.0,6.36,6.15,6.24,1.0,164309.0
2015-10-08,6.25,6.33,6.05,6.23,163405.0,6.25,0.0,6.33,6.05,6.23,1.0,163405.0
2015-10-07,6.28,6.41,6.05,6.3,250102.0,6.28,0.0,6.41,6.05,6.3,1.0,250102.0
2015-10-06,6.25,6.35,5.88,6.11,536815.0,6.25,0.0,6.35,5.88,6.11,1.0,536815.0
2015-10-05,6.16,6.23,5.68,6.0,554226.0,6.16,0.0,6.23,5.68,6.0,1.0,554226.0
2015-10-02,5.83,5.86,5.2201,5.35,478910.0,5.83,0.0,5.86,5.2201,5.35,1.0,478910.0
2015-10-01,5.51,6.16,5.39,5.93,755075.0,5.51,0.0,6.16,5.39,5.93,1.0,755075.0
2015-09-30,5.93,6.48,5.88,6.33,680222.0,5.93,0.0,6.48,5.88,6.33,1.0,680222.0
2015-09-29,6.28,7.43,6.06,7.34,769079.0,6.28,0.0,7.43,6.06,7.34,1.0,769079.0
2015-09-28,7.257,8.2199,6.85,8.18,851514.0,7.257,0.0,8.2199,6.85,8.18,1.0,851514.0
2015-09-25,8.24,9.2299,8.18,9.01,320387.0,8.24,0.0,9.2299,8.18,9.01,1.0,320387.0
2015-09-24,8.98,9.155,8.9,9.04,125951.0,8.98,0.0,9.155,8.9,9.04,1.0,125951.0
2015-09-23,9.1,9.56,9.05,9.38,144535.0,9.1,0.0,9.56,9.05,9.38,1.0,144535.0
2015-09-22,9.4,9.8,9.16,9.54,208249.0,9.4,0.0,9.8,9.16,9.54,1.0,208249.0
2015-09-21,9.68,10.33,9.43,10.04,292212.0,9.68,0.0,10.33,9.43,10.04,1.0,292212.0
2015-09-18,9.9,10.198,9.52,9.53,522268.0,9.9,0.0,10.198,9.52,9.53,1.0,522268.0
2015-09-17,9.71,9.8,9.48,9.57,122634.0,9.71,0.0,9.8,9.48,9.57,1.0,122634.0
2015-09-16,9.61,9.89,9.53,9.61,181860.0,9.61,0.0,9.89,9.53,9.61,1.0,181860.0
2015-09-15,9.56,10.0,9.25,9.98,223935.0,9.56,0.0,10.0,9.25,9.98,1.0,223935.0
2015-09-14,9.92,10.52,9.86,9.9,344340.0,9.92,0.0,10.52,9.86,9.9,1.0,344340.0
2015-09-11,9.84,9.9,9.5,9.5,153602.0,9.84,0.0,9.9,9.5,9.5,1.0,153602.0
2015-09-10,9.57,9.72,9.4,9.43,193751.0,9.57,0.0,9.72,9.4,9.43,1.0,193751.0
2015-09-09,9.47,9.85,9.27,9.72,196955.0,9.47,0.0,9.85,9.27,9.72,1.0,196955.0
2015-09-08,9.58,9.68,9.04,9.12,245177.0,9.58,0.0,9.68,9.04,9.12,1.0,245177.0
2015-09-04,9.04,9.14,8.88,8.9,83737.0,9.04,0.0,9.14,8.88,8.9,1.0,83737.0
2015-09-03,9.01,9.27,8.91,9.2,136224.0,9.01,0.0,9.27,8.91,9.2,1.0,136224.0
2015-09-02,9.17,9.6,8.914,9.33,332242.0,9.17,0.0,9.6,8.914,9.33,1.0,332242.0
2015-09-01,9.26,9.69,9.2,9.33,197898.0,9.26,0.0,9.69,9.2,9.33,1.0,197898.0
2015-08-31,9.51,9.99,9.4,9.94,197536.0,9.51,0.0,9.99,9.4,9.94,1.0,197536.0
2015-08-28,9.96,9.97,9.0,9.1,284889.0,9.96,0.0,9.97,9.0,9.1,1.0,284889.0
2015-08-27,9.09,9.26,8.92,9.2,242701.0,9.09,0.0,9.26,8.92,9.2,1.0,242701.0
2015-08-26,9.14,9.14,8.5027,8.86,341278.0,9.14,0.0,9.14,8.5027,8.86,1.0,341278.0
2015-08-25,8.82,9.9,8.8,9.9,403542.0,8.82,0.0,9.9,8.8,9.9,1.0,403542.0
2015-08-24,8.99,9.53,8.2814,8.76,576965.0,8.99,0.0,9.53,8.2814,8.76,1.0,576965.0
2015-08-21,10.05,10.22,9.5301,9.76,353306.0,10.05,0.0,10.22,9.5301,9.76,1.0,353306.0
2015-08-20,10.04,10.68,9.7,10.32,613526.0,10.04,0.0,10.68,9.7,10.32,1.0,613526.0
2015-08-19,10.98,11.54,10.91,11.3,376881.0,10.98,0.0,11.54,10.91,11.3,1.0,376881.0
2015-08-18,11.66,12.535,11.64,12.46,414264.0,11.66,0.0,12.535,11.64,12.46,1.0,414264.0
2015-08-17,12.43,12.57,12.33,12.5,196947.0,12.43,0.0,12.57,12.33,12.5,1.0,196947.0
2015-08-14,12.61,12.68,12.3,12.5,169764.0,12.61,0.0,12.68,12.3,12.5,1.0,169764.0
2015-08-13,12.57,13.1799,12.5,12.9,271076.0,12.57,0.0,13.1799,12.5,12.9,1.0,271076.0
2015-08-12,12.93,13.0867,12.65,12.95,191509.0,12.93,0.0,13.0867,12.65,12.95,1.0,191509.0
2015-08-11,13.07,13.14,12.8,12.86,266134.0,13.07,0.0,13.14,12.8,12.86,1.0,266134.0
2015-08-10,13.07,13.45,12.895,13.19,300598.0,13.07,0.0,13.45,12.895,13.19,1.0,300598.0
2015-08-07,13.08,13.29,12.77,13.2,278079.0,13.08,0.0,13.29,12.77,13.2,1.0,278079.0
2015-08-06,13.18,14.081,12.8,13.86,408710.0,13.18,0.0,14.081,12.8,13.86,1.0,408710.0
2015-08-05,13.89,14.95,13.8,14.55,574818.0,13.89,0.0,14.95,13.8,14.55,1.0,574818.0
2015-08-04,14.15,14.4014,14.0,14.03,207381.0,14.15,0.0,14.4014,14.0,14.03,1.0,207381.0
2015-08-03,14.08,14.6,14.0,14.22,252970.0,14.08,0.0,14.6,14.0,14.22,1.0,252970.0
2015-07-31,14.11,14.6786,14.0,14.17,309105.0,14.11,0.0,14.6786,14.0,14.17,1.0,309105.0
2015-07-30,14.22,14.23,13.65,13.8,217339.0,14.22,0.0,14.23,13.65,13.8,1.0,217339.0
2015-07-29,13.87,14.2,13.77,14.06,293162.0,13.87,0.0,14.2,13.77,14.06,1.0,293162.0
2015-07-28,14.1,14.3567,13.946,14.33,203055.0,14.1,0.0,14.3567,13.946,14.33,1.0,203055.0
2015-07-27,14.36,14.41,13.88,14.29,365910.0,14.36,0.0,14.41,13.88,14.29,1.0,365910.0
2015-07-24,14.45,14.58,13.87,14.37,399903.0,14.45,0.0,14.58,13.87,14.37,1.0,399903.0
2015-07-23,14.41,14.95,14.3,14.55,608757.0,14.41,0.0,14.95,14.3,14.55,1.0,608757.0
2015-07-22,14.37,14.49,13.63,14.0,807506.0,14.37,0.0,14.49,13.63,14.0,1.0,807506.0
2015-07-21,13.48,14.18,13.4,14.04,326586.0,13.48,0.0,14.18,13.4,14.04,1.0,326586.0
2015-07-20,14.0,14.18,13.8,14.18,180854.0,14.0,0.0,14.18,13.8,14.18,1.0,180854.0
2015-07-17,14.25,14.75,13.95,14.75,209987.0,14.25,0.0,14.75,13.95,14.75,1.0,209987.0
2015-07-16,14.38,14.7,14.13,14.3,169118.0,14.38,0.0,14.7,14.13,14.3,1.0,169118.0
2015-07-15,14.3,15.28,14.01,14.77,742856.0,14.3,0.0,15.28,14.01,14.77,1.0,742856.0
2015-07-14,14.37,14.48,13.8,13.97,346636.0,14.37,0.0,14.48,13.8,13.97,1.0,346636.0
2015-07-13,13.97,14.38,13.8,14.28,445985.0,13.97,0.0,14.38,13.8,14.28,1.0,445985.0
2015-07-10,14.1,14.28,13.45,13.46,709317.0,14.1,0.0,14.28,13.45,13.46,1.0,709317.0
2015-07-09,13.43,13.83,13.1231,13.25,392041.0,13.43,0.0,13.83,13.1231,13.25,1.0,392041.0
2015-07-08,13.03,13.309,12.71,13.23,479375.0,13.03,0.0,13.309,12.71,13.23,1.0,479375.0
2015-07-07,13.42,14.03,13.05,13.91,557569.0,13.42,0.0,14.03,13.05,13.91,1.0,557569.0
2015-07-06,13.91,14.964,13.7,14.5,1079355.0,13.91,0.0,14.964,13.7,14.5,1.0,1079355.0
2015-07-02,14.05,14.43,13.83,14.08,389656.0,14.05,0.0,14.43,13.83,14.08,1.0,389656.0
2015-07-01,13.99,14.37,13.67,13.77,482666.0,13.99,0.0,14.37,13.67,13.77,1.0,482666.0
2015-06-30,13.61,14.15,13.6,13.9,398802.0,13.61,0.0,14.15,13.6,13.9,1.0,398802.0
2015-06-29,13.72,14.48,13.68,14.14,545015.0,13.72,0.0,14.48,13.68,14.14,1.0,545015.0
2015-06-26,14.64,15.0387,14.18,14.89,1708412.0,14.64,0.0,15.0387,14.18,14.89,1.0,1708412.0
2015-06-25,15.04,16.25,14.63,15.8,1130124.0,15.04,0.0,16.25,14.63,15.8,1.0,1130124.0
2015-06-24,15.73,16.4,15.53,16.06,764097.0,15.73,0.0,16.4,15.53,16.06,1.0,764097.0
2015-06-23,16.28,17.5,16.18,17.0,3199239.0,16.28,0.0,17.5,16.18,17.0,1.0,3199239.0
2015-06-22,15.79,16.2,15.11,15.24,965736.0,15.79,0.0,16.2,15.11,15.24,1.0,965736.0
2015-06-19,15.04,15.48,14.8,15.15,469765.0,15.04,0.0,15.48,14.8,15.15,1.0,469765.0
2015-06-18,15.23,16.33,15.0,15.95,1107364.0,15.23,0.0,16.33,15.0,15.95,1.0,1107364.0
2015-06-17,15.67,15.96,14.77,14.77,1360966.0,15.67,0.0,15.96,14.77,14.77,1.0,1360966.0
2015-06-16,14.84,15.55,14.33,15.4,871783.0,14.84,0.0,15.55,14.33,15.4,1.0,871783.0
2015-06-15,15.15,15.58,14.0,14.2,2114825.0,15.15,0.0,15.58,14.0,14.2,1.0,2114825.0
2015-06-12,14.14,14.2,13.77,14.2,258365.0,14.14,0.0,14.2,13.77,14.2,1.0,258365.0
2015-06-11,14.07,14.16,13.59,13.75,303316.0,14.07,0.0,14.16,13.59,13.75,1.0,303316.0
2015-06-10,13.67,14.23,13.6,14.15,503419.0,13.67,0.0,14.23,13.6,14.15,1.0,503419.0
2015-06-09,14.02,14.689,13.8354,14.63,605413.0,14.02,0.0,14.689,13.8354,14.63,1.0,605413.0
2015-06-08,14.31,14.75,14.03,14.05,623081.0,14.31,0.0,14.75,14.03,14.05,1.0,623081.0
2015-06-05,13.97,14.42,13.6,14.29,701556.0,13.97,0.0,14.42,13.6,14.29,1.0,701556.0
2015-06-04,14.26,15.6599,14.1,15.0,1357418.0,14.26,0.0,15.6599,14.1,15.0,1.0,1357418.0
2015-06-03,14.58,14.65,13.5,13.89,750829.0,14.58,0.0,14.65,13.5,13.89,1.0,750829.0
2015-06-02,13.71,14.41,13.55,14.31,561128.0,13.71,0.0,14.41,13.55,14.31,1.0,561128.0
2015-06-01,14.25,15.0,13.18,14.48,741881.0,14.25,0.0,15.0,13.18,14.48,1.0,741881.0
2015-05-29,14.4,15.4,13.95,14.07,1613592.0,14.4,0.0,15.4,13.95,14.07,1.0,1613592.0
2015-05-28,13.89,14.27,12.71,12.84,1197720.0,13.89,0.0,14.27,12.71,12.84,1.0,1197720.0
2015-05-27,12.9,13.3,12.77,13.08,489797.0,12.9,0.0,13.3,12.77,13.08,1.0,489797.0
2015-05-26,12.96,13.48,12.8,12.85,726368.0,12.96,0.0,13.48,12.8,12.85,1.0,726368.0
2015-05-22,12.73,13.08,11.95,12.0,1029145.0,12.73,0.0,13.08,11.95,12.0,1.0,1029145.0
2015-05-21,11.56,11.7,11.28,11.65,262413.0,11.56,0.0,11.7,11.28,11.65,1.0,262413.0
2015-05-20,11.62,11.94,11.6,11.94,193962.0,11.62,0.0,11.94,11.6,11.94,1.0,193962.0
2015-05-19,11.87,12.235,11.57,11.86,322605.0,11.87,0.0,12.235,11.57,11.86,1.0,322605.0
2015-05-18,11.89,12.69,11.75,12.6,373384.0,11.89,0.0,12.69,11.75,12.6,1.0,373384.0
2015-05-15,12.46,12.94,12.12,12.8,629034.0,12.46,0.0,12.94,12.12,12.8,1.0,629034.0
2015-05-14,12.71,13.33,11.28,12.0,1753541.0,12.71,0.0,13.33,11.28,12.0,1.0,1753541.0
2015-05-13,11.63,11.89,11.5,11.58,267779.0,11.63,0.0,11.89,11.5,11.58,1.0,267779.0
2015-05-12,11.62,11.79,11.5,11.74,208805.0,11.62,0.0,11.79,11.5,11.74,1.0,208805.0
2015-05-11,11.8,11.9,11.4,11.8,247796.0,11.8,0.0,11.9,11.4,11.8,1.0,247796.0
2015-05-08,11.8,12.39,11.25,12.17,457415.0,11.8,0.0,12.39,11.25,12.17,1.0,457415.0
2015-05-07,12.12,12.2628,11.81,12.16,123975.0,12.12,0.0,12.2628,11.81,12.16,1.0,123975.0
2015-05-06,11.93,12.5897,11.75,12.42,244691.0,11.93,0.0,12.5897,11.75,12.42,1.0,244691.0
2015-05-05,12.4,12.4,11.86,12.22,178491.0,12.4,0.0,12.4,11.86,12.22,1.0,178491.0
2015-05-04,12.22,12.45,11.72,11.82,306839.0,12.22,0.0,12.45,11.72,11.82,1.0,306839.0
2015-05-01,11.87,12.12,11.67,11.67,193157.0,11.87,0.0,12.12,11.67,11.67,1.0,193157.0
2015-04-30,11.62,11.9199,11.35,11.65,275724.0,11.62,0.0,11.9199,11.35,11.65,1.0,275724.0
2015-04-29,11.62,12.279,11.6,11.99,276452.0,11.62,0.0,12.279,11.6,11.99,1.0,276452.0
2015-04-28,12.06,12.5,11.54,12.4,483409.0,12.06,0.0,12.5,11.54,12.4,1.0,483409.0
2015-04-27,12.4,13.5,12.36,13.37,645063.0,12.4,0.0,13.5,12.36,13.37,1.0,645063.0
2015-04-24,13.35,13.89,13.3,13.78,403613.0,13.35,0.0,13.89,13.3,13.78,1.0,403613.0
2015-04-23,13.7,14.24,13.2,13.3,637981.0,13.7,0.0,14.24,13.2,13.3,1.0,637981.0
2015-04-22,13.26,13.5428,13.15,13.41,196770.0,13.26,0.0,13.5428,13.15,13.41,1.0,196770.0
2015-04-21,13.32,13.75,13.25,13.51,167927.0,13.32,0.0,13.75,13.25,13.51,1.0,167927.0
2015-04-20,13.37,14.21,13.32,13.63,318153.0,13.37,0.0,14.21,13.32,13.63,1.0,318153.0
2015-04-17,13.46,14.15,13.3,14.14,499952.0,13.46,0.0,14.15,13.3,14.14,1.0,499952.0
2015-04-16,14.21,14.65,14.1,14.17,353778.0,14.21,0.0,14.65,14.1,14.17,1.0,353778.0
2015-04-15,14.35,14.9,14.06,14.47,1056239.0,14.35,0.0,14.9,14.06,14.47,1.0,1056239.0
2015-04-14,13.91,14.35,13.031,13.41,956349.0,13.91,0.0,14.35,13.031,13.41,1.0,956349.0
2015-04-13,13.27,13.665,13.1,13.52,277964.0,13.27,0.0,13.665,13.1,13.52,1.0,277964.0
2015-04-10,13.47,14.35,13.1,13.36,749241.0,13.47,0.0,14.35,13.1,13.36,1.0,749241.0
2015-04-09,13.37,13.9852,13.2187,13.77,697506.0,13.37,0.0,13.9852,13.2187,13.77,1.0,697506.0
2015-04-08,14.0,15.6,13.676,14.97,5768921.0,14.0,0.0,15.6,13.676,14.97,1.0,5768921.0
2015-04-07,12.62,12.63,11.68,11.68,603217.0,12.62,0.0,12.63,11.68,11.68,1.0,603217.0
2015-04-06,11.62,12.3,11.53,12.0,377904.0,11.62,0.0,12.3,11.53,12.0,1.0,377904.0
2015-04-02,12.14,12.66,11.9201,12.5,341982.0,12.14,0.0,12.66,11.9201,12.5,1.0,341982.0
2015-04-01,12.49,12.9054,12.4,12.81,250174.0,12.49,0.0,12.9054,12.4,12.81,1.0,250174.0
2015-03-31,12.82,13.06,12.7,13.06,210204.0,12.82,0.0,13.06,12.7,13.06,1.0,210204.0
2015-03-30,13.08,13.45,12.78,13.31,325752.0,13.08,0.0,13.45,12.78,13.31,1.0,325752.0
2015-03-27,13.22,13.32,12.35,12.68,406162.0,13.22,0.0,13.32,12.35,12.68,1.0,406162.0
2015-03-26,12.65,13.117,12.58,12.94,360875.0,12.65,0.0,13.117,12.58,12.94,1.0,360875.0
2015-03-25,13.09,13.65,12.69,13.5,526070.0,13.09,0.0,13.65,12.69,13.5,1.0,526070.0
2015-03-24,13.65,14.43,13.255,13.31,794331.0,13.65,0.0,14.43,13.255,13.31,1.0,794331.0
2015-03-23,13.32,13.94,13.15,13.65,482606.0,13.32,0.0,13.94,13.15,13.65,1.0,482606.0
2015-03-20,13.67,13.9499,13.01,13.66,1138522.0,13.67,0.0,13.9499,13.01,13.66,1.0,1138522.0
2015-03-19,13.56,14.62,13.0001,13.21,1481039.0,13.56,0.0,14.62,13.0001,13.21,1.0,1481039.0
2015-03-18,13.01,13.47,12.84,13.43,588116.0,13.01,0.0,13.47,12.84,13.43,1.0,588116.0
2015-03-17,13.49,13.89,12.61,12.98,943515.0,13.49,0.0,13.89,12.61,12.98,1.0,943515.0
2015-03-16,12.75,14.29,12.67,14.29,1034922.0,12.75,0.0,14.29,12.67,14.29,1.0,1034922.0
2015-03-13,14.28,14.88,13.51,13.73,1240458.0,14.28,0.0,14.88,13.51,13.73,1.0,1240458.0
2015-03-12,13.97,16.41,13.93,15.93,2448031.0,13.97,0.0,16.41,13.93,15.93,1.0,2448031.0
2015-03-11,15.96,17.319,15.9,17.1,1513773.0,15.96,0.0,17.319,15.9,17.1,1.0,1513773.0
2015-03-10,17.23,17.4,15.89,16.38,1476082.0,17.23,0.0,17.4,15.89,16.38,1.0,1476082.0
2015-03-09,16.95,18.3,16.52,18.0,2957822.0,16.95,0.0,18.3,16.52,18.0,1.0,2957822.0
2015-03-06,17.44,18.42,16.33,17.5,4281855.0,17.44,0.0,18.42,16.33,17.5,1.0,4281855.0
2015-03-05,17.07,19.63,16.55,17.44,12816129.0,17.07,0.0,19.63,16.55,17.44,1.0,12816129.0
2015-03-04,14.91,15.44,14.2,14.6,1322153.0,14.91,0.0,15.44,14.2,14.6,1.0,1322153.0
2015-03-03,14.75,15.9,14.57,15.01,1627257.0,14.75,0.0,15.9,14.57,15.01,1.0,1627257.0
2015-03-02,15.04,17.66,14.5,16.0,8752600.0,15.04,0.0,17.66,14.5,16.0,1.0,8752600.0
2015-02-27,16.17,17.3999,12.18,12.35,13127840.0,16.17,0.0,17.3999,12.18,12.35,1.0,13127840.0
2015-02-26,11.8,13.49,11.78,13.05,2912150.0,11.8,0.0,13.49,11.78,13.05,1.0,2912150.0
2015-02-25,13.9,14.75,11.25,11.63,9906264.0,13.9,0.0,14.75,11.25,11.63,1.0,9906264.0
2015-02-24,11.2,11.6399,9.55,10.1,5411520.0,11.2,0.0,11.6399,9.55,10.1,1.0,5411520.0
2015-02-23,8.48,8.95,8.34,8.75,283261.0,8.48,0.0,8.95,8.34,8.75,1.0,283261.0
2015-02-20,8.75,8.92,8.61,8.87,96559.0,8.75,0.0,8.92,8.61,8.87,1.0,96559.0
2015-02-19,8.88,9.0,8.31,8.85,132599.0,8.88,0.0,9.0,8.31,8.85,1.0,132599.0
2015-02-18,8.72,8.83,8.62,8.78,46496.0,8.72,0.0,8.83,8.62,8.78,1.0,46496.0
2015-02-17,8.82,9.0,8.76,8.97,43967.0,8.82,0.0,9.0,8.76,8.97,1.0,43967.0
2015-02-13,8.95,9.2,8.91,9.1,75566.0,8.95,0.0,9.2,8.91,9.1,1.0,75566.0
2015-02-12,9.14,9.25,9.0101,9.25,173343.0,9.14,0.0,9.25,9.0101,9.25,1.0,173343.0
2015-02-11,9.15,9.35,8.97,9.26,111722.0,9.15,0.0,9.35,8.97,9.26,1.0,111722.0
2015-02-10,9.26,9.55,9.1,9.54,106387.0,9.26,0.0,9.55,9.1,9.54,1.0,106387.0
2015-02-09,9.51,10.0,9.5,10.0,56748.0,9.51,0.0,10.0,9.5,10.0,1.0,56748.0
2015-02-06,9.81,9.93,9.4101,9.93,88708.0,9.81,0.0,9.93,9.4101,9.93,1.0,88708.0
2015-02-05,9.81,9.82,9.03,9.08,203191.0,9.81,0.0,9.82,9.03,9.08,1.0,203191.0
2015-02-04,9.1,9.344,9.0,9.1,92294.0,9.1,0.0,9.344,9.0,9.1,1.0,92294.0
2015-02-03,9.01,9.27,8.6,8.72,222841.0,9.01,0.0,9.27,8.6,8.72,1.0,222841.0
2015-02-02,8.43,8.78,8.35,8.78,124212.0,8.43,0.0,8.78,8.35,8.78,1.0,124212.0
2015-01-30,8.78,9.36,8.65,9.23,72642.0,8.78,0.0,9.36,8.65,9.23,1.0,72642.0
2015-01-29,9.28,9.63,8.9899,9.63,86810.0,9.28,0.0,9.63,8.9899,9.63,1.0,86810.0
2015-01-28,9.5,9.688,9.13,9.65,143056.0,9.5,0.0,9.688,9.13,9.65,1.0,143056.0
2015-01-27,9.57,9.71,8.57,8.77,310598.0,9.57,0.0,9.71,8.57,8.77,1.0,310598.0
2015-01-26,8.94,9.07,8.05,8.54,248855.0,8.94,0.0,9.07,8.05,8.54,1.0,248855.0
2015-01-23,8.62,9.17,8.58,9.17,362274.0,8.62,0.0,9.17,8.58,9.17,1.0,362274.0
2015-01-22,9.22,9.59,8.75,9.52,333248.0,9.22,0.0,9.59,8.75,9.52,1.0,333248.0
2015-01-21,9.5,10.345,9.13,10.2,495853.0,9.5,0.0,10.345,9.13,10.2,1.0,495853.0
2015-01-20,10.21,10.5499,10.1901,10.44,91433.0,10.21,0.0,10.5499,10.1901,10.44,1.0,91433.0
2015-01-16,10.43,10.6099,10.25,10.32,128881.0,10.43,0.0,10.6099,10.25,10.32,1.0,128881.0
2015-01-15,10.3,10.95,10.25,10.95,219470.0,10.3,0.0,10.95,10.25,10.95,1.0,219470.0
2015-01-14,10.69,11.04,10.12,10.5,266877.0,10.69,0.0,11.04,10.12,10.5,1.0,266877.0
2015-01-13,10.89,12.18,10.77,11.74,502132.0,10.89,0.0,12.18,10.77,11.74,1.0,502132.0
2015-01-12,11.75,12.65,11.3,12.26,1032318.0,11.75,0.0,12.65,11.3,12.26,1.0,1032318.0
2015-01-09,10.84,11.1399,10.63,11.0,202705.0,10.84,0.0,11.1399,10.63,11.0,1.0,202705.0
2015-01-08,10.96,11.28,10.6601,10.8,260359.0,10.96,0.0,11.28,10.6601,10.8,1.0,260359.0
2015-01-07,10.74,11.75,10.6,11.65,345894.0,10.74,0.0,11.75,10.6,11.65,1.0,345894.0
2015-01-06,11.31,11.4,10.4,10.41,559116.0,11.31,0.0,11.4,10.4,10.41,1.0,559116.0
2015-01-05,10.33,10.65,10.06,10.14,252099.0,10.33,0.0,10.65,10.06,10.14,1.0,252099.0
2015-01-02,10.15,10.57,10.1,10.37,154213.0,10.15,0.0,10.57,10.1,10.37,1.0,154213.0
2014-12-31,10.26,10.946,10.15,10.82,253736.0,10.26,0.0,10.946,10.15,10.82,1.0,253736.0
2014-12-30,10.76,10.9195,10.52,10.52,108564.0,10.76,0.0,10.9195,10.52,10.52,1.0,108564.0
2014-12-29,10.62,11.29,10.56,11.1,178573.0,10.62,0.0,11.29,10.56,11.1,1.0,178573.0
2014-12-26,11.17,11.7499,11.01,11.01,489338.0,11.17,0.0,11.7499,11.01,11.01,1.0,489338.0
2014-12-24,11.01,11.249,10.14,10.14,339552.0,11.01,0.0,11.249,10.14,10.14,1.0,339552.0
2014-12-23,10.15,10.85,10.0,10.61,404390.0,10.15,0.0,10.85,10.0,10.61,1.0,404390.0
2014-12-22,10.6,11.879,10.36,11.08,551638.0,10.6,0.0,11.879,10.36,11.08,1.0,551638.0
2014-12-19,11.19,12.74,11.07,12.59,964000.0,11.19,0.0,12.74,11.07,12.59,1.0,964000.0
2014-12-18,12.58,13.68,11.82,13.56,433077.0,12.58,0.0,13.68,11.82,13.56,1.0,433077.0
2014-12-17,13.21,14.48,13.01,14.25,190603.0,13.21,0.0,14.48,13.01,14.25,1.0,190603.0
2014-12-16,13.76,14.37,13.57,13.75,144059.0,13.76,0.0,14.37,13.57,13.75,1.0,144059.0
2014-12-15,14.11,15.3,13.95,15.14,179086.0,14.11,0.0,15.3,13.95,15.14,1.0,179086.0
2014-12-12,15.24,15.49,14.15,14.21,120700.0,15.24,0.0,15.49,14.15,14.21,1.0,120700.0
2014-12-11,14.53,15.74,14.3,15.28,268024.0,14.53,0.0,15.74,14.3,15.28,1.0,268024.0
2014-12-10,14.94,16.3799,14.6,15.8,458402.0,14.94,0.0,16.3799,14.6,15.8,1.0,458402.0
2014-12-09,15.46,15.91,14.25,14.54,394488.0,15.46,0.0,15.91,14.25,14.54,1.0,394488.0
2014-12-08,14.74,15.59,13.52,14.12,432369.0,14.74,0.0,15.59,13.52,14.12,1.0,432369.0
2014-12-05,14.1,14.45,13.01,14.45,247073.0,14.1,0.0,14.45,13.01,14.45,1.0,247073.0
2014-12-04,14.06,14.8999,13.74,14.45,246493.0,14.06,0.0,14.8999,13.74,14.45,1.0,246493.0
2014-12-03,14.71,16.58,14.6,15.77,536934.0,14.71,0.0,16.58,14.6,15.77,1.0,536934.0
2014-12-02,15.7,15.9,13.5,13.75,997556.0,15.7,0.0,15.9,13.5,13.75,1.0,997556.0
2014-12-01,13.7,15.2,13.5,15.2,589758.0,13.7,0.0,15.2,13.5,15.2,1.0,589758.0
2014-11-28,15.32,17.6399,15.26,17.3,419166.0,15.32,0.0,17.6399,15.26,17.3,1.0,419166.0
2014-11-26,17.3,18.8,16.95,17.98,619853.0,17.3,0.0,18.8,16.95,17.98,1.0,619853.0
2014-11-25,17.91,20.2,17.43,20.2,738184.0,17.91,0.0,20.2,17.43,20.2,1.0,738184.0
2014-11-24,19.55,21.1,19.07,20.42,704483.0,19.55,0.0,21.1,19.07,20.42,1.0,704483.0
2014-11-21,21.14,23.75,19.78,23.75,1349874.0,21.14,0.0,23.75,19.78,23.75,1.0,1349874.0
2014-11-20,23.6,24.02,21.25,22.675,2884033.0,23.6,0.0,24.02,21.25,22.675,1.0,2884033.0
2014-11-19,19.97,22.45,16.2,17.0,4907031.0,19.97,0.0,22.45,16.2,17.0,1.0,4907031.0
