,adj_close,adj_high,adj_low,adj_open,adj_volume,close,ex_dividend,high,low,open,split_ratio,volume
2017-02-10,24.0,24.45,23.6,24.0,293095.0,24.0,0.0,24.45,23.6,24.0,1.0,293095.0
2017-02-09,24.0,24.15,23.3,23.35,417079.0,24.0,0.0,24.15,23.3,23.35,1.0,417079.0
2017-02-08,23.35,23.8,22.7,23.75,464724.0,23.35,0.0,23.8,22.7,23.75,1.0,464724.0
2017-02-07,23.9,24.475,23.7,24.45,324246.0,23.9,0.0,24.475,23.7,24.45,1.0,324246.0
2017-02-06,24.4,24.75,23.75,24.5,555545.0,24.4,0.0,24.75,23.75,24.5,1.0,555545.0
2017-02-03,24.475,24.6,23.0,23.55,546224.0,24.475,0.0,24.6,23.0,23.55,1.0,546224.0
2017-02-02,23.25,23.5,22.2844,22.4,500970.0,23.25,0.0,23.5,22.2844,22.4,1.0,500970.0
2017-02-01,22.65,22.85,22.3,22.7,393182.0,22.65,0.0,22.85,22.3,22.7,1.0,393182.0
2017-01-31,22.65,22.75,21.05,21.85,986552.0,22.65,0.0,22.75,21.05,21.85,1.0,986552.0
2017-01-30,21.8,24.7,21.55,24.5,1421437.0,21.8,0.0,24.7,21.55,24.5,1.0,1421437.0
2017-01-27,23.3,23.6,22.9,23.25,405011.0,23.3,0.0,23.6,22.9,23.25,1.0,405011.0
2017-01-26,23.2,23.85,23.05,23.7,596856.0,23.2,0.0,23.85,23.05,23.7,1.0,596856.0
2017-01-25,23.85,24.275,23.55,24.15,490352.0,23.85,0.0,24.275,23.55,24.15,1.0,490352.0
2017-01-24,23.9,24.35,23.1,24.2,588838.0,23.9,0.0,24.35,23.1,24.2,1.0,588838.0
2017-01-23,24.1,25.65,23.875,25.5,757581.0,24.1,0.0,25.65,23.875,25.5,1.0,757581.0
2017-01-20,25.6,25.7,24.6,24.75,720627.0,25.6,0.0,25.7,24.6,24.75,1.0,720627.0
2017-01-19,24.6,25.05,24.25,24.9,459607.0,24.6,0.0,25.05,24.25,24.9,1.0,459607.0
2017-01-18,24.95,25.3,23.85,24.95,782638.0,24.95,0.0,25.3,23.85,24.95,1.0,782638.0
2017-01-17,23.65,25.4,23.6,25.1,909589.0,23.65,0.0,25.4,23.6,25.1,1.0,909589.0
2017-01-13,25.5,25.65,24.75,24.85,787830.0,25.5,0.0,25.65,24.75,24.85,1.0,787830.0
2017-01-12,24.7,25.25,23.45,23.7,719318.0,24.7,0.0,25.25,23.45,23.7,1.0,719318.0
2017-01-11,23.95,24.25,22.75,23.9,1075171.0,23.95,0.0,24.25,22.75,23.9,1.0,1075171.0
2017-01-10,23.9,23.975,22.8,23.9,381358.0,23.9,0.0,23.975,22.8,23.9,1.0,381358.0
2017-01-09,23.8,23.95,23.25,23.95,440966.0,23.8,0.0,23.95,23.25,23.95,1.0,440966.0
2017-01-06,23.6,23.75,22.778,22.85,467863.0,23.6,0.0,23.75,22.778,22.85,1.0,467863.0
2017-01-05,22.75,23.0,22.05,22.95,416932.0,22.75,0.0,23.0,22.05,22.95,1.0,416932.0
2017-01-04,22.9,23.0,21.35,21.35,584100.0,22.9,0.0,23.0,21.35,21.35,1.0,584100.0
2017-01-03,21.3,22.1,20.95,21.5,410343.0,21.3,0.0,22.1,20.95,21.5,1.0,410343.0
2016-12-30,21.4,22.1,21.2,21.75,289844.0,21.4,0.0,22.1,21.2,21.75,1.0,289844.0
2016-12-29,21.75,21.8,20.85,20.85,402228.0,21.75,0.0,21.8,20.85,20.85,1.0,402228.0
2016-12-28,20.85,20.9,20.25,20.4,387400.0,20.85,0.0,20.9,20.25,20.4,1.0,387400.0
2016-12-27,20.25,21.325,20.25,20.9,288256.0,20.25,0.0,21.325,20.25,20.9,1.0,288256.0
2016-12-23,20.8,20.95,19.55,19.55,259033.0,20.8,0.0,20.95,19.55,19.55,1.0,259033.0
2016-12-22,19.5,20.25,19.25,19.95,301323.0,19.5,0.0,20.25,19.25,19.95,1.0,301323.0
2016-12-21,19.8,20.4,19.6,20.25,315517.0,19.8,0.0,20.4,19.6,20.25,1.0,315517.0
2016-12-20,20.1,20.5,20.05,20.25,293941.0,20.1,0.0,20.5,20.05,20.25,1.0,293941.0
2016-12-19,20.05,21.25,19.9,20.6,311821.0,20.05,0.0,21.25,19.9,20.6,1.0,311821.0
2016-12-16,20.45,21.7,20.25,21.2,596989.0,20.45,0.0,21.7,20.25,21.2,1.0,596989.0
2016-12-15,21.15,21.15,19.95,20.45,371496.0,21.15,0.0,21.15,19.95,20.45,1.0,371496.0
2016-12-14,20.35,20.9999,19.805,20.65,388379.0,20.35,0.0,20.9999,19.805,20.65,1.0,388379.0
2016-12-13,20.65,21.65,20.45,21.45,303416.0,20.65,0.0,21.65,20.45,21.45,1.0,303416.0
2016-12-12,21.2,22.25,21.0,22.05,368059.0,21.2,0.0,22.25,21.0,22.05,1.0,368059.0
2016-12-09,22.35,23.25,22.15,22.7,256327.0,22.35,0.0,23.25,22.15,22.7,1.0,256327.0
2016-12-08,22.55,22.55,21.4,22.05,417544.0,22.55,0.0,22.55,21.4,22.05,1.0,417544.0
2016-12-07,22.3,22.4,21.425,22.2,477920.0,22.3,0.0,22.4,21.425,22.2,1.0,477920.0
2016-12-06,22.65,22.8,22.0,22.3,337520.0,22.65,0.0,22.8,22.0,22.3,1.0,337520.0
2016-12-05,22.25,22.3,21.1,21.55,377370.0,22.25,0.0,22.3,21.1,21.55,1.0,377370.0
2016-12-02,21.25,21.45,20.65,20.75,266073.0,21.25,0.0,21.45,20.65,20.75,1.0,266073.0
2016-12-01,20.55,22.45,20.4,22.25,542910.0,20.55,0.0,22.45,20.4,22.25,1.0,542910.0
2016-11-30,22.15,23.4,22.1,23.15,323716.0,22.15,0.0,23.4,22.1,23.15,1.0,323716.0
2016-11-29,22.9,23.2,22.5,22.8,318912.0,22.9,0.0,23.2,22.5,22.8,1.0,318912.0
2016-11-28,22.6,23.4,22.6,23.4,361538.0,22.6,0.0,23.4,22.6,23.4,1.0,361538.0
2016-11-25,23.4,23.4,22.6,23.2,153177.0,23.4,0.0,23.4,22.6,23.2,1.0,153177.0
2016-11-23,23.0,23.1,20.85,21.1,390143.0,23.0,0.0,23.1,20.85,21.1,1.0,390143.0
2016-11-22,21.9,23.3,21.325,23.25,827749.0,21.9,0.0,23.3,21.325,23.25,1.0,827749.0
2016-11-21,23.05,23.25,22.525,23.25,326360.0,23.05,0.0,23.25,22.525,23.25,1.0,326360.0
2016-11-18,23.1,23.225,22.3,22.65,487496.0,23.1,0.0,23.225,22.3,22.65,1.0,487496.0
2016-11-17,22.5,22.55,21.8,22.05,440926.0,22.5,0.0,22.55,21.8,22.05,1.0,440926.0
2016-11-16,21.9,22.85,21.775,22.45,470841.0,21.9,0.0,22.85,21.775,22.45,1.0,470841.0
2016-11-15,22.8,22.9,21.3,21.6,599726.0,22.8,0.0,22.9,21.3,21.6,1.0,599726.0
2016-11-14,21.7,22.5,21.5375,22.5,1031266.0,21.7,0.0,22.5,21.5375,22.5,1.0,1031266.0
2016-11-11,22.55,22.6,20.5,21.05,905429.0,22.55,0.0,22.6,20.5,21.05,1.0,905429.0
2016-11-10,21.15,21.8,19.75,20.15,1502907.0,21.15,0.0,21.8,19.75,20.15,1.0,1502907.0
2016-11-09,20.0,20.0,17.2,17.5,3232107.0,20.0,0.0,20.0,17.2,17.5,1.0,3232107.0
2016-11-08,15.9,16.5,15.7,16.25,599311.0,15.9,0.0,16.5,15.7,16.25,1.0,599311.0
2016-11-07,16.15,16.65,16.025,16.5,645798.0,16.15,0.0,16.65,16.025,16.5,1.0,645798.0
2016-11-04,16.05,16.675,15.7,15.7,500444.0,16.05,0.0,16.675,15.7,15.7,1.0,500444.0
2016-11-03,15.6,16.65,15.6,16.45,692933.0,15.6,0.0,16.65,15.6,16.45,1.0,692933.0
2016-11-02,16.45,16.9,16.4,16.6,487922.0,16.45,0.0,16.9,16.4,16.6,1.0,487922.0
2016-11-01,16.75,17.1,16.55,16.65,428803.0,16.75,0.0,17.1,16.55,16.65,1.0,428803.0
2016-10-31,16.55,17.15,16.4,16.7,486292.0,16.55,0.0,17.15,16.4,16.7,1.0,486292.0
2016-10-28,16.7,17.1499,16.05,16.3,667535.0,16.7,0.0,17.1499,16.05,16.3,1.0,667535.0
2016-10-27,16.4,17.25,16.325,17.15,361433.0,16.4,0.0,17.25,16.325,17.15,1.0,361433.0
2016-10-26,16.95,17.35,16.557,16.85,436996.0,16.95,0.0,17.35,16.557,16.85,1.0,436996.0
2016-10-25,16.8,17.45,16.7,17.0,369490.0,16.8,0.0,17.45,16.7,17.0,1.0,369490.0
2016-10-24,17.05,17.85,17.0,17.45,395055.0,17.05,0.0,17.85,17.0,17.45,1.0,395055.0
2016-10-21,17.4,17.65,17.3,17.55,492922.0,17.4,0.0,17.65,17.3,17.55,1.0,492922.0
2016-10-20,17.65,18.0612,17.25,17.3,454472.0,17.65,0.0,18.0612,17.25,17.3,1.0,454472.0
2016-10-19,17.35,18.5,17.325,18.05,321453.0,17.35,0.0,18.5,17.325,18.05,1.0,321453.0
2016-10-18,17.95,18.65,17.75,18.2,327767.0,17.95,0.0,18.65,17.75,18.2,1.0,327767.0
2016-10-17,17.75,18.2,17.3,17.75,320954.0,17.75,0.0,18.2,17.3,17.75,1.0,320954.0
2016-10-14,17.7,18.5,17.65,18.4,230130.0,17.7,0.0,18.5,17.65,18.4,1.0,230130.0
2016-10-13,18.15,18.65,17.75,18.05,388615.0,18.15,0.0,18.65,17.75,18.05,1.0,388615.0
2016-10-12,18.15,19.95,18.05,19.6,483461.0,18.15,0.0,19.95,18.05,19.6,1.0,483461.0
2016-10-11,19.55,20.35,19.3001,20.25,277728.0,19.55,0.0,20.35,19.3001,20.25,1.0,277728.0
2016-10-10,20.25,20.8,20.15,20.35,299290.0,20.25,0.0,20.8,20.15,20.35,1.0,299290.0
2016-10-07,20.03,20.27,19.63,20.03,240848.0,20.03,0.0,20.27,19.63,20.03,1.0,240848.0
2016-10-06,20.05,20.85,19.94,20.65,252307.0,20.05,0.0,20.85,19.94,20.65,1.0,252307.0
2016-10-05,20.73,20.9299,20.36,20.92,271802.0,20.73,0.0,20.9299,20.36,20.92,1.0,271802.0
2016-10-04,20.51,21.0999,20.35,20.95,372440.0,20.51,0.0,21.0999,20.35,20.95,1.0,372440.0
2016-10-03,20.8,20.91,20.16,20.59,317448.0,20.8,0.0,20.91,20.16,20.59,1.0,317448.0
2016-09-30,20.7,20.915,20.26,20.64,478564.0,20.7,0.0,20.915,20.26,20.64,1.0,478564.0
2016-09-29,20.42,22.09,20.37,22.09,467317.0,20.42,0.0,22.09,20.37,22.09,1.0,467317.0
2016-09-28,22.05,22.62,21.8901,22.4,300457.0,22.05,0.0,22.62,21.8901,22.4,1.0,300457.0
2016-09-27,22.46,22.53,21.6,21.87,304323.0,22.46,0.0,22.53,21.6,21.87,1.0,304323.0
2016-09-26,21.78,22.12,21.4,21.91,287812.0,21.78,0.0,22.12,21.4,21.91,1.0,287812.0
2016-09-23,22.16,22.37,21.88,22.06,324640.0,22.16,0.0,22.37,21.88,22.06,1.0,324640.0
2016-09-22,22.15,22.1801,21.15,22.12,333520.0,22.15,0.0,22.1801,21.15,22.12,1.0,333520.0
2016-09-21,21.83,21.94,21.02,21.74,394363.0,21.83,0.0,21.94,21.02,21.74,1.0,394363.0
2016-09-20,21.59,22.2,21.26,21.48,620494.0,21.59,0.0,22.2,21.26,21.48,1.0,620494.0
2016-09-19,21.3,21.45,20.1,20.2,561865.0,21.3,0.0,21.45,20.1,20.2,1.0,561865.0
2016-09-16,20.1,20.495,19.81,20.0,767779.0,20.1,0.0,20.495,19.81,20.0,1.0,767779.0
2016-09-15,20.0,20.58,18.95,19.12,615391.0,20.0,0.0,20.58,18.95,19.12,1.0,615391.0
2016-09-14,19.12,19.19,18.55,18.66,287798.0,19.12,0.0,19.19,18.55,18.66,1.0,287798.0
2016-09-13,18.54,18.99,18.19,18.75,287591.0,18.54,0.0,18.99,18.19,18.75,1.0,287591.0
2016-09-12,19.06,19.1,18.2,18.22,392248.0,19.06,0.0,19.1,18.2,18.22,1.0,392248.0
2016-09-09,18.3,19.2,18.28,18.92,552229.0,18.3,0.0,19.2,18.28,18.92,1.0,552229.0
2016-09-08,19.27,19.39,18.79,19.29,263153.0,19.27,0.0,19.39,18.79,19.29,1.0,263153.0
2016-09-07,19.32,19.59,18.91,19.03,370038.0,19.32,0.0,19.59,18.91,19.03,1.0,370038.0
2016-09-06,19.01,19.13,17.94,18.06,438406.0,19.01,0.0,19.13,17.94,18.06,1.0,438406.0
2016-09-02,17.84,17.86,17.19,17.42,294664.0,17.84,0.0,17.86,17.19,17.42,1.0,294664.0
2016-09-01,17.33,17.64,17.04,17.32,220396.0,17.33,0.0,17.64,17.04,17.32,1.0,220396.0
2016-08-31,17.31,17.95,17.27,17.72,284552.0,17.31,0.0,17.95,17.27,17.72,1.0,284552.0
2016-08-30,17.68,17.97,17.46,17.62,232720.0,17.68,0.0,17.97,17.46,17.62,1.0,232720.0
2016-08-29,17.63,18.045,17.44,17.99,229051.0,17.63,0.0,18.045,17.44,17.99,1.0,229051.0
2016-08-26,17.93,18.24,17.47,17.6,288494.0,17.93,0.0,18.24,17.47,17.6,1.0,288494.0
2016-08-25,17.6,18.46,17.13,18.08,491142.0,17.6,0.0,18.46,17.13,18.08,1.0,491142.0
2016-08-24,18.03,19.65,17.745,19.41,377963.0,18.03,0.0,19.65,17.745,19.41,1.0,377963.0
2016-08-23,19.11,19.58,18.86,19.23,286505.0,19.11,0.0,19.58,18.86,19.23,1.0,286505.0
2016-08-22,19.05,19.15,18.43,18.59,398252.0,19.05,0.0,19.15,18.43,18.59,1.0,398252.0
2016-08-19,18.41,18.65,18.115,18.36,244808.0,18.41,0.0,18.65,18.115,18.36,1.0,244808.0
2016-08-18,18.44,18.58,18.16,18.33,245787.0,18.44,0.0,18.58,18.16,18.33,1.0,245787.0
2016-08-17,18.36,18.56,18.19,18.36,262421.0,18.36,0.0,18.56,18.19,18.36,1.0,262421.0
2016-08-16,18.39,19.55,18.38,19.13,300928.0,18.39,0.0,19.55,18.38,19.13,1.0,300928.0
2016-08-15,19.25,19.72,19.13,19.24,422389.0,19.25,0.0,19.72,19.13,19.24,1.0,422389.0
2016-08-12,19.16,19.225,18.26,18.38,236741.0,19.16,0.0,19.225,18.26,18.38,1.0,236741.0
2016-08-11,18.45,18.715,17.95,18.4,448997.0,18.45,0.0,18.715,17.95,18.4,1.0,448997.0
2016-08-10,18.25,19.36,18.14,19.21,430304.0,18.25,0.0,19.36,18.14,19.21,1.0,430304.0
2016-08-09,19.19,19.64,18.76,19.46,627238.0,19.19,0.0,19.64,18.76,19.46,1.0,627238.0
2016-08-08,19.47,19.98,19.22,19.93,246636.0,19.47,0.0,19.98,19.22,19.93,1.0,246636.0
2016-08-05,19.9,20.1,19.61,19.77,301487.0,19.9,0.0,20.1,19.61,19.77,1.0,301487.0
2016-08-04,19.74,20.1925,19.7,19.98,555113.0,19.74,0.0,20.1925,19.7,19.98,1.0,555113.0
2016-08-03,19.96,19.969,18.98,19.09,282694.0,19.96,0.0,19.969,18.98,19.09,1.0,282694.0
2016-08-02,19.17,19.84,18.85,19.69,305875.0,19.17,0.0,19.84,18.85,19.69,1.0,305875.0
2016-08-01,19.73,19.95,19.09,19.23,311642.0,19.73,0.0,19.95,19.09,19.23,1.0,311642.0
2016-07-29,19.13,19.3799,18.29,18.82,326725.0,19.13,0.0,19.3799,18.29,18.82,1.0,326725.0
2016-07-28,18.93,18.95,18.63,18.73,308902.0,18.93,0.0,18.95,18.63,18.73,1.0,308902.0
2016-07-27,18.7,18.71,18.13,18.41,240184.0,18.7,0.0,18.71,18.13,18.41,1.0,240184.0
2016-07-26,18.21,18.64,17.54,17.65,352844.0,18.21,0.0,18.64,17.54,17.65,1.0,352844.0
2016-07-25,17.86,18.0067,17.56,17.58,209299.0,17.86,0.0,18.0067,17.56,17.58,1.0,209299.0
2016-07-22,17.86,18.28,17.73,18.04,266539.0,17.86,0.0,18.28,17.73,18.04,1.0,266539.0
2016-07-21,17.93,18.3,17.67,17.77,348586.0,17.93,0.0,18.3,17.67,17.77,1.0,348586.0
2016-07-20,17.64,17.73,16.98,17.0,304290.0,17.64,0.0,17.73,16.98,17.0,1.0,304290.0
2016-07-19,16.9,17.65,16.8,17.4,253791.0,16.9,0.0,17.65,16.8,17.4,1.0,253791.0
2016-07-18,17.41,17.5,16.96,17.15,198374.0,17.41,0.0,17.5,16.96,17.15,1.0,198374.0
2016-07-15,17.14,17.19,16.63,16.68,361213.0,17.14,0.0,17.19,16.63,16.68,1.0,361213.0
2016-07-14,16.66,17.13,16.63,17.03,517545.0,16.66,0.0,17.13,16.63,17.03,1.0,517545.0
2016-07-13,16.92,18.0408,16.83,17.92,462771.0,16.92,0.0,18.0408,16.83,17.92,1.0,462771.0
2016-07-12,17.75,18.09,17.29,17.5,415078.0,17.75,0.0,18.09,17.29,17.5,1.0,415078.0
2016-07-11,17.23,18.0,17.18,17.87,416245.0,17.23,0.0,18.0,17.18,17.87,1.0,416245.0
2016-07-08,17.76,17.77,17.16,17.47,346838.0,17.76,0.0,17.77,17.16,17.47,1.0,346838.0
2016-07-07,17.13,17.4,16.73,17.27,265318.0,17.13,0.0,17.4,16.73,17.27,1.0,265318.0
2016-07-06,17.05,17.42,16.275,16.43,440637.0,17.05,0.0,17.42,16.275,16.43,1.0,440637.0
2016-07-05,16.44,16.63,16.08,16.54,329272.0,16.44,0.0,16.63,16.08,16.54,1.0,329272.0
2016-07-01,16.73,16.94,16.1375,16.31,325423.0,16.73,0.0,16.94,16.1375,16.31,1.0,325423.0
2016-06-30,16.41,16.72,16.19,16.41,426998.0,16.41,0.0,16.72,16.19,16.41,1.0,426998.0
2016-06-29,16.4,16.43,15.94,16.19,614980.0,16.4,0.0,16.43,15.94,16.19,1.0,614980.0
2016-06-28,15.89,16.29,15.01,15.17,642871.0,15.89,0.0,16.29,15.01,15.17,1.0,642871.0
2016-06-27,14.85,15.4,14.5,15.24,828513.0,14.85,0.0,15.4,14.5,15.24,1.0,828513.0
2016-06-24,15.44,15.92,15.25,15.41,770214.0,15.44,0.0,15.92,15.25,15.41,1.0,770214.0
2016-06-23,16.17,16.19,15.54,15.73,452271.0,16.17,0.0,16.19,15.54,15.73,1.0,452271.0
2016-06-22,15.5,16.65,15.43,15.7,468078.0,15.5,0.0,16.65,15.43,15.7,1.0,468078.0
2016-06-21,15.68,16.06,15.1,16.06,533599.0,15.68,0.0,16.06,15.1,16.06,1.0,533599.0
2016-06-20,15.95,16.435,15.59,15.73,521123.0,15.95,0.0,16.435,15.59,15.73,1.0,521123.0
2016-06-17,15.59,16.47,15.57,16.26,723616.0,15.59,0.0,16.47,15.57,16.26,1.0,723616.0
2016-06-16,16.31,16.4099,15.89,16.33,287200.0,16.31,0.0,16.4099,15.89,16.33,1.0,287200.0
2016-06-15,16.52,16.7699,16.05,16.49,572854.0,16.52,0.0,16.7699,16.05,16.49,1.0,572854.0
2016-06-14,16.62,17.21,16.2,16.75,501445.0,16.62,0.0,17.21,16.2,16.75,1.0,501445.0
2016-06-13,16.8,17.53,16.59,17.41,436605.0,16.8,0.0,17.53,16.59,17.41,1.0,436605.0
2016-06-10,17.59,18.72,17.45,17.96,226748.0,17.59,0.0,18.72,17.45,17.96,1.0,226748.0
2016-06-09,18.39,19.42,18.36,18.89,241110.0,18.39,0.0,19.42,18.36,18.89,1.0,241110.0
2016-06-08,19.05,19.38,18.63,19.03,190386.0,19.05,0.0,19.38,18.63,19.03,1.0,190386.0
2016-06-07,19.01,19.72,18.96,19.72,313772.0,19.01,0.0,19.72,18.96,19.72,1.0,313772.0
2016-06-06,19.75,19.98,18.18,18.8,414123.0,19.75,0.0,19.98,18.18,18.8,1.0,414123.0
2016-06-03,18.69,19.45,18.23,19.45,372700.0,18.69,0.0,19.45,18.23,19.45,1.0,372700.0
2016-06-02,19.48,19.49,18.62,18.78,338095.0,19.48,0.0,19.49,18.62,18.78,1.0,338095.0
2016-06-01,18.89,18.96,18.18,18.68,389280.0,18.89,0.0,18.96,18.18,18.68,1.0,389280.0
2016-05-31,18.66,18.85,18.23,18.45,676390.0,18.66,0.0,18.85,18.23,18.45,1.0,676390.0
2016-05-27,18.43,18.49,18.0,18.39,317318.0,18.43,0.0,18.49,18.0,18.39,1.0,317318.0
2016-05-26,18.39,18.64,18.34,18.6,310308.0,18.39,0.0,18.64,18.34,18.6,1.0,310308.0
2016-05-25,18.52,18.72,17.985,18.22,567702.0,18.52,0.0,18.72,17.985,18.22,1.0,567702.0
2016-05-24,18.2,18.39,17.76,18.22,922986.0,18.2,0.0,18.39,17.76,18.22,1.0,922986.0
2016-05-23,17.98,18.6,17.88,18.19,410655.0,17.98,0.0,18.6,17.88,18.19,1.0,410655.0
2016-05-20,18.04,18.09,17.27,17.6,310199.0,18.04,0.0,18.09,17.27,17.6,1.0,310199.0
2016-05-19,17.5,18.47,17.15,17.94,296964.0,17.5,0.0,18.47,17.15,17.94,1.0,296964.0
2016-05-18,17.95,18.26,17.25,17.25,330564.0,17.95,0.0,18.26,17.25,17.25,1.0,330564.0
2016-05-17,17.35,18.02,17.0,17.56,355966.0,17.35,0.0,18.02,17.0,17.56,1.0,355966.0
2016-05-16,17.6,18.23,17.0,17.53,486161.0,17.6,0.0,18.23,17.0,17.53,1.0,486161.0
2016-05-13,17.49,17.75,17.04,17.04,346741.0,17.49,0.0,17.75,17.04,17.04,1.0,346741.0
2016-05-12,17.11,17.9699,17.02,17.66,496999.0,17.11,0.0,17.9699,17.02,17.66,1.0,496999.0
2016-05-11,17.45,18.52,17.41,17.8,391131.0,17.45,0.0,18.52,17.41,17.8,1.0,391131.0
2016-05-10,17.94,18.2699,17.0,17.0,837950.0,17.94,0.0,18.2699,17.0,17.0,1.0,837950.0
2016-05-09,16.73,16.95,16.0,16.0,588947.0,16.73,0.0,16.95,16.0,16.0,1.0,588947.0
2016-05-06,15.79,16.38,15.21,16.0,627751.0,15.79,0.0,16.38,15.21,16.0,1.0,627751.0
2016-05-05,16.22,17.0199,16.09,16.62,364098.0,16.22,0.0,17.0199,16.09,16.62,1.0,364098.0
2016-05-04,16.55,17.008,16.4,16.98,484265.0,16.55,0.0,17.008,16.4,16.98,1.0,484265.0
2016-05-03,17.15,18.55,17.04,18.24,431819.0,17.15,0.0,18.55,17.04,18.24,1.0,431819.0
2016-05-02,18.37,18.45,17.66,18.18,396286.0,18.37,0.0,18.45,17.66,18.18,1.0,396286.0
2016-04-29,18.0,19.09,17.85,18.79,480688.0,18.0,0.0,19.09,17.85,18.79,1.0,480688.0
2016-04-28,18.77,19.48,18.635,19.36,379524.0,18.77,0.0,19.48,18.635,19.36,1.0,379524.0
2016-04-27,19.21,20.05,19.0,19.82,292555.0,19.21,0.0,20.05,19.0,19.82,1.0,292555.0
2016-04-26,19.78,20.61,19.51,20.61,285630.0,19.78,0.0,20.61,19.51,20.61,1.0,285630.0
2016-04-25,20.45,20.85,20.36,20.7,177188.0,20.45,0.0,20.85,20.36,20.7,1.0,177188.0
2016-04-22,20.65,20.71,19.97,20.49,203974.0,20.65,0.0,20.71,19.97,20.49,1.0,203974.0
2016-04-21,20.395,20.79,19.6,19.6,426905.0,20.395,0.0,20.79,19.6,19.6,1.0,426905.0
2016-04-20,19.65,20.39,19.33,20.18,257450.0,19.65,0.0,20.39,19.33,20.18,1.0,257450.0
2016-04-19,20.11,20.94,19.85,20.88,239471.0,20.11,0.0,20.94,19.85,20.88,1.0,239471.0
2016-04-18,20.76,20.95,20.26,20.26,375814.0,20.76,0.0,20.95,20.26,20.26,1.0,375814.0
2016-04-15,20.42,20.75,20.02,20.37,253135.0,20.42,0.0,20.75,20.02,20.37,1.0,253135.0
2016-04-14,20.36,20.79,20.18,20.42,358212.0,20.36,0.0,20.79,20.18,20.42,1.0,358212.0
2016-04-13,20.55,21.34,20.23,20.81,604527.0,20.55,0.0,21.34,20.23,20.81,1.0,604527.0
2016-04-12,20.54,20.97,19.784,20.5,441260.0,20.54,0.0,20.97,19.784,20.5,1.0,441260.0
2016-04-11,20.3,21.715,20.27,21.42,523666.0,20.3,0.0,21.715,20.27,21.42,1.0,523666.0
2016-04-08,21.26,22.0,20.77,21.83,400893.0,21.26,0.0,22.0,20.77,21.83,1.0,400893.0
2016-04-07,21.31,22.6,21.04,21.88,532565.0,21.31,0.0,22.6,21.04,21.88,1.0,532565.0
2016-04-06,22.15,22.23,20.71,20.88,585593.0,22.15,0.0,22.23,20.71,20.88,1.0,585593.0
2016-04-05,20.79,21.59,20.48,20.87,408259.0,20.79,0.0,21.59,20.48,20.87,1.0,408259.0
2016-04-04,21.0,21.83,20.815,21.0,529826.0,21.0,0.0,21.83,20.815,21.0,1.0,529826.0
2016-04-01,21.33,21.57,20.38,20.88,363576.0,21.33,0.0,21.57,20.38,20.88,1.0,363576.0
2016-03-31,21.29,21.63,20.46,20.61,463878.0,21.29,0.0,21.63,20.46,20.61,1.0,463878.0
2016-03-30,20.62,20.89,19.79,20.0,634459.0,20.62,0.0,20.89,19.79,20.0,1.0,634459.0
2016-03-29,19.91,20.0,18.16,18.7,435199.0,19.91,0.0,20.0,18.16,18.7,1.0,435199.0
2016-03-28,19.02,19.56,18.91,19.34,347870.0,19.02,0.0,19.56,18.91,19.34,1.0,347870.0
2016-03-24,19.21,20.304,18.5,18.57,482869.0,19.21,0.0,20.304,18.5,18.57,1.0,482869.0
2016-03-23,18.82,19.54,18.64,19.13,805443.0,18.82,0.0,19.54,18.64,19.13,1.0,805443.0
2016-03-22,19.12,19.14,18.22,18.36,393440.0,19.12,0.0,19.14,18.22,18.36,1.0,393440.0
2016-03-21,18.58,18.96,17.53,17.57,555991.0,18.58,0.0,18.96,17.53,17.57,1.0,555991.0
2016-03-18,17.63,17.71,16.22,16.59,886580.0,17.63,0.0,17.71,16.22,16.59,1.0,886580.0
2016-03-17,16.48,17.39,15.52,17.11,694662.0,16.48,0.0,17.39,15.52,17.11,1.0,694662.0
2016-03-16,17.08,17.89,16.425,17.56,485951.0,17.08,0.0,17.89,16.425,17.56,1.0,485951.0
2016-03-15,17.43,19.18,17.39,19.05,526968.0,17.43,0.0,19.18,17.39,19.05,1.0,526968.0
2016-03-14,19.48,19.84,18.315,18.56,392424.0,19.48,0.0,19.84,18.315,18.56,1.0,392424.0
2016-03-11,18.6,18.71,17.86,17.96,495760.0,18.6,0.0,18.71,17.86,17.96,1.0,495760.0
2016-03-10,17.83,19.1699,17.43,18.6,269957.0,17.83,0.0,19.1699,17.43,18.6,1.0,269957.0
2016-03-09,18.5,19.0399,17.01,18.57,543986.0,18.5,0.0,19.0399,17.01,18.57,1.0,543986.0
2016-03-08,18.53,20.43,18.45,20.11,432135.0,18.53,0.0,20.43,18.45,20.11,1.0,432135.0
2016-03-07,20.28,21.21,18.91,19.51,588582.0,20.28,0.0,21.21,18.91,19.51,1.0,588582.0
2016-03-04,19.57,20.25,18.45,18.72,575342.0,19.57,0.0,20.25,18.45,18.72,1.0,575342.0
2016-03-03,18.77,18.83,18.04,18.43,409803.0,18.77,0.0,18.83,18.04,18.43,1.0,409803.0
2016-03-02,18.48,18.9885,17.72,17.97,549510.0,18.48,0.0,18.9885,17.72,17.97,1.0,549510.0
2016-03-01,18.0,18.02,15.78,17.57,845345.0,18.0,0.0,18.02,15.78,17.57,1.0,845345.0
2016-02-29,17.33,18.75,17.21,18.61,594753.0,17.33,0.0,18.75,17.21,18.61,1.0,594753.0
2016-02-26,18.19,18.68,17.9,18.33,391125.0,18.19,0.0,18.68,17.9,18.33,1.0,391125.0
2016-02-25,18.26,19.18,18.03,18.87,313011.0,18.26,0.0,19.18,18.03,18.87,1.0,313011.0
2016-02-24,18.51,18.67,17.2101,17.89,467266.0,18.51,0.0,18.67,17.2101,17.89,1.0,467266.0
2016-02-23,17.98,19.59,17.9,19.33,436686.0,17.98,0.0,19.59,17.9,19.33,1.0,436686.0
2016-02-22,19.39,20.49,19.28,19.9,471526.0,19.39,0.0,20.49,19.28,19.9,1.0,471526.0
2016-02-19,19.8,19.9125,18.64,19.54,414410.0,19.8,0.0,19.9125,18.64,19.54,1.0,414410.0
2016-02-18,19.31,20.8,19.24,20.0,458421.0,19.31,0.0,20.8,19.24,20.0,1.0,458421.0
2016-02-17,19.81,20.238,18.75,18.99,632237.0,19.81,0.0,20.238,18.75,18.99,1.0,632237.0
2016-02-16,18.56,19.13,17.92,18.2,795500.0,18.56,0.0,19.13,17.92,18.2,1.0,795500.0
2016-02-12,17.7,17.95,16.61,17.33,550141.0,17.7,0.0,17.95,16.61,17.33,1.0,550141.0
2016-02-11,17.19,17.485,14.96,15.58,1321436.0,17.19,0.0,17.485,14.96,15.58,1.0,1321436.0
2016-02-10,15.08,16.295,15.02,15.46,523651.0,15.08,0.0,16.295,15.02,15.46,1.0,523651.0
2016-02-09,15.33,15.87,14.39,14.86,693244.0,15.33,0.0,15.87,14.39,14.86,1.0,693244.0
2016-02-08,14.76,16.63,14.38,16.54,856332.0,14.76,0.0,16.63,14.38,16.54,1.0,856332.0
2016-02-05,16.64,17.97,16.48,17.36,673140.0,16.64,0.0,17.97,16.48,17.36,1.0,673140.0
2016-02-04,17.54,18.26,17.2,17.94,652958.0,17.54,0.0,18.26,17.2,17.94,1.0,652958.0
2016-02-03,18.36,19.05,17.31,18.6,512030.0,18.36,0.0,19.05,17.31,18.6,1.0,512030.0
2016-02-02,18.48,19.33,18.35,19.2,430500.0,18.48,0.0,19.33,18.35,19.2,1.0,430500.0
2016-02-01,19.46,20.54,19.22,20.17,529391.0,19.46,0.0,20.54,19.22,20.17,1.0,529391.0
2016-01-29,20.28,20.34,18.6447,19.33,567498.0,20.28,0.0,20.34,18.6447,19.33,1.0,567498.0
2016-01-28,18.97,20.63,18.61,20.48,553181.0,18.97,0.0,20.63,18.61,20.48,1.0,553181.0
2016-01-27,19.28,20.77,19.19,20.57,556696.0,19.28,0.0,20.77,19.19,20.57,1.0,556696.0
2016-01-26,20.55,21.4885,20.12,21.25,440978.0,20.55,0.0,21.4885,20.12,21.25,1.0,440978.0
2016-01-25,21.2,21.96,20.765,21.05,506575.0,21.2,0.0,21.96,20.765,21.05,1.0,506575.0
2016-01-22,20.92,21.5487,20.5,21.03,520772.0,20.92,0.0,21.5487,20.5,21.03,1.0,520772.0
2016-01-21,20.45,22.25,20.31,21.96,517347.0,20.45,0.0,22.25,20.31,21.96,1.0,517347.0
2016-01-20,21.52,21.89,19.89,20.96,735918.0,21.52,0.0,21.89,19.89,20.96,1.0,735918.0
2016-01-19,21.42,23.0,20.95,23.0,445663.0,21.42,0.0,23.0,20.95,23.0,1.0,445663.0
2016-01-15,22.53,23.63,22.15,22.9,531915.0,22.53,0.0,23.63,22.15,22.9,1.0,531915.0
2016-01-14,24.0,24.18,22.251,23.42,635404.0,24.0,0.0,24.18,22.251,23.42,1.0,635404.0
2016-01-13,23.32,25.055,23.05,24.95,576810.0,23.32,0.0,25.055,23.05,24.95,1.0,576810.0
2016-01-12,24.74,26.29,23.97,25.43,550587.0,24.74,0.0,26.29,23.97,25.43,1.0,550587.0
2016-01-11,25.08,26.44,24.3737,26.37,400814.0,25.08,0.0,26.44,24.3737,26.37,1.0,400814.0
2016-01-08,26.0,27.47,25.53,27.03,432348.0,26.0,0.0,27.47,25.53,27.03,1.0,432348.0
2016-01-07,27.07,27.16,25.765,26.46,385140.0,27.07,0.0,27.16,25.765,26.46,1.0,385140.0
2016-01-06,27.07,29.84,26.98,29.8,687141.0,27.07,0.0,29.84,26.98,29.8,1.0,687141.0
2016-01-05,30.07,31.9,30.0,30.66,546106.0,30.07,0.0,31.9,30.0,30.66,1.0,546106.0
2016-01-04,30.5,30.6,29.53,29.79,470456.0,30.5,0.0,30.6,29.53,29.79,1.0,470456.0
2015-12-31,30.47,31.48,30.46,31.04,247303.0,30.47,0.0,31.48,30.46,31.04,1.0,247303.0
2015-12-30,31.05,31.25,30.1,31.04,204598.0,31.05,0.0,31.25,30.1,31.04,1.0,204598.0
2015-12-29,31.36,31.48,30.265,30.38,149535.0,31.36,0.0,31.48,30.265,30.38,1.0,149535.0
2015-12-28,30.08,30.83,29.46,30.53,295584.0,30.08,0.0,30.83,29.46,30.53,1.0,295584.0
2015-12-24,30.96,31.44,30.48,30.98,161292.0,30.96,0.0,31.44,30.48,30.98,1.0,161292.0
2015-12-23,31.21,31.2744,29.75,29.96,841718.0,31.21,0.0,31.2744,29.75,29.96,1.0,841718.0
2015-12-22,29.6,30.42,28.93,30.07,334630.0,29.6,0.0,30.42,28.93,30.07,1.0,334630.0
2015-12-21,29.87,30.62,29.16,29.44,268001.0,29.87,0.0,30.62,29.16,29.44,1.0,268001.0
2015-12-18,29.15,30.88,29.12,30.56,2999775.0,29.15,0.0,30.88,29.12,30.56,1.0,2999775.0
2015-12-17,30.63,30.99,29.81,30.78,483561.0,30.63,0.0,30.99,29.81,30.78,1.0,483561.0
2015-12-16,30.78,30.8,29.51,29.62,461381.0,30.78,0.0,30.8,29.51,29.62,1.0,461381.0
2015-12-15,29.47,30.0,28.535,28.95,555328.0,29.47,0.0,30.0,28.535,28.95,1.0,555328.0
2015-12-14,29.09,29.69,28.75,28.85,511572.0,29.09,0.0,29.69,28.75,28.85,1.0,511572.0
2015-12-11,28.87,30.2,28.616,29.93,377512.0,28.87,0.0,30.2,28.616,29.93,1.0,377512.0
2015-12-10,30.65,30.68,28.96,28.96,384249.0,30.65,0.0,30.68,28.96,28.96,1.0,384249.0
2015-12-09,28.87,30.49,28.4,30.37,497076.0,28.87,0.0,30.49,28.4,30.37,1.0,497076.0
2015-12-08,30.73,30.78,29.19,29.3,304157.0,30.73,0.0,30.78,29.19,29.3,1.0,304157.0
2015-12-07,29.54,30.36,29.285,30.25,278004.0,29.54,0.0,30.36,29.285,30.25,1.0,278004.0
2015-12-04,30.37,30.88,29.01,30.07,419334.0,30.37,0.0,30.88,29.01,30.07,1.0,419334.0
2015-12-03,29.85,30.69,29.34,30.43,341143.0,29.85,0.0,30.69,29.34,30.43,1.0,341143.0
2015-12-02,30.2,30.49,29.56,29.8,445478.0,30.2,0.0,30.49,29.56,29.8,1.0,445478.0
2015-12-01,29.88,29.97,28.26,29.95,480348.0,29.88,0.0,29.97,28.26,29.95,1.0,480348.0
2015-11-30,29.74,30.21,28.98,29.3,436914.0,29.74,0.0,30.21,28.98,29.3,1.0,436914.0
2015-11-27,29.72,29.83,28.7,29.3,188666.0,29.72,0.0,29.83,28.7,29.3,1.0,188666.0
2015-11-25,29.52,30.0,29.0101,29.29,450978.0,29.52,0.0,30.0,29.0101,29.29,1.0,450978.0
2015-11-24,29.7,29.77,27.48,28.07,620514.0,29.7,0.0,29.77,27.48,28.07,1.0,620514.0
2015-11-23,28.37,28.49,27.04,27.04,807553.0,28.37,0.0,28.49,27.04,27.04,1.0,807553.0
2015-11-20,27.39,27.68,26.51,27.01,391390.0,27.39,0.0,27.68,26.51,27.01,1.0,391390.0
2015-11-19,26.79,27.67,26.21,27.55,356931.0,26.79,0.0,27.67,26.21,27.55,1.0,356931.0
2015-11-18,27.48,28.0,27.3,27.7,416459.0,27.48,0.0,28.0,27.3,27.7,1.0,416459.0
2015-11-17,27.9,28.09,25.8,26.22,1062268.0,27.9,0.0,28.09,25.8,26.22,1.0,1062268.0
2015-11-16,26.24,26.28,25.41,26.15,505682.0,26.24,0.0,26.28,25.41,26.15,1.0,505682.0
2015-11-13,26.2,26.3,24.96,24.99,649928.0,26.2,0.0,26.3,24.96,24.99,1.0,649928.0
2015-11-12,25.26,26.19,24.62,24.9,261935.0,25.26,0.0,26.19,24.62,24.9,1.0,261935.0
2015-11-11,25.29,26.88,25.0695,26.88,292694.0,25.29,0.0,26.88,25.0695,26.88,1.0,292694.0
2015-11-10,27.04,27.4,25.97,26.23,403817.0,27.04,0.0,27.4,25.97,26.23,1.0,403817.0
2015-11-09,26.45,26.52,24.86,25.0,545379.0,26.45,0.0,26.52,24.86,25.0,1.0,545379.0
2015-11-06,25.45,25.66,23.66,25.25,357158.0,25.45,0.0,25.66,23.66,25.25,1.0,357158.0
2015-11-05,25.55,26.36,25.3,26.36,342412.0,25.55,0.0,26.36,25.3,26.36,1.0,342412.0
2015-11-04,26.77,26.95,25.57,26.5,509260.0,26.77,0.0,26.95,25.57,26.5,1.0,509260.0
2015-11-03,26.76,27.0,22.81,25.0,574303.0,26.76,0.0,27.0,22.81,25.0,1.0,574303.0
2015-11-02,24.89,24.92,22.55,23.36,411356.0,24.89,0.0,24.92,22.55,23.36,1.0,411356.0
2015-10-30,23.31,24.29,22.94,23.62,308075.0,23.31,0.0,24.29,22.94,23.62,1.0,308075.0
2015-10-29,23.64,25.04,23.375,24.92,301256.0,23.64,0.0,25.04,23.375,24.92,1.0,301256.0
2015-10-28,24.77,24.84,22.34,23.13,431912.0,24.77,0.0,24.84,22.34,23.13,1.0,431912.0
2015-10-27,23.1,23.16,22.0,22.0,480874.0,23.1,0.0,23.16,22.0,22.0,1.0,480874.0
2015-10-26,22.06,23.52,21.37,22.27,483519.0,22.06,0.0,23.52,21.37,22.27,1.0,483519.0
2015-10-23,22.34,23.41,21.69,22.4,429704.0,22.34,0.0,23.41,21.69,22.4,1.0,429704.0
2015-10-22,21.69,23.76,21.31,23.45,520311.0,21.69,0.0,23.76,21.31,23.45,1.0,520311.0
2015-10-21,23.43,24.24,22.61,24.04,400462.0,23.43,0.0,24.24,22.61,24.04,1.0,400462.0
2015-10-20,23.87,25.74,23.67,25.61,474634.0,23.87,0.0,25.74,23.67,25.61,1.0,474634.0
2015-10-19,25.47,25.5,21.57,21.86,701837.0,25.47,0.0,25.5,21.57,21.86,1.0,701837.0
2015-10-16,21.87,22.99,21.36,22.42,235152.0,21.87,0.0,22.99,21.36,22.42,1.0,235152.0
2015-10-15,22.32,22.34,20.4,20.5,242933.0,22.32,0.0,22.34,20.4,20.5,1.0,242933.0
2015-10-14,20.71,21.18,20.04,20.58,223071.0,20.71,0.0,21.18,20.04,20.58,1.0,223071.0
2015-10-13,20.53,21.92,20.5,21.2,179842.0,20.53,0.0,21.92,20.5,21.2,1.0,179842.0
2015-10-12,21.38,21.97,21.17,21.93,144626.0,21.38,0.0,21.97,21.17,21.93,1.0,144626.0
2015-10-09,21.77,22.22,21.16,21.63,126740.0,21.77,0.0,22.22,21.16,21.63,1.0,126740.0
2015-10-08,21.55,21.78,20.59,21.78,268706.0,21.55,0.0,21.78,20.59,21.78,1.0,268706.0
2015-10-07,21.77,21.8,20.815,21.39,436635.0,21.77,0.0,21.8,20.815,21.39,1.0,436635.0
2015-10-06,21.39,23.0,20.62,22.55,445426.0,21.39,0.0,23.0,20.62,22.55,1.0,445426.0
2015-10-05,22.58,22.9699,21.95,22.95,346917.0,22.58,0.0,22.9699,21.95,22.95,1.0,346917.0
2015-10-02,22.5,22.58,20.5062,20.91,230893.0,22.5,0.0,22.58,20.5062,20.91,1.0,230893.0
2015-10-01,21.63,21.87,21.01,21.8,670441.0,21.63,0.0,21.87,21.01,21.8,1.0,670441.0
2015-09-30,21.92,22.53,21.03,22.07,538240.0,21.92,0.0,22.53,21.03,22.07,1.0,538240.0
2015-09-29,21.66,23.5,21.33,22.83,644739.0,21.66,0.0,23.5,21.33,22.83,1.0,644739.0
2015-09-28,22.89,24.73,22.66,24.73,770306.0,22.89,0.0,24.73,22.66,24.73,1.0,770306.0
2015-09-25,24.68,27.99,24.51,27.07,498743.0,24.68,0.0,27.99,24.51,27.07,1.0,498743.0
2015-09-24,26.6,27.64,25.63,27.64,372930.0,26.6,0.0,27.64,25.63,27.64,1.0,372930.0
2015-09-23,27.95,28.49,27.15,27.66,349865.0,27.95,0.0,28.49,27.15,27.66,1.0,349865.0
2015-09-22,27.69,28.2498,27.137,27.38,516293.0,27.69,0.0,28.2498,27.137,27.38,1.0,516293.0
2015-09-21,27.86,29.97,27.69,29.82,689056.0,27.86,0.0,29.97,27.69,29.82,1.0,689056.0
2015-09-18,29.76,29.86,28.75,28.97,1946156.0,29.76,0.0,29.86,28.75,28.97,1.0,1946156.0
2015-09-17,29.31,29.635,28.04,28.1,493931.0,29.31,0.0,29.635,28.04,28.1,1.0,493931.0
2015-09-16,27.96,28.39,27.03,28.06,377640.0,27.96,0.0,28.39,27.03,28.06,1.0,377640.0
2015-09-15,28.24,29.0,27.75,27.95,501529.0,28.24,0.0,29.0,27.75,27.95,1.0,501529.0
2015-09-14,28.03,28.5,27.34,27.93,500648.0,28.03,0.0,28.5,27.34,27.93,1.0,500648.0
2015-09-11,27.7,29.88,27.07,27.7,1107283.0,27.7,0.0,29.88,27.07,27.7,1.0,1107283.0
2015-09-10,28.0,28.23,25.73,26.0,855481.0,28.0,0.0,28.23,25.73,26.0,1.0,855481.0
2015-09-09,26.13,26.5,24.78,25.9,542486.0,26.13,0.0,26.5,24.78,25.9,1.0,542486.0
2015-09-08,26.24,26.5,23.36,23.66,972517.0,26.24,0.0,26.5,23.36,23.66,1.0,972517.0
2015-09-04,23.17,23.33,22.16,22.34,215442.0,23.17,0.0,23.33,22.16,22.34,1.0,215442.0
2015-09-03,22.63,23.75,22.5,23.39,332490.0,22.63,0.0,23.75,22.5,23.39,1.0,332490.0
2015-09-02,23.54,23.54,22.67,23.2,338670.0,23.54,0.0,23.54,22.67,23.2,1.0,338670.0
2015-09-01,22.84,23.94,22.62,23.84,316459.0,22.84,0.0,23.94,22.62,23.84,1.0,316459.0
2015-08-31,24.5,24.71,23.65,24.65,614639.0,24.5,0.0,24.71,23.65,24.65,1.0,614639.0
2015-08-28,24.58,24.62,23.69,23.69,280776.0,24.58,0.0,24.62,23.69,23.69,1.0,280776.0
2015-08-27,23.84,24.01,22.881,23.14,256934.0,23.84,0.0,24.01,22.881,23.14,1.0,256934.0
2015-08-26,23.04,23.47,22.0501,23.2,348865.0,23.04,0.0,23.47,22.0501,23.2,1.0,348865.0
2015-08-25,22.64,23.0,22.22,22.79,349690.0,22.64,0.0,23.0,22.22,22.79,1.0,349690.0
2015-08-24,21.8,23.5,20.02,20.88,646953.0,21.8,0.0,23.5,20.02,20.88,1.0,646953.0
2015-08-21,22.96,23.85,22.39,23.28,541538.0,22.96,0.0,23.85,22.39,23.28,1.0,541538.0
2015-08-20,23.85,25.18,23.78,24.65,460162.0,23.85,0.0,25.18,23.78,24.65,1.0,460162.0
2015-08-19,24.88,25.6299,24.25,24.35,292932.0,24.88,0.0,25.6299,24.25,24.35,1.0,292932.0
2015-08-18,24.77,25.32,24.0301,24.91,571842.0,24.77,0.0,25.32,24.0301,24.91,1.0,571842.0
2015-08-17,25.51,25.98,24.67,25.98,693683.0,25.51,0.0,25.98,24.67,25.98,1.0,693683.0
2015-08-14,25.9,25.94,22.0,22.28,1552299.0,25.9,0.0,25.94,22.0,22.28,1.0,1552299.0
2015-08-13,22.18,23.0,22.02,23.0,306087.0,22.18,0.0,23.0,22.02,23.0,1.0,306087.0
2015-08-12,22.38,22.43,21.36,21.89,263731.0,22.38,0.0,22.43,21.36,21.89,1.0,263731.0
2015-08-11,21.98,22.89,21.87,22.61,225507.0,21.98,0.0,22.89,21.87,22.61,1.0,225507.0
2015-08-10,22.6,22.998,22.475,22.63,239739.0,22.6,0.0,22.998,22.475,22.63,1.0,239739.0
2015-08-07,22.18,22.63,21.83,21.97,280798.0,22.18,0.0,22.63,21.83,21.97,1.0,280798.0
2015-08-06,22.09,24.3,21.94,23.78,580293.0,22.09,0.0,24.3,21.94,23.78,1.0,580293.0
2015-08-05,23.61,24.03,23.585,23.99,253425.0,23.61,0.0,24.03,23.585,23.99,1.0,253425.0
2015-08-04,23.8,24.19,23.13,23.24,429552.0,23.8,0.0,24.19,23.13,23.24,1.0,429552.0
2015-08-03,23.11,23.6,22.93,23.25,327322.0,23.11,0.0,23.6,22.93,23.25,1.0,327322.0
2015-07-31,23.25,24.07,22.84,22.88,346120.0,23.25,0.0,24.07,22.84,22.88,1.0,346120.0
2015-07-30,22.92,23.02,22.21,22.5,516837.0,22.92,0.0,23.02,22.21,22.5,1.0,516837.0
2015-07-29,22.58,23.83,22.57,23.81,449179.0,22.58,0.0,23.83,22.57,23.81,1.0,449179.0
2015-07-28,23.3,24.32,22.92,24.0,367624.0,23.3,0.0,24.32,22.92,24.0,1.0,367624.0
2015-07-27,24.04,24.35,23.4,23.85,218535.0,24.04,0.0,24.35,23.4,23.85,1.0,218535.0
2015-07-24,24.09,25.025,23.9,24.6,315493.0,24.09,0.0,25.025,23.9,24.6,1.0,315493.0
2015-07-23,24.71,25.1,24.37,24.99,331414.0,24.71,0.0,25.1,24.37,24.99,1.0,331414.0
2015-07-22,24.46,25.0,24.29,24.94,310551.0,24.46,0.0,25.0,24.29,24.94,1.0,310551.0
2015-07-21,24.67,25.46,24.47,25.0,460431.0,24.67,0.0,25.46,24.47,25.0,1.0,460431.0
2015-07-20,24.74,25.0932,23.4,23.87,716377.0,24.74,0.0,25.0932,23.4,23.87,1.0,716377.0
2015-07-17,23.21,23.77,22.91,23.68,282644.0,23.21,0.0,23.77,22.91,23.68,1.0,282644.0
2015-07-16,23.6,23.89,23.5,23.71,294561.0,23.6,0.0,23.89,23.5,23.71,1.0,294561.0
2015-07-15,23.39,23.89,23.07,23.48,362648.0,23.39,0.0,23.89,23.07,23.48,1.0,362648.0
2015-07-14,23.25,23.42,22.7,22.7,292018.0,23.25,0.0,23.42,22.7,22.7,1.0,292018.0
2015-07-13,22.72,23.55,22.61,22.9,429712.0,22.72,0.0,23.55,22.61,22.9,1.0,429712.0
2015-07-10,22.82,22.89,22.0,22.39,255253.0,22.82,0.0,22.89,22.0,22.39,1.0,255253.0
2015-07-09,22.24,22.9,21.86,22.27,299734.0,22.24,0.0,22.9,21.86,22.27,1.0,299734.0
2015-07-08,21.93,22.57,21.56,22.57,261968.0,21.93,0.0,22.57,21.56,22.57,1.0,261968.0
2015-07-07,22.87,23.1002,22.18,22.92,284393.0,22.87,0.0,23.1002,22.18,22.92,1.0,284393.0
2015-07-06,22.85,23.12,21.73,22.86,583286.0,22.85,0.0,23.12,21.73,22.86,1.0,583286.0
2015-07-02,23.02,23.39,22.77,23.3,330363.0,23.02,0.0,23.39,22.77,23.3,1.0,330363.0
2015-07-01,23.23,23.7499,22.93,23.67,369351.0,23.23,0.0,23.7499,22.93,23.67,1.0,369351.0
2015-06-30,23.5,23.99,23.08,23.19,510277.0,23.5,0.0,23.99,23.08,23.19,1.0,510277.0
2015-06-29,23.05,24.0,21.156,24.0,1828211.0,23.05,0.0,24.0,21.156,24.0,1.0,1828211.0
2015-06-26,24.39,24.5,23.21,23.44,6041770.0,24.39,0.0,24.5,23.21,23.44,1.0,6041770.0
2015-06-25,23.53,24.05,23.12,23.94,966572.0,23.53,0.0,24.05,23.12,23.94,1.0,966572.0
2015-06-24,23.81,24.17,22.75,23.09,813066.0,23.81,0.0,24.17,22.75,23.09,1.0,813066.0
2015-06-23,23.08,24.56,22.855,23.11,1654658.0,23.08,0.0,24.56,22.855,23.11,1.0,1654658.0
2015-06-22,23.16,23.2,21.9,21.97,1212488.0,23.16,0.0,23.2,21.9,21.97,1.0,1212488.0
2015-06-19,21.72,21.84,20.08,20.12,2785444.0,21.72,0.0,21.84,20.08,20.12,1.0,2785444.0
2015-06-18,20.03,20.24,19.38,19.5,1391736.0,20.03,0.0,20.24,19.38,19.5,1.0,1391736.0
2015-06-17,19.2,19.37,18.5005,18.52,925720.0,19.2,0.0,19.37,18.5005,18.52,1.0,925720.0
2015-06-16,18.44,18.95,18.32,18.71,613159.0,18.44,0.0,18.95,18.32,18.71,1.0,613159.0
2015-06-15,18.79,19.15,18.75,19.0,916945.0,18.79,0.0,19.15,18.75,19.0,1.0,916945.0
2015-06-12,18.82,19.53,18.81,19.3,532115.0,18.82,0.0,19.53,18.81,19.3,1.0,532115.0
2015-06-11,19.49,19.51,18.75,19.09,751194.0,19.49,0.0,19.51,18.75,19.09,1.0,751194.0
2015-06-10,19.09,19.82,18.05,19.34,1347326.0,19.09,0.0,19.82,18.05,19.34,1.0,1347326.0
2015-06-09,19.4,20.65,18.66,20.65,1706525.0,19.4,0.0,20.65,18.66,20.65,1.0,1706525.0
2015-06-08,20.59,20.92,18.09,18.26,1433374.0,20.59,0.0,20.92,18.09,18.26,1.0,1433374.0
2015-06-05,18.31,18.4,17.7,17.95,436216.0,18.31,0.0,18.4,17.7,17.95,1.0,436216.0
2015-06-04,17.98,18.5,17.77,18.49,482003.0,17.98,0.0,18.5,17.77,18.49,1.0,482003.0
2015-06-03,18.34,18.47,17.19,17.39,740767.0,18.34,0.0,18.47,17.19,17.39,1.0,740767.0
2015-06-02,17.36,17.6,16.95,17.5,949601.0,17.36,0.0,17.6,16.95,17.5,1.0,949601.0
2015-06-01,17.5,18.41,17.38,18.27,583085.0,17.5,0.0,18.41,17.38,18.27,1.0,583085.0
2015-05-29,18.21,18.67,18.21,18.5,1092403.0,18.21,0.0,18.67,18.21,18.5,1.0,1092403.0
2015-05-28,18.61,18.8375,17.9,18.5,1156244.0,18.61,0.0,18.8375,17.9,18.5,1.0,1156244.0
2015-05-27,18.66,18.7,17.645,17.74,1080254.0,18.66,0.0,18.7,17.645,17.74,1.0,1080254.0
2015-05-26,17.63,18.2,17.25,17.88,860932.0,17.63,0.0,18.2,17.25,17.88,1.0,860932.0
2015-05-22,18.0,18.35,17.2,17.5,1194826.0,18.0,0.0,18.35,17.2,17.5,1.0,1194826.0
2015-05-21,17.55,18.41,17.04,18.0,1139694.0,17.55,0.0,18.41,17.04,18.0,1.0,1139694.0
2015-05-20,18.0,18.659,17.11,18.36,1211404.0,18.0,0.0,18.659,17.11,18.36,1.0,1211404.0
2015-05-19,18.44,20.0,18.26,20.0,1505281.0,18.44,0.0,20.0,18.26,20.0,1.0,1505281.0
2015-05-18,19.9,20.45,19.55,20.17,674722.0,19.9,0.0,20.45,19.55,20.17,1.0,674722.0
2015-05-15,20.38,21.83,20.17,21.39,913381.0,20.38,0.0,21.83,20.17,21.39,1.0,913381.0
2015-05-14,21.39,23.0,20.78,22.66,1289862.0,21.39,0.0,23.0,20.78,22.66,1.0,1289862.0
2015-05-13,23.6,24.1699,23.5,23.62,539908.0,23.6,0.0,24.1699,23.5,23.62,1.0,539908.0
2015-05-12,23.81,24.5,23.67,24.5,112766.0,23.81,0.0,24.5,23.67,24.5,1.0,112766.0
2015-05-11,24.61,24.77,23.78,24.0,107907.0,24.61,0.0,24.77,23.78,24.0,1.0,107907.0
2015-05-08,23.99,24.48,23.82,24.2,169031.0,23.99,0.0,24.48,23.82,24.2,1.0,169031.0
2015-05-07,23.86,24.62,23.5,23.5,112334.0,23.86,0.0,24.62,23.5,23.5,1.0,112334.0
2015-05-06,23.44,24.26,23.25,23.6,93021.0,23.44,0.0,24.26,23.25,23.6,1.0,93021.0
2015-05-05,23.56,24.08,23.28,23.82,74075.0,23.56,0.0,24.08,23.28,23.82,1.0,74075.0
2015-05-04,23.94,24.76,23.88,23.88,114281.0,23.94,0.0,24.76,23.88,23.88,1.0,114281.0
2015-05-01,23.77,24.1021,23.28,23.28,72189.0,23.77,0.0,24.1021,23.28,23.28,1.0,72189.0
2015-04-30,23.25,24.97,23.0,24.55,150315.0,23.25,0.0,24.97,23.0,24.55,1.0,150315.0
2015-04-29,24.59,25.67,24.51,24.86,92524.0,24.59,0.0,25.67,24.51,24.86,1.0,92524.0
2015-04-28,25.04,26.89,24.7,26.1,152211.0,25.04,0.0,26.89,24.7,26.1,1.0,152211.0
2015-04-27,26.0,27.75,25.73,27.04,95437.0,26.0,0.0,27.75,25.73,27.04,1.0,95437.0
2015-04-24,26.91,27.48,26.51,27.25,68513.0,26.91,0.0,27.48,26.51,27.25,1.0,68513.0
2015-04-23,27.42,27.5,25.95,26.7,206745.0,27.42,0.0,27.5,25.95,26.7,1.0,206745.0
2015-04-22,26.46,27.89,26.41,27.89,182246.0,26.46,0.0,27.89,26.41,27.89,1.0,182246.0
2015-04-21,27.83,28.52,27.535,28.52,126290.0,27.83,0.0,28.52,27.535,28.52,1.0,126290.0
2015-04-20,28.42,28.8,28.15,28.8,60914.0,28.42,0.0,28.8,28.15,28.8,1.0,60914.0
2015-04-17,28.72,29.47,28.55,29.47,74658.0,28.72,0.0,29.47,28.55,29.47,1.0,74658.0
2015-04-16,29.46,29.78,29.315,29.46,33112.0,29.46,0.0,29.78,29.315,29.46,1.0,33112.0
2015-04-15,29.42,29.74,29.09,29.5,99604.0,29.42,0.0,29.74,29.09,29.5,1.0,99604.0
2015-04-14,29.25,30.27,29.05,29.65,68988.0,29.25,0.0,30.27,29.05,29.65,1.0,68988.0
2015-04-13,29.72,31.99,29.5,29.9,185456.0,29.72,0.0,31.99,29.5,29.9,1.0,185456.0
2015-04-10,29.9,30.11,29.64,29.9,55890.0,29.9,0.0,30.11,29.64,29.9,1.0,55890.0
2015-04-09,29.84,30.47,29.55,30.07,62163.0,29.84,0.0,30.47,29.55,30.07,1.0,62163.0
2015-04-08,30.15,30.94,29.96,30.03,65061.0,30.15,0.0,30.94,29.96,30.03,1.0,65061.0
2015-04-07,29.99,31.22,29.96,31.13,96303.0,29.99,0.0,31.22,29.96,31.13,1.0,96303.0
2015-04-06,30.99,31.67,30.53,30.53,123448.0,30.99,0.0,31.67,30.53,30.53,1.0,123448.0
2015-04-02,30.78,31.34,30.5,30.69,101744.0,30.78,0.0,31.34,30.5,30.69,1.0,101744.0
2015-04-01,30.54,31.885,30.3771,31.4,177307.0,30.54,0.0,31.885,30.3771,31.4,1.0,177307.0
2015-03-31,31.38,32.56,31.29,31.53,141679.0,31.38,0.0,32.56,31.29,31.53,1.0,141679.0
2015-03-30,31.59,31.7,30.1,30.1,97081.0,31.59,0.0,31.7,30.1,30.1,1.0,97081.0
2015-03-27,29.85,30.74,29.2,29.51,141055.0,29.85,0.0,30.74,29.2,29.51,1.0,141055.0
2015-03-26,29.51,30.01,29.25,30.01,262508.0,29.51,0.0,30.01,29.25,30.01,1.0,262508.0
2015-03-25,29.8,30.86,29.11,30.8249,361721.0,29.8,0.0,30.86,29.11,30.8249,1.0,361721.0
2015-03-24,30.65,31.69,30.0,30.0,75519.0,30.65,0.0,31.69,30.0,30.0,1.0,75519.0
2015-03-23,30.12,30.79,29.84,30.79,115763.0,30.12,0.0,30.79,29.84,30.79,1.0,115763.0
2015-03-20,30.93,32.73,29.44,29.44,675960.0,30.93,0.0,32.73,29.44,29.44,1.0,675960.0
2015-03-19,29.41,29.81,29.03,29.08,150446.0,29.41,0.0,29.81,29.03,29.08,1.0,150446.0
2015-03-18,29.07,29.95,28.26,29.85,110282.0,29.07,0.0,29.95,28.26,29.85,1.0,110282.0
2015-03-17,29.81,29.95,29.08,29.18,64755.0,29.81,0.0,29.95,29.08,29.18,1.0,64755.0
2015-03-16,29.18,29.28,28.17,28.2,110333.0,29.18,0.0,29.28,28.17,28.2,1.0,110333.0
2015-03-13,28.13,29.31,28.0,28.71,100459.0,28.13,0.0,29.31,28.0,28.71,1.0,100459.0
2015-03-12,28.8,29.14,28.51,28.86,83346.0,28.8,0.0,29.14,28.51,28.86,1.0,83346.0
2015-03-11,28.74,29.05,28.3,28.52,101556.0,28.74,0.0,29.05,28.3,28.52,1.0,101556.0
2015-03-10,28.4,29.75,28.12,29.42,202325.0,28.4,0.0,29.75,28.12,29.42,1.0,202325.0
2015-03-09,29.56,30.56,29.25,30.0,129864.0,29.56,0.0,30.56,29.25,30.0,1.0,129864.0
2015-03-06,29.82,30.755,29.7,30.34,87809.0,29.82,0.0,30.755,29.7,30.34,1.0,87809.0
2015-03-05,30.43,31.0,29.7,29.7,75134.0,30.43,0.0,31.0,29.7,29.7,1.0,75134.0
2015-03-04,29.66,30.36,29.38,30.32,116961.0,29.66,0.0,30.36,29.38,30.32,1.0,116961.0
2015-03-03,30.35,32.79,30.28,32.13,208881.0,30.35,0.0,32.79,30.28,32.13,1.0,208881.0
2015-03-02,32.09,32.26,31.2,31.89,107628.0,32.09,0.0,32.26,31.2,31.89,1.0,107628.0
2015-02-27,31.82,32.78,30.87,30.9,188858.0,31.82,0.0,32.78,30.87,30.9,1.0,188858.0
2015-02-26,31.01,31.83,30.74,31.29,115440.0,31.01,0.0,31.83,30.74,31.29,1.0,115440.0
2015-02-25,31.21,31.82,30.25,30.84,124465.0,31.21,0.0,31.82,30.25,30.84,1.0,124465.0
2015-02-24,30.75,32.76,30.0,30.84,122941.0,30.75,0.0,32.76,30.0,30.84,1.0,122941.0
2015-02-23,30.74,31.0,29.9,30.04,57771.0,30.74,0.0,31.0,29.9,30.04,1.0,57771.0
2015-02-20,30.16,30.44,29.5,30.29,65592.0,30.16,0.0,30.44,29.5,30.29,1.0,65592.0
2015-02-19,30.2,31.4899,30.04,31.15,31019.0,30.2,0.0,31.4899,30.04,31.15,1.0,31019.0
2015-02-18,31.11,31.8,30.22,31.0605,57157.0,31.11,0.0,31.8,30.22,31.0605,1.0,57157.0
2015-02-17,30.83,31.69,30.09,30.09,64802.0,30.83,0.0,31.69,30.09,30.09,1.0,64802.0
2015-02-13,30.25,31.4,29.87,29.87,87917.0,30.25,0.0,31.4,29.87,29.87,1.0,87917.0
2015-02-12,29.75,30.6,29.4,29.4,84763.0,29.75,0.0,30.6,29.4,29.4,1.0,84763.0
2015-02-11,29.4,31.71,29.33,31.05,154871.0,29.4,0.0,31.71,29.33,31.05,1.0,154871.0
2015-02-10,31.01,32.02,31.0,31.71,96745.0,31.01,0.0,32.02,31.0,31.71,1.0,96745.0
2015-02-09,31.32,32.2,31.2,31.38,34736.0,31.32,0.0,32.2,31.2,31.38,1.0,34736.0
2015-02-06,31.39,32.36,31.25,31.9,94578.0,31.39,0.0,32.36,31.25,31.9,1.0,94578.0
2015-02-05,31.75,32.35,31.08,31.08,89405.0,31.75,0.0,32.35,31.08,31.08,1.0,89405.0
2015-02-04,30.85,32.207,29.93,30.26,119930.0,30.85,0.0,32.207,29.93,30.26,1.0,119930.0
2015-02-03,30.29,30.64,29.7575,30.19,59735.0,30.29,0.0,30.64,29.7575,30.19,1.0,59735.0
2015-02-02,30.16,31.2,29.56,29.56,92018.0,30.16,0.0,31.2,29.56,29.56,1.0,92018.0
2015-01-30,29.53,30.61,29.4,30.04,43101.0,29.53,0.0,30.61,29.4,30.04,1.0,43101.0
2015-01-29,30.23,31.49,29.1,30.93,114680.0,30.23,0.0,31.49,29.1,30.93,1.0,114680.0
2015-01-28,31.03,31.99,30.71,31.7,101873.0,31.03,0.0,31.99,30.71,31.7,1.0,101873.0
2015-01-27,31.7,32.83,29.69,29.8,100998.0,31.7,0.0,32.83,29.69,29.8,1.0,100998.0
2015-01-26,29.92,30.62,29.376,29.46,55640.0,29.92,0.0,30.62,29.376,29.46,1.0,55640.0
2015-01-23,29.38,31.2699,28.8,29.88,88143.0,29.38,0.0,31.2699,28.8,29.88,1.0,88143.0
2015-01-22,29.81,32.21,29.06,31.93,314634.0,29.81,0.0,32.21,29.06,31.93,1.0,314634.0
2015-01-21,31.82,34.4,31.36,33.79,142230.0,31.82,0.0,34.4,31.36,33.79,1.0,142230.0
2015-01-20,34.0,34.48,32.36,34.48,81380.0,34.0,0.0,34.48,32.36,34.48,1.0,81380.0
2015-01-16,34.48,34.88,33.12,33.44,93004.0,34.48,0.0,34.88,33.12,33.44,1.0,93004.0
2015-01-15,33.58,35.5,33.282,34.9,61750.0,33.58,0.0,35.5,33.282,34.9,1.0,61750.0
2015-01-14,34.82,35.99,33.1,33.48,152405.0,34.82,0.0,35.99,33.1,33.48,1.0,152405.0
2015-01-13,33.73,36.9,33.31,35.19,160030.0,33.73,0.0,36.9,33.31,35.19,1.0,160030.0
2015-01-12,35.01,36.74,33.75,34.08,133799.0,35.01,0.0,36.74,33.75,34.08,1.0,133799.0
2015-01-09,33.9,34.52,32.01,34.52,180783.0,33.9,0.0,34.52,32.01,34.52,1.0,180783.0
2015-01-08,35.22,37.0,33.67,36.41,154427.0,35.22,0.0,37.0,33.67,36.41,1.0,154427.0
2015-01-07,36.23,37.0,33.41,34.97,275480.0,36.23,0.0,37.0,33.41,34.97,1.0,275480.0
2015-01-06,35.06,40.59,33.0,34.0,1072857.0,35.06,0.0,40.59,33.0,34.0,1.0,1072857.0
2015-01-05,33.79,34.24,27.34,27.54,344378.0,33.79,0.0,34.24,27.34,27.54,1.0,344378.0
2015-01-02,27.48,27.8999,27.06,27.44,97476.0,27.48,0.0,27.8999,27.06,27.44,1.0,97476.0
2014-12-31,27.34,27.61,27.02,27.16,37331.0,27.34,0.0,27.61,27.02,27.16,1.0,37331.0
2014-12-30,27.21,28.0,27.02,27.5,50159.0,27.21,0.0,28.0,27.02,27.5,1.0,50159.0
2014-12-29,27.5,27.72,27.27,27.39,85183.0,27.5,0.0,27.72,27.27,27.39,1.0,85183.0
2014-12-26,27.3,27.6,27.099,27.51,48615.0,27.3,0.0,27.6,27.099,27.51,1.0,48615.0
2014-12-24,27.5,28.72,26.9308,27.22,97531.0,27.5,0.0,28.72,26.9308,27.22,1.0,97531.0
2014-12-23,27.34,28.5,26.2,26.28,190390.0,27.34,0.0,28.5,26.2,26.28,1.0,190390.0
2014-12-22,26.32,27.74,26.05,27.39,112611.0,26.32,0.0,27.74,26.05,27.39,1.0,112611.0
2014-12-19,27.46,28.53,26.31,28.48,1397517.0,27.46,0.0,28.53,26.31,28.48,1.0,1397517.0
2014-12-18,28.05,28.48,25.772,27.91,278976.0,28.05,0.0,28.48,25.772,27.91,1.0,278976.0
2014-12-17,27.38,31.48,27.01,29.0,413965.0,27.38,0.0,31.48,27.01,29.0,1.0,413965.0
2014-12-16,29.07,29.43,28.0,29.18,263673.0,29.07,0.0,29.43,28.0,29.18,1.0,263673.0
2014-12-15,29.04,29.55,28.1132,29.0,242880.0,29.04,0.0,29.55,28.1132,29.0,1.0,242880.0
2014-12-12,28.99,29.43,27.885,28.07,181312.0,28.99,0.0,29.43,27.885,28.07,1.0,181312.0
2014-12-11,28.42,29.39,26.93,29.0,220435.0,28.42,0.0,29.39,26.93,29.0,1.0,220435.0
2014-12-10,28.92,29.9399,28.04,29.0,242248.0,28.92,0.0,29.9399,28.04,29.0,1.0,242248.0
2014-12-09,28.81,29.3425,26.51,28.79,454659.0,28.81,0.0,29.3425,26.51,28.79,1.0,454659.0
2014-12-08,28.0,30.15,25.52,26.5,543504.0,28.0,0.0,30.15,25.52,26.5,1.0,543504.0
2014-12-05,26.18,27.2899,22.97,23.85,379937.0,26.18,0.0,27.2899,22.97,23.85,1.0,379937.0
2014-12-04,23.84,24.2399,22.5,23.35,177677.0,23.84,0.0,24.2399,22.5,23.35,1.0,177677.0
2014-12-03,23.02,23.5,20.1,21.5,293311.0,23.02,0.0,23.5,20.1,21.5,1.0,293311.0
2014-12-02,21.54,23.0,21.0,22.58,313094.0,21.54,0.0,23.0,21.0,22.58,1.0,313094.0
2014-12-01,22.37,22.8,21.5,22.65,188385.0,22.37,0.0,22.8,21.5,22.65,1.0,188385.0
2014-11-28,22.65,23.78,22.59,23.78,72634.0,22.65,0.0,23.78,22.59,23.78,1.0,72634.0
2014-11-26,23.7,23.8,23.25,23.53,107231.0,23.7,0.0,23.8,23.25,23.53,1.0,107231.0
2014-11-25,23.61,23.78,22.75,23.5,176978.0,23.61,0.0,23.78,22.75,23.5,1.0,176978.0
2014-11-24,23.34,23.55,22.5,22.64,177928.0,23.34,0.0,23.55,22.5,22.64,1.0,177928.0
2014-11-21,22.82,24.04,22.5,24.04,192592.0,22.82,0.0,24.04,22.5,24.04,1.0,192592.0
2014-11-20,23.14,23.9,23.0,23.08,149937.0,23.14,0.0,23.9,23.0,23.08,1.0,149937.0
2014-11-19,23.37,23.9,23.2,23.9,208288.0,23.37,0.0,23.9,23.2,23.9,1.0,208288.0
2014-11-18,23.59,24.75,23.5,24.25,596665.0,23.59,0.0,24.75,23.5,24.25,1.0,596665.0
2014-11-17,23.81,23.89,22.09,22.09,1100536.0,23.81,0.0,23.89,22.09,22.09,1.0,1100536.0
2014-11-14,22.0,23.45,21.48,23.0,6443384.0,22.0,0.0,23.45,21.48,23.0,1.0,6443384.0
