,adj_close,adj_high,adj_low,adj_open,adj_volume,close,ex_dividend,high,low,open,split_ratio,volume
2017-02-10,22.46,22.48,22.31,22.31,68353.0,22.46,0.0,22.48,22.31,22.31,1.0,68353.0
2017-02-09,22.31,22.3768,22.2545,22.31,58445.0,22.31,0.0,22.3768,22.2545,22.31,1.0,58445.0
2017-02-08,22.25,22.25,22.0569,22.1,26851.0,22.25,0.0,22.25,22.0569,22.1,1.0,26851.0
2017-02-07,22.2,22.33,22.1396,22.33,70410.0,22.2,0.0,22.33,22.1396,22.33,1.0,70410.0
2017-02-06,22.24,22.59,22.189,22.59,60043.0,22.24,0.0,22.59,22.189,22.59,1.0,60043.0
2017-02-03,22.34,22.38,22.2528,22.2528,111159.0,22.34,0.0,22.38,22.2528,22.2528,1.0,111159.0
2017-02-02,22.18,22.2,22.0469,22.0469,100376.0,22.18,0.0,22.2,22.0469,22.0469,1.0,100376.0
2017-02-01,22.14,22.33,22.04,22.25,227977.0,22.14,0.0,22.33,22.04,22.25,1.0,227977.0
2017-01-31,22.22,22.22,21.96,22.15,68032.0,22.22,0.0,22.22,21.96,22.15,1.0,68032.0
2017-01-30,22.16,22.2516,22.0,22.2516,46394.0,22.16,0.0,22.2516,22.0,22.2516,1.0,46394.0
2017-01-27,22.4151,22.74,22.39,22.74,110207.0,22.4151,0.0,22.74,22.39,22.74,1.0,110207.0
2017-01-26,22.51,22.71,22.46,22.6,228561.0,22.51,0.0,22.71,22.46,22.6,1.0,228561.0
2017-01-25,22.55,22.55,22.4388,22.49,149522.0,22.55,0.0,22.55,22.4388,22.49,1.0,149522.0
2017-01-24,22.33,22.37,22.1601,22.18,73548.0,22.33,0.0,22.37,22.1601,22.18,1.0,73548.0
2017-01-23,22.1,22.18,21.9799,22.17,183482.0,22.1,0.0,22.18,21.9799,22.17,1.0,183482.0
2017-01-20,22.13,22.26,22.0986,22.2,108889.0,22.13,0.0,22.26,22.0986,22.2,1.0,108889.0
2017-01-19,22.045,22.1713,21.9805,22.07,89773.0,22.045,0.0,22.1713,21.9805,22.07,1.0,89773.0
2017-01-18,22.13,22.15,22.04,22.15,95655.0,22.13,0.0,22.15,22.04,22.15,1.0,95655.0
2017-01-17,22.07,22.18,22.0105,22.13,59171.0,22.07,0.0,22.18,22.0105,22.13,1.0,59171.0
2017-01-13,22.16,22.2199,21.9018,22.07,47868.0,22.16,0.0,22.2199,21.9018,22.07,1.0,47868.0
2017-01-12,22.11,22.1378,21.9001,22.1157,40228.0,22.11,0.0,22.1378,21.9001,22.1157,1.0,40228.0
2017-01-11,22.15,22.16,21.91,21.91,61999.0,22.15,0.0,22.16,21.91,21.91,1.0,61999.0
2017-01-10,21.98,22.09,21.94,22.03,83883.0,21.98,0.0,22.09,21.94,22.03,1.0,83883.0
2017-01-09,21.93,22.12,21.93,22.12,88383.0,21.93,0.0,22.12,21.93,22.12,1.0,88383.0
2017-01-06,22.0882,22.17,21.98,22.09,269698.0,22.0882,0.0,22.17,21.98,22.09,1.0,269698.0
2017-01-05,22.05,22.17,21.88,22.17,166769.0,22.05,0.0,22.17,21.88,22.17,1.0,166769.0
2017-01-04,21.98,22.04,21.8,21.8,270690.0,21.98,0.0,22.04,21.8,21.8,1.0,270690.0
2017-01-03,21.83,21.95,21.69,21.95,234685.0,21.83,0.0,21.95,21.69,21.95,1.0,234685.0
2016-12-30,21.58,21.84,21.5319,21.84,87188.0,21.58,0.0,21.84,21.5319,21.84,1.0,87188.0
2016-12-29,21.75,21.7944,21.6568,21.7944,39251.0,21.75,0.0,21.7944,21.6568,21.7944,1.0,39251.0
2016-12-28,21.76,22.09,21.72,22.09,58222.0,21.76,0.0,22.09,21.72,22.09,1.0,58222.0
2016-12-27,21.97,22.03,21.7,21.7,73011.0,21.97,0.0,22.03,21.7,21.7,1.0,73011.0
2016-12-23,21.85,21.93,21.77,21.93,64073.0,21.85,0.0,21.93,21.77,21.93,1.0,64073.0
2016-12-22,21.8,21.9099,21.77,21.77,122965.0,21.8,0.0,21.9099,21.77,21.77,1.0,122965.0
2016-12-21,21.91,22.06,21.86,22.06,75867.0,21.91,0.0,22.06,21.86,22.06,1.0,75867.0
2016-12-20,22.07,22.16,22.0201,22.1211,44260.0,22.07,0.0,22.16,22.0201,22.1211,1.0,44260.0
2016-12-19,22.02,22.0599,21.9509,21.97,58076.0,22.02,0.0,22.0599,21.9509,21.97,1.0,58076.0
2016-12-16,21.9,22.03,21.9,21.97,19940.0,21.9,0.0,22.03,21.9,21.97,1.0,19940.0
2016-12-15,21.95,22.0495,21.7808,21.79,60353.0,21.95,0.0,22.0495,21.7808,21.79,1.0,60353.0
2016-12-14,21.81,22.16,21.81,22.16,72125.0,21.81,0.0,22.16,21.81,22.16,1.0,72125.0
2016-12-13,22.11,22.2133,21.97,21.97,80483.0,22.11,0.0,22.2133,21.97,21.97,1.0,80483.0
2016-12-12,21.97,22.19,21.94,22.18,62666.0,21.97,0.0,22.19,21.94,22.18,1.0,62666.0
2016-12-09,22.13,22.17,22.0402,22.05,54136.0,22.13,0.0,22.17,22.0402,22.05,1.0,54136.0
2016-12-08,22.07,22.12,21.9382,21.9382,229978.0,22.07,0.0,22.12,21.9382,21.9382,1.0,229978.0
2016-12-07,21.95,21.97,21.5801,21.68,251968.0,21.95,0.0,21.97,21.5801,21.68,1.0,251968.0
2016-12-06,21.64,21.64,21.4368,21.56,100451.0,21.64,0.0,21.64,21.4368,21.56,1.0,100451.0
2016-12-05,21.48,21.53,21.39,21.53,118500.0,21.48,0.0,21.53,21.39,21.53,1.0,118500.0
2016-12-02,21.26,21.29,21.15,21.2,31097.0,21.26,0.0,21.29,21.15,21.2,1.0,31097.0
2016-12-01,21.15,21.58,21.086,21.58,52775.0,21.15,0.0,21.58,21.086,21.58,1.0,52775.0
2016-11-30,21.34,21.5,21.34,21.42,136900.0,21.34,0.0,21.5,21.34,21.42,1.0,136900.0
2016-11-29,21.21,21.316,21.18,21.22,221444.0,21.21,0.0,21.316,21.18,21.22,1.0,221444.0
2016-11-28,21.3,21.4,21.28,21.28,39101.0,21.3,0.0,21.4,21.28,21.28,1.0,39101.0
2016-11-25,21.32,21.44,21.29,21.44,32941.0,21.32,0.0,21.44,21.29,21.44,1.0,32941.0
2016-11-23,21.26,21.3,21.214,21.2662,116099.0,21.26,0.0,21.3,21.214,21.2662,1.0,116099.0
2016-11-22,21.35,21.3934,21.2455,21.27,52036.0,21.35,0.0,21.3934,21.2455,21.27,1.0,52036.0
2016-11-21,21.28,21.3,21.02,21.02,84761.0,21.28,0.0,21.3,21.02,21.02,1.0,84761.0
2016-11-18,21.02,21.08,20.9793,21.08,195288.0,21.02,0.0,21.08,20.9793,21.08,1.0,195288.0
2016-11-17,20.98,21.07,20.95,21.01,165036.0,20.98,0.0,21.07,20.95,21.01,1.0,165036.0
2016-11-16,20.95,20.97,20.86,20.93,98327.0,20.95,0.0,20.97,20.86,20.93,1.0,98327.0
2016-11-15,20.93,20.9595,20.57,20.57,555488.0,20.93,0.0,20.9595,20.57,20.57,1.0,555488.0
2016-11-14,20.53,20.6,20.42,20.47,494175.0,20.53,0.0,20.6,20.42,20.47,1.0,494175.0
2016-11-11,20.54,20.55,20.3501,20.51,243882.0,20.54,0.0,20.55,20.3501,20.51,1.0,243882.0
2016-11-10,20.55,20.823,20.44,20.823,170441.0,20.55,0.0,20.823,20.44,20.823,1.0,170441.0
2016-11-09,20.74,20.8199,20.3218,20.41,476105.0,20.74,0.0,20.8199,20.3218,20.41,1.0,476105.0
2016-11-08,20.7,20.79,20.5731,20.65,39428.0,20.7,0.0,20.79,20.5731,20.65,1.0,39428.0
2016-11-07,20.62,20.64,20.5105,20.5336,342664.0,20.62,0.0,20.64,20.5105,20.5336,1.0,342664.0
2016-11-04,20.2799,20.45,20.24,20.42,210927.0,20.2799,0.0,20.45,20.24,20.42,1.0,210927.0
2016-11-03,20.35,20.58,20.3324,20.58,52964.0,20.35,0.0,20.58,20.3324,20.58,1.0,52964.0
2016-11-02,20.5,20.65,20.46,20.6408,123730.0,20.5,0.0,20.65,20.46,20.6408,1.0,123730.0
2016-11-01,20.77,20.97,20.66,20.9,63926.0,20.77,0.0,20.97,20.66,20.9,1.0,63926.0
2016-10-31,20.92,20.9973,20.911,20.93,43023.0,20.92,0.0,20.9973,20.911,20.93,1.0,43023.0
2016-10-28,20.95,21.1007,20.93,21.07,32717.0,20.95,0.0,21.1007,20.93,21.07,1.0,32717.0
2016-10-27,20.96,21.0895,20.922,21.0895,34086.0,20.96,0.0,21.0895,20.922,21.0895,1.0,34086.0
2016-10-26,21.07,21.1,20.99,21.05,76179.0,21.07,0.0,21.1,20.99,21.05,1.0,76179.0
2016-10-25,21.0799,21.22,21.06,21.22,71383.0,21.0799,0.0,21.22,21.06,21.22,1.0,71383.0
2016-10-24,21.23,21.31,21.1201,21.31,24929.0,21.23,0.0,21.31,21.1201,21.31,1.0,24929.0
2016-10-21,21.17,21.17,21.007,21.11,61833.0,21.17,0.0,21.17,21.007,21.11,1.0,61833.0
2016-10-20,21.0506,21.24,20.9957,21.24,40078.0,21.0506,0.0,21.24,20.9957,21.24,1.0,40078.0
2016-10-19,21.16,21.21,21.028,21.06,46321.0,21.16,0.0,21.21,21.028,21.06,1.0,46321.0
2016-10-18,21.04,21.085,20.99,20.99,32940.0,21.04,0.0,21.085,20.99,20.99,1.0,32940.0
2016-10-17,20.83,20.9241,20.81,20.9099,43593.0,20.83,0.0,20.9241,20.81,20.9099,1.0,43593.0
2016-10-14,20.91,21.09,20.91,21.0315,256434.0,20.91,0.0,21.09,20.91,21.0315,1.0,256434.0
2016-10-13,20.97,21.04,20.765,20.9026,49926.0,20.97,0.0,21.04,20.765,20.9026,1.0,49926.0
2016-10-12,21.04,21.06,20.955,20.97,20938.0,21.04,0.0,21.06,20.955,20.97,1.0,20938.0
2016-10-11,21.03,21.2399,20.9404,21.23,29946.0,21.03,0.0,21.2399,20.9404,21.23,1.0,29946.0
2016-10-10,21.31,21.35,21.25,21.25,30242.0,21.31,0.0,21.35,21.25,21.25,1.0,30242.0
2016-10-07,21.13,21.2616,21.0507,21.24,21695.0,21.13,0.0,21.2616,21.0507,21.24,1.0,21695.0
2016-10-06,21.24,21.3,21.1659,21.18,16826.0,21.24,0.0,21.3,21.1659,21.18,1.0,16826.0
2016-10-05,21.3,21.349,21.24,21.26,22918.0,21.3,0.0,21.349,21.24,21.26,1.0,22918.0
2016-10-04,21.11,21.3299,21.07,21.3099,18935.0,21.11,0.0,21.3299,21.07,21.3099,1.0,18935.0
2016-10-03,21.26,21.3,21.16,21.29,147361.0,21.26,0.0,21.3,21.16,21.29,1.0,147361.0
2016-09-30,21.34,21.4,21.2387,21.36,35880.0,21.34,0.0,21.4,21.2387,21.36,1.0,35880.0
2016-09-29,21.1864,21.3699,21.1182,21.31,37234.0,21.1864,0.0,21.3699,21.1182,21.31,1.0,37234.0
2016-09-28,21.29,21.3,20.941,21.0845,136488.0,21.29,0.0,21.3,20.941,21.0845,1.0,136488.0
2016-09-27,21.04,21.1,20.9626,21.0366,29519.0,21.04,0.0,21.1,20.9626,21.0366,1.0,29519.0
2016-09-26,21.03,21.31,21.0264,21.31,71636.0,21.03,0.0,21.31,21.0264,21.31,1.0,71636.0
2016-09-23,21.1676,21.36,21.127,21.36,32395.0,21.1676,0.0,21.36,21.127,21.36,1.0,32395.0
2016-09-22,21.3,21.3099,21.2001,21.26,59467.0,21.3,0.0,21.3099,21.2001,21.26,1.0,59467.0
2016-09-21,21.0799,21.1,20.824,20.8335,107969.0,21.0799,0.0365,21.1,20.824,20.8335,1.0,107969.0
2016-09-20,20.7840123316474,21.0435629179216,20.764046901934,21.0435629179216,36204.0,20.82,0.0,21.08,20.8,21.08,1.0,36204.0
2016-09-19,20.8838394802144,21.0035322313463,20.8374198561308,20.963701199068,17547.0,20.92,0.0,21.0399,20.8735,21.0,1.0,17547.0
2016-09-16,20.8838394802144,20.8838394802144,20.7405875220208,20.764046901934,21950.0,20.92,0.0,20.92,20.7765,20.8,1.0,21950.0
2016-09-15,20.8738567653577,20.9336532273494,20.664219753367,20.6941678979371,25798.0,20.91,0.0,20.9699,20.7,20.73,1.0,25798.0
2016-09-14,20.664219753367,20.863874050501,20.6442543236537,20.7340987573639,90093.0,20.7,0.0,20.9,20.68,20.77,1.0,90093.0
2016-09-13,20.764046901934,21.0934764922051,20.6442543236537,21.0934764922051,286437.0,20.8,0.0,21.13,20.68,21.13,1.0,286437.0
2016-09-12,21.1308118457692,21.1822228272812,20.764046901934,20.764046901934,78756.0,21.1674,0.0,21.2189,20.8,20.8,1.0,78756.0
2016-09-09,20.8738567653577,21.4927850864731,20.8738567653577,21.4927850864731,74371.0,20.91,0.0,21.53,20.91,21.53,1.0,74371.0
2016-09-08,21.5127505161865,21.5526813756133,21.3829752230494,21.462836941903,228637.0,21.55,0.0,21.59,21.42,21.5,1.0,228637.0
2016-09-07,21.462836941903,21.5426986607566,21.3729925081927,21.5426986607566,93598.0,21.5,0.0,21.58,21.41,21.58,1.0,93598.0
2016-09-06,21.4328887973329,21.442771685041,21.2863425432365,21.363009793336,59333.0,21.47,0.0,21.4799,21.3232,21.4,1.0,59333.0
2016-09-02,21.2731653596257,21.3095024417041,21.2531001027637,21.2931307893391,267627.0,21.31,0.0,21.3464,21.2899,21.33,1.0,267627.0
2016-09-01,21.1134419219185,21.2531999299123,21.0136147733515,21.2531999299123,28942.0,21.15,0.0,21.29,21.05,21.29,1.0,28942.0
2016-08-31,21.1560681143566,21.2322362287132,21.0639276562293,21.2032863556288,53501.0,21.1927,0.0,21.269,21.1004,21.24,1.0,53501.0
2016-08-30,21.2204566251823,21.3266727112576,21.1583641387737,21.321282045235,44064.0,21.2572,0.0,21.3636,21.195,21.3582,1.0,44064.0
2016-08-29,21.2931307893391,21.3530270784793,21.1733382110587,21.1733382110587,68987.0,21.33,0.0,21.39,21.21,21.21,1.0,68987.0
2016-08-26,21.2132690704855,21.4565478315433,21.1134419219185,21.4328887973329,86249.0,21.25,0.0,21.4937,21.15,21.47,1.0,86249.0
2016-08-25,21.3130962190525,21.3829752230494,21.2731653596257,21.3430443636226,53000.0,21.35,0.0,21.42,21.31,21.38,1.0,53000.0
2016-08-24,21.3230789339092,21.4328887973329,21.3031135041958,21.4230059096247,126009.0,21.36,0.0,21.47,21.34,21.4601,1.0,126009.0
2016-08-23,21.4528542270463,21.5127505161865,21.4029406527628,21.4428715121896,52412.0,21.49,0.0,21.55,21.44,21.48,1.0,52412.0
2016-08-22,21.3130962190525,21.4229060824762,21.263182644769,21.4229060824762,62273.0,21.35,0.0,21.46,21.3,21.46,1.0,62273.0
2016-08-19,21.4229060824762,21.4403758334754,21.3629099661874,21.3928581107575,48911.0,21.46,0.0,21.4775,21.3999,21.4299,1.0,48911.0
2016-08-18,21.4528542270463,21.4828023716164,21.3360564632229,21.3430443636226,20372.0,21.49,0.0,21.52,21.373,21.38,1.0,20372.0
2016-08-17,21.2931307893391,21.3137950090925,21.1334073516319,21.2132690704855,38625.0,21.33,0.0,21.3507,21.17,21.25,1.0,38625.0
2016-08-16,21.2831480744824,21.3833745316437,21.2831480744824,21.363009793336,944735.0,21.32,0.0,21.4204,21.32,21.4,1.0,944735.0
2016-08-15,21.4728196567597,21.5526813756133,21.4728196567597,21.5127505161865,18617.0,21.51,0.0,21.59,21.51,21.55,1.0,18617.0
2016-08-12,21.4428715121896,21.5027678013298,21.3927582836089,21.5027678013298,27550.0,21.48,0.0,21.54,21.4298,21.54,1.0,27550.0
2016-08-11,21.4328887973329,21.462836941903,21.363009793336,21.4428715121896,142550.0,21.47,0.0,21.5,21.4,21.48,1.0,142550.0
2016-08-10,21.263182644769,21.3772850755811,21.2333343273475,21.3729925081927,38765.0,21.3,0.0,21.4143,21.2701,21.41,1.0,38765.0
2016-08-09,21.3330616487659,21.462836941903,21.2941290608248,21.462836941903,53096.0,21.37,0.0,21.5,21.331,21.5,1.0,53096.0
2016-08-08,21.3829752230494,21.4428715121896,21.2731653596257,21.2731653596257,47328.0,21.42,0.0,21.48,21.31,21.31,1.0,47328.0
2016-08-05,21.3230789339092,21.3599151517304,21.263182644769,21.3230789339092,77134.0,21.36,0.0,21.3969,21.3,21.36,1.0,77134.0
2016-08-04,21.163355496202,21.2531999299123,21.0834937773484,21.0834937773484,19132.0,21.2,0.0,21.29,21.12,21.12,1.0,19132.0
2016-08-03,21.1433900664886,21.1433900664886,20.9444345593946,20.9444345593946,127355.0,21.18,0.0,21.18,20.9807,20.9807,1.0,127355.0
2016-08-02,20.9734842596276,21.2132690704855,20.8637742233525,21.2132690704855,30272.0,21.0098,0.0,21.25,20.8999,21.25,1.0,30272.0
2016-08-01,21.1733382110587,21.3230789339092,21.1733382110587,21.3230789339092,61413.0,21.21,0.0,21.36,21.21,21.36,1.0,61413.0
2016-07-29,21.3729925081927,21.3929579379061,21.1791281856756,21.2831480744824,55988.0,21.41,0.0,21.43,21.2158,21.32,1.0,55988.0
2016-07-28,21.2232517853422,21.2432172150556,21.0911804677881,21.1630560147563,84294.0,21.26,0.0,21.28,21.1277,21.1997,1.0,84294.0
2016-07-27,21.1034592070618,21.3330616487659,21.0340793388078,21.3329618216173,68461.0,21.14,0.0,21.37,21.0705,21.3699,1.0,68461.0
2016-07-26,21.3330616487659,21.4028408256142,21.2232517853422,21.3330616487659,21648.0,21.37,0.0,21.4399,21.26,21.37,1.0,21648.0
2016-07-25,21.2731653596257,21.4229060824762,21.2266459083935,21.4229060824762,9934.0,21.31,0.0,21.46,21.2634,21.46,1.0,9934.0
2016-07-22,21.3130962190525,21.3300668343089,21.1533727813453,21.1533727813453,45334.0,21.35,0.0,21.367,21.19,21.19,1.0,45334.0
2016-07-21,21.2232517853422,21.3728926810441,21.172339939573,21.3120979475668,70324.0,21.26,0.0,21.4099,21.209,21.349,1.0,70324.0
2016-07-20,21.263182644769,21.3330616487659,21.1335071787805,21.163355496202,189060.0,21.3,0.0,21.37,21.1701,21.2,1.0,189060.0
2016-07-19,21.2132690704855,21.2432172150556,21.1611592989335,21.2432172150556,48213.0,21.25,0.0,21.28,21.1978,21.28,1.0,48213.0
2016-07-18,21.3329618216173,21.3430443636226,21.1833209259154,21.1833209259154,107936.0,21.3699,0.0,21.38,21.22,21.22,1.0,107936.0
2016-07-15,21.263182644769,21.3419462649884,21.2432172150556,21.2999190354416,737258.0,21.3,0.0,21.3789,21.28,21.3368,1.0,737258.0
2016-07-14,21.2931307893391,21.4428715121896,21.2433170422042,21.4428715121896,72574.0,21.33,0.0,21.48,21.2801,21.48,1.0,72574.0
2016-07-13,21.2032863556288,21.4129233676195,21.1433900664886,21.4129233676195,61138.0,21.24,0.0,21.45,21.18,21.45,1.0,61138.0
2016-07-12,21.2831480744824,21.3929579379061,21.2332345001989,21.3929579379061,354790.0,21.32,0.0,21.43,21.27,21.43,1.0,354790.0
2016-07-11,21.0834937773484,21.1234246367752,21.0136147733515,21.0954730351765,252923.0,21.12,0.0,21.16,21.05,21.132,1.0,252923.0
2016-07-08,21.0136147733515,21.0534458056297,20.7740296167907,20.7740296167907,23560.0,21.05,0.0,21.0899,20.81,20.81,1.0,23560.0
2016-07-07,20.6841851830804,20.9137876247845,20.5902478362789,20.9038049099278,268034.0,20.72,0.0,20.95,20.6259,20.94,1.0,268034.0
2016-07-06,20.7440814722206,20.7540641870773,20.4915187863462,20.5343446330814,115563.0,20.78,0.0,20.79,20.527,20.5699,1.0,115563.0
2016-07-05,20.634271608797,20.6542370385104,20.5144790305166,20.6026264027012,65232.0,20.67,0.0,20.69,20.55,20.6383,1.0,65232.0
2016-07-01,20.9038049099278,20.9167824392415,20.8239431910742,20.863874050501,50061.0,20.94,0.0,20.953,20.86,20.9,1.0,50061.0
2016-06-30,20.7340987573639,20.7340987573639,20.4246345968063,20.4246345968063,486369.0,20.77,0.0,20.77,20.46,20.46,1.0,486369.0
2016-06-29,20.4745481710898,20.5144790305166,20.3149245605312,20.3547555928094,60605.0,20.51,0.0,20.55,20.3501,20.39,1.0,60605.0
2016-06-28,20.1051877213919,20.1081825358489,19.9654297133981,19.9654297133981,42113.0,20.14,0.0,20.143,20.0,20.0,1.0,42113.0
2016-06-27,19.7657754162641,20.2249802996723,19.6659482676971,20.2249802996723,365871.0,19.8,0.0,20.26,19.7,20.26,1.0,365871.0
2016-06-24,20.234963014529,20.4902210334148,20.1551012956754,20.1551012956754,103831.0,20.27,0.0,20.5257,20.19,20.19,1.0,103831.0
2016-06-23,20.8539911627929,20.863874050501,20.7042504399424,20.8139604762175,40989.0,20.8901,0.0,20.9,20.7401,20.85,1.0,40989.0
2016-06-22,20.5743753196568,20.8039777613608,20.5743753196568,20.8039777613608,113826.0,20.61,0.0,20.84,20.61,20.84,1.0,113826.0
2016-06-21,20.6841851830804,20.7241160425072,20.5244617453733,20.5283550041674,56066.0,20.72,0.0,20.76,20.56,20.5639,1.0,56066.0
2016-06-20,20.6043234642269,20.7141333276505,20.6043234642269,20.6442543236537,46508.0,20.64,0.0,20.75,20.64,20.68,1.0,46508.0
2016-06-17,20.4246345968063,20.5044963156599,20.3548554199579,20.5044963156599,333142.0,20.46,0.0,20.54,20.3901,20.54,1.0,333142.0
2016-06-16,20.3547555928094,20.3547555928094,20.1101790788203,20.2149975848156,152282.0,20.39,0.0,20.39,20.145,20.25,1.0,152282.0
2016-06-15,20.3747210225228,20.5623960618287,20.3483666553011,20.3495645810839,136759.0,20.41,0.0,20.598,20.3836,20.3848,1.0,136759.0
2016-06-14,20.3372858418102,20.3946864522362,20.2049150428103,20.3847037373795,41017.0,20.3725,0.0,20.43,20.2399,20.42,1.0,41017.0
2016-06-13,20.3547555928094,20.5643926048001,20.3547555928094,20.4637668390445,57811.0,20.39,0.0,20.6,20.39,20.4992,1.0,57811.0
2016-06-10,20.4745481710898,20.764046901934,20.4546825685249,20.764046901934,99194.0,20.51,0.0,20.8,20.4901,20.8,1.0,99194.0
2016-06-09,20.7540641870773,20.764046901934,20.6742024682238,20.764046901934,194701.0,20.79,0.0,20.8,20.71,20.8,1.0,194701.0
2016-06-08,20.764046901934,20.8139604762175,20.7241160425072,20.8139604762175,1056995.0,20.8,0.0,20.85,20.76,20.85,1.0,1056995.0
2016-06-07,20.7440814722206,20.7740296167907,20.5144790305166,20.5144790305166,89062.0,20.78,0.0,20.81,20.55,20.55,1.0,89062.0
2016-06-06,20.6742024682238,20.7041506127938,20.5943407493702,20.7041506127938,37416.0,20.71,0.0,20.74,20.63,20.74,1.0,37416.0
2016-06-03,20.5444271750867,20.6143061790836,20.484630713095,20.5544098899434,248211.0,20.58,0.0,20.65,20.5201,20.59,1.0,248211.0
2016-06-02,20.5643926048001,20.5643926048001,20.4645654562331,20.4845308859465,69348.0,20.6,0.0,20.6,20.5,20.52,1.0,69348.0
2016-06-01,20.5244617453733,20.6542370385104,20.4146518819496,20.6542370385104,67015.0,20.56,0.0,20.69,20.45,20.69,1.0,67015.0
2016-05-31,20.4745481710898,20.5244617453733,20.4180460050008,20.5096873273854,33929.0,20.51,0.0,20.56,20.4534,20.5452,1.0,33929.0
2016-05-27,20.4446000265197,20.4645654562331,20.3647383076661,20.4645654562331,238657.0,20.48,0.0,20.5,20.4,20.5,1.0,238657.0
2016-05-26,20.3647383076661,20.4645654562331,20.3647383076661,20.4645654562331,1269405.0,20.4,0.0,20.5,20.4,20.5,1.0,1269405.0
2016-05-25,20.3647383076661,20.3747210225228,20.2569249872137,20.3647383076661,234689.0,20.4,0.0,20.41,20.292,20.4,1.0,234689.0
2016-05-24,20.2549284442424,20.2549284442424,20.161889541778,20.1940338836165,26342.0,20.29,0.0,20.29,20.1968,20.229,1.0,26342.0
2016-05-23,20.1051877213919,20.1750667253888,20.0952050065352,20.1650840105321,58299.0,20.14,0.0,20.21,20.13,20.2,1.0,58299.0
2016-05-20,20.1551012956754,20.1950321551022,20.1031911784206,20.1950321551022,70171.0,20.19,0.0,20.23,20.138,20.23,1.0,70171.0
2016-05-19,20.0652568619651,20.0742413053361,19.9254988539713,20.0097529673619,76996.0,20.1,0.0,20.109,19.96,20.0444,1.0,76996.0
2016-05-18,20.0552741471084,20.1950321551022,19.9853951431115,20.135135865962,76827.0,20.09,0.0,20.23,20.02,20.17,1.0,76827.0
2016-05-17,20.1680788249891,20.3148247333826,20.1375317175276,20.3048420185259,246493.0,20.203,0.0,20.35,20.1724,20.34,1.0,246493.0
2016-05-16,20.2848765888125,20.3248074482393,20.2449457293857,20.3248074482393,37214.0,20.32,0.0,20.36,20.28,20.36,1.0,37214.0
2016-05-13,20.1750667253888,20.4645654562331,20.1650840105321,20.4645654562331,237318.0,20.21,0.0,20.5,20.2,20.5,1.0,237318.0
2016-05-12,20.3847037373795,20.5244617453733,20.2718990594988,20.5244617453733,95086.0,20.42,0.0,20.56,20.307,20.56,1.0,95086.0
2016-05-11,20.4146518819496,20.5943407493702,20.3742218867799,20.5943407493702,55267.0,20.45,0.0,20.63,20.4095,20.63,1.0,55267.0
2016-05-10,20.5544098899434,20.5544098899434,20.3248074482393,20.4645654562331,68258.0,20.59,0.0,20.59,20.36,20.5,1.0,68258.0
2016-05-09,20.2449457293857,20.4146518819496,20.2050148699589,20.4146518819496,51346.0,20.28,0.0,20.45,20.24,20.45,1.0,51346.0
2016-05-06,20.3048420185259,20.3248074482393,20.1650840105321,20.1650840105321,17191.0,20.34,0.0,20.36,20.2,20.2,1.0,17191.0
2016-05-05,20.2149975848156,20.4046691670929,20.171572775189,20.3847037373795,31900.0,20.25,0.0,20.44,20.2065,20.42,1.0,31900.0
2016-05-04,20.3048420185259,20.4345174845144,20.234963014529,20.3847037373795,44929.0,20.34,0.0,20.4699,20.27,20.42,1.0,44929.0
2016-05-03,20.4045693399443,20.5244617453733,20.3547555928094,20.5244617453733,68051.0,20.4399,0.0,20.56,20.39,20.56,1.0,68051.0
2016-05-02,20.7041506127938,20.7141333276505,20.5623960618287,20.6242888939403,39000.0,20.74,0.0,20.75,20.598,20.66,1.0,39000.0
2016-04-29,20.6043234642269,20.6742024682238,20.4246345968063,20.6510425697562,241395.0,20.64,0.0,20.71,20.46,20.6868,1.0,241395.0
2016-04-28,20.5843580345135,20.8538913356443,20.5643926048001,20.5643926048001,77219.0,20.62,0.0,20.89,20.6,20.6,1.0,77219.0
2016-04-27,20.7081436987365,20.764046901934,20.5743753196568,20.652240495539,92649.0,20.744,0.0,20.8,20.61,20.688,1.0,92649.0
2016-04-26,20.5044963156599,20.5144790305166,20.4046691670929,20.5144790305166,137570.0,20.54,0.0,20.55,20.44,20.55,1.0,137570.0
2016-04-25,20.3847037373795,20.5544098899434,20.3218126337823,20.5544098899434,168533.0,20.42,0.0,20.59,20.357,20.59,1.0,168533.0
2016-04-22,20.4845308859465,20.5019008097971,20.4046691670929,20.4545827413764,60920.0,20.52,0.0,20.5374,20.44,20.49,1.0,60920.0
2016-04-21,20.3647383076661,20.664219753367,20.3447728779527,20.664219753367,61965.0,20.4,0.0,20.7,20.38,20.7,1.0,61965.0
2016-04-20,20.5444271750867,20.6742024682238,20.4645654562331,20.6742024682238,75963.0,20.58,0.0,20.71,20.5,20.71,1.0,75963.0
2016-04-19,20.5244617453733,20.5843580345135,20.4446000265197,20.5843580345135,95570.0,20.56,0.0,20.62,20.48,20.62,1.0,95570.0
2016-04-18,20.4146518819496,20.4645654562331,20.2449457293857,20.2948593036692,63430.0,20.45,0.0,20.5,20.28,20.33,1.0,63430.0
2016-04-15,20.3148247333826,20.3248074482393,20.1650840105321,20.234963014529,118968.0,20.35,0.0,20.36,20.2,20.27,1.0,118968.0
2016-04-14,20.3248074482393,20.5244617453733,20.3015477226232,20.5244617453733,295507.0,20.36,0.0,20.56,20.3367,20.56,1.0,295507.0
2016-04-13,20.4046691670929,20.4845308859465,20.2829798729897,20.4845308859465,135982.0,20.44,0.0,20.52,20.3181,20.52,1.0,135982.0
2016-04-12,20.2649111590991,20.291664834915,19.9454642836847,20.0952050065352,43092.0,20.3,0.0,20.3268,19.98,20.13,1.0,43092.0
2016-04-11,19.9654297133981,20.2948593036692,19.9654297133981,20.2948593036692,76541.0,20.0,0.0,20.33,20.0,20.33,1.0,76541.0
2016-04-08,20.0552741471084,20.1151704362486,20.0253260025383,20.0952050065352,44220.0,20.09,0.0,20.15,20.06,20.13,1.0,44220.0
2016-04-07,19.9953778579682,20.2050148699589,19.935481568828,20.2050148699589,43072.0,20.03,0.0,20.24,19.97,20.24,1.0,43072.0
2016-04-06,20.1151704362486,20.1151704362486,19.935481568828,20.1151704362486,112809.0,20.15,0.0,20.15,19.97,20.15,1.0,112809.0
2016-04-05,19.9754124282548,20.0552741471084,19.9667274663295,20.0552741471084,85477.0,20.01,0.0,20.09,20.0013,20.09,1.0,85477.0
2016-04-04,20.0952050065352,20.2848765888125,20.0952050065352,20.2848765888125,281235.0,20.13,0.0,20.32,20.13,20.32,1.0,281235.0
2016-04-01,20.2050148699589,20.2249802996723,20.0852222916785,20.2249802996723,296060.0,20.24,0.0,20.26,20.12,20.26,1.0,296060.0
2016-03-31,20.2050148699589,20.2549284442424,20.1650840105321,20.2549284442424,243132.0,20.24,0.0,20.29,20.2,20.29,1.0,243132.0
2016-03-30,20.1650840105321,20.3248074482393,20.1451185808187,20.3248074482393,294258.0,20.2,0.0,20.36,20.18,20.36,1.0,294258.0
2016-03-29,20.1650840105321,20.2050148699589,19.9439668764562,20.2050148699589,66345.0,20.2,0.0,20.24,19.9785,20.24,1.0,66345.0
2016-03-28,20.0053605728249,20.0253260025383,19.9797049956432,20.0053605728249,26073.0,20.04,0.0,20.06,20.0143,20.04,1.0,26073.0
2016-03-24,19.9953778579682,19.9953778579682,19.9255986811199,19.9454642836847,75586.0,20.03,0.0,20.03,19.9601,19.98,1.0,75586.0
2016-03-23,20.0027650669622,20.035308717395,20.0027650669622,20.035308717395,39082.0,20.0374,0.0,20.07,20.0374,20.07,1.0,39082.0
2016-03-22,20.0652568619651,20.0952050065352,20.0153432876816,20.0652568619651,14812.0,20.1,0.0,20.13,20.05,20.1,1.0,14812.0
2016-03-21,20.0752395768218,20.0752395768218,20.0399007662291,20.0452914322517,6013.0,20.11,0.0,20.11,20.0746,20.08,1.0,6013.0
2016-03-18,20.0552741471084,20.0852222916785,20.0451916051031,20.0552741471084,12279.0,20.09,0.0,20.12,20.0799,20.09,1.0,12279.0
