,adj_close,adj_high,adj_low,adj_open,adj_volume,close,ex_dividend,high,low,open,split_ratio,volume
2017-02-10,25.4,25.4,25.4,25.4,4000.0,25.4,0.0,25.4,25.4,25.4,1.0,4000.0
2017-02-09,25.66,25.67,25.66,25.66,700.0,25.66,0.0,25.67,25.66,25.66,1.0,700.0
2017-02-08,25.65,25.65,25.55,25.55,1578.0,25.65,0.0,25.65,25.55,25.55,1.0,1578.0
2017-02-07,25.55,25.55,25.55,25.55,100.0,25.55,0.0,25.55,25.55,25.55,1.0,100.0
2017-02-06,25.5392,25.54,25.4,25.5,4582.0,25.5392,0.0,25.54,25.4,25.5,1.0,4582.0
2017-02-03,25.49,25.49,25.49,25.49,750.0,25.49,0.0,25.49,25.49,25.49,1.0,750.0
2017-02-01,25.53,25.53,25.43,25.43,890.0,25.53,0.0,25.53,25.43,25.43,1.0,890.0
2017-01-31,25.4,25.5501,25.4,25.4899,1228.0,25.4,0.0,25.5501,25.4,25.4899,1.0,1228.0
2017-01-30,25.44,25.4401,25.44,25.44,803.0,25.44,0.0,25.4401,25.44,25.44,1.0,803.0
2017-01-27,25.47,25.47,25.44,25.44,686.0,25.47,0.0,25.47,25.44,25.44,1.0,686.0
2017-01-26,25.4035,25.4035,25.4035,25.4035,126.0,25.4035,0.0,25.4035,25.4035,25.4035,1.0,126.0
2017-01-25,25.4,25.47,25.203,25.3401,9321.0,25.4,0.0,25.47,25.203,25.3401,1.0,9321.0
2017-01-24,25.5499,25.5499,25.5499,25.5499,400.0,25.5499,0.0,25.5499,25.5499,25.5499,1.0,400.0
2017-01-23,25.5021,25.5021,25.3001,25.3001,463.0,25.5021,0.0,25.5021,25.3001,25.3001,1.0,463.0
2017-01-20,25.4301,25.4301,25.4301,25.4301,1000.0,25.4301,0.0,25.4301,25.4301,25.4301,1.0,1000.0
2017-01-19,25.4211,25.47,25.28,25.42,7126.0,25.4211,0.0,25.47,25.28,25.42,1.0,7126.0
2017-01-18,25.3835,25.43,25.349,25.4047,1765.0,25.3835,0.0,25.43,25.349,25.4047,1.0,1765.0
2017-01-17,25.46,25.46,25.28,25.28,1851.0,25.46,0.0,25.46,25.28,25.28,1.0,1851.0
2017-01-12,25.4299,25.431,25.4299,25.431,2245.0,25.4299,0.0,25.431,25.4299,25.431,1.0,2245.0
2017-01-11,25.3301,25.3301,25.3301,25.3301,108.0,25.3301,0.0,25.3301,25.3301,25.3301,1.0,108.0
2017-01-09,25.32,25.33,25.32,25.33,817.0,25.32,0.0,25.33,25.32,25.33,1.0,817.0
2017-01-05,25.4525,25.4525,25.4001,25.4001,1025.0,25.4525,0.0,25.4525,25.4001,25.4001,1.0,1025.0
2017-01-04,25.2817,25.32,25.2817,25.32,460.0,25.2817,0.0,25.32,25.2817,25.32,1.0,460.0
2017-01-03,25.4451,25.4451,25.4451,25.4451,269.0,25.4451,0.0,25.4451,25.4451,25.4451,1.0,269.0
2016-12-30,25.362,25.4799,25.362,25.4799,353.0,25.362,0.0,25.4799,25.362,25.4799,1.0,353.0
2016-12-29,25.4499,25.45,25.4,25.4,1894.0,25.4499,0.0,25.45,25.4,25.4,1.0,1894.0
2016-12-28,25.2101,25.513,25.2101,25.513,1773.0,25.2101,0.0,25.513,25.2101,25.513,1.0,1773.0
2016-12-27,25.35,25.45,25.35,25.45,816.0,25.35,0.0,25.45,25.35,25.45,1.0,816.0
2016-12-22,25.35,25.59,25.3,25.3,1335.0,25.35,0.0,25.59,25.3,25.3,1.0,1335.0
2016-12-21,25.21,25.3122,25.2,25.201,2259.0,25.21,0.0,25.3122,25.2,25.201,1.0,2259.0
2016-12-16,25.28,25.29,25.2,25.2,2231.0,25.28,0.0,25.29,25.2,25.2,1.0,2231.0
2016-12-14,25.13,25.21,25.13,25.21,1034.0,25.13,0.0,25.21,25.13,25.21,1.0,1034.0
2016-12-13,25.1201,25.45,25.1201,25.45,3800.0,25.1201,0.0,25.45,25.1201,25.45,1.0,3800.0
2016-12-08,25.4553,25.4599,25.4553,25.4599,200.0,25.4553,0.0,25.4599,25.4553,25.4599,1.0,200.0
2016-12-05,25.401,25.5,25.401,25.5,3539.0,25.401,0.0,25.5,25.401,25.5,1.0,3539.0
2016-12-02,25.53,25.65,25.51,25.51,1063.0,25.53,0.0,25.65,25.51,25.51,1.0,1063.0
2016-12-01,25.6745,25.72,25.5,25.72,1383.0,25.6745,0.0,25.72,25.5,25.72,1.0,1383.0
2016-11-30,25.5,25.7399,25.48,25.7399,2281.0,25.5,0.0,25.7399,25.48,25.7399,1.0,2281.0
2016-11-29,25.13,25.715,25.13,25.41,3288.0,25.13,0.0,25.715,25.13,25.41,1.0,3288.0
2016-11-28,25.75,25.8273,25.75,25.75,1814.0,25.75,0.0,25.8273,25.75,25.75,1.0,1814.0
2016-11-25,25.63,25.8,25.63,25.8,1154.0,25.63,0.0,25.8,25.63,25.8,1.0,1154.0
2016-11-23,25.64,25.8001,25.6,25.8001,2732.0,25.64,0.0,25.8001,25.6,25.8001,1.0,2732.0
2016-11-22,25.4,25.4,25.4,25.4,1620.0,25.4,0.0,25.4,25.4,25.4,1.0,1620.0
2016-11-21,25.4381,25.4381,25.4381,25.4381,104.0,25.4381,0.0,25.4381,25.4381,25.4381,1.0,104.0
2016-11-18,25.6336,25.6336,25.6336,25.6336,220.0,25.6336,0.0,25.6336,25.6336,25.6336,1.0,220.0
2016-11-17,25.42,25.6999,25.3,25.3,3358.0,25.42,0.0,25.6999,25.3,25.3,1.0,3358.0
2016-11-16,25.65,26.15,25.25,25.25,10250.0,25.65,0.0,26.15,25.25,25.25,1.0,10250.0
2016-11-15,25.26,25.49,25.25,25.33,5671.0,25.26,0.0,25.49,25.25,25.33,1.0,5671.0
2016-11-14,25.77,29.0,25.26,25.77,3115.0,25.77,0.0,29.0,25.26,25.77,1.0,3115.0
2016-11-11,26.0,26.0,26.0,26.0,618.0,26.0,0.0,26.0,26.0,26.0,1.0,618.0
2016-11-10,26.13,26.2,26.13,26.15,1897.0,26.13,0.0,26.2,26.13,26.15,1.0,1897.0
2016-11-09,26.15,26.18,26.15,26.18,900.0,26.15,0.0,26.18,26.15,26.18,1.0,900.0
2016-11-08,25.9,26.2,25.3254,25.3254,2359.0,25.9,0.0,26.2,25.3254,25.3254,1.0,2359.0
2016-11-07,25.4841,25.85,25.4841,25.85,500.0,25.4841,0.0,25.85,25.4841,25.85,1.0,500.0
2016-11-04,25.85,25.85,25.58,25.58,2557.0,25.85,0.0,25.85,25.58,25.58,1.0,2557.0
2016-11-03,25.34,25.86,25.33,25.86,6966.0,25.34,0.0,25.86,25.33,25.86,1.0,6966.0
2016-11-02,25.8601,25.8601,25.8601,25.8601,801.0,25.8601,0.0,25.8601,25.8601,25.8601,1.0,801.0
2016-11-01,25.894,25.894,25.865,25.865,530.0,25.894,0.0,25.894,25.865,25.865,1.0,530.0
2016-10-31,25.87,26.06,25.8634,26.06,2237.0,25.87,0.0,26.06,25.8634,26.06,1.0,2237.0
2016-10-28,25.98,25.99,25.87,25.89,1579.0,25.98,0.0,25.99,25.87,25.89,1.0,1579.0
2016-10-27,26.0,26.183,26.0,26.183,2606.0,26.0,0.0,26.183,26.0,26.183,1.0,2606.0
2016-10-26,25.8,26.1712,25.8,25.85,3161.0,25.8,0.0,26.1712,25.8,25.85,1.0,3161.0
2016-10-25,25.94,26.1999,25.82,26.1999,3200.0,25.94,0.0,26.1999,25.82,26.1999,1.0,3200.0
2016-10-24,26.18,26.2,25.966,25.966,1003.0,26.18,0.0,26.2,25.966,25.966,1.0,1003.0
2016-10-21,26.13,26.14,25.8001,25.8001,3500.0,26.13,0.0,26.14,25.8001,25.8001,1.0,3500.0
2016-10-20,26.1399,26.1399,25.54,26.1399,1201.0,26.1399,0.0,26.1399,25.54,26.1399,1.0,1201.0
2016-10-19,25.86,26.25,25.781,26.132,4819.0,25.86,0.0,26.25,25.781,26.132,1.0,4819.0
2016-10-18,26.1261,26.2,25.71,25.71,5495.0,26.1261,0.0,26.2,25.71,25.71,1.0,5495.0
2016-10-17,25.7,26.2304,25.7,26.03,3594.0,25.7,0.0,26.2304,25.7,26.03,1.0,3594.0
2016-10-14,26.1,26.1,25.6,26.03,10282.0,26.1,0.0,26.1,25.6,26.03,1.0,10282.0
2016-10-13,26.1,26.1,25.95,26.0,8919.0,26.1,0.0,26.1,25.95,26.0,1.0,8919.0
2016-10-12,26.08,26.08,25.91,25.95,3072.0,26.08,0.0,26.08,25.91,25.95,1.0,3072.0
2016-10-11,25.9899,25.9899,25.9899,25.9899,0.0,25.9899,0.0,25.9899,25.9899,25.9899,1.0,0.0
2016-10-10,25.9899,25.9899,25.9899,25.9899,0.0,25.9899,0.0,25.9899,25.9899,25.9899,1.0,0.0
2016-10-07,25.9899,25.9899,25.527,25.59,3710.0,25.9899,0.0,25.9899,25.527,25.59,1.0,3710.0
2016-10-06,25.55,25.55,25.55,25.55,500.0,25.55,0.0,25.55,25.55,25.55,1.0,500.0
2016-10-05,25.67,25.67,25.44,25.45,492.0,25.67,0.0,25.67,25.44,25.45,1.0,492.0
2016-10-04,25.3548,25.3548,25.3548,25.3548,31.0,25.3548,0.0,25.3548,25.3548,25.3548,1.0,31.0
2016-10-03,25.3548,25.56,25.3548,25.53,1150.0,25.3548,0.0,25.56,25.3548,25.53,1.0,1150.0
2016-09-30,25.9899,25.9899,25.9899,25.9899,273.0,25.9899,0.0,25.9899,25.9899,25.9899,1.0,273.0
2016-09-29,25.54,25.73,25.4,25.72,2204.0,25.54,0.0,25.73,25.4,25.72,1.0,2204.0
2016-09-28,25.61,25.8,25.61,25.7,5050.0,25.61,0.0,25.8,25.61,25.7,1.0,5050.0
2016-09-27,25.55,25.55,25.31,25.377,1848.0,25.55,0.0,25.55,25.31,25.377,1.0,1848.0
2016-09-26,25.37,25.42,25.37,25.42,2000.0,25.37,0.0,25.42,25.37,25.42,1.0,2000.0
2016-09-23,25.37,25.71,25.35,25.71,1900.0,25.37,0.0,25.71,25.35,25.71,1.0,1900.0
2016-09-22,25.7,25.7,25.5,25.63,4355.0,25.7,0.0,25.7,25.5,25.63,1.0,4355.0
2016-09-21,25.65,25.65,25.6,25.6,1700.0,25.65,0.0,25.65,25.6,25.6,1.0,1700.0
2016-09-20,25.65,25.7699,25.65,25.74,10452.0,25.65,0.0,25.7699,25.65,25.74,1.0,10452.0
2016-09-19,25.77,26.1,25.5301,26.07,9343.0,25.77,0.0,26.1,25.5301,26.07,1.0,9343.0
2016-09-16,26.24,26.436,25.63,25.63,15510.0,26.24,0.0,26.436,25.63,25.63,1.0,15510.0
2016-09-15,25.6277,25.6277,25.6277,25.6277,0.0,25.6277,0.0,25.6277,25.6277,25.6277,1.0,0.0
2016-09-14,25.6277,25.6277,25.45,25.45,2535.0,25.6277,0.0,25.6277,25.45,25.45,1.0,2535.0
2016-09-13,25.75,25.75,25.75,25.75,150.0,25.75,0.0,25.75,25.75,25.75,1.0,150.0
2016-09-12,25.8,25.8722,25.55,25.8722,2850.0,25.8,0.0,25.8722,25.55,25.8722,1.0,2850.0
2016-09-09,25.73,26.125,25.73,25.81,890.0,25.73,0.0,26.125,25.73,25.81,1.0,890.0
2016-09-08,25.778,25.9187,25.62,25.83,4410.0,25.778,0.0,25.9187,25.62,25.83,1.0,4410.0
2016-09-07,25.75,25.76,25.75,25.76,500.0,25.75,0.0,25.76,25.75,25.76,1.0,500.0
2016-09-06,25.82,25.82,25.82,25.82,201.0,25.82,0.0,25.82,25.82,25.82,1.0,201.0
2016-09-02,25.75,25.9588,25.75,25.9588,1300.0,25.75,0.0,25.9588,25.75,25.9588,1.0,1300.0
2016-09-01,25.756,25.756,25.756,25.756,473.0,25.756,0.0,25.756,25.756,25.756,1.0,473.0
2016-08-31,26.1899,26.1899,26.1899,26.1899,403.0,26.1899,0.0,26.1899,26.1899,26.1899,1.0,403.0
2016-08-30,25.91,26.69,25.6031,25.9399,22226.0,25.91,0.0,26.69,25.6031,25.9399,1.0,22226.0
2016-08-29,25.7208,25.8999,25.6969,25.8,2309.0,25.7208,0.0,25.8999,25.6969,25.8,1.0,2309.0
2016-08-26,25.94,25.9452,25.761,25.79,2686.0,25.94,0.0,25.9452,25.761,25.79,1.0,2686.0
2016-08-25,25.7591,25.8999,25.7591,25.8999,1286.0,25.7591,0.0,25.8999,25.7591,25.8999,1.0,1286.0
2016-08-24,25.55,25.71,25.55,25.602,1632.0,25.55,0.0,25.71,25.55,25.602,1.0,1632.0
2016-08-23,25.7499,25.75,25.5501,25.7489,2375.0,25.7499,0.0,25.75,25.5501,25.7489,1.0,2375.0
2016-08-22,25.75,25.8399,25.75,25.8399,1300.0,25.75,0.0,25.8399,25.75,25.8399,1.0,1300.0
2016-08-19,25.4737,25.4737,25.4737,25.4737,300.0,25.4737,0.0,25.4737,25.4737,25.4737,1.0,300.0
2016-08-18,25.35,25.35,25.33,25.33,1200.0,25.35,0.0,25.35,25.33,25.33,1.0,1200.0
2016-08-17,25.7499,25.75,25.68,25.6901,2580.0,25.7499,0.0,25.75,25.68,25.6901,1.0,2580.0
2016-08-16,25.6841,25.8465,25.6841,25.815,1425.0,25.6841,0.0,25.8465,25.6841,25.815,1.0,1425.0
2016-08-15,25.8,25.8,25.45,25.64,5149.0,25.8,0.0,25.8,25.45,25.64,1.0,5149.0
2016-08-12,25.5945,25.64,25.5506,25.5529,1250.0,25.5945,0.0,25.64,25.5506,25.5529,1.0,1250.0
2016-08-11,25.4519,25.64,25.4519,25.64,1976.0,25.4519,0.0,25.64,25.4519,25.64,1.0,1976.0
2016-08-10,25.45,25.55,25.45,25.5,4246.0,25.45,0.0,25.55,25.45,25.5,1.0,4246.0
2016-08-09,25.4501,25.6499,25.4501,25.452,900.0,25.4501,0.0,25.6499,25.4501,25.452,1.0,900.0
2016-08-08,25.1001,25.55,25.1001,25.46,4887.0,25.1001,0.0,25.55,25.1001,25.46,1.0,4887.0
2016-08-05,25.43,25.47,25.37,25.47,2340.0,25.43,0.0,25.47,25.37,25.47,1.0,2340.0
2016-08-04,25.376,25.4,25.3001,25.4,4700.0,25.376,0.0,25.4,25.3001,25.4,1.0,4700.0
2016-08-03,25.352,25.352,25.352,25.352,462.0,25.352,0.0,25.352,25.352,25.352,1.0,462.0
2016-08-02,25.528,25.5499,25.33,25.5499,4403.0,25.528,0.0,25.5499,25.33,25.5499,1.0,4403.0
2016-08-01,25.38,25.3999,25.37,25.375,1130.0,25.38,0.0,25.3999,25.37,25.375,1.0,1130.0
2016-07-29,25.3462,25.5499,25.3025,25.3025,2250.0,25.3462,0.0,25.5499,25.3025,25.3025,1.0,2250.0
2016-07-28,25.3001,25.4499,25.3001,25.3001,2210.0,25.3001,0.0,25.4499,25.3001,25.3001,1.0,2210.0
2016-07-27,25.3,25.3,25.3,25.3,190.0,25.3,0.0,25.3,25.3,25.3,1.0,190.0
2016-07-26,25.3299,25.65,25.17,25.5937,3713.0,25.3299,0.0,25.65,25.17,25.5937,1.0,3713.0
2016-07-25,25.35,25.57,25.35,25.361,3900.0,25.35,0.0,25.57,25.35,25.361,1.0,3900.0
2016-07-22,25.3542,25.3542,25.35,25.35,1473.0,25.3542,0.0,25.3542,25.35,25.35,1.0,1473.0
2016-07-21,25.35,25.35,25.35,25.35,2305.0,25.35,0.0,25.35,25.35,25.35,1.0,2305.0
2016-07-20,25.5686,25.57,25.25,25.25,794.0,25.5686,0.0,25.57,25.25,25.25,1.0,794.0
2016-07-19,25.1501,25.3535,25.1101,25.3535,4980.0,25.1501,0.0,25.3535,25.1101,25.3535,1.0,4980.0
2016-07-18,25.4,25.4001,25.3,25.3499,7478.0,25.4,0.0,25.4001,25.3,25.3499,1.0,7478.0
2016-07-15,25.3001,25.3999,25.3,25.35,2935.0,25.3001,0.0,25.3999,25.3,25.35,1.0,2935.0
2016-07-14,25.4,25.4,25.4,25.4,101.0,25.4,0.0,25.4,25.4,25.4,1.0,101.0
2016-07-13,25.25,25.25,25.06,25.0601,2501.0,25.25,0.0,25.25,25.06,25.0601,1.0,2501.0
2016-07-12,25.1875,25.57,25.05,25.05,6775.0,25.1875,0.0,25.57,25.05,25.05,1.0,6775.0
2016-07-11,25.03,25.4,25.02,25.26,5400.0,25.03,0.0,25.4,25.02,25.26,1.0,5400.0
2016-07-08,25.0001,25.23,25.0,25.22,2836.0,25.0001,0.0,25.23,25.0,25.22,1.0,2836.0
2016-07-07,25.0,25.1199,24.95,25.1199,2400.0,25.0,0.0,25.1199,24.95,25.1199,1.0,2400.0
2016-07-06,25.162,25.18,25.0,25.15,1540.0,25.162,0.0,25.18,25.0,25.15,1.0,1540.0
2016-07-05,25.2099,25.2099,24.97,24.97,2099.0,25.2099,0.0,25.2099,24.97,24.97,1.0,2099.0
2016-07-01,24.93,24.99,24.9,24.99,2962.0,24.93,0.0,24.99,24.9,24.99,1.0,2962.0
2016-06-30,24.9862,25.3499,24.97,25.3499,2411.0,24.9862,0.0,25.3499,24.97,25.3499,1.0,2411.0
2016-06-29,25.0999,25.1,24.98,24.995,3377.0,25.0999,0.0,25.1,24.98,24.995,1.0,3377.0
2016-06-28,24.9999,24.9999,24.7501,24.8,1370.0,24.9999,0.0,24.9999,24.7501,24.8,1.0,1370.0
2016-06-27,24.73,25.15,24.598,25.15,1649.0,24.73,0.0,25.15,24.598,25.15,1.0,1649.0
2016-06-24,25.29,25.29,25.0,25.02,3275.0,25.29,0.0,25.29,25.0,25.02,1.0,3275.0
2016-06-23,25.22,25.22,25.0101,25.22,5141.0,25.22,0.0,25.22,25.0101,25.22,1.0,5141.0
2016-06-22,25.3999,25.3999,25.26,25.26,775.0,25.3999,0.0,25.3999,25.26,25.26,1.0,775.0
2016-06-21,25.12,25.2,25.095,25.2,1360.0,25.12,0.0,25.2,25.095,25.2,1.0,1360.0
2016-06-20,25.1999,25.1999,24.9844,24.9844,1975.0,25.1999,0.0,25.1999,24.9844,24.9844,1.0,1975.0
2016-06-17,24.88,25.33,24.88,25.33,1601.0,24.88,0.0,25.33,24.88,25.33,1.0,1601.0
2016-06-16,24.88,24.99,24.88,24.98,1126.0,24.88,0.0,24.99,24.88,24.98,1.0,1126.0
2016-06-15,24.949,24.949,24.949,24.949,2000.0,24.949,0.0,24.949,24.949,24.949,1.0,2000.0
2016-06-14,24.9799,24.9799,24.95,24.95,601.0,24.9799,0.0,24.9799,24.95,24.95,1.0,601.0
2016-06-13,24.646,24.86,24.61,24.86,3835.0,24.646,0.0,24.86,24.61,24.86,1.0,3835.0
2016-06-10,24.7348,25.0,24.5101,25.0,3635.0,24.7348,0.0,25.0,24.5101,25.0,1.0,3635.0
2016-06-09,25.0,25.184,25.0,25.184,755.0,25.0,0.0,25.184,25.0,25.184,1.0,755.0
2016-06-08,25.0,25.13,24.8056,25.05,5808.0,25.0,0.0,25.13,24.8056,25.05,1.0,5808.0
2016-06-07,25.0,25.0,24.93,24.9999,10110.0,25.0,0.0,25.0,24.93,24.9999,1.0,10110.0
2016-06-06,24.9,25.0325,24.9,24.9,5140.0,24.9,0.0,25.0325,24.9,24.9,1.0,5140.0
2016-06-03,24.9,24.9,24.7601,24.7601,2970.0,24.9,0.0,24.9,24.7601,24.7601,1.0,2970.0
2016-06-02,24.89,24.98,24.85,24.9099,2080.0,24.89,0.0,24.98,24.85,24.9099,1.0,2080.0
2016-06-01,24.85,25.03,24.85,25.03,1528.0,24.85,0.0,25.03,24.85,25.03,1.0,1528.0
2016-05-31,24.8999,25.7399,24.75,25.7399,2616.0,24.8999,0.0,25.7399,24.75,25.7399,1.0,2616.0
2016-05-27,25.5,25.5,25.15,25.15,760.0,25.5,0.0,25.5,25.15,25.15,1.0,760.0
2016-05-26,24.9,25.25,24.435,24.5,5705.0,24.9,0.0,25.25,24.435,24.5,1.0,5705.0
2016-05-25,24.59,24.68,24.5,24.68,5850.0,24.59,0.0,24.68,24.5,24.68,1.0,5850.0
2016-05-24,24.8,24.8001,24.4585,24.73,14000.0,24.8,0.0,24.8001,24.4585,24.73,1.0,14000.0
2016-05-23,24.7299,24.8,24.5,24.78,18776.0,24.7299,0.0,24.8,24.5,24.78,1.0,18776.0
2016-05-20,24.724,24.78,24.55,24.55,4550.0,24.724,0.0,24.78,24.55,24.55,1.0,4550.0
2016-05-19,24.57,24.7789,24.5001,24.6,4475.0,24.57,0.0,24.7789,24.5001,24.6,1.0,4475.0
2016-05-18,24.75,24.77,24.5,24.6,2449.0,24.75,0.0,24.77,24.5,24.6,1.0,2449.0
2016-05-17,24.6008,24.603,24.6,24.603,1024.0,24.6008,0.0,24.603,24.6,24.603,1.0,1024.0
2016-05-16,24.5,24.7799,24.2751,24.76,2963.0,24.5,0.0,24.7799,24.2751,24.76,1.0,2963.0
2016-05-13,24.7799,24.7799,24.34,24.4378,4452.0,24.7799,0.0,24.7799,24.34,24.4378,1.0,4452.0
2016-05-12,24.4,24.42,24.22,24.4,6435.0,24.4,0.0,24.42,24.22,24.4,1.0,6435.0
2016-05-11,24.37,24.37,24.37,24.37,0.0,24.37,0.0,24.37,24.37,24.37,1.0,0.0
2016-05-10,24.37,24.7,24.36,24.7,1100.0,24.37,0.0,24.7,24.36,24.7,1.0,1100.0
2016-05-09,24.84,24.84,24.84,24.84,0.0,24.84,0.0,24.84,24.84,24.84,1.0,0.0
2016-05-06,24.84,24.9399,24.31,24.31,4499.0,24.84,0.0,24.9399,24.31,24.31,1.0,4499.0
2016-05-05,24.26,24.26,24.26,24.26,5490.0,24.26,0.0,24.26,24.26,24.26,1.0,5490.0
2016-05-04,24.58,24.58,24.4,24.4,1703.0,24.58,0.0,24.58,24.4,24.4,1.0,1703.0
2016-05-03,24.4,24.63,24.4,24.59,19358.0,24.4,0.0,24.63,24.4,24.59,1.0,19358.0
2016-05-02,24.26,24.67,24.26,24.55,3568.0,24.26,0.0,24.67,24.26,24.55,1.0,3568.0
2016-04-29,24.5899,24.5899,24.2101,24.4199,7500.0,24.5899,0.0,24.5899,24.2101,24.4199,1.0,7500.0
2016-04-28,24.4399,24.4799,24.2201,24.247,2240.0,24.4399,0.0,24.4799,24.2201,24.247,1.0,2240.0
2016-04-27,24.2001,24.4,24.2,24.2,800.0,24.2001,0.0,24.4,24.2,24.2,1.0,800.0
2016-04-26,24.18,24.5499,24.18,24.4,2265.0,24.18,0.0,24.5499,24.18,24.4,1.0,2265.0
2016-04-25,24.0501,24.45,24.02,24.3836,9711.0,24.0501,0.0,24.45,24.02,24.3836,1.0,9711.0
2016-04-22,24.4999,24.4999,23.66,24.24,1951.0,24.4999,0.0,24.4999,23.66,24.24,1.0,1951.0
2016-04-21,24.3201,24.346,24.24,24.24,1650.0,24.3201,0.0,24.346,24.24,24.24,1.0,1650.0
2016-04-20,24.3746,24.3746,24.3746,24.3746,44.0,24.3746,0.0,24.3746,24.3746,24.3746,1.0,44.0
2016-04-19,24.51,24.68,24.51,24.68,3730.0,24.51,0.0,24.68,24.51,24.68,1.0,3730.0
2016-04-18,24.69,24.69,24.594,24.69,1234.0,24.69,0.0,24.69,24.594,24.69,1.0,1234.0
2016-04-15,24.47,24.47,24.466,24.467,1725.0,24.47,0.0,24.47,24.466,24.467,1.0,1725.0
2016-04-14,24.3579,24.48,24.3106,24.3765,2870.0,24.3579,0.0,24.48,24.3106,24.3765,1.0,2870.0
2016-04-13,24.3101,24.47,24.2501,24.2501,3040.0,24.3101,0.0,24.47,24.2501,24.2501,1.0,3040.0
2016-04-12,24.2099,24.2099,24.2099,24.2099,100.0,24.2099,0.0,24.2099,24.2099,24.2099,1.0,100.0
2016-04-11,24.2001,24.24,24.15,24.15,1840.0,24.2001,0.0,24.24,24.15,24.15,1.0,1840.0
2016-04-08,24.15,24.15,23.81,23.81,200.0,24.15,0.0,24.15,23.81,23.81,1.0,200.0
2016-04-07,24.1999,24.3515,23.85,24.3515,3424.0,24.1999,0.0,24.3515,23.85,24.3515,1.0,3424.0
2016-04-06,24.318,24.46,24.24,24.24,2200.0,24.318,0.0,24.46,24.24,24.24,1.0,2200.0
2016-04-05,24.25,24.26,23.8,24.23,1764.0,24.25,0.0,24.26,23.8,24.23,1.0,1764.0
2016-04-04,24.22,24.22,23.98,23.98,1661.0,24.22,0.0,24.22,23.98,23.98,1.0,1661.0
2016-04-01,24.0718,24.2516,24.01,24.2516,1236.0,24.0718,0.0,24.2516,24.01,24.2516,1.0,1236.0
2016-03-31,24.13,24.24,23.71,24.24,2693.0,24.13,0.0,24.24,23.71,24.24,1.0,2693.0
2016-03-30,24.13,24.19,23.75,23.75,8895.0,24.13,0.0,24.19,23.75,23.75,1.0,8895.0
2016-03-29,23.6095,23.6095,23.2601,23.2601,2562.0,23.6095,0.0,23.6095,23.2601,23.2601,1.0,2562.0
2016-03-28,23.55,23.9773,22.94,23.65,14871.0,23.55,0.0,23.9773,22.94,23.65,1.0,14871.0
2016-03-24,23.59,23.976,23.59,23.631,3697.0,23.59,0.0,23.976,23.59,23.631,1.0,3697.0
2016-03-23,24.01,24.02,23.66,24.0,4418.0,24.01,0.0,24.02,23.66,24.0,1.0,4418.0
2016-03-22,24.03,24.04,24.03,24.03,900.0,24.03,0.0,24.04,24.03,24.03,1.0,900.0
2016-03-21,24.0399,24.0399,24.0399,24.0399,0.0,24.0399,0.0,24.0399,24.0399,24.0399,1.0,0.0
2016-03-18,24.0399,24.05,24.0225,24.045,1620.0,24.0399,0.0,24.05,24.0225,24.045,1.0,1620.0
2016-03-17,24.0499,24.0499,24.0499,24.0499,0.0,24.0499,0.0,24.0499,24.0499,24.0499,1.0,0.0
2016-03-16,24.0499,24.08,23.8,24.08,2132.0,24.0499,0.0,24.08,23.8,24.08,1.0,2132.0
2016-03-15,23.8,23.8,23.5195,23.5195,2002.0,23.8,0.0,23.8,23.5195,23.5195,1.0,2002.0
2016-03-14,23.7952,23.8699,23.7952,23.8699,400.0,23.7952,0.0,23.8699,23.7952,23.8699,1.0,400.0
2016-03-11,23.84,23.84,23.65,23.65,2247.0,23.84,0.0,23.84,23.65,23.65,1.0,2247.0
2016-03-10,23.85,23.89,23.56,23.8899,1400.0,23.85,0.0,23.89,23.56,23.8899,1.0,1400.0
2016-03-09,23.796,23.796,23.796,23.796,0.0,23.796,0.0,23.796,23.796,23.796,1.0,0.0
2016-03-08,23.796,23.796,23.4001,23.4001,872.0,23.796,0.0,23.796,23.4001,23.4001,1.0,872.0
2016-03-07,23.3411,23.3411,23.3411,23.3411,200.0,23.3411,0.0,23.3411,23.3411,23.3411,1.0,200.0
2016-03-04,23.3321,23.49,23.3321,23.34,1324.0,23.3321,0.0,23.49,23.3321,23.34,1.0,1324.0
2016-03-03,23.3,23.3499,23.25,23.3499,1385.0,23.3,0.0,23.3499,23.25,23.3499,1.0,1385.0
2016-03-02,23.25,23.34,23.0,23.2017,3778.0,23.25,0.0,23.34,23.0,23.2017,1.0,3778.0
2016-03-01,23.0,23.0,22.62,22.9,8979.0,23.0,0.0,23.0,22.62,22.9,1.0,8979.0
2016-02-29,22.99,23.16,22.99,23.16,723.0,22.99,0.0,23.16,22.99,23.16,1.0,723.0
2016-02-26,22.97,23.0,22.94,23.0,2398.0,22.97,0.0,23.0,22.94,23.0,1.0,2398.0
2016-02-25,22.95,23.3399,22.8,23.3399,3502.0,22.95,0.0,23.3399,22.8,23.3399,1.0,3502.0
2016-02-24,23.3599,23.36,22.85,23.15,6400.0,23.3599,0.0,23.36,22.85,23.15,1.0,6400.0
2016-02-23,23.15,23.15,23.15,23.15,401.0,23.15,0.0,23.15,23.15,23.15,1.0,401.0
2016-02-22,22.7111,23.15,22.661,22.6615,600.0,22.7111,0.0,23.15,22.661,22.6615,1.0,600.0
2016-02-19,23.2299,23.42,22.72,23.42,1520.0,23.2299,0.0,23.42,22.72,23.42,1.0,1520.0
2016-02-18,23.09,23.44,22.5101,22.5101,1024.0,23.09,0.0,23.44,22.5101,22.5101,1.0,1024.0
2016-02-17,23.5392,23.5392,22.3712,22.42,1200.0,23.5392,0.0,23.5392,22.3712,22.42,1.0,1200.0
2016-02-16,22.4201,23.2,22.4201,22.4215,1290.0,22.4201,0.0,23.2,22.4201,22.4215,1.0,1290.0
2016-02-12,22.9899,22.9899,22.9899,22.9899,504.0,22.9899,0.0,22.9899,22.9899,22.9899,1.0,504.0
2016-02-11,22.9929,22.9929,22.9929,22.9929,0.0,22.9929,0.0,22.9929,22.9929,22.9929,1.0,0.0
2016-02-10,22.9929,23.39,22.9929,23.39,500.0,22.9929,0.0,23.39,22.9929,23.39,1.0,500.0
2016-02-09,23.55,23.73,22.6381,23.69,3325.0,23.55,0.0,23.73,22.6381,23.69,1.0,3325.0
2016-02-08,23.3253,23.7899,22.7001,23.245,1250.0,23.3253,0.0,23.7899,22.7001,23.245,1.0,1250.0
2016-02-05,23.5,23.5,23.5,23.5,0.0,23.5,0.0,23.5,23.5,23.5,1.0,0.0
2016-02-04,23.5,23.5,23.5,23.5,0.0,23.5,0.0,23.5,23.5,23.5,1.0,0.0
2016-02-03,23.5,23.71,23.201,23.3011,2609.0,23.5,0.0,23.71,23.201,23.3011,1.0,2609.0
2016-02-02,23.4299,23.439,22.65,23.23,5398.0,23.4299,0.0,23.439,22.65,23.23,1.0,5398.0
2016-02-01,22.86,23.716,22.86,23.51,911.0,22.86,0.0,23.716,22.86,23.51,1.0,911.0
2016-01-29,23.8585,23.8585,23.8585,23.8585,550.0,23.8585,0.0,23.8585,23.8585,23.8585,1.0,550.0
2016-01-28,23.3764,23.51,23.3764,23.5,1400.0,23.3764,0.0,23.51,23.3764,23.5,1.0,1400.0
2016-01-27,23.449,23.449,22.7501,22.7501,3245.0,23.449,0.0,23.449,22.7501,22.7501,1.0,3245.0
2016-01-26,22.9985,23.399,22.34,22.41,7607.0,22.9985,0.0,23.399,22.34,22.41,1.0,7607.0
2016-01-25,23.2385,23.399,22.1001,23.29,1606.0,23.2385,0.0,23.399,22.1001,23.29,1.0,1606.0
2016-01-22,23.3011,23.4899,22.74,23.4,4101.0,23.3011,0.0,23.4899,22.74,23.4,1.0,4101.0
2016-01-21,23.51,23.51,22.2501,22.2501,9545.0,23.51,0.0,23.51,22.2501,22.2501,1.0,9545.0
2016-01-20,21.61,23.5,21.44,23.12,33204.0,21.61,0.0,23.5,21.44,23.12,1.0,33204.0
2016-01-19,22.95,23.43,22.75,23.19,3297.0,22.95,0.0,23.43,22.75,23.19,1.0,3297.0
2016-01-15,22.99,23.2989,21.861,23.2989,4030.0,22.99,0.0,23.2989,21.861,23.2989,1.0,4030.0
2016-01-14,23.5,24.4,23.17,24.4,11918.0,23.5,0.0,24.4,23.17,24.4,1.0,11918.0
2016-01-13,24.02,24.8699,23.93,24.53,4620.0,24.02,0.0,24.8699,23.93,24.53,1.0,4620.0
2016-01-12,24.86,25.03,24.86,24.9601,9666.0,24.86,0.0,25.03,24.86,24.9601,1.0,9666.0
2016-01-11,25.0875,25.0875,24.8222,24.8222,3601.0,25.0875,0.0,25.0875,24.8222,24.8222,1.0,3601.0
2016-01-08,24.9899,24.9899,24.9899,24.9899,500.0,24.9899,0.0,24.9899,24.9899,24.9899,1.0,500.0
2016-01-07,25.0,25.109,24.9,24.9,1900.0,25.0,0.0,25.109,24.9,24.9,1.0,1900.0
2016-01-06,24.9,24.9688,24.82,24.82,989.0,24.9,0.0,24.9688,24.82,24.82,1.0,989.0
2016-01-05,24.97,25.034,24.97,25.034,1240.0,24.97,0.0,25.034,24.97,25.034,1.0,1240.0
2016-01-04,25.029,25.03,24.77,24.77,934.0,25.029,0.0,25.03,24.77,24.77,1.0,934.0
2015-12-31,24.995,24.995,24.93,24.93,442.0,24.995,0.0,24.995,24.93,24.93,1.0,442.0
2015-12-30,25.0299,25.0299,25.0299,25.0299,0.0,25.0299,0.0,25.0299,25.0299,25.0299,1.0,0.0
2015-12-29,25.0299,25.0299,25.0299,25.0299,400.0,25.0299,0.0,25.0299,25.0299,25.0299,1.0,400.0
2015-12-28,24.89,25.27,24.8384,24.95,3921.0,24.89,0.0,25.27,24.8384,24.95,1.0,3921.0
2015-12-24,25.0,25.0,25.0,25.0,0.0,25.0,0.0,25.0,25.0,25.0,1.0,0.0
2015-12-23,25.0,25.15,25.0,25.15,3517.0,25.0,0.0,25.15,25.0,25.15,1.0,3517.0
2015-12-22,25.1048,25.29,25.1048,25.29,1003.0,25.1048,0.0,25.29,25.1048,25.29,1.0,1003.0
2015-12-21,25.1,25.25,25.01,25.0115,6434.0,25.1,0.0,25.25,25.01,25.0115,1.0,6434.0
2015-12-18,25.26,25.3,24.45,24.9099,2970.0,25.26,0.0,25.3,24.45,24.9099,1.0,2970.0
2015-12-17,24.81,24.81,24.721,24.721,2150.0,24.81,0.0,24.81,24.721,24.721,1.0,2150.0
2015-12-16,25.0,25.0,24.3399,24.3399,9225.0,25.0,0.0,25.0,24.3399,24.3399,1.0,9225.0
2015-12-15,24.596,25.3599,24.2601,25.3599,4245.0,24.596,0.0,25.3599,24.2601,25.3599,1.0,4245.0
2015-12-14,24.9599,25.124,24.02,25.06,8659.0,24.9599,0.0,25.124,24.02,25.06,1.0,8659.0
2015-12-11,25.1608,25.2744,25.06,25.25,6560.0,25.1608,0.0,25.2744,25.06,25.25,1.0,6560.0
2015-12-10,25.18,25.3699,25.18,25.2,3276.0,25.18,0.0,25.3699,25.18,25.2,1.0,3276.0
2015-12-09,25.18,25.377,25.17,25.3699,2480.0,25.18,0.0,25.377,25.17,25.3699,1.0,2480.0
2015-12-08,25.31,25.4,25.3,25.3001,5259.0,25.31,0.0,25.4,25.3,25.3001,1.0,5259.0
2015-12-07,25.25,25.26,25.25,25.25,900.0,25.25,0.0,25.26,25.25,25.25,1.0,900.0
2015-12-04,25.21,25.294,25.2,25.21,700.0,25.21,0.0,25.294,25.2,25.21,1.0,700.0
2015-12-03,25.24,25.33,25.17,25.33,1600.0,25.24,0.0,25.33,25.17,25.33,1.0,1600.0
2015-12-02,25.32,25.32,25.06,25.06,5359.0,25.32,0.0,25.32,25.06,25.06,1.0,5359.0
2015-12-01,25.25,25.25,25.16,25.16,1202.0,25.25,0.0,25.25,25.16,25.16,1.0,1202.0
2015-11-30,25.03,25.18,25.02,25.18,5863.0,25.03,0.0,25.18,25.02,25.18,1.0,5863.0
2015-11-27,25.1508,25.17,25.1508,25.1588,600.0,25.1508,0.0,25.17,25.1508,25.1588,1.0,600.0
2015-11-25,25.13,25.2,25.1,25.1,700.0,25.13,0.0,25.2,25.1,25.1,1.0,700.0
2015-11-24,25.09,25.2399,25.04,25.2399,6200.0,25.09,0.0,25.2399,25.04,25.2399,1.0,6200.0
2015-11-23,25.17,25.2295,25.1015,25.1242,5765.0,25.17,0.0,25.2295,25.1015,25.1242,1.0,5765.0
2015-11-20,25.22,25.244,25.2,25.23,3900.0,25.22,0.0,25.244,25.2,25.23,1.0,3900.0
2015-11-19,25.29,25.29,25.27,25.27,965.0,25.29,0.0,25.29,25.27,25.27,1.0,965.0
2015-11-18,25.25,25.29,25.2,25.2,10125.0,25.25,0.0,25.29,25.2,25.2,1.0,10125.0
2015-11-17,25.25,25.25,25.2,25.2001,900.0,25.25,0.0,25.25,25.2,25.2001,1.0,900.0
2015-11-16,25.17,25.18,25.108,25.108,1100.0,25.17,0.0,25.18,25.108,25.108,1.0,1100.0
2015-11-13,25.0199,25.1,24.92,25.1,5780.0,25.0199,0.0,25.1,24.92,25.1,1.0,5780.0
2015-11-12,25.11,25.26,25.0501,25.2,5000.0,25.11,0.0,25.26,25.0501,25.2,1.0,5000.0
2015-11-11,25.05,25.25,25.05,25.05,5140.0,25.05,0.0,25.25,25.05,25.05,1.0,5140.0
2015-11-10,25.0401,25.38,25.0401,25.3,1300.0,25.0401,0.0,25.38,25.0401,25.3,1.0,1300.0
2015-11-09,25.2,25.38,25.175,25.38,3292.0,25.2,0.0,25.38,25.175,25.38,1.0,3292.0
2015-11-06,25.29,25.39,25.0701,25.39,7222.0,25.29,0.0,25.39,25.0701,25.39,1.0,7222.0
2015-11-05,25.29,25.29,25.15,25.29,8375.0,25.29,0.0,25.29,25.15,25.29,1.0,8375.0
2015-11-04,25.14,25.29,25.03,25.29,7835.0,25.14,0.0,25.29,25.03,25.29,1.0,7835.0
2015-11-03,25.19,25.19,24.86,25.0,10306.0,25.19,0.0,25.19,24.86,25.0,1.0,10306.0
2015-11-02,25.05,25.05,24.92,24.949,3500.0,25.05,0.0,25.05,24.92,24.949,1.0,3500.0
2015-10-30,24.85,24.95,24.52,24.52,11256.0,24.85,0.0,24.95,24.52,24.52,1.0,11256.0
2015-10-29,24.6,24.7699,24.4,24.43,28727.0,24.6,0.0,24.7699,24.4,24.43,1.0,28727.0
2015-10-28,24.5,24.99,24.32,24.69,86586.0,24.5,0.0,24.99,24.32,24.69,1.0,86586.0
2015-10-27,24.66,24.7299,24.4,24.6,12383.0,24.66,0.0,24.7299,24.4,24.6,1.0,12383.0
2015-10-26,24.65,24.65,24.06,24.46,11983.0,24.65,0.0,24.65,24.06,24.46,1.0,11983.0
2015-10-23,24.38,24.5,24.2,24.2,15661.0,24.38,0.0,24.5,24.2,24.2,1.0,15661.0
2015-10-22,24.37,24.489,24.1,24.489,9007.0,24.37,0.0,24.489,24.1,24.489,1.0,9007.0
2015-10-21,24.44,24.51,24.195,24.2,20038.0,24.44,0.0,24.51,24.195,24.2,1.0,20038.0
2015-10-20,24.09,24.34,24.09,24.2999,9532.0,24.09,0.0,24.34,24.09,24.2999,1.0,9532.0
2015-10-19,24.24,24.3799,24.05,24.17,26698.0,24.24,0.0,24.3799,24.05,24.17,1.0,26698.0
2015-10-16,24.08,24.45,23.92,24.3,140485.0,24.08,0.0,24.45,23.92,24.3,1.0,140485.0
2015-10-15,24.3,24.6599,24.21,24.49,40405.0,24.3,0.0,24.6599,24.21,24.49,1.0,40405.0
2015-10-14,24.32,24.685,24.27,24.685,9119.0,24.32,0.0,24.685,24.27,24.685,1.0,9119.0
2015-10-13,24.6004,24.74,24.6004,24.74,3159.0,24.6004,0.0,24.74,24.6004,24.74,1.0,3159.0
2015-10-12,24.6,24.8199,24.569,24.65,8599.0,24.6,0.0,24.8199,24.569,24.65,1.0,8599.0
2015-10-09,24.65,24.7799,24.6,24.7799,6478.0,24.65,0.0,24.7799,24.6,24.7799,1.0,6478.0
2015-10-08,24.64,24.78,24.59,24.621,12155.0,24.64,0.0,24.78,24.59,24.621,1.0,12155.0
2015-10-07,24.51,25.1,24.51,24.8001,107900.0,24.51,0.0,25.1,24.51,24.8001,1.0,107900.0
2015-10-06,24.77,24.94,24.77,24.94,1789.0,24.77,0.0,24.94,24.77,24.94,1.0,1789.0
2015-10-05,24.82,25.02,24.78,24.92,26405.0,24.82,0.0,25.02,24.78,24.92,1.0,26405.0
2015-10-02,24.96,25.0001,24.85,24.88,27482.0,24.96,0.0,25.0001,24.85,24.88,1.0,27482.0
2015-10-01,24.94,25.27,24.9,25.05,155962.0,24.94,0.0,25.27,24.9,25.05,1.0,155962.0
2015-09-30,24.9,25.23,24.71,25.22,49691.0,24.9,0.0,25.23,24.71,25.22,1.0,49691.0
2015-09-29,25.07,25.42,24.74,24.83,185206.0,25.07,0.0,25.42,24.74,24.83,1.0,185206.0
2015-09-28,24.87,25.14,24.7656,25.14,8216.0,24.87,0.0,25.14,24.7656,25.14,1.0,8216.0
2015-09-25,25.15,25.2499,25.05,25.2499,18164.0,25.15,0.0,25.2499,25.05,25.2499,1.0,18164.0
2015-09-24,25.18,25.24,25.1001,25.24,2392.0,25.18,0.0,25.24,25.1001,25.24,1.0,2392.0
2015-09-23,25.16,25.29,25.1301,25.26,11850.0,25.16,0.0,25.29,25.1301,25.26,1.0,11850.0
2015-09-22,25.15,25.4,25.15,25.32,31401.0,25.15,0.0,25.4,25.15,25.32,1.0,31401.0
2015-09-21,25.2501,25.53,25.25,25.49,34522.0,25.2501,0.0,25.53,25.25,25.49,1.0,34522.0
2015-09-18,25.41,25.9166,25.29,25.6,84554.0,25.41,0.0,25.9166,25.29,25.6,1.0,84554.0
2015-09-17,25.52,26.74,25.04,25.1599,333201.0,25.52,0.0,26.74,25.04,25.1599,1.0,333201.0
2015-09-16,25.2,25.44,25.15,25.15,75867.0,25.2,0.0,25.44,25.15,25.15,1.0,75867.0
2015-09-15,25.16,25.27,25.12,25.15,32550.0,25.16,0.0,25.27,25.12,25.15,1.0,32550.0
2015-09-14,25.15,25.22,25.1,25.1,2819.0,25.15,0.0,25.22,25.1,25.1,1.0,2819.0
2015-09-11,25.15,25.41,25.02,25.41,45821.0,25.15,0.0,25.41,25.02,25.41,1.0,45821.0
2015-09-10,25.55,25.75,25.014,25.24,211709.0,25.55,0.0,25.75,25.014,25.24,1.0,211709.0
2015-09-09,25.11,25.36,24.88,25.35,78853.0,25.11,0.0,25.36,24.88,25.35,1.0,78853.0
2015-09-08,25.21,25.398,25.16,25.28,79237.0,25.21,0.0,25.398,25.16,25.28,1.0,79237.0
2015-09-04,25.2795,25.39,25.11,25.17,81787.0,25.2795,0.0,25.39,25.11,25.17,1.0,81787.0
2015-09-03,25.14,25.41,25.11,25.3501,109638.0,25.14,0.0,25.41,25.11,25.3501,1.0,109638.0
2015-09-02,25.37,25.44,24.92,25.02,126231.0,25.37,0.0,25.44,24.92,25.02,1.0,126231.0
2015-09-01,24.93,25.1999,24.76,25.09,106510.0,24.93,0.0,25.1999,24.76,25.09,1.0,106510.0
2015-08-31,25.05,25.36,24.63,24.94,176490.0,25.05,0.0,25.36,24.63,24.94,1.0,176490.0
2015-08-28,25.01,25.25,24.682,25.184,90851.0,25.01,0.0,25.25,24.682,25.184,1.0,90851.0
2015-08-27,25.05,25.31,24.88,25.31,8358.0,25.05,0.0,25.31,24.88,25.31,1.0,8358.0
2015-08-26,25.15,25.43,25.05,25.38,58660.0,25.15,0.0,25.43,25.05,25.38,1.0,58660.0
2015-08-25,25.19,25.45,24.896,25.37,138105.0,25.19,0.0,25.45,24.896,25.37,1.0,138105.0
2015-08-24,24.99,25.1,24.75,25.1,56392.0,24.99,0.0,25.1,24.75,25.1,1.0,56392.0
2015-08-21,25.2379,25.2379,25.2379,25.2379,189.0,25.2379,0.0,25.2379,25.2379,25.2379,1.0,189.0
2015-08-20,25.36,25.48,25.1,25.14,107738.0,25.36,0.0,25.48,25.1,25.14,1.0,107738.0
2015-08-19,25.2,25.22,25.08,25.12,68704.0,25.2,0.0,25.22,25.08,25.12,1.0,68704.0
2015-08-18,25.16,25.2399,25.1357,25.22,5050.0,25.16,0.0,25.2399,25.1357,25.22,1.0,5050.0
2015-08-17,25.4446,25.474,25.12,25.12,79367.0,25.4446,0.0,25.474,25.12,25.12,1.0,79367.0
2015-08-14,25.24,25.43,25.23,25.4201,37340.0,25.24,0.0,25.43,25.23,25.4201,1.0,37340.0
2015-08-13,25.36,25.37,25.15,25.19,18400.0,25.36,0.0,25.37,25.15,25.19,1.0,18400.0
2015-08-12,25.35,25.39,25.235,25.24,1900.0,25.35,0.0,25.39,25.235,25.24,1.0,1900.0
2015-08-11,25.37,25.44,25.17,25.2399,50878.0,25.37,0.0,25.44,25.17,25.2399,1.0,50878.0
2015-08-10,25.26,25.47,25.2501,25.47,2800.0,25.26,0.0,25.47,25.2501,25.47,1.0,2800.0
2015-08-07,25.44,25.4599,25.2,25.2,4841.0,25.44,0.0,25.4599,25.2,25.2,1.0,4841.0
2015-08-06,25.4599,25.4599,25.45,25.45,779.0,25.4599,0.0,25.4599,25.45,25.45,1.0,779.0
2015-08-05,25.45,25.4507,25.45,25.4507,1706.0,25.45,0.0,25.4507,25.45,25.4507,1.0,1706.0
2015-08-04,25.4,25.4,25.4,25.4,166.0,25.4,0.0,25.4,25.4,25.4,1.0,166.0
2015-08-03,25.22,25.22,25.22,25.22,0.0,25.22,0.0,25.22,25.22,25.22,1.0,0.0
2015-07-31,25.22,25.4599,25.19,25.4599,2005.0,25.22,0.0,25.4599,25.19,25.4599,1.0,2005.0
2015-07-30,25.3999,25.3999,25.3999,25.3999,437.0,25.3999,0.0,25.3999,25.3999,25.3999,1.0,437.0
2015-07-29,25.22,25.2259,25.19,25.21,4100.0,25.22,0.0,25.2259,25.19,25.21,1.0,4100.0
2015-07-28,25.1801,25.21,25.16,25.21,5600.0,25.1801,0.0,25.21,25.16,25.21,1.0,5600.0
2015-07-27,25.21,25.4699,25.21,25.32,10038.0,25.21,0.0,25.4699,25.21,25.32,1.0,10038.0
2015-07-24,25.38,25.38,25.38,25.38,0.0,25.38,0.0,25.38,25.38,25.38,1.0,0.0
2015-07-23,25.38,25.38,25.35,25.36,2200.0,25.38,0.0,25.38,25.35,25.36,1.0,2200.0
2015-07-22,25.25,25.3336,25.22,25.3,3580.0,25.25,0.0,25.3336,25.22,25.3,1.0,3580.0
2015-07-21,25.424,25.4399,25.424,25.4299,3295.0,25.424,0.0,25.4399,25.424,25.4299,1.0,3295.0
2015-07-20,25.429,25.4299,25.25,25.25,2193.0,25.429,0.0,25.4299,25.25,25.25,1.0,2193.0
2015-07-17,25.355,25.355,25.25,25.25,1200.0,25.355,0.0,25.355,25.25,25.25,1.0,1200.0
2015-07-16,25.49,25.49,25.2099,25.45,10058.0,25.49,0.0,25.49,25.2099,25.45,1.0,10058.0
2015-07-15,25.439,25.4799,25.3,25.4799,3710.0,25.439,0.0,25.4799,25.3,25.4799,1.0,3710.0
2015-07-14,25.301,25.4999,25.3,25.37,2195.0,25.301,0.0,25.4999,25.3,25.37,1.0,2195.0
2015-07-13,25.37,25.389,25.346,25.3498,1225.0,25.37,0.0,25.389,25.346,25.3498,1.0,1225.0
2015-07-10,25.28,25.28,25.28,25.28,775.0,25.28,0.0,25.28,25.28,25.28,1.0,775.0
2015-07-09,25.28,25.5,25.04,25.47,48601.0,25.28,0.0,25.5,25.04,25.47,1.0,48601.0
2015-07-08,25.48,25.48,25.25,25.3,8800.0,25.48,0.0,25.48,25.25,25.3,1.0,8800.0
2015-07-07,25.36,25.4,25.1,25.4,43376.0,25.36,0.0,25.4,25.1,25.4,1.0,43376.0
2015-07-06,25.33,25.4,25.2,25.2999,4810.0,25.33,0.0,25.4,25.2,25.2999,1.0,4810.0
2015-07-02,25.25,25.3,25.25,25.3,1100.0,25.25,0.0,25.3,25.25,25.3,1.0,1100.0
2015-07-01,25.25,25.29,25.25,25.28,1809.0,25.25,0.0,25.29,25.25,25.28,1.0,1809.0
2015-06-30,25.2484,25.25,25.2,25.25,13098.0,25.2484,0.0,25.25,25.2,25.25,1.0,13098.0
2015-06-29,25.23,25.23,25.2,25.2299,7200.0,25.23,0.0,25.23,25.2,25.2299,1.0,7200.0
2015-06-26,25.2499,25.2499,25.2499,25.2499,750.0,25.2499,0.0,25.2499,25.2499,25.2499,1.0,750.0
2015-06-25,25.29,25.29,25.07,25.2798,10503.0,25.29,0.0,25.29,25.07,25.2798,1.0,10503.0
2015-06-24,25.13,25.25,24.94,24.94,9801.0,25.13,0.0,25.25,24.94,24.94,1.0,9801.0
2015-06-23,25.2799,25.29,24.86,25.29,20341.0,25.2799,0.0,25.29,24.86,25.29,1.0,20341.0
2015-06-22,25.2799,25.28,25.23,25.28,2928.0,25.2799,0.0,25.28,25.23,25.28,1.0,2928.0
2015-06-19,25.23,25.28,25.15,25.28,2160.0,25.23,0.0,25.28,25.15,25.28,1.0,2160.0
2015-06-18,25.1892,25.3,25.06,25.3,5629.0,25.1892,0.0,25.3,25.06,25.3,1.0,5629.0
2015-06-17,25.1,25.2,25.01,25.2,31451.0,25.1,0.0,25.2,25.01,25.2,1.0,31451.0
2015-06-16,25.279,25.29,25.1,25.1,5983.0,25.279,0.0,25.29,25.1,25.1,1.0,5983.0
2015-06-15,25.2906,25.3,25.09,25.09,10833.0,25.2906,0.0,25.3,25.09,25.09,1.0,10833.0
2015-06-12,25.1,25.29,25.0964,25.14,6946.0,25.1,0.0,25.29,25.0964,25.14,1.0,6946.0
2015-06-11,25.0999,25.0999,25.09,25.09,4100.0,25.0999,0.0,25.0999,25.09,25.09,1.0,4100.0
2015-06-10,25.0999,25.1,25.0,25.0,3108.0,25.0999,0.0,25.1,25.0,25.0,1.0,3108.0
2015-06-09,25.0,25.1435,24.96,24.96,13210.0,25.0,0.0,25.1435,24.96,24.96,1.0,13210.0
2015-06-08,25.0471,25.05,25.0,25.0499,6475.0,25.0471,0.0,25.05,25.0,25.0499,1.0,6475.0
2015-06-05,25.1,25.1499,25.1,25.1499,1420.0,25.1,0.0,25.1499,25.1,25.1499,1.0,1420.0
2015-06-04,25.08,25.1707,24.95,24.9501,5200.0,25.08,0.0,25.1707,24.95,24.9501,1.0,5200.0
2015-06-03,25.118,25.118,25.05,25.05,225.0,25.118,0.0,25.118,25.05,25.05,1.0,225.0
2015-06-02,25.05,25.14,24.99,25.1,5170.0,25.05,0.0,25.14,24.99,25.1,1.0,5170.0
2015-06-01,25.18,25.18,25.05,25.05,1900.0,25.18,0.0,25.18,25.05,25.05,1.0,1900.0
2015-05-29,25.0499,25.1,24.99,25.0,16610.0,25.0499,0.0,25.1,24.99,25.0,1.0,16610.0
2015-05-28,25.1974,25.1974,25.07,25.07,2950.0,25.1974,0.0,25.1974,25.07,25.07,1.0,2950.0
2015-05-27,25.13,25.1799,25.07,25.1799,6125.0,25.13,0.0,25.1799,25.07,25.1799,1.0,6125.0
2015-05-26,25.05,25.1499,25.05,25.11,2339.0,25.05,0.0,25.1499,25.05,25.11,1.0,2339.0
2015-05-22,24.97,25.16,24.97,25.02,19984.0,24.97,0.0,25.16,24.97,25.02,1.0,19984.0
2015-05-21,25.017,25.2,25.0,25.19,11676.0,25.017,0.0,25.2,25.0,25.19,1.0,11676.0
2015-05-20,25.1772,25.1772,25.11,25.1592,6432.0,25.1772,0.0,25.1772,25.11,25.1592,1.0,6432.0
2015-05-19,25.2,25.24,24.9711,25.13,48924.0,25.2,0.0,25.24,24.9711,25.13,1.0,48924.0
2015-05-18,25.2298,25.25,25.13,25.25,6150.0,25.2298,0.0,25.25,25.13,25.25,1.0,6150.0
2015-05-15,25.25,25.251,25.2,25.251,15190.0,25.25,0.0,25.251,25.2,25.251,1.0,15190.0
2015-05-14,25.25,25.3,25.1,25.25,30330.0,25.25,0.0,25.3,25.1,25.25,1.0,30330.0
2015-05-13,25.28,25.29,24.9855,25.0,57912.0,25.28,0.0,25.29,24.9855,25.0,1.0,57912.0
