,adj_close,adj_high,adj_low,adj_open,adj_volume,close,ex_dividend,high,low,open,split_ratio,volume
2017-02-10,0.1861,0.2081,0.16,0.195,16708.0,0.1861,0.0,0.2081,0.16,0.195,1.0,16708.0
2017-02-09,0.19,0.2079,0.175,0.1989,7248.0,0.19,0.0,0.2079,0.175,0.1989,1.0,7248.0
2017-02-08,0.1895,0.1984,0.172,0.189,14280.0,0.1895,0.0,0.1984,0.172,0.189,1.0,14280.0
2017-02-07,0.18,0.22,0.1699,0.1699,16089.0,0.18,0.0,0.22,0.1699,0.1699,1.0,16089.0
2017-02-06,0.19,0.205,0.1605,0.2002,20991.0,0.19,0.0,0.205,0.1605,0.2002,1.0,20991.0
2017-02-03,0.1875,0.2,0.16,0.1974,22914.0,0.1875,0.0,0.2,0.16,0.1974,1.0,22914.0
2017-02-02,0.188,0.188,0.169,0.1832,6473.0,0.188,0.0,0.188,0.169,0.1832,1.0,6473.0
2017-02-01,0.19,0.2,0.19,0.1975,11892.0,0.19,0.0,0.2,0.19,0.1975,1.0,11892.0
2017-01-31,0.1874,0.2,0.1874,0.1875,19277.0,0.1874,0.0,0.2,0.1874,0.1875,1.0,19277.0
2017-01-30,0.1785,0.2187,0.1602,0.2083,4668.0,0.1785,0.0,0.2187,0.1602,0.2083,1.0,4668.0
2017-01-27,0.1984,0.2283,0.1799,0.2175,19882.0,0.1984,0.0,0.2283,0.1799,0.2175,1.0,19882.0
2017-01-26,0.2187,0.2498,0.1907,0.23,10901.0,0.2187,0.0,0.2498,0.1907,0.23,1.0,10901.0
2017-01-25,0.23,0.23,0.18,0.2064,35612.0,0.23,0.0,0.23,0.18,0.2064,1.0,35612.0
2017-01-24,0.1841,0.2728,0.1623,0.24,96650.0,0.1841,0.0,0.2728,0.1623,0.24,1.0,96650.0
2017-01-23,0.225,0.261435,0.22,0.22,7794.0,0.225,0.0,0.261435,0.22,0.22,1.0,7794.0
2017-01-20,0.2797,0.2797,0.2401,0.2727,12535.0,0.2797,0.0,0.2797,0.2401,0.2727,1.0,12535.0
2017-01-19,0.2778,0.2925,0.22,0.2425,13275.0,0.2778,0.0,0.2925,0.22,0.2425,1.0,13275.0
2017-01-18,0.2425,0.32,0.2,0.3126,22672.0,0.2425,0.0,0.32,0.2,0.3126,1.0,22672.0
2017-01-17,0.2978,0.34,0.27,0.31,46094.0,0.2978,0.0,0.34,0.27,0.31,1.0,46094.0
2017-01-13,0.3673,0.4652,0.25,0.4652,47940.0,0.3673,0.0,0.4652,0.25,0.4652,1.0,47940.0
2017-01-12,0.4359,0.55,0.1783,0.221,157636.0,0.4359,0.0,0.55,0.1783,0.221,1.0,157636.0
2017-01-11,0.1867,0.25,0.065,0.0895,94236.0,0.1867,0.0,0.25,0.065,0.0895,1.0,94236.0
2017-01-10,0.0849,0.0849,0.0578,0.0625,26847.0,0.0849,0.0,0.0849,0.0578,0.0625,1.0,26847.0
2017-01-09,0.0995,0.1,0.0501,0.07,26783.0,0.0995,0.0,0.1,0.0501,0.07,1.0,26783.0
2017-01-06,0.105,0.105,0.0716,0.0836,28741.0,0.105,0.0,0.105,0.0716,0.0836,1.0,28741.0
2017-01-05,0.088,0.0886,0.0572,0.0579,20715.0,0.088,0.0,0.0886,0.0572,0.0579,1.0,20715.0
2017-01-04,0.0477,0.0526,0.0477,0.0526,4151.0,0.0477,0.0,0.0526,0.0477,0.0526,1.0,4151.0
2017-01-03,0.0501,0.0578,0.0477,0.0575,2987.0,0.0501,0.0,0.0578,0.0477,0.0575,1.0,2987.0
2016-12-30,0.0548,0.0588,0.0546,0.0546,6863.0,0.0548,0.0,0.0588,0.0546,0.0546,1.0,6863.0
2016-12-29,0.052,0.063,0.0493,0.0599,13702.0,0.052,0.0,0.063,0.0493,0.0599,1.0,13702.0
2016-12-28,0.0475,0.063,0.04,0.06,8680.0,0.0475,0.0,0.063,0.04,0.06,1.0,8680.0
2016-12-27,0.0577,0.0683,0.055,0.055,23201.0,0.0577,0.0,0.0683,0.055,0.055,1.0,23201.0
2016-12-23,0.0559,0.0559,0.0559,0.0559,250.0,0.0559,0.0,0.0559,0.0559,0.0559,1.0,250.0
2016-12-22,0.0533,0.063,0.0501,0.0579,10196.0,0.0533,0.0,0.063,0.0501,0.0579,1.0,10196.0
2016-12-21,0.0552,0.0552,0.0552,0.0552,192.0,0.0552,0.0,0.0552,0.0552,0.0552,1.0,192.0
2016-12-20,0.0526,0.063,0.0526,0.06,10423.0,0.0526,0.0,0.063,0.0526,0.06,1.0,10423.0
2016-12-19,0.05,0.0606,0.05,0.0578,3826.0,0.05,0.0,0.0606,0.05,0.0578,1.0,3826.0
2016-12-16,0.0551,0.0551,0.0551,0.0551,101.0,0.0551,0.0,0.0551,0.0551,0.0551,1.0,101.0
2016-12-15,0.0525,0.0525,0.0525,0.0525,116.0,0.0525,0.0,0.0525,0.0525,0.0525,1.0,116.0
2016-12-14,0.05,0.0638,0.05,0.06,13345.0,0.05,0.0,0.0638,0.05,0.06,1.0,13345.0
2016-12-13,0.05,0.05,0.05,0.05,13.0,0.05,0.0,0.05,0.05,0.05,1.0,13.0
2016-12-12,0.05,0.05,0.05,0.05,15.0,0.05,0.0,0.05,0.05,0.05,1.0,15.0
2016-12-09,0.05,0.06,0.05,0.06,1366.0,0.05,0.0,0.06,0.05,0.06,1.0,1366.0
2016-12-08,0.0527,0.0527,0.0527,0.0527,19.0,0.0527,0.0,0.0527,0.0527,0.0527,1.0,19.0
2016-12-07,0.0527,0.0527,0.0527,0.0527,222.0,0.0527,0.0,0.0527,0.0527,0.0527,1.0,222.0
2016-12-06,0.0502,0.0547,0.0502,0.0502,475.0,0.0502,0.0,0.0547,0.0502,0.0502,1.0,475.0
2016-12-05,0.0604,0.0604,0.0604,0.0604,181.0,0.0604,0.0,0.0604,0.0604,0.0604,1.0,181.0
2016-12-02,0.0604,0.0604,0.0604,0.0604,3557.0,0.0604,0.0,0.0604,0.0604,0.0604,1.0,3557.0
2016-12-01,0.0576,0.0723,0.05,0.0723,6652.0,0.0576,0.0,0.0723,0.05,0.0723,1.0,6652.0
2016-11-30,0.0662,0.0662,0.0631,0.0631,916.0,0.0662,0.0,0.0662,0.0631,0.0631,1.0,916.0
2016-11-29,0.0601,0.0899,0.05,0.0899,807.0,0.0601,0.0,0.0899,0.05,0.0899,1.0,807.0
2016-11-28,0.08,0.09,0.0661,0.0799,4018.0,0.08,0.0,0.09,0.0661,0.0799,1.0,4018.0
2016-11-25,0.063,0.063,0.063,0.063,100.0,0.063,0.0,0.063,0.063,0.063,1.0,100.0
2016-11-23,0.063,0.084,0.06,0.084,1216.0,0.063,0.0,0.084,0.06,0.084,1.0,1216.0
2016-11-22,0.08,0.08,0.08,0.08,248.0,0.08,0.0,0.08,0.08,0.08,1.0,248.0
2016-11-21,0.069,0.069,0.069,0.069,100.0,0.069,0.0,0.069,0.069,0.069,1.0,100.0
2016-11-18,0.0655,0.0655,0.0655,0.0655,110.0,0.0655,0.0,0.0655,0.0655,0.0655,1.0,110.0
2016-11-17,0.0624,0.0624,0.0624,0.0624,100.0,0.0624,0.0,0.0624,0.0624,0.0624,1.0,100.0
2016-11-16,0.0624,0.0624,0.0624,0.0624,103.0,0.0624,0.0,0.0624,0.0624,0.0624,1.0,103.0
2016-11-15,0.0624,0.1296,0.062,0.0666,4253.0,0.0624,0.0,0.1296,0.062,0.0666,1.0,4253.0
2016-11-14,0.0635,0.0636,0.0635,0.0635,1478.0,0.0635,0.0,0.0636,0.0635,0.0635,1.0,1478.0
2016-11-11,0.0605,0.0605,0.0605,0.0605,0.0,0.0605,0.0,0.0605,0.0605,0.0605,1.0,0.0
2016-11-10,0.0605,0.0637,0.0605,0.0605,2695.0,0.0605,0.0,0.0637,0.0605,0.0605,1.0,2695.0
2016-11-09,0.0577,0.0647,0.0577,0.0577,1473.0,0.0577,0.0,0.0647,0.0577,0.0577,1.0,1473.0
2016-11-08,0.055,0.055,0.055,0.055,4040.0,0.055,0.0,0.055,0.055,0.055,1.0,4040.0
2016-11-07,0.055,0.0716,0.055,0.0716,13913.0,0.055,0.0,0.0716,0.055,0.0716,1.0,13913.0
2016-11-04,0.0682,0.075,0.065,0.0748,2675.0,0.0682,0.0,0.075,0.065,0.0748,1.0,2675.0
2016-11-03,0.0551,0.078,0.0505,0.0505,14530.0,0.0551,0.0,0.078,0.0505,0.0505,1.0,14530.0
2016-11-02,0.0735,0.0735,0.07,0.07,1267.0,0.0735,0.0,0.0735,0.07,0.07,1.0,1267.0
2016-11-01,0.0716,0.0882,0.065,0.0882,6008.0,0.0716,0.0,0.0882,0.065,0.0882,1.0,6008.0
2016-10-31,0.084,0.0903,0.0651,0.0903,17211.0,0.084,0.0,0.0903,0.0651,0.0903,1.0,17211.0
2016-10-28,0.086,0.1114,0.0653,0.1113,17982.0,0.086,0.0,0.1114,0.0653,0.1113,1.0,17982.0
2016-10-27,0.1113,0.1204,0.1113,0.1204,995.0,0.1113,0.0,0.1204,0.1113,0.1204,1.0,995.0
2016-10-26,0.1113,0.1233,0.1113,0.1233,1133.0,0.1113,0.0,0.1233,0.1113,0.1233,1.0,1133.0
2016-10-25,0.11,0.1203,0.1,0.1201,14205.0,0.11,0.0,0.1203,0.1,0.1201,1.0,14205.0
2016-10-24,0.1201,0.13,0.1201,0.13,3293.0,0.1201,0.0,0.13,0.1201,0.13,1.0,3293.0
2016-10-21,0.13,0.1324,0.13,0.1324,612.0,0.13,0.0,0.1324,0.13,0.1324,1.0,612.0
2016-10-20,0.13,0.13,0.13,0.13,479.0,0.13,0.0,0.13,0.13,0.13,1.0,479.0
2016-10-19,0.1322,0.1322,0.1322,0.1322,291.0,0.1322,0.0,0.1322,0.1322,0.1322,1.0,291.0
2016-10-18,0.139,0.139,0.13,0.13,2705.0,0.139,0.0,0.139,0.13,0.13,1.0,2705.0
2016-10-17,0.13,0.15,0.13,0.13,3651.0,0.13,0.0,0.15,0.13,0.13,1.0,3651.0
2016-10-14,0.1369,0.1369,0.1369,0.1369,103.0,0.1369,0.0,0.1369,0.1369,0.1369,1.0,103.0
2016-10-13,0.1304,0.1657,0.1304,0.1503,4264.0,0.1304,0.0,0.1657,0.1304,0.1503,1.0,4264.0
2016-10-12,0.1434,0.165,0.1434,0.165,1555.0,0.1434,0.0,0.165,0.1434,0.165,1.0,1555.0
2016-10-11,0.1366,0.14,0.13,0.14,768.0,0.1366,0.0,0.14,0.13,0.14,1.0,768.0
2016-10-10,0.1435,0.192,0.1435,0.1435,1029.0,0.1435,0.0,0.192,0.1435,0.1435,1.0,1029.0
2016-10-07,0.1581,0.16,0.1581,0.16,1377.0,0.1581,0.0,0.16,0.1581,0.16,1.0,1377.0
2016-10-06,0.1506,0.1506,0.1506,0.1506,102.0,0.1506,0.0,0.1506,0.1506,0.1506,1.0,102.0
2016-10-05,0.1506,0.2,0.1435,0.1435,4679.0,0.1506,0.0,0.2,0.1435,0.1435,1.0,4679.0
2016-10-04,0.1367,0.1921,0.13,0.1785,8473.0,0.1367,0.0,0.1921,0.13,0.1785,1.0,8473.0
2016-10-03,0.1704,0.1704,0.13,0.1601,7450.0,0.1704,0.0,0.1704,0.13,0.1601,1.0,7450.0
2016-09-30,0.1578,0.1938,0.15,0.1575,25643.0,0.1578,0.0,0.1938,0.15,0.1575,1.0,25643.0
2016-09-29,0.15,0.2188,0.148,0.1816,22352.0,0.15,0.0,0.2188,0.148,0.1816,1.0,22352.0
2016-09-28,0.1732,0.3148,0.112,0.26,124252.0,0.1732,0.0,0.3148,0.112,0.26,1.0,124252.0
2016-09-27,0.42,0.567,0.32,0.54,27164.0,0.42,0.0,0.567,0.32,0.54,1.0,27164.0
2016-09-26,0.525,0.6405,0.4,0.52,12268.0,0.525,0.0,0.6405,0.4,0.52,1.0,12268.0
2016-09-23,0.44,0.68,0.35,0.68,60967.0,0.44,0.0,0.68,0.35,0.68,1.0,60967.0
2016-09-22,0.69,0.97,0.62,0.75,11263.0,0.69,0.0,0.97,0.62,0.75,1.0,11263.0
2016-09-21,0.66,0.72,0.43,0.43,11212.0,0.66,0.0,0.72,0.43,0.43,1.0,11212.0
2016-09-20,0.355,0.355,0.345,0.345,4001.0,0.355,0.0,0.355,0.345,0.345,1.0,4001.0
2016-09-19,0.31,0.31,0.31,0.31,0.0,0.31,0.0,0.31,0.31,0.31,1.0,0.0
2016-09-16,0.31,0.31,0.31,0.31,2.0,0.31,0.0,0.31,0.31,0.31,1.0,2.0
2016-09-15,0.31,0.31,0.31,0.31,0.0,0.31,0.0,0.31,0.31,0.31,1.0,0.0
2016-09-14,0.31,0.31,0.31,0.31,0.0,0.31,0.0,0.31,0.31,0.31,1.0,0.0
2016-09-13,0.31,0.31,0.31,0.31,100.0,0.31,0.0,0.31,0.31,0.31,1.0,100.0
2016-09-12,0.3088,0.3088,0.3088,0.3088,102.0,0.3088,0.0,0.3088,0.3088,0.3088,1.0,102.0
2016-09-09,0.31,0.31,0.31,0.31,0.0,0.31,0.0,0.31,0.31,0.31,1.0,0.0
2016-09-08,0.31,0.31,0.31,0.31,400.0,0.31,0.0,0.31,0.31,0.31,1.0,400.0
2016-09-07,0.247,0.247,0.247,0.247,0.0,0.247,0.0,0.247,0.247,0.247,1.0,0.0
2016-09-06,0.247,0.247,0.247,0.247,294.0,0.247,0.0,0.247,0.247,0.247,1.0,294.0
2016-09-02,0.3,0.3,0.3,0.3,3699.0,0.3,0.0,0.3,0.3,0.3,1.0,3699.0
2016-09-01,0.32,0.32,0.32,0.32,0.0,0.32,0.0,0.32,0.32,0.32,1.0,0.0
2016-08-31,0.32,0.32,0.32,0.32,1.0,0.32,0.0,0.32,0.32,0.32,1.0,1.0
2016-08-30,0.32,0.32,0.32,0.32,0.0,0.32,0.0,0.32,0.32,0.32,1.0,0.0
2016-08-29,0.32,0.32,0.32,0.32,1.0,0.32,0.0,0.32,0.32,0.32,1.0,1.0
2016-08-26,0.32,0.32,0.32,0.32,441.0,0.32,0.0,0.32,0.32,0.32,1.0,441.0
2016-08-25,0.32,0.32,0.32,0.32,0.0,0.32,0.0,0.32,0.32,0.32,1.0,0.0
2016-08-24,0.32,0.32,0.32,0.32,30.0,0.32,0.0,0.32,0.32,0.32,1.0,30.0
2016-08-23,0.32,0.32,0.32,0.32,20.0,0.32,0.0,0.32,0.32,0.32,1.0,20.0
2016-08-22,0.32,0.32,0.32,0.32,0.0,0.32,0.0,0.32,0.32,0.32,1.0,0.0
2016-08-19,0.32,0.32,0.32,0.32,0.0,0.32,0.0,0.32,0.32,0.32,1.0,0.0
2016-08-18,0.32,0.325,0.3,0.3,3321.0,0.32,0.0,0.325,0.3,0.3,1.0,3321.0
2016-08-17,0.35,0.35,0.35,0.35,0.0,0.35,0.0,0.35,0.35,0.35,1.0,0.0
2016-08-16,0.35,0.35,0.35,0.35,6.0,0.35,0.0,0.35,0.35,0.35,1.0,6.0
2016-08-15,0.35,0.35,0.35,0.35,1000.0,0.35,0.0,0.35,0.35,0.35,1.0,1000.0
2016-08-12,0.275,0.275,0.275,0.275,100.0,0.275,0.0,0.275,0.275,0.275,1.0,100.0
2016-08-11,0.275,0.28,0.26,0.2625,2300.0,0.275,0.0,0.28,0.26,0.2625,1.0,2300.0
2016-08-10,0.25,0.3,0.25,0.3,1002.0,0.25,0.0,0.3,0.25,0.3,1.0,1002.0
2016-08-09,0.4446,0.46,0.4446,0.46,801.0,0.4446,0.0,0.46,0.4446,0.46,1.0,801.0
2016-08-08,0.4,0.4,0.4,0.4,105.0,0.4,0.0,0.4,0.4,0.4,1.0,105.0
2016-08-05,0.3,0.3,0.3,0.3,0.0,0.3,0.0,0.3,0.3,0.3,1.0,0.0
2016-08-04,0.3,0.3,0.3,0.3,0.0,0.3,0.0,0.3,0.3,0.3,1.0,0.0
2016-08-03,0.3,0.3,0.3,0.3,600.0,0.3,0.0,0.3,0.3,0.3,1.0,600.0
2016-08-02,0.13,0.13,0.13,0.13,0.0,0.13,0.0,0.13,0.13,0.13,1.0,0.0
2016-08-01,0.13,0.13,0.13,0.13,0.0,0.13,0.0,0.13,0.13,0.13,1.0,0.0
2016-07-29,0.13,0.13,0.13,0.13,0.0,0.13,0.0,0.13,0.13,0.13,1.0,0.0
2016-07-28,0.13,0.13,0.13,0.13,0.0,0.13,0.0,0.13,0.13,0.13,1.0,0.0
2016-07-27,0.13,0.13,0.13,0.13,1050.0,0.13,0.0,0.13,0.13,0.13,1.0,1050.0
2016-07-26,0.1113,0.1113,0.1113,0.1113,0.0,0.1113,0.0,0.1113,0.1113,0.1113,1.0,0.0
2016-07-25,0.1113,0.1113,0.1113,0.1113,63.0,0.1113,0.0,0.1113,0.1113,0.1113,1.0,63.0
2016-07-22,0.1113,0.1113,0.1113,0.1113,0.0,0.1113,0.0,0.1113,0.1113,0.1113,1.0,0.0
2016-07-21,0.1113,0.1113,0.1113,0.1113,0.0,0.1113,0.0,0.1113,0.1113,0.1113,1.0,0.0
2016-07-20,0.1113,0.1113,0.1113,0.1113,0.0,0.1113,0.0,0.1113,0.1113,0.1113,1.0,0.0
2016-07-19,0.1113,0.1113,0.1113,0.1113,0.0,0.1113,0.0,0.1113,0.1113,0.1113,1.0,0.0
2016-07-18,0.1113,0.1113,0.1113,0.1113,0.0,0.1113,0.0,0.1113,0.1113,0.1113,1.0,0.0
2016-07-15,0.1113,0.1113,0.1113,0.1113,0.0,0.1113,0.0,0.1113,0.1113,0.1113,1.0,0.0
2016-07-14,0.1113,0.1113,0.1113,0.1113,0.0,0.1113,0.0,0.1113,0.1113,0.1113,1.0,0.0
2016-07-13,0.1113,0.1113,0.1113,0.1113,0.0,0.1113,0.0,0.1113,0.1113,0.1113,1.0,0.0
2016-07-12,0.1113,0.1113,0.1113,0.1113,0.0,0.1113,0.0,0.1113,0.1113,0.1113,1.0,0.0
2016-07-11,0.1113,0.1113,0.1113,0.1113,0.0,0.1113,0.0,0.1113,0.1113,0.1113,1.0,0.0
2016-07-08,0.1113,0.1113,0.1113,0.1113,11.0,0.1113,0.0,0.1113,0.1113,0.1113,1.0,11.0
2016-07-07,0.1113,0.1113,0.1113,0.1113,0.0,0.1113,0.0,0.1113,0.1113,0.1113,1.0,0.0
2016-07-06,0.1113,0.1113,0.1113,0.1113,0.0,0.1113,0.0,0.1113,0.1113,0.1113,1.0,0.0
2016-07-05,0.1113,0.1113,0.1113,0.1113,1.0,0.1113,0.0,0.1113,0.1113,0.1113,1.0,1.0
2016-07-01,0.1113,0.1113,0.1113,0.1113,144.0,0.1113,0.0,0.1113,0.1113,0.1113,1.0,144.0
2016-06-30,0.3511,0.3511,0.3511,0.3511,0.0,0.3511,0.0,0.3511,0.3511,0.3511,1.0,0.0
2016-06-29,0.3511,0.3511,0.3511,0.3511,100.0,0.3511,0.0,0.3511,0.3511,0.3511,1.0,100.0
2016-06-28,0.3344,0.3344,0.3344,0.3344,0.0,0.3344,0.0,0.3344,0.3344,0.3344,1.0,0.0
2016-06-27,0.3344,0.3344,0.3344,0.3344,6.0,0.3344,0.0,0.3344,0.3344,0.3344,1.0,6.0
2016-06-24,0.3344,0.3344,0.3344,0.3344,4.0,0.3344,0.0,0.3344,0.3344,0.3344,1.0,4.0
2016-06-23,0.3344,0.3344,0.3344,0.3344,8.0,0.3344,0.0,0.3344,0.3344,0.3344,1.0,8.0
2016-06-22,0.3344,0.3344,0.3344,0.3344,0.0,0.3344,0.0,0.3344,0.3344,0.3344,1.0,0.0
2016-06-21,0.3344,0.44,0.3344,0.3344,200.0,0.3344,0.0,0.44,0.3344,0.3344,1.0,200.0
2016-06-20,0.2914,0.2914,0.2914,0.2914,181.0,0.2914,0.0,0.2914,0.2914,0.2914,1.0,181.0
2016-06-17,0.2009,0.2009,0.2009,0.2009,1000.0,0.2009,0.0,0.2009,0.2009,0.2009,1.0,1000.0
2016-06-16,0.1913,0.1913,0.1913,0.1913,0.0,0.1913,0.0,0.1913,0.1913,0.1913,1.0,0.0
2016-06-15,0.1913,0.1913,0.1913,0.1913,0.0,0.1913,0.0,0.1913,0.1913,0.1913,1.0,0.0
2016-06-14,0.1913,0.1913,0.1913,0.1913,0.0,0.1913,0.0,0.1913,0.1913,0.1913,1.0,0.0
2016-06-13,0.1913,0.1913,0.1913,0.1913,35.0,0.1913,0.0,0.1913,0.1913,0.1913,1.0,35.0
2016-06-10,0.1913,0.1913,0.1913,0.1913,0.0,0.1913,0.0,0.1913,0.1913,0.1913,1.0,0.0
2016-06-09,0.1913,0.1913,0.1913,0.1913,104.0,0.1913,0.0,0.1913,0.1913,0.1913,1.0,104.0
2016-06-08,0.1913,0.1913,0.1913,0.1913,0.0,0.1913,0.0,0.1913,0.1913,0.1913,1.0,0.0
2016-06-07,0.1913,0.1913,0.1913,0.1913,0.0,0.1913,0.0,0.1913,0.1913,0.1913,1.0,0.0
2016-06-06,0.1913,0.1913,0.1913,0.1913,0.0,0.1913,0.0,0.1913,0.1913,0.1913,1.0,0.0
2016-06-03,0.1913,0.1913,0.1913,0.1913,0.0,0.1913,0.0,0.1913,0.1913,0.1913,1.0,0.0
2016-06-02,0.1913,0.1913,0.1913,0.1913,0.0,0.1913,0.0,0.1913,0.1913,0.1913,1.0,0.0
2016-06-01,0.1913,0.1913,0.19,0.19,1953.0,0.1913,0.0,0.1913,0.19,0.19,1.0,1953.0
2016-05-31,0.26,0.26,0.251,0.26,3100.0,0.26,0.0,0.26,0.251,0.26,1.0,3100.0
2016-05-27,0.26,0.3,0.196,0.25,6001.0,0.26,0.0,0.3,0.196,0.25,1.0,6001.0
2016-05-26,0.3546,0.3546,0.25,0.3546,300.0,0.3546,0.0,0.3546,0.25,0.3546,1.0,300.0
2016-05-25,0.3499,0.3499,0.3499,0.3499,0.0,0.3499,0.0,0.3499,0.3499,0.3499,1.0,0.0
2016-05-24,0.3499,0.3499,0.3499,0.3499,1.0,0.3499,0.0,0.3499,0.3499,0.3499,1.0,1.0
2016-05-23,0.3499,0.3499,0.3499,0.3499,0.0,0.3499,0.0,0.3499,0.3499,0.3499,1.0,0.0
2016-05-20,0.3499,0.3499,0.3499,0.3499,0.0,0.3499,0.0,0.3499,0.3499,0.3499,1.0,0.0
2016-05-19,0.3499,0.3499,0.3499,0.3499,0.0,0.3499,0.0,0.3499,0.3499,0.3499,1.0,0.0
2016-05-18,0.3499,0.3499,0.3499,0.3499,0.0,0.3499,0.0,0.3499,0.3499,0.3499,1.0,0.0
2016-05-17,0.3499,0.3499,0.3499,0.3499,0.0,0.3499,0.0,0.3499,0.3499,0.3499,1.0,0.0
2016-05-16,0.3499,0.3499,0.3499,0.3499,0.0,0.3499,0.0,0.3499,0.3499,0.3499,1.0,0.0
2016-05-13,0.3499,0.3499,0.3499,0.3499,0.0,0.3499,0.0,0.3499,0.3499,0.3499,1.0,0.0
2016-05-12,0.3499,0.3499,0.3499,0.3499,0.0,0.3499,0.0,0.3499,0.3499,0.3499,1.0,0.0
2016-05-11,0.3499,0.3499,0.3499,0.3499,150.0,0.3499,0.0,0.3499,0.3499,0.3499,1.0,150.0
2016-05-10,0.3499,0.3499,0.3499,0.3499,0.0,0.3499,0.0,0.3499,0.3499,0.3499,1.0,0.0
2016-05-09,0.3499,0.3499,0.3499,0.3499,0.0,0.3499,0.0,0.3499,0.3499,0.3499,1.0,0.0
2016-05-06,0.3499,0.3499,0.3499,0.3499,0.0,0.3499,0.0,0.3499,0.3499,0.3499,1.0,0.0
2016-05-05,0.3499,0.3499,0.3499,0.3499,0.0,0.3499,0.0,0.3499,0.3499,0.3499,1.0,0.0
2016-05-04,0.3499,0.3499,0.3499,0.3499,0.0,0.3499,0.0,0.3499,0.3499,0.3499,1.0,0.0
2016-05-03,0.3499,0.3499,0.3499,0.3499,20.0,0.3499,0.0,0.3499,0.3499,0.3499,1.0,20.0
2016-05-02,0.3499,0.3499,0.3499,0.3499,0.0,0.3499,0.0,0.3499,0.3499,0.3499,1.0,0.0
2016-04-29,0.3499,0.3499,0.3499,0.3499,0.0,0.3499,0.0,0.3499,0.3499,0.3499,1.0,0.0
2016-04-28,0.3499,0.3499,0.3499,0.3499,0.0,0.3499,0.0,0.3499,0.3499,0.3499,1.0,0.0
2016-04-27,0.3499,0.3499,0.3499,0.3499,0.0,0.3499,0.0,0.3499,0.3499,0.3499,1.0,0.0
2016-04-26,0.3499,0.3499,0.3499,0.3499,0.0,0.3499,0.0,0.3499,0.3499,0.3499,1.0,0.0
2016-04-25,0.3499,0.3499,0.3499,0.3499,0.0,0.3499,0.0,0.3499,0.3499,0.3499,1.0,0.0
2016-04-22,0.3499,0.3499,0.3499,0.3499,0.0,0.3499,0.0,0.3499,0.3499,0.3499,1.0,0.0
2016-04-21,0.3499,0.3499,0.3499,0.3499,1.0,0.3499,0.0,0.3499,0.3499,0.3499,1.0,1.0
2016-04-20,0.3499,0.3499,0.3499,0.3499,0.0,0.3499,0.0,0.3499,0.3499,0.3499,1.0,0.0
2016-04-19,0.3499,0.35,0.3499,0.35,688.0,0.3499,0.0,0.35,0.3499,0.35,1.0,688.0
2016-04-18,0.273,0.273,0.273,0.273,168.0,0.273,0.0,0.273,0.273,0.273,1.0,168.0
2016-04-15,0.26,0.26,0.26,0.26,0.0,0.26,0.0,0.26,0.26,0.26,1.0,0.0
2016-04-14,0.26,0.26,0.26,0.26,0.0,0.26,0.0,0.26,0.26,0.26,1.0,0.0
2016-04-13,0.26,0.26,0.26,0.26,1.0,0.26,0.0,0.26,0.26,0.26,1.0,1.0
2016-04-12,0.26,0.26,0.26,0.26,0.0,0.26,0.0,0.26,0.26,0.26,1.0,0.0
2016-04-11,0.26,0.26,0.26,0.26,0.0,0.26,0.0,0.26,0.26,0.26,1.0,0.0
2016-04-08,0.26,0.26,0.26,0.26,10.0,0.26,0.0,0.26,0.26,0.26,1.0,10.0
2016-04-07,0.26,0.26,0.26,0.26,0.0,0.26,0.0,0.26,0.26,0.26,1.0,0.0
2016-04-06,0.26,0.26,0.26,0.26,0.0,0.26,0.0,0.26,0.26,0.26,1.0,0.0
2016-04-05,0.26,0.26,0.26,0.26,50.0,0.26,0.0,0.26,0.26,0.26,1.0,50.0
2016-04-04,0.26,0.26,0.26,0.26,0.0,0.26,0.0,0.26,0.26,0.26,1.0,0.0
2016-04-01,0.26,0.26,0.26,0.26,0.0,0.26,0.0,0.26,0.26,0.26,1.0,0.0
2016-03-31,0.26,0.2992,0.2,0.2625,1901.0,0.26,0.0,0.2992,0.2,0.2625,1.0,1901.0
2016-03-30,0.25,0.254,0.25,0.254,751.0,0.25,0.0,0.254,0.25,0.254,1.0,751.0
2016-03-29,0.2,0.2,0.2,0.2,100.0,0.2,0.0,0.2,0.2,0.2,1.0,100.0
2016-03-28,0.35,0.35,0.35,0.35,0.0,0.35,0.0,0.35,0.35,0.35,1.0,0.0
2016-03-24,0.35,0.35,0.35,0.35,50.0,0.35,0.0,0.35,0.35,0.35,1.0,50.0
2016-03-23,0.35,0.35,0.35,0.35,0.0,0.35,0.0,0.35,0.35,0.35,1.0,0.0
2016-03-22,0.35,0.35,0.35,0.35,0.0,0.35,0.0,0.35,0.35,0.35,1.0,0.0
2016-03-21,0.35,0.35,0.35,0.35,0.0,0.35,0.0,0.35,0.35,0.35,1.0,0.0
2016-03-18,0.35,0.35,0.35,0.35,0.0,0.35,0.0,0.35,0.35,0.35,1.0,0.0
2016-03-17,0.35,0.35,0.35,0.35,0.0,0.35,0.0,0.35,0.35,0.35,1.0,0.0
2016-03-16,0.35,0.35,0.35,0.35,0.0,0.35,0.0,0.35,0.35,0.35,1.0,0.0
2016-03-15,0.35,0.35,0.35,0.35,50.0,0.35,0.0,0.35,0.35,0.35,1.0,50.0
2016-03-14,0.35,0.35,0.35,0.35,0.0,0.35,0.0,0.35,0.35,0.35,1.0,0.0
2016-03-11,0.35,0.35,0.35,0.35,0.0,0.35,0.0,0.35,0.35,0.35,1.0,0.0
2016-03-10,0.35,0.35,0.35,0.35,50.0,0.35,0.0,0.35,0.35,0.35,1.0,50.0
2016-03-09,0.35,0.35,0.35,0.35,0.0,0.35,0.0,0.35,0.35,0.35,1.0,0.0
2016-03-08,0.35,0.35,0.35,0.35,0.0,0.35,0.0,0.35,0.35,0.35,1.0,0.0
2016-03-07,0.35,0.35,0.35,0.35,0.0,0.35,0.0,0.35,0.35,0.35,1.0,0.0
2016-03-04,0.35,0.35,0.35,0.35,0.0,0.35,0.0,0.35,0.35,0.35,1.0,0.0
2016-03-03,0.35,0.35,0.35,0.35,0.0,0.35,0.0,0.35,0.35,0.35,1.0,0.0
2016-03-02,0.35,0.47,0.2972,0.47,3150.0,0.35,0.0,0.47,0.2972,0.47,1.0,3150.0
2016-03-01,0.1861,0.1861,0.1861,0.1861,900.0,0.1861,0.0,0.1861,0.1861,0.1861,1.0,900.0
2016-02-29,0.4046,0.4046,0.3113,0.39,1100.0,0.4046,0.0,0.4046,0.3113,0.39,1.0,1100.0
2016-02-26,0.3783,0.3783,0.3783,0.3783,0.0,0.3783,0.0,0.3783,0.3783,0.3783,1.0,0.0
2016-02-25,0.3783,0.3783,0.3783,0.3783,0.0,0.3783,0.0,0.3783,0.3783,0.3783,1.0,0.0
2016-02-24,0.3783,0.3783,0.3783,0.3783,0.0,0.3783,0.0,0.3783,0.3783,0.3783,1.0,0.0
2016-02-23,0.3783,0.3783,0.3783,0.3783,0.0,0.3783,0.0,0.3783,0.3783,0.3783,1.0,0.0
2016-02-22,0.3783,0.38,0.16,0.16,1500.0,0.3783,0.0,0.38,0.16,0.16,1.0,1500.0
2016-02-19,0.2058,0.2058,0.2058,0.2058,100.0,0.2058,0.0,0.2058,0.2058,0.2058,1.0,100.0
2016-02-18,0.294,0.294,0.294,0.294,0.0,0.294,0.0,0.294,0.294,0.294,1.0,0.0
2016-02-17,0.294,0.42,0.294,0.42,765.0,0.294,0.0,0.42,0.294,0.42,1.0,765.0
2016-02-16,0.4,0.4,0.4,0.4,200.0,0.4,0.0,0.4,0.4,0.4,1.0,200.0
2016-02-12,0.14,0.14,0.14,0.14,0.0,0.14,0.0,0.14,0.14,0.14,1.0,0.0
2016-02-11,0.14,0.14,0.14,0.14,0.0,0.14,0.0,0.14,0.14,0.14,1.0,0.0
2016-02-10,0.14,0.14,0.14,0.14,0.0,0.14,0.0,0.14,0.14,0.14,1.0,0.0
2016-02-09,0.14,0.14,0.14,0.14,1000.0,0.14,0.0,0.14,0.14,0.14,1.0,1000.0
2016-02-08,0.36,0.36,0.36,0.36,300.0,0.36,0.0,0.36,0.36,0.36,1.0,300.0
2016-02-05,0.36,0.36,0.36,0.36,0.0,0.36,0.0,0.36,0.36,0.36,1.0,0.0
2016-02-04,0.36,0.36,0.36,0.36,0.0,0.36,0.0,0.36,0.36,0.36,1.0,0.0
2016-02-03,0.36,0.36,0.36,0.36,0.0,0.36,0.0,0.36,0.36,0.36,1.0,0.0
2016-02-02,0.36,0.36,0.36,0.36,0.0,0.36,0.0,0.36,0.36,0.36,1.0,0.0
2016-02-01,0.36,0.36,0.36,0.36,0.0,0.36,0.0,0.36,0.36,0.36,1.0,0.0
2016-01-29,0.36,0.36,0.36,0.36,16.0,0.36,0.0,0.36,0.36,0.36,1.0,16.0
2016-01-28,0.36,0.36,0.36,0.36,0.0,0.36,0.0,0.36,0.36,0.36,1.0,0.0
2016-01-27,0.36,0.36,0.36,0.36,99.0,0.36,0.0,0.36,0.36,0.36,1.0,99.0
2016-01-26,0.36,0.36,0.36,0.36,0.0,0.36,0.0,0.36,0.36,0.36,1.0,0.0
2016-01-25,0.36,0.36,0.36,0.36,0.0,0.36,0.0,0.36,0.36,0.36,1.0,0.0
2016-01-22,0.36,0.36,0.36,0.36,0.0,0.36,0.0,0.36,0.36,0.36,1.0,0.0
2016-01-21,0.36,0.36,0.36,0.36,1.0,0.36,0.0,0.36,0.36,0.36,1.0,1.0
2016-01-20,0.36,0.36,0.36,0.36,0.0,0.36,0.0,0.36,0.36,0.36,1.0,0.0
2016-01-19,0.36,0.36,0.36,0.36,0.0,0.36,0.0,0.36,0.36,0.36,1.0,0.0
2016-01-15,0.36,0.36,0.36,0.36,0.0,0.36,0.0,0.36,0.36,0.36,1.0,0.0
2016-01-14,0.36,0.36,0.36,0.36,0.0,0.36,0.0,0.36,0.36,0.36,1.0,0.0
2016-01-13,0.36,0.36,0.36,0.36,0.0,0.36,0.0,0.36,0.36,0.36,1.0,0.0
2016-01-12,0.36,0.5795,0.34,0.46,1401.0,0.36,0.0,0.5795,0.34,0.46,1.0,1401.0
2016-01-11,0.75,0.75,0.75,0.75,0.0,0.75,0.0,0.75,0.75,0.75,1.0,0.0
2016-01-08,0.75,0.75,0.75,0.75,0.0,0.75,0.0,0.75,0.75,0.75,1.0,0.0
2016-01-07,0.75,0.75,0.75,0.75,0.0,0.75,0.0,0.75,0.75,0.75,1.0,0.0
2016-01-06,0.75,0.75,0.75,0.75,0.0,0.75,0.0,0.75,0.75,0.75,1.0,0.0
2016-01-05,0.75,0.75,0.6651,0.7137,3022.0,0.75,0.0,0.75,0.6651,0.7137,1.0,3022.0
2016-01-04,0.95,0.95,0.95,0.95,0.0,0.95,0.0,0.95,0.95,0.95,1.0,0.0
2015-12-31,0.95,0.95,0.95,0.95,0.0,0.95,0.0,0.95,0.95,0.95,1.0,0.0
2015-12-30,0.95,0.95,0.95,0.95,0.0,0.95,0.0,0.95,0.95,0.95,1.0,0.0
2015-12-29,0.95,0.95,0.95,0.95,63.0,0.95,0.0,0.95,0.95,0.95,1.0,63.0
2015-12-28,0.95,0.95,0.95,0.95,200.0,0.95,0.0,0.95,0.95,0.95,1.0,200.0
2015-12-24,0.96,0.96,0.96,0.96,0.0,0.96,0.0,0.96,0.96,0.96,1.0,0.0
2015-12-23,0.96,0.96,0.96,0.96,255.0,0.96,0.0,0.96,0.96,0.96,1.0,255.0
2015-12-22,1.0,1.0,1.0,1.0,44.0,1.0,0.0,1.0,1.0,1.0,1.0,44.0
2015-12-21,1.0,1.0,0.85,0.85,1091.0,1.0,0.0,1.0,0.85,0.85,1.0,1091.0
2015-12-18,0.5,0.5876,0.2782,0.2782,3365.0,0.5,0.0,0.5876,0.2782,0.2782,1.0,3365.0
2015-12-17,0.214,0.214,0.214,0.214,0.0,0.214,0.0,0.214,0.214,0.214,1.0,0.0
2015-12-16,0.214,0.214,0.214,0.214,340.0,0.214,0.0,0.214,0.214,0.214,1.0,340.0
2015-12-15,0.55,0.55,0.55,0.55,0.0,0.55,0.0,0.55,0.55,0.55,1.0,0.0
2015-12-14,0.55,0.75,0.55,0.75,2100.0,0.55,0.0,0.75,0.55,0.75,1.0,2100.0
2015-12-11,0.9,0.9,0.9,0.9,0.0,0.9,0.0,0.9,0.9,0.9,1.0,0.0
2015-12-10,0.9,0.9,0.9,0.9,0.0,0.9,0.0,0.9,0.9,0.9,1.0,0.0
2015-12-09,0.9,0.9,0.9,0.9,0.0,0.9,0.0,0.9,0.9,0.9,1.0,0.0
2015-12-08,0.9,0.9,0.9,0.9,0.0,0.9,0.0,0.9,0.9,0.9,1.0,0.0
2015-12-07,0.9,1.2,0.9,1.2,1020.0,0.9,0.0,1.2,0.9,1.2,1.0,1020.0
2015-12-04,0.66,0.66,0.66,0.66,0.0,0.66,0.0,0.66,0.66,0.66,1.0,0.0
2015-12-03,0.66,0.66,0.66,0.66,20.0,0.66,0.0,0.66,0.66,0.66,1.0,20.0
2015-12-02,0.66,0.66,0.66,0.66,0.0,0.66,0.0,0.66,0.66,0.66,1.0,0.0
2015-12-01,0.66,0.66,0.66,0.66,0.0,0.66,0.0,0.66,0.66,0.66,1.0,0.0
2015-11-30,0.66,0.66,0.65,0.65,412.0,0.66,0.0,0.66,0.65,0.65,1.0,412.0
2015-11-27,0.66,0.717,0.6,0.717,2300.0,0.66,0.0,0.717,0.6,0.717,1.0,2300.0
2015-11-25,0.7303,0.95,0.62,0.95,700.0,0.7303,0.0,0.95,0.62,0.95,1.0,700.0
2015-11-24,0.5501,0.5501,0.5501,0.5501,10.0,0.5501,0.0,0.5501,0.5501,0.5501,1.0,10.0
2015-11-23,0.5501,0.5501,0.5501,0.5501,0.0,0.5501,0.0,0.5501,0.5501,0.5501,1.0,0.0
2015-11-20,0.5501,0.5501,0.5501,0.5501,0.0,0.5501,0.0,0.5501,0.5501,0.5501,1.0,0.0
2015-11-19,0.5501,0.85,0.5501,0.85,464.0,0.5501,0.0,0.85,0.5501,0.85,1.0,464.0
2015-11-18,0.7675,0.95,0.7675,0.95,817.0,0.7675,0.0,0.95,0.7675,0.95,1.0,817.0
2015-11-17,1.06,1.06,0.81,0.81,1005.0,1.06,0.0,1.06,0.81,0.81,1.0,1005.0
2015-11-16,0.8098,0.81,0.7815,0.7815,591.0,0.8098,0.0,0.81,0.7815,0.7815,1.0,591.0
2015-11-13,0.75,0.75,0.75,0.75,300.0,0.75,0.0,0.75,0.75,0.75,1.0,300.0
2015-11-12,0.72,0.72,0.72,0.72,5.0,0.72,0.0,0.72,0.72,0.72,1.0,5.0
2015-11-11,0.72,0.72,0.72,0.72,0.0,0.72,0.0,0.72,0.72,0.72,1.0,0.0
2015-11-10,0.72,0.9972,0.72,0.9972,811.0,0.72,0.0,0.9972,0.72,0.9972,1.0,811.0
2015-11-09,0.7195,0.7195,0.6438,0.6438,5689.0,0.7195,0.0,0.7195,0.6438,0.6438,1.0,5689.0
2015-11-06,0.65,0.7,0.65,0.7,2498.0,0.65,0.0,0.7,0.65,0.7,1.0,2498.0
2015-11-05,0.7028,0.98,0.66,0.98,3602.0,0.7028,0.0,0.98,0.66,0.98,1.0,3602.0
2015-11-04,0.8199,0.8199,0.8199,0.8199,0.0,0.8199,0.0,0.8199,0.8199,0.8199,1.0,0.0
2015-11-03,0.8199,0.8449,0.65,0.82,4152.0,0.8199,0.0,0.8449,0.65,0.82,1.0,4152.0
2015-11-02,0.7618,1.062,0.7618,1.062,1501.0,0.7618,0.0,1.062,0.7618,1.062,1.0,1501.0
2015-10-30,1.2,1.2,1.2,1.2,0.0,1.2,0.0,1.2,1.2,1.2,1.0,0.0
2015-10-29,1.2,1.2,1.2,1.2,1.0,1.2,0.0,1.2,1.2,1.2,1.0,1.0
2015-10-28,1.2,1.416,1.2,1.416,201.0,1.2,0.0,1.416,1.2,1.416,1.0,201.0
2015-10-27,0.99,0.99,0.99,0.99,0.0,0.99,0.0,0.99,0.99,0.99,1.0,0.0
2015-10-26,0.99,0.99,0.99,0.99,0.0,0.99,0.0,0.99,0.99,0.99,1.0,0.0
2015-10-23,0.99,0.99,0.99,0.99,0.0,0.99,0.0,0.99,0.99,0.99,1.0,0.0
2015-10-22,0.99,0.99,0.75,0.75,200.0,0.99,0.0,0.99,0.75,0.75,1.0,200.0
2015-10-21,0.93,0.93,0.93,0.93,10.0,0.93,0.0,0.93,0.93,0.93,1.0,10.0
2015-10-20,0.93,0.93,0.93,0.93,0.0,0.93,0.0,0.93,0.93,0.93,1.0,0.0
2015-10-19,0.93,0.93,0.93,0.93,1000.0,0.93,0.0,0.93,0.93,0.93,1.0,1000.0
2015-10-16,0.9999,0.9999,0.9999,0.9999,101.0,0.9999,0.0,0.9999,0.9999,0.9999,1.0,101.0
2015-10-15,0.9999,0.9999,0.9999,0.9999,2525.0,0.9999,0.0,0.9999,0.9999,0.9999,1.0,2525.0
2015-10-14,1.061,1.061,1.061,1.061,25.0,1.061,0.0,1.061,1.061,1.061,1.0,25.0
2015-10-13,1.061,1.061,1.061,1.061,0.0,1.061,0.0,1.061,1.061,1.061,1.0,0.0
2015-10-12,1.061,1.061,1.061,1.061,0.0,1.061,0.0,1.061,1.061,1.061,1.0,0.0
2015-10-09,1.061,1.061,1.061,1.061,0.0,1.061,0.0,1.061,1.061,1.061,1.0,0.0
2015-10-08,1.061,1.061,1.061,1.061,0.0,1.061,0.0,1.061,1.061,1.061,1.0,0.0
2015-10-07,1.061,1.061,0.6601,0.6601,226.0,1.061,0.0,1.061,0.6601,0.6601,1.0,226.0
2015-10-06,1.0,1.0,1.0,1.0,0.0,1.0,0.0,1.0,1.0,1.0,1.0,0.0
2015-10-05,1.0,1.0,1.0,1.0,0.0,1.0,0.0,1.0,1.0,1.0,1.0,0.0
2015-10-02,1.0,1.0,1.0,1.0,10.0,1.0,0.0,1.0,1.0,1.0,1.0,10.0
2015-10-01,1.0,1.0,1.0,1.0,0.0,1.0,0.0,1.0,1.0,1.0,1.0,0.0
2015-09-30,1.0,1.0,1.0,1.0,0.0,1.0,0.0,1.0,1.0,1.0,1.0,0.0
2015-09-29,1.0,1.0,1.0,1.0,0.0,1.0,0.0,1.0,1.0,1.0,1.0,0.0
2015-09-28,1.0,1.0,1.0,1.0,0.0,1.0,0.0,1.0,1.0,1.0,1.0,0.0
2015-09-25,1.0,1.0,1.0,1.0,0.0,1.0,0.0,1.0,1.0,1.0,1.0,0.0
2015-09-24,1.0,1.0,0.7225,0.85,1100.0,1.0,0.0,1.0,0.7225,0.85,1.0,1100.0
2015-09-23,1.0001,1.0001,1.0001,1.0001,0.0,1.0001,0.0,1.0001,1.0001,1.0001,1.0,0.0
2015-09-22,1.0001,1.0001,1.0001,1.0001,10.0,1.0001,0.0,1.0001,1.0001,1.0001,1.0,10.0
2015-09-21,1.0001,1.0001,1.0,1.0,2000.0,1.0001,0.0,1.0001,1.0,1.0,1.0,2000.0
2015-09-18,1.02,1.1,1.02,1.1,4326.0,1.02,0.0,1.1,1.02,1.1,1.0,4326.0
2015-09-17,1.05,1.3,0.9,1.0,1403.0,1.05,0.0,1.3,0.9,1.0,1.0,1403.0
2015-09-16,0.65,0.65,0.65,0.65,0.0,0.65,0.0,0.65,0.65,0.65,1.0,0.0
2015-09-15,0.65,0.65,0.65,0.65,0.0,0.65,0.0,0.65,0.65,0.65,1.0,0.0
2015-09-14,0.65,0.65,0.65,0.65,0.0,0.65,0.0,0.65,0.65,0.65,1.0,0.0
2015-09-11,0.65,0.65,0.65,0.65,0.0,0.65,0.0,0.65,0.65,0.65,1.0,0.0
2015-09-10,0.65,0.65,0.65,0.65,0.0,0.65,0.0,0.65,0.65,0.65,1.0,0.0
2015-09-09,0.65,0.65,0.65,0.65,11400.0,0.65,0.0,0.65,0.65,0.65,1.0,11400.0
2015-09-08,0.65,0.65,0.65,0.65,200.0,0.65,0.0,0.65,0.65,0.65,1.0,200.0
2015-09-04,0.602,0.602,0.602,0.602,0.0,0.602,0.0,0.602,0.602,0.602,1.0,0.0
2015-09-03,0.602,0.6487,0.54,0.54,10998.0,0.602,0.0,0.6487,0.54,0.54,1.0,10998.0
2015-09-02,0.54,0.6814,0.5332,0.55,8099.0,0.54,0.0,0.6814,0.5332,0.55,1.0,8099.0
2015-09-01,0.65,0.65,0.65,0.65,0.0,0.65,0.0,0.65,0.65,0.65,1.0,0.0
2015-08-31,0.65,0.65,0.65,0.65,0.0,0.65,0.0,0.65,0.65,0.65,1.0,0.0
2015-08-28,0.65,0.65,0.65,0.65,0.0,0.65,0.0,0.65,0.65,0.65,1.0,0.0
2015-08-27,0.65,0.65,0.65,0.65,0.0,0.65,0.0,0.65,0.65,0.65,1.0,0.0
2015-08-26,0.65,0.65,0.65,0.65,0.0,0.65,0.0,0.65,0.65,0.65,1.0,0.0
2015-08-25,0.65,0.65,0.65,0.65,0.0,0.65,0.0,0.65,0.65,0.65,1.0,0.0
2015-08-24,0.65,0.65,0.65,0.65,0.0,0.65,0.0,0.65,0.65,0.65,1.0,0.0
2015-08-21,0.65,0.65,0.65,0.65,0.0,0.65,0.0,0.65,0.65,0.65,1.0,0.0
2015-08-20,0.65,0.65,0.65,0.65,300.0,0.65,0.0,0.65,0.65,0.65,1.0,300.0
2015-08-19,0.65,0.65,0.65,0.65,1000.0,0.65,0.0,0.65,0.65,0.65,1.0,1000.0
2015-08-18,0.65,0.65,0.5,0.5,18100.0,0.65,0.0,0.65,0.5,0.5,1.0,18100.0
2015-08-17,0.7131,0.7131,0.7131,0.7131,1000.0,0.7131,0.0,0.7131,0.7131,0.7131,1.0,1000.0
2015-08-14,0.7729,0.7729,0.6215,0.6215,2000.0,0.7729,0.0,0.7729,0.6215,0.6215,1.0,2000.0
2015-08-13,1.0433,1.0433,1.0433,1.0433,1000.0,1.0433,0.0,1.0433,1.0433,1.0433,1.0,1000.0
2015-08-12,0.88,0.88,0.88,0.88,0.0,0.88,0.0,0.88,0.88,0.88,1.0,0.0
2015-08-11,0.88,0.88,0.88,0.88,1504.0,0.88,0.0,0.88,0.88,0.88,1.0,1504.0
2015-08-10,0.88,0.88,0.88,0.88,4601.0,0.88,0.0,0.88,0.88,0.88,1.0,4601.0
2015-08-07,0.88,0.88,0.88,0.88,0.0,0.88,0.0,0.88,0.88,0.88,1.0,0.0
2015-08-06,0.88,0.88,0.88,0.88,650.0,0.88,0.0,0.88,0.88,0.88,1.0,650.0
2015-08-05,0.85,0.85,0.85,0.85,0.0,0.85,0.0,0.85,0.85,0.85,1.0,0.0
2015-08-04,0.85,0.85,0.85,0.85,0.0,0.85,0.0,0.85,0.85,0.85,1.0,0.0
2015-08-03,0.85,0.85,0.85,0.85,0.0,0.85,0.0,0.85,0.85,0.85,1.0,0.0
2015-07-31,0.85,0.85,0.85,0.85,0.0,0.85,0.0,0.85,0.85,0.85,1.0,0.0
2015-07-30,0.85,0.85,0.85,0.85,0.0,0.85,0.0,0.85,0.85,0.85,1.0,0.0
2015-07-29,0.85,0.85,0.85,0.85,0.0,0.85,0.0,0.85,0.85,0.85,1.0,0.0
2015-07-28,0.85,0.85,0.85,0.85,0.0,0.85,0.0,0.85,0.85,0.85,1.0,0.0
2015-07-27,0.85,0.86,0.85,0.86,1000.0,0.85,0.0,0.86,0.85,0.86,1.0,1000.0
2015-07-24,0.95,0.95,0.95,0.95,0.0,0.95,0.0,0.95,0.95,0.95,1.0,0.0
2015-07-23,0.95,0.95,0.95,0.95,0.0,0.95,0.0,0.95,0.95,0.95,1.0,0.0
2015-07-22,0.95,0.95,0.95,0.95,0.0,0.95,0.0,0.95,0.95,0.95,1.0,0.0
2015-07-21,0.95,0.95,0.95,0.95,0.0,0.95,0.0,0.95,0.95,0.95,1.0,0.0
2015-07-20,0.95,0.95,0.95,0.95,200.0,0.95,0.0,0.95,0.95,0.95,1.0,200.0
2015-07-17,0.83,0.83,0.83,0.83,650.0,0.83,0.0,0.83,0.83,0.83,1.0,650.0
2015-07-16,0.78,0.78,0.78,0.78,0.0,0.78,0.0,0.78,0.78,0.78,1.0,0.0
2015-07-15,0.78,0.78,0.78,0.78,700.0,0.78,0.0,0.78,0.78,0.78,1.0,700.0
2015-07-14,0.76,0.79,0.76,0.79,300.0,0.76,0.0,0.79,0.76,0.79,1.0,300.0
2015-07-13,0.8,0.8,0.8,0.8,138.0,0.8,0.0,0.8,0.8,0.8,1.0,138.0
2015-07-10,0.7,0.7001,0.63,0.63,339.0,0.7,0.0,0.7001,0.63,0.63,1.0,339.0
2015-07-09,0.67,0.67,0.66,0.66,2070.0,0.67,0.0,0.67,0.66,0.66,1.0,2070.0
2015-07-08,0.7499,0.75,0.6374,0.75,3501.0,0.7499,0.0,0.75,0.6374,0.75,1.0,3501.0
2015-07-07,0.76,0.76,0.76,0.76,0.0,0.76,0.0,0.76,0.76,0.76,1.0,0.0
2015-07-06,0.76,0.76,0.76,0.76,0.0,0.76,0.0,0.76,0.76,0.76,1.0,0.0
2015-07-02,0.76,0.76,0.76,0.76,0.0,0.76,0.0,0.76,0.76,0.76,1.0,0.0
2015-07-01,0.76,0.76,0.76,0.76,35974.0,0.76,0.0,0.76,0.76,0.76,1.0,35974.0
2015-06-30,0.76,1.5,0.76,1.38,1300.0,0.76,0.0,1.5,0.76,1.38,1.0,1300.0
2015-06-29,0.6932,0.75,0.6932,0.75,2300.0,0.6932,0.0,0.75,0.6932,0.75,1.0,2300.0
2015-06-26,0.8,0.84,0.8,0.84,841.0,0.8,0.0,0.84,0.8,0.84,1.0,841.0
2015-06-25,0.84,0.84,0.84,0.84,500.0,0.84,0.0,0.84,0.84,0.84,1.0,500.0
2015-06-24,0.89,0.89,0.89,0.89,500.0,0.89,0.0,0.89,0.89,0.89,1.0,500.0
2015-06-23,0.9,0.9792,0.9,0.925,3083.0,0.9,0.0,0.9792,0.9,0.925,1.0,3083.0
2015-06-22,1.0,1.0,1.0,1.0,535.0,1.0,0.0,1.0,1.0,1.0,1.0,535.0
2015-06-19,1.0,1.0,1.0,1.0,200.0,1.0,0.0,1.0,1.0,1.0,1.0,200.0
2015-06-18,1.0,1.0,1.0,1.0,0.0,1.0,0.0,1.0,1.0,1.0,1.0,0.0
2015-06-17,1.0,1.0,1.0,1.0,50.0,1.0,0.0,1.0,1.0,1.0,1.0,50.0
2015-06-16,1.0,1.0,0.98,1.0,599.0,1.0,0.0,1.0,0.98,1.0,1.0,599.0
2015-06-15,1.1112,1.1112,1.1112,1.1112,0.0,1.1112,0.0,1.1112,1.1112,1.1112,1.0,0.0
2015-06-12,1.1112,1.15,1.1112,1.15,1900.0,1.1112,0.0,1.15,1.1112,1.15,1.0,1900.0
2015-06-11,1.358,1.358,1.358,1.358,2.0,1.358,0.0,1.358,1.358,1.358,1.0,2.0
2015-06-10,1.358,1.66,1.05,1.05,9503.0,1.358,0.0,1.66,1.05,1.05,1.0,9503.0
2015-06-09,1.0,1.0,1.0,1.0,0.0,1.0,0.0,1.0,1.0,1.0,1.0,0.0
2015-06-08,1.0,1.0,1.0,1.0,1000.0,1.0,0.0,1.0,1.0,1.0,1.0,1000.0
2015-06-05,0.952,0.952,0.952,0.952,0.0,0.952,0.0,0.952,0.952,0.952,1.0,0.0
2015-06-04,0.952,0.952,0.952,0.952,0.0,0.952,0.0,0.952,0.952,0.952,1.0,0.0
2015-06-03,0.952,0.952,0.952,0.952,400.0,0.952,0.0,0.952,0.952,0.952,1.0,400.0
2015-06-02,0.95,0.95,0.95,0.95,400.0,0.95,0.0,0.95,0.95,0.95,1.0,400.0
2015-06-01,0.9,0.9,0.9,0.9,0.0,0.9,0.0,0.9,0.9,0.9,1.0,0.0
2015-05-29,0.9,0.9,0.9,0.9,0.0,0.9,0.0,0.9,0.9,0.9,1.0,0.0
2015-05-28,0.9,0.9,0.9,0.9,0.0,0.9,0.0,0.9,0.9,0.9,1.0,0.0
2015-05-27,0.9,0.9679,0.9,0.9679,1300.0,0.9,0.0,0.9679,0.9,0.9679,1.0,1300.0
2015-05-26,0.9899,0.9899,0.9,0.9001,3140.0,0.9899,0.0,0.9899,0.9,0.9001,1.0,3140.0
2015-05-22,0.9,0.9,0.9,0.9,397.0,0.9,0.0,0.9,0.9,0.9,1.0,397.0
2015-05-21,0.9,0.9,0.9,0.9,0.0,0.9,0.0,0.9,0.9,0.9,1.0,0.0
2015-05-20,0.9,0.9,0.9,0.9,0.0,0.9,0.0,0.9,0.9,0.9,1.0,0.0
2015-05-19,0.9,0.9,0.9,0.9,0.0,0.9,0.0,0.9,0.9,0.9,1.0,0.0
2015-05-18,0.9,0.9,0.9,0.9,0.0,0.9,0.0,0.9,0.9,0.9,1.0,0.0
2015-05-15,0.9,0.9,0.9,0.9,0.0,0.9,0.0,0.9,0.9,0.9,1.0,0.0
2015-05-14,0.9,0.9,0.9,0.9,0.0,0.9,0.0,0.9,0.9,0.9,1.0,0.0
2015-05-13,0.9,0.99,0.86,0.99,3311.0,0.9,0.0,0.99,0.86,0.99,1.0,3311.0
2015-05-12,1.0,1.0,1.0,1.0,62.0,1.0,0.0,1.0,1.0,1.0,1.0,62.0
2015-05-11,1.0,1.03,1.0,1.0,4660.0,1.0,0.0,1.03,1.0,1.0,1.0,4660.0
2015-05-08,1.06,1.06,1.06,1.06,600.0,1.06,0.0,1.06,1.06,1.06,1.0,600.0
2015-05-07,1.05,1.05,1.05,1.05,10000.0,1.05,0.0,1.05,1.05,1.05,1.0,10000.0
2015-05-06,1.05,1.16,1.05,1.13,4610.0,1.05,0.0,1.16,1.05,1.13,1.0,4610.0
2015-05-05,0.94,1.07,0.82,1.07,4505.0,0.94,0.0,1.07,0.82,1.07,1.0,4505.0
2015-05-04,1.07,1.07,1.07,1.07,392.0,1.07,0.0,1.07,1.07,1.07,1.0,392.0
2015-05-01,1.0,1.0099,1.0,1.0099,5000.0,1.0,0.0,1.0099,1.0,1.0099,1.0,5000.0
2015-04-30,1.02,1.02,0.95,1.0,12215.0,1.02,0.0,1.02,0.95,1.0,1.0,12215.0
2015-04-29,1.06,1.06,1.05,1.05,600.0,1.06,0.0,1.06,1.05,1.05,1.0,600.0
2015-04-28,1.05,1.05,1.05,1.05,0.0,1.05,0.0,1.05,1.05,1.05,1.0,0.0
2015-04-27,1.05,1.09,1.05,1.0836,3350.0,1.05,0.0,1.09,1.05,1.0836,1.0,3350.0
2015-04-24,1.0991,1.1,1.05,1.06,6355.0,1.0991,0.0,1.1,1.05,1.06,1.0,6355.0
2015-04-23,1.05,1.05,1.05,1.05,0.0,1.05,0.0,1.05,1.05,1.05,1.0,0.0
2015-04-22,1.05,1.05,1.05,1.05,0.0,1.05,0.0,1.05,1.05,1.05,1.0,0.0
2015-04-21,1.05,1.11,1.05,1.11,2155.0,1.05,0.0,1.11,1.05,1.11,1.0,2155.0
2015-04-20,1.2001,1.2001,1.2001,1.2001,0.0,1.2001,0.0,1.2001,1.2001,1.2001,1.0,0.0
2015-04-17,1.2001,1.2599,1.2,1.25,2800.0,1.2001,0.0,1.2599,1.2,1.25,1.0,2800.0
2015-04-16,1.2,1.2,1.2,1.2,193.0,1.2,0.0,1.2,1.2,1.2,1.0,193.0
2015-04-15,1.1,1.1,1.1,1.1,315.0,1.1,0.0,1.1,1.1,1.1,1.0,315.0
2015-04-14,1.0,1.0,1.0,1.0,30.0,1.0,0.0,1.0,1.0,1.0,1.0,30.0
2015-04-13,1.0,1.02,1.0,1.02,940.0,1.0,0.0,1.02,1.0,1.02,1.0,940.0
2015-04-10,1.04,1.04,1.04,1.04,0.0,1.04,0.0,1.04,1.04,1.04,1.0,0.0
2015-04-09,1.04,1.04,1.04,1.04,70.0,1.04,0.0,1.04,1.04,1.04,1.0,70.0
2015-04-08,1.04,1.13,1.01,1.13,3730.0,1.04,0.0,1.13,1.01,1.13,1.0,3730.0
2015-04-07,1.13,1.13,1.13,1.13,0.0,1.13,0.0,1.13,1.13,1.13,1.0,0.0
2015-04-06,1.13,1.13,1.13,1.13,0.0,1.13,0.0,1.13,1.13,1.13,1.0,0.0
2015-04-02,1.13,1.13,1.13,1.13,100.0,1.13,0.0,1.13,1.13,1.13,1.0,100.0
2015-04-01,1.13,1.26,1.13,1.16,502.0,1.13,0.0,1.26,1.13,1.16,1.0,502.0
2015-03-31,1.15,1.15,1.15,1.15,473.0,1.15,0.0,1.15,1.15,1.15,1.0,473.0
2015-03-30,1.2,1.2,1.2,1.2,1000.0,1.2,0.0,1.2,1.2,1.2,1.0,1000.0
2015-03-27,1.2,1.222,1.15,1.15,2218.0,1.2,0.0,1.222,1.15,1.15,1.0,2218.0
2015-03-26,1.1,1.1,1.09,1.09,355.0,1.1,0.0,1.1,1.09,1.09,1.0,355.0
2015-03-25,1.2681,1.2681,1.2681,1.2681,3.0,1.2681,0.0,1.2681,1.2681,1.2681,1.0,3.0
2015-03-24,1.2681,1.2681,1.2681,1.2681,3.0,1.2681,0.0,1.2681,1.2681,1.2681,1.0,3.0
2015-03-23,1.2681,1.2681,1.2681,1.2681,0.0,1.2681,0.0,1.2681,1.2681,1.2681,1.0,0.0
2015-03-20,1.2681,1.2681,1.2681,1.2681,244.0,1.2681,0.0,1.2681,1.2681,1.2681,1.0,244.0
2015-03-19,1.2809,1.48,0.99,1.16,5527.0,1.2809,0.0,1.48,0.99,1.16,1.0,5527.0
2015-03-18,1.25,1.25,1.25,1.25,0.0,1.25,0.0,1.25,1.25,1.25,1.0,0.0
2015-03-17,1.25,1.25,1.25,1.25,0.0,1.25,0.0,1.25,1.25,1.25,1.0,0.0
2015-03-16,1.25,1.28,1.25,1.28,255.0,1.25,0.0,1.28,1.25,1.28,1.0,255.0
2015-03-13,1.2,1.2,1.0,1.07,3065.0,1.2,0.0,1.2,1.0,1.07,1.0,3065.0
2015-03-12,1.38,1.38,1.37,1.37,300.0,1.38,0.0,1.38,1.37,1.37,1.0,300.0
2015-03-11,1.38,1.38,1.38,1.38,100.0,1.38,0.0,1.38,1.38,1.38,1.0,100.0
2015-03-10,1.38,1.38,1.38,1.38,0.0,1.38,0.0,1.38,1.38,1.38,1.0,0.0
2015-03-09,1.38,1.4,1.38,1.4,800.0,1.38,0.0,1.4,1.38,1.4,1.0,800.0
2015-03-06,1.38,1.38,1.07,1.3,2000.0,1.38,0.0,1.38,1.07,1.3,1.0,2000.0
2015-03-05,1.24,1.24,1.24,1.24,0.0,1.24,0.0,1.24,1.24,1.24,1.0,0.0
2015-03-04,1.24,1.3,0.975,1.3,19038.0,1.24,0.0,1.3,0.975,1.3,1.0,19038.0
2015-03-03,1.2601,1.2601,1.2601,1.2601,225.0,1.2601,0.0,1.2601,1.2601,1.2601,1.0,225.0
2015-03-02,1.2747,1.2747,1.2747,1.2747,300.0,1.2747,0.0,1.2747,1.2747,1.2747,1.0,300.0
2015-02-27,1.25,1.28,1.17,1.28,2300.0,1.25,0.0,1.28,1.17,1.28,1.0,2300.0
2015-02-26,1.44,1.7,1.17,1.7,13171.0,1.44,0.0,1.7,1.17,1.7,1.0,13171.0
2015-02-25,1.5,1.5,1.5,1.5,200.0,1.5,0.0,1.5,1.5,1.5,1.0,200.0
2015-02-24,1.36,2.22,1.36,2.18,7005.0,1.36,0.0,2.22,1.36,2.18,1.0,7005.0
2015-02-23,1.41,1.41,1.41,1.41,321.0,1.41,0.0,1.41,1.41,1.41,1.0,321.0
2015-02-20,1.9732,2.2,1.58,1.58,800.0,1.9732,0.0,2.2,1.58,1.58,1.0,800.0
2015-02-19,1.53,1.53,1.53,1.53,660.0,1.53,0.0,1.53,1.53,1.53,1.0,660.0
2015-02-18,1.65,1.9201,1.65,1.9201,2125.0,1.65,0.0,1.9201,1.65,1.9201,1.0,2125.0
2015-02-17,1.61,1.79,1.61,1.79,768.0,1.61,0.0,1.79,1.61,1.79,1.0,768.0
2015-02-13,1.6304,1.64,1.5,1.6399,2480.0,1.6304,0.0,1.64,1.5,1.6399,1.0,2480.0
2015-02-12,1.596,1.656,1.596,1.65,3043.0,1.596,0.0,1.656,1.596,1.65,1.0,3043.0
2015-02-11,1.5,1.5,1.5,1.5,0.0,1.5,0.0,1.5,1.5,1.5,1.0,0.0
2015-02-10,1.5,1.5,1.5,1.5,100.0,1.5,0.0,1.5,1.5,1.5,1.0,100.0
2015-02-09,1.5248,1.54,1.41,1.41,2092.0,1.5248,0.0,1.54,1.41,1.41,1.0,2092.0
2015-02-06,1.6,1.71,1.43,1.43,3148.0,1.6,0.0,1.71,1.43,1.43,1.0,3148.0
2015-02-05,1.38,1.38,1.38,1.38,421.0,1.38,0.0,1.38,1.38,1.38,1.0,421.0
2015-02-04,1.53,1.53,1.53,1.53,0.0,1.53,0.0,1.53,1.53,1.53,1.0,0.0
2015-02-03,1.53,1.53,1.53,1.53,100.0,1.53,0.0,1.53,1.53,1.53,1.0,100.0
2015-02-02,1.5,1.63,1.5,1.5,2435.0,1.5,0.0,1.63,1.5,1.5,1.0,2435.0
2015-01-30,1.5,1.5,1.5,1.5,0.0,1.5,0.0,1.5,1.5,1.5,1.0,0.0
2015-01-29,1.5,1.5,1.5,1.5,0.0,1.5,0.0,1.5,1.5,1.5,1.0,0.0
2015-01-28,1.5,1.5,1.5,1.5,50.0,1.5,0.0,1.5,1.5,1.5,1.0,50.0
2015-01-27,1.5,1.5,1.5,1.5,100.0,1.5,0.0,1.5,1.5,1.5,1.0,100.0
2015-01-26,1.55,1.6,1.31,1.6,1910.0,1.55,0.0,1.6,1.31,1.6,1.0,1910.0
2015-01-23,1.37,1.56,1.37,1.53,363.0,1.37,0.0,1.56,1.37,1.53,1.0,363.0
2015-01-22,1.4,1.42,1.4,1.42,304.0,1.4,0.0,1.42,1.4,1.42,1.0,304.0
2015-01-21,1.31,1.31,1.31,1.31,0.0,1.31,0.0,1.31,1.31,1.31,1.0,0.0
2015-01-20,1.31,1.4,1.27,1.4,1200.0,1.31,0.0,1.4,1.27,1.4,1.0,1200.0
2015-01-16,1.44,1.45,1.33,1.33,950.0,1.44,0.0,1.45,1.33,1.33,1.0,950.0
2015-01-15,1.442,1.442,1.38,1.38,1230.0,1.442,0.0,1.442,1.38,1.38,1.0,1230.0
2015-01-14,1.57,1.6,1.42,1.565,1050.0,1.57,0.0,1.6,1.42,1.565,1.0,1050.0
2015-01-13,1.48,1.48,1.311,1.311,902.0,1.48,0.0,1.48,1.311,1.311,1.0,902.0
2015-01-12,1.69,1.69,1.68,1.68,358.0,1.69,0.0,1.69,1.68,1.68,1.0,358.0
2015-01-09,1.53,1.53,1.53,1.53,100.0,1.53,0.0,1.53,1.53,1.53,1.0,100.0
2015-01-08,1.725,1.7799,1.725,1.75,2958.0,1.725,0.0,1.7799,1.725,1.75,1.0,2958.0
2015-01-07,1.7437,1.89,1.6501,1.8,16886.0,1.7437,0.0,1.89,1.6501,1.8,1.0,16886.0
2015-01-06,1.5,1.6,1.5,1.58,1350.0,1.5,0.0,1.6,1.5,1.58,1.0,1350.0
2015-01-05,1.62,1.999,1.53,1.8,795.0,1.62,0.0,1.999,1.53,1.8,1.0,795.0
2015-01-02,1.4,1.7,1.13,1.69,1410.0,1.4,0.0,1.7,1.13,1.69,1.0,1410.0
2014-12-31,1.35,1.51,1.35,1.48,16454.0,1.35,0.0,1.51,1.35,1.48,1.0,16454.0
2014-12-30,1.34,1.61,1.32,1.33,18810.0,1.34,0.0,1.61,1.32,1.33,1.0,18810.0
2014-12-29,1.31,1.32,1.31,1.32,1100.0,1.31,0.0,1.32,1.31,1.32,1.0,1100.0
2014-12-26,1.69,1.69,1.69,1.69,104.0,1.69,0.0,1.69,1.69,1.69,1.0,104.0
2014-12-24,1.69,1.72,1.54,1.6,3287.0,1.69,0.0,1.72,1.54,1.6,1.0,3287.0
2014-12-23,1.56,1.9,1.4,1.55,23499.0,1.56,0.0,1.9,1.4,1.55,1.0,23499.0
2014-12-22,1.3001,1.3001,1.3001,1.3001,200.0,1.3001,0.0,1.3001,1.3001,1.3001,1.0,200.0
2014-12-19,1.3,1.4199,1.3,1.4199,300.0,1.3,0.0,1.4199,1.3,1.4199,1.0,300.0
2014-12-18,1.54,1.79,1.3,1.57,9565.0,1.54,0.0,1.79,1.3,1.57,1.0,9565.0
2014-12-17,1.54,1.54,1.54,1.54,0.0,1.54,0.0,1.54,1.54,1.54,1.0,0.0
2014-12-16,1.54,1.54,1.54,1.54,2055.0,1.54,0.0,1.54,1.54,1.54,1.0,2055.0
2014-12-15,1.93,1.93,1.54,1.54,10500.0,1.93,0.0,1.93,1.54,1.54,1.0,10500.0
2014-12-12,1.54,1.54,1.54,1.54,100.0,1.54,0.0,1.54,1.54,1.54,1.0,100.0
2014-12-11,1.56,1.56,1.54,1.54,605.0,1.56,0.0,1.56,1.54,1.54,1.0,605.0
2014-12-10,1.54,1.54,1.54,1.54,122.0,1.54,0.0,1.54,1.54,1.54,1.0,122.0
2014-12-09,1.54,1.57,1.54,1.54,1600.0,1.54,0.0,1.57,1.54,1.54,1.0,1600.0
2014-12-08,1.5751,1.5751,1.5751,1.5751,100.0,1.5751,0.0,1.5751,1.5751,1.5751,1.0,100.0
2014-12-05,1.6126,1.6126,1.54,1.54,2180.0,1.6126,0.0,1.6126,1.54,1.54,1.0,2180.0
2014-12-04,1.57,1.57,1.57,1.57,0.0,1.57,0.0,1.57,1.57,1.57,1.0,0.0
2014-12-03,1.57,1.57,1.54,1.54,3866.0,1.57,0.0,1.57,1.54,1.54,1.0,3866.0
2014-12-02,1.64,1.64,1.52,1.52,310.0,1.64,0.0,1.64,1.52,1.52,1.0,310.0
2014-12-01,1.85,1.85,1.85,1.85,20.0,1.85,0.0,1.85,1.85,1.85,1.0,20.0
2014-11-28,1.85,1.85,1.85,1.85,6328.0,1.85,0.0,1.85,1.85,1.85,1.0,6328.0
2014-11-26,1.92,1.93,1.92,1.93,580.0,1.92,0.0,1.93,1.92,1.93,1.0,580.0
2014-11-25,1.96,2.0,1.96,1.96,1220.0,1.96,0.0,2.0,1.96,1.96,1.0,1220.0
2014-11-24,1.85,1.85,1.85,1.85,0.0,1.85,0.0,1.85,1.85,1.85,1.0,0.0
2014-11-21,1.85,1.95,1.85,1.95,527.0,1.85,0.0,1.95,1.85,1.95,1.0,527.0
2014-11-20,1.86,1.86,1.85,1.85,7500.0,1.86,0.0,1.86,1.85,1.85,1.0,7500.0
2014-11-19,1.87,1.9101,1.85,1.9,3800.0,1.87,0.0,1.9101,1.85,1.9,1.0,3800.0
2014-11-18,1.92,1.95,1.85,1.8501,3100.0,1.92,0.0,1.95,1.85,1.8501,1.0,3100.0
2014-11-17,1.95,1.95,1.94,1.95,1275.0,1.95,0.0,1.95,1.94,1.95,1.0,1275.0
2014-11-14,1.9499,1.9499,1.9499,1.9499,630.0,1.9499,0.0,1.9499,1.9499,1.9499,1.0,630.0
2014-11-13,1.85,1.85,1.85,1.85,800.0,1.85,0.0,1.85,1.85,1.85,1.0,800.0
2014-11-12,1.9,1.98,1.85,1.8741,4268.0,1.9,0.0,1.98,1.85,1.8741,1.0,4268.0
2014-11-11,1.87,1.87,1.85,1.85,310.0,1.87,0.0,1.87,1.85,1.85,1.0,310.0
2014-11-10,1.85,1.9499,1.85,1.88,5245.0,1.85,0.0,1.9499,1.85,1.88,1.0,5245.0
2014-11-07,2.0,2.0799,1.86,1.86,4111.0,2.0,0.0,2.0799,1.86,1.86,1.0,4111.0
2014-11-06,1.85,2.09,1.848,2.07,4500.0,1.85,0.0,2.09,1.848,2.07,1.0,4500.0
2014-11-05,2.3,2.3,2.04,2.04,400.0,2.3,0.0,2.3,2.04,2.04,1.0,400.0
2014-11-04,2.04,2.28,2.04,2.28,1401.0,2.04,0.0,2.28,2.04,2.28,1.0,1401.0
2014-11-03,2.29,2.43,2.1453,2.209,7245.0,2.29,0.0,2.43,2.1453,2.209,1.0,7245.0
2014-10-31,2.14,2.35,2.03,2.35,9729.0,2.14,0.0,2.35,2.03,2.35,1.0,9729.0
2014-10-30,2.06,2.21,2.0499,2.16,10674.0,2.06,0.0,2.21,2.0499,2.16,1.0,10674.0
2014-10-29,2.11,2.13,2.04,2.05,5820.0,2.11,0.0,2.13,2.04,2.05,1.0,5820.0
2014-10-28,1.8238,1.8238,1.8238,1.8238,0.0,1.8238,0.0,1.8238,1.8238,1.8238,1.0,0.0
2014-10-27,1.8238,1.8238,1.75,1.8238,276.0,1.8238,0.0,1.8238,1.75,1.8238,1.0,276.0
2014-10-24,2.019,2.019,1.949,1.949,1264.0,2.019,0.0,2.019,1.949,1.949,1.0,1264.0
2014-10-23,1.9,1.9,1.76,1.8282,2429.0,1.9,0.0,1.9,1.76,1.8282,1.0,2429.0
2014-10-22,2.01,2.02,2.01,2.02,900.0,2.01,0.0,2.02,2.01,2.02,1.0,900.0
2014-10-21,1.75,1.9,1.75,1.9,4100.0,1.75,0.0,1.9,1.75,1.9,1.0,4100.0
2014-10-20,2.16,2.16,2.16,2.16,754.0,2.16,0.0,2.16,2.16,2.16,1.0,754.0
2014-10-17,1.9,2.0602,1.9,2.0602,1132.0,1.9,0.0,2.0602,1.9,2.0602,1.0,1132.0
2014-10-16,1.9,1.9,1.9,1.9,900.0,1.9,0.0,1.9,1.9,1.9,1.0,900.0
2014-10-15,1.86,2.05,1.78,1.8,3975.0,1.86,0.0,2.05,1.78,1.8,1.0,3975.0
2014-10-14,1.8,1.9276,1.8,1.84,11716.0,1.8,0.0,1.9276,1.8,1.84,1.0,11716.0
2014-10-13,1.85,1.93,1.85,1.93,1395.0,1.85,0.0,1.93,1.85,1.93,1.0,1395.0
2014-10-10,1.9488,1.9488,1.81,1.81,300.0,1.9488,0.0,1.9488,1.81,1.81,1.0,300.0
2014-10-09,1.9,2.0762,1.4757,2.0762,5420.0,1.9,0.0,2.0762,1.4757,2.0762,1.0,5420.0
2014-10-08,2.09,2.1,2.0518,2.1,5625.0,2.09,0.0,2.1,2.0518,2.1,1.0,5625.0
2014-10-07,2.1643,2.1643,2.1643,2.1643,110.0,2.1643,0.0,2.1643,2.1643,2.1643,1.0,110.0
2014-10-06,2.18,2.18,2.0,2.101,18250.0,2.18,0.0,2.18,2.0,2.101,1.0,18250.0
2014-10-03,2.1999,2.1999,2.17,2.17,1350.0,2.1999,0.0,2.1999,2.17,2.17,1.0,1350.0
2014-10-02,2.1,2.4,2.1,2.4,11205.0,2.1,0.0,2.4,2.1,2.4,1.0,11205.0
2014-10-01,2.2,2.27,2.07,2.27,5167.0,2.2,0.0,2.27,2.07,2.27,1.0,5167.0
2014-09-30,2.27,2.3,2.27,2.2701,500.0,2.27,0.0,2.3,2.27,2.2701,1.0,500.0
2014-09-29,2.424,2.75,2.424,2.75,374.0,2.424,0.0,2.75,2.424,2.75,1.0,374.0
2014-09-26,2.35,2.35,2.35,2.35,27.0,2.35,0.0,2.35,2.35,2.35,1.0,27.0
2014-09-25,2.35,2.75,2.35,2.74,3189.0,2.35,0.0,2.75,2.35,2.74,1.0,3189.0
2014-09-24,2.3,2.43,2.27,2.43,2340.0,2.3,0.0,2.43,2.27,2.43,1.0,2340.0
2014-09-23,2.15,2.48,2.0918,2.48,5600.0,2.15,0.0,2.48,2.0918,2.48,1.0,5600.0
2014-09-22,2.47,2.7,2.47,2.7,1200.0,2.47,0.0,2.7,2.47,2.7,1.0,1200.0
2014-09-19,2.17,2.45,2.14,2.4,11000.0,2.17,0.0,2.45,2.14,2.4,1.0,11000.0
2014-09-18,2.66,2.66,2.28,2.59,7500.0,2.66,0.0,2.66,2.28,2.59,1.0,7500.0
2014-09-17,2.75,2.75,2.75,2.75,200.0,2.75,0.0,2.75,2.75,2.75,1.0,200.0
2014-09-16,2.86,2.86,2.86,2.86,0.0,2.86,0.0,2.86,2.86,2.86,1.0,0.0
2014-09-15,2.86,2.93,2.65,2.93,2400.0,2.86,0.0,2.93,2.65,2.93,1.0,2400.0
2014-09-12,2.99,3.08,2.82,2.84,6500.0,2.99,0.0,3.08,2.82,2.84,1.0,6500.0
2014-09-11,2.54,2.54,2.54,2.54,400.0,2.54,0.0,2.54,2.54,2.54,1.0,400.0
2014-09-10,2.54,2.56,2.5199,2.5199,900.0,2.54,0.0,2.56,2.5199,2.5199,1.0,900.0
2014-09-09,2.58,2.58,2.58,2.58,1100.0,2.58,0.0,2.58,2.58,2.58,1.0,1100.0
2014-09-08,2.8,2.8399,2.8,2.82,1000.0,2.8,0.0,2.8399,2.8,2.82,1.0,1000.0
2014-09-05,2.6699,2.6699,2.5,2.5,300.0,2.6699,0.0,2.6699,2.5,2.5,1.0,300.0
2014-09-04,2.55,2.8,2.55,2.8,1800.0,2.55,0.0,2.8,2.55,2.8,1.0,1800.0
2014-09-03,2.85,2.8619,2.85,2.8619,200.0,2.85,0.0,2.8619,2.85,2.8619,1.0,200.0
2014-09-02,2.7401,3.088,2.67,3.088,2100.0,2.7401,0.0,3.088,2.67,3.088,1.0,2100.0
2014-08-29,2.89,3.37,2.89,3.37,3300.0,2.89,0.0,3.37,2.89,3.37,1.0,3300.0
2014-08-28,2.97,3.13,2.5,3.0,10900.0,2.97,0.0,3.13,2.5,3.0,1.0,10900.0
2014-08-27,2.96,3.25,2.114,2.114,44600.0,2.96,0.0,3.25,2.114,2.114,1.0,44600.0
2014-08-26,2.09,2.27,2.01,2.1,11200.0,2.09,0.0,2.27,2.01,2.1,1.0,11200.0
2014-08-25,2.22,2.22,2.1201,2.22,500.0,2.22,0.0,2.22,2.1201,2.22,1.0,500.0
2014-08-22,2.33,2.33,2.15,2.2,14500.0,2.33,0.0,2.33,2.15,2.2,1.0,14500.0
2014-08-21,2.07,2.3,1.9,2.2,7700.0,2.07,0.0,2.3,1.9,2.2,1.0,7700.0
2014-08-20,2.1,2.5,1.93,1.95,21800.0,2.1,0.0,2.5,1.93,1.95,1.0,21800.0
2014-08-19,2.19,2.28,1.89,2.28,6200.0,2.19,0.0,2.28,1.89,2.28,1.0,6200.0
2014-08-18,2.14,2.29,1.92,1.92,11600.0,2.14,0.0,2.29,1.92,1.92,1.0,11600.0
2014-08-15,2.12,2.139,1.9,2.08,7600.0,2.12,0.0,2.139,1.9,2.08,1.0,7600.0
2014-08-14,2.0699,2.1,1.9,1.91,7400.0,2.0699,0.0,2.1,1.9,1.91,1.0,7400.0
2014-08-13,1.91,2.0799,1.79,1.94,19000.0,1.91,0.0,2.0799,1.79,1.94,1.0,19000.0
2014-08-12,1.94,2.0801,1.8,2.0801,15700.0,1.94,0.0,2.0801,1.8,2.0801,1.0,15700.0
2014-08-11,2.08,2.23,1.91,2.15,5600.0,2.08,0.0,2.23,1.91,2.15,1.0,5600.0
2014-08-08,2.1725,2.25,2.1,2.19,4900.0,2.1725,0.0,2.25,2.1,2.19,1.0,4900.0
2014-08-07,2.3599,2.47,2.32,2.4,10200.0,2.3599,0.0,2.47,2.32,2.4,1.0,10200.0
2014-08-06,2.4,2.4,2.17,2.17,3100.0,2.4,0.0,2.4,2.17,2.17,1.0,3100.0
2014-08-05,2.3899,2.41,2.1,2.27,11100.0,2.3899,0.0,2.41,2.1,2.27,1.0,11100.0
2014-08-04,2.2646,2.5,2.1601,2.5,10800.0,2.2646,0.0,2.5,2.1601,2.5,1.0,10800.0
2014-08-01,2.39,2.64,2.321,2.59,23200.0,2.39,0.0,2.64,2.321,2.59,1.0,23200.0
2014-07-31,2.74,3.25,2.6,3.25,24800.0,2.74,0.0,3.25,2.6,3.25,1.0,24800.0
2014-07-30,3.02,3.36,2.6389,3.21,80400.0,3.02,0.0,3.36,2.6389,3.21,1.0,80400.0
2014-07-29,2.55,3.98,2.14,3.98,97000.0,2.55,0.0,3.98,2.14,3.98,1.0,97000.0
2014-07-28,9.59,10.65,8.99,10.65,8600.0,9.59,0.0,10.65,8.99,10.65,1.0,8600.0
2014-07-25,10.02,11.05,8.99,8.99,7800.0,10.02,0.0,11.05,8.99,8.99,1.0,7800.0
2014-07-24,8.85,8.85,8.57,8.57,400.0,8.85,0.0,8.85,8.57,8.57,1.0,400.0
2014-07-23,8.68,8.68,8.68,8.68,0.0,8.68,0.0,8.68,8.68,8.68,1.0,0.0
2014-07-22,8.68,8.68,8.45,8.67,5900.0,8.68,0.0,8.68,8.45,8.67,1.0,5900.0
2014-07-21,8.65,8.65,8.29,8.3,7600.0,8.65,0.0,8.65,8.29,8.3,1.0,7600.0
2014-07-18,8.5966,8.5966,7.5,7.65,1800.0,8.5966,0.0,8.5966,7.5,7.65,1.0,1800.0
2014-07-17,7.94,8.0,7.78,8.0,3200.0,7.94,0.0,8.0,7.78,8.0,1.0,3200.0
2014-07-16,8.05,8.1,7.92,8.1,600.0,8.05,0.0,8.1,7.92,8.1,1.0,600.0
2014-07-15,8.22,8.36,8.12,8.36,1200.0,8.22,0.0,8.36,8.12,8.36,1.0,1200.0
2014-07-14,8.5001,8.65,7.98,7.98,6400.0,8.5001,0.0,8.65,7.98,7.98,1.0,6400.0
2014-07-11,7.94,8.1,7.69,8.0,400.0,7.94,0.0,8.1,7.69,8.0,1.0,400.0
2014-07-10,7.57,7.96,7.36,7.36,1600.0,7.57,0.0,7.96,7.36,7.36,1.0,1600.0
2014-07-09,7.56,7.7,7.31,7.45,6400.0,7.56,0.0,7.7,7.31,7.45,1.0,6400.0
2014-07-08,7.38,7.63,7.22,7.63,2900.0,7.38,0.0,7.63,7.22,7.63,1.0,2900.0
2014-07-07,8.01,8.01,7.77,7.77,1000.0,8.01,0.0,8.01,7.77,7.77,1.0,1000.0
2014-07-03,8.86,8.86,8.74,8.76,2500.0,8.86,0.0,8.86,8.74,8.76,1.0,2500.0
2014-07-02,8.8,9.04,8.8,9.04,1100.0,8.8,0.0,9.04,8.8,9.04,1.0,1100.0
2014-07-01,8.97,9.22,8.84,9.2,1700.0,8.97,0.0,9.22,8.84,9.2,1.0,1700.0
2014-06-30,9.1,9.22,8.83,9.04,1000.0,9.1,0.0,9.22,8.83,9.04,1.0,1000.0
2014-06-27,9.53,9.53,8.78,8.78,1000.0,9.53,0.0,9.53,8.78,8.78,1.0,1000.0
2014-06-26,9.56,9.849,9.16,9.849,1800.0,9.56,0.0,9.849,9.16,9.849,1.0,1800.0
2014-06-25,9.71,10.0,9.1,9.1,6500.0,9.71,0.0,10.0,9.1,9.1,1.0,6500.0
2014-06-24,9.45,9.8,9.45,9.71,600.0,9.45,0.0,9.8,9.45,9.71,1.0,600.0
2014-06-23,9.75,10.54,9.74,10.37,3500.0,9.75,0.0,10.54,9.74,10.37,1.0,3500.0
2014-06-20,9.5,9.55,9.31,9.32,5300.0,9.5,0.0,9.55,9.31,9.32,1.0,5300.0
2014-06-19,9.6,9.6,9.19,9.6,2800.0,9.6,0.0,9.6,9.19,9.6,1.0,2800.0
2014-06-18,9.85,9.89,9.6,9.7,7400.0,9.85,0.0,9.89,9.6,9.7,1.0,7400.0
2014-06-17,9.68,9.68,9.1,9.1,4700.0,9.68,0.0,9.68,9.1,9.1,1.0,4700.0
2014-06-16,9.02,9.52,8.69,9.52,24700.0,9.02,0.0,9.52,8.69,9.52,1.0,24700.0
2014-06-13,8.98,9.29,8.79,9.29,6600.0,8.98,0.0,9.29,8.79,9.29,1.0,6600.0
2014-06-12,9.09,9.3,8.95,9.15,6300.0,9.09,0.0,9.3,8.95,9.15,1.0,6300.0
2014-06-11,9.2,9.52,8.68,9.27,5600.0,9.2,0.0,9.52,8.68,9.27,1.0,5600.0
2014-06-10,9.18,9.18,8.75,8.76,11600.0,9.18,0.0,9.18,8.75,8.76,1.0,11600.0
2014-06-09,9.17,9.25,9.17,9.2,1000.0,9.17,0.0,9.25,9.17,9.2,1.0,1000.0
2014-06-06,9.15,9.15,8.99,8.99,1100.0,9.15,0.0,9.15,8.99,8.99,1.0,1100.0
2014-06-05,8.91,9.1,8.91,9.0,5900.0,8.91,0.0,9.1,8.91,9.0,1.0,5900.0
2014-06-04,8.9,8.93,8.68,8.68,1200.0,8.9,0.0,8.93,8.68,8.68,1.0,1200.0
2014-06-03,8.72,8.72,7.76,7.76,6300.0,8.72,0.0,8.72,7.76,7.76,1.0,6300.0
2014-06-02,8.28,8.48,8.1464,8.15,1300.0,8.28,0.0,8.48,8.1464,8.15,1.0,1300.0
2014-05-30,8.57,8.6,8.2,8.42,13200.0,8.57,0.0,8.6,8.2,8.42,1.0,13200.0
2014-05-29,8.65,8.927,8.2,8.2,8400.0,8.65,0.0,8.927,8.2,8.2,1.0,8400.0
2014-05-28,7.97,8.0,7.96,7.96,1800.0,7.97,0.0,8.0,7.96,7.96,1.0,1800.0
2014-05-27,7.97,7.97,7.55,7.87,16100.0,7.97,0.0,7.97,7.55,7.87,1.0,16100.0
2014-05-23,7.62,7.62,7.2644,7.36,13400.0,7.62,0.0,7.62,7.2644,7.36,1.0,13400.0
2014-05-22,7.47,7.47,7.34,7.41,2300.0,7.47,0.0,7.47,7.34,7.41,1.0,2300.0
2014-05-21,7.3124,7.32,7.3124,7.32,1200.0,7.3124,0.0,7.32,7.3124,7.32,1.0,1200.0
2014-05-20,7.39,7.5,7.3692,7.41,800.0,7.39,0.0,7.5,7.3692,7.41,1.0,800.0
2014-05-19,7.29,7.29,7.29,7.29,100.0,7.29,0.0,7.29,7.29,7.29,1.0,100.0
2014-05-16,7.56,7.56,7.56,7.56,100.0,7.56,0.0,7.56,7.56,7.56,1.0,100.0
2014-05-15,7.85,7.89,7.5,7.5,1800.0,7.85,0.0,7.89,7.5,7.5,1.0,1800.0
2014-05-14,7.43,7.43,7.06,7.35,800.0,7.43,0.0,7.43,7.06,7.35,1.0,800.0
2014-05-13,7.55,7.55,7.14,7.15,4700.0,7.55,0.0,7.55,7.14,7.15,1.0,4700.0
2014-05-12,7.01,7.01,6.84,6.84,1000.0,7.01,0.0,7.01,6.84,6.84,1.0,1000.0
2014-05-09,6.87,6.87,6.32,6.32,5300.0,6.87,0.0,6.87,6.32,6.32,1.0,5300.0
2014-05-08,6.98,7.04,6.49,6.76,17000.0,6.98,0.0,7.04,6.49,6.76,1.0,17000.0
2014-05-07,6.76,7.65,6.33,6.82,15000.0,6.76,0.0,7.65,6.33,6.82,1.0,15000.0
2014-05-06,7.46,7.71,7.46,7.47,1700.0,7.46,0.0,7.71,7.46,7.47,1.0,1700.0
2014-05-05,7.71,7.75,7.19,7.22,35700.0,7.71,0.0,7.75,7.19,7.22,1.0,35700.0
2014-05-02,7.49,7.8,7.25,7.6001,14100.0,7.49,0.0,7.8,7.25,7.6001,1.0,14100.0
2014-05-01,7.9,7.9,7.6,7.6,2300.0,7.9,0.0,7.9,7.6,7.6,1.0,2300.0
2014-04-30,7.6,7.74,7.39,7.39,1800.0,7.6,0.0,7.74,7.39,7.39,1.0,1800.0
2014-04-29,7.61,7.61,7.61,7.61,0.0,7.61,0.0,7.61,7.61,7.61,1.0,0.0
2014-04-28,7.61,7.7,7.2,7.57,1800.0,7.61,0.0,7.7,7.2,7.57,1.0,1800.0
2014-04-25,7.31,7.83,7.31,7.83,700.0,7.31,0.0,7.83,7.31,7.83,1.0,700.0
2014-04-24,8.1,8.1,8.1,8.1,100.0,8.1,0.0,8.1,8.1,8.1,1.0,100.0
2014-04-23,8.2,8.2,8.2,8.2,100.0,8.2,0.0,8.2,8.2,8.2,1.0,100.0
2014-04-22,8.25,8.388,7.95,8.388,3200.0,8.25,0.0,8.388,7.95,8.388,1.0,3200.0
2014-04-21,7.93,8.4899,7.25,7.25,900.0,7.93,0.0,8.4899,7.25,7.25,1.0,900.0
2014-04-17,8.0,8.38,7.1,7.1,3500.0,8.0,0.0,8.38,7.1,7.1,1.0,3500.0
2014-04-16,7.02,7.11,6.65,7.11,500.0,7.02,0.0,7.11,6.65,7.11,1.0,500.0
2014-04-15,7.25,7.25,6.25,7.22,1800.0,7.25,0.0,7.25,6.25,7.22,1.0,1800.0
2014-04-14,7.23,7.43,7.05,7.43,3600.0,7.23,0.0,7.43,7.05,7.43,1.0,3600.0
2014-04-11,7.76,7.8,7.26,7.6,1500.0,7.76,0.0,7.8,7.26,7.6,1.0,1500.0
2014-04-10,7.8999,7.8999,7.89,7.89,300.0,7.8999,0.0,7.8999,7.89,7.89,1.0,300.0
2014-04-09,8.0,8.0,7.88,7.92,4000.0,8.0,0.0,8.0,7.88,7.92,1.0,4000.0
2014-04-08,7.8,7.8,7.55,7.58,2300.0,7.8,0.0,7.8,7.55,7.58,1.0,2300.0
2014-04-07,8.0,8.09,7.55,7.61,4000.0,8.0,0.0,8.09,7.55,7.61,1.0,4000.0
2014-04-04,7.85,8.6,7.55,8.38,10400.0,7.85,0.0,8.6,7.55,8.38,1.0,10400.0
2014-04-03,8.38,8.9,8.38,8.85,3700.0,8.38,0.0,8.9,8.38,8.85,1.0,3700.0
2014-04-02,9.37,9.569,8.77,8.77,6500.0,9.37,0.0,9.569,8.77,8.77,1.0,6500.0
2014-04-01,8.9,10.45,8.4,9.66,14300.0,8.9,0.0,10.45,8.4,9.66,1.0,14300.0
2014-03-31,10.2,12.45,10.2,12.45,9000.0,10.2,0.0,12.45,10.2,12.45,1.0,9000.0
2014-03-28,10.58,10.58,10.1,10.55,6100.0,10.58,0.0,10.58,10.1,10.55,1.0,6100.0
2014-03-27,11.02,11.15,9.86,10.15,18100.0,11.02,0.0,11.15,9.86,10.15,1.0,18100.0
2014-03-26,9.77,11.05,9.5,11.05,7100.0,9.77,0.0,11.05,9.5,11.05,1.0,7100.0
2014-03-25,10.99,13.0,10.28,10.28,26200.0,10.99,0.0,13.0,10.28,10.28,1.0,26200.0
2014-03-24,9.26,9.59,7.93,9.55,16700.0,9.26,0.0,9.59,7.93,9.55,1.0,16700.0
2014-03-21,10.4,10.72,9.951,10.161,8400.0,10.4,0.0,10.72,9.951,10.161,1.0,8400.0
2014-03-20,10.8,10.8,10.0,10.08,9500.0,10.8,0.0,10.8,10.0,10.08,1.0,9500.0
2014-03-19,10.4,10.67,10.4,10.64,1400.0,10.4,0.0,10.67,10.4,10.64,1.0,1400.0
2014-03-18,11.4,11.4,11.36,11.36,300.0,11.4,0.0,11.4,11.36,11.36,1.0,300.0
2014-03-17,11.2801,11.2801,11.16,11.16,800.0,11.2801,0.0,11.2801,11.16,11.16,1.0,800.0
2014-03-14,10.8225,10.8225,10.06,10.32,1600.0,10.8225,0.0,10.8225,10.06,10.32,1.0,1600.0
2014-03-13,10.56,10.8,10.36,10.75,2100.0,10.56,0.0,10.8,10.36,10.75,1.0,2100.0
2014-03-12,10.5101,10.5101,10.473,10.473,800.0,10.5101,0.0,10.5101,10.473,10.473,1.0,800.0
2014-03-11,10.83,11.15,10.5,10.55,2600.0,10.83,0.0,11.15,10.5,10.55,1.0,2600.0
2014-03-10,9.93,10.2,9.5001,10.2,7300.0,9.93,0.0,10.2,9.5001,10.2,1.0,7300.0
2014-03-07,10.0,10.25,9.65,10.24,9900.0,10.0,0.0,10.25,9.65,10.24,1.0,9900.0
2014-03-06,10.66,11.05,10.1,11.05,4800.0,10.66,0.0,11.05,10.1,11.05,1.0,4800.0
2014-03-05,11.15,11.51,11.0,11.51,5900.0,11.15,0.0,11.51,11.0,11.51,1.0,5900.0
2014-03-04,12.0,12.0,11.46,11.46,1400.0,12.0,0.0,12.0,11.46,11.46,1.0,1400.0
2014-03-03,11.5,11.98,11.06,11.06,5800.0,11.5,0.0,11.98,11.06,11.06,1.0,5800.0
2014-02-28,11.77,13.15,11.5,13.15,5600.0,11.77,0.0,13.15,11.5,13.15,1.0,5600.0
2014-02-27,12.8116,13.2,12.71,13.2,1600.0,12.8116,0.0,13.2,12.71,13.2,1.0,1600.0
2014-02-26,12.98,13.96,12.687,12.75,15900.0,12.98,0.0,13.96,12.687,12.75,1.0,15900.0
2014-02-25,12.7,13.23,11.5,11.5,12500.0,12.7,0.0,13.23,11.5,11.5,1.0,12500.0
2014-02-24,10.82,10.82,10.201,10.57,1200.0,10.82,0.0,10.82,10.201,10.57,1.0,1200.0
2014-02-21,10.25,10.26,10.1,10.2,19800.0,10.25,0.0,10.26,10.1,10.2,1.0,19800.0
2014-02-20,9.76,10.194,9.76,10.13,3500.0,9.76,0.0,10.194,9.76,10.13,1.0,3500.0
2014-02-19,10.43,10.79,10.05,10.05,3500.0,10.43,0.0,10.79,10.05,10.05,1.0,3500.0
2014-02-18,10.5,10.95,9.51,10.5,10600.0,10.5,0.0,10.95,9.51,10.5,1.0,10600.0
2014-02-14,11.1,11.25,11.02,11.25,300.0,11.1,0.0,11.25,11.02,11.25,1.0,300.0
2014-02-13,11.1,11.43,10.96,11.18,4000.0,11.1,0.0,11.43,10.96,11.18,1.0,4000.0
2014-02-12,11.02,11.49,10.43,11.0,10500.0,11.02,0.0,11.49,10.43,11.0,1.0,10500.0
2014-02-11,10.87,11.55,9.92,11.41,7700.0,10.87,0.0,11.55,9.92,11.41,1.0,7700.0
2014-02-10,11.02,11.47,9.2,9.22,62900.0,11.02,0.0,11.47,9.2,9.22,1.0,62900.0
2014-02-07,9.34,9.37,8.0,8.0,11100.0,9.34,0.0,9.37,8.0,8.0,1.0,11100.0
2014-02-06,8.1,8.1,7.87,8.04,700.0,8.1,0.0,8.1,7.87,8.04,1.0,700.0
2014-02-05,8.09,8.63,7.65,7.65,4500.0,8.09,0.0,8.63,7.65,7.65,1.0,4500.0
2014-02-04,7.98,7.98,7.98,7.98,200.0,7.98,0.0,7.98,7.98,7.98,1.0,200.0
2014-02-03,8.3,9.0,8.3,9.0,5000.0,8.3,0.0,9.0,8.3,9.0,1.0,5000.0
2014-01-31,9.2,9.2,8.8915,9.15,4500.0,9.2,0.0,9.2,8.8915,9.15,1.0,4500.0
2014-01-30,8.65,8.67,8.4001,8.4001,1500.0,8.65,0.0,8.67,8.4001,8.4001,1.0,1500.0
2014-01-29,7.94,8.0,7.9,8.0,1300.0,7.94,0.0,8.0,7.9,8.0,1.0,1300.0
2014-01-28,8.25,8.5883,7.5,7.5,7400.0,8.25,0.0,8.5883,7.5,7.5,1.0,7400.0
2014-01-27,7.57,7.8,7.05,7.58,8700.0,7.57,0.0,7.8,7.05,7.58,1.0,8700.0
2014-01-24,7.25,7.3415,6.81,7.3065,5800.0,7.25,0.0,7.3415,6.81,7.3065,1.0,5800.0
2014-01-23,7.99,8.24,7.42,7.72,8000.0,7.99,0.0,8.24,7.42,7.72,1.0,8000.0
2014-01-22,8.05,9.0867,7.79,9.0867,900.0,8.05,0.0,9.0867,7.79,9.0867,1.0,900.0
2014-01-21,8.45,9.45,7.8,8.1,17300.0,8.45,0.0,9.45,7.8,8.1,1.0,17300.0
2014-01-17,7.7,8.4,7.25,8.36,4700.0,7.7,0.0,8.4,7.25,8.36,1.0,4700.0
2014-01-16,8.4,8.62,7.39,7.39,8000.0,8.4,0.0,8.62,7.39,7.39,1.0,8000.0
2014-01-15,8.53,8.76,6.9,6.9,23900.0,8.53,0.0,8.76,6.9,6.9,1.0,23900.0
2014-01-14,7.49,7.51,6.55,7.5,7900.0,7.49,0.0,7.51,6.55,7.5,1.0,7900.0
2014-01-13,8.01,9.1,7.41,8.68,20900.0,8.01,0.0,9.1,7.41,8.68,1.0,20900.0
2014-01-10,10.3,12.32,9.0325,10.94,95300.0,10.3,0.0,12.32,9.0325,10.94,1.0,95300.0
2014-01-09,8.25,8.5,5.5,5.5,90900.0,8.25,0.0,8.5,5.5,5.5,1.0,90900.0
2014-01-08,5.2,5.2,4.85,4.85,400.0,5.2,0.0,5.2,4.85,4.85,1.0,400.0
2014-01-07,4.88,5.1,4.75,5.1,5000.0,4.88,0.0,5.1,4.75,5.1,1.0,5000.0
2014-01-06,4.88,4.88,4.88,4.88,200.0,4.88,0.0,4.88,4.88,4.88,1.0,200.0
2014-01-03,4.525,4.525,4.525,4.525,100.0,4.525,0.0,4.525,4.525,4.525,1.0,100.0
2014-01-02,4.84,4.84,4.84,4.84,0.0,4.84,0.0,4.84,4.84,4.84,1.0,0.0
2013-12-31,4.84,4.84,4.84,4.84,200.0,4.84,0.0,4.84,4.84,4.84,1.0,200.0
2013-12-30,4.88,4.88,4.4554,4.4554,400.0,4.88,0.0,4.88,4.4554,4.4554,1.0,400.0
2013-12-27,4.9,4.9,4.67,4.68,1700.0,4.9,0.0,4.9,4.67,4.68,1.0,1700.0
2013-12-26,4.64,4.64,4.64,4.64,0.0,4.64,0.0,4.64,4.64,4.64,1.0,0.0
2013-12-24,4.64,4.64,4.4,4.5,1700.0,4.64,0.0,4.64,4.4,4.5,1.0,1700.0
2013-12-23,4.64,4.64,4.64,4.64,100.0,4.64,0.0,4.64,4.64,4.64,1.0,100.0
2013-12-20,4.8,4.8,4.8,4.8,100.0,4.8,0.0,4.8,4.8,4.8,1.0,100.0
2013-12-19,4.85,4.8501,4.85,4.8501,300.0,4.85,0.0,4.8501,4.85,4.8501,1.0,300.0
2013-12-18,4.7,4.9,4.301,4.5,2200.0,4.7,0.0,4.9,4.301,4.5,1.0,2200.0
2013-12-17,4.71,4.71,4.18,4.38,13700.0,4.71,0.0,4.71,4.18,4.38,1.0,13700.0
2013-12-16,4.74,4.75,4.32,4.32,6000.0,4.74,0.0,4.75,4.32,4.32,1.0,6000.0
2013-12-13,4.7461,4.7758,4.73,4.75,600.0,4.7461,0.0,4.7758,4.73,4.75,1.0,600.0
2013-12-12,4.7999,4.84,4.339,4.34,14800.0,4.7999,0.0,4.84,4.339,4.34,1.0,14800.0
2013-12-11,4.8,4.8,4.17,4.69,2300.0,4.8,0.0,4.8,4.17,4.69,1.0,2300.0
2013-12-10,4.75,4.9,4.47,4.62,25300.0,4.75,0.0,4.9,4.47,4.62,1.0,25300.0
2013-12-09,4.85,4.85,4.45,4.45,1400.0,4.85,0.0,4.85,4.45,4.45,1.0,1400.0
2013-12-06,4.83,5.0,4.401,4.401,9500.0,4.83,0.0,5.0,4.401,4.401,1.0,9500.0
2013-12-05,4.59,4.649,4.2,4.2,4700.0,4.59,0.0,4.649,4.2,4.2,1.0,4700.0
2013-12-04,4.25,4.32,4.16,4.16,1000.0,4.25,0.0,4.32,4.16,4.16,1.0,1000.0
2013-12-03,4.47,4.47,3.95,4.0,16900.0,4.47,0.0,4.47,3.95,4.0,1.0,16900.0
2013-12-02,3.6,4.0,3.4,3.88,12100.0,3.6,0.0,4.0,3.4,3.88,1.0,12100.0
2013-11-29,3.56,3.56,3.56,3.56,100.0,3.56,0.0,3.56,3.56,3.56,1.0,100.0
2013-11-27,3.84,3.95,3.5631,3.86,2400.0,3.84,0.0,3.95,3.5631,3.86,1.0,2400.0
2013-11-26,3.86,3.9,3.04,3.04,24700.0,3.86,0.0,3.9,3.04,3.04,1.0,24700.0
2013-11-25,3.4,3.45,3.05,3.23,38200.0,3.4,0.0,3.45,3.05,3.23,1.0,38200.0
2013-11-22,3.48,3.48,3.31,3.4,11400.0,3.48,0.0,3.48,3.31,3.4,1.0,11400.0
2013-11-21,3.4,3.82,3.4,3.51,11900.0,3.4,0.0,3.82,3.4,3.51,1.0,11900.0
2013-11-20,3.7,3.7,3.3,3.3,3200.0,3.7,0.0,3.7,3.3,3.3,1.0,3200.0
2013-11-19,3.3,3.3,2.7761,2.93,18700.0,3.3,0.0,3.3,2.7761,2.93,1.0,18700.0
2013-11-18,2.93,4.3,2.26,4.3,18500.0,2.93,0.0,4.3,2.26,4.3,1.0,18500.0
2013-11-15,3.85,4.35,3.76,4.35,2700.0,3.85,0.0,4.35,3.76,4.35,1.0,2700.0
2013-11-14,4.3,4.7,4.3,4.7,600.0,4.3,0.0,4.7,4.3,4.7,1.0,600.0
2013-11-13,4.3,4.3,4.2,4.2,400.0,4.3,0.0,4.3,4.2,4.2,1.0,400.0
2013-11-12,4.36,4.52,4.0248,4.52,1400.0,4.36,0.0,4.52,4.0248,4.52,1.0,1400.0
2013-11-11,5.001,5.1,5.001,5.1,500.0,5.001,0.0,5.1,5.001,5.1,1.0,500.0
2013-11-08,4.99,4.99,4.5,4.54,3500.0,4.99,0.0,4.99,4.5,4.54,1.0,3500.0
2013-11-07,5.22,5.32,5.01,5.32,600.0,5.22,0.0,5.32,5.01,5.32,1.0,600.0
2013-11-06,4.98,5.55,4.45,5.55,2700.0,4.98,0.0,5.55,4.45,5.55,1.0,2700.0
2013-11-05,5.49,5.49,5.36,5.36,2400.0,5.49,0.0,5.49,5.36,5.36,1.0,2400.0
2013-11-04,5.35,5.35,4.5215,5.1215,2300.0,5.35,0.0,5.35,4.5215,5.1215,1.0,2300.0
2013-11-01,5.32,6.32,5.29,6.32,6300.0,5.32,0.0,6.32,5.29,6.32,1.0,6300.0
2013-10-31,6.28,6.29,6.01,6.16,2000.0,6.28,0.0,6.29,6.01,6.16,1.0,2000.0
2013-10-30,6.32,6.32,6.32,6.32,0.0,6.32,0.0,6.32,6.32,6.32,1.0,0.0
2013-10-29,6.01,6.01,6.01,6.01,0.0,6.01,0.0,6.01,6.01,6.01,1.0,0.0
2013-10-28,6.32,6.4096,6.0,6.1101,7600.0,6.32,0.0,6.4096,6.0,6.1101,1.0,7600.0
2013-10-25,6.5,6.5,6.5,6.5,200.0,6.5,0.0,6.5,6.5,6.5,1.0,200.0
2013-10-24,6.5,6.5,6.48,6.48,500.0,6.5,0.0,6.5,6.48,6.48,1.0,500.0
2013-10-23,6.65,6.76,5.8,6.51,6300.0,6.65,0.0,6.76,5.8,6.51,1.0,6300.0
2013-10-22,7.01,7.3,6.77,7.3,2900.0,7.01,0.0,7.3,6.77,7.3,1.0,2900.0
2013-10-21,7.01,7.4,6.5273,7.39,23800.0,7.01,0.0,7.4,6.5273,7.39,1.0,23800.0
2013-10-18,7.3,7.3,6.5,6.5,9900.0,7.3,0.0,7.3,6.5,6.5,1.0,9900.0
2013-10-17,6.2,7.2,5.7501,7.2,13600.0,6.2,0.0,7.2,5.7501,7.2,1.0,13600.0
2013-10-16,6.25,6.4233,6.24,6.24,2400.0,6.25,0.0,6.4233,6.24,6.24,1.0,2400.0
2013-10-15,6.17,6.19,6.1,6.18,700.0,6.17,0.0,6.19,6.1,6.18,1.0,700.0
2013-10-14,6.28,6.45,6.02,6.45,600.0,6.28,0.0,6.45,6.02,6.45,1.0,600.0
2013-10-11,6.31,6.7,6.22,6.7,2900.0,6.31,0.0,6.7,6.22,6.7,1.0,2900.0
2013-10-10,6.5,6.87,6.31,6.63,4000.0,6.5,0.0,6.87,6.31,6.63,1.0,4000.0
2013-10-09,6.0,6.3,5.885,6.3,700.0,6.0,0.0,6.3,5.885,6.3,1.0,700.0
2013-10-08,6.5,7.39,6.0215,7.25,3700.0,6.5,0.0,7.39,6.0215,7.25,1.0,3700.0
2013-10-07,7.14,7.14,6.22,6.22,5200.0,7.14,0.0,7.14,6.22,6.22,1.0,5200.0
2013-10-04,6.7399,6.77,5.01,5.01,25900.0,6.7399,0.0,6.77,5.01,5.01,1.0,25900.0
2013-10-03,5.8,5.8,5.62,5.75,2100.0,5.8,0.0,5.8,5.62,5.75,1.0,2100.0
2013-10-02,5.8,5.99,5.7,5.99,6000.0,5.8,0.0,5.99,5.7,5.99,1.0,6000.0
2013-10-01,5.8,5.82,5.73,5.82,3900.0,5.8,0.0,5.82,5.73,5.82,1.0,3900.0
2013-09-30,5.4,5.81,5.2584,5.5,3200.0,5.4,0.0,5.81,5.2584,5.5,1.0,3200.0
2013-09-27,5.9067,6.0001,5.628,5.628,10500.0,5.9067,0.0,6.0001,5.628,5.628,1.0,10500.0
2013-09-26,5.65,5.66,5.15,5.15,28000.0,5.65,0.0,5.66,5.15,5.15,1.0,28000.0
2013-09-25,4.85,4.85,4.421,4.46,1600.0,4.85,0.0,4.85,4.421,4.46,1.0,1600.0
2013-09-24,4.69,4.69,4.69,4.69,100.0,4.69,0.0,4.69,4.69,4.69,1.0,100.0
2013-09-23,4.75,5.0,4.6,5.0,6500.0,4.75,0.0,5.0,4.6,5.0,1.0,6500.0
2013-09-20,4.68,4.9,4.67,4.8,6800.0,4.68,0.0,4.9,4.67,4.8,1.0,6800.0
2013-09-19,4.7,7.9,4.66,7.9,15600.0,4.7,0.0,7.9,4.66,7.9,1.0,15600.0
2013-09-18,4.98,5.17,4.75,4.95,5900.0,4.98,0.0,5.17,4.75,4.95,1.0,5900.0
2013-09-17,5.0,5.56,4.9,5.56,26800.0,5.0,0.0,5.56,4.9,5.56,1.0,26800.0
2013-09-16,5.89,7.41,5.15,7.41,19000.0,5.89,0.0,7.41,5.15,7.41,1.0,19000.0
2013-09-13,5.7,6.65,5.5134,6.59,7800.0,5.7,0.0,6.65,5.5134,6.59,1.0,7800.0
2013-09-12,6.57,8.0,5.82,5.98,141200.0,6.57,0.0,8.0,5.82,5.98,1.0,141200.0
2013-09-11,5.74,6.15,4.28,4.28,119600.0,5.74,0.0,6.15,4.28,4.28,1.0,119600.0
2013-09-10,4.5,4.97,3.91,4.0,25600.0,4.5,0.0,4.97,3.91,4.0,1.0,25600.0
2013-09-09,3.85,4.04,3.81,4.0,10600.0,3.85,0.0,4.04,3.81,4.0,1.0,10600.0
2013-09-06,3.9,4.19,3.75,3.78,5700.0,3.9,0.0,4.19,3.75,3.78,1.0,5700.0
2013-09-05,3.8,4.35,2.76,4.01,9600.0,3.8,0.0,4.35,2.76,4.01,1.0,9600.0
2013-09-04,4.1,4.44,4.05,4.05,4400.0,4.1,0.0,4.44,4.05,4.05,1.0,4400.0
2013-09-03,4.29,4.3,4.0,4.06,2900.0,4.29,0.0,4.3,4.0,4.06,1.0,2900.0
2013-08-30,4.0,4.15,4.0,4.15,1800.0,4.0,0.0,4.15,4.0,4.15,1.0,1800.0
2013-08-29,4.2,4.4,3.9,4.11,8100.0,4.2,0.0,4.4,3.9,4.11,1.0,8100.0
2013-08-28,4.06,4.3,4.06,4.16,6400.0,4.06,0.0,4.3,4.06,4.16,1.0,6400.0
2013-08-27,4.2,4.6,4.18,4.4899,7300.0,4.2,0.0,4.6,4.18,4.4899,1.0,7300.0
2013-08-26,4.69,5.1,4.06,4.06,36200.0,4.69,0.0,5.1,4.06,4.06,1.0,36200.0
2013-08-23,4.25,4.4,3.0,3.15,20600.0,4.25,0.0,4.4,3.0,3.15,1.0,20600.0
2013-08-22,3.15,3.4,3.0,3.2,7400.0,3.15,0.0,3.4,3.0,3.2,1.0,7400.0
2013-08-21,3.42,3.42,3.0,3.0,13400.0,3.42,0.0,3.42,3.0,3.0,1.0,13400.0
2013-08-20,3.01,4.25,3.01,4.25,29500.0,3.01,0.0,4.25,3.01,4.25,1.0,29500.0
2013-08-19,4.0,6.05,3.78,5.46,34300.0,4.0,0.0,6.05,3.78,5.46,1.0,34300.0
2013-08-16,5.45,6.33,3.9,6.33,19400.0,5.45,0.0,6.33,3.9,6.33,1.0,19400.0
2013-08-15,4.4999,5.5,4.0001,5.5,14700.0,4.4999,0.0,5.5,4.0001,5.5,1.0,14700.0
2013-08-14,4.4,4.6,3.862,4.379,9400.0,4.4,0.0,4.6,3.862,4.379,1.0,9400.0
2013-08-13,4.4,4.75,3.91,4.75,30000.0,4.4,0.0,4.75,3.91,4.75,1.0,30000.0
2013-08-12,3.93,5.2,3.0,3.0,73800.0,3.93,0.0,5.2,3.0,3.0,1.0,73800.0
2013-08-09,2.82,3.0,2.3,2.36,6500.0,2.82,0.0,3.0,2.3,2.36,1.0,6500.0
2013-08-08,2.9,2.9,2.29,2.29,1600.0,2.9,0.0,2.9,2.29,2.29,1.0,1600.0
2013-08-07,2.83,3.0,2.19,2.85,21600.0,2.83,0.0,3.0,2.19,2.85,1.0,21600.0
2013-08-06,3.0,3.0,1.73,1.73,36700.0,3.0,0.0,3.0,1.73,1.73,1.0,36700.0
2013-08-05,3.08,3.08,2.78,2.78,7400.0,3.08,0.0,3.08,2.78,2.78,1.0,7400.0
2013-08-02,2.85,2.85,2.15,2.81,60600.0,2.85,0.0,2.85,2.15,2.81,1.0,60600.0
2013-08-01,2.8,2.85,2.45,2.75,46400.0,2.8,0.0,2.85,2.45,2.75,1.0,46400.0
2013-07-31,2.2,2.33,1.96,1.97,20600.0,2.2,0.0,2.33,1.96,1.97,1.0,20600.0
2013-07-30,1.97,2.5,1.7,2.5,1400.0,1.97,0.0,2.5,1.7,2.5,1.0,1400.0
2013-07-29,1.73,1.73,1.73,1.73,100.0,1.73,0.0,1.73,1.73,1.73,1.0,100.0
2013-07-26,2.0,2.5,2.0,2.0,1500.0,2.0,0.0,2.5,2.0,2.0,1.0,1500.0
2013-07-25,2.0,2.0,1.516,1.516,7500.0,2.0,0.0,2.0,1.516,1.516,1.0,7500.0
2013-07-24,1.78,1.78,1.75,1.75,13300.0,1.78,0.0,1.78,1.75,1.75,1.0,13300.0
2013-07-23,1.75,1.75,1.75,1.75,0.0,1.75,0.0,1.75,1.75,1.75,1.0,0.0
2013-07-22,1.75,1.75,1.75,1.75,1700.0,1.75,0.0,1.75,1.75,1.75,1.0,1700.0
2013-07-19,1.77,1.77,1.71,1.71,5800.0,1.77,0.0,1.77,1.71,1.71,1.0,5800.0
2013-07-18,1.69,1.69,1.62,1.63,6400.0,1.69,0.0,1.69,1.62,1.63,1.0,6400.0
2013-07-17,1.6301,1.74,1.62,1.62,8100.0,1.6301,0.0,1.74,1.62,1.62,1.0,8100.0
2013-07-16,1.62,1.62,1.62,1.62,0.0,1.62,0.0,1.62,1.62,1.62,1.0,0.0
2013-07-15,1.62,1.62,1.5512,1.5512,600.0,1.62,0.0,1.62,1.5512,1.5512,1.0,600.0
2013-07-12,1.5,1.6,1.5,1.6,4600.0,1.5,0.0,1.6,1.5,1.6,1.0,4600.0
2013-07-11,1.54,1.54,1.54,1.54,200.0,1.54,0.0,1.54,1.54,1.54,1.0,200.0
2013-07-10,1.5,1.5999,1.5,1.5999,1800.0,1.5,0.0,1.5999,1.5,1.5999,1.0,1800.0
2013-07-09,1.55,1.6,1.37,1.37,2800.0,1.55,0.0,1.6,1.37,1.37,1.0,2800.0
2013-07-08,1.35,1.36,1.3,1.36,5600.0,1.35,0.0,1.36,1.3,1.36,1.0,5600.0
2013-07-05,1.3822,1.3822,1.38,1.38,400.0,1.3822,0.0,1.3822,1.38,1.38,1.0,400.0
2013-07-03,1.38,1.38,1.35,1.36,3700.0,1.38,0.0,1.38,1.35,1.36,1.0,3700.0
2013-07-02,1.36,1.3601,1.36,1.36,9700.0,1.36,0.0,1.3601,1.36,1.36,1.0,9700.0
2013-07-01,1.35,1.35,1.25,1.25,3400.0,1.35,0.0,1.35,1.25,1.25,1.0,3400.0
2013-06-28,1.27,1.27,1.27,1.27,200.0,1.27,0.0,1.27,1.27,1.27,1.0,200.0
2013-06-27,1.3,1.3,1.3,1.3,0.0,1.3,0.0,1.3,1.3,1.3,1.0,0.0
2013-06-26,1.3,1.3,1.3,1.3,0.0,1.3,0.0,1.3,1.3,1.3,1.0,0.0
2013-06-25,1.3,1.3,1.3,1.3,0.0,1.3,0.0,1.3,1.3,1.3,1.0,0.0
2013-06-24,1.3,1.3,1.3,1.3,0.0,1.3,0.0,1.3,1.3,1.3,1.0,0.0
2013-06-21,1.3,1.75,1.11,1.75,3500.0,1.3,0.0,1.75,1.11,1.75,1.0,3500.0
2013-06-20,1.25,2.0,1.05,2.0,1500.0,1.25,0.0,2.0,1.05,2.0,1.0,1500.0
2013-06-19,1.0,1.19,1.0,1.19,1300.0,1.0,0.0,1.19,1.0,1.19,1.0,1300.0
2013-06-18,1.25,1.25,1.25,1.25,500.0,1.25,0.0,1.25,1.25,1.25,1.0,500.0
2013-06-17,1.27,1.5,1.19,1.19,4700.0,1.27,0.0,1.5,1.19,1.19,1.0,4700.0
2013-06-14,1.19,1.3,1.19,1.3,500.0,1.19,0.0,1.3,1.19,1.3,1.0,500.0
2013-06-13,1.34,1.34,1.19,1.22,600.0,1.34,0.0,1.34,1.19,1.22,1.0,600.0
2013-06-12,1.33,1.33,1.3,1.31,1000.0,1.33,0.0,1.33,1.3,1.31,1.0,1000.0
2013-06-11,1.34,1.34,1.34,1.34,0.0,1.34,0.0,1.34,1.34,1.34,1.0,0.0
2013-06-10,1.34,1.35,1.2,1.2,300.0,1.34,0.0,1.35,1.2,1.2,1.0,300.0
2013-06-07,1.35,1.35,1.35,1.35,0.0,1.35,0.0,1.35,1.35,1.35,1.0,0.0
2013-06-06,1.35,1.35,1.32,1.34,800.0,1.35,0.0,1.35,1.32,1.34,1.0,800.0
2013-06-05,1.37,1.44,1.3,1.44,3900.0,1.37,0.0,1.44,1.3,1.44,1.0,3900.0
2013-06-04,1.3,1.36,1.3,1.35,4900.0,1.3,0.0,1.36,1.3,1.35,1.0,4900.0
2013-06-03,1.3001,1.3001,1.3,1.3,200.0,1.3001,0.0,1.3001,1.3,1.3,1.0,200.0
2013-05-31,1.31,1.4035,1.31,1.4035,3200.0,1.31,0.0,1.4035,1.31,1.4035,1.0,3200.0
2013-05-30,1.43,1.43,1.31,1.4,3100.0,1.43,0.0,1.43,1.31,1.4,1.0,3100.0
2013-05-29,1.35,1.4,1.35,1.35,6300.0,1.35,0.0,1.4,1.35,1.35,1.0,6300.0
2013-05-28,1.3999,1.4636,1.3999,1.4636,4100.0,1.3999,0.0,1.4636,1.3999,1.4636,1.0,4100.0
2013-05-24,1.5,1.5,1.5,1.5,6600.0,1.5,0.0,1.5,1.5,1.5,1.0,6600.0
2013-05-23,1.48,1.48,1.48,1.48,0.0,1.48,0.0,1.48,1.48,1.48,1.0,0.0
2013-05-22,1.48,1.48,1.48,1.48,0.0,1.48,0.0,1.48,1.48,1.48,1.0,0.0
2013-05-21,1.48,1.48,1.48,1.48,0.0,1.48,0.0,1.48,1.48,1.48,1.0,0.0
2013-05-20,1.483,1.483,1.483,1.483,100.0,1.483,0.0,1.483,1.483,1.483,1.0,100.0
2013-05-17,1.516,1.55,1.35,1.36,1800.0,1.516,0.0,1.55,1.35,1.36,1.0,1800.0
2013-05-16,1.45,1.45,1.45,1.45,0.0,1.45,0.0,1.45,1.45,1.45,1.0,0.0
2013-05-15,1.45,1.46,1.45,1.46,600.0,1.45,0.0,1.46,1.45,1.46,1.0,600.0
2013-05-14,1.55,1.55,1.3,1.3,1700.0,1.55,0.0,1.55,1.3,1.3,1.0,1700.0
2013-05-13,1.45,1.55,1.45,1.55,40300.0,1.45,0.0,1.55,1.45,1.55,1.0,40300.0
2013-05-10,1.5799,1.5799,1.5799,1.5799,1100.0,1.5799,0.0,1.5799,1.5799,1.5799,1.0,1100.0
2013-05-09,1.65,1.65,1.65,1.65,0.0,1.65,0.0,1.65,1.65,1.65,1.0,0.0
2013-05-08,1.65,1.75,1.6,1.75,800.0,1.65,0.0,1.75,1.6,1.75,1.0,800.0
2013-05-07,1.55,1.55,1.5,1.5,200.0,1.55,0.0,1.55,1.5,1.5,1.0,200.0
2013-05-06,1.6,1.7,1.6,1.6,11400.0,1.6,0.0,1.7,1.6,1.6,1.0,11400.0
2013-05-03,1.65,1.68,1.62,1.62,1100.0,1.65,0.0,1.68,1.62,1.62,1.0,1100.0
2013-05-02,1.7,1.8901,1.6,1.73,16500.0,1.7,0.0,1.8901,1.6,1.73,1.0,16500.0
2013-05-01,1.6,1.7997,1.46,1.46,36100.0,1.6,0.0,1.7997,1.46,1.46,1.0,36100.0
2013-04-30,1.48,1.84,1.3,1.84,36300.0,1.48,0.0,1.84,1.3,1.84,1.0,36300.0
2013-04-29,1.78,1.89,1.25,1.25,76500.0,1.78,0.0,1.89,1.25,1.25,1.0,76500.0
2013-04-26,1.0999,1.1,1.0999,1.1,1300.0,1.0999,0.0,1.1,1.0999,1.1,1.0,1300.0
2013-04-25,1.02,1.02,1.02,1.02,100.0,1.02,0.0,1.02,1.02,1.02,1.0,100.0
2013-04-24,1.06,1.06,1.0599,1.06,3000.0,1.06,0.0,1.06,1.0599,1.06,1.0,3000.0
2013-04-23,1.03,1.1,0.9299,0.93,13900.0,1.03,0.0,1.1,0.9299,0.93,1.0,13900.0
2013-04-22,0.9,0.9,0.9,0.9,0.0,0.9,0.0,0.9,0.9,0.9,1.0,0.0
2013-04-19,0.9,0.9,0.9,0.9,300.0,0.9,0.0,0.9,0.9,0.9,1.0,300.0
2013-04-18,0.81,0.93,0.78,0.78,13000.0,0.81,0.0,0.93,0.78,0.78,1.0,13000.0
2013-04-17,0.94,0.95,0.81,0.9,13500.0,0.94,0.0,0.95,0.81,0.9,1.0,13500.0
2013-04-16,0.9,0.9,0.9,0.9,0.0,0.9,0.0,0.9,0.9,0.9,1.0,0.0
2013-04-15,0.9,0.9,0.9,0.9,100.0,0.9,0.0,0.9,0.9,0.9,1.0,100.0
2013-04-12,0.84,0.84,0.84,0.84,100.0,0.84,0.0,0.84,0.84,0.84,1.0,100.0
2013-04-11,0.9,0.9,0.9,0.9,0.0,0.9,0.0,0.9,0.9,0.9,1.0,0.0
2013-04-10,0.8999,0.9,0.8999,0.9,1000.0,0.8999,0.0,0.9,0.8999,0.9,1.0,1000.0
2013-04-09,0.89,0.89,0.8899,0.89,2200.0,0.89,0.0,0.89,0.8899,0.89,1.0,2200.0
2013-04-08,0.85,0.85,0.85,0.85,0.0,0.85,0.0,0.85,0.85,0.85,1.0,0.0
2013-04-05,0.85,0.85,0.85,0.85,0.0,0.85,0.0,0.85,0.85,0.85,1.0,0.0
2013-04-04,0.85,0.85,0.85,0.85,0.0,0.85,0.0,0.85,0.85,0.85,1.0,0.0
2013-04-03,0.85,0.85,0.85,0.85,0.0,0.85,0.0,0.85,0.85,0.85,1.0,0.0
2013-04-02,0.85,0.85,0.85,0.85,0.0,0.85,0.0,0.85,0.85,0.85,1.0,0.0
2013-04-01,0.85,0.85,0.8499,0.8499,1400.0,0.85,0.0,0.85,0.8499,0.8499,1.0,1400.0
2013-03-28,0.85,0.85,0.85,0.85,0.0,0.85,0.0,0.85,0.85,0.85,1.0,0.0
2013-03-27,0.8548,0.9,0.8501,0.9,300.0,0.8548,0.0,0.9,0.8501,0.9,1.0,300.0
2013-03-26,0.85,0.9,0.73,0.74,3500.0,0.85,0.0,0.9,0.73,0.74,1.0,3500.0
2013-03-25,0.84,0.98,0.74,0.76,2800.0,0.84,0.0,0.98,0.74,0.76,1.0,2800.0
2013-03-22,0.9,0.9,0.9,0.9,0.0,0.9,0.0,0.9,0.9,0.9,1.0,0.0
2013-03-21,0.9,1.0,0.82,1.0,3500.0,0.9,0.0,1.0,0.82,1.0,1.0,3500.0
2013-03-20,0.97,0.97,0.97,0.97,0.0,0.97,0.0,0.97,0.97,0.97,1.0,0.0
2013-03-19,0.97,0.97,0.816,0.96,1100.0,0.97,0.0,0.97,0.816,0.96,1.0,1100.0
2013-03-18,0.95,1.04,0.95,1.04,18600.0,0.95,0.0,1.04,0.95,1.04,1.0,18600.0
2013-03-15,0.98,1.04,0.94,0.99,2500.0,0.98,0.0,1.04,0.94,0.99,1.0,2500.0
2013-03-14,0.9399,0.99,0.866,0.866,400.0,0.9399,0.0,0.99,0.866,0.866,1.0,400.0
2013-03-13,0.69,0.99,0.5,0.5,16500.0,0.69,0.0,0.99,0.5,0.5,1.0,16500.0
2013-03-12,0.9,1.09,0.9,0.9,7900.0,0.9,0.0,1.09,0.9,0.9,1.0,7900.0
2013-03-11,0.96,1.0,0.89,0.89,24000.0,0.96,0.0,1.0,0.89,0.89,1.0,24000.0
2013-03-08,0.92,0.99,0.75,0.75,6000.0,0.92,0.0,0.99,0.75,0.75,1.0,6000.0
2013-03-07,0.8,0.8,0.8,0.8,0.0,0.8,0.0,0.8,0.8,0.8,1.0,0.0
2013-03-06,0.8,0.8,0.79,0.8,1000.0,0.8,0.0,0.8,0.79,0.8,1.0,1000.0
2013-03-05,0.8,0.8,0.74,0.75,2200.0,0.8,0.0,0.8,0.74,0.75,1.0,2200.0
2013-03-04,0.8,0.8,0.8,0.8,0.0,0.8,0.0,0.8,0.8,0.8,1.0,0.0
2013-03-01,0.8,0.8,0.8,0.8,0.0,0.8,0.0,0.8,0.8,0.8,1.0,0.0
2013-02-28,0.8,0.8,0.8,0.8,0.0,0.8,0.0,0.8,0.8,0.8,1.0,0.0
2013-02-27,0.8,0.95,0.8,0.95,300.0,0.8,0.0,0.95,0.8,0.95,1.0,300.0
2013-02-26,0.75,0.75,0.75,0.75,0.0,0.75,0.0,0.75,0.75,0.75,1.0,0.0
2013-02-25,0.75,0.83,0.68,0.68,14000.0,0.75,0.0,0.83,0.68,0.68,1.0,14000.0
2013-02-22,0.6912,0.6912,0.56,0.56,5500.0,0.6912,0.0,0.6912,0.56,0.56,1.0,5500.0
2013-02-21,0.68,0.68,0.68,0.68,0.0,0.68,0.0,0.68,0.68,0.68,1.0,0.0
2013-02-20,0.68,0.68,0.61,0.68,1800.0,0.68,0.0,0.68,0.61,0.68,1.0,1800.0
2013-02-19,0.56,0.75,0.56,0.75,200.0,0.56,0.0,0.75,0.56,0.75,1.0,200.0
2013-02-15,0.67,0.67,0.67,0.67,500.0,0.67,0.0,0.67,0.67,0.67,1.0,500.0
2013-02-14,0.65,0.65,0.61,0.624,5300.0,0.65,0.0,0.65,0.61,0.624,1.0,5300.0
2013-02-13,0.61,0.61,0.61,0.61,0.0,0.61,0.0,0.61,0.61,0.61,1.0,0.0
2013-02-12,0.61,0.61,0.61,0.61,0.0,0.61,0.0,0.61,0.61,0.61,1.0,0.0
2013-02-11,0.61,0.61,0.61,0.61,0.0,0.61,0.0,0.61,0.61,0.61,1.0,0.0
2013-02-08,0.61,0.61,0.52,0.52,7900.0,0.61,0.0,0.61,0.52,0.52,1.0,7900.0
2013-02-07,0.48,0.48,0.48,0.48,0.0,0.48,0.0,0.48,0.48,0.48,1.0,0.0
2013-02-06,0.4799,0.4799,0.4799,0.4799,100.0,0.4799,0.0,0.4799,0.4799,0.4799,1.0,100.0
2013-02-05,0.5,0.5,0.5,0.5,400.0,0.5,0.0,0.5,0.5,0.5,1.0,400.0
2013-02-04,0.52,0.52,0.52,0.52,0.0,0.52,0.0,0.52,0.52,0.52,1.0,0.0
2013-02-01,0.52,0.52,0.52,0.52,100.0,0.52,0.0,0.52,0.52,0.52,1.0,100.0
2013-01-31,0.51,0.51,0.51,0.51,0.0,0.51,0.0,0.51,0.51,0.51,1.0,0.0
2013-01-30,0.51,0.51,0.51,0.51,0.0,0.51,0.0,0.51,0.51,0.51,1.0,0.0
2013-01-29,0.51,0.51,0.5,0.5,1000.0,0.51,0.0,0.51,0.5,0.5,1.0,1000.0
2013-01-28,0.5599,0.5599,0.48,0.5,2200.0,0.5599,0.0,0.5599,0.48,0.5,1.0,2200.0
2013-01-25,0.53,0.53,0.53,0.53,0.0,0.53,0.0,0.53,0.53,0.53,1.0,0.0
2013-01-24,0.53,0.55,0.5,0.55,1900.0,0.53,0.0,0.55,0.5,0.55,1.0,1900.0
2013-01-23,0.55,0.55,0.55,0.55,100.0,0.55,0.0,0.55,0.55,0.55,1.0,100.0
2013-01-22,0.5,0.55,0.49,0.49,1000.0,0.5,0.0,0.55,0.49,0.49,1.0,1000.0
2013-01-18,0.56,0.56,0.56,0.56,0.0,0.56,0.0,0.56,0.56,0.56,1.0,0.0
2013-01-17,0.56,0.56,0.56,0.56,200.0,0.56,0.0,0.56,0.56,0.56,1.0,200.0
2013-01-16,0.507,0.507,0.3899,0.4,2400.0,0.507,0.0,0.507,0.3899,0.4,1.0,2400.0
2013-01-15,0.54,0.54,0.46,0.46,3100.0,0.54,0.0,0.54,0.46,0.46,1.0,3100.0
2013-01-14,0.46,0.46,0.36,0.36,5100.0,0.46,0.0,0.46,0.36,0.36,1.0,5100.0
2013-01-11,0.45,0.45,0.45,0.45,0.0,0.45,0.0,0.45,0.45,0.45,1.0,0.0
2013-01-10,0.45,0.45,0.4495,0.4495,1000.0,0.45,0.0,0.45,0.4495,0.4495,1.0,1000.0
2013-01-09,0.47,0.47,0.47,0.47,0.0,0.47,0.0,0.47,0.47,0.47,1.0,0.0
2013-01-08,0.47,0.47,0.47,0.47,0.0,0.47,0.0,0.47,0.47,0.47,1.0,0.0
2013-01-07,0.47,0.47,0.47,0.47,0.0,0.47,0.0,0.47,0.47,0.47,1.0,0.0
2013-01-04,0.47,0.47,0.47,0.47,0.0,0.47,0.0,0.47,0.47,0.47,1.0,0.0
2013-01-03,0.468,0.468,0.3598,0.378,6100.0,0.468,0.0,0.468,0.3598,0.378,1.0,6100.0
2013-01-02,0.36,0.3601,0.36,0.36,4800.0,0.36,0.0,0.3601,0.36,0.36,1.0,4800.0
2012-12-31,0.49,0.49,0.49,0.49,0.0,0.49,0.0,0.49,0.49,0.49,1.0,0.0
2012-12-28,0.49,0.49,0.49,0.49,0.0,0.49,0.0,0.49,0.49,0.49,1.0,0.0
2012-12-27,0.49,0.49,0.45,0.45,800.0,0.49,0.0,0.49,0.45,0.45,1.0,800.0
2012-12-26,0.45,0.45,0.45,0.45,0.0,0.45,0.0,0.45,0.45,0.45,1.0,0.0
2012-12-24,0.4495,0.4495,0.35,0.36,10100.0,0.4495,0.0,0.4495,0.35,0.36,1.0,10100.0
2012-12-21,0.45,0.45,0.45,0.45,0.0,0.45,0.0,0.45,0.45,0.45,1.0,0.0
2012-12-20,0.45,0.45,0.45,0.45,0.0,0.45,0.0,0.45,0.45,0.45,1.0,0.0
2012-12-19,0.449,0.45,0.3105,0.3105,2300.0,0.449,0.0,0.45,0.3105,0.3105,1.0,2300.0
2012-12-18,0.45,0.4501,0.35,0.35,5200.0,0.45,0.0,0.4501,0.35,0.35,1.0,5200.0
2012-12-17,0.39,0.39,0.35,0.35,1700.0,0.39,0.0,0.39,0.35,0.35,1.0,1700.0
2012-12-14,0.33,0.33,0.33,0.33,0.0,0.33,0.0,0.33,0.33,0.33,1.0,0.0
2012-12-13,0.33,0.33,0.33,0.33,0.0,0.33,0.0,0.33,0.33,0.33,1.0,0.0
2012-12-12,0.33,0.385,0.33,0.385,11100.0,0.33,0.0,0.385,0.33,0.385,1.0,11100.0
2012-12-11,0.41,0.41,0.41,0.41,0.0,0.41,0.0,0.41,0.41,0.41,1.0,0.0
2012-12-10,0.41,0.41,0.41,0.41,0.0,0.41,0.0,0.41,0.41,0.41,1.0,0.0
2012-12-07,0.41,0.41,0.41,0.41,0.0,0.41,0.0,0.41,0.41,0.41,1.0,0.0
2012-12-06,0.41,0.41,0.41,0.41,0.0,0.41,0.0,0.41,0.41,0.41,1.0,0.0
2012-12-05,0.41,0.41,0.41,0.41,0.0,0.41,0.0,0.41,0.41,0.41,1.0,0.0
2012-12-04,0.41,0.41,0.41,0.41,0.0,0.41,0.0,0.41,0.41,0.41,1.0,0.0
2012-12-03,0.41,0.45,0.41,0.41,7000.0,0.41,0.0,0.45,0.41,0.41,1.0,7000.0
2012-11-30,0.45,0.45,0.43,0.4301,5500.0,0.45,0.0,0.45,0.43,0.4301,1.0,5500.0
2012-11-29,0.5,0.5,0.5,0.5,0.0,0.5,0.0,0.5,0.5,0.5,1.0,0.0
2012-11-28,0.5,0.5,0.45,0.45,2300.0,0.5,0.0,0.5,0.45,0.45,1.0,2300.0
2012-11-27,0.5,0.5,0.5,0.5,0.0,0.5,0.0,0.5,0.5,0.5,1.0,0.0
2012-11-26,0.5,0.5,0.46,0.47,2500.0,0.5,0.0,0.5,0.46,0.47,1.0,2500.0
2012-11-23,0.5,0.5,0.45,0.45,1000.0,0.5,0.0,0.5,0.45,0.45,1.0,1000.0
2012-11-21,0.5,0.5,0.5,0.5,0.0,0.5,0.0,0.5,0.5,0.5,1.0,0.0
2012-11-20,0.5,0.5,0.5,0.5,0.0,0.5,0.0,0.5,0.5,0.5,1.0,0.0
2012-11-19,0.5,0.5,0.5,0.5,0.0,0.5,0.0,0.5,0.5,0.5,1.0,0.0
2012-11-16,0.5,0.5,0.3801,0.4101,2800.0,0.5,0.0,0.5,0.3801,0.4101,1.0,2800.0
2012-11-15,0.44,0.44,0.44,0.44,0.0,0.44,0.0,0.44,0.44,0.44,1.0,0.0
2012-11-14,0.44,0.44,0.44,0.44,0.0,0.44,0.0,0.44,0.44,0.44,1.0,0.0
2012-11-13,0.44,0.44,0.44,0.44,0.0,0.44,0.0,0.44,0.44,0.44,1.0,0.0
2012-11-12,0.44,0.44,0.44,0.44,0.0,0.44,0.0,0.44,0.44,0.44,1.0,0.0
2012-11-09,0.44,0.44,0.44,0.44,0.0,0.44,0.0,0.44,0.44,0.44,1.0,0.0
2012-11-08,0.4399,0.44,0.4397,0.44,5700.0,0.4399,0.0,0.44,0.4397,0.44,1.0,5700.0
2012-11-07,0.5,0.5,0.5,0.5,100.0,0.5,0.0,0.5,0.5,0.5,1.0,100.0
2012-11-06,0.51,0.51,0.51,0.51,0.0,0.51,0.0,0.51,0.51,0.51,1.0,0.0
2012-11-05,0.51,0.51,0.51,0.51,0.0,0.51,0.0,0.51,0.51,0.51,1.0,0.0
2012-11-02,0.51,0.51,0.51,0.51,600.0,0.51,0.0,0.51,0.51,0.51,1.0,600.0
2012-11-01,0.404,0.404,0.404,0.404,600.0,0.404,0.0,0.404,0.404,0.404,1.0,600.0
2012-10-31,0.77,0.77,0.77,0.77,200.0,0.77,0.0,0.77,0.77,0.77,1.0,200.0
2012-10-26,0.49,0.49,0.49,0.49,0.0,0.49,0.0,0.49,0.49,0.49,1.0,0.0
2012-10-25,0.49,0.49,0.49,0.49,0.0,0.49,0.0,0.49,0.49,0.49,1.0,0.0
2012-10-24,0.49,0.49,0.49,0.49,0.0,0.49,0.0,0.49,0.49,0.49,1.0,0.0
2012-10-23,0.49,0.49,0.49,0.49,0.0,0.49,0.0,0.49,0.49,0.49,1.0,0.0
2012-10-22,0.49,0.49,0.49,0.49,0.0,0.49,0.0,0.49,0.49,0.49,1.0,0.0
2012-10-19,0.49,0.49,0.49,0.49,0.0,0.49,0.0,0.49,0.49,0.49,1.0,0.0
2012-10-18,0.49,0.49,0.49,0.49,0.0,0.49,0.0,0.49,0.49,0.49,1.0,0.0
2012-10-17,0.49,0.49,0.49,0.49,0.0,0.49,0.0,0.49,0.49,0.49,1.0,0.0
2012-10-16,0.49,0.49,0.49,0.49,0.0,0.49,0.0,0.49,0.49,0.49,1.0,0.0
2012-10-15,0.49,0.49,0.49,0.49,0.0,0.49,0.0,0.49,0.49,0.49,1.0,0.0
2012-10-12,0.49,0.49,0.49,0.49,0.0,0.49,0.0,0.49,0.49,0.49,1.0,0.0
2012-10-11,0.49,0.49,0.49,0.49,0.0,0.49,0.0,0.49,0.49,0.49,1.0,0.0
2012-10-10,0.49,0.49,0.39,0.41,700.0,0.49,0.0,0.49,0.39,0.41,1.0,700.0
2012-10-09,0.5,0.5,0.5,0.5,0.0,0.5,0.0,0.5,0.5,0.5,1.0,0.0
2012-10-08,0.5,0.5,0.5,0.5,0.0,0.5,0.0,0.5,0.5,0.5,1.0,0.0
2012-10-05,0.5,0.5,0.5,0.5,0.0,0.5,0.0,0.5,0.5,0.5,1.0,0.0
2012-10-04,0.5,0.5,0.5,0.5,0.0,0.5,0.0,0.5,0.5,0.5,1.0,0.0
2012-10-03,0.5,0.5,0.5,0.5,0.0,0.5,0.0,0.5,0.5,0.5,1.0,0.0
2012-10-02,0.5,0.5,0.4905,0.4905,2000.0,0.5,0.0,0.5,0.4905,0.4905,1.0,2000.0
2012-10-01,0.5,0.5,0.5,0.5,0.0,0.5,0.0,0.5,0.5,0.5,1.0,0.0
2012-09-28,0.5,0.5,0.5,0.5,300.0,0.5,0.0,0.5,0.5,0.5,1.0,300.0
2012-09-27,0.5,0.5,0.5,0.5,100.0,0.5,0.0,0.5,0.5,0.5,1.0,100.0
2012-09-26,0.41,0.46,0.38,0.46,6900.0,0.41,0.0,0.46,0.38,0.46,1.0,6900.0
2012-09-25,0.56,0.56,0.56,0.56,0.0,0.56,0.0,0.56,0.56,0.56,1.0,0.0
2012-09-24,0.56,0.56,0.56,0.56,0.0,0.56,0.0,0.56,0.56,0.56,1.0,0.0
2012-09-21,0.56,0.5883,0.5399,0.5399,5600.0,0.56,0.0,0.5883,0.5399,0.5399,1.0,5600.0
2012-09-20,0.56,0.56,0.5,0.5,1100.0,0.56,0.0,0.56,0.5,0.5,1.0,1100.0
2012-09-19,0.49,0.49,0.49,0.49,0.0,0.49,0.0,0.49,0.49,0.49,1.0,0.0
2012-09-18,0.49,0.49,0.34,0.37,12300.0,0.49,0.0,0.49,0.34,0.37,1.0,12300.0
2012-09-17,0.51,0.51,0.51,0.51,0.0,0.51,0.0,0.51,0.51,0.51,1.0,0.0
2012-09-14,0.51,0.51,0.51,0.51,0.0,0.51,0.0,0.51,0.51,0.51,1.0,0.0
2012-09-13,0.51,0.51,0.51,0.51,0.0,0.51,0.0,0.51,0.51,0.51,1.0,0.0
2012-09-12,0.51,0.51,0.51,0.51,0.0,0.51,0.0,0.51,0.51,0.51,1.0,0.0
2012-09-11,0.51,0.51,0.51,0.51,100.0,0.51,0.0,0.51,0.51,0.51,1.0,100.0
2012-09-10,0.36,0.36,0.36,0.36,0.0,0.36,0.0,0.36,0.36,0.36,1.0,0.0
2012-09-07,0.36,0.36,0.36,0.36,0.0,0.36,0.0,0.36,0.36,0.36,1.0,0.0
2012-09-06,0.36,0.36,0.36,0.36,300.0,0.36,0.0,0.36,0.36,0.36,1.0,300.0
2012-09-05,0.47,0.47,0.4,0.4,500.0,0.47,0.0,0.47,0.4,0.4,1.0,500.0
2012-09-04,0.49,0.49,0.49,0.49,0.0,0.49,0.0,0.49,0.49,0.49,1.0,0.0
2012-08-31,0.49,0.49,0.49,0.49,0.0,0.49,0.0,0.49,0.49,0.49,1.0,0.0
2012-08-30,0.49,0.49,0.49,0.49,0.0,0.49,0.0,0.49,0.49,0.49,1.0,0.0
2012-08-29,0.49,0.49,0.49,0.49,0.0,0.49,0.0,0.49,0.49,0.49,1.0,0.0
2012-08-28,0.49,0.49,0.49,0.49,0.0,0.49,0.0,0.49,0.49,0.49,1.0,0.0
2012-08-27,0.49,0.49,0.49,0.49,0.0,0.49,0.0,0.49,0.49,0.49,1.0,0.0
2012-08-24,0.49,0.49,0.49,0.49,0.0,0.49,0.0,0.49,0.49,0.49,1.0,0.0
2012-08-23,0.49,0.49,0.49,0.49,100.0,0.49,0.0,0.49,0.49,0.49,1.0,100.0
2012-08-22,0.39,0.39,0.39,0.39,0.0,0.39,0.0,0.39,0.39,0.39,1.0,0.0
2012-08-21,0.39,0.39,0.39,0.39,0.0,0.39,0.0,0.39,0.39,0.39,1.0,0.0
2012-08-20,0.39,0.39,0.39,0.39,0.0,0.39,0.0,0.39,0.39,0.39,1.0,0.0
2012-08-17,0.39,0.39,0.39,0.39,0.0,0.39,0.0,0.39,0.39,0.39,1.0,0.0
2012-08-16,0.39,0.39,0.39,0.39,0.0,0.39,0.0,0.39,0.39,0.39,1.0,0.0
2012-08-15,0.39,0.4,0.38,0.4,2800.0,0.39,0.0,0.4,0.38,0.4,1.0,2800.0
2012-08-14,0.49,0.49,0.38,0.3952,1900.0,0.49,0.0,0.49,0.38,0.3952,1.0,1900.0
2012-08-13,0.46,0.46,0.41,0.41,2700.0,0.46,0.0,0.46,0.41,0.41,1.0,2700.0
2012-08-10,0.46,0.46,0.46,0.46,0.0,0.46,0.0,0.46,0.46,0.46,1.0,0.0
2012-08-09,0.46,0.46,0.46,0.46,2000.0,0.46,0.0,0.46,0.46,0.46,1.0,2000.0
2012-08-08,0.6,0.6,0.6,0.6,500.0,0.6,0.0,0.6,0.6,0.6,1.0,500.0
2012-08-07,0.56,0.56,0.44,0.44,3800.0,0.56,0.0,0.56,0.44,0.44,1.0,3800.0
2012-08-06,0.51,0.51,0.51,0.51,0.0,0.51,0.0,0.51,0.51,0.51,1.0,0.0
2012-08-03,0.51,0.51,0.51,0.51,0.0,0.51,0.0,0.51,0.51,0.51,1.0,0.0
2012-08-02,0.51,0.51,0.35,0.51,54100.0,0.51,0.0,0.51,0.35,0.51,1.0,54100.0
2012-08-01,0.55,0.55,0.55,0.55,0.0,0.55,0.0,0.55,0.55,0.55,1.0,0.0
2012-07-31,0.55,0.55,0.55,0.55,900.0,0.55,0.0,0.55,0.55,0.55,1.0,900.0
2012-07-30,0.5982,0.5982,0.5982,0.5982,1500.0,0.5982,0.0,0.5982,0.5982,0.5982,1.0,1500.0
2012-07-27,0.6,0.6,0.6,0.6,200.0,0.6,0.0,0.6,0.6,0.6,1.0,200.0
2012-07-26,0.65,0.65,0.65,0.65,900.0,0.65,0.0,0.65,0.65,0.65,1.0,900.0
2012-07-25,0.65,0.82,0.65,0.65,12100.0,0.65,0.0,0.82,0.65,0.65,1.0,12100.0
2012-07-24,0.55,0.595,0.53,0.5499,5400.0,0.55,0.0,0.595,0.53,0.5499,1.0,5400.0
2012-07-23,0.5901,0.65,0.45,0.512,75200.0,0.5901,0.0,0.65,0.45,0.512,1.0,75200.0
2012-07-20,0.4,0.4,0.4,0.4,0.0,0.4,0.0,0.4,0.4,0.4,1.0,0.0
2012-07-19,0.4,0.4,0.4,0.4,0.0,0.4,0.0,0.4,0.4,0.4,1.0,0.0
2012-07-18,0.4,0.4,0.4,0.4,0.0,0.4,0.0,0.4,0.4,0.4,1.0,0.0
2012-07-17,0.4,0.4,0.4,0.4,0.0,0.4,0.0,0.4,0.4,0.4,1.0,0.0
2012-07-16,0.4,0.4,0.4,0.4,5000.0,0.4,0.0,0.4,0.4,0.4,1.0,5000.0
2012-07-13,0.4,0.4,0.4,0.4,0.0,0.4,0.0,0.4,0.4,0.4,1.0,0.0
2012-07-12,0.3999,0.3999,0.3999,0.3999,300.0,0.3999,0.0,0.3999,0.3999,0.3999,1.0,300.0
2012-07-11,0.38,0.38,0.38,0.38,0.0,0.38,0.0,0.38,0.38,0.38,1.0,0.0
2012-07-10,0.38,0.38,0.38,0.38,0.0,0.38,0.0,0.38,0.38,0.38,1.0,0.0
2012-07-09,0.38,0.38,0.38,0.38,0.0,0.38,0.0,0.38,0.38,0.38,1.0,0.0
2012-07-06,0.38,0.38,0.38,0.38,0.0,0.38,0.0,0.38,0.38,0.38,1.0,0.0
2012-07-05,0.38,0.38,0.38,0.38,0.0,0.38,0.0,0.38,0.38,0.38,1.0,0.0
2012-07-03,0.38,0.38,0.38,0.38,0.0,0.38,0.0,0.38,0.38,0.38,1.0,0.0
2012-07-02,0.375,0.42,0.375,0.42,10500.0,0.375,0.0,0.42,0.375,0.42,1.0,10500.0
2012-06-29,0.42,0.42,0.42,0.42,0.0,0.42,0.0,0.42,0.42,0.42,1.0,0.0
2012-06-28,0.42,0.42,0.42,0.42,0.0,0.42,0.0,0.42,0.42,0.42,1.0,0.0
2012-06-27,0.42,0.42,0.42,0.42,0.0,0.42,0.0,0.42,0.42,0.42,1.0,0.0
2012-06-26,0.42,0.42,0.42,0.42,0.0,0.42,0.0,0.42,0.42,0.42,1.0,0.0
2012-06-25,0.42,0.4999,0.42,0.4999,3100.0,0.42,0.0,0.4999,0.42,0.4999,1.0,3100.0
2012-06-22,0.41,0.41,0.41,0.41,0.0,0.41,0.0,0.41,0.41,0.41,1.0,0.0
2012-06-21,0.41,0.41,0.41,0.41,0.0,0.41,0.0,0.41,0.41,0.41,1.0,0.0
2012-06-20,0.41,0.41,0.41,0.41,0.0,0.41,0.0,0.41,0.41,0.41,1.0,0.0
2012-06-19,0.41,0.41,0.41,0.41,0.0,0.41,0.0,0.41,0.41,0.41,1.0,0.0
2012-06-18,0.41,0.41,0.41,0.41,0.0,0.41,0.0,0.41,0.41,0.41,1.0,0.0
2012-06-15,0.41,0.41,0.41,0.41,5100.0,0.41,0.0,0.41,0.41,0.41,1.0,5100.0
2012-06-14,0.42,0.45,0.42,0.45,3000.0,0.42,0.0,0.45,0.42,0.45,1.0,3000.0
2012-06-13,0.45,0.45,0.45,0.45,0.0,0.45,0.0,0.45,0.45,0.45,1.0,0.0
2012-06-12,0.45,0.47,0.45,0.47,2500.0,0.45,0.0,0.47,0.45,0.47,1.0,2500.0
2012-06-11,0.47,0.47,0.47,0.47,0.0,0.47,0.0,0.47,0.47,0.47,1.0,0.0
2012-06-08,0.47,0.47,0.47,0.47,0.0,0.47,0.0,0.47,0.47,0.47,1.0,0.0
2012-06-07,0.47,0.47,0.47,0.47,0.0,0.47,0.0,0.47,0.47,0.47,1.0,0.0
2012-06-06,0.47,0.48,0.47,0.47,4600.0,0.47,0.0,0.48,0.47,0.47,1.0,4600.0
2012-06-05,0.43,0.43,0.43,0.43,0.0,0.43,0.0,0.43,0.43,0.43,1.0,0.0
2012-06-04,0.43,0.43,0.43,0.43,0.0,0.43,0.0,0.43,0.43,0.43,1.0,0.0
2012-06-01,0.43,0.4301,0.4208,0.4208,3500.0,0.43,0.0,0.4301,0.4208,0.4208,1.0,3500.0
2012-05-31,0.4992,0.4992,0.4992,0.4992,1000.0,0.4992,0.0,0.4992,0.4992,0.4992,1.0,1000.0
2012-05-30,0.4,0.4277,0.36,0.4277,8000.0,0.4,0.0,0.4277,0.36,0.4277,1.0,8000.0
2012-05-29,0.45,0.55,0.45,0.55,2300.0,0.45,0.0,0.55,0.45,0.55,1.0,2300.0
2012-05-25,0.6,0.6,0.6,0.6,0.0,0.6,0.0,0.6,0.6,0.6,1.0,0.0
2012-05-24,0.6,0.78,0.54,0.78,5200.0,0.6,0.0,0.78,0.54,0.78,1.0,5200.0
2012-05-23,0.55,0.55,0.49,0.5,5800.0,0.55,0.0,0.55,0.49,0.5,1.0,5800.0
2012-05-22,0.54,0.5996,0.4899,0.545,3800.0,0.54,0.0,0.5996,0.4899,0.545,1.0,3800.0
2012-05-21,0.4277,0.4278,0.4277,0.4277,1500.0,0.4277,0.0,0.4278,0.4277,0.4277,1.0,1500.0
2012-05-18,0.47,0.47,0.43,0.4699,2400.0,0.47,0.0,0.47,0.43,0.4699,1.0,2400.0
2012-05-17,0.41,0.5,0.33,0.4999,11100.0,0.41,0.0,0.5,0.33,0.4999,1.0,11100.0
2012-05-16,0.4972,0.7,0.4972,0.66,54800.0,0.4972,0.0,0.7,0.4972,0.66,1.0,54800.0
2012-05-15,0.65,0.7,0.64,0.7,5600.0,0.65,0.0,0.7,0.64,0.7,1.0,5600.0
2012-05-14,0.66,0.75,0.66,0.75,5000.0,0.66,0.0,0.75,0.66,0.75,1.0,5000.0
2012-05-11,0.7,0.7,0.7,0.7,0.0,0.7,0.0,0.7,0.7,0.7,1.0,0.0
2012-05-10,0.7,0.7,0.7,0.7,1000.0,0.7,0.0,0.7,0.7,0.7,1.0,1000.0
2012-05-09,0.7,0.7,0.699,0.699,900.0,0.7,0.0,0.7,0.699,0.699,1.0,900.0
2012-05-08,0.7,0.7,0.6999,0.6999,2200.0,0.7,0.0,0.7,0.6999,0.6999,1.0,2200.0
2012-05-07,0.7,0.7,0.69,0.69,1000.0,0.7,0.0,0.7,0.69,0.69,1.0,1000.0
2012-05-04,0.65,0.65,0.6011,0.6011,1000.0,0.65,0.0,0.65,0.6011,0.6011,1.0,1000.0
2012-05-03,0.75,0.75,0.75,0.75,400.0,0.75,0.0,0.75,0.75,0.75,1.0,400.0
2012-05-02,0.77,0.77,0.77,0.77,0.0,0.77,0.0,0.77,0.77,0.77,1.0,0.0
2012-05-01,0.77,0.77,0.77,0.77,600.0,0.77,0.0,0.77,0.77,0.77,1.0,600.0
2012-04-30,0.85,0.85,0.85,0.85,0.0,0.85,0.0,0.85,0.85,0.85,1.0,0.0
2012-04-27,0.85,0.85,0.85,0.85,0.0,0.85,0.0,0.85,0.85,0.85,1.0,0.0
2012-04-26,0.85,0.85,0.85,0.85,0.0,0.85,0.0,0.85,0.85,0.85,1.0,0.0
2012-04-25,0.85,0.85,0.75,0.7511,1700.0,0.85,0.0,0.85,0.75,0.7511,1.0,1700.0
2012-04-24,0.79,0.79,0.79,0.79,100.0,0.79,0.0,0.79,0.79,0.79,1.0,100.0
2012-04-23,0.75,0.75,0.75,0.75,0.0,0.75,0.0,0.75,0.75,0.75,1.0,0.0
2012-04-20,0.75,0.75,0.75,0.75,0.0,0.75,0.0,0.75,0.75,0.75,1.0,0.0
2012-04-19,0.75,0.75,0.75,0.75,1000.0,0.75,0.0,0.75,0.75,0.75,1.0,1000.0
2012-04-18,0.85,0.85,0.8494,0.8494,5000.0,0.85,0.0,0.85,0.8494,0.8494,1.0,5000.0
2012-04-17,0.77,0.77,0.75,0.75,5500.0,0.77,0.0,0.77,0.75,0.75,1.0,5500.0
2012-04-16,0.75,0.7628,0.75,0.75,3000.0,0.75,0.0,0.7628,0.75,0.75,1.0,3000.0
2012-04-13,0.9,0.9,0.9,0.9,0.0,0.9,0.0,0.9,0.9,0.9,1.0,0.0
2012-04-12,0.9,1.0,0.9,1.0,5900.0,0.9,0.0,1.0,0.9,1.0,1.0,5900.0
2012-04-11,1.0,1.0,1.0,1.0,2000.0,1.0,0.0,1.0,1.0,1.0,1.0,2000.0
2012-04-10,1.0,1.0,0.98,0.98,3000.0,1.0,0.0,1.0,0.98,0.98,1.0,3000.0
2012-04-09,0.99,0.99,0.99,0.99,0.0,0.99,0.0,0.99,0.99,0.99,1.0,0.0
2012-04-05,0.99,0.99,0.75,0.75,1600.0,0.99,0.0,0.99,0.75,0.75,1.0,1600.0
2012-04-04,0.975,1.25,0.975,1.25,8400.0,0.975,0.0,1.25,0.975,1.25,1.0,8400.0
2012-04-03,1.24,1.25,1.12,1.12,7700.0,1.24,0.0,1.25,1.12,1.12,1.0,7700.0
2012-04-02,1.19,1.19,0.974,0.974,1700.0,1.19,0.0,1.19,0.974,0.974,1.0,1700.0
2012-03-30,1.15,1.2,1.1464,1.2,1900.0,1.15,0.0,1.2,1.1464,1.2,1.0,1900.0
2012-03-29,1.1,1.1,1.1,1.1,0.0,1.1,0.0,1.1,1.1,1.1,1.0,0.0
2012-03-28,1.1,1.1,0.95,1.05,76400.0,1.1,0.0,1.1,0.95,1.05,1.0,76400.0
