,adj_close,adj_high,adj_low,adj_open,adj_volume,close,ex_dividend,high,low,open,split_ratio,volume
2017-02-09,10.19,10.1901,10.19,10.1901,1188.0,10.19,0.0,10.1901,10.19,10.1901,1.0,1188.0
2017-02-07,10.1895,10.1895,10.1895,10.1895,1000.0,10.1895,0.0,10.1895,10.1895,10.1895,1.0,1000.0
2017-02-03,10.185,10.19,10.17,10.18,800.0,10.185,0.0,10.19,10.17,10.18,1.0,800.0
2017-02-02,10.1974,10.1974,10.1974,10.1974,300.0,10.1974,0.0,10.1974,10.1974,10.1974,1.0,300.0
2017-02-01,10.1952,10.1952,10.1952,10.1952,800.0,10.1952,0.0,10.1952,10.1952,10.1952,1.0,800.0
2017-01-31,10.2,10.2,10.2,10.2,100.0,10.2,0.0,10.2,10.2,10.2,1.0,100.0
2017-01-26,10.2,10.2,10.2,10.2,1100.0,10.2,0.0,10.2,10.2,10.2,1.0,1100.0
2017-01-25,10.17,10.1941,10.15,10.15,2100.0,10.17,0.0,10.1941,10.15,10.15,1.0,2100.0
2017-01-24,10.22,10.22,10.22,10.22,60.0,10.22,0.0,10.22,10.22,10.22,1.0,60.0
2017-01-23,10.22,10.22,10.22,10.22,1000.0,10.22,0.0,10.22,10.22,10.22,1.0,1000.0
2017-01-19,10.16,10.1992,10.15,10.1705,14632.0,10.16,0.0,10.1992,10.15,10.1705,1.0,14632.0
2017-01-18,10.1867,10.1867,10.1867,10.1867,200.0,10.1867,0.0,10.1867,10.1867,10.1867,1.0,200.0
2017-01-17,10.2,10.2,10.2,10.2,160.0,10.2,0.0,10.2,10.2,10.2,1.0,160.0
2017-01-13,10.1985,10.24,10.1985,10.2093,7124.0,10.1985,0.0,10.24,10.1985,10.2093,1.0,7124.0
2017-01-12,10.1999,10.2,10.1999,10.2,200.0,10.1999,0.0,10.2,10.1999,10.2,1.0,200.0
2017-01-11,10.18,10.21,10.18,10.2,61350.0,10.18,0.0,10.21,10.18,10.2,1.0,61350.0
2017-01-10,10.2,10.2,10.19,10.2,42014.0,10.2,0.0,10.2,10.19,10.2,1.0,42014.0
2017-01-09,10.19,10.24,10.18,10.2,177856.0,10.19,0.0,10.24,10.18,10.2,1.0,177856.0
2017-01-05,10.17,10.22,10.17,10.1933,15383.0,10.17,0.0,10.22,10.17,10.1933,1.0,15383.0
2016-12-22,10.12,10.13,10.12,10.12,903.0,10.12,0.0,10.13,10.12,10.12,1.0,903.0
2016-12-20,10.11,10.11,10.1,10.1,1550.0,10.11,0.0,10.11,10.1,10.1,1.0,1550.0
2016-12-07,10.1,10.1,10.1,10.1,5350.0,10.1,0.0,10.1,10.1,10.1,1.0,5350.0
2016-12-05,10.1001,10.1001,10.1,10.1,7650.0,10.1001,0.0,10.1001,10.1,10.1,1.0,7650.0
2016-11-30,10.25,10.25,10.25,10.25,2.0,10.25,0.0,10.25,10.25,10.25,1.0,2.0
2016-11-29,10.25,10.25,10.25,10.25,0.0,10.25,0.0,10.25,10.25,10.25,1.0,0.0
2016-11-28,10.25,10.25,10.25,10.25,0.0,10.25,0.0,10.25,10.25,10.25,1.0,0.0
2016-11-25,10.25,10.25,10.25,10.25,700.0,10.25,0.0,10.25,10.25,10.25,1.0,700.0
2016-11-23,10.15,10.15,10.15,10.15,0.0,10.15,0.0,10.15,10.15,10.15,1.0,0.0
2016-11-22,10.15,10.15,10.15,10.15,0.0,10.15,0.0,10.15,10.15,10.15,1.0,0.0
2016-11-21,10.15,10.15,10.15,10.15,0.0,10.15,0.0,10.15,10.15,10.15,1.0,0.0
2016-11-18,10.15,10.15,10.15,10.15,200.0,10.15,0.0,10.15,10.15,10.15,1.0,200.0
2016-11-17,10.15,10.15,10.06,10.0699,6262.0,10.15,0.0,10.15,10.06,10.0699,1.0,6262.0
2016-11-16,10.15,10.15,10.15,10.15,0.0,10.15,0.0,10.15,10.15,10.15,1.0,0.0
2016-11-15,10.15,10.15,10.15,10.15,2670.0,10.15,0.0,10.15,10.15,10.15,1.0,2670.0
2016-11-14,10.15,10.15,10.15,10.15,0.0,10.15,0.0,10.15,10.15,10.15,1.0,0.0
2016-11-11,10.15,10.15,10.15,10.15,0.0,10.15,0.0,10.15,10.15,10.15,1.0,0.0
2016-11-10,10.15,10.15,10.15,10.15,0.0,10.15,0.0,10.15,10.15,10.15,1.0,0.0
2016-11-09,10.15,10.15,9.9997,10.0,2400.0,10.15,0.0,10.15,9.9997,10.0,1.0,2400.0
2016-11-08,10.13,10.15,9.977,9.979,11100.0,10.13,0.0,10.15,9.977,9.979,1.0,11100.0
2016-11-07,10.1201,10.3015,10.08,10.12,284500.0,10.1201,0.0,10.3015,10.08,10.12,1.0,284500.0
2016-11-04,10.11,10.11,10.1033,10.1033,725.0,10.11,0.0,10.11,10.1033,10.1033,1.0,725.0
2016-11-03,10.1099,10.1099,10.1099,10.1099,1500.0,10.1099,0.0,10.1099,10.1099,10.1099,1.0,1500.0
2016-11-02,10.12,10.12,10.12,10.12,50001.0,10.12,0.0,10.12,10.12,10.12,1.0,50001.0
2016-11-01,10.12,10.12,10.12,10.12,0.0,10.12,0.0,10.12,10.12,10.12,1.0,0.0
2016-10-31,10.12,10.12,10.12,10.12,197.0,10.12,0.0,10.12,10.12,10.12,1.0,197.0
2016-10-28,10.1167,10.1167,10.1167,10.1167,0.0,10.1167,0.0,10.1167,10.1167,10.1167,1.0,0.0
2016-10-27,10.1167,10.1167,10.1167,10.1167,2200.0,10.1167,0.0,10.1167,10.1167,10.1167,1.0,2200.0
2016-10-26,10.08,10.08,10.08,10.08,0.0,10.08,0.0,10.08,10.08,10.08,1.0,0.0
2016-10-25,10.08,10.08,10.08,10.08,0.0,10.08,0.0,10.08,10.08,10.08,1.0,0.0
2016-10-24,10.08,10.08,10.08,10.08,0.0,10.08,0.0,10.08,10.08,10.08,1.0,0.0
2016-10-21,10.08,10.08,10.08,10.08,0.0,10.08,0.0,10.08,10.08,10.08,1.0,0.0
2016-10-20,10.08,10.08,10.08,10.08,0.0,10.08,0.0,10.08,10.08,10.08,1.0,0.0
2016-10-19,10.08,10.08,10.08,10.08,0.0,10.08,0.0,10.08,10.08,10.08,1.0,0.0
2016-10-18,10.08,10.1277,10.08,10.1277,1342.0,10.08,0.0,10.1277,10.08,10.1277,1.0,1342.0
2016-10-17,10.0701,10.0701,10.0701,10.0701,600.0,10.0701,0.0,10.0701,10.0701,10.0701,1.0,600.0
2016-10-14,10.05,10.05,10.05,10.05,0.0,10.05,0.0,10.05,10.05,10.05,1.0,0.0
2016-10-13,10.05,10.05,10.05,10.05,0.0,10.05,0.0,10.05,10.05,10.05,1.0,0.0
2016-10-12,10.05,10.05,10.05,10.05,0.0,10.05,0.0,10.05,10.05,10.05,1.0,0.0
2016-10-11,10.05,10.05,10.05,10.05,0.0,10.05,0.0,10.05,10.05,10.05,1.0,0.0
2016-10-10,10.05,10.05,10.05,10.05,0.0,10.05,0.0,10.05,10.05,10.05,1.0,0.0
2016-10-07,10.05,10.05,10.05,10.05,0.0,10.05,0.0,10.05,10.05,10.05,1.0,0.0
2016-10-06,10.05,10.05,10.05,10.05,0.0,10.05,0.0,10.05,10.05,10.05,1.0,0.0
2016-10-05,10.05,10.05,10.05,10.05,0.0,10.05,0.0,10.05,10.05,10.05,1.0,0.0
2016-10-04,10.05,10.05,10.05,10.05,0.0,10.05,0.0,10.05,10.05,10.05,1.0,0.0
2016-10-03,10.05,10.05,10.05,10.05,0.0,10.05,0.0,10.05,10.05,10.05,1.0,0.0
2016-09-30,10.05,10.05,10.05,10.05,0.0,10.05,0.0,10.05,10.05,10.05,1.0,0.0
2016-09-29,10.05,10.05,10.05,10.05,0.0,10.05,0.0,10.05,10.05,10.05,1.0,0.0
2016-09-28,10.05,10.05,10.05,10.05,0.0,10.05,0.0,10.05,10.05,10.05,1.0,0.0
2016-09-27,10.05,10.05,10.05,10.05,0.0,10.05,0.0,10.05,10.05,10.05,1.0,0.0
2016-09-26,10.05,10.05,10.05,10.05,0.0,10.05,0.0,10.05,10.05,10.05,1.0,0.0
2016-09-23,10.05,10.05,10.05,10.05,0.0,10.05,0.0,10.05,10.05,10.05,1.0,0.0
2016-09-22,10.05,10.05,10.05,10.05,0.0,10.05,0.0,10.05,10.05,10.05,1.0,0.0
2016-09-21,10.05,10.05,10.05,10.05,0.0,10.05,0.0,10.05,10.05,10.05,1.0,0.0
2016-09-20,10.05,10.05,10.05,10.05,0.0,10.05,0.0,10.05,10.05,10.05,1.0,0.0
2016-09-19,10.05,10.05,10.05,10.05,0.0,10.05,0.0,10.05,10.05,10.05,1.0,0.0
2016-09-16,10.05,10.05,10.05,10.05,0.0,10.05,0.0,10.05,10.05,10.05,1.0,0.0
2016-09-15,10.05,10.05,10.05,10.05,0.0,10.05,0.0,10.05,10.05,10.05,1.0,0.0
2016-09-14,10.05,10.05,10.05,10.05,0.0,10.05,0.0,10.05,10.05,10.05,1.0,0.0
2016-09-13,10.05,10.05,10.05,10.05,0.0,10.05,0.0,10.05,10.05,10.05,1.0,0.0
2016-09-12,10.05,10.05,10.05,10.05,0.0,10.05,0.0,10.05,10.05,10.05,1.0,0.0
2016-09-09,10.05,10.05,10.05,10.05,0.0,10.05,0.0,10.05,10.05,10.05,1.0,0.0
2016-09-08,10.05,10.05,10.05,10.05,0.0,10.05,0.0,10.05,10.05,10.05,1.0,0.0
2016-09-07,10.05,10.05,10.05,10.05,0.0,10.05,0.0,10.05,10.05,10.05,1.0,0.0
2016-09-06,10.05,10.05,10.05,10.05,0.0,10.05,0.0,10.05,10.05,10.05,1.0,0.0
2016-09-02,10.05,10.05,10.0496,10.0496,2450.0,10.05,0.0,10.05,10.0496,10.0496,1.0,2450.0
2016-09-01,10.07,10.07,10.07,10.07,0.0,10.07,0.0,10.07,10.07,10.07,1.0,0.0
2016-08-31,10.07,10.07,10.07,10.07,3850.0,10.07,0.0,10.07,10.07,10.07,1.0,3850.0
2016-08-30,10.0804,10.0804,10.0804,10.0804,0.0,10.0804,0.0,10.0804,10.0804,10.0804,1.0,0.0
2016-08-29,10.0804,10.0804,10.0804,10.0804,0.0,10.0804,0.0,10.0804,10.0804,10.0804,1.0,0.0
2016-08-26,10.0804,10.0804,10.0804,10.0804,100.0,10.0804,0.0,10.0804,10.0804,10.0804,1.0,100.0
2016-08-25,10.1,10.1,10.1,10.1,0.0,10.1,0.0,10.1,10.1,10.1,1.0,0.0
2016-08-24,10.1,10.1,10.1,10.1,1000.0,10.1,0.0,10.1,10.1,10.1,1.0,1000.0
2016-08-23,10.1,10.13,10.09,10.09,1701.0,10.1,0.0,10.13,10.09,10.09,1.0,1701.0
2016-08-22,10.04,10.04,10.0399,10.0399,1400.0,10.04,0.0,10.04,10.0399,10.0399,1.0,1400.0
2016-08-19,10.0014,10.0014,10.0014,10.0014,0.0,10.0014,0.0,10.0014,10.0014,10.0014,1.0,0.0
2016-08-18,10.0014,10.0014,10.0014,10.0014,0.0,10.0014,0.0,10.0014,10.0014,10.0014,1.0,0.0
2016-08-17,10.0014,10.0014,10.0014,10.0014,0.0,10.0014,0.0,10.0014,10.0014,10.0014,1.0,0.0
2016-08-16,10.0014,10.01,9.9941,9.9941,1717.0,10.0014,0.0,10.01,9.9941,9.9941,1.0,1717.0
2016-08-15,10.04,10.04,10.0399,10.0399,300.0,10.04,0.0,10.04,10.0399,10.0399,1.0,300.0
2016-08-12,10.1901,10.1901,10.1901,10.1901,0.0,10.1901,0.0,10.1901,10.1901,10.1901,1.0,0.0
2016-08-11,10.1901,10.211,10.05,10.08,3303.0,10.1901,0.0,10.211,10.05,10.08,1.0,3303.0
2016-08-10,10.08,10.08,10.08,10.08,0.0,10.08,0.0,10.08,10.08,10.08,1.0,0.0
2016-08-09,10.08,10.08,10.08,10.08,0.0,10.08,0.0,10.08,10.08,10.08,1.0,0.0
2016-08-08,10.08,10.08,10.08,10.08,0.0,10.08,0.0,10.08,10.08,10.08,1.0,0.0
2016-08-05,10.08,10.08,10.08,10.08,0.0,10.08,0.0,10.08,10.08,10.08,1.0,0.0
2016-08-04,10.08,10.08,10.08,10.08,0.0,10.08,0.0,10.08,10.08,10.08,1.0,0.0
2016-08-03,10.08,10.08,10.08,10.08,0.0,10.08,0.0,10.08,10.08,10.08,1.0,0.0
2016-08-02,10.08,10.08,10.08,10.08,0.0,10.08,0.0,10.08,10.08,10.08,1.0,0.0
2016-08-01,10.08,10.08,10.08,10.08,0.0,10.08,0.0,10.08,10.08,10.08,1.0,0.0
2016-07-29,10.08,10.08,10.08,10.08,0.0,10.08,0.0,10.08,10.08,10.08,1.0,0.0
2016-07-28,10.08,10.08,10.08,10.08,0.0,10.08,0.0,10.08,10.08,10.08,1.0,0.0
2016-07-27,10.08,10.12,10.0399,10.04,3955.0,10.08,0.0,10.12,10.0399,10.04,1.0,3955.0
2016-07-26,10.02,10.02,10.02,10.02,100.0,10.02,0.0,10.02,10.02,10.02,1.0,100.0
2016-07-25,10.04,10.08,10.0399,10.0399,10500.0,10.04,0.0,10.08,10.0399,10.0399,1.0,10500.0
2016-07-22,10.0,10.0,10.0,10.0,0.0,10.0,0.0,10.0,10.0,10.0,1.0,0.0
2016-07-21,10.0,10.0,10.0,10.0,0.0,10.0,0.0,10.0,10.0,10.0,1.0,0.0
2016-07-20,10.0,10.1799,9.98,10.0299,6979.0,10.0,0.0,10.1799,9.98,10.0299,1.0,6979.0
2016-07-19,10.0299,10.0299,10.0299,10.0299,0.0,10.0299,0.0,10.0299,10.0299,10.0299,1.0,0.0
2016-07-18,10.0299,10.0299,10.0299,10.0299,0.0,10.0299,0.0,10.0299,10.0299,10.0299,1.0,0.0
2016-07-15,10.0299,10.0299,10.0299,10.0299,550.0,10.0299,0.0,10.0299,10.0299,10.0299,1.0,550.0
2016-07-14,10.0,10.0,10.0,10.0,200.0,10.0,0.0,10.0,10.0,10.0,1.0,200.0
2016-07-13,10.04,10.04,10.03,10.03,511.0,10.04,0.0,10.04,10.03,10.03,1.0,511.0
2016-07-12,10.02,10.02,10.02,10.02,190.0,10.02,0.0,10.02,10.02,10.02,1.0,190.0
2016-07-11,10.0,10.04,9.98,9.98,2100.0,10.0,0.0,10.04,9.98,9.98,1.0,2100.0
2016-07-08,10.0,10.04,10.0,10.04,3400.0,10.0,0.0,10.04,10.0,10.04,1.0,3400.0
2016-07-07,10.02,10.08,10.02,10.02,4301.0,10.02,0.0,10.08,10.02,10.02,1.0,4301.0
2016-07-06,9.98,10.03,9.98,10.02,1602.0,9.98,0.0,10.03,9.98,10.02,1.0,1602.0
2016-07-05,10.03,10.03,10.03,10.03,0.0,10.03,0.0,10.03,10.03,10.03,1.0,0.0
2016-07-01,10.03,10.03,10.03,10.03,0.0,10.03,0.0,10.03,10.03,10.03,1.0,0.0
2016-06-30,10.03,10.03,10.03,10.03,0.0,10.03,0.0,10.03,10.03,10.03,1.0,0.0
2016-06-29,10.03,10.03,10.03,10.03,400.0,10.03,0.0,10.03,10.03,10.03,1.0,400.0
2016-06-28,9.9868,10.03,9.9868,10.03,1318.0,9.9868,0.0,10.03,9.9868,10.03,1.0,1318.0
2016-06-27,10.03,10.03,10.03,10.03,0.0,10.03,0.0,10.03,10.03,10.03,1.0,0.0
2016-06-24,10.03,10.03,10.03,10.03,0.0,10.03,0.0,10.03,10.03,10.03,1.0,0.0
2016-06-23,10.03,10.03,10.03,10.03,200400.0,10.03,0.0,10.03,10.03,10.03,1.0,200400.0
2016-06-22,10.03,10.03,10.0,10.0,710.0,10.03,0.0,10.03,10.0,10.0,1.0,710.0
2016-06-21,10.012,10.012,10.012,10.012,700.0,10.012,0.0,10.012,10.012,10.012,1.0,700.0
2016-06-20,9.98,10.03,9.98,10.03,300.0,9.98,0.0,10.03,9.98,10.03,1.0,300.0
2016-06-17,9.98,9.98,9.98,9.98,0.0,9.98,0.0,9.98,9.98,9.98,1.0,0.0
2016-06-16,9.98,9.98,9.98,9.98,226.0,9.98,0.0,9.98,9.98,9.98,1.0,226.0
2016-06-15,9.97,9.97,9.97,9.97,200.0,9.97,0.0,9.97,9.97,9.97,1.0,200.0
2016-06-14,9.98,9.98,9.98,9.98,0.0,9.98,0.0,9.98,9.98,9.98,1.0,0.0
2016-06-13,9.98,10.5,9.97,9.99,900.0,9.98,0.0,10.5,9.97,9.99,1.0,900.0
2016-06-10,9.97,9.97,9.97,9.97,400.0,9.97,0.0,9.97,9.97,9.97,1.0,400.0
2016-06-09,9.95,10.005,9.95,10.005,100100.0,9.95,0.0,10.005,9.95,10.005,1.0,100100.0
2016-06-08,9.95,9.95,9.95,9.95,0.0,9.95,0.0,9.95,9.95,9.95,1.0,0.0
2016-06-07,9.95,9.95,9.95,9.95,0.0,9.95,0.0,9.95,9.95,9.95,1.0,0.0
2016-06-06,9.95,9.95,9.95,9.95,0.0,9.95,0.0,9.95,9.95,9.95,1.0,0.0
2016-06-03,9.95,10.0199,9.95,9.95,1000.0,9.95,0.0,10.0199,9.95,9.95,1.0,1000.0
2016-06-02,9.95,10.11,9.95,9.98,5203.0,9.95,0.0,10.11,9.95,9.98,1.0,5203.0
2016-06-01,9.95,10.1,9.95,10.01,3103.0,9.95,0.0,10.1,9.95,10.01,1.0,3103.0
2016-05-31,10.0,10.2,10.0,10.0,5403.0,10.0,0.0,10.2,10.0,10.0,1.0,5403.0
2016-05-27,9.95,9.95,9.95,9.95,0.0,9.95,0.0,9.95,9.95,9.95,1.0,0.0
2016-05-26,9.95,9.95,9.95,9.95,0.0,9.95,0.0,9.95,9.95,9.95,1.0,0.0
2016-05-25,9.95,10.02,9.95,10.0,15101.0,9.95,0.0,10.02,9.95,10.0,1.0,15101.0
2016-05-24,9.95,10.2,9.95,10.0,53201.0,9.95,0.0,10.2,9.95,10.0,1.0,53201.0
2016-05-23,10.0,10.0,10.0,10.0,0.0,10.0,0.0,10.0,10.0,10.0,1.0,0.0
2016-05-20,10.0,10.0,10.0,10.0,300.0,10.0,0.0,10.0,10.0,10.0,1.0,300.0
2016-05-19,9.95,9.95,9.95,9.95,0.0,9.95,0.0,9.95,9.95,9.95,1.0,0.0
2016-05-18,9.95,9.95,9.91,9.91,300.0,9.95,0.0,9.95,9.91,9.91,1.0,300.0
2016-05-17,9.9,9.9,9.9,9.9,0.0,9.9,0.0,9.9,9.9,9.9,1.0,0.0
2016-05-16,9.9,9.9,9.9,9.9,0.0,9.9,0.0,9.9,9.9,9.9,1.0,0.0
2016-05-13,9.9,9.9,9.9,9.9,0.0,9.9,0.0,9.9,9.9,9.9,1.0,0.0
2016-05-12,9.9,9.9,9.9,9.9,0.0,9.9,0.0,9.9,9.9,9.9,1.0,0.0
2016-05-11,9.9,9.9,9.9,9.9,0.0,9.9,0.0,9.9,9.9,9.9,1.0,0.0
2016-05-10,9.9,9.9,9.9,9.9,0.0,9.9,0.0,9.9,9.9,9.9,1.0,0.0
2016-05-09,9.9,9.98,9.9,9.92,10492.0,9.9,0.0,9.98,9.9,9.92,1.0,10492.0
2016-05-06,9.9,9.9,9.9,9.9,0.0,9.9,0.0,9.9,9.9,9.9,1.0,0.0
2016-05-05,9.9,9.9,9.9,9.9,0.0,9.9,0.0,9.9,9.9,9.9,1.0,0.0
2016-05-04,9.9,9.9,9.9,9.9,0.0,9.9,0.0,9.9,9.9,9.9,1.0,0.0
2016-05-03,9.9,9.92,9.9,9.92,4100.0,9.9,0.0,9.92,9.9,9.92,1.0,4100.0
2016-05-02,9.9,9.9,9.9,9.9,100.0,9.9,0.0,9.9,9.9,9.9,1.0,100.0
2016-04-29,9.9,9.9,9.9,9.9,200.0,9.9,0.0,9.9,9.9,9.9,1.0,200.0
2016-04-28,9.85,9.85,9.85,9.85,100.0,9.85,0.0,9.85,9.85,9.85,1.0,100.0
2016-04-27,9.84,9.84,9.84,9.84,0.0,9.84,0.0,9.84,9.84,9.84,1.0,0.0
2016-04-26,9.84,9.84,9.84,9.84,0.0,9.84,0.0,9.84,9.84,9.84,1.0,0.0
2016-04-25,9.84,9.92,9.83,9.83,4200.0,9.84,0.0,9.92,9.83,9.83,1.0,4200.0
2016-04-22,9.9,9.9,9.9,9.9,0.0,9.9,0.0,9.9,9.9,9.9,1.0,0.0
2016-04-21,9.9,9.9,9.9,9.9,0.0,9.9,0.0,9.9,9.9,9.9,1.0,0.0
2016-04-20,9.9,9.9,9.9,9.9,0.0,9.9,0.0,9.9,9.9,9.9,1.0,0.0
2016-04-19,9.9,9.9,9.9,9.9,0.0,9.9,0.0,9.9,9.9,9.9,1.0,0.0
2016-04-18,9.9,9.9,9.9,9.9,0.0,9.9,0.0,9.9,9.9,9.9,1.0,0.0
2016-04-15,9.9,9.9,9.9,9.9,0.0,9.9,0.0,9.9,9.9,9.9,1.0,0.0
2016-04-14,9.9,9.9,9.9,9.9,1826.0,9.9,0.0,9.9,9.9,9.9,1.0,1826.0
2016-04-13,10.0,10.0,10.0,10.0,200.0,10.0,0.0,10.0,10.0,10.0,1.0,200.0
2016-04-12,10.0,10.0,10.0,10.0,0.0,10.0,0.0,10.0,10.0,10.0,1.0,0.0
2016-04-11,10.0,10.0,10.0,10.0,200.0,10.0,0.0,10.0,10.0,10.0,1.0,200.0
2016-04-08,10.0,10.0,10.0,10.0,500.0,10.0,0.0,10.0,10.0,10.0,1.0,500.0
2016-04-07,10.0,10.0,10.0,10.0,0.0,10.0,0.0,10.0,10.0,10.0,1.0,0.0
2016-04-06,10.0,10.0,10.0,10.0,26.0,10.0,0.0,10.0,10.0,10.0,1.0,26.0
2016-04-05,10.0,10.0,9.9,9.9,326.0,10.0,0.0,10.0,9.9,9.9,1.0,326.0
2016-04-04,9.9,9.9,9.9,9.9,0.0,9.9,0.0,9.9,9.9,9.9,1.0,0.0
2016-04-01,9.9,9.9,9.9,9.9,0.0,9.9,0.0,9.9,9.9,9.9,1.0,0.0
2016-03-31,9.9,9.9,9.9,9.9,0.0,9.9,0.0,9.9,9.9,9.9,1.0,0.0
2016-03-30,9.9,9.9,9.89,9.9,6400.0,9.9,0.0,9.9,9.89,9.9,1.0,6400.0
2016-03-29,9.96,9.96,9.96,9.96,0.0,9.96,0.0,9.96,9.96,9.96,1.0,0.0
2016-03-28,9.96,9.96,9.96,9.96,0.0,9.96,0.0,9.96,9.96,9.96,1.0,0.0
2016-03-24,9.96,9.96,9.96,9.96,0.0,9.96,0.0,9.96,9.96,9.96,1.0,0.0
2016-03-23,9.96,9.96,9.96,9.96,0.0,9.96,0.0,9.96,9.96,9.96,1.0,0.0
2016-03-22,9.96,9.96,9.96,9.96,0.0,9.96,0.0,9.96,9.96,9.96,1.0,0.0
2016-03-21,9.96,9.96,9.96,9.96,0.0,9.96,0.0,9.96,9.96,9.96,1.0,0.0
2016-03-18,9.96,9.96,9.96,9.96,400.0,9.96,0.0,9.96,9.96,9.96,1.0,400.0
2016-03-17,9.9,9.9,9.9,9.9,0.0,9.9,0.0,9.9,9.9,9.9,1.0,0.0
2016-03-16,9.9,9.9,9.9,9.9,0.0,9.9,0.0,9.9,9.9,9.9,1.0,0.0
2016-03-15,9.9,9.9,9.9,9.9,32000.0,9.9,0.0,9.9,9.9,9.9,1.0,32000.0
2016-03-14,9.9,9.9,9.9,9.9,0.0,9.9,0.0,9.9,9.9,9.9,1.0,0.0
2016-03-11,9.9,9.9,9.9,9.9,0.0,9.9,0.0,9.9,9.9,9.9,1.0,0.0
2016-03-10,9.9,9.9,9.9,9.9,0.0,9.9,0.0,9.9,9.9,9.9,1.0,0.0
2016-03-09,9.9,9.9,9.9,9.9,0.0,9.9,0.0,9.9,9.9,9.9,1.0,0.0
2016-03-08,9.9,9.9,9.9,9.9,0.0,9.9,0.0,9.9,9.9,9.9,1.0,0.0
2016-03-07,9.9,9.9,9.9,9.9,0.0,9.9,0.0,9.9,9.9,9.9,1.0,0.0
2016-03-04,9.9,9.9,9.9,9.9,0.0,9.9,0.0,9.9,9.9,9.9,1.0,0.0
2016-03-03,9.9,9.9,9.9,9.9,0.0,9.9,0.0,9.9,9.9,9.9,1.0,0.0
2016-03-02,9.9,9.95,9.9,9.95,200.0,9.9,0.0,9.95,9.9,9.95,1.0,200.0
2016-03-01,9.85,9.85,9.85,9.85,720000.0,9.85,0.0,9.85,9.85,9.85,1.0,720000.0
2016-02-29,9.85,9.85,9.85,9.85,0.0,9.85,0.0,9.85,9.85,9.85,1.0,0.0
2016-02-26,9.85,9.85,9.85,9.85,0.0,9.85,0.0,9.85,9.85,9.85,1.0,0.0
2016-02-25,9.85,10.0,9.85,10.0,788.0,9.85,0.0,10.0,9.85,10.0,1.0,788.0
2016-02-24,9.9,10.0,9.9,10.0,812.0,9.9,0.0,10.0,9.9,10.0,1.0,812.0
2016-02-23,9.86,10.0,9.86,10.0,200700.0,9.86,0.0,10.0,9.86,10.0,1.0,200700.0
2016-02-22,9.85,9.99,9.85,9.99,1841.0,9.85,0.0,9.99,9.85,9.99,1.0,1841.0
2016-02-19,9.85,9.86,9.85,9.86,2281880.0,9.85,0.0,9.86,9.85,9.86,1.0,2281880.0
2016-02-18,9.85,9.85,9.85,9.85,0.0,9.85,0.0,9.85,9.85,9.85,1.0,0.0
2016-02-17,9.85,9.85,9.85,9.85,0.0,9.85,0.0,9.85,9.85,9.85,1.0,0.0
2016-02-16,9.85,9.85,9.85,9.85,0.0,9.85,0.0,9.85,9.85,9.85,1.0,0.0
2016-02-12,9.85,9.85,9.85,9.85,200000.0,9.85,0.0,9.85,9.85,9.85,1.0,200000.0
2016-02-11,9.85,10.0,9.85,9.85,1700.0,9.85,0.0,10.0,9.85,9.85,1.0,1700.0
2016-02-10,9.85,9.85,9.85,9.85,0.0,9.85,0.0,9.85,9.85,9.85,1.0,0.0
2016-02-09,9.85,9.85,9.85,9.85,0.0,9.85,0.0,9.85,9.85,9.85,1.0,0.0
2016-02-08,9.85,9.87,9.85,9.87,2900.0,9.85,0.0,9.87,9.85,9.87,1.0,2900.0
2016-02-05,9.87,9.87,9.87,9.87,0.0,9.87,0.0,9.87,9.87,9.87,1.0,0.0
2016-02-04,9.87,9.87,9.87,9.87,0.0,9.87,0.0,9.87,9.87,9.87,1.0,0.0
2016-02-03,9.87,9.87,9.87,9.87,0.0,9.87,0.0,9.87,9.87,9.87,1.0,0.0
2016-02-02,9.87,9.87,9.87,9.87,0.0,9.87,0.0,9.87,9.87,9.87,1.0,0.0
2016-02-01,9.87,9.87,9.87,9.87,0.0,9.87,0.0,9.87,9.87,9.87,1.0,0.0
2016-01-29,9.87,9.87,9.87,9.87,0.0,9.87,0.0,9.87,9.87,9.87,1.0,0.0
2016-01-28,9.87,9.87,9.87,9.87,0.0,9.87,0.0,9.87,9.87,9.87,1.0,0.0
2016-01-27,9.87,9.87,9.87,9.87,0.0,9.87,0.0,9.87,9.87,9.87,1.0,0.0
2016-01-26,9.87,9.87,9.87,9.87,0.0,9.87,0.0,9.87,9.87,9.87,1.0,0.0
2016-01-25,9.87,9.87,9.87,9.87,118.0,9.87,0.0,9.87,9.87,9.87,1.0,118.0
2016-01-22,9.87,9.87,9.87,9.87,0.0,9.87,0.0,9.87,9.87,9.87,1.0,0.0
2016-01-21,9.87,9.87,9.87,9.87,0.0,9.87,0.0,9.87,9.87,9.87,1.0,0.0
2016-01-20,9.87,9.87,9.87,9.87,0.0,9.87,0.0,9.87,9.87,9.87,1.0,0.0
2016-01-19,9.87,9.87,9.87,9.87,100.0,9.87,0.0,9.87,9.87,9.87,1.0,100.0
2016-01-15,9.82,9.82,9.82,9.82,0.0,9.82,0.0,9.82,9.82,9.82,1.0,0.0
2016-01-14,9.82,9.82,9.82,9.82,0.0,9.82,0.0,9.82,9.82,9.82,1.0,0.0
2016-01-13,9.82,9.82,9.82,9.82,0.0,9.82,0.0,9.82,9.82,9.82,1.0,0.0
2016-01-12,9.82,9.82,9.82,9.82,0.0,9.82,0.0,9.82,9.82,9.82,1.0,0.0
2016-01-11,9.82,9.82,9.82,9.82,2.0,9.82,0.0,9.82,9.82,9.82,1.0,2.0
2016-01-08,9.82,9.82,9.82,9.82,0.0,9.82,0.0,9.82,9.82,9.82,1.0,0.0
2016-01-07,9.82,9.82,9.82,9.82,0.0,9.82,0.0,9.82,9.82,9.82,1.0,0.0
2016-01-06,9.82,9.82,9.82,9.82,100.0,9.82,0.0,9.82,9.82,9.82,1.0,100.0
2016-01-05,9.82,9.82,9.82,9.82,0.0,9.82,0.0,9.82,9.82,9.82,1.0,0.0
2016-01-04,9.82,9.82,9.82,9.82,100.0,9.82,0.0,9.82,9.82,9.82,1.0,100.0
2015-12-31,9.82,9.82,9.82,9.82,0.0,9.82,0.0,9.82,9.82,9.82,1.0,0.0
2015-12-30,9.82,9.82,9.82,9.82,0.0,9.82,0.0,9.82,9.82,9.82,1.0,0.0
2015-12-29,9.82,9.82,9.82,9.82,0.0,9.82,0.0,9.82,9.82,9.82,1.0,0.0
2015-12-28,9.82,9.82,9.82,9.82,0.0,9.82,0.0,9.82,9.82,9.82,1.0,0.0
2015-12-24,9.82,9.82,9.82,9.82,129.0,9.82,0.0,9.82,9.82,9.82,1.0,129.0
2015-12-23,9.7,9.82,9.7,9.82,794.0,9.7,0.0,9.82,9.7,9.82,1.0,794.0
2015-12-22,9.79,9.8,9.79,9.8,1000.0,9.79,0.0,9.8,9.79,9.8,1.0,1000.0
2015-12-21,9.79,9.79,9.79,9.79,0.0,9.79,0.0,9.79,9.79,9.79,1.0,0.0
2015-12-18,9.79,9.79,9.69,9.69,2300.0,9.79,0.0,9.79,9.69,9.69,1.0,2300.0
2015-12-17,9.75,9.75,9.75,9.75,200000.0,9.75,0.0,9.75,9.75,9.75,1.0,200000.0
2015-12-16,9.95,9.95,9.95,9.95,113.0,9.95,0.0,9.95,9.95,9.95,1.0,113.0
2015-12-15,9.75,9.75,9.75,9.75,100000.0,9.75,0.0,9.75,9.75,9.75,1.0,100000.0
2015-12-14,9.9,9.9,9.9,9.9,0.0,9.9,0.0,9.9,9.9,9.9,1.0,0.0
2015-12-11,9.9,9.9,9.9,9.9,0.0,9.9,0.0,9.9,9.9,9.9,1.0,0.0
2015-12-10,9.9,9.9,9.9,9.9,0.0,9.9,0.0,9.9,9.9,9.9,1.0,0.0
2015-12-09,9.9,9.9,9.9,9.9,0.0,9.9,0.0,9.9,9.9,9.9,1.0,0.0
2015-12-08,9.9,9.9,9.9,9.9,0.0,9.9,0.0,9.9,9.9,9.9,1.0,0.0
2015-12-07,9.9,9.9,9.9,9.9,0.0,9.9,0.0,9.9,9.9,9.9,1.0,0.0
2015-12-04,9.9,9.9,9.9,9.9,0.0,9.9,0.0,9.9,9.9,9.9,1.0,0.0
2015-12-03,9.9,9.9,9.9,9.9,0.0,9.9,0.0,9.9,9.9,9.9,1.0,0.0
2015-12-02,9.9,9.9,9.9,9.9,0.0,9.9,0.0,9.9,9.9,9.9,1.0,0.0
2015-12-01,9.9,9.9,9.9,9.9,0.0,9.9,0.0,9.9,9.9,9.9,1.0,0.0
2015-11-30,9.9,9.9,9.9,9.9,0.0,9.9,0.0,9.9,9.9,9.9,1.0,0.0
2015-11-27,9.9,9.9,9.9,9.9,0.0,9.9,0.0,9.9,9.9,9.9,1.0,0.0
2015-11-25,9.9,9.9,9.9,9.9,0.0,9.9,0.0,9.9,9.9,9.9,1.0,0.0
2015-11-24,9.9,9.9,9.9,9.9,0.0,9.9,0.0,9.9,9.9,9.9,1.0,0.0
2015-11-23,9.9,9.9,9.9,9.9,0.0,9.9,0.0,9.9,9.9,9.9,1.0,0.0
2015-11-20,9.9,9.9,9.9,9.9,0.0,9.9,0.0,9.9,9.9,9.9,1.0,0.0
2015-11-19,9.9,9.9,9.9,9.9,0.0,9.9,0.0,9.9,9.9,9.9,1.0,0.0
2015-11-18,9.9,9.9,9.9,9.9,0.0,9.9,0.0,9.9,9.9,9.9,1.0,0.0
2015-11-17,9.9,9.9,9.9,9.9,0.0,9.9,0.0,9.9,9.9,9.9,1.0,0.0
2015-11-16,9.9,9.9,9.9,9.9,1000.0,9.9,0.0,9.9,9.9,9.9,1.0,1000.0
2015-11-13,9.9,9.9,9.9,9.9,0.0,9.9,0.0,9.9,9.9,9.9,1.0,0.0
2015-11-12,9.9,9.9,9.9,9.9,0.0,9.9,0.0,9.9,9.9,9.9,1.0,0.0
2015-11-11,9.9,9.9,9.9,9.9,0.0,9.9,0.0,9.9,9.9,9.9,1.0,0.0
2015-11-10,9.9,9.9,9.9,9.9,0.0,9.9,0.0,9.9,9.9,9.9,1.0,0.0
2015-11-09,9.9,9.9,9.9,9.9,0.0,9.9,0.0,9.9,9.9,9.9,1.0,0.0
2015-11-06,9.9,9.9,9.9,9.9,0.0,9.9,0.0,9.9,9.9,9.9,1.0,0.0
2015-11-05,9.9,9.9,9.9,9.9,0.0,9.9,0.0,9.9,9.9,9.9,1.0,0.0
2015-11-04,9.9,9.9,9.9,9.9,0.0,9.9,0.0,9.9,9.9,9.9,1.0,0.0
2015-11-03,9.9,9.9,9.9,9.9,1000.0,9.9,0.0,9.9,9.9,9.9,1.0,1000.0
2015-11-02,9.9,9.9,9.9,9.9,0.0,9.9,0.0,9.9,9.9,9.9,1.0,0.0
2015-10-30,9.9,9.9,9.9,9.9,0.0,9.9,0.0,9.9,9.9,9.9,1.0,0.0
2015-10-29,9.9,9.9,9.9,9.9,0.0,9.9,0.0,9.9,9.9,9.9,1.0,0.0
2015-10-28,9.9,9.9,9.9,9.9,0.0,9.9,0.0,9.9,9.9,9.9,1.0,0.0
2015-10-27,9.9,9.9,9.9,9.9,0.0,9.9,0.0,9.9,9.9,9.9,1.0,0.0
2015-10-26,9.9,9.9,9.9,9.9,0.0,9.9,0.0,9.9,9.9,9.9,1.0,0.0
2015-10-23,9.9,9.9,9.9,9.9,0.0,9.9,0.0,9.9,9.9,9.9,1.0,0.0
2015-10-22,9.9,9.9,9.9,9.9,0.0,9.9,0.0,9.9,9.9,9.9,1.0,0.0
2015-10-21,9.9,9.9,9.9,9.9,0.0,9.9,0.0,9.9,9.9,9.9,1.0,0.0
2015-10-20,9.9,9.9,9.9,9.9,0.0,9.9,0.0,9.9,9.9,9.9,1.0,0.0
2015-10-19,9.9,9.9,9.9,9.9,0.0,9.9,0.0,9.9,9.9,9.9,1.0,0.0
2015-10-16,9.9,9.9,9.9,9.9,0.0,9.9,0.0,9.9,9.9,9.9,1.0,0.0
2015-10-15,9.9,9.9,9.9,9.9,1600.0,9.9,0.0,9.9,9.9,9.9,1.0,1600.0
2015-10-14,9.9,9.9,9.9,9.9,0.0,9.9,0.0,9.9,9.9,9.9,1.0,0.0
2015-10-13,9.9,9.9,9.9,9.9,0.0,9.9,0.0,9.9,9.9,9.9,1.0,0.0
2015-10-12,9.9,10.03,9.9,10.03,500.0,9.9,0.0,10.03,9.9,10.03,1.0,500.0
2015-10-09,9.9,9.9,9.9,9.9,0.0,9.9,0.0,9.9,9.9,9.9,1.0,0.0
2015-10-08,9.9,9.9,9.9,9.9,0.0,9.9,0.0,9.9,9.9,9.9,1.0,0.0
2015-10-07,9.9,9.9,9.9,9.9,4.0,9.9,0.0,9.9,9.9,9.9,1.0,4.0
2015-10-06,9.9,9.9,9.9,9.9,0.0,9.9,0.0,9.9,9.9,9.9,1.0,0.0
2015-10-05,9.9,9.9,9.9,9.9,0.0,9.9,0.0,9.9,9.9,9.9,1.0,0.0
2015-10-02,9.9,9.9,9.9,9.9,0.0,9.9,0.0,9.9,9.9,9.9,1.0,0.0
2015-10-01,9.9,9.9,9.9,9.9,0.0,9.9,0.0,9.9,9.9,9.9,1.0,0.0
2015-09-30,9.9,9.9,9.9,9.9,0.0,9.9,0.0,9.9,9.9,9.9,1.0,0.0
2015-09-29,9.9,9.9,9.9,9.9,0.0,9.9,0.0,9.9,9.9,9.9,1.0,0.0
2015-09-28,9.9,9.9,9.9,9.9,22.0,9.9,0.0,9.9,9.9,9.9,1.0,22.0
2015-08-31,9.9,9.9001,9.9,9.9001,500.0,9.9,0.0,9.9001,9.9,9.9001,1.0,500.0
2015-08-28,9.9,9.9,9.9,9.9,0.0,9.9,0.0,9.9,9.9,9.9,1.0,0.0
2015-08-27,9.9,9.9,9.9,9.9,0.0,9.9,0.0,9.9,9.9,9.9,1.0,0.0
2015-08-26,9.9,9.9,9.9,9.9,0.0,9.9,0.0,9.9,9.9,9.9,1.0,0.0
2015-08-25,9.9,9.9,9.9,9.9,0.0,9.9,0.0,9.9,9.9,9.9,1.0,0.0
2015-08-24,9.9,9.9,9.9,9.9,156.0,9.9,0.0,9.9,9.9,9.9,1.0,156.0
2015-08-21,9.9,9.94,9.9,9.94,200.0,9.9,0.0,9.94,9.9,9.94,1.0,200.0
2015-08-20,9.9,9.9,9.9,9.9,0.0,9.9,0.0,9.9,9.9,9.9,1.0,0.0
2015-08-19,9.9,9.9,9.9,9.9,0.0,9.9,0.0,9.9,9.9,9.9,1.0,0.0
2015-08-18,9.9,9.9,9.9,9.9,0.0,9.9,0.0,9.9,9.9,9.9,1.0,0.0
2015-08-17,9.9,9.9,9.9,9.9,0.0,9.9,0.0,9.9,9.9,9.9,1.0,0.0
2015-08-14,9.9,9.9,9.9,9.9,0.0,9.9,0.0,9.9,9.9,9.9,1.0,0.0
2015-08-13,9.9,9.9,9.9,9.9,0.0,9.9,0.0,9.9,9.9,9.9,1.0,0.0
2015-08-12,9.9,9.9,9.9,9.9,0.0,9.9,0.0,9.9,9.9,9.9,1.0,0.0
2015-08-11,9.9,9.9,9.9,9.9,0.0,9.9,0.0,9.9,9.9,9.9,1.0,0.0
2015-08-10,9.9,9.9,9.9,9.9,0.0,9.9,0.0,9.9,9.9,9.9,1.0,0.0
2015-08-07,9.9,9.9,9.9,9.9,0.0,9.9,0.0,9.9,9.9,9.9,1.0,0.0
2015-08-06,9.9,9.9,9.9,9.9,0.0,9.9,0.0,9.9,9.9,9.9,1.0,0.0
2015-08-05,9.9,9.9,9.9,9.9,0.0,9.9,0.0,9.9,9.9,9.9,1.0,0.0
2015-08-04,9.9,9.9,9.9,9.9,0.0,9.9,0.0,9.9,9.9,9.9,1.0,0.0
2015-08-03,9.9,9.9,9.9,9.9,0.0,9.9,0.0,9.9,9.9,9.9,1.0,0.0
2015-07-31,9.9,9.9,9.9,9.9,0.0,9.9,0.0,9.9,9.9,9.9,1.0,0.0
2015-07-30,9.9,9.95,9.9,9.95,300.0,9.9,0.0,9.95,9.9,9.95,1.0,300.0
2015-07-29,9.9,9.9,9.9,9.9,0.0,9.9,0.0,9.9,9.9,9.9,1.0,0.0
2015-07-28,9.9,9.9,9.9,9.9,0.0,9.9,0.0,9.9,9.9,9.9,1.0,0.0
2015-07-27,9.9,9.9,9.9,9.9,0.0,9.9,0.0,9.9,9.9,9.9,1.0,0.0
2015-07-24,9.9,9.9,9.9,9.9,0.0,9.9,0.0,9.9,9.9,9.9,1.0,0.0
2015-07-23,9.9,9.9,9.9,9.9,0.0,9.9,0.0,9.9,9.9,9.9,1.0,0.0
2015-07-22,9.9,9.9,9.9,9.9,0.0,9.9,0.0,9.9,9.9,9.9,1.0,0.0
2015-07-21,9.9,9.9,9.9,9.9,0.0,9.9,0.0,9.9,9.9,9.9,1.0,0.0
2015-07-20,9.9,9.901,9.9,9.901,1070.0,9.9,0.0,9.901,9.9,9.901,1.0,1070.0
2015-07-17,10.1,10.1,10.0,10.0,256.0,10.1,0.0,10.1,10.0,10.0,1.0,256.0
2015-07-16,9.95,9.95,9.95,9.95,0.0,9.95,0.0,9.95,9.95,9.95,1.0,0.0
2015-07-15,9.95,10.1,9.85,10.09,19044.0,9.95,0.0,10.1,9.85,10.09,1.0,19044.0
2015-07-14,9.91,9.91,9.91,9.91,0.0,9.91,0.0,9.91,9.91,9.91,1.0,0.0
2015-07-13,9.91,9.91,9.85,9.85,1287.0,9.91,0.0,9.91,9.85,9.85,1.0,1287.0
2015-07-10,9.96,9.96,9.96,9.96,240.0,9.96,0.0,9.96,9.96,9.96,1.0,240.0
2015-07-09,9.85,9.85,9.85,9.85,0.0,9.85,0.0,9.85,9.85,9.85,1.0,0.0
2015-07-08,9.85,9.85,9.85,9.85,0.0,9.85,0.0,9.85,9.85,9.85,1.0,0.0
2015-07-07,9.85,9.85,9.85,9.85,200.0,9.85,0.0,9.85,9.85,9.85,1.0,200.0
2015-07-06,9.85,9.85,9.85,9.85,0.0,9.85,0.0,9.85,9.85,9.85,1.0,0.0
2015-07-02,9.85,9.85,9.85,9.85,0.0,9.85,0.0,9.85,9.85,9.85,1.0,0.0
2015-07-01,9.85,9.85,9.85,9.85,0.0,9.85,0.0,9.85,9.85,9.85,1.0,0.0
2015-06-30,9.85,9.85,9.85,9.85,0.0,9.85,0.0,9.85,9.85,9.85,1.0,0.0
2015-06-29,9.85,9.85,9.85,9.85,0.0,9.85,0.0,9.85,9.85,9.85,1.0,0.0
2015-06-26,9.85,9.85,9.85,9.85,0.0,9.85,0.0,9.85,9.85,9.85,1.0,0.0
2015-06-25,9.85,9.85,9.85,9.85,400.0,9.85,0.0,9.85,9.85,9.85,1.0,400.0
2015-06-24,9.97,9.97,9.97,9.97,0.0,9.97,0.0,9.97,9.97,9.97,1.0,0.0
2015-06-23,9.97,9.97,9.97,9.97,0.0,9.97,0.0,9.97,9.97,9.97,1.0,0.0
2015-06-22,9.97,9.97,9.97,9.97,0.0,9.97,0.0,9.97,9.97,9.97,1.0,0.0
2015-06-19,9.97,9.97,9.97,9.97,1.0,9.97,0.0,9.97,9.97,9.97,1.0,1.0
2015-06-18,9.97,9.97,9.97,9.97,0.0,9.97,0.0,9.97,9.97,9.97,1.0,0.0
2015-06-17,9.97,9.97,9.97,9.97,0.0,9.97,0.0,9.97,9.97,9.97,1.0,0.0
2015-06-16,9.97,10.1,9.82,10.099,4000.0,9.97,0.0,10.1,9.82,10.099,1.0,4000.0
2015-06-15,9.81,9.81,9.81,9.81,0.0,9.81,0.0,9.81,9.81,9.81,1.0,0.0
2015-06-12,9.81,9.81,9.81,9.81,0.0,9.81,0.0,9.81,9.81,9.81,1.0,0.0
2015-06-11,9.81,9.81,9.81,9.81,0.0,9.81,0.0,9.81,9.81,9.81,1.0,0.0
2015-06-10,9.81,9.81,9.81,9.81,0.0,9.81,0.0,9.81,9.81,9.81,1.0,0.0
2015-06-09,9.81,9.81,9.81,9.81,0.0,9.81,0.0,9.81,9.81,9.81,1.0,0.0
2015-06-08,9.81,9.81,9.81,9.81,0.0,9.81,0.0,9.81,9.81,9.81,1.0,0.0
2015-06-05,9.81,9.81,9.81,9.81,0.0,9.81,0.0,9.81,9.81,9.81,1.0,0.0
2015-06-04,9.81,9.81,9.81,9.81,100.0,9.81,0.0,9.81,9.81,9.81,1.0,100.0
