,adj_close,adj_high,adj_low,adj_open,adj_volume,close,ex_dividend,high,low,open,split_ratio,volume
2017-02-03,12.11,12.41,12.11,12.41,417.0,12.11,0.0,12.41,12.11,12.41,1.0,417.0
2017-02-02,11.35,11.35,11.35,11.35,243.0,11.35,0.0,11.35,11.35,11.35,1.0,243.0
2017-02-01,12.15,12.15,12.05,12.05,202.0,12.15,0.0,12.15,12.05,12.05,1.0,202.0
2017-01-24,11.93,11.93,11.44,11.44,300.0,11.93,0.0,11.93,11.44,11.44,1.0,300.0
2017-01-18,11.8,11.8,11.8,11.8,2128.0,11.8,0.0,11.8,11.8,11.8,1.0,2128.0
2017-01-17,11.7,11.7,11.7,11.7,128.0,11.7,0.0,11.7,11.7,11.7,1.0,128.0
2017-01-13,11.825,12.0,11.675,12.0,2060.0,11.825,0.0,12.0,11.675,12.0,1.0,2060.0
2017-01-12,12.0,12.05,12.0,12.0,1400.0,12.0,0.0,12.05,12.0,12.0,1.0,1400.0
2017-01-09,12.06,12.06,12.06,12.06,265.0,12.06,0.0,12.06,12.06,12.06,1.0,265.0
2017-01-06,12.1,12.1,11.36,11.36,2400.0,12.1,0.0,12.1,11.36,11.36,1.0,2400.0
2017-01-05,11.825,12.06,11.41,12.0,3324.0,11.825,0.0,12.06,11.41,12.0,1.0,3324.0
2017-01-04,12.0,13.0,12.0,12.93,3544.0,12.0,0.0,13.0,12.0,12.93,1.0,3544.0
2017-01-03,12.1816,13.2,11.7618,12.8,4426.0,12.1816,0.0,13.2,11.7618,12.8,1.0,4426.0
2016-12-30,12.49,12.55,12.2501,12.2501,1580.0,12.49,0.0,12.55,12.2501,12.2501,1.0,1580.0
2016-12-29,12.1724,12.1724,12.15,12.16,566.0,12.1724,0.0,12.1724,12.15,12.16,1.0,566.0
2016-12-27,12.1501,12.4,12.15,12.4,1700.0,12.1501,0.0,12.4,12.15,12.4,1.0,1700.0
2016-12-22,12.08,12.1,11.96,11.9635,1800.0,12.08,0.0,12.1,11.96,11.9635,1.0,1800.0
2016-12-21,12.0897,12.15,11.36,11.38,2741.0,12.0897,0.0,12.15,11.36,11.38,1.0,2741.0
2016-12-20,11.85,11.85,10.9,10.9,27000.0,11.85,0.0,11.85,10.9,10.9,1.0,27000.0
2016-12-14,10.5892,10.5892,10.5892,10.5892,22.0,10.5892,0.0,10.5892,10.5892,10.5892,1.0,22.0
2016-12-07,10.5892,10.5892,10.5892,10.5892,13340.0,10.5892,0.0,10.5892,10.5892,10.5892,1.0,13340.0
2016-12-06,10.5892,10.5892,10.5892,10.5892,0.0,10.5892,0.0,10.5892,10.5892,10.5892,1.0,0.0
2016-12-05,10.5892,10.5892,10.5892,10.5892,0.0,10.5892,0.0,10.5892,10.5892,10.5892,1.0,0.0
2016-12-02,10.5892,10.5892,10.5892,10.5892,0.0,10.5892,0.0,10.5892,10.5892,10.5892,1.0,0.0
2016-12-01,10.5892,10.5892,10.5892,10.5892,0.0,10.5892,0.0,10.5892,10.5892,10.5892,1.0,0.0
2016-11-30,10.5892,10.5892,10.587,10.587,200.0,10.5892,0.0,10.5892,10.587,10.587,1.0,200.0
2016-11-29,10.59,10.59,10.59,10.59,0.0,10.59,0.0,10.59,10.59,10.59,1.0,0.0
2016-11-28,10.59,10.59,10.59,10.59,37.0,10.59,0.0,10.59,10.59,10.59,1.0,37.0
2016-11-25,10.59,10.59,10.59,10.59,10.0,10.59,0.0,10.59,10.59,10.59,1.0,10.0
2016-11-23,10.59,10.59,10.59,10.59,0.0,10.59,0.0,10.59,10.59,10.59,1.0,0.0
2016-11-22,10.59,10.59,10.59,10.59,100.0,10.59,0.0,10.59,10.59,10.59,1.0,100.0
2016-11-21,10.59,10.59,10.59,10.59,100.0,10.59,0.0,10.59,10.59,10.59,1.0,100.0
2016-11-18,10.5203,10.5203,10.5203,10.5203,0.0,10.5203,0.0,10.5203,10.5203,10.5203,1.0,0.0
2016-11-17,10.5203,10.5203,10.5201,10.5201,1000.0,10.5203,0.0,10.5203,10.5201,10.5201,1.0,1000.0
2016-11-16,10.54,10.54,10.54,10.54,100.0,10.54,0.0,10.54,10.54,10.54,1.0,100.0
2016-11-15,10.57,10.57,10.57,10.57,0.0,10.57,0.0,10.57,10.57,10.57,1.0,0.0
2016-11-14,10.57,10.57,10.57,10.57,100.0,10.57,0.0,10.57,10.57,10.57,1.0,100.0
2016-11-11,10.5892,10.5892,10.587,10.587,200.0,10.5892,0.0,10.5892,10.587,10.587,1.0,200.0
2016-11-10,10.5892,10.5892,10.5892,10.5892,0.0,10.5892,0.0,10.5892,10.5892,10.5892,1.0,0.0
2016-11-09,10.5892,10.5892,10.5892,10.5892,0.0,10.5892,0.0,10.5892,10.5892,10.5892,1.0,0.0
2016-11-08,10.5892,10.5892,10.5892,10.5892,0.0,10.5892,0.0,10.5892,10.5892,10.5892,1.0,0.0
2016-11-07,10.5892,10.5892,10.5892,10.5892,0.0,10.5892,0.0,10.5892,10.5892,10.5892,1.0,0.0
2016-11-04,10.5892,10.5892,10.5892,10.5892,0.0,10.5892,0.0,10.5892,10.5892,10.5892,1.0,0.0
2016-11-03,10.5892,10.5892,10.5892,10.5892,0.0,10.5892,0.0,10.5892,10.5892,10.5892,1.0,0.0
2016-11-02,10.5892,10.59,10.587,10.587,300.0,10.5892,0.0,10.59,10.587,10.587,1.0,300.0
2016-11-01,10.5895,10.5895,10.5895,10.5895,0.0,10.5895,0.0,10.5895,10.5895,10.5895,1.0,0.0
2016-10-31,10.5895,10.5895,10.58,10.58,200.0,10.5895,0.0,10.5895,10.58,10.58,1.0,200.0
2016-10-28,10.58,10.58,10.58,10.58,0.0,10.58,0.0,10.58,10.58,10.58,1.0,0.0
2016-10-27,10.58,10.58,10.58,10.58,0.0,10.58,0.0,10.58,10.58,10.58,1.0,0.0
2016-10-26,10.58,10.59,10.58,10.59,200.0,10.58,0.0,10.59,10.58,10.59,1.0,200.0
2016-10-25,10.59,10.59,10.59,10.59,150.0,10.59,0.0,10.59,10.59,10.59,1.0,150.0
2016-10-24,10.59,10.59,10.59,10.59,0.0,10.59,0.0,10.59,10.59,10.59,1.0,0.0
2016-10-21,10.59,10.59,10.59,10.59,140.0,10.59,0.0,10.59,10.59,10.59,1.0,140.0
2016-10-20,10.58,10.58,10.58,10.58,0.0,10.58,0.0,10.58,10.58,10.58,1.0,0.0
2016-10-19,10.58,10.58,10.58,10.58,253.0,10.58,0.0,10.58,10.58,10.58,1.0,253.0
2016-10-18,10.59,10.59,10.59,10.59,0.0,10.59,0.0,10.59,10.59,10.59,1.0,0.0
2016-10-17,10.59,10.59,10.59,10.59,0.0,10.59,0.0,10.59,10.59,10.59,1.0,0.0
2016-10-14,10.59,10.59,10.59,10.59,20.0,10.59,0.0,10.59,10.59,10.59,1.0,20.0
2016-10-13,10.59,10.59,10.4095,10.42,700.0,10.59,0.0,10.59,10.4095,10.42,1.0,700.0
2016-10-12,10.57,10.59,10.57,10.59,353.0,10.57,0.0,10.59,10.57,10.59,1.0,353.0
2016-10-11,10.58,10.58,10.58,10.58,0.0,10.58,0.0,10.58,10.58,10.58,1.0,0.0
2016-10-10,10.58,10.58,10.58,10.58,0.0,10.58,0.0,10.58,10.58,10.58,1.0,0.0
2016-10-07,10.58,10.58,10.58,10.58,20.0,10.58,0.0,10.58,10.58,10.58,1.0,20.0
2016-10-06,10.58,10.58,10.58,10.58,100.0,10.58,0.0,10.58,10.58,10.58,1.0,100.0
2016-10-05,10.58,10.58,10.5499,10.5499,1708.0,10.58,0.0,10.58,10.5499,10.5499,1.0,1708.0
2016-10-04,10.5,10.5,10.5,10.5,0.0,10.5,0.0,10.5,10.5,10.5,1.0,0.0
2016-10-03,10.5,10.5,10.5,10.5,0.0,10.5,0.0,10.5,10.5,10.5,1.0,0.0
2016-09-30,10.5,10.5001,10.48,10.48,1600.0,10.5,0.0,10.5001,10.48,10.48,1.0,1600.0
2016-09-29,10.4789,10.4793,10.4789,10.4793,300.0,10.4789,0.0,10.4793,10.4789,10.4793,1.0,300.0
2016-09-28,10.4799,10.4799,10.32,10.32,4908.0,10.4799,0.0,10.4799,10.32,10.32,1.0,4908.0
2016-09-27,10.4499,10.4499,10.4499,10.4499,0.0,10.4499,0.0,10.4499,10.4499,10.4499,1.0,0.0
2016-09-26,10.4499,10.4499,10.4499,10.4499,0.0,10.4499,0.0,10.4499,10.4499,10.4499,1.0,0.0
2016-09-23,10.4499,10.4499,10.4499,10.4499,0.0,10.4499,0.0,10.4499,10.4499,10.4499,1.0,0.0
2016-09-22,10.4499,10.4499,10.4499,10.4499,0.0,10.4499,0.0,10.4499,10.4499,10.4499,1.0,0.0
2016-09-21,10.4499,10.4499,10.4499,10.4499,0.0,10.4499,0.0,10.4499,10.4499,10.4499,1.0,0.0
2016-09-20,10.4499,10.4499,10.4499,10.4499,0.0,10.4499,0.0,10.4499,10.4499,10.4499,1.0,0.0
2016-09-19,10.4499,10.4499,10.4499,10.4499,0.0,10.4499,0.0,10.4499,10.4499,10.4499,1.0,0.0
2016-09-16,10.4499,10.4499,10.4499,10.4499,0.0,10.4499,0.0,10.4499,10.4499,10.4499,1.0,0.0
2016-09-15,10.4499,10.4499,10.3,10.3768,4179.0,10.4499,0.0,10.4499,10.3,10.3768,1.0,4179.0
2016-09-14,10.45,10.45,10.45,10.45,0.0,10.45,0.0,10.45,10.45,10.45,1.0,0.0
2016-09-13,10.45,10.45,10.45,10.45,200.0,10.45,0.0,10.45,10.45,10.45,1.0,200.0
2016-09-12,10.449,10.48,10.4038,10.48,865.0,10.449,0.0,10.48,10.4038,10.48,1.0,865.0
2016-09-09,10.3608,10.3608,10.3608,10.3608,0.0,10.3608,0.0,10.3608,10.3608,10.3608,1.0,0.0
2016-09-08,10.3608,10.363,10.36,10.3601,2600.0,10.3608,0.0,10.363,10.36,10.3601,1.0,2600.0
2016-09-07,10.31,10.31,10.31,10.31,1000.0,10.31,0.0,10.31,10.31,10.31,1.0,1000.0
2016-09-06,10.28,10.28,10.28,10.28,200.0,10.28,0.0,10.28,10.28,10.28,1.0,200.0
2016-09-02,10.28,10.28,10.28,10.28,0.0,10.28,0.0,10.28,10.28,10.28,1.0,0.0
2016-09-01,10.28,10.28,10.28,10.28,0.0,10.28,0.0,10.28,10.28,10.28,1.0,0.0
2016-08-31,10.28,10.28,10.28,10.28,0.0,10.28,0.0,10.28,10.28,10.28,1.0,0.0
2016-08-30,10.28,10.28,10.28,10.28,766.0,10.28,0.0,10.28,10.28,10.28,1.0,766.0
2016-08-29,10.36,10.36,10.36,10.36,0.0,10.36,0.0,10.36,10.36,10.36,1.0,0.0
2016-08-26,10.36,10.36,10.36,10.36,0.0,10.36,0.0,10.36,10.36,10.36,1.0,0.0
2016-08-25,10.36,10.36,10.3599,10.36,3008.0,10.36,0.0,10.36,10.3599,10.36,1.0,3008.0
2016-08-24,10.2314,10.2314,10.2314,10.2314,0.0,10.2314,0.0,10.2314,10.2314,10.2314,1.0,0.0
2016-08-23,10.2314,10.2314,10.2314,10.2314,0.0,10.2314,0.0,10.2314,10.2314,10.2314,1.0,0.0
2016-08-22,10.2314,10.2314,10.2314,10.2314,0.0,10.2314,0.0,10.2314,10.2314,10.2314,1.0,0.0
2016-08-19,10.2314,10.2314,10.2314,10.2314,0.0,10.2314,0.0,10.2314,10.2314,10.2314,1.0,0.0
2016-08-18,10.2314,10.2314,10.2314,10.2314,0.0,10.2314,0.0,10.2314,10.2314,10.2314,1.0,0.0
2016-08-17,10.2314,10.2314,10.2314,10.2314,0.0,10.2314,0.0,10.2314,10.2314,10.2314,1.0,0.0
2016-08-16,10.2314,10.2314,10.2314,10.2314,0.0,10.2314,0.0,10.2314,10.2314,10.2314,1.0,0.0
2016-08-15,10.2314,10.2314,10.2314,10.2314,1008.0,10.2314,0.0,10.2314,10.2314,10.2314,1.0,1008.0
2016-08-12,10.21,10.21,10.21,10.21,5.0,10.21,0.0,10.21,10.21,10.21,1.0,5.0
2016-08-11,10.21,10.22,10.21,10.22,464.0,10.21,0.0,10.22,10.21,10.22,1.0,464.0
2016-08-10,10.2999,10.2999,10.2999,10.2999,0.0,10.2999,0.0,10.2999,10.2999,10.2999,1.0,0.0
2016-08-09,10.2999,10.2999,10.2999,10.2999,0.0,10.2999,0.0,10.2999,10.2999,10.2999,1.0,0.0
2016-08-08,10.2999,10.2999,10.22,10.25,1300.0,10.2999,0.0,10.2999,10.22,10.25,1.0,1300.0
2016-08-05,10.241,10.25,10.22,10.25,3500.0,10.241,0.0,10.25,10.22,10.25,1.0,3500.0
2016-08-04,10.2,10.22,10.2,10.22,845.0,10.2,0.0,10.22,10.2,10.22,1.0,845.0
2016-08-03,10.25,10.25,10.25,10.25,0.0,10.25,0.0,10.25,10.25,10.25,1.0,0.0
2016-08-02,10.25,10.25,10.25,10.25,0.0,10.25,0.0,10.25,10.25,10.25,1.0,0.0
2016-08-01,10.25,10.25,10.2,10.22,1562.0,10.25,0.0,10.25,10.2,10.22,1.0,1562.0
2016-07-29,10.33,10.33,10.2038,10.24,4882.0,10.33,0.0,10.33,10.2038,10.24,1.0,4882.0
2016-07-28,10.24,10.25,10.1,10.11,434.0,10.24,0.0,10.25,10.1,10.11,1.0,434.0
2016-07-27,10.21,10.21,10.21,10.21,200.0,10.21,0.0,10.21,10.21,10.21,1.0,200.0
2016-07-26,10.24,10.24,10.1,10.1,489.0,10.24,0.0,10.24,10.1,10.1,1.0,489.0
2016-07-25,10.25,10.25,10.1,10.12,2500.0,10.25,0.0,10.25,10.1,10.12,1.0,2500.0
2016-07-22,10.22,10.25,10.125,10.22,16400.0,10.22,0.0,10.25,10.125,10.22,1.0,16400.0
2016-07-21,10.21,10.2289,10.21,10.2289,1231.0,10.21,0.0,10.2289,10.21,10.2289,1.0,1231.0
2016-07-20,10.2,10.2,10.1,10.13,4994.0,10.2,0.0,10.2,10.1,10.13,1.0,4994.0
2016-07-19,10.14,10.14,10.14,10.14,0.0,10.14,0.0,10.14,10.14,10.14,1.0,0.0
2016-07-18,10.14,10.18,10.1,10.11,2800.0,10.14,0.0,10.18,10.1,10.11,1.0,2800.0
2016-07-15,10.19,10.19,10.19,10.19,0.0,10.19,0.0,10.19,10.19,10.19,1.0,0.0
2016-07-14,10.19,10.19,10.19,10.19,0.0,10.19,0.0,10.19,10.19,10.19,1.0,0.0
2016-07-13,10.19,10.29,10.1,10.11,1819.0,10.19,0.0,10.29,10.1,10.11,1.0,1819.0
2016-07-12,10.12,10.12,10.1,10.1,1501.0,10.12,0.0,10.12,10.1,10.1,1.0,1501.0
2016-07-11,10.1999,10.1999,10.1999,10.1999,24.0,10.1999,0.0,10.1999,10.1999,10.1999,1.0,24.0
2016-07-08,10.1999,10.1999,10.1999,10.1999,0.0,10.1999,0.0,10.1999,10.1999,10.1999,1.0,0.0
2016-07-07,10.1999,10.1999,10.13,10.1499,3000.0,10.1999,0.0,10.1999,10.13,10.1499,1.0,3000.0
2016-07-06,10.13,10.13,10.13,10.13,100.0,10.13,0.0,10.13,10.13,10.13,1.0,100.0
2016-07-05,10.1,10.1,10.1,10.1,0.0,10.1,0.0,10.1,10.1,10.1,1.0,0.0
2016-07-01,10.1,10.15,10.1,10.15,5287.0,10.1,0.0,10.15,10.1,10.15,1.0,5287.0
2016-06-30,10.14,10.14,10.09,10.1,3200.0,10.14,0.0,10.14,10.09,10.1,1.0,3200.0
2016-06-29,10.1499,10.1499,10.03,10.04,34562.0,10.1499,0.0,10.1499,10.03,10.04,1.0,34562.0
2016-06-28,10.07,10.07,10.04,10.04,1347.0,10.07,0.0,10.07,10.04,10.04,1.0,1347.0
2016-06-27,10.07,10.09,10.01,10.03,10341.0,10.07,0.0,10.09,10.01,10.03,1.0,10341.0
2016-06-24,10.05,10.08,10.01,10.05,42900.0,10.05,0.0,10.08,10.01,10.05,1.0,42900.0
2016-06-23,10.0499,10.05,10.03,10.04,26776.0,10.0499,0.0,10.05,10.03,10.04,1.0,26776.0
2016-06-22,10.05,10.15,9.99,10.15,31882.0,10.05,0.0,10.15,9.99,10.15,1.0,31882.0
2016-06-21,10.0801,10.0801,10.03,10.06,2691.0,10.0801,0.0,10.0801,10.03,10.06,1.0,2691.0
2016-06-20,10.0889,10.0889,10.06,10.06,3100.0,10.0889,0.0,10.0889,10.06,10.06,1.0,3100.0
2016-06-17,10.06,10.12,10.05,10.07,29115.0,10.06,0.0,10.12,10.05,10.07,1.0,29115.0
2016-06-16,10.07,10.07,10.07,10.07,0.0,10.07,0.0,10.07,10.07,10.07,1.0,0.0
2016-06-15,10.07,10.08,10.05,10.05,5898.0,10.07,0.0,10.08,10.05,10.05,1.0,5898.0
2016-06-14,10.06,10.1,10.06,10.1,129150.0,10.06,0.0,10.1,10.06,10.1,1.0,129150.0
2016-06-13,10.1,10.325,10.1,10.1,726.0,10.1,0.0,10.325,10.1,10.1,1.0,726.0
2016-06-10,10.1,10.11,10.1,10.1,2303.0,10.1,0.0,10.11,10.1,10.1,1.0,2303.0
2016-06-09,10.11,10.11,10.1,10.1,360.0,10.11,0.0,10.11,10.1,10.1,1.0,360.0
2016-06-08,10.11,10.14,10.08,10.08,5397.0,10.11,0.0,10.14,10.08,10.08,1.0,5397.0
2016-06-07,10.08,10.08,10.08,10.08,25.0,10.08,0.0,10.08,10.08,10.08,1.0,25.0
2016-06-06,10.08,10.08,10.08,10.08,0.0,10.08,0.0,10.08,10.08,10.08,1.0,0.0
2016-06-03,10.08,10.1,10.08,10.1,4200.0,10.08,0.0,10.1,10.08,10.1,1.0,4200.0
2016-06-02,10.07,10.0989,10.07,10.09,6600.0,10.07,0.0,10.0989,10.07,10.09,1.0,6600.0
2016-06-01,10.1,10.1,10.1,10.1,1000.0,10.1,0.0,10.1,10.1,10.1,1.0,1000.0
2016-05-31,10.1,10.1,10.1,10.1,200.0,10.1,0.0,10.1,10.1,10.1,1.0,200.0
2016-05-27,10.15,10.15,10.11,10.15,500.0,10.15,0.0,10.15,10.11,10.15,1.0,500.0
2016-05-26,10.11,10.11,10.07,10.095,419.0,10.11,0.0,10.11,10.07,10.095,1.0,419.0
2016-05-25,10.11,10.11,10.08,10.08,574.0,10.11,0.0,10.11,10.08,10.08,1.0,574.0
2016-05-24,10.13,10.13,10.07,10.07,365.0,10.13,0.0,10.13,10.07,10.07,1.0,365.0
2016-05-23,10.15,10.15,10.15,10.15,0.0,10.15,0.0,10.15,10.15,10.15,1.0,0.0
2016-05-20,10.15,10.15,10.15,10.15,228.0,10.15,0.0,10.15,10.15,10.15,1.0,228.0
2016-05-19,10.1499,10.1499,10.1499,10.1499,0.0,10.1499,0.0,10.1499,10.1499,10.1499,1.0,0.0
2016-05-18,10.1499,10.1499,10.1499,10.1499,250.0,10.1499,0.0,10.1499,10.1499,10.1499,1.0,250.0
2016-05-17,10.14,10.15,10.14,10.14,1543.0,10.14,0.0,10.15,10.14,10.14,1.0,1543.0
2016-05-16,10.05,10.05,10.05,10.05,265.0,10.05,0.0,10.05,10.05,10.05,1.0,265.0
2016-05-13,10.13,10.13,10.13,10.13,794.0,10.13,0.0,10.13,10.13,10.13,1.0,794.0
2016-05-12,10.147,10.15,10.147,10.148,2500.0,10.147,0.0,10.15,10.147,10.148,1.0,2500.0
2016-05-11,10.13,10.13,10.13,10.13,1100.0,10.13,0.0,10.13,10.13,10.13,1.0,1100.0
2016-05-10,10.15,10.15,10.1495,10.15,1949.0,10.15,0.0,10.15,10.1495,10.15,1.0,1949.0
2016-05-09,10.1499,10.1499,10.1187,10.1187,249.0,10.1499,0.0,10.1499,10.1187,10.1187,1.0,249.0
2016-05-06,10.1,10.1,10.1,10.1,0.0,10.1,0.0,10.1,10.1,10.1,1.0,0.0
2016-05-05,10.1,10.1,10.1,10.1,1046.0,10.1,0.0,10.1,10.1,10.1,1.0,1046.0
2016-05-04,10.1,10.1,10.1,10.1,1847.0,10.1,0.0,10.1,10.1,10.1,1.0,1847.0
2016-05-03,10.1,10.12,10.09,10.09,4968.0,10.1,0.0,10.12,10.09,10.09,1.0,4968.0
2016-05-02,10.12,10.12,10.08,10.08,1716.0,10.12,0.0,10.12,10.08,10.08,1.0,1716.0
2016-04-29,10.11,10.11,10.11,10.11,0.0,10.11,0.0,10.11,10.11,10.11,1.0,0.0
2016-04-28,10.11,10.11,10.05,10.05,2644.0,10.11,0.0,10.11,10.05,10.05,1.0,2644.0
2016-04-27,10.13,10.13,10.13,10.13,1240.0,10.13,0.0,10.13,10.13,10.13,1.0,1240.0
2016-04-26,10.12,10.12,10.12,10.12,20.0,10.12,0.0,10.12,10.12,10.12,1.0,20.0
2016-04-25,10.12,10.12,10.12,10.12,0.0,10.12,0.0,10.12,10.12,10.12,1.0,0.0
2016-04-22,10.12,10.12,10.06,10.06,461.0,10.12,0.0,10.12,10.06,10.06,1.0,461.0
2016-04-21,10.12,10.12,10.07,10.12,7371.0,10.12,0.0,10.12,10.07,10.12,1.0,7371.0
2016-04-20,10.12,10.12,10.06,10.06,1439.0,10.12,0.0,10.12,10.06,10.06,1.0,1439.0
2016-04-19,10.12,10.12,10.12,10.12,1969.0,10.12,0.0,10.12,10.12,10.12,1.0,1969.0
2016-04-18,10.12,10.12,10.04,10.04,305.0,10.12,0.0,10.12,10.04,10.04,1.0,305.0
2016-04-15,10.1,10.1,10.03,10.03,3410.0,10.1,0.0,10.1,10.03,10.03,1.0,3410.0
2016-04-14,10.1,10.1,10.0999,10.1,4900.0,10.1,0.0,10.1,10.0999,10.1,1.0,4900.0
2016-04-13,10.12,10.12,10.1,10.1,1776.0,10.12,0.0,10.12,10.1,10.1,1.0,1776.0
2016-04-12,10.11,10.11,10.04,10.04,21928.0,10.11,0.0,10.11,10.04,10.04,1.0,21928.0
2016-04-11,10.07,10.08,10.07,10.07,8002.0,10.07,0.0,10.08,10.07,10.07,1.0,8002.0
2016-04-08,10.0938,10.0938,10.0938,10.0938,1000.0,10.0938,0.0,10.0938,10.0938,10.0938,1.0,1000.0
2016-04-07,10.13,10.13,10.06,10.1,17982.0,10.13,0.0,10.13,10.06,10.1,1.0,17982.0
2016-04-06,10.0892,10.1,10.0858,10.1,9639.0,10.0892,0.0,10.1,10.0858,10.1,1.0,9639.0
2016-04-05,10.09,10.1,10.07,10.1,21615.0,10.09,0.0,10.1,10.07,10.1,1.0,21615.0
2016-04-04,10.0401,10.09,10.0401,10.09,417.0,10.0401,0.0,10.09,10.0401,10.09,1.0,417.0
2016-04-01,10.05,10.1,10.045,10.09,33800.0,10.05,0.0,10.1,10.045,10.09,1.0,33800.0
2016-03-31,10.06,10.065,10.06,10.065,2902.0,10.06,0.0,10.065,10.06,10.065,1.0,2902.0
2016-03-30,10.0501,10.06,10.05,10.06,2680.0,10.0501,0.0,10.06,10.05,10.06,1.0,2680.0
2016-03-29,10.05,10.1,10.0378,10.08,30804.0,10.05,0.0,10.1,10.0378,10.08,1.0,30804.0
2016-03-28,10.04,10.04,10.03,10.03,20100.0,10.04,0.0,10.04,10.03,10.03,1.0,20100.0
2016-03-24,9.99,10.03,9.98,10.03,51079.0,9.99,0.0,10.03,9.98,10.03,1.0,51079.0
2016-03-23,9.99,10.04,9.98,9.9801,5530.0,9.99,0.0,10.04,9.98,9.9801,1.0,5530.0
2016-03-22,10.02,10.03,10.02,10.0296,2315.0,10.02,0.0,10.03,10.02,10.0296,1.0,2315.0
2016-03-21,9.98,10.0299,9.98,9.98,44389.0,9.98,0.0,10.0299,9.98,9.98,1.0,44389.0
2016-03-18,9.98,10.042,9.98,10.042,7069.0,9.98,0.0,10.042,9.98,10.042,1.0,7069.0
2016-03-17,9.99,10.079,9.99,9.99,2348.0,9.99,0.0,10.079,9.99,9.99,1.0,2348.0
2016-03-16,9.99,10.0,9.97,9.98,40022.0,9.99,0.0,10.0,9.97,9.98,1.0,40022.0
2016-03-15,9.98,10.0,9.97,10.0,31484.0,9.98,0.0,10.0,9.97,10.0,1.0,31484.0
2016-03-14,10.0,10.0299,9.96,10.02,119359.0,10.0,0.0,10.0299,9.96,10.02,1.0,119359.0
2016-03-11,10.0,10.07,10.0,10.0,864446.0,10.0,0.0,10.07,10.0,10.0,1.0,864446.0
