,adj_close,adj_high,adj_low,adj_open,adj_volume,close,ex_dividend,high,low,open,split_ratio,volume
2017-02-10,20.21,20.7,19.928,20.42,426179.0,20.21,0.0,20.7,19.928,20.42,1.0,426179.0
2017-02-09,20.48,20.85,20.4,20.49,201734.0,20.48,0.0,20.85,20.4,20.49,1.0,201734.0
2017-02-08,20.53,20.665,20.3,20.63,173538.0,20.53,0.0,20.665,20.3,20.63,1.0,173538.0
2017-02-07,20.66,20.98,20.47,20.62,161172.0,20.66,0.0,20.98,20.47,20.62,1.0,161172.0
2017-02-06,20.53,20.97,20.28,20.82,248369.0,20.53,0.0,20.97,20.28,20.82,1.0,248369.0
2017-02-03,20.9,21.0,20.64,20.81,176879.0,20.9,0.0,21.0,20.64,20.81,1.0,176879.0
2017-02-02,20.7,20.8,20.28,20.6,224886.0,20.7,0.0,20.8,20.28,20.6,1.0,224886.0
2017-02-01,20.66,20.88,20.22,20.24,345496.0,20.66,0.0,20.88,20.22,20.24,1.0,345496.0
2017-01-31,20.32,20.41,19.96,20.0,480440.0,20.32,0.0,20.41,19.96,20.0,1.0,480440.0
2017-01-30,20.01,20.51,19.93,20.51,464739.0,20.01,0.0,20.51,19.93,20.51,1.0,464739.0
2017-01-27,20.51,20.87,20.11,20.25,1739495.0,20.51,0.0,20.87,20.11,20.25,1.0,1739495.0
2017-01-26,21.28,21.645,21.05,21.62,221679.0,21.28,0.0,21.645,21.05,21.62,1.0,221679.0
2017-01-25,21.59,22.66,21.58,21.92,213795.0,21.59,0.0,22.66,21.58,21.92,1.0,213795.0
2017-01-24,21.76,21.81,21.28,21.52,238320.0,21.76,0.0,21.81,21.28,21.52,1.0,238320.0
2017-01-23,21.49,22.1,21.2,21.63,234136.0,21.49,0.0,22.1,21.2,21.63,1.0,234136.0
2017-01-20,21.69,21.8528,21.15,21.44,233528.0,21.69,0.0,21.8528,21.15,21.44,1.0,233528.0
2017-01-19,21.44,21.62,21.19,21.62,230727.0,21.44,0.0,21.62,21.19,21.62,1.0,230727.0
2017-01-18,21.61,22.09,21.4,21.78,284657.0,21.61,0.0,22.09,21.4,21.78,1.0,284657.0
2017-01-17,21.77,22.47,21.57,22.2,282500.0,21.77,0.0,22.47,21.57,22.2,1.0,282500.0
2017-01-13,22.29,22.53,22.18,22.23,256889.0,22.29,0.0,22.53,22.18,22.23,1.0,256889.0
2017-01-12,22.16,22.48,21.43,21.89,273814.0,22.16,0.0,22.48,21.43,21.89,1.0,273814.0
2017-01-11,21.94,22.53,21.67,22.5,283568.0,21.94,0.0,22.53,21.67,22.5,1.0,283568.0
2017-01-10,22.54,23.1,21.94,22.0,1025260.0,22.54,0.0,23.1,21.94,22.0,1.0,1025260.0
2017-01-09,21.2,21.33,20.6,20.67,252186.0,21.2,0.0,21.33,20.6,20.67,1.0,252186.0
2017-01-06,20.72,20.84,20.55,20.66,216347.0,20.72,0.0,20.84,20.55,20.66,1.0,216347.0
2017-01-05,20.51,20.685,20.315,20.46,230435.0,20.51,0.0,20.685,20.315,20.46,1.0,230435.0
2017-01-04,20.51,20.62,20.2,20.4,264036.0,20.51,0.0,20.62,20.2,20.4,1.0,264036.0
2017-01-03,20.34,20.54,20.13,20.27,258292.0,20.34,0.0,20.54,20.13,20.27,1.0,258292.0
2016-12-30,20.04,20.54,19.87,20.3,173645.0,20.04,0.0,20.54,19.87,20.3,1.0,173645.0
2016-12-29,20.32,20.61,20.21,20.5,89217.0,20.32,0.0,20.61,20.21,20.5,1.0,89217.0
2016-12-28,20.4,20.82,20.3,20.82,111514.0,20.4,0.0,20.82,20.3,20.82,1.0,111514.0
2016-12-27,20.68,20.87,19.19,20.79,165301.0,20.68,0.0,20.87,19.19,20.79,1.0,165301.0
2016-12-23,20.61,20.64,19.71,19.93,226461.0,20.61,0.0,20.64,19.71,19.93,1.0,226461.0
2016-12-22,19.97,20.32,19.548,19.79,212793.0,19.97,0.0,20.32,19.548,19.79,1.0,212793.0
2016-12-21,19.82,20.22,19.79,20.16,84419.0,19.82,0.0,20.22,19.79,20.16,1.0,84419.0
2016-12-20,20.12,20.19,19.59,19.94,129165.0,20.12,0.0,20.19,19.59,19.94,1.0,129165.0
2016-12-19,19.88,20.27,19.71,19.91,183571.0,19.88,0.0,20.27,19.71,19.91,1.0,183571.0
2016-12-16,19.89,20.17,19.68,20.11,468943.0,19.89,0.0,20.17,19.68,20.11,1.0,468943.0
2016-12-15,20.02,20.09,19.46,19.8,273848.0,20.02,0.0,20.09,19.46,19.8,1.0,273848.0
2016-12-14,19.81,20.38,19.75,20.02,169091.0,19.81,0.0,20.38,19.75,20.02,1.0,169091.0
2016-12-13,20.01,20.395,19.78,20.19,274010.0,20.01,0.0,20.395,19.78,20.19,1.0,274010.0
2016-12-12,20.13,20.91,20.09,20.81,216318.0,20.13,0.0,20.91,20.09,20.81,1.0,216318.0
2016-12-09,20.66,21.04,20.08,20.77,288929.0,20.66,0.0,21.04,20.08,20.77,1.0,288929.0
2016-12-08,20.6,21.02,20.46,20.73,274408.0,20.6,0.0,21.02,20.46,20.73,1.0,274408.0
2016-12-07,20.79,21.1,20.231,20.66,293456.0,20.79,0.0,21.1,20.231,20.66,1.0,293456.0
2016-12-06,20.66,20.77,20.1,20.46,393839.0,20.66,0.0,20.77,20.1,20.46,1.0,393839.0
2016-12-05,20.27,20.39,19.74,19.94,606330.0,20.27,0.0,20.39,19.74,19.94,1.0,606330.0
2016-12-02,19.68,19.69,19.0,19.11,414530.0,19.68,0.0,19.69,19.0,19.11,1.0,414530.0
2016-12-01,19.03,19.04,18.43,18.98,389593.0,19.03,0.0,19.04,18.43,18.98,1.0,389593.0
2016-11-30,18.8,18.89,18.471,18.85,351838.0,18.8,0.0,18.89,18.471,18.85,1.0,351838.0
2016-11-29,18.69,19.38,18.62,19.22,291177.0,18.69,0.0,19.38,18.62,19.22,1.0,291177.0
2016-11-28,19.15,19.17,18.69,19.05,372450.0,19.15,0.0,19.17,18.69,19.05,1.0,372450.0
2016-11-25,19.05,19.54,19.05,19.46,436508.0,19.05,0.0,19.54,19.05,19.46,1.0,436508.0
2016-11-23,19.49,19.61,18.71,18.82,399263.0,19.49,0.0,19.61,18.71,18.82,1.0,399263.0
2016-11-22,19.03,19.1,18.42,18.86,390922.0,19.03,0.0,19.1,18.42,18.86,1.0,390922.0
2016-11-21,18.84,19.45,18.32,19.04,469146.0,18.84,0.0,19.45,18.32,19.04,1.0,469146.0
2016-11-18,18.88,19.0224,18.48,18.7,418864.0,18.88,0.0,19.0224,18.48,18.7,1.0,418864.0
2016-11-17,18.61,18.71,18.09,18.33,428205.0,18.61,0.0,18.71,18.09,18.33,1.0,428205.0
2016-11-16,18.19,18.4799,18.021,18.32,289612.0,18.19,0.0,18.4799,18.021,18.32,1.0,289612.0
2016-11-15,18.41,18.57,18.1,18.34,563341.0,18.41,0.0,18.57,18.1,18.34,1.0,563341.0
2016-11-14,18.29,18.74,18.25,18.71,629869.0,18.29,0.0,18.74,18.25,18.71,1.0,629869.0
2016-11-11,18.52,18.79,17.9,18.05,1918573.0,18.52,0.0,18.79,17.9,18.05,1.0,1918573.0
2016-11-10,19.51,19.58,18.98,19.46,313532.0,19.51,0.0,19.58,18.98,19.46,1.0,313532.0
2016-11-09,19.15,19.43,18.2999,19.31,400442.0,19.15,0.0,19.43,18.2999,19.31,1.0,400442.0
2016-11-08,19.37,19.7,18.71,18.81,264611.0,19.37,0.0,19.7,18.71,18.81,1.0,264611.0
2016-11-07,19.03,19.14,18.1,18.4,670890.0,19.03,0.0,19.14,18.1,18.4,1.0,670890.0
2016-11-04,18.01,18.35,17.89,17.96,421291.0,18.01,0.0,18.35,17.89,17.96,1.0,421291.0
2016-11-03,17.88,18.59,17.2,17.52,1078969.0,17.88,0.0,18.59,17.2,17.52,1.0,1078969.0
2016-11-02,16.82,17.64,16.39,17.32,801000.0,16.82,0.0,17.64,16.39,17.32,1.0,801000.0
2016-11-01,17.48,17.67,17.11,17.2,304237.0,17.48,0.0,17.67,17.11,17.2,1.0,304237.0
2016-10-31,17.07,17.33,16.4,16.92,373812.0,17.07,0.0,17.33,16.4,16.92,1.0,373812.0
2016-10-28,16.96,17.11,16.32,16.39,441066.0,16.96,0.0,17.11,16.32,16.39,1.0,441066.0
2016-10-27,16.39,17.79,16.33,17.79,561522.0,16.39,0.0,17.79,16.33,17.79,1.0,561522.0
2016-10-26,17.6,18.44,17.53,18.42,518581.0,17.6,0.0,18.44,17.53,18.42,1.0,518581.0
2016-10-25,18.74,19.05,18.52,18.92,156779.0,18.74,0.0,19.05,18.52,18.92,1.0,156779.0
2016-10-24,18.92,19.28,18.74,19.13,179404.0,18.92,0.0,19.28,18.74,19.13,1.0,179404.0
2016-10-21,18.99,19.06,18.355,18.61,183305.0,18.99,0.0,19.06,18.355,18.61,1.0,183305.0
2016-10-20,18.81,18.93,18.43,18.45,174485.0,18.81,0.0,18.93,18.43,18.45,1.0,174485.0
2016-10-19,18.5,18.63,18.39,18.55,220635.0,18.5,0.0,18.63,18.39,18.55,1.0,220635.0
2016-10-18,18.48,18.68,18.31,18.55,154118.0,18.48,0.0,18.68,18.31,18.55,1.0,154118.0
2016-10-17,18.34,18.74,18.1,18.25,296213.0,18.34,0.0,18.74,18.1,18.25,1.0,296213.0
2016-10-14,18.29,18.33,17.99,18.29,152987.0,18.29,0.0,18.33,17.99,18.29,1.0,152987.0
2016-10-13,18.2,18.34,18.01,18.05,151381.0,18.2,0.0,18.34,18.01,18.05,1.0,151381.0
2016-10-12,18.28,18.79,18.21,18.65,179996.0,18.28,0.0,18.79,18.21,18.65,1.0,179996.0
2016-10-11,18.57,19.23,18.4,19.01,462829.0,18.57,0.0,19.23,18.4,19.01,1.0,462829.0
2016-10-10,19.13,19.76,18.48,18.5,626724.0,19.13,0.0,19.76,18.48,18.5,1.0,626724.0
2016-10-07,18.4,18.54,18.05,18.2,150070.0,18.4,0.0,18.54,18.05,18.2,1.0,150070.0
2016-10-06,18.15,18.57,17.98,18.56,163168.0,18.15,0.0,18.57,17.98,18.56,1.0,163168.0
2016-10-05,18.57,18.705,17.98,18.13,281801.0,18.57,0.0,18.705,17.98,18.13,1.0,281801.0
2016-10-04,18.0,18.22,17.91,18.1,190331.0,18.0,0.0,18.22,17.91,18.1,1.0,190331.0
2016-10-03,18.02,18.04,17.54,17.81,119651.0,18.02,0.0,18.04,17.54,17.81,1.0,119651.0
2016-09-30,17.78,17.93,17.33,17.34,129857.0,17.78,0.0,17.93,17.33,17.34,1.0,129857.0
2016-09-29,17.3,17.88,17.01,17.74,233607.0,17.3,0.0,17.88,17.01,17.74,1.0,233607.0
2016-09-28,17.7,18.16,17.67,17.91,328506.0,17.7,0.0,18.16,17.67,17.91,1.0,328506.0
2016-09-27,17.81,17.95,17.02,17.03,534003.0,17.81,0.0,17.95,17.02,17.03,1.0,534003.0
2016-09-26,17.02,17.36,16.67,17.36,145252.0,17.02,0.0,17.36,16.67,17.36,1.0,145252.0
2016-09-23,17.28,17.74,17.23,17.55,127068.0,17.28,0.0,17.74,17.23,17.55,1.0,127068.0
2016-09-22,17.52,17.72,16.77,17.05,388806.0,17.52,0.0,17.72,16.77,17.05,1.0,388806.0
2016-09-21,17.01,17.3,16.55,17.28,447127.0,17.01,0.0,17.3,16.55,17.28,1.0,447127.0
2016-09-20,17.11,17.29,17.01,17.16,224448.0,17.11,0.0,17.29,17.01,17.16,1.0,224448.0
2016-09-19,17.02,17.36,16.98,17.35,163437.0,17.02,0.0,17.36,16.98,17.35,1.0,163437.0
2016-09-16,17.29,17.3,17.03,17.29,458850.0,17.29,0.0,17.3,17.03,17.29,1.0,458850.0
2016-09-15,17.17,17.34,16.34,16.48,266085.0,17.17,0.0,17.34,16.34,16.48,1.0,266085.0
2016-09-14,16.42,16.81,16.23,16.43,266403.0,16.42,0.0,16.81,16.23,16.43,1.0,266403.0
2016-09-13,16.52,16.735,16.41,16.57,200991.0,16.52,0.0,16.735,16.41,16.57,1.0,200991.0
2016-09-12,16.79,16.8,16.37,16.38,140735.0,16.79,0.0,16.8,16.37,16.38,1.0,140735.0
2016-09-09,16.43,17.01,16.41,16.91,281660.0,16.43,0.0,17.01,16.41,16.91,1.0,281660.0
2016-09-08,17.12,17.15,16.54,16.62,249005.0,17.12,0.0,17.15,16.54,16.62,1.0,249005.0
2016-09-07,16.59,16.79,16.46,16.48,126134.0,16.59,0.0,16.79,16.46,16.48,1.0,126134.0
2016-09-06,16.5,16.57,15.93,15.93,205488.0,16.5,0.0,16.57,15.93,15.93,1.0,205488.0
2016-09-02,16.0,16.195,15.85,16.19,130237.0,16.0,0.0,16.195,15.85,16.19,1.0,130237.0
2016-09-01,16.04,16.0599,15.7,16.05,140349.0,16.04,0.0,16.0599,15.7,16.05,1.0,140349.0
2016-08-31,15.92,16.18,15.83,16.14,139474.0,15.92,0.0,16.18,15.83,16.14,1.0,139474.0
2016-08-30,16.09,16.35,16.06,16.24,116058.0,16.09,0.0,16.35,16.06,16.24,1.0,116058.0
2016-08-29,16.18,16.29,15.85,16.0,262282.0,16.18,0.0,16.29,15.85,16.0,1.0,262282.0
2016-08-26,15.96,16.21,15.6,15.67,299693.0,15.96,0.0,16.21,15.6,15.67,1.0,299693.0
2016-08-25,15.7,15.8537,15.45,15.77,398793.0,15.7,0.0,15.8537,15.45,15.77,1.0,398793.0
2016-08-24,15.7,16.48,15.46,16.34,786681.0,15.7,0.0,16.48,15.46,16.34,1.0,786681.0
2016-08-23,16.4,16.96,16.39,16.86,375627.0,16.4,0.0,16.96,16.39,16.86,1.0,375627.0
2016-08-22,16.77,16.79,16.49,16.65,156098.0,16.77,0.0,16.79,16.49,16.65,1.0,156098.0
2016-08-19,16.69,17.105,16.6,16.95,293931.0,16.69,0.0,17.105,16.6,16.95,1.0,293931.0
2016-08-18,16.97,17.32,16.87,17.01,93914.0,16.97,0.0,17.32,16.87,17.01,1.0,93914.0
2016-08-17,17.05,17.11,16.535,16.73,222125.0,17.05,0.0,17.11,16.535,16.73,1.0,222125.0
2016-08-16,16.77,17.0299,16.55,16.74,230902.0,16.77,0.0,17.0299,16.55,16.74,1.0,230902.0
2016-08-15,16.87,17.07,16.64,16.71,192625.0,16.87,0.0,17.07,16.64,16.71,1.0,192625.0
2016-08-12,16.61,16.62,16.26,16.44,130721.0,16.61,0.0,16.62,16.26,16.44,1.0,130721.0
2016-08-11,16.54,16.63,16.16,16.49,148184.0,16.54,0.0,16.63,16.16,16.49,1.0,148184.0
2016-08-10,16.5,17.17,16.46,17.17,150845.0,16.5,0.0,17.17,16.46,17.17,1.0,150845.0
2016-08-09,17.03,17.12,16.75,16.84,316245.0,17.03,0.0,17.12,16.75,16.84,1.0,316245.0
2016-08-08,16.75,17.815,16.14,16.87,508227.0,16.75,0.0,17.815,16.14,16.87,1.0,508227.0
2016-08-05,16.81,17.52,16.73,17.36,272524.0,16.81,0.0,17.52,16.73,17.36,1.0,272524.0
2016-08-04,17.34,18.0695,16.4039,16.82,521533.0,17.34,0.0,18.0695,16.4039,16.82,1.0,521533.0
2016-08-03,16.99,17.04,16.2,16.32,481743.0,16.99,0.0,17.04,16.2,16.32,1.0,481743.0
2016-08-02,16.4,17.18,16.19,16.66,187518.0,16.4,0.0,17.18,16.19,16.66,1.0,187518.0
2016-08-01,16.62,16.92,16.16,16.77,160051.0,16.62,0.0,16.92,16.16,16.77,1.0,160051.0
2016-07-29,16.76,16.98,16.47,16.73,391461.0,16.76,0.0,16.98,16.47,16.73,1.0,391461.0
2016-07-28,16.81,16.95,16.48,16.84,418785.0,16.81,0.0,16.95,16.48,16.84,1.0,418785.0
2016-07-27,16.78,17.13,16.74,17.13,408798.0,16.78,0.0,17.13,16.74,17.13,1.0,408798.0
2016-07-26,17.22,17.3,16.8,17.05,188462.0,17.22,0.0,17.3,16.8,17.05,1.0,188462.0
2016-07-25,17.02,17.615,16.73,17.18,343330.0,17.02,0.0,17.615,16.73,17.18,1.0,343330.0
2016-07-22,17.21,17.66,16.84,17.14,245743.0,17.21,0.0,17.66,16.84,17.14,1.0,245743.0
2016-07-21,17.22,17.73,17.1,17.56,138371.0,17.22,0.0,17.73,17.1,17.56,1.0,138371.0
2016-07-20,17.49,17.71,16.91,17.07,214923.0,17.49,0.0,17.71,16.91,17.07,1.0,214923.0
2016-07-19,17.25,18.13,17.16,17.4,401518.0,17.25,0.0,18.13,17.16,17.4,1.0,401518.0
2016-07-18,17.17,17.23,16.87,17.21,167065.0,17.17,0.0,17.23,16.87,17.21,1.0,167065.0
2016-07-15,17.16,17.18,16.74,17.14,232495.0,17.16,0.0,17.18,16.74,17.14,1.0,232495.0
2016-07-14,16.99,17.2,16.68,17.2,522778.0,16.99,0.0,17.2,16.68,17.2,1.0,522778.0
2016-07-13,17.06,17.31,16.84,17.05,348274.0,17.06,0.0,17.31,16.84,17.05,1.0,348274.0
2016-07-12,16.89,17.23,16.82,17.19,425317.0,16.89,0.0,17.23,16.82,17.19,1.0,425317.0
2016-07-11,17.07,17.23,16.33,16.96,513332.0,17.07,0.0,17.23,16.33,16.96,1.0,513332.0
2016-07-08,16.77,16.93,16.22,16.52,400012.0,16.77,0.0,16.93,16.22,16.52,1.0,400012.0
2016-07-07,16.42,16.74,16.03,16.25,424922.0,16.42,0.0,16.74,16.03,16.25,1.0,424922.0
2016-07-06,16.19,16.74,15.57,15.73,643067.0,16.19,0.0,16.74,15.57,15.73,1.0,643067.0
2016-07-05,15.78,15.9,15.5,15.69,179159.0,15.78,0.0,15.9,15.5,15.69,1.0,179159.0
2016-07-01,15.86,15.91,15.39,15.45,147275.0,15.86,0.0,15.91,15.39,15.45,1.0,147275.0
2016-06-30,15.52,15.95,15.21,15.79,331883.0,15.52,0.0,15.95,15.21,15.79,1.0,331883.0
2016-06-29,15.66,15.7,14.92,15.13,229225.0,15.66,0.0,15.7,14.92,15.13,1.0,229225.0
2016-06-28,14.92,15.34,14.79,14.96,286814.0,14.92,0.0,15.34,14.79,14.96,1.0,286814.0
2016-06-27,14.74,15.41,14.49,14.94,451418.0,14.74,0.0,15.41,14.49,14.94,1.0,451418.0
2016-06-24,15.05,15.3,14.8,15.0,1460015.0,15.05,0.0,15.3,14.8,15.0,1.0,1460015.0
2016-06-23,15.66,15.66,14.99,15.33,388227.0,15.66,0.0,15.66,14.99,15.33,1.0,388227.0
2016-06-22,15.07,15.97,14.925,15.85,494162.0,15.07,0.0,15.97,14.925,15.85,1.0,494162.0
2016-06-21,15.85,15.87,14.76,15.24,719845.0,15.85,0.0,15.87,14.76,15.24,1.0,719845.0
2016-06-20,15.26,15.43,14.79,15.03,226342.0,15.26,0.0,15.43,14.79,15.03,1.0,226342.0
2016-06-17,14.89,15.02,14.57,14.7,516313.0,14.89,0.0,15.02,14.57,14.7,1.0,516313.0
2016-06-16,14.78,14.94,14.12,14.34,258812.0,14.78,0.0,14.94,14.12,14.34,1.0,258812.0
2016-06-15,14.48,14.85,14.16,14.46,312211.0,14.48,0.0,14.85,14.16,14.46,1.0,312211.0
2016-06-14,14.38,15.02,14.04,14.7,327484.0,14.38,0.0,15.02,14.04,14.7,1.0,327484.0
2016-06-13,14.74,15.08,14.44,14.72,356137.0,14.74,0.0,15.08,14.44,14.72,1.0,356137.0
2016-06-10,14.82,15.57,14.31,15.57,602763.0,14.82,0.0,15.57,14.31,15.57,1.0,602763.0
2016-06-09,15.65,16.2,15.4,15.48,795984.0,15.65,0.0,16.2,15.4,15.48,1.0,795984.0
2016-06-08,15.61,15.67,14.71,14.98,387143.0,15.61,0.0,15.67,14.71,14.98,1.0,387143.0
2016-06-07,14.84,15.22,14.3,14.69,831062.0,14.84,0.0,15.22,14.3,14.69,1.0,831062.0
2016-06-06,14.2,14.29,13.67,13.8,561388.0,14.2,0.0,14.29,13.67,13.8,1.0,561388.0
2016-06-03,13.81,13.89,13.63,13.8,301190.0,13.81,0.0,13.89,13.63,13.8,1.0,301190.0
2016-06-02,13.77,13.85,13.19,13.26,312339.0,13.77,0.0,13.85,13.19,13.26,1.0,312339.0
2016-06-01,13.29,13.34,12.45,12.49,599781.0,13.29,0.0,13.34,12.45,12.49,1.0,599781.0
2016-05-31,12.5,12.73,12.43,12.73,234358.0,12.5,0.0,12.73,12.43,12.73,1.0,234358.0
2016-05-27,12.52,12.56,12.03,12.18,284924.0,12.52,0.0,12.56,12.03,12.18,1.0,284924.0
2016-05-26,12.23,12.29,11.7,12.14,333075.0,12.23,0.0,12.29,11.7,12.14,1.0,333075.0
2016-05-25,12.2,12.26,11.51,11.77,395221.0,12.2,0.0,12.26,11.51,11.77,1.0,395221.0
2016-05-24,11.68,11.9,11.49,11.67,272747.0,11.68,0.0,11.9,11.49,11.67,1.0,272747.0
2016-05-23,11.62,11.87,11.12,11.29,523499.0,11.62,0.0,11.87,11.12,11.29,1.0,523499.0
2016-05-20,10.69,10.7,10.29,10.46,221438.0,10.69,0.0,10.7,10.29,10.46,1.0,221438.0
2016-05-19,10.36,10.74,10.31,10.74,199971.0,10.36,0.0,10.74,10.31,10.74,1.0,199971.0
2016-05-18,10.69,10.96,10.52,10.67,363091.0,10.69,0.0,10.96,10.52,10.67,1.0,363091.0
2016-05-17,10.73,11.2,10.34,10.44,514388.0,10.73,0.0,11.2,10.34,10.44,1.0,514388.0
2016-05-16,10.46,10.575,10.1,10.28,516343.0,10.46,0.0,10.575,10.1,10.28,1.0,516343.0
2016-05-13,10.3,10.63,10.3,10.48,298333.0,10.3,0.0,10.63,10.3,10.48,1.0,298333.0
2016-05-12,10.51,10.74,10.33,10.74,342762.0,10.51,0.0,10.74,10.33,10.74,1.0,342762.0
2016-05-11,10.66,10.78,10.43,10.73,310730.0,10.66,0.0,10.78,10.43,10.73,1.0,310730.0
2016-05-10,10.805,11.44,10.67,11.33,458221.0,10.805,0.0,11.44,10.67,11.33,1.0,458221.0
2016-05-09,11.31,11.72,11.3,11.65,397838.0,11.31,0.0,11.72,11.3,11.65,1.0,397838.0
2016-05-06,11.53,11.9299,11.4,11.45,624088.0,11.53,0.0,11.9299,11.4,11.45,1.0,624088.0
2016-05-05,11.18,11.49,10.52,10.55,655798.0,11.18,0.0,11.49,10.52,10.55,1.0,655798.0
2016-05-04,10.54,11.6,10.51,11.26,906125.0,10.54,0.0,11.6,10.51,11.26,1.0,906125.0
2016-05-03,11.42,12.5,10.9125,12.5,4160761.0,11.42,0.0,12.5,10.9125,12.5,1.0,4160761.0
2016-05-02,15.87,16.41,15.71,16.41,328560.0,15.87,0.0,16.41,15.71,16.41,1.0,328560.0
2016-04-29,16.26,16.44,15.67,16.43,202362.0,16.26,0.0,16.44,15.67,16.43,1.0,202362.0
2016-04-28,16.45,17.56,16.41,16.76,362817.0,16.45,0.0,17.56,16.41,16.76,1.0,362817.0
2016-04-27,16.75,17.74,15.02,16.68,241988.0,16.75,0.0,17.74,15.02,16.68,1.0,241988.0
2016-04-26,16.59,16.85,16.0,16.28,226524.0,16.59,0.0,16.85,16.0,16.28,1.0,226524.0
2016-04-25,16.21,16.49,16.07,16.35,110523.0,16.21,0.0,16.49,16.07,16.35,1.0,110523.0
2016-04-22,16.24,16.51,15.89,16.29,107079.0,16.24,0.0,16.51,15.89,16.29,1.0,107079.0
2016-04-21,16.24,16.6,16.22,16.25,113109.0,16.24,0.0,16.6,16.22,16.25,1.0,113109.0
2016-04-20,16.26,16.52,16.04,16.22,122665.0,16.26,0.0,16.52,16.04,16.22,1.0,122665.0
2016-04-19,16.14,16.41,15.87,16.26,141312.0,16.14,0.0,16.41,15.87,16.26,1.0,141312.0
2016-04-18,16.31,16.465,15.84,15.89,110487.0,16.31,0.0,16.465,15.84,15.89,1.0,110487.0
2016-04-15,15.87,16.06,15.44,15.69,100921.0,15.87,0.0,16.06,15.44,15.69,1.0,100921.0
2016-04-14,15.67,15.98,15.43,15.75,85856.0,15.67,0.0,15.98,15.43,15.75,1.0,85856.0
2016-04-13,15.7,15.8,15.09,15.38,121645.0,15.7,0.0,15.8,15.09,15.38,1.0,121645.0
2016-04-12,15.19,15.4699,14.92,15.24,102405.0,15.19,0.0,15.4699,14.92,15.24,1.0,102405.0
2016-04-11,15.23,15.9,15.2,15.87,161494.0,15.23,0.0,15.9,15.2,15.87,1.0,161494.0
2016-04-08,15.77,16.42,15.55,16.42,130050.0,15.77,0.0,16.42,15.55,16.42,1.0,130050.0
2016-04-07,15.94,16.46,15.82,15.93,204058.0,15.94,0.0,16.46,15.82,15.93,1.0,204058.0
2016-04-06,16.13,16.35,15.64,15.64,308786.0,16.13,0.0,16.35,15.64,15.64,1.0,308786.0
2016-04-05,15.57,15.88,15.35,15.52,222412.0,15.57,0.0,15.88,15.35,15.52,1.0,222412.0
2016-04-04,15.7,15.99,15.52,15.61,199664.0,15.7,0.0,15.99,15.52,15.61,1.0,199664.0
2016-04-01,15.6,15.9,14.84,14.89,189001.0,15.6,0.0,15.9,14.84,14.89,1.0,189001.0
2016-03-31,14.83,15.0,14.5,14.9,260045.0,14.83,0.0,15.0,14.5,14.9,1.0,260045.0
2016-03-30,14.96,15.07,13.28,13.5,485785.0,14.96,0.0,15.07,13.28,13.5,1.0,485785.0
2016-03-29,13.06,13.28,12.6839,12.72,368695.0,13.06,0.0,13.28,12.6839,12.72,1.0,368695.0
2016-03-28,12.79,12.98,12.61,12.98,108412.0,12.79,0.0,12.98,12.61,12.98,1.0,108412.0
2016-03-24,12.85,13.165,12.69,12.97,130065.0,12.85,0.0,13.165,12.69,12.97,1.0,130065.0
2016-03-23,13.06,13.43,12.91,13.37,201417.0,13.06,0.0,13.43,12.91,13.37,1.0,201417.0
2016-03-22,13.46,13.595,13.07,13.2,119784.0,13.46,0.0,13.595,13.07,13.2,1.0,119784.0
2016-03-21,13.33,13.445,12.78,12.83,138222.0,13.33,0.0,13.445,12.78,12.83,1.0,138222.0
2016-03-18,12.82,12.98,12.51,12.64,425067.0,12.82,0.0,12.98,12.51,12.64,1.0,425067.0
2016-03-17,12.54,12.93,12.19,12.93,353401.0,12.54,0.0,12.93,12.19,12.93,1.0,353401.0
2016-03-16,12.98,13.6999,12.6,13.53,240427.0,12.98,0.0,13.6999,12.6,13.53,1.0,240427.0
2016-03-15,13.58,14.71,13.555,14.71,324188.0,13.58,0.0,14.71,13.555,14.71,1.0,324188.0
2016-03-14,14.73,14.845,13.925,14.07,334290.0,14.73,0.0,14.845,13.925,14.07,1.0,334290.0
2016-03-11,14.07,14.14,13.47,13.55,196267.0,14.07,0.0,14.14,13.47,13.55,1.0,196267.0
2016-03-10,13.45,13.51,13.0,13.1,259341.0,13.45,0.0,13.51,13.0,13.1,1.0,259341.0
2016-03-09,13.06,13.2,12.75,12.99,235701.0,13.06,0.0,13.2,12.75,12.99,1.0,235701.0
2016-03-08,12.95,13.49,12.9,13.27,342103.0,12.95,0.0,13.49,12.9,13.27,1.0,342103.0
2016-03-07,13.3,13.38,12.06,12.51,439443.0,13.3,0.0,13.38,12.06,12.51,1.0,439443.0
2016-03-04,12.49,12.6,11.15,12.11,1409316.0,12.49,0.0,12.6,11.15,12.11,1.0,1409316.0
2016-03-03,12.76,12.82,12.08,12.19,220914.0,12.76,0.0,12.82,12.08,12.19,1.0,220914.0
2016-03-02,12.24,12.56,11.695,12.23,152376.0,12.24,0.0,12.56,11.695,12.23,1.0,152376.0
2016-03-01,12.3,12.38,11.68,11.92,163040.0,12.3,0.0,12.38,11.68,11.92,1.0,163040.0
2016-02-29,11.84,12.9289,11.82,12.68,228187.0,11.84,0.0,12.9289,11.82,12.68,1.0,228187.0
2016-02-26,12.74,12.8,11.975,12.26,106162.0,12.74,0.0,12.8,11.975,12.26,1.0,106162.0
2016-02-25,12.22,12.66,11.65,12.5,133982.0,12.22,0.0,12.66,11.65,12.5,1.0,133982.0
2016-02-24,12.51,13.57,11.555,12.3,186175.0,12.51,0.0,13.57,11.555,12.3,1.0,186175.0
2016-02-23,12.41,12.99,12.39,12.79,127562.0,12.41,0.0,12.99,12.39,12.79,1.0,127562.0
2016-02-22,12.8,13.31,12.7,13.31,156683.0,12.8,0.0,13.31,12.7,13.31,1.0,156683.0
2016-02-19,13.21,13.51,12.78,12.93,207458.0,13.21,0.0,13.51,12.78,12.93,1.0,207458.0
2016-02-18,13.01,13.67,12.94,13.39,204742.0,13.01,0.0,13.67,12.94,13.39,1.0,204742.0
2016-02-17,13.08,13.26,12.12,12.34,292459.0,13.08,0.0,13.26,12.12,12.34,1.0,292459.0
2016-02-16,12.27,12.39,11.8,12.36,135803.0,12.27,0.0,12.39,11.8,12.36,1.0,135803.0
2016-02-12,11.88,12.05,11.51,11.86,141431.0,11.88,0.0,12.05,11.51,11.86,1.0,141431.0
2016-02-11,11.72,11.905,11.46,11.72,161890.0,11.72,0.0,11.905,11.46,11.72,1.0,161890.0
2016-02-10,11.9,12.69,11.88,12.08,247056.0,11.9,0.0,12.69,11.88,12.08,1.0,247056.0
2016-02-09,11.96,12.49,11.81,11.94,94406.0,11.96,0.0,12.49,11.81,11.94,1.0,94406.0
2016-02-08,12.14,12.5,11.98,12.5,202408.0,12.14,0.0,12.5,11.98,12.5,1.0,202408.0
2016-02-05,12.59,12.89,12.31,12.89,122480.0,12.59,0.0,12.89,12.31,12.89,1.0,122480.0
2016-02-04,12.98,13.21,12.55,12.9,197029.0,12.98,0.0,13.21,12.55,12.9,1.0,197029.0
2016-02-03,12.83,13.44,12.4,13.02,197757.0,12.83,0.0,13.44,12.4,13.02,1.0,197757.0
2016-02-02,12.99,13.64,12.96,13.57,141208.0,12.99,0.0,13.64,12.96,13.57,1.0,141208.0
2016-02-01,13.76,14.2,13.63,14.13,130549.0,13.76,0.0,14.2,13.63,14.13,1.0,130549.0
2016-01-29,14.21,14.25,13.23,13.23,226496.0,14.21,0.0,14.25,13.23,13.23,1.0,226496.0
2016-01-28,13.23,14.03,13.21,14.03,144373.0,13.23,0.0,14.03,13.21,14.03,1.0,144373.0
2016-01-27,13.9,14.28,13.76,14.08,117589.0,13.9,0.0,14.28,13.76,14.08,1.0,117589.0
2016-01-26,14.08,14.53,14.01,14.46,84081.0,14.08,0.0,14.53,14.01,14.46,1.0,84081.0
2016-01-25,14.43,15.54,14.06,14.06,175704.0,14.43,0.0,15.54,14.06,14.06,1.0,175704.0
2016-01-22,14.15,14.8,13.48,14.1,355471.0,14.15,0.0,14.8,13.48,14.1,1.0,355471.0
2016-01-21,13.74,14.29,13.64,13.94,280206.0,13.74,0.0,14.29,13.64,13.94,1.0,280206.0
2016-01-20,13.96,14.4,13.27,14.34,247446.0,13.96,0.0,14.4,13.27,14.34,1.0,247446.0
2016-01-19,14.53,14.835,14.27,14.7,142218.0,14.53,0.0,14.835,14.27,14.7,1.0,142218.0
2016-01-15,14.47,14.73,13.82,14.29,245349.0,14.47,0.0,14.73,13.82,14.29,1.0,245349.0
2016-01-14,14.72,15.43,14.57,14.74,297081.0,14.72,0.0,15.43,14.57,14.74,1.0,297081.0
2016-01-13,14.57,16.27,14.39,15.78,292875.0,14.57,0.0,16.27,14.39,15.78,1.0,292875.0
2016-01-12,15.78,16.06,13.55,14.33,554616.0,15.78,0.0,16.06,13.55,14.33,1.0,554616.0
2016-01-11,14.77,17.0,14.13,17.0,597255.0,14.77,0.0,17.0,14.13,17.0,1.0,597255.0
2016-01-08,18.31,19.01,17.92,18.76,178421.0,18.31,0.0,19.01,17.92,18.76,1.0,178421.0
2016-01-07,18.75,19.2,18.56,18.75,148989.0,18.75,0.0,19.2,18.56,18.75,1.0,148989.0
2016-01-06,19.15,20.16,19.07,19.22,123353.0,19.15,0.0,20.16,19.07,19.22,1.0,123353.0
2016-01-05,19.56,20.49,19.005,19.005,131479.0,19.56,0.0,20.49,19.005,19.005,1.0,131479.0
2016-01-04,19.53,19.77,18.64,19.35,151315.0,19.53,0.0,19.77,18.64,19.35,1.0,151315.0
2015-12-31,19.74,20.09,19.49,19.87,92920.0,19.74,0.0,20.09,19.49,19.87,1.0,92920.0
2015-12-30,20.05,20.16,19.66,20.03,64705.0,20.05,0.0,20.16,19.66,20.03,1.0,64705.0
2015-12-29,20.09,20.12,19.03,19.39,128047.0,20.09,0.0,20.12,19.03,19.39,1.0,128047.0
2015-12-28,19.78,19.97,19.36,19.79,153477.0,19.78,0.0,19.97,19.36,19.79,1.0,153477.0
2015-12-24,19.94,20.16,19.66,19.7,35092.0,19.94,0.0,20.16,19.66,19.7,1.0,35092.0
2015-12-23,20.1,20.47,19.61,19.74,103051.0,20.1,0.0,20.47,19.61,19.74,1.0,103051.0
2015-12-22,19.54,19.82,18.88,19.82,85580.0,19.54,0.0,19.82,18.88,19.82,1.0,85580.0
2015-12-21,19.82,20.265,19.37,20.25,82624.0,19.82,0.0,20.265,19.37,20.25,1.0,82624.0
2015-12-18,19.35,19.9,19.3,19.35,154404.0,19.35,0.0,19.9,19.3,19.35,1.0,154404.0
2015-12-17,19.46,20.37,18.4504,20.32,141578.0,19.46,0.0,20.37,18.4504,20.32,1.0,141578.0
2015-12-16,20.29,20.34,19.37,20.06,151227.0,20.29,0.0,20.34,19.37,20.06,1.0,151227.0
2015-12-15,19.28,20.23,18.45,18.76,150534.0,19.28,0.0,20.23,18.45,18.76,1.0,150534.0
2015-12-14,18.65,19.58,18.5,19.35,111944.0,18.65,0.0,19.58,18.5,19.35,1.0,111944.0
2015-12-11,19.36,20.4,19.27,19.92,91892.0,19.36,0.0,20.4,19.27,19.92,1.0,91892.0
2015-12-10,20.32,20.62,19.82,20.13,118368.0,20.32,0.0,20.62,19.82,20.13,1.0,118368.0
2015-12-09,20.2,21.67,19.95,20.7,89400.0,20.2,0.0,21.67,19.95,20.7,1.0,89400.0
2015-12-08,20.72,21.04,18.408,20.58,86774.0,20.72,0.0,21.04,18.408,20.58,1.0,86774.0
2015-12-07,20.71,21.07,20.25,21.07,94753.0,20.71,0.0,21.07,20.25,21.07,1.0,94753.0
2015-12-04,21.15,21.22,20.11,20.37,147618.0,21.15,0.0,21.22,20.11,20.37,1.0,147618.0
2015-12-03,20.43,21.23,19.995,20.62,127292.0,20.43,0.0,21.23,19.995,20.62,1.0,127292.0
2015-12-02,20.62,20.97,19.99,20.18,101681.0,20.62,0.0,20.97,19.99,20.18,1.0,101681.0
2015-12-01,20.24,20.44,19.7,20.29,70392.0,20.24,0.0,20.44,19.7,20.29,1.0,70392.0
2015-11-30,20.21,20.78,19.59,20.43,163701.0,20.21,0.0,20.78,19.59,20.43,1.0,163701.0
2015-11-27,20.36,20.76,20.22,20.47,42849.0,20.36,0.0,20.76,20.22,20.47,1.0,42849.0
2015-11-25,20.48,20.74,19.88,19.95,189505.0,20.48,0.0,20.74,19.88,19.95,1.0,189505.0
2015-11-24,19.89,20.06,19.58,19.87,67299.0,19.89,0.0,20.06,19.58,19.87,1.0,67299.0
2015-11-23,20.03,20.35,19.55,19.7,127922.0,20.03,0.0,20.35,19.55,19.7,1.0,127922.0
2015-11-20,19.8,20.32,19.5724,19.72,107310.0,19.8,0.0,20.32,19.5724,19.72,1.0,107310.0
2015-11-19,19.58,19.89,19.37,19.89,101523.0,19.58,0.0,19.89,19.37,19.89,1.0,101523.0
2015-11-18,19.89,20.1599,19.165,19.68,164246.0,19.89,0.0,20.1599,19.165,19.68,1.0,164246.0
2015-11-17,19.61,19.8,19.1,19.36,135545.0,19.61,0.0,19.8,19.1,19.36,1.0,135545.0
2015-11-16,19.39,20.28,18.98,19.47,113922.0,19.39,0.0,20.28,18.98,19.47,1.0,113922.0
2015-11-13,19.48,19.74,18.8,18.8,167699.0,19.48,0.0,19.74,18.8,18.8,1.0,167699.0
2015-11-12,18.94,20.23,18.75,19.9,140919.0,18.94,0.0,20.23,18.75,19.9,1.0,140919.0
2015-11-11,20.1,20.5,19.81,20.22,118914.0,20.1,0.0,20.5,19.81,20.22,1.0,118914.0
2015-11-10,20.11,20.43,19.56,19.88,180811.0,20.11,0.0,20.43,19.56,19.88,1.0,180811.0
2015-11-09,19.95,20.21,19.51,19.95,161949.0,19.95,0.0,20.21,19.51,19.95,1.0,161949.0
2015-11-06,20.08,20.62,18.9,19.31,160987.0,20.08,0.0,20.62,18.9,19.31,1.0,160987.0
2015-11-05,19.4,19.84,18.53,19.84,268425.0,19.4,0.0,19.84,18.53,19.84,1.0,268425.0
2015-11-04,19.91,21.23,18.54,18.54,412289.0,19.91,0.0,21.23,18.54,18.54,1.0,412289.0
2015-11-03,18.28,19.17,18.24,19.15,290784.0,18.28,0.0,19.17,18.24,19.15,1.0,290784.0
2015-11-02,19.28,19.52,18.12,18.3,132897.0,19.28,0.0,19.52,18.12,18.3,1.0,132897.0
2015-10-30,18.25,18.734,17.66,17.98,155954.0,18.25,0.0,18.734,17.66,17.98,1.0,155954.0
2015-10-29,17.98,18.68,17.78,18.56,136660.0,17.98,0.0,18.68,17.78,18.56,1.0,136660.0
2015-10-28,18.65,18.65,17.56,17.68,159801.0,18.65,0.0,18.65,17.56,17.68,1.0,159801.0
2015-10-27,17.73,18.12,17.52,17.52,526594.0,17.73,0.0,18.12,17.52,17.52,1.0,526594.0
2015-10-26,17.55,18.06,17.46,18.06,91234.0,17.55,0.0,18.06,17.46,18.06,1.0,91234.0
2015-10-23,17.83,18.0,17.46,17.75,158988.0,17.83,0.0,18.0,17.46,17.75,1.0,158988.0
2015-10-22,17.51,18.25,17.27,18.16,140321.0,17.51,0.0,18.25,17.27,18.16,1.0,140321.0
2015-10-21,18.13,18.33,17.34,17.56,140097.0,18.13,0.0,18.33,17.34,17.56,1.0,140097.0
2015-10-20,17.43,18.3,17.41,18.3,270495.0,17.43,0.0,18.3,17.41,18.3,1.0,270495.0
2015-10-19,18.2,18.95,17.94,18.78,297584.0,18.2,0.0,18.95,17.94,18.78,1.0,297584.0
2015-10-16,18.83,19.08,18.4,18.95,238164.0,18.83,0.0,19.08,18.4,18.95,1.0,238164.0
2015-10-15,18.91,19.1,18.54,18.56,220835.0,18.91,0.0,19.1,18.54,18.56,1.0,220835.0
2015-10-14,18.55,18.96,18.17,18.4,257730.0,18.55,0.0,18.96,18.17,18.4,1.0,257730.0
2015-10-13,18.32,19.75,18.2,19.03,204135.0,18.32,0.0,19.75,18.2,19.03,1.0,204135.0
2015-10-12,19.16,19.2,18.46,19.1,329562.0,19.16,0.0,19.2,18.46,19.1,1.0,329562.0
2015-10-09,19.01,19.168,17.655,18.97,597003.0,19.01,0.0,19.168,17.655,18.97,1.0,597003.0
2015-10-08,19.09,19.839,18.8801,19.72,193227.0,19.09,0.0,19.839,18.8801,19.72,1.0,193227.0
2015-10-07,19.83,20.57,19.62,20.3,251300.0,19.83,0.0,20.57,19.62,20.3,1.0,251300.0
2015-10-06,20.08,20.27,19.27,19.79,146490.0,20.08,0.0,20.27,19.27,19.79,1.0,146490.0
2015-10-05,19.8,20.38,19.59,19.7,190568.0,19.8,0.0,20.38,19.59,19.7,1.0,190568.0
2015-10-02,19.55,19.64,17.76,18.19,146755.0,19.55,0.0,19.64,17.76,18.19,1.0,146755.0
2015-10-01,18.35,18.73,17.81,18.73,150340.0,18.35,0.0,18.73,17.81,18.73,1.0,150340.0
2015-09-30,18.6,18.81,16.82,16.98,408603.0,18.6,0.0,18.81,16.82,16.98,1.0,408603.0
2015-09-29,16.75,17.03,16.4,16.56,155765.0,16.75,0.0,17.03,16.4,16.56,1.0,155765.0
2015-09-28,16.57,18.82,16.54,18.61,186457.0,16.57,0.0,18.82,16.54,18.61,1.0,186457.0
2015-09-25,18.71,20.96,18.28,20.64,219522.0,18.71,0.0,20.96,18.28,20.64,1.0,219522.0
2015-09-24,20.41,21.23,20.28,20.75,132467.0,20.41,0.0,21.23,20.28,20.75,1.0,132467.0
2015-09-23,20.85,21.56,20.61,21.23,157508.0,20.85,0.0,21.56,20.61,21.23,1.0,157508.0
2015-09-22,21.12,22.39,21.05,22.07,128776.0,21.12,0.0,22.39,21.05,22.07,1.0,128776.0
2015-09-21,21.99,23.0,21.74,23.0,201199.0,21.99,0.0,23.0,21.74,23.0,1.0,201199.0
2015-09-18,22.87,22.91,21.64,21.88,368785.0,22.87,0.0,22.91,21.64,21.88,1.0,368785.0
2015-09-17,22.21,22.59,21.45,21.45,288741.0,22.21,0.0,22.59,21.45,21.45,1.0,288741.0
2015-09-16,21.35,21.5,21.05,21.5,75178.0,21.35,0.0,21.5,21.05,21.5,1.0,75178.0
2015-09-15,21.58,21.7,20.7,20.81,155963.0,21.58,0.0,21.7,20.7,20.81,1.0,155963.0
2015-09-14,20.8,21.15,20.34,21.15,134033.0,20.8,0.0,21.15,20.34,21.15,1.0,134033.0
2015-09-11,21.08,21.1,20.24,20.41,66031.0,21.08,0.0,21.1,20.24,20.41,1.0,66031.0
2015-09-10,20.52,20.89,20.3,20.71,125524.0,20.52,0.0,20.89,20.3,20.71,1.0,125524.0
2015-09-09,20.77,21.18,20.36,21.0,157141.0,20.77,0.0,21.18,20.36,21.0,1.0,157141.0
2015-09-08,20.85,21.4,20.65,20.98,138423.0,20.85,0.0,21.4,20.65,20.98,1.0,138423.0
2015-09-04,20.62,20.95,20.25,20.61,51551.0,20.62,0.0,20.95,20.25,20.61,1.0,51551.0
2015-09-03,20.78,21.78,20.76,21.26,69496.0,20.78,0.0,21.78,20.76,21.26,1.0,69496.0
2015-09-02,21.1,21.18,20.46,20.78,131964.0,21.1,0.0,21.18,20.46,20.78,1.0,131964.0
2015-09-01,20.54,21.1,20.138,20.88,141235.0,20.54,0.0,21.1,20.138,20.88,1.0,141235.0
2015-08-31,21.23,21.74,20.99,21.55,87397.0,21.23,0.0,21.74,20.99,21.55,1.0,87397.0
2015-08-28,21.65,21.83,21.0,21.38,156586.0,21.65,0.0,21.83,21.0,21.38,1.0,156586.0
2015-08-27,21.5,21.99,20.8,21.43,114516.0,21.5,0.0,21.99,20.8,21.43,1.0,114516.0
2015-08-26,21.31,21.86,20.5,21.62,182072.0,21.31,0.0,21.86,20.5,21.62,1.0,182072.0
2015-08-25,21.2,22.1,21.01,22.1,233170.0,21.2,0.0,22.1,21.01,22.1,1.0,233170.0
2015-08-24,21.29,22.06,20.202,20.97,196457.0,21.29,0.0,22.06,20.202,20.97,1.0,196457.0
2015-08-21,22.01,22.18,21.17,21.29,230243.0,22.01,0.0,22.18,21.17,21.29,1.0,230243.0
2015-08-20,21.68,22.085,21.42,21.67,310756.0,21.68,0.0,22.085,21.42,21.67,1.0,310756.0
2015-08-19,21.9,22.08,21.44,21.83,179363.0,21.9,0.0,22.08,21.44,21.83,1.0,179363.0
2015-08-18,22.12,22.29,21.47,21.52,216895.0,22.12,0.0,22.29,21.47,21.52,1.0,216895.0
2015-08-17,21.46,21.52,21.12,21.12,122436.0,21.46,0.0,21.52,21.12,21.12,1.0,122436.0
2015-08-14,21.14,21.24,20.48,20.57,108115.0,21.14,0.0,21.24,20.48,20.57,1.0,108115.0
2015-08-13,20.65,20.86,20.02,20.51,276709.0,20.65,0.0,20.86,20.02,20.51,1.0,276709.0
2015-08-12,20.45,20.7,19.39,20.25,440632.0,20.45,0.0,20.7,19.39,20.25,1.0,440632.0
2015-08-11,20.38,21.06,20.01,20.69,123092.0,20.38,0.0,21.06,20.01,20.69,1.0,123092.0
2015-08-10,20.83,21.48,20.6,21.26,312659.0,20.83,0.0,21.48,20.6,21.26,1.0,312659.0
2015-08-07,21.28,22.334,20.31,21.93,373807.0,21.28,0.0,22.334,20.31,21.93,1.0,373807.0
2015-08-06,22.04,23.33,21.72,23.04,242409.0,22.04,0.0,23.33,21.72,23.04,1.0,242409.0
2015-08-05,23.0,23.79,22.27,22.81,428296.0,23.0,0.0,23.79,22.27,22.81,1.0,428296.0
2015-08-04,22.98,23.74,22.71,23.29,167152.0,22.98,0.0,23.74,22.71,23.29,1.0,167152.0
2015-08-03,22.83,23.34,22.36,22.67,137642.0,22.83,0.0,23.34,22.36,22.67,1.0,137642.0
2015-07-31,22.88,23.18,22.38,22.52,176696.0,22.88,0.0,23.18,22.38,22.52,1.0,176696.0
2015-07-30,22.45,22.59,21.91,22.22,204718.0,22.45,0.0,22.59,21.91,22.22,1.0,204718.0
2015-07-29,22.51,22.69,21.9,22.44,126039.0,22.51,0.0,22.69,21.9,22.44,1.0,126039.0
2015-07-28,22.43,23.63,22.24,23.63,344528.0,22.43,0.0,23.63,22.24,23.63,1.0,344528.0
2015-07-27,22.93,23.095,22.63,22.92,160848.0,22.93,0.0,23.095,22.63,22.92,1.0,160848.0
2015-07-24,23.0,23.82,22.95,23.57,216218.0,23.0,0.0,23.82,22.95,23.57,1.0,216218.0
2015-07-23,23.61,24.7,23.51,24.59,349475.0,23.61,0.0,24.7,23.51,24.59,1.0,349475.0
2015-07-22,24.61,24.8,24.0775,24.27,115881.0,24.61,0.0,24.8,24.0775,24.27,1.0,115881.0
2015-07-21,24.31,24.92,24.22,24.81,321754.0,24.31,0.0,24.92,24.22,24.81,1.0,321754.0
2015-07-20,24.9,24.99,24.13,24.19,286584.0,24.9,0.0,24.99,24.13,24.19,1.0,286584.0
2015-07-17,24.17,24.9,24.1,24.6,469085.0,24.17,0.0,24.9,24.1,24.6,1.0,469085.0
2015-07-16,24.61,24.87,24.2,24.2,283989.0,24.61,0.0,24.87,24.2,24.2,1.0,283989.0
2015-07-15,24.07,24.34,23.88,24.11,276967.0,24.07,0.0,24.34,23.88,24.11,1.0,276967.0
2015-07-14,24.05,24.2,23.54,23.7,326648.0,24.05,0.0,24.2,23.54,23.7,1.0,326648.0
2015-07-13,23.62,24.0,23.26,23.56,400299.0,23.62,0.0,24.0,23.26,23.56,1.0,400299.0
2015-07-10,23.26,23.55,22.7,22.92,700616.0,23.26,0.0,23.55,22.7,22.92,1.0,700616.0
2015-07-09,22.66,23.01,22.59,22.94,765681.0,22.66,0.0,23.01,22.59,22.94,1.0,765681.0
2015-07-08,22.56,22.99,22.22,22.87,1945214.0,22.56,0.0,22.99,22.22,22.87,1.0,1945214.0
2015-07-07,24.18,24.45,23.31,24.26,140749.0,24.18,0.0,24.45,23.31,24.26,1.0,140749.0
2015-07-06,23.87,23.95,22.71,23.02,92411.0,23.87,0.0,23.95,22.71,23.02,1.0,92411.0
2015-07-02,23.15,23.62,22.635,23.5,134518.0,23.15,0.0,23.62,22.635,23.5,1.0,134518.0
2015-07-01,23.46,24.4899,23.31,24.39,137709.0,23.46,0.0,24.4899,23.31,24.39,1.0,137709.0
2015-06-30,24.02,24.3199,23.43,23.83,120230.0,24.02,0.0,24.3199,23.43,23.83,1.0,120230.0
2015-06-29,23.68,24.34,23.51,23.92,162393.0,23.68,0.0,24.34,23.51,23.92,1.0,162393.0
2015-06-26,23.83,24.81,23.745,24.6,1137603.0,23.83,0.0,24.81,23.745,24.6,1.0,1137603.0
2015-06-25,24.58,24.78,23.97,24.2,132774.0,24.58,0.0,24.78,23.97,24.2,1.0,132774.0
2015-06-24,24.08,24.86,24.04,24.86,152984.0,24.08,0.0,24.86,24.04,24.86,1.0,152984.0
2015-06-23,24.64,25.44,24.465,25.19,226271.0,24.64,0.0,25.44,24.465,25.19,1.0,226271.0
2015-06-22,25.3,25.72,24.95,25.41,190761.0,25.3,0.0,25.72,24.95,25.41,1.0,190761.0
2015-06-19,25.1,25.24,24.29,25.07,180910.0,25.1,0.0,25.24,24.29,25.07,1.0,180910.0
2015-06-18,24.98,25.11,24.28,24.42,245937.0,24.98,0.0,25.11,24.28,24.42,1.0,245937.0
2015-06-17,24.24,24.62,24.1,24.31,171209.0,24.24,0.0,24.62,24.1,24.31,1.0,171209.0
2015-06-16,24.2,24.89,24.12,24.89,223570.0,24.2,0.0,24.89,24.12,24.89,1.0,223570.0
2015-06-15,24.86,25.16,24.09,24.54,107584.0,24.86,0.0,25.16,24.09,24.54,1.0,107584.0
2015-06-12,24.7,25.12,24.23,24.47,118830.0,24.7,0.0,25.12,24.23,24.47,1.0,118830.0
2015-06-11,24.53,24.84,24.29,24.39,133290.0,24.53,0.0,24.84,24.29,24.39,1.0,133290.0
2015-06-10,24.29,24.9,23.76,23.98,140744.0,24.29,0.0,24.9,23.76,23.98,1.0,140744.0
2015-06-09,23.93,24.54,23.855,24.43,88066.0,23.93,0.0,24.54,23.855,24.43,1.0,88066.0
2015-06-08,24.55,24.99,24.41,24.66,67647.0,24.55,0.0,24.99,24.41,24.66,1.0,67647.0
2015-06-05,24.74,24.83,24.0,24.51,80689.0,24.74,0.0,24.83,24.0,24.51,1.0,80689.0
2015-06-04,24.67,24.81,24.12,24.81,99056.0,24.67,0.0,24.81,24.12,24.81,1.0,99056.0
2015-06-03,24.94,25.2,23.5,24.93,196149.0,24.94,0.0,25.2,23.5,24.93,1.0,196149.0
2015-06-02,24.94,25.18,24.46,24.88,135425.0,24.94,0.0,25.18,24.46,24.88,1.0,135425.0
2015-06-01,24.93,26.29,24.79,26.23,209823.0,24.93,0.0,26.29,24.79,26.23,1.0,209823.0
2015-05-29,26.14,26.29,25.8,26.22,120068.0,26.14,0.0,26.29,25.8,26.22,1.0,120068.0
2015-05-28,26.19,26.27,24.99,26.07,157940.0,26.19,0.0,26.27,24.99,26.07,1.0,157940.0
2015-05-27,26.07,26.17,24.91,25.24,320971.0,26.07,0.0,26.17,24.91,25.24,1.0,320971.0
2015-05-26,25.23,25.27,24.42,24.83,147390.0,25.23,0.0,25.27,24.42,24.83,1.0,147390.0
2015-05-22,24.85,25.3,24.77,24.94,78968.0,24.85,0.0,25.3,24.77,24.94,1.0,78968.0
2015-05-21,24.94,25.2,24.41,25.0,59710.0,24.94,0.0,25.2,24.41,25.0,1.0,59710.0
2015-05-20,25.02,25.61,24.97,25.42,57535.0,25.02,0.0,25.61,24.97,25.42,1.0,57535.0
2015-05-19,25.42,25.86,24.83,25.62,102328.0,25.42,0.0,25.86,24.83,25.62,1.0,102328.0
2015-05-18,25.77,25.92,25.06,25.4,141222.0,25.77,0.0,25.92,25.06,25.4,1.0,141222.0
2015-05-15,25.35,25.64,24.475,24.92,129352.0,25.35,0.0,25.64,24.475,24.92,1.0,129352.0
2015-05-14,24.92,24.98,24.105,24.86,140576.0,24.92,0.0,24.98,24.105,24.86,1.0,140576.0
2015-05-13,24.22,24.79,24.12,24.43,242519.0,24.22,0.0,24.79,24.12,24.43,1.0,242519.0
2015-05-12,24.33,24.76,23.37,23.81,227301.0,24.33,0.0,24.76,23.37,23.81,1.0,227301.0
2015-05-11,23.84,24.16,22.5,22.59,301791.0,23.84,0.0,24.16,22.5,22.59,1.0,301791.0
2015-05-08,22.58,22.76,22.05,22.27,162366.0,22.58,0.0,22.76,22.05,22.27,1.0,162366.0
2015-05-07,22.01,23.3299,21.32,21.6,321859.0,22.01,0.0,23.3299,21.32,21.6,1.0,321859.0
2015-05-06,21.28,21.48,20.965,21.3,97804.0,21.28,0.0,21.48,20.965,21.3,1.0,97804.0
2015-05-05,21.22,21.81,20.57,20.91,145714.0,21.22,0.0,21.81,20.57,20.91,1.0,145714.0
2015-05-04,21.08,21.87,20.895,21.2,84104.0,21.08,0.0,21.87,20.895,21.2,1.0,84104.0
2015-05-01,21.27,21.89,20.52,21.17,87212.0,21.27,0.0,21.89,20.52,21.17,1.0,87212.0
2015-04-30,21.01,21.65,20.84,21.4,90322.0,21.01,0.0,21.65,20.84,21.4,1.0,90322.0
2015-04-29,21.56,22.12,21.3,21.85,80085.0,21.56,0.0,22.12,21.3,21.85,1.0,80085.0
2015-04-28,22.05,22.51,21.42,22.0,65780.0,22.05,0.0,22.51,21.42,22.0,1.0,65780.0
2015-04-27,22.0,23.27,21.95,22.89,94744.0,22.0,0.0,23.27,21.95,22.89,1.0,94744.0
2015-04-24,22.87,23.66,22.83,23.56,94537.0,22.87,0.0,23.66,22.83,23.56,1.0,94537.0
2015-04-23,23.58,23.8,22.77,23.0,117163.0,23.58,0.0,23.8,22.77,23.0,1.0,117163.0
2015-04-22,22.96,23.65,22.72,23.36,65074.0,22.96,0.0,23.65,22.72,23.36,1.0,65074.0
2015-04-21,23.43,23.8,23.25,23.69,66907.0,23.43,0.0,23.8,23.25,23.69,1.0,66907.0
2015-04-20,23.55,23.68,22.918,22.918,105856.0,23.55,0.0,23.68,22.918,22.918,1.0,105856.0
2015-04-17,23.11,23.68,22.83,23.33,124724.0,23.11,0.0,23.68,22.83,23.33,1.0,124724.0
2015-04-16,23.55,23.74,23.31,23.67,51920.0,23.55,0.0,23.74,23.31,23.67,1.0,51920.0
2015-04-15,23.68,24.21,23.42,24.17,90983.0,23.68,0.0,24.21,23.42,24.17,1.0,90983.0
2015-04-14,24.13,24.26,23.66,24.26,102524.0,24.13,0.0,24.26,23.66,24.26,1.0,102524.0
2015-04-13,24.11,24.5,22.88,23.21,349617.0,24.11,0.0,24.5,22.88,23.21,1.0,349617.0
2015-04-10,23.12,23.25,22.9,23.0,83578.0,23.12,0.0,23.25,22.9,23.0,1.0,83578.0
2015-04-09,23.18,23.66,22.74,23.08,107651.0,23.18,0.0,23.66,22.74,23.08,1.0,107651.0
2015-04-08,23.19,23.45,22.7,22.91,133571.0,23.19,0.0,23.45,22.7,22.91,1.0,133571.0
2015-04-07,22.83,23.89,22.595,22.74,204361.0,22.83,0.0,23.89,22.595,22.74,1.0,204361.0
2015-04-06,22.68,22.81,22.26,22.4,179420.0,22.68,0.0,22.81,22.26,22.4,1.0,179420.0
2015-04-02,22.48,22.74,22.04,22.74,104204.0,22.48,0.0,22.74,22.04,22.74,1.0,104204.0
2015-04-01,22.65,22.97,21.46,21.95,263794.0,22.65,0.0,22.97,21.46,21.95,1.0,263794.0
2015-03-31,22.05,22.5,21.76,22.002,170811.0,22.05,0.0,22.5,21.76,22.002,1.0,170811.0
2015-03-30,22.45,22.5,21.35,21.36,99444.0,22.45,0.0,22.5,21.35,21.36,1.0,99444.0
2015-03-27,21.34,21.65,21.09,21.41,64498.0,21.34,0.0,21.65,21.09,21.41,1.0,64498.0
2015-03-26,21.42,22.064,21.1,21.66,152643.0,21.42,0.0,22.064,21.1,21.66,1.0,152643.0
2015-03-25,21.78,23.08,21.69,22.91,84266.0,21.78,0.0,23.08,21.69,22.91,1.0,84266.0
2015-03-24,22.97,23.048,21.9,21.92,134355.0,22.97,0.0,23.048,21.9,21.92,1.0,134355.0
2015-03-23,22.43,22.88,21.97,22.64,129503.0,22.43,0.0,22.88,21.97,22.64,1.0,129503.0
2015-03-20,22.39,22.45,21.96,21.97,176359.0,22.39,0.0,22.45,21.96,21.97,1.0,176359.0
2015-03-19,21.95,23.59,21.32,22.16,659732.0,21.95,0.0,23.59,21.32,22.16,1.0,659732.0
2015-03-18,20.72,20.98,20.404,20.6,363045.0,20.72,0.0,20.98,20.404,20.6,1.0,363045.0
2015-03-17,20.61,20.83,20.1,20.25,201608.0,20.61,0.0,20.83,20.1,20.25,1.0,201608.0
2015-03-16,20.25,20.53,19.95,20.275,272540.0,20.25,0.0,20.53,19.95,20.275,1.0,272540.0
2015-03-13,20.27,20.824,19.79,20.66,148586.0,20.27,0.0,20.824,19.79,20.66,1.0,148586.0
2015-03-12,20.61,20.916,19.87,20.05,91937.0,20.61,0.0,20.916,19.87,20.05,1.0,91937.0
2015-03-11,19.95,20.12,19.32,19.53,74768.0,19.95,0.0,20.12,19.32,19.53,1.0,74768.0
2015-03-10,19.56,19.69,19.05,19.19,188478.0,19.56,0.0,19.69,19.05,19.19,1.0,188478.0
2015-03-09,19.27,19.72,19.02,19.28,134959.0,19.27,0.0,19.72,19.02,19.28,1.0,134959.0
2015-03-06,19.33,20.02,19.17,19.98,81691.0,19.33,0.0,20.02,19.17,19.98,1.0,81691.0
2015-03-05,20.01,20.3,19.56,19.95,128946.0,20.01,0.0,20.3,19.56,19.95,1.0,128946.0
2015-03-04,20.01,20.42,19.47,20.25,167293.0,20.01,0.0,20.42,19.47,20.25,1.0,167293.0
2015-03-03,20.15,20.89,20.06,20.6,57632.0,20.15,0.0,20.89,20.06,20.6,1.0,57632.0
2015-03-02,20.64,21.05,19.194,20.5,164016.0,20.64,0.0,21.05,19.194,20.5,1.0,164016.0
2015-02-27,20.49,21.27,20.44,21.03,142914.0,20.49,0.0,21.27,20.44,21.03,1.0,142914.0
2015-02-26,20.99,21.58,20.56,20.83,143009.0,20.99,0.0,21.58,20.56,20.83,1.0,143009.0
2015-02-25,20.91,21.07,20.08,20.41,125419.0,20.91,0.0,21.07,20.08,20.41,1.0,125419.0
2015-02-24,20.5,20.72,19.86,19.86,257853.0,20.5,0.0,20.72,19.86,19.86,1.0,257853.0
2015-02-23,19.97,20.24,19.33,19.49,330510.0,19.97,0.0,20.24,19.33,19.49,1.0,330510.0
2015-02-20,19.49,19.89,19.08,19.64,113177.0,19.49,0.0,19.89,19.08,19.64,1.0,113177.0
2015-02-19,19.57,20.52,19.07,19.45,72380.0,19.57,0.0,20.52,19.07,19.45,1.0,72380.0
2015-02-18,19.39,19.51,19.01,19.11,60245.0,19.39,0.0,19.51,19.01,19.11,1.0,60245.0
2015-02-17,19.19,19.84,19.01,19.84,161727.0,19.19,0.0,19.84,19.01,19.84,1.0,161727.0
2015-02-13,19.75,20.3,19.445,19.68,444828.0,19.75,0.0,20.3,19.445,19.68,1.0,444828.0
2015-02-12,19.74,20.31,19.27,19.9,178770.0,19.74,0.0,20.31,19.27,19.9,1.0,178770.0
2015-02-11,19.72,20.11,19.09,20.11,149512.0,19.72,0.0,20.11,19.09,20.11,1.0,149512.0
2015-02-10,19.85,20.559,19.379,19.81,178555.0,19.85,0.0,20.559,19.379,19.81,1.0,178555.0
2015-02-09,19.75,20.0,18.628,18.63,310730.0,19.75,0.0,20.0,18.628,18.63,1.0,310730.0
2015-02-06,18.82,18.98,18.41,18.68,183935.0,18.82,0.0,18.98,18.41,18.68,1.0,183935.0
2015-02-05,18.67,18.75,18.4,18.45,276052.0,18.67,0.0,18.75,18.4,18.45,1.0,276052.0
2015-02-04,18.45,18.52,17.81,18.19,368404.0,18.45,0.0,18.52,17.81,18.19,1.0,368404.0
2015-02-03,18.01,19.19,17.86,19.01,2465861.0,18.01,0.0,19.19,17.86,19.01,1.0,2465861.0
2015-02-02,18.99,19.395,18.38,18.85,210223.0,18.99,0.0,19.395,18.38,18.85,1.0,210223.0
2015-01-30,18.9,20.49,18.78,20.0,79057.0,18.9,0.0,20.49,18.78,20.0,1.0,79057.0
2015-01-29,20.13,20.27,18.97,19.2,122785.0,20.13,0.0,20.27,18.97,19.2,1.0,122785.0
2015-01-28,19.5,19.77,19.18,19.66,73368.0,19.5,0.0,19.77,19.18,19.66,1.0,73368.0
2015-01-27,19.56,19.87,19.5,19.84,42624.0,19.56,0.0,19.87,19.5,19.84,1.0,42624.0
2015-01-26,19.9,19.94,19.11,19.65,65664.0,19.9,0.0,19.94,19.11,19.65,1.0,65664.0
2015-01-23,19.63,19.96,19.5,19.59,34784.0,19.63,0.0,19.96,19.5,19.59,1.0,34784.0
2015-01-22,19.61,19.73,19.03,19.36,44515.0,19.61,0.0,19.73,19.03,19.36,1.0,44515.0
2015-01-21,19.26,20.0,18.546,19.032,125886.0,19.26,0.0,20.0,18.546,19.032,1.0,125886.0
2015-01-20,19.28,21.07,19.07,20.98,86889.0,19.28,0.0,21.07,19.07,20.98,1.0,86889.0
2015-01-16,21.07,21.48,20.42,20.77,52303.0,21.07,0.0,21.48,20.42,20.77,1.0,52303.0
2015-01-15,20.85,21.74,20.37,21.74,83666.0,20.85,0.0,21.74,20.37,21.74,1.0,83666.0
2015-01-14,21.79,22.23,21.58,21.69,74331.0,21.79,0.0,22.23,21.58,21.69,1.0,74331.0
2015-01-13,21.86,22.71,21.51,22.21,130563.0,21.86,0.0,22.71,21.51,22.21,1.0,130563.0
2015-01-12,22.04,22.63,21.6675,22.63,98714.0,22.04,0.0,22.63,21.6675,22.63,1.0,98714.0
2015-01-09,22.36,23.09,22.08,22.91,115817.0,22.36,0.0,23.09,22.08,22.91,1.0,115817.0
2015-01-08,22.98,23.06,22.17,22.91,147873.0,22.98,0.0,23.06,22.17,22.91,1.0,147873.0
2015-01-07,22.8,22.84,21.6,22.06,110418.0,22.8,0.0,22.84,21.6,22.06,1.0,110418.0
2015-01-06,21.61,21.79,21.22,21.36,114353.0,21.61,0.0,21.79,21.22,21.36,1.0,114353.0
2015-01-05,21.38,21.495,20.57,20.87,170998.0,21.38,0.0,21.495,20.57,20.87,1.0,170998.0
2015-01-02,20.95,21.5132,20.54,21.03,347551.0,20.95,0.0,21.5132,20.54,21.03,1.0,347551.0
2014-12-31,20.87,21.05,20.38,20.62,78119.0,20.87,0.0,21.05,20.38,20.62,1.0,78119.0
2014-12-30,20.65,22.35,20.13,21.41,72738.0,20.65,0.0,22.35,20.13,21.41,1.0,72738.0
2014-12-29,20.33,20.58,20.155,20.35,119399.0,20.33,0.0,20.58,20.155,20.35,1.0,119399.0
2014-12-26,20.4,23.6,20.19,20.6,82304.0,20.4,0.0,23.6,20.19,20.6,1.0,82304.0
2014-12-24,20.53,23.63,20.4,20.71,47290.0,20.53,0.0,23.63,20.4,20.71,1.0,47290.0
2014-12-23,20.61,21.97,20.38,21.5,84260.0,20.61,0.0,21.97,20.38,21.5,1.0,84260.0
2014-12-22,21.5,21.94,21.19,21.28,62457.0,21.5,0.0,21.94,21.19,21.28,1.0,62457.0
2014-12-19,21.15,21.59,20.76,20.94,151838.0,21.15,0.0,21.59,20.76,20.94,1.0,151838.0
2014-12-18,21.0,21.0,20.4,20.75,44115.0,21.0,0.0,21.0,20.4,20.75,1.0,44115.0
2014-12-17,20.72,20.74,19.875,20.16,65219.0,20.72,0.0,20.74,19.875,20.16,1.0,65219.0
2014-12-16,20.06,20.25,19.8,19.83,75089.0,20.06,0.0,20.25,19.8,19.83,1.0,75089.0
2014-12-15,19.79,20.0,19.32,19.8,91184.0,19.79,0.0,20.0,19.32,19.8,1.0,91184.0
2014-12-12,19.86,20.55,19.41,19.85,131929.0,19.86,0.0,20.55,19.41,19.85,1.0,131929.0
2014-12-11,20.04,20.16,19.64,19.85,164074.0,20.04,0.0,20.16,19.64,19.85,1.0,164074.0
2014-12-10,19.55,20.1,19.3,19.5,130742.0,19.55,0.0,20.1,19.3,19.5,1.0,130742.0
2014-12-09,19.52,19.58,18.35,18.83,137648.0,19.52,0.0,19.58,18.35,18.83,1.0,137648.0
2014-12-08,19.03,19.37,18.6,19.03,53373.0,19.03,0.0,19.37,18.6,19.03,1.0,53373.0
2014-12-05,19.11,19.57,19.08,19.34,56226.0,19.11,0.0,19.57,19.08,19.34,1.0,56226.0
2014-12-04,19.36,19.39,18.86,19.18,87745.0,19.36,0.0,19.39,18.86,19.18,1.0,87745.0
2014-12-03,19.14,19.3,18.97,19.2,75705.0,19.14,0.0,19.3,18.97,19.2,1.0,75705.0
2014-12-02,19.14,19.314,18.63,18.79,53434.0,19.14,0.0,19.314,18.63,18.79,1.0,53434.0
2014-12-01,18.84,19.06,18.59,18.9,106505.0,18.84,0.0,19.06,18.59,18.9,1.0,106505.0
2014-11-28,18.91,19.48,18.74,18.96,28986.0,18.91,0.0,19.48,18.74,18.96,1.0,28986.0
2014-11-26,19.03,19.31,18.77,19.07,59070.0,19.03,0.0,19.31,18.77,19.07,1.0,59070.0
2014-11-25,18.82,19.0,17.8,18.6,203039.0,18.82,0.0,19.0,17.8,18.6,1.0,203039.0
2014-11-24,18.65,18.72,17.34,18.07,148811.0,18.65,0.0,18.72,17.34,18.07,1.0,148811.0
2014-11-21,17.97,18.2,17.5,17.99,43505.0,17.97,0.0,18.2,17.5,17.99,1.0,43505.0
2014-11-20,17.78,18.41,17.59,18.19,76815.0,17.78,0.0,18.41,17.59,18.19,1.0,76815.0
2014-11-19,18.19,19.37,18.14,18.77,184355.0,18.19,0.0,19.37,18.14,18.77,1.0,184355.0
2014-11-18,18.87,19.13,17.15,17.36,312947.0,18.87,0.0,19.13,17.15,17.36,1.0,312947.0
2014-11-17,17.33,17.5,16.62,16.62,84216.0,17.33,0.0,17.5,16.62,16.62,1.0,84216.0
2014-11-14,16.71,17.0,16.34,16.94,58504.0,16.71,0.0,17.0,16.34,16.94,1.0,58504.0
2014-11-13,16.88,17.125,16.71,16.9,54122.0,16.88,0.0,17.125,16.71,16.9,1.0,54122.0
2014-11-12,16.92,17.24,16.735,17.23,36482.0,16.92,0.0,17.24,16.735,17.23,1.0,36482.0
2014-11-11,17.31,17.44,16.87,16.97,133725.0,17.31,0.0,17.44,16.87,16.97,1.0,133725.0
2014-11-10,16.9,17.31,16.76,17.04,129360.0,16.9,0.0,17.31,16.76,17.04,1.0,129360.0
2014-11-07,17.0,17.33,16.76,17.18,73171.0,17.0,0.0,17.33,16.76,17.18,1.0,73171.0
2014-11-06,17.24,17.68,16.61,17.03,96013.0,17.24,0.0,17.68,16.61,17.03,1.0,96013.0
2014-11-05,17.06,17.505,16.64,16.79,170090.0,17.06,0.0,17.505,16.64,16.79,1.0,170090.0
2014-11-04,16.7,17.96,15.48,15.65,381546.0,16.7,0.0,17.96,15.48,15.65,1.0,381546.0
2014-11-03,15.73,16.335,15.69,16.08,137001.0,15.73,0.0,16.335,15.69,16.08,1.0,137001.0
2014-10-31,16.1,16.33,15.21,15.6,344065.0,16.1,0.0,16.33,15.21,15.6,1.0,344065.0
2014-10-30,15.61,15.69,15.0205,15.2,124117.0,15.61,0.0,15.69,15.0205,15.2,1.0,124117.0
2014-10-29,14.68,15.345,14.0901,14.0901,47688.0,14.68,0.0,15.345,14.0901,14.0901,1.0,47688.0
2014-10-28,15.29,15.5,14.09,14.09,80866.0,15.29,0.0,15.5,14.09,14.09,1.0,80866.0
2014-10-27,14.1,14.16,13.7,13.878,55120.0,14.1,0.0,14.16,13.7,13.878,1.0,55120.0
2014-10-24,13.84,14.47,13.81,14.23,33185.0,13.84,0.0,14.47,13.81,14.23,1.0,33185.0
2014-10-23,14.27,14.69,14.11,14.57,56836.0,14.27,0.0,14.69,14.11,14.57,1.0,56836.0
2014-10-22,14.43,14.91,14.26,14.37,62530.0,14.43,0.0,14.91,14.26,14.37,1.0,62530.0
2014-10-21,14.37,14.72,14.19,14.47,86513.0,14.37,0.0,14.72,14.19,14.47,1.0,86513.0
2014-10-20,14.47,14.8,14.41,14.63,52588.0,14.47,0.0,14.8,14.41,14.63,1.0,52588.0
2014-10-17,14.66,15.07,14.63,15.0,81650.0,14.66,0.0,15.07,14.63,15.0,1.0,81650.0
2014-10-16,14.86,15.0,13.93,14.32,110646.0,14.86,0.0,15.0,13.93,14.32,1.0,110646.0
2014-10-15,14.44,14.502,14.24,14.39,80613.0,14.44,0.0,14.502,14.24,14.39,1.0,80613.0
2014-10-14,14.46,14.69,14.2,14.4,182882.0,14.46,0.0,14.69,14.2,14.4,1.0,182882.0
2014-10-13,14.39,14.59,13.86,14.0,95768.0,14.39,0.0,14.59,13.86,14.0,1.0,95768.0
2014-10-10,13.93,14.19,13.54,13.91,77819.0,13.93,0.0,14.19,13.54,13.91,1.0,77819.0
2014-10-09,14.0,14.24,13.81,14.03,62004.0,14.0,0.0,14.24,13.81,14.03,1.0,62004.0
2014-10-08,13.97,14.03,13.44,13.46,92593.0,13.97,0.0,14.03,13.44,13.46,1.0,92593.0
2014-10-07,13.53,13.93,13.27,13.85,48944.0,13.53,0.0,13.93,13.27,13.85,1.0,48944.0
2014-10-06,13.89,14.41,13.84,14.02,32899.0,13.89,0.0,14.41,13.84,14.02,1.0,32899.0
2014-10-03,14.0,14.81,13.93,14.36,161551.0,14.0,0.0,14.81,13.93,14.36,1.0,161551.0
2014-10-02,14.25,14.32,13.9,14.16,87489.0,14.25,0.0,14.32,13.9,14.16,1.0,87489.0
2014-10-01,14.25,14.61,13.88,14.51,204816.0,14.25,0.0,14.61,13.88,14.51,1.0,204816.0
2014-09-30,14.43,14.44,12.76,13.0,344000.0,14.43,0.0,14.44,12.76,13.0,1.0,344000.0
2014-09-29,12.96,13.38,12.31,13.17,173341.0,12.96,0.0,13.38,12.31,13.17,1.0,173341.0
2014-09-26,13.26,13.55,13.04,13.5,161469.0,13.26,0.0,13.55,13.04,13.5,1.0,161469.0
2014-09-25,13.52,13.61,13.24,13.36,109929.0,13.52,0.0,13.61,13.24,13.36,1.0,109929.0
2014-09-24,13.5,13.75,13.052,13.62,91723.0,13.5,0.0,13.75,13.052,13.62,1.0,91723.0
2014-09-23,13.63,13.99,13.23,13.99,110300.0,13.63,0.0,13.99,13.23,13.99,1.0,110300.0
2014-09-22,14.0,14.12,13.67,14.12,56200.0,14.0,0.0,14.12,13.67,14.12,1.0,56200.0
2014-09-19,14.14,14.67,13.99,14.42,124800.0,14.14,0.0,14.67,13.99,14.42,1.0,124800.0
2014-09-18,14.4,14.55,13.77,14.23,84700.0,14.4,0.0,14.55,13.77,14.23,1.0,84700.0
2014-09-17,14.18,14.4,13.786,14.04,169900.0,14.18,0.0,14.4,13.786,14.04,1.0,169900.0
2014-09-16,14.07,14.17,13.742,13.94,67900.0,14.07,0.0,14.17,13.742,13.94,1.0,67900.0
2014-09-15,14.04,14.2,13.65,14.05,72700.0,14.04,0.0,14.2,13.65,14.05,1.0,72700.0
2014-09-12,14.11,14.818,13.86,13.89,140400.0,14.11,0.0,14.818,13.86,13.89,1.0,140400.0
2014-09-11,13.84,14.27,13.55,13.73,101000.0,13.84,0.0,14.27,13.55,13.73,1.0,101000.0
2014-09-10,13.73,14.66,13.66,14.19,131200.0,13.73,0.0,14.66,13.66,14.19,1.0,131200.0
2014-09-09,13.96,14.68,13.82,14.4,90500.0,13.96,0.0,14.68,13.82,14.4,1.0,90500.0
2014-09-08,14.4,15.09,14.355,14.635,84800.0,14.4,0.0,15.09,14.355,14.635,1.0,84800.0
2014-09-05,14.34,14.8,14.13,14.62,98700.0,14.34,0.0,14.8,14.13,14.62,1.0,98700.0
2014-09-04,14.58,14.94,14.41,14.94,64900.0,14.58,0.0,14.94,14.41,14.94,1.0,64900.0
2014-09-03,14.96,15.0,14.34,14.42,418700.0,14.96,0.0,15.0,14.34,14.42,1.0,418700.0
2014-09-02,14.35,14.49,14.15,14.28,80500.0,14.35,0.0,14.49,14.15,14.28,1.0,80500.0
2014-08-29,14.21,14.38,14.1,14.21,16200.0,14.21,0.0,14.38,14.1,14.21,1.0,16200.0
2014-08-28,14.16,14.82,14.15,14.75,61500.0,14.16,0.0,14.82,14.15,14.75,1.0,61500.0
2014-08-27,14.78,14.99,14.37,14.37,237400.0,14.78,0.0,14.99,14.37,14.37,1.0,237400.0
2014-08-26,14.43,14.58,14.055,14.055,47100.0,14.43,0.0,14.58,14.055,14.055,1.0,47100.0
2014-08-25,14.03,14.18,13.9,14.02,78000.0,14.03,0.0,14.18,13.9,14.02,1.0,78000.0
2014-08-22,13.99,14.37,13.96,14.11,113500.0,13.99,0.0,14.37,13.96,14.11,1.0,113500.0
2014-08-21,14.17,14.67,13.94,14.15,101200.0,14.17,0.0,14.67,13.94,14.15,1.0,101200.0
2014-08-20,14.08,14.56,13.82,14.56,51600.0,14.08,0.0,14.56,13.82,14.56,1.0,51600.0
2014-08-19,14.57,15.19,14.51,14.96,31800.0,14.57,0.0,15.19,14.51,14.96,1.0,31800.0
2014-08-18,14.99,15.38,14.82,15.06,290800.0,14.99,0.0,15.38,14.82,15.06,1.0,290800.0
2014-08-15,14.93,15.0,14.21,14.47,95600.0,14.93,0.0,15.0,14.21,14.47,1.0,95600.0
2014-08-14,14.34,14.78,14.13,14.64,59500.0,14.34,0.0,14.78,14.13,14.64,1.0,59500.0
2014-08-13,14.61,15.03,14.36,14.7,62000.0,14.61,0.0,15.03,14.36,14.7,1.0,62000.0
2014-08-12,14.74,15.61,14.55,15.56,95900.0,14.74,0.0,15.61,14.55,15.56,1.0,95900.0
2014-08-11,15.78,16.3,15.6,15.94,74400.0,15.78,0.0,16.3,15.6,15.94,1.0,74400.0
2014-08-08,15.92,16.59,15.86,16.5,133800.0,15.92,0.0,16.59,15.86,16.5,1.0,133800.0
2014-08-07,16.56,16.86,16.27,16.86,100700.0,16.56,0.0,16.86,16.27,16.86,1.0,100700.0
2014-08-06,16.98,17.456,16.6,16.6,111400.0,16.98,0.0,17.456,16.6,16.6,1.0,111400.0
2014-08-05,16.66,17.0,16.58,16.87,82900.0,16.66,0.0,17.0,16.58,16.87,1.0,82900.0
2014-08-04,16.84,17.152,16.63,16.87,50600.0,16.84,0.0,17.152,16.63,16.87,1.0,50600.0
2014-08-01,16.89,17.05,16.5,17.03,41100.0,16.89,0.0,17.05,16.5,17.03,1.0,41100.0
2014-07-31,16.97,17.978,16.63,17.39,98200.0,16.97,0.0,17.978,16.63,17.39,1.0,98200.0
2014-07-30,17.47,17.54,17.14,17.14,41200.0,17.47,0.0,17.54,17.14,17.14,1.0,41200.0
2014-07-29,17.01,17.1602,16.23,16.23,68500.0,17.01,0.0,17.1602,16.23,16.23,1.0,68500.0
2014-07-28,16.3,16.37,15.88,16.25,73400.0,16.3,0.0,16.37,15.88,16.25,1.0,73400.0
2014-07-25,16.19,16.28,15.74,15.74,74200.0,16.19,0.0,16.28,15.74,15.74,1.0,74200.0
2014-07-24,15.87,15.94,15.5,15.67,69600.0,15.87,0.0,15.94,15.5,15.67,1.0,69600.0
2014-07-23,15.6,15.91,15.55,15.7,63100.0,15.6,0.0,15.91,15.55,15.7,1.0,63100.0
2014-07-22,15.74,16.1,15.5,15.98,83500.0,15.74,0.0,16.1,15.5,15.98,1.0,83500.0
2014-07-21,15.91,16.12,15.5,15.81,105600.0,15.91,0.0,16.12,15.5,15.81,1.0,105600.0
2014-07-18,15.9,16.25,15.67,15.79,72300.0,15.9,0.0,16.25,15.67,15.79,1.0,72300.0
2014-07-17,15.82,16.13,15.66,16.0,66300.0,15.82,0.0,16.13,15.66,16.0,1.0,66300.0
2014-07-16,16.06,16.4775,15.5,16.1,91200.0,16.06,0.0,16.4775,15.5,16.1,1.0,91200.0
2014-07-15,16.02,16.1,15.94,16.01,53400.0,16.02,0.0,16.1,15.94,16.01,1.0,53400.0
2014-07-14,16.06,16.2,15.9,15.9,33000.0,16.06,0.0,16.2,15.9,15.9,1.0,33000.0
2014-07-11,15.82,16.45,15.59,15.66,104800.0,15.82,0.0,16.45,15.59,15.66,1.0,104800.0
2014-07-10,15.73,15.761,15.25,15.34,168900.0,15.73,0.0,15.761,15.25,15.34,1.0,168900.0
2014-07-09,15.62,15.7,15.07,15.3,62500.0,15.62,0.0,15.7,15.07,15.3,1.0,62500.0
2014-07-08,15.28,15.3,15.0,15.11,73300.0,15.28,0.0,15.3,15.0,15.11,1.0,73300.0
2014-07-07,15.14,15.58,15.0,15.21,54100.0,15.14,0.0,15.58,15.0,15.21,1.0,54100.0
2014-07-03,15.15,15.255,15.0,15.04,20200.0,15.15,0.0,15.255,15.0,15.04,1.0,20200.0
2014-07-02,15.04,15.07,14.75,14.8,53800.0,15.04,0.0,15.07,14.75,14.8,1.0,53800.0
2014-07-01,14.85,15.0,14.53,14.86,118600.0,14.85,0.0,15.0,14.53,14.86,1.0,118600.0
2014-06-30,14.88,15.1,14.065,14.32,329000.0,14.88,0.0,15.1,14.065,14.32,1.0,329000.0
2014-06-27,14.05,15.095,14.05,14.86,1140500.0,14.05,0.0,15.095,14.05,14.86,1.0,1140500.0
2014-06-26,14.89,15.23,14.8,14.94,65000.0,14.89,0.0,15.23,14.8,14.94,1.0,65000.0
2014-06-25,14.97,15.595,14.97,15.06,57800.0,14.97,0.0,15.595,14.97,15.06,1.0,57800.0
2014-06-24,15.09,15.57,14.97,15.5,167200.0,15.09,0.0,15.57,14.97,15.5,1.0,167200.0
2014-06-23,15.42,15.59,15.26,15.43,78700.0,15.42,0.0,15.59,15.26,15.43,1.0,78700.0
2014-06-20,15.52,15.56,15.04,15.41,447000.0,15.52,0.0,15.56,15.04,15.41,1.0,447000.0
2014-06-19,15.44,16.49,15.02,15.96,204500.0,15.44,0.0,16.49,15.02,15.96,1.0,204500.0
2014-06-18,16.23,16.42,15.262,15.77,405100.0,16.23,0.0,16.42,15.262,15.77,1.0,405100.0
2014-06-17,15.66,15.67,14.76,14.81,168100.0,15.66,0.0,15.67,14.76,14.81,1.0,168100.0
2014-06-16,14.87,15.1,14.72,14.78,163300.0,14.87,0.0,15.1,14.72,14.78,1.0,163300.0
2014-06-13,14.9,14.9,14.65,14.65,74600.0,14.9,0.0,14.9,14.65,14.65,1.0,74600.0
2014-06-12,14.82,15.04,14.62,14.62,117600.0,14.82,0.0,15.04,14.62,14.62,1.0,117600.0
2014-06-11,14.9,15.03,14.62,14.7,156700.0,14.9,0.0,15.03,14.62,14.7,1.0,156700.0
2014-06-10,14.73,14.88,14.53,14.67,50100.0,14.73,0.0,14.88,14.53,14.67,1.0,50100.0
2014-06-09,14.76,14.86,14.55,14.69,172100.0,14.76,0.0,14.86,14.55,14.69,1.0,172100.0
2014-06-06,14.6,15.1,13.71,14.96,105100.0,14.6,0.0,15.1,13.71,14.96,1.0,105100.0
2014-06-05,15.05,15.1,14.59,15.1,245700.0,15.05,0.0,15.1,14.59,15.1,1.0,245700.0
2014-06-04,14.59,14.78,14.44,14.59,74900.0,14.59,0.0,14.78,14.44,14.59,1.0,74900.0
2014-06-03,14.7,14.955,14.65,14.85,121100.0,14.7,0.0,14.955,14.65,14.85,1.0,121100.0
2014-06-02,14.9,15.0,13.945,15.0,355500.0,14.9,0.0,15.0,13.945,15.0,1.0,355500.0
2014-05-30,14.95,14.99,14.925,14.96,149000.0,14.95,0.0,14.99,14.925,14.96,1.0,149000.0
2014-05-29,14.94,15.04,14.9,14.9,101800.0,14.94,0.0,15.04,14.9,14.9,1.0,101800.0
2014-05-28,14.9,15.09,14.9,14.91,123900.0,14.9,0.0,15.09,14.9,14.91,1.0,123900.0
2014-05-27,15.0,15.06,14.91,15.06,135200.0,15.0,0.0,15.06,14.91,15.06,1.0,135200.0
2014-05-23,15.0,15.05,14.91,15.04,85800.0,15.0,0.0,15.05,14.91,15.04,1.0,85800.0
2014-05-22,14.99,15.07,14.9,15.05,115300.0,14.99,0.0,15.07,14.9,15.05,1.0,115300.0
2014-05-21,15.05,15.19,15.01,15.01,74500.0,15.05,0.0,15.19,15.01,15.01,1.0,74500.0
2014-05-20,15.0,15.14,14.93,15.0,171900.0,15.0,0.0,15.14,14.93,15.0,1.0,171900.0
2014-05-19,14.99,15.0,14.9,14.99,124400.0,14.99,0.0,15.0,14.9,14.99,1.0,124400.0
2014-05-16,15.0,15.05,14.95,15.0,49500.0,15.0,0.0,15.05,14.95,15.0,1.0,49500.0
2014-05-15,15.08,15.205,14.931,15.2,50200.0,15.08,0.0,15.205,14.931,15.2,1.0,50200.0
2014-05-14,15.1,15.1,14.85,15.01,70800.0,15.1,0.0,15.1,14.85,15.01,1.0,70800.0
2014-05-13,15.0,15.13,15.0,15.05,34900.0,15.0,0.0,15.13,15.0,15.05,1.0,34900.0
2014-05-12,15.13,15.2,14.98,14.98,87600.0,15.13,0.0,15.2,14.98,14.98,1.0,87600.0
2014-05-09,15.01,15.6995,15.0,15.5,174500.0,15.01,0.0,15.6995,15.0,15.5,1.0,174500.0
2014-05-08,15.0,15.23,14.51,15.0,5433500.0,15.0,0.0,15.23,14.51,15.0,1.0,5433500.0
