,adj_close,adj_high,adj_low,adj_open,adj_volume,close,ex_dividend,high,low,open,split_ratio,volume
2017-02-10,86.09,87.0,85.64,86.46,520755.0,86.09,0.0,87.0,85.64,86.46,1.0,520755.0
2017-02-09,86.45,86.49,84.54,86.27,541368.0,86.45,0.0,86.49,84.54,86.27,1.0,541368.0
2017-02-08,86.0,86.07,85.33,85.8,404004.0,86.0,0.0,86.07,85.33,85.8,1.0,404004.0
2017-02-07,85.61,85.9,85.09,85.51,403031.0,85.61,0.0,85.9,85.09,85.51,1.0,403031.0
2017-02-06,85.05,86.26,84.52,86.26,358213.0,85.05,0.0,86.26,84.52,86.26,1.0,358213.0
2017-02-03,86.08,86.12,85.27,85.62,452392.0,86.08,0.0,86.12,85.27,85.62,1.0,452392.0
2017-02-02,85.34,85.76,85.17,85.76,424174.0,85.34,0.0,85.76,85.17,85.76,1.0,424174.0
2017-02-01,85.47,85.88,84.7,85.88,384753.0,85.47,0.0,85.88,84.7,85.88,1.0,384753.0
2017-01-31,85.34,85.34,84.24,85.33,588564.0,85.34,0.0,85.34,84.24,85.33,1.0,588564.0
2017-01-30,85.07,85.71,83.9,85.15,565481.0,85.07,0.0,85.71,83.9,85.15,1.0,565481.0
2017-01-27,85.35,87.93,84.0,87.74,1125987.0,85.35,0.0,87.93,84.0,87.74,1.0,1125987.0
2017-01-26,87.43,88.12,84.07,85.3,2758158.0,87.43,0.0,88.12,84.07,85.3,1.0,2758158.0
2017-01-25,80.19,80.48,79.4,80.05,362795.0,80.19,0.0,80.48,79.4,80.05,1.0,362795.0
2017-01-24,79.53,79.92,78.71,79.49,479879.0,79.53,0.0,79.92,78.71,79.49,1.0,479879.0
2017-01-23,79.29,79.71,78.3901,79.23,770267.0,79.29,0.0,79.71,78.3901,79.23,1.0,770267.0
2017-01-20,79.23,79.45,78.553,78.85,502869.0,79.23,0.0,79.45,78.553,78.85,1.0,502869.0
2017-01-19,78.32,78.47,76.65,77.53,733884.0,78.32,0.0,78.47,76.65,77.53,1.0,733884.0
2017-01-18,77.79,78.66,77.495,77.8,514847.0,77.79,0.0,78.66,77.495,77.8,1.0,514847.0
2017-01-17,78.01,78.14,75.74,75.96,861604.0,78.01,0.0,78.14,75.74,75.96,1.0,861604.0
2017-01-13,76.41,76.58,75.48,75.72,298406.0,76.41,0.0,76.58,75.48,75.72,1.0,298406.0
2017-01-12,75.84,76.27,75.28,76.27,214147.0,75.84,0.0,76.27,75.28,76.27,1.0,214147.0
2017-01-11,76.24,76.37,75.1,75.43,458450.0,76.24,0.0,76.37,75.1,75.43,1.0,458450.0
2017-01-10,75.54,75.99,74.83,75.08,334294.0,75.54,0.0,75.99,74.83,75.08,1.0,334294.0
2017-01-09,75.1,75.63,74.79,75.61,268400.0,75.1,0.0,75.63,74.79,75.61,1.0,268400.0
2017-01-06,75.43,75.87,74.94,75.73,375460.0,75.43,0.0,75.87,74.94,75.73,1.0,375460.0
2017-01-05,75.21,75.72,73.98,74.22,652106.0,75.21,0.0,75.72,73.98,74.22,1.0,652106.0
2017-01-04,74.48,74.66,72.55,73.21,725221.0,74.48,0.0,74.66,72.55,73.21,1.0,725221.0
2017-01-03,72.86,74.61,72.0,74.27,775320.0,72.86,0.0,74.61,72.0,74.27,1.0,775320.0
2016-12-30,74.07,75.22,73.45,75.22,373024.0,74.07,0.0,75.22,73.45,75.22,1.0,373024.0
2016-12-29,74.84,75.56,73.93,74.38,412176.0,74.84,0.0,75.56,73.93,74.38,1.0,412176.0
2016-12-28,74.65,75.57,74.47,75.12,164305.0,74.65,0.0,75.57,74.47,75.12,1.0,164305.0
2016-12-27,75.03,75.27,74.61,74.61,130622.0,75.03,0.0,75.27,74.61,74.61,1.0,130622.0
2016-12-23,74.72,75.215,73.11,74.56,144447.0,74.72,0.0,75.215,73.11,74.56,1.0,144447.0
2016-12-22,74.87,75.03,74.21,75.03,379297.0,74.87,0.0,75.03,74.21,75.03,1.0,379297.0
2016-12-21,74.9,75.31,74.23,74.82,267908.0,74.9,0.0,75.31,74.23,74.82,1.0,267908.0
2016-12-20,74.66,74.945,73.62,74.87,339942.0,74.66,0.0,74.945,73.62,74.87,1.0,339942.0
2016-12-19,74.36,75.06,73.9,74.15,427430.0,74.36,0.0,75.06,73.9,74.15,1.0,427430.0
2016-12-16,74.22,75.43,73.86,74.59,866780.0,74.22,0.0,75.43,73.86,74.59,1.0,866780.0
2016-12-15,74.76,75.48,73.86,74.76,487675.0,74.76,0.0,75.48,73.86,74.76,1.0,487675.0
2016-12-14,74.39,75.67,72.94,73.63,768167.0,74.39,0.0,75.67,72.94,73.63,1.0,768167.0
2016-12-13,73.39,73.72,72.31,72.31,641007.0,73.39,0.0,73.72,72.31,72.31,1.0,641007.0
2016-12-12,72.11,72.97,71.52,72.35,314774.0,72.11,0.0,72.97,71.52,72.35,1.0,314774.0
2016-12-09,72.42,73.04,71.98,72.84,379692.0,72.42,0.0,73.04,71.98,72.84,1.0,379692.0
2016-12-08,72.88,74.36,72.74,74.3,582843.0,72.88,0.0,74.36,72.74,74.3,1.0,582843.0
2016-12-07,74.14,74.65,71.56,71.98,725748.0,74.14,0.0,74.65,71.56,71.98,1.0,725748.0
2016-12-06,72.2,72.24,70.21,71.06,620278.0,72.2,0.0,72.24,70.21,71.06,1.0,620278.0
2016-12-05,70.71,70.92,69.55,69.92,645671.0,70.71,0.0,70.92,69.55,69.92,1.0,645671.0
2016-12-02,69.36,70.8,69.14,70.53,643848.0,69.36,0.0,70.8,69.14,70.53,1.0,643848.0
2016-12-01,70.53,71.8,69.82,71.8,840654.0,70.53,0.0,71.8,69.82,71.8,1.0,840654.0
2016-11-30,71.31,72.11,69.9901,72.11,959782.0,71.31,0.0,72.11,69.9901,72.11,1.0,959782.0
2016-11-29,71.83,72.47,69.87,70.43,924697.0,71.83,0.0,72.47,69.87,70.43,1.0,924697.0
2016-11-28,70.37,71.77,70.23,71.15,479627.0,70.37,0.0,71.77,70.23,71.15,1.0,479627.0
2016-11-25,71.33,71.33,69.37,70.49,233396.0,71.33,0.0,71.33,69.37,70.49,1.0,233396.0
2016-11-23,70.53,70.83,69.75,70.64,295331.0,70.53,0.0,70.83,69.75,70.64,1.0,295331.0
2016-11-22,70.9,70.91,68.38,69.5,640391.0,70.9,0.0,70.91,68.38,69.5,1.0,640391.0
2016-11-21,69.4,69.55,68.55,68.7,261158.0,69.4,0.0,69.55,68.55,68.7,1.0,261158.0
2016-11-18,68.72,69.68,68.15,69.68,449398.0,68.72,0.0,69.68,68.15,69.68,1.0,449398.0
2016-11-17,69.17,69.505,67.27,68.28,533472.0,69.17,0.0,69.505,67.27,68.28,1.0,533472.0
2016-11-16,68.48,68.5,67.42,67.99,529102.0,68.48,0.0,68.5,67.42,67.99,1.0,529102.0
2016-11-15,68.07,69.54,68.06,68.76,465677.0,68.07,0.0,69.54,68.06,68.76,1.0,465677.0
2016-11-14,68.75,70.02,68.68,69.95,655469.0,68.75,0.0,70.02,68.68,69.95,1.0,655469.0
2016-11-11,69.81,70.13,68.46,69.93,963937.0,69.81,0.0,70.13,68.46,69.93,1.0,963937.0
2016-11-10,69.88,72.08,69.15,69.99,1220969.0,69.88,0.0,72.08,69.15,69.99,1.0,1220969.0
2016-11-09,69.9,71.35,66.95,67.23,1063032.0,69.9,0.0,71.35,66.95,67.23,1.0,1063032.0
2016-11-08,67.99,68.49,63.76,67.04,583196.0,67.99,0.0,68.49,63.76,67.04,1.0,583196.0
2016-11-07,67.05,67.35,65.86,66.16,763194.0,67.05,0.0,67.35,65.86,66.16,1.0,763194.0
2016-11-04,65.27,66.36,63.64,64.72,675086.0,65.27,0.0,66.36,63.64,64.72,1.0,675086.0
2016-11-03,64.81,68.72,64.33,66.16,1134934.0,64.81,0.0,68.72,64.33,66.16,1.0,1134934.0
2016-11-02,66.11,66.19,65.26,65.59,668535.0,66.11,0.0,66.19,65.26,65.59,1.0,668535.0
2016-11-01,65.58,66.91,65.04,66.39,626921.0,65.58,0.0,66.91,65.04,66.39,1.0,626921.0
2016-10-31,66.65,67.05,65.91,66.12,724944.0,66.65,0.0,67.05,65.91,66.12,1.0,724944.0
2016-10-28,65.64,66.46,64.57,64.75,357639.0,65.64,0.0,66.46,64.57,64.75,1.0,357639.0
2016-10-27,64.81,65.77,64.4,65.77,466648.0,64.81,0.0,65.77,64.4,65.77,1.0,466648.0
2016-10-26,65.81,67.68,65.3,67.68,680963.0,65.81,0.0,67.68,65.3,67.68,1.0,680963.0
2016-10-25,67.81,68.73,67.73,68.2,534749.0,67.81,0.0,68.73,67.73,68.2,1.0,534749.0
2016-10-24,68.38,68.46,67.47,67.96,512196.0,68.38,0.0,68.46,67.47,67.96,1.0,512196.0
2016-10-21,67.51,67.95,67.23,67.86,602838.0,67.51,0.0,67.95,67.23,67.86,1.0,602838.0
2016-10-20,68.1,68.41,67.7,68.41,546383.0,68.1,0.0,68.41,67.7,68.41,1.0,546383.0
2016-10-19,68.35,68.9,67.93,68.33,301097.0,68.35,0.0,68.9,67.93,68.33,1.0,301097.0
2016-10-18,68.36,68.79,67.86,68.58,475211.0,68.36,0.0,68.79,67.86,68.58,1.0,475211.0
2016-10-17,68.17,68.39,67.6,68.01,403861.0,68.17,0.0,68.39,67.6,68.01,1.0,403861.0
2016-10-14,68.04,68.625,67.65,67.65,393062.0,68.04,0.0,68.625,67.65,67.65,1.0,393062.0
2016-10-13,67.49,67.96,66.89,67.54,385838.0,67.49,0.0,67.96,66.89,67.54,1.0,385838.0
2016-10-12,67.88,68.39,67.82,68.39,296860.0,67.88,0.0,68.39,67.82,68.39,1.0,296860.0
2016-10-11,68.27,70.83,68.06,70.83,650514.0,68.27,0.0,70.83,68.06,70.83,1.0,650514.0
2016-10-10,70.73,70.88,70.31,70.81,313662.0,70.73,0.0,70.88,70.31,70.81,1.0,313662.0
2016-10-07,70.29,70.745,70.12,70.64,357183.0,70.29,0.0,70.745,70.12,70.64,1.0,357183.0
2016-10-06,70.77,70.97,70.5,70.97,560206.0,70.77,0.0,70.97,70.5,70.97,1.0,560206.0
2016-10-05,70.94,71.43,70.27,70.98,1003552.0,70.94,0.0,71.43,70.27,70.98,1.0,1003552.0
2016-10-04,71.01,71.49,70.5,70.95,993208.0,71.01,0.0,71.49,70.5,70.95,1.0,993208.0
2016-10-03,71.05,72.07,70.49,71.67,1153210.0,71.05,0.0,72.07,70.49,71.67,1.0,1153210.0
2016-09-30,71.48,72.055,71.17,71.83,1454206.0,71.48,0.0,72.055,71.17,71.83,1.0,1454206.0
2016-09-29,71.81,72.91,71.22,72.86,458820.0,71.81,0.0,72.91,71.22,72.86,1.0,458820.0
2016-09-28,72.94,72.94,72.07,72.78,703180.0,72.94,0.0,72.94,72.07,72.78,1.0,703180.0
2016-09-27,72.89,72.89,71.6901,72.32,792169.0,72.89,0.0,72.89,71.6901,72.32,1.0,792169.0
2016-09-26,72.12,72.53,71.61,72.14,482187.0,72.12,0.0,72.53,71.61,72.14,1.0,482187.0
2016-09-23,72.29,72.3,71.19,72.12,670670.0,72.29,0.0,72.3,71.19,72.12,1.0,670670.0
2016-09-22,72.41,72.55,72.0,72.21,595424.0,72.41,0.0,72.55,72.0,72.21,1.0,595424.0
2016-09-21,72.0,72.14,70.57,70.74,749057.0,72.0,0.0,72.14,70.57,70.74,1.0,749057.0
2016-09-20,70.57,70.6,69.73,70.58,791518.0,70.57,0.0,70.6,69.73,70.58,1.0,791518.0
2016-09-19,70.27,71.0,69.98,70.56,770338.0,70.27,0.0,71.0,69.98,70.56,1.0,770338.0
2016-09-16,70.23,70.7875,69.95,70.76,3542655.0,70.23,0.0,70.7875,69.95,70.76,1.0,3542655.0
2016-09-15,70.91,71.14,70.03,70.18,875106.0,70.91,0.0,71.14,70.03,70.18,1.0,875106.0
2016-09-14,70.29,70.4,69.69,69.82,656116.0,70.29,0.0,70.4,69.69,69.82,1.0,656116.0
2016-09-13,70.02,70.82,69.43,70.82,889420.0,70.02,0.0,70.82,69.43,70.82,1.0,889420.0
2016-09-12,71.0,71.01,69.03,69.4,803561.0,71.0,0.0,71.01,69.03,69.4,1.0,803561.0
2016-09-09,69.53,70.5,69.43,70.5,746180.0,69.53,0.0,70.5,69.43,70.5,1.0,746180.0
2016-09-08,70.66,72.52,70.24,72.43,850736.0,70.66,0.0,72.52,70.24,72.43,1.0,850736.0
2016-09-07,72.32,72.41,71.06,71.43,1107711.0,72.32,0.0,72.41,71.06,71.43,1.0,1107711.0
2016-09-06,71.58,71.79,70.83,71.51,1280065.0,71.58,0.0,71.79,70.83,71.51,1.0,1280065.0
2016-09-02,71.54,71.96,70.74,71.35,1332316.0,71.54,0.0,71.96,70.74,71.35,1.0,1332316.0
2016-09-01,71.42,71.74,68.96,68.96,2141192.0,71.42,0.0,71.74,68.96,68.96,1.0,2141192.0
2016-08-31,68.53,69.2,67.78,68.53,4507740.0,68.53,0.0,69.2,67.78,68.53,1.0,4507740.0
2016-08-30,68.31,68.82,68.1,68.59,1573705.0,68.31,0.0,68.82,68.1,68.59,1.0,1573705.0
2016-08-29,68.74,69.18,68.31,68.4,813940.0,68.74,0.0,69.18,68.31,68.4,1.0,813940.0
2016-08-26,68.28,68.76,67.47,68.76,818055.0,68.28,0.0,68.76,67.47,68.76,1.0,818055.0
2016-08-25,68.21,68.22,67.68,67.8,612306.0,68.21,0.0,68.22,67.68,67.8,1.0,612306.0
2016-08-24,67.67,68.55,67.54,68.52,605317.0,67.67,0.0,68.55,67.54,68.52,1.0,605317.0
2016-08-23,68.31,68.64,67.86,68.64,696031.0,68.31,0.0,68.64,67.86,68.64,1.0,696031.0
2016-08-22,68.25,68.35,67.5,67.94,801217.0,68.25,0.0,68.35,67.5,67.94,1.0,801217.0
2016-08-19,67.77,67.9,67.25,67.75,761215.0,67.77,0.0,67.9,67.25,67.75,1.0,761215.0
2016-08-18,68.06,68.71,67.4,68.25,623076.0,68.06,0.0,68.71,67.4,68.25,1.0,623076.0
2016-08-17,68.41,68.64,67.72,68.2,561161.0,68.41,0.0,68.64,67.72,68.2,1.0,561161.0
2016-08-16,68.14,69.08,68.11,68.51,490213.0,68.14,0.0,69.08,68.11,68.51,1.0,490213.0
2016-08-15,68.85,68.92,68.2,68.2,537702.0,68.85,0.0,68.92,68.2,68.2,1.0,537702.0
2016-08-12,68.12,68.36,66.86,67.0,1087206.0,68.12,0.0,68.36,66.86,67.0,1.0,1087206.0
2016-08-11,66.89,66.99,65.07,66.12,568576.0,66.89,0.0,66.99,65.07,66.12,1.0,568576.0
2016-08-10,66.04,67.09,65.86,66.64,488903.0,66.04,0.0,67.09,65.86,66.64,1.0,488903.0
2016-08-09,66.74,67.36,62.66,62.66,1155905.0,66.74,0.0,67.36,62.66,62.66,1.0,1155905.0
2016-08-08,62.77,62.97,62.18,62.45,426733.0,62.77,0.0,62.97,62.18,62.45,1.0,426733.0
2016-08-05,62.57,63.6,62.42,63.6,407138.0,62.57,0.0,63.6,62.42,63.6,1.0,407138.0
2016-08-04,63.4,63.47,62.84,63.06,278533.0,63.4,0.0,63.47,62.84,63.06,1.0,278533.0
2016-08-03,63.01,63.25,62.69,62.93,406641.0,63.01,0.0,63.25,62.69,62.93,1.0,406641.0
2016-08-02,62.93,63.69,62.64,63.25,353974.0,62.93,0.0,63.69,62.64,63.25,1.0,353974.0
2016-08-01,63.26,63.82,63.03,63.39,449235.0,63.26,0.0,63.82,63.03,63.39,1.0,449235.0
2016-07-29,63.31,63.97,63.305,63.54,609915.0,63.31,0.0,63.97,63.305,63.54,1.0,609915.0
2016-07-28,63.6,63.87,63.08,63.26,338010.0,63.6,0.0,63.87,63.08,63.26,1.0,338010.0
2016-07-27,63.28,63.39,62.69,63.2,493207.0,63.28,0.0,63.39,62.69,63.2,1.0,493207.0
2016-07-26,62.89,63.19,62.06,63.19,236448.0,62.89,0.0,63.19,62.06,63.19,1.0,236448.0
2016-07-25,63.09,63.79,62.93,63.23,358436.0,63.09,0.0,63.79,62.93,63.23,1.0,358436.0
2016-07-22,63.45,63.8,62.78,62.78,247000.0,63.45,0.0,63.8,62.78,62.78,1.0,247000.0
2016-07-21,62.75,62.79,62.08,62.31,315108.0,62.75,0.0,62.79,62.08,62.31,1.0,315108.0
2016-07-20,62.3,62.44,60.66,61.71,366967.0,62.3,0.0,62.44,60.66,61.71,1.0,366967.0
2016-07-19,61.54,62.03,61.41,61.93,249887.0,61.54,0.0,62.03,61.41,61.93,1.0,249887.0
2016-07-18,61.99,62.31,61.67,62.09,238794.0,61.99,0.0,62.31,61.67,62.09,1.0,238794.0
2016-07-15,61.91,62.57,60.19,62.2,426708.0,61.91,0.0,62.57,60.19,62.2,1.0,426708.0
2016-07-14,62.5,62.55,61.76,62.22,584632.0,62.5,0.0,62.55,61.76,62.22,1.0,584632.0
2016-07-13,62.18,62.21,61.83,61.89,263594.0,62.18,0.0,62.21,61.83,61.89,1.0,263594.0
2016-07-12,61.87,62.15,61.68,61.93,376160.0,61.87,0.0,62.15,61.68,61.93,1.0,376160.0
2016-07-11,61.73,61.92,61.4,61.76,567091.0,61.73,0.0,61.92,61.4,61.76,1.0,567091.0
2016-07-08,61.47,61.7,60.79,61.21,609740.0,61.47,0.0,61.7,60.79,61.21,1.0,609740.0
2016-07-07,60.86,61.12,60.06,60.57,584413.0,60.86,0.0,61.12,60.06,60.57,1.0,584413.0
2016-07-06,60.42,60.43,59.59,59.97,539972.0,60.42,0.0,60.43,59.59,59.97,1.0,539972.0
2016-07-05,60.31,60.61,60.0,60.13,753611.0,60.31,0.0,60.61,60.0,60.13,1.0,753611.0
2016-07-01,60.57,60.627,59.7383,59.82,569852.0,60.57,0.0,60.627,59.7383,59.82,1.0,569852.0
2016-06-30,60.0,60.08,59.14,59.59,710931.0,60.0,0.0,60.08,59.14,59.59,1.0,710931.0
2016-06-29,59.36,59.52,57.66,57.66,510300.0,59.36,0.0,59.52,57.66,57.66,1.0,510300.0
2016-06-28,57.17,57.57,56.67,57.25,419806.0,57.17,0.0,57.57,56.67,57.25,1.0,419806.0
2016-06-27,56.64,57.054,55.05,56.69,1054115.0,56.64,0.0,57.054,55.05,56.69,1.0,1054115.0
2016-06-24,57.29,59.55,57.2,58.71,3978171.0,57.29,0.0,59.55,57.2,58.71,1.0,3978171.0
2016-06-23,60.33,60.39,59.77,59.85,552368.0,60.33,0.0,60.39,59.77,59.85,1.0,552368.0
2016-06-22,59.58,59.59,58.8,59.09,667630.0,59.58,0.0,59.59,58.8,59.09,1.0,667630.0
2016-06-21,59.18,59.55,58.98,59.41,696391.0,59.18,0.0,59.55,58.98,59.41,1.0,696391.0
2016-06-20,59.41,60.46,59.37,59.96,528143.0,59.41,0.0,60.46,59.37,59.96,1.0,528143.0
2016-06-17,59.38,59.91,59.05,59.48,4671813.0,59.38,0.0,59.91,59.05,59.48,1.0,4671813.0
2016-06-16,59.49,60.23,58.75,58.76,868634.0,59.49,0.0,60.23,58.75,58.76,1.0,868634.0
2016-06-15,58.89,59.26,58.74,58.86,752924.0,58.89,0.0,59.26,58.74,58.86,1.0,752924.0
2016-06-14,58.85,60.0,58.07,59.06,702568.0,58.85,0.0,60.0,58.07,59.06,1.0,702568.0
2016-06-13,58.99,60.46,56.82,60.28,948342.0,58.99,0.0,60.46,56.82,60.28,1.0,948342.0
2016-06-10,60.28,60.33,59.09,59.64,743692.0,60.28,0.0,60.33,59.09,59.64,1.0,743692.0
2016-06-09,60.18,60.24,59.42,59.75,801530.0,60.18,0.0,60.24,59.42,59.75,1.0,801530.0
2016-06-08,59.9,60.26,59.19,59.48,621791.0,59.9,0.0,60.26,59.19,59.48,1.0,621791.0
2016-06-07,59.64,59.795,58.69,59.08,927315.0,59.64,0.0,59.795,58.69,59.08,1.0,927315.0
2016-06-06,59.06,60.16,58.94,59.87,1108050.0,59.06,0.0,60.16,58.94,59.87,1.0,1108050.0
2016-06-03,59.9,60.07,59.0,59.88,1223030.0,59.9,0.0,60.07,59.0,59.88,1.0,1223030.0
2016-06-02,60.19,60.2,59.15,59.31,859865.0,60.19,0.0,60.2,59.15,59.31,1.0,859865.0
2016-06-01,59.63,59.87,57.78,57.78,1210662.0,59.63,0.0,59.87,57.78,57.78,1.0,1210662.0
2016-05-31,57.83,57.97,56.78,57.65,861376.0,57.83,0.0,57.97,56.78,57.65,1.0,861376.0
2016-05-27,57.52,57.65,56.71,57.16,345765.0,57.52,0.0,57.65,56.71,57.16,1.0,345765.0
2016-05-26,57.15,58.32,56.993,58.06,409678.0,57.15,0.0,58.32,56.993,58.06,1.0,409678.0
2016-05-25,58.08,59.18,57.91,59.0,296188.0,58.08,0.0,59.18,57.91,59.0,1.0,296188.0
2016-05-24,59.0,59.09,57.69,58.1,488334.0,59.0,0.0,59.09,57.69,58.1,1.0,488334.0
2016-05-23,57.78,59.84,57.63,59.43,626501.0,57.78,0.0,59.84,57.63,59.43,1.0,626501.0
2016-05-20,59.4,59.53,57.61,57.67,860334.0,59.4,0.0,59.53,57.61,57.67,1.0,860334.0
2016-05-19,57.58,57.81,56.8425,56.92,717639.0,57.58,0.0,57.81,56.8425,56.92,1.0,717639.0
2016-05-18,57.25,59.01,56.77,58.0,422958.0,57.25,0.0,59.01,56.77,58.0,1.0,422958.0
2016-05-17,57.19,57.93,56.72,57.68,532025.0,57.19,0.0,57.93,56.72,57.68,1.0,532025.0
2016-05-16,57.65,58.79,56.72,58.5,598644.0,57.65,0.0,58.79,56.72,58.5,1.0,598644.0
2016-05-13,59.12,59.29,55.3904,58.31,648216.0,59.12,0.0,59.29,55.3904,58.31,1.0,648216.0
2016-05-12,58.5,59.97,57.67,59.46,998932.0,58.5,0.0,59.97,57.67,59.46,1.0,998932.0
2016-05-11,59.42,59.95,59.044,59.15,492905.0,59.42,0.0,59.95,59.044,59.15,1.0,492905.0
2016-05-10,59.24,59.41,57.53,58.4,513767.0,59.24,0.0,59.41,57.53,58.4,1.0,513767.0
2016-05-09,58.4,58.95,57.955,58.03,411586.0,58.4,0.0,58.95,57.955,58.03,1.0,411586.0
2016-05-06,58.47,58.96,57.6,58.18,622707.0,58.47,0.0,58.96,57.6,58.18,1.0,622707.0
2016-05-05,58.45,59.03,58.03,58.61,627940.0,58.45,0.0,59.03,58.03,58.61,1.0,627940.0
2016-05-04,58.51,58.58,57.875,58.18,317368.0,58.51,0.0,58.58,57.875,58.18,1.0,317368.0
2016-05-03,58.42,59.19,58.1,58.82,738685.0,58.42,0.0,59.19,58.1,58.82,1.0,738685.0
2016-05-02,59.05,59.41,56.77,57.8,1061307.0,59.05,0.0,59.41,56.77,57.8,1.0,1061307.0
2016-04-29,57.25,57.93,56.25,57.51,225170.0,57.25,0.0,57.93,56.25,57.51,1.0,225170.0
2016-04-28,57.49,58.18,56.48,56.71,890531.0,57.49,0.0,58.18,56.48,56.71,1.0,890531.0
2016-04-27,56.68,58.09,56.63,57.73,163201.0,56.68,0.0,58.09,56.63,57.73,1.0,163201.0
2016-04-26,57.84,58.6499,57.49,57.59,399046.0,57.84,0.0,58.6499,57.49,57.59,1.0,399046.0
2016-04-25,57.59,57.92,54.45,55.03,504114.0,57.59,0.0,57.92,54.45,55.03,1.0,504114.0
2016-04-22,55.32,55.6399,54.93,55.27,173691.0,55.32,0.0,55.6399,54.93,55.27,1.0,173691.0
2016-04-21,55.34,55.63,54.6,55.59,247602.0,55.34,0.0,55.63,54.6,55.59,1.0,247602.0
2016-04-20,55.57,57.4748,55.33,56.85,535492.0,55.57,0.0,57.4748,55.33,56.85,1.0,535492.0
2016-04-19,56.97,57.78,56.86,57.03,249938.0,56.97,0.0,57.78,56.86,57.03,1.0,249938.0
2016-04-18,56.82,57.19,56.54,57.19,198426.0,56.82,0.0,57.19,56.54,57.19,1.0,198426.0
2016-04-15,57.33,57.63,56.865,57.31,284583.0,57.33,0.0,57.63,56.865,57.31,1.0,284583.0
2016-04-14,57.39,58.7,57.34,58.38,174366.0,57.39,0.0,58.7,57.34,58.38,1.0,174366.0
2016-04-13,58.2,58.45,57.35,57.7,218577.0,58.2,0.0,58.45,57.35,57.7,1.0,218577.0
2016-04-12,57.45,57.8,57.04,57.35,156906.0,57.45,0.0,57.8,57.04,57.35,1.0,156906.0
2016-04-11,57.24,57.9,57.08,57.72,171247.0,57.24,0.0,57.9,57.08,57.72,1.0,171247.0
2016-04-08,57.56,58.44,57.16,57.88,238921.0,57.56,0.0,58.44,57.16,57.88,1.0,238921.0
2016-04-07,57.57,58.59,57.35,58.44,302505.0,57.57,0.0,58.59,57.35,58.44,1.0,302505.0
2016-04-06,58.63,58.82,58.2,58.6,220180.0,58.63,0.0,58.82,58.2,58.6,1.0,220180.0
2016-04-05,58.43,58.88,57.81,58.5,474682.0,58.43,0.0,58.88,57.81,58.5,1.0,474682.0
2016-04-04,58.82,59.15,58.3,58.54,302724.0,58.82,0.0,59.15,58.3,58.54,1.0,302724.0
2016-04-01,58.5,58.5925,57.34,57.69,1024595.0,58.5,0.0,58.5925,57.34,57.69,1.0,1024595.0
2016-03-31,57.95,58.5,57.87,58.21,503862.0,57.95,0.0,58.5,57.87,58.21,1.0,503862.0
2016-03-30,58.35,58.42,57.61,58.34,516995.0,58.35,0.0,58.42,57.61,58.34,1.0,516995.0
2016-03-29,58.21,58.44,56.92,56.92,1001893.0,58.21,0.0,58.44,56.92,56.92,1.0,1001893.0
2016-03-28,56.93,57.46,56.49,56.67,320577.0,56.93,0.0,57.46,56.49,56.67,1.0,320577.0
2016-03-24,56.59,56.875,56.05,56.59,328856.0,56.59,0.0,56.875,56.05,56.59,1.0,328856.0
2016-03-23,56.79,57.29,56.77,57.16,179870.0,56.79,0.0,57.29,56.77,57.16,1.0,179870.0
2016-03-22,57.34,57.4,56.355,56.61,366985.0,57.34,0.0,57.4,56.355,56.61,1.0,366985.0
2016-03-21,57.11,57.24,56.8,57.02,219694.0,57.11,0.0,57.24,56.8,57.02,1.0,219694.0
2016-03-18,57.02,57.61,56.98,57.08,512461.0,57.02,0.0,57.61,56.98,57.08,1.0,512461.0
2016-03-17,57.09,57.35,55.5,56.44,628065.0,57.09,0.0,57.35,55.5,56.44,1.0,628065.0
2016-03-16,56.38,56.88,53.32,53.32,798075.0,56.38,0.0,56.88,53.32,53.32,1.0,798075.0
2016-03-15,53.4,53.42,52.24,52.84,355095.0,53.4,0.0,53.42,52.24,52.84,1.0,355095.0
2016-03-14,53.04,53.41,52.75,53.19,294370.0,53.04,0.0,53.41,52.75,53.19,1.0,294370.0
2016-03-11,53.46,53.53,52.64,52.85,525069.0,53.46,0.0,53.53,52.64,52.85,1.0,525069.0
2016-03-10,52.59,53.1,52.055,53.1,305023.0,52.59,0.0,53.1,52.055,53.1,1.0,305023.0
2016-03-09,53.02,53.07,52.43,52.72,187122.0,53.02,0.0,53.07,52.43,52.72,1.0,187122.0
2016-03-08,52.49,52.94,52.21,52.54,185010.0,52.49,0.0,52.94,52.21,52.54,1.0,185010.0
2016-03-07,52.75,53.14,50.3421,52.3,255731.0,52.75,0.0,53.14,50.3421,52.3,1.0,255731.0
2016-03-04,52.55,52.85,51.85,52.35,327911.0,52.55,0.0,52.85,51.85,52.35,1.0,327911.0
2016-03-03,52.35,52.73,51.39,51.62,213397.0,52.35,0.0,52.73,51.39,51.62,1.0,213397.0
2016-03-02,51.59,51.77,50.491,51.6,232155.0,51.59,0.0,51.77,50.491,51.6,1.0,232155.0
2016-03-01,51.81,51.83,50.49,50.95,274521.0,51.81,0.0,51.83,50.49,50.95,1.0,274521.0
2016-02-29,50.37,51.32,49.96,50.29,332478.0,50.37,0.0,51.32,49.96,50.29,1.0,332478.0
2016-02-26,50.18,50.63,45.85,50.33,315230.0,50.18,0.0,50.63,45.85,50.33,1.0,315230.0
2016-02-25,50.21,50.28,46.77,48.97,440366.0,50.21,0.0,50.28,46.77,48.97,1.0,440366.0
2016-02-24,48.85,48.89,47.36,47.8,305082.0,48.85,0.0,48.89,47.36,47.8,1.0,305082.0
2016-02-23,48.33,48.87,47.61,48.41,287179.0,48.33,0.0,48.87,47.61,48.41,1.0,287179.0
2016-02-22,48.36,48.73,47.575,47.66,363892.0,48.36,0.0,48.73,47.575,47.66,1.0,363892.0
2016-02-19,47.36,48.04,46.9,47.23,633131.0,47.36,0.0,48.04,46.9,47.23,1.0,633131.0
2016-02-18,47.43,48.01,46.0301,46.63,928127.0,47.43,0.0,48.01,46.0301,46.63,1.0,928127.0
2016-02-17,46.51,46.99,44.55,45.67,817231.0,46.51,0.0,46.99,44.55,45.67,1.0,817231.0
2016-02-16,45.25,45.48,44.43,45.15,248072.0,45.25,0.0,45.48,44.43,45.15,1.0,248072.0
2016-02-12,44.65,44.755,43.3,43.52,399944.0,44.65,0.0,44.755,43.3,43.52,1.0,399944.0
2016-02-11,43.25,43.95,43.0,43.54,280226.0,43.25,0.0,43.95,43.0,43.54,1.0,280226.0
2016-02-10,44.19,45.75,41.3,45.4,530555.0,44.19,0.0,45.75,41.3,45.4,1.0,530555.0
2016-02-09,45.15,48.04,42.95,44.77,828445.0,45.15,0.0,48.04,42.95,44.77,1.0,828445.0
2016-02-08,45.18,45.26,43.76,45.23,1110871.0,45.18,0.0,45.26,43.76,45.23,1.0,1110871.0
2016-02-05,45.72,46.27,45.04,46.27,351222.0,45.72,0.0,46.27,45.04,46.27,1.0,351222.0
2016-02-04,46.49,48.2,45.98,47.07,365743.0,46.49,0.0,48.2,45.98,47.07,1.0,365743.0
2016-02-03,47.19,47.44,46.586,47.0,397348.0,47.19,0.0,47.44,46.586,47.0,1.0,397348.0
2016-02-02,46.6,47.84,46.28,47.52,350650.0,46.6,0.0,47.84,46.28,47.52,1.0,350650.0
2016-02-01,47.85,48.21,45.74,46.74,404913.0,47.85,0.0,48.21,45.74,46.74,1.0,404913.0
2016-01-29,47.0,47.56,46.05,46.05,488339.0,47.0,0.0,47.56,46.05,46.05,1.0,488339.0
2016-01-28,45.95,46.27,45.344,46.27,561313.0,45.95,0.0,46.27,45.344,46.27,1.0,561313.0
2016-01-27,45.75,47.17,45.19,47.17,497898.0,45.75,0.0,47.17,45.19,47.17,1.0,497898.0
2016-01-26,47.23,47.54,46.85,47.45,250186.0,47.23,0.0,47.54,46.85,47.45,1.0,250186.0
2016-01-25,47.22,48.2,47.16,48.17,184191.0,47.22,0.0,48.2,47.16,48.17,1.0,184191.0
2016-01-22,48.29,48.39,47.38,47.68,228755.0,48.29,0.0,48.39,47.38,47.68,1.0,228755.0
2016-01-21,47.22,47.94,46.6,47.54,304392.0,47.22,0.0,47.94,46.6,47.54,1.0,304392.0
2016-01-20,47.5,47.99,45.8,47.09,438937.0,47.5,0.0,47.99,45.8,47.09,1.0,438937.0
2016-01-19,47.91,48.62,47.48,48.62,228087.0,47.91,0.0,48.62,47.48,48.62,1.0,228087.0
2016-01-15,48.02,49.81,47.65,48.55,301839.0,48.02,0.0,49.81,47.65,48.55,1.0,301839.0
2016-01-14,49.55,50.06,48.3655,48.53,154701.0,49.55,0.0,50.06,48.3655,48.53,1.0,154701.0
2016-01-13,48.33,50.62,48.15,50.5,383466.0,48.33,0.0,50.62,48.15,50.5,1.0,383466.0
2016-01-12,50.27,50.66,49.44,49.59,262650.0,50.27,0.0,50.66,49.44,49.59,1.0,262650.0
2016-01-11,49.52,50.39,49.14,49.63,315016.0,49.52,0.0,50.39,49.14,49.63,1.0,315016.0
2016-01-08,49.57,50.3704,49.16,49.16,262576.0,49.57,0.0,50.3704,49.16,49.16,1.0,262576.0
2016-01-07,48.81,49.38,48.07,48.43,348234.0,48.81,0.0,49.38,48.07,48.43,1.0,348234.0
2016-01-06,49.28,49.82,49.04,49.21,205593.0,49.28,0.0,49.82,49.04,49.21,1.0,205593.0
2016-01-05,49.94,50.7,49.445,50.7,241213.0,49.94,0.0,50.7,49.445,50.7,1.0,241213.0
2016-01-04,50.71,51.245,49.9,51.24,364764.0,50.71,0.0,51.245,49.9,51.24,1.0,364764.0
2015-12-31,51.86,52.46,51.73,51.84,181034.0,51.86,0.0,52.46,51.73,51.84,1.0,181034.0
2015-12-30,52.09,52.21,51.4801,51.75,172499.0,52.09,0.0,52.21,51.4801,51.75,1.0,172499.0
2015-12-29,51.92,52.25,51.18,51.58,131449.0,51.92,0.0,52.25,51.18,51.58,1.0,131449.0
2015-12-28,51.24,51.26,50.38,50.87,117203.0,51.24,0.0,51.26,50.38,50.87,1.0,117203.0
2015-12-24,50.88,51.1,50.85,51.01,69730.0,50.88,0.0,51.1,50.85,51.01,1.0,69730.0
2015-12-23,50.9,51.2609,50.48,50.97,131167.0,50.9,0.0,51.2609,50.48,50.97,1.0,131167.0
2015-12-22,50.83,50.87,50.04,50.85,128794.0,50.83,0.0,50.87,50.04,50.85,1.0,128794.0
2015-12-21,50.53,50.9,50.18,50.65,202408.0,50.53,0.0,50.9,50.18,50.65,1.0,202408.0
2015-12-18,50.54,50.98,49.61,50.98,737986.0,50.54,0.0,50.98,49.61,50.98,1.0,737986.0
2015-12-17,51.24,51.865,50.67,51.48,321721.0,51.24,0.0,51.865,50.67,51.48,1.0,321721.0
2015-12-16,51.51,51.59,49.99,50.21,269223.0,51.51,0.0,51.59,49.99,50.21,1.0,269223.0
2015-12-15,49.88,50.45,49.39,49.44,352372.0,49.88,0.0,50.45,49.39,49.44,1.0,352372.0
2015-12-14,49.18,50.892,48.99,50.16,533021.0,49.18,0.0,50.892,48.99,50.16,1.0,533021.0
2015-12-11,50.3,50.88,49.95,50.43,523019.0,50.3,0.0,50.88,49.95,50.43,1.0,523019.0
2015-12-10,50.91,51.62,50.81,51.41,465998.0,50.91,0.0,51.62,50.81,51.41,1.0,465998.0
2015-12-09,51.51,52.32,51.165,51.77,214180.0,51.51,0.0,52.32,51.165,51.77,1.0,214180.0
2015-12-08,52.03,52.63,51.85,52.1,257719.0,52.03,0.0,52.63,51.85,52.1,1.0,257719.0
2015-12-07,52.6,52.78,51.54,52.09,343095.0,52.6,0.0,52.78,51.54,52.09,1.0,343095.0
2015-12-04,52.27,52.42,51.38,51.54,187891.0,52.27,0.0,52.42,51.38,51.54,1.0,187891.0
2015-12-03,51.55,53.39,51.16,53.23,254501.0,51.55,0.0,53.39,51.16,53.23,1.0,254501.0
2015-12-02,53.29,53.66,53.13,53.49,154703.0,53.29,0.0,53.66,53.13,53.49,1.0,154703.0
2015-12-01,53.51,53.55,52.87,52.95,201223.0,53.51,0.0,53.55,52.87,52.95,1.0,201223.0
2015-11-30,52.81,52.89,52.14,52.85,96162.0,52.81,0.0,52.89,52.14,52.85,1.0,96162.0
2015-11-27,52.75,52.88,52.44,52.7,55053.0,52.75,0.0,52.88,52.44,52.7,1.0,55053.0
2015-11-25,52.77,52.84,52.27,52.41,82433.0,52.77,0.0,52.84,52.27,52.41,1.0,82433.0
2015-11-24,52.42,52.65,52.01,52.65,146787.0,52.42,0.0,52.65,52.01,52.65,1.0,146787.0
2015-11-23,52.88,53.5,52.79,53.13,217370.0,52.88,0.0,53.5,52.79,53.13,1.0,217370.0
2015-11-20,53.3,53.5,52.88,53.5,110131.0,53.3,0.0,53.5,52.88,53.5,1.0,110131.0
2015-11-19,53.36,54.09,53.01,54.07,177905.0,53.36,0.0,54.09,53.01,54.07,1.0,177905.0
2015-11-18,54.17,54.29,53.14,53.52,181064.0,54.17,0.0,54.29,53.14,53.52,1.0,181064.0
2015-11-17,53.4,53.49,52.54,53.01,285385.0,53.4,0.0,53.49,52.54,53.01,1.0,285385.0
2015-11-16,52.9,53.12,51.91,52.47,157327.0,52.9,0.0,53.12,51.91,52.47,1.0,157327.0
2015-11-13,52.59,54.68,52.54,53.95,189804.0,52.59,0.0,54.68,52.54,53.95,1.0,189804.0
2015-11-12,54.23,54.39,53.57,53.86,383974.0,54.23,0.0,54.39,53.57,53.86,1.0,383974.0
2015-11-11,54.22,54.32,53.93,54.15,204244.0,54.22,0.0,54.32,53.93,54.15,1.0,204244.0
2015-11-10,54.07,54.19,53.335,53.49,140949.0,54.07,0.0,54.19,53.335,53.49,1.0,140949.0
2015-11-09,53.69,54.0,53.05,54.0,223311.0,53.69,0.0,54.0,53.05,54.0,1.0,223311.0
2015-11-06,54.01,54.06,53.14,53.15,107913.0,54.01,0.0,54.06,53.14,53.15,1.0,107913.0
2015-11-05,53.64,54.29,52.961,53.78,104292.0,53.64,0.0,54.29,52.961,53.78,1.0,104292.0
2015-11-04,53.95,54.915,53.7,54.56,110417.0,53.95,0.0,54.915,53.7,54.56,1.0,110417.0
2015-11-03,54.36,54.51,53.56,54.02,125425.0,54.36,0.0,54.51,53.56,54.02,1.0,125425.0
2015-11-02,54.11,54.79,53.77,53.82,311870.0,54.11,0.0,54.79,53.77,53.82,1.0,311870.0
2015-10-30,53.77,54.6,53.74,54.43,244884.0,53.77,0.0,54.6,53.74,54.43,1.0,244884.0
2015-10-29,54.4,54.95,52.97,52.97,277069.0,54.4,0.0,54.95,52.97,52.97,1.0,277069.0
2015-10-28,52.98,53.27,52.34,52.84,206702.0,52.98,0.0,53.27,52.34,52.84,1.0,206702.0
2015-10-27,52.7,53.81,52.52,53.48,124418.0,52.7,0.0,53.81,52.52,53.48,1.0,124418.0
2015-10-26,53.5,53.69,53.03,53.03,129107.0,53.5,0.0,53.69,53.03,53.03,1.0,129107.0
2015-10-23,53.16,53.71,52.75,53.39,132745.0,53.16,0.0,53.71,52.75,53.39,1.0,132745.0
2015-10-22,52.99,53.58,52.61,52.85,131311.0,52.99,0.0,53.58,52.61,52.85,1.0,131311.0
2015-10-21,52.61,54.76,52.51,54.43,159656.0,52.61,0.0,54.76,52.51,54.43,1.0,159656.0
2015-10-20,54.5,55.37,54.46,55.0,60267.0,54.5,0.0,55.37,54.46,55.0,1.0,60267.0
2015-10-19,55.05,55.65,54.79,55.5,57817.0,55.05,0.0,55.65,54.79,55.5,1.0,57817.0
2015-10-16,55.6,55.82,55.14,55.14,159665.0,55.6,0.0,55.82,55.14,55.14,1.0,159665.0
2015-10-15,55.45,55.52,54.79,54.79,129445.0,55.45,0.0,55.52,54.79,54.79,1.0,129445.0
2015-10-14,54.44,59.7,54.38,55.18,90123.0,54.44,0.0,59.7,54.38,55.18,1.0,90123.0
2015-10-13,55.02,55.4,54.76,54.76,86072.0,55.02,0.0,55.4,54.76,54.76,1.0,86072.0
2015-10-12,55.13,55.42,54.97,55.28,76283.0,55.13,0.0,55.42,54.97,55.28,1.0,76283.0
2015-10-09,55.19,55.3499,54.76,55.24,99588.0,55.19,0.0,55.3499,54.76,55.24,1.0,99588.0
2015-10-08,55.16,55.36,54.18,54.47,136453.0,55.16,0.0,55.36,54.18,54.47,1.0,136453.0
2015-10-07,54.38,55.36,54.06,54.86,169028.0,54.38,0.0,55.36,54.06,54.86,1.0,169028.0
2015-10-06,54.76,55.62,54.71,55.13,148554.0,54.76,0.0,55.62,54.71,55.13,1.0,148554.0
2015-10-05,55.18,55.46,53.52,54.01,177336.0,55.18,0.0,55.46,53.52,54.01,1.0,177336.0
2015-10-02,53.9,53.93,52.56,52.89,214907.0,53.9,0.0,53.93,52.56,52.89,1.0,214907.0
2015-10-01,53.39,53.45,50.82,51.11,495326.0,53.39,0.0,53.45,50.82,51.11,1.0,495326.0
2015-09-30,51.17,51.22,50.06,50.06,328281.0,51.17,0.0,51.22,50.06,50.06,1.0,328281.0
2015-09-29,49.72,50.88,49.46,50.81,313391.0,49.72,0.0,50.88,49.46,50.81,1.0,313391.0
2015-09-28,50.71,53.0,50.53,53.0,221909.0,50.71,0.0,53.0,50.53,53.0,1.0,221909.0
2015-09-25,53.17,53.49,52.815,53.42,207154.0,53.17,0.0,53.49,52.815,53.42,1.0,207154.0
2015-09-24,53.04,53.63,52.57,53.63,126544.0,53.04,0.0,53.63,52.57,53.63,1.0,126544.0
2015-09-23,54.0,55.05,53.89,54.98,96870.0,54.0,0.0,55.05,53.89,54.98,1.0,96870.0
2015-09-22,54.94,55.31,54.49,55.06,97336.0,54.94,0.0,55.31,54.49,55.06,1.0,97336.0
2015-09-21,55.59,55.7,54.53,54.77,178342.0,55.59,0.0,55.7,54.53,54.77,1.0,178342.0
2015-09-18,54.44,55.33,54.39,54.77,265472.0,54.44,0.0,55.33,54.39,54.77,1.0,265472.0
2015-09-17,55.29,56.03,54.3,54.3,225567.0,55.29,0.0,56.03,54.3,54.3,1.0,225567.0
2015-09-16,54.46,54.58,54.0,54.34,114222.0,54.46,0.0,54.58,54.0,54.34,1.0,114222.0
2015-09-15,54.25,54.28,53.0,53.46,133714.0,54.25,0.0,54.28,53.0,53.46,1.0,133714.0
2015-09-14,53.37,53.66,53.08,53.66,78788.0,53.37,0.0,53.66,53.08,53.66,1.0,78788.0
2015-09-11,53.61,53.69,53.16,53.5,103874.0,53.61,0.0,53.69,53.16,53.5,1.0,103874.0
2015-09-10,53.64,54.62,53.49,54.2,92315.0,53.64,0.0,54.62,53.49,54.2,1.0,92315.0
2015-09-09,54.24,55.47,54.21,55.05,173440.0,54.24,0.0,55.47,54.21,55.05,1.0,173440.0
2015-09-08,54.69,54.82,53.89,54.29,176418.0,54.69,0.0,54.82,53.89,54.29,1.0,176418.0
2015-09-04,53.64,54.13,53.07,53.65,224228.0,53.64,0.0,54.13,53.07,53.65,1.0,224228.0
2015-09-03,54.06,54.87,53.77,53.81,241513.0,54.06,0.0,54.87,53.77,53.81,1.0,241513.0
2015-09-02,53.66,53.99,52.89,53.67,353283.0,53.66,0.0,53.99,52.89,53.67,1.0,353283.0
2015-09-01,53.12,53.85,52.62,52.63,409494.0,53.12,0.0,53.85,52.62,52.63,1.0,409494.0
2015-08-31,53.53,53.67,53.03,53.34,197962.0,53.53,0.0,53.67,53.03,53.34,1.0,197962.0
2015-08-28,53.6,53.8,53.085,53.6,175433.0,53.6,0.0,53.8,53.085,53.6,1.0,175433.0
2015-08-27,53.8,53.84,52.63,52.92,139813.0,53.8,0.0,53.84,52.63,52.92,1.0,139813.0
2015-08-26,52.34,53.02,50.97,52.75,230674.0,52.34,0.0,53.02,50.97,52.75,1.0,230674.0
2015-08-25,51.63,52.8,51.29,52.46,313897.0,51.63,0.0,52.8,51.29,52.46,1.0,313897.0
2015-08-24,50.87,53.38,48.28,49.27,563919.0,50.87,0.0,53.38,48.28,49.27,1.0,563919.0
2015-08-21,52.72,53.95,52.1315,53.78,231040.0,52.72,0.0,53.95,52.1315,53.78,1.0,231040.0
2015-08-20,54.2,55.38,54.1201,55.23,292754.0,54.2,0.0,55.38,54.1201,55.23,1.0,292754.0
2015-08-19,55.64,55.98,55.35,55.44,285895.0,55.64,0.0,55.98,55.35,55.44,1.0,285895.0
2015-08-18,55.61,55.66,54.94,54.94,119145.0,55.61,0.0,55.66,54.94,54.94,1.0,119145.0
2015-08-17,55.2,55.24,53.48,53.48,250079.0,55.2,0.0,55.24,53.48,53.48,1.0,250079.0
2015-08-14,53.78,53.88,53.28,53.6032,102725.0,53.78,0.0,53.88,53.28,53.6032,1.0,102725.0
2015-08-13,53.91,54.06,53.16,53.29,140285.0,53.91,0.0,54.06,53.16,53.29,1.0,140285.0
2015-08-12,53.39,53.51,52.88,53.31,248408.0,53.39,0.0,53.51,52.88,53.31,1.0,248408.0
2015-08-11,53.69,53.84,53.18,53.51,189208.0,53.69,0.0,53.84,53.18,53.51,1.0,189208.0
2015-08-10,53.87,53.95,53.15,53.18,186199.0,53.87,0.0,53.95,53.15,53.18,1.0,186199.0
2015-08-07,53.01,53.3,52.02,52.93,148104.0,53.01,0.0,53.3,52.02,52.93,1.0,148104.0
2015-08-06,52.96,54.01,51.13,54.01,357291.0,52.96,0.0,54.01,51.13,54.01,1.0,357291.0
2015-08-05,53.75,55.92,53.0,55.65,440860.0,53.75,0.0,55.92,53.0,55.65,1.0,440860.0
2015-08-04,55.4,55.51,54.34,54.34,280038.0,55.4,0.0,55.51,54.34,54.34,1.0,280038.0
2015-08-03,54.06,54.26,53.32,53.49,493799.0,54.06,0.0,54.26,53.32,53.49,1.0,493799.0
2015-07-31,53.53,53.69,53.38,53.6,121535.0,53.53,0.0,53.69,53.38,53.6,1.0,121535.0
2015-07-30,53.58,53.8,52.75,53.0,148126.0,53.58,0.0,53.8,52.75,53.0,1.0,148126.0
2015-07-29,53.08,53.2,52.43,52.53,260066.0,53.08,0.0,53.2,52.43,52.53,1.0,260066.0
2015-07-28,52.59,52.91,51.9125,52.25,135645.0,52.59,0.0,52.91,51.9125,52.25,1.0,135645.0
2015-07-27,52.23,53.05,51.98,53.05,96012.0,52.23,0.0,53.05,51.98,53.05,1.0,96012.0
2015-07-24,53.22,53.94,53.015,53.37,90519.0,53.22,0.0,53.94,53.015,53.37,1.0,90519.0
2015-07-23,53.2,54.56,53.08,54.56,240751.0,53.2,0.0,54.56,53.08,54.56,1.0,240751.0
2015-07-22,54.33,54.53,54.11,54.25,434723.0,54.33,0.0,54.53,54.11,54.25,1.0,434723.0
2015-07-21,54.02,54.67,53.95,54.51,91071.0,54.02,0.0,54.67,53.95,54.51,1.0,91071.0
2015-07-20,54.44,54.65,54.28,54.55,316187.0,54.44,0.0,54.65,54.28,54.55,1.0,316187.0
2015-07-17,54.4,54.48,54.0,54.26,251755.0,54.4,0.0,54.48,54.0,54.26,1.0,251755.0
2015-07-16,54.15,54.99,53.66,53.8,247104.0,54.15,0.0,54.99,53.66,53.8,1.0,247104.0
2015-07-15,53.49,53.6288,52.4,52.99,940660.0,53.49,0.0,53.6288,52.4,52.99,1.0,940660.0
2015-07-14,53.09,53.36,52.8,53.15,139061.0,53.09,0.0,53.36,52.8,53.15,1.0,139061.0
2015-07-13,53.01,53.28,51.0,52.2,1629367.0,53.01,0.0,53.28,51.0,52.2,1.0,1629367.0
2015-07-10,52.09,52.51,51.72,51.72,117813.0,52.09,0.0,52.51,51.72,51.72,1.0,117813.0
2015-07-09,51.39,51.92,51.31,51.47,166982.0,51.39,0.0,51.92,51.31,51.47,1.0,166982.0
2015-07-08,51.14,51.61,50.91,51.42,205373.0,51.14,0.0,51.61,50.91,51.42,1.0,205373.0
2015-07-07,51.68,52.05,50.9,51.8,633142.0,51.68,0.0,52.05,50.9,51.8,1.0,633142.0
2015-07-06,51.99,52.26,51.36,51.51,156423.0,51.99,0.0,52.26,51.36,51.51,1.0,156423.0
2015-07-02,51.83,52.565,51.64,52.21,425382.0,51.83,0.0,52.565,51.64,52.21,1.0,425382.0
2015-07-01,52.07,52.2,50.9,51.39,648123.0,52.07,0.0,52.2,50.9,51.39,1.0,648123.0
2015-06-30,51.16,51.8,50.55,51.45,888332.0,51.16,0.0,51.8,50.55,51.45,1.0,888332.0
2015-06-29,51.09,51.82,50.62,51.56,479158.0,51.09,0.0,51.82,50.62,51.56,1.0,479158.0
2015-06-26,52.03,52.08,50.4052,50.45,853954.0,52.03,0.0,52.08,50.4052,50.45,1.0,853954.0
2015-06-25,50.27,51.13,49.99,50.77,273660.0,50.27,0.0,51.13,49.99,50.77,1.0,273660.0
2015-06-24,50.81,51.94,50.7,51.9,282159.0,50.81,0.0,51.94,50.7,51.9,1.0,282159.0
2015-06-23,51.85,52.62,51.74,52.26,169298.0,51.85,0.0,52.62,51.74,52.26,1.0,169298.0
2015-06-22,52.21,52.44,52.02,52.05,117881.0,52.21,0.0,52.44,52.02,52.05,1.0,117881.0
2015-06-19,52.04,52.42,51.88,52.42,304967.0,52.04,0.0,52.42,51.88,52.42,1.0,304967.0
2015-06-18,52.16,52.58,51.86,52.0,166825.0,52.16,0.0,52.58,51.86,52.0,1.0,166825.0
2015-06-17,51.97,52.23,51.8,51.85,121324.0,51.97,0.0,52.23,51.8,51.85,1.0,121324.0
2015-06-16,51.78,52.07,51.5,51.63,140974.0,51.78,0.0,52.07,51.5,51.63,1.0,140974.0
2015-06-15,51.82,52.36,51.69,52.3,246212.0,51.82,0.0,52.36,51.69,52.3,1.0,246212.0
2015-06-12,52.53,52.65,52.1,52.61,127917.0,52.53,0.0,52.65,52.1,52.61,1.0,127917.0
2015-06-11,52.66,52.74,52.43,52.54,165044.0,52.66,0.0,52.74,52.43,52.54,1.0,165044.0
2015-06-10,52.56,52.92,51.91,52.54,131492.0,52.56,0.0,52.92,51.91,52.54,1.0,131492.0
2015-06-09,52.26,52.36,51.11,51.94,199999.0,52.26,0.0,52.36,51.11,51.94,1.0,199999.0
2015-06-08,52.12,52.7,51.9294,52.46,261427.0,52.12,0.0,52.7,51.9294,52.46,1.0,261427.0
2015-06-05,52.74,52.8,51.94,52.31,228788.0,52.74,0.0,52.8,51.94,52.31,1.0,228788.0
2015-06-04,52.23,52.5,51.99,51.99,337425.0,52.23,0.0,52.5,51.99,51.99,1.0,337425.0
2015-06-03,52.16,53.6,51.98,53.2,371717.0,52.16,0.0,53.6,51.98,53.2,1.0,371717.0
2015-06-02,53.19,53.41,52.57,53.22,399792.0,53.19,0.0,53.41,52.57,53.22,1.0,399792.0
2015-06-01,53.22,53.87,53.135,53.75,347999.0,53.22,0.0,53.87,53.135,53.75,1.0,347999.0
2015-05-29,53.48,53.8,52.89,53.31,330080.0,53.48,0.0,53.8,52.89,53.31,1.0,330080.0
2015-05-28,53.36,53.8,52.555,53.73,654900.0,53.36,0.0,53.8,52.555,53.73,1.0,654900.0
2015-05-27,53.68,54.02,53.04,54.0,592886.0,53.68,0.0,54.02,53.04,54.0,1.0,592886.0
2015-05-26,53.66,54.32,51.29,52.71,812884.0,53.66,0.0,54.32,51.29,52.71,1.0,812884.0
2015-05-22,52.13,53.52,51.86,52.5,279986.0,52.13,0.0,53.52,51.86,52.5,1.0,279986.0
2015-05-21,52.62,53.1,52.01,52.7,353813.0,52.62,0.0,53.1,52.01,52.7,1.0,353813.0
2015-05-20,52.64,53.07,52.2501,53.01,208974.0,52.64,0.0,53.07,52.2501,53.01,1.0,208974.0
2015-05-19,52.8,52.83,52.24,52.28,122961.0,52.8,0.0,52.83,52.24,52.28,1.0,122961.0
2015-05-18,52.35,52.76,51.59,51.84,191777.0,52.35,0.0,52.76,51.59,51.84,1.0,191777.0
2015-05-15,51.76,52.09,51.51,51.58,381993.0,51.76,0.0,52.09,51.51,51.58,1.0,381993.0
2015-05-14,51.48,52.43,51.45,52.43,354337.0,51.48,0.0,52.43,51.45,52.43,1.0,354337.0
2015-05-13,51.99,52.32,51.71,51.78,255757.0,51.99,0.0,52.32,51.71,51.78,1.0,255757.0
2015-05-12,51.59,52.47,51.415,52.15,147566.0,51.59,0.0,52.47,51.415,52.15,1.0,147566.0
2015-05-11,52.3,53.05,52.13,52.55,208149.0,52.3,0.0,53.05,52.13,52.55,1.0,208149.0
2015-05-08,52.46,53.72,52.38,52.5,219947.0,52.46,0.0,53.72,52.38,52.5,1.0,219947.0
2015-05-07,53.43,53.97,53.35,53.73,82163.0,53.43,0.0,53.97,53.35,53.73,1.0,82163.0
2015-05-06,53.91,54.65,53.85,54.65,71520.0,53.91,0.0,54.65,53.85,54.65,1.0,71520.0
2015-05-05,54.55,55.29,54.19,54.95,182231.0,54.55,0.0,55.29,54.19,54.95,1.0,182231.0
2015-05-04,54.95,55.44,54.11,54.32,153616.0,54.95,0.0,55.44,54.11,54.32,1.0,153616.0
2015-05-01,54.11,54.58,53.41,54.58,227632.0,54.11,0.0,54.58,53.41,54.58,1.0,227632.0
2015-04-30,54.26,55.96,54.2,55.12,329901.0,54.26,0.0,55.96,54.2,55.12,1.0,329901.0
2015-04-29,54.98,55.12,53.35,53.36,365847.0,54.98,0.0,55.12,53.35,53.36,1.0,365847.0
2015-04-28,53.49,53.81,52.84,53.81,393753.0,53.49,0.0,53.81,52.84,53.81,1.0,393753.0
2015-04-27,53.45,53.84,52.81,53.69,507408.0,53.45,0.0,53.84,52.81,53.69,1.0,507408.0
2015-04-24,53.34,53.87,52.75,53.18,531317.0,53.34,0.0,53.87,52.75,53.18,1.0,531317.0
2015-04-23,52.97,53.95,52.91,53.7,361134.0,52.97,0.0,53.95,52.91,53.7,1.0,361134.0
2015-04-22,53.65,54.76,53.51,54.76,190841.0,53.65,0.0,54.76,53.51,54.76,1.0,190841.0
2015-04-21,54.53,54.88,53.98,53.98,95742.0,54.53,0.0,54.88,53.98,53.98,1.0,95742.0
2015-04-20,53.91,55.05,53.63,54.81,171228.0,53.91,0.0,55.05,53.63,54.81,1.0,171228.0
2015-04-17,54.5,55.6,54.46,55.33,164284.0,54.5,0.0,55.6,54.46,55.33,1.0,164284.0
2015-04-16,55.6,55.67,55.42,55.48,108905.0,55.6,0.0,55.67,55.42,55.48,1.0,108905.0
2015-04-15,55.55,56.07,55.5,55.72,133141.0,55.55,0.0,56.07,55.5,55.72,1.0,133141.0
2015-04-14,55.58,55.95,55.485,55.51,67752.0,55.58,0.0,55.95,55.485,55.51,1.0,67752.0
2015-04-13,55.67,56.12,55.61,56.0,195535.0,55.67,0.0,56.12,55.61,56.0,1.0,195535.0
2015-04-10,56.05,56.21,55.89,56.13,187219.0,56.05,0.0,56.21,55.89,56.13,1.0,187219.0
2015-04-09,55.85,56.16,55.69,55.76,100134.0,55.85,0.0,56.16,55.69,55.76,1.0,100134.0
2015-04-08,55.5,55.73,55.23,55.51,158106.0,55.5,0.0,55.73,55.23,55.51,1.0,158106.0
2015-04-07,55.45,55.98,55.36,55.55,183193.0,55.45,0.0,55.98,55.36,55.55,1.0,183193.0
2015-04-06,55.6,55.92,55.27,55.27,266158.0,55.6,0.0,55.92,55.27,55.27,1.0,266158.0
2015-04-02,55.63,55.64,55.25,55.37,246336.0,55.63,0.0,55.64,55.25,55.37,1.0,246336.0
2015-04-01,55.48,56.8,54.77,56.75,431316.0,55.48,0.0,56.8,54.77,56.75,1.0,431316.0
2015-03-31,56.6,58.07,56.01,56.11,514215.0,56.6,0.0,58.07,56.01,56.11,1.0,514215.0
2015-03-30,53.76,54.5499,53.69,54.09,75508.0,53.76,0.0,54.5499,53.69,54.09,1.0,75508.0
2015-03-27,53.96,54.05,53.32,53.32,350774.0,53.96,0.0,54.05,53.32,53.32,1.0,350774.0
2015-03-26,53.46,53.7749,52.6,53.73,175861.0,53.46,0.0,53.7749,52.6,53.73,1.0,175861.0
2015-03-25,53.86,54.58,53.54,54.53,290360.0,53.86,0.0,54.58,53.54,54.53,1.0,290360.0
2015-03-24,54.56,54.59,53.09,53.47,303183.0,54.56,0.0,54.59,53.09,53.47,1.0,303183.0
2015-03-23,53.71,54.03,53.35,53.94,170632.0,53.71,0.0,54.03,53.35,53.94,1.0,170632.0
2015-03-20,53.9,54.37,53.63,54.1,402602.0,53.9,0.0,54.37,53.63,54.1,1.0,402602.0
2015-03-19,53.88,54.29,53.38,53.94,364015.0,53.88,0.0,54.29,53.38,53.94,1.0,364015.0
2015-03-18,54.26,54.74,54.17,54.43,120511.0,54.26,0.0,54.74,54.17,54.43,1.0,120511.0
2015-03-17,54.6,54.8599,54.18,54.69,101107.0,54.6,0.0,54.8599,54.18,54.69,1.0,101107.0
2015-03-16,55.03,55.637,54.76,55.2,142664.0,55.03,0.0,55.637,54.76,55.2,1.0,142664.0
2015-03-13,55.09,55.87,55.03,55.59,240781.0,55.09,0.0,55.87,55.03,55.59,1.0,240781.0
2015-03-12,55.84,56.155,52.9,52.9,446527.0,55.84,0.0,56.155,52.9,52.9,1.0,446527.0
2015-03-11,52.8,52.9,52.6,52.67,103111.0,52.8,0.0,52.9,52.6,52.67,1.0,103111.0
2015-03-10,52.73,53.66,52.5804,53.2,109755.0,52.73,0.0,53.66,52.5804,53.2,1.0,109755.0
2015-03-09,53.58,53.74,52.02,52.19,289364.0,53.58,0.0,53.74,52.02,52.19,1.0,289364.0
2015-03-06,52.19,52.86,51.88,52.34,100942.0,52.19,0.0,52.86,51.88,52.34,1.0,100942.0
2015-03-05,52.73,53.09,52.53,53.09,72559.0,52.73,0.0,53.09,52.53,53.09,1.0,72559.0
2015-03-04,53.11,53.99,52.86,53.8,65412.0,53.11,0.0,53.99,52.86,53.8,1.0,65412.0
2015-03-03,53.79,53.92,52.801,52.84,117273.0,53.79,0.0,53.92,52.801,52.84,1.0,117273.0
2015-03-02,53.06,53.13,51.9,52.35,212010.0,53.06,0.0,53.13,51.9,52.35,1.0,212010.0
2015-02-27,52.06,52.68,51.71,52.3,140924.0,52.06,0.0,52.68,51.71,52.3,1.0,140924.0
2015-02-26,52.2,52.67,51.87,52.48,169921.0,52.2,0.0,52.67,51.87,52.48,1.0,169921.0
2015-02-25,52.54,52.63,50.98,51.04,776270.0,52.54,0.0,52.63,50.98,51.04,1.0,776270.0
2015-02-24,50.935,51.2699,50.094,50.51,184154.0,50.935,0.0,51.2699,50.094,50.51,1.0,184154.0
2015-02-23,50.56,50.69,50.05,50.05,207101.0,50.56,0.0,50.69,50.05,50.05,1.0,207101.0
2015-02-20,50.28,50.72,49.55,49.96,285719.0,50.28,0.0,50.72,49.55,49.96,1.0,285719.0
2015-02-19,50.18,50.57,49.924,50.57,265435.0,50.18,0.0,50.57,49.924,50.57,1.0,265435.0
2015-02-18,50.51,50.79,49.67,50.3,188728.0,50.51,0.0,50.79,49.67,50.3,1.0,188728.0
2015-02-17,50.4,50.46,49.39,49.59,177173.0,50.4,0.0,50.46,49.39,49.59,1.0,177173.0
2015-02-13,49.82,50.2,49.0,50.16,291706.0,49.82,0.0,50.2,49.0,50.16,1.0,291706.0
2015-02-12,50.0,50.2,48.76,49.56,376234.0,50.0,0.0,50.2,48.76,49.56,1.0,376234.0
2015-02-11,49.25,50.0,49.02,49.81,275498.0,49.25,0.0,50.0,49.02,49.81,1.0,275498.0
2015-02-10,49.99,50.39,49.16,49.69,187637.0,49.99,0.0,50.39,49.16,49.69,1.0,187637.0
2015-02-09,49.47,50.01,49.34,50.01,87256.0,49.47,0.0,50.01,49.34,50.01,1.0,87256.0
2015-02-06,49.99,51.05,49.76,50.98,193566.0,49.99,0.0,51.05,49.76,50.98,1.0,193566.0
2015-02-05,50.95,51.47,48.94,48.94,799492.0,50.95,0.0,51.47,48.94,48.94,1.0,799492.0
2015-02-04,48.67,49.78,46.6,46.6,570839.0,48.67,0.0,49.78,46.6,46.6,1.0,570839.0
2015-02-03,46.94,47.17,45.11,45.37,352302.0,46.94,0.0,47.17,45.11,45.37,1.0,352302.0
2015-02-02,45.19,45.24,44.065,44.39,396261.0,45.19,0.0,45.24,44.065,44.39,1.0,396261.0
2015-01-30,44.4,45.935,44.3,45.04,305282.0,44.4,0.0,45.935,44.3,45.04,1.0,305282.0
2015-01-29,45.19,46.75,45.105,45.75,207337.0,45.19,0.0,46.75,45.105,45.75,1.0,207337.0
2015-01-28,45.6,47.44,45.52,47.44,210821.0,45.6,0.0,47.44,45.52,47.44,1.0,210821.0
2015-01-27,47.19,47.47,46.46,47.08,159916.0,47.19,0.0,47.47,46.46,47.08,1.0,159916.0
2015-01-26,47.34,47.57,46.97,47.12,266022.0,47.34,0.0,47.57,46.97,47.12,1.0,266022.0
2015-01-23,47.14,47.51,46.86,47.4,195761.0,47.14,0.0,47.51,46.86,47.4,1.0,195761.0
2015-01-22,47.59,47.81,46.9,47.35,203059.0,47.59,0.0,47.81,46.9,47.35,1.0,203059.0
2015-01-21,47.01,47.49,46.73,47.25,263683.0,47.01,0.0,47.49,46.73,47.25,1.0,263683.0
2015-01-20,47.33,49.425,47.07,48.9,214666.0,47.33,0.0,49.425,47.07,48.9,1.0,214666.0
2015-01-16,48.99,49.14,48.2,48.61,214747.0,48.99,0.0,49.14,48.2,48.61,1.0,214747.0
2015-01-15,48.77,49.01,47.51,48.08,271238.0,48.77,0.0,49.01,47.51,48.08,1.0,271238.0
2015-01-14,47.99,49.33,47.63,49.33,714401.0,47.99,0.0,49.33,47.63,49.33,1.0,714401.0
2015-01-13,49.75,50.11,48.95,48.95,783794.0,49.75,0.0,50.11,48.95,48.95,1.0,783794.0
2015-01-12,48.9,49.0,48.29,48.99,350127.0,48.9,0.0,49.0,48.29,48.99,1.0,350127.0
2015-01-09,48.75,49.4,48.25,48.73,556260.0,48.75,0.0,49.4,48.25,48.73,1.0,556260.0
2015-01-08,48.85,49.31,47.53,47.63,579354.0,48.85,0.0,49.31,47.53,47.63,1.0,579354.0
2015-01-07,47.44,48.13,47.09,47.82,359995.0,47.44,0.0,48.13,47.09,47.82,1.0,359995.0
2015-01-06,47.33,48.23,46.78,48.23,348547.0,47.33,0.0,48.23,46.78,48.23,1.0,348547.0
2015-01-05,48.32,49.05,48.27,49.01,441082.0,48.32,0.0,49.05,48.27,49.01,1.0,441082.0
2015-01-02,49.39,49.99,48.93,49.99,348878.0,49.39,0.0,49.99,48.93,49.99,1.0,348878.0
2014-12-31,49.82,50.57,42.12,42.12,434113.0,49.82,0.0,50.57,42.12,42.12,1.0,434113.0
2014-12-30,50.36,50.38,49.6,49.97,456347.0,50.36,0.0,50.38,49.6,49.97,1.0,456347.0
2014-12-29,50.23,50.62,49.6772,50.62,219410.0,50.23,0.0,50.62,49.6772,50.62,1.0,219410.0
2014-12-26,50.68,51.2,49.68,51.0,140612.0,50.68,0.0,51.2,49.68,51.0,1.0,140612.0
2014-12-24,51.02,51.4,51.01,51.31,62039.0,51.02,0.0,51.4,51.01,51.31,1.0,62039.0
2014-12-23,51.47,51.63,50.75,51.01,403146.0,51.47,0.0,51.63,50.75,51.01,1.0,403146.0
2014-12-22,50.82,50.9,49.52,49.52,901237.0,50.82,0.0,50.9,49.52,49.52,1.0,901237.0
2014-12-19,49.66,49.8,48.37,48.37,1139757.0,49.66,0.0,49.8,48.37,48.37,1.0,1139757.0
2014-12-18,48.36,48.77,48.11,48.6,2352794.0,48.36,0.0,48.77,48.11,48.6,1.0,2352794.0
2014-12-17,48.1,48.28,47.82,47.98,1696303.0,48.1,0.0,48.28,47.82,47.98,1.0,1696303.0
2014-12-16,47.87,48.1,47.67,48.1,913430.0,47.87,0.0,48.1,47.67,48.1,1.0,913430.0
2014-12-15,48.24,49.69,47.82,49.69,587530.0,48.24,0.0,49.69,47.82,49.69,1.0,587530.0
2014-12-12,48.98,50.245,48.77,49.66,456619.0,48.98,0.0,50.245,48.77,49.66,1.0,456619.0
2014-12-11,50.65,51.74,49.46,51.69,988621.0,50.65,0.0,51.74,49.46,51.69,1.0,988621.0
2014-12-10,53.47,54.48,53.26,54.11,657928.0,53.47,0.0,54.48,53.26,54.11,1.0,657928.0
2014-12-09,54.0,54.1,52.9549,53.16,285499.0,54.0,0.0,54.1,52.9549,53.16,1.0,285499.0
2014-12-08,53.9,54.04,53.64,53.75,291522.0,53.9,0.0,54.04,53.64,53.75,1.0,291522.0
2014-12-05,53.9,54.47,53.48,53.62,621622.0,53.9,0.0,54.47,53.48,53.62,1.0,621622.0
2014-12-04,53.71,53.76,53.06,53.1,611656.0,53.71,0.0,53.76,53.06,53.1,1.0,611656.0
2014-12-03,53.46,54.36,53.39,53.75,405393.0,53.46,0.0,54.36,53.39,53.75,1.0,405393.0
2014-12-02,54.16,54.41,53.51,54.05,627607.0,54.16,0.0,54.41,53.51,54.05,1.0,627607.0
2014-12-01,53.78,54.72,53.77,54.42,559380.0,53.78,0.0,54.72,53.77,54.42,1.0,559380.0
2014-11-28,54.4,54.74,53.94,54.02,170439.0,54.4,0.0,54.74,53.94,54.02,1.0,170439.0
2014-11-26,54.01,54.74,53.31,54.74,292755.0,54.01,0.0,54.74,53.31,54.74,1.0,292755.0
2014-11-25,53.74,54.04,51.73,52.78,731070.0,53.74,0.0,54.04,51.73,52.78,1.0,731070.0
2014-11-24,52.67,52.74,51.435,51.85,307503.0,52.67,0.0,52.74,51.435,51.85,1.0,307503.0
2014-11-21,51.54,52.02,51.1,51.79,501197.0,51.54,0.0,52.02,51.1,51.79,1.0,501197.0
2014-11-20,51.14,51.71,49.7,49.7,477358.0,51.14,0.0,51.71,49.7,49.7,1.0,477358.0
2014-11-19,50.63,50.72,48.46,48.46,266702.0,50.63,0.0,50.72,48.46,48.46,1.0,266702.0
2014-11-18,48.92,49.27,47.59,47.9,327863.0,48.92,0.0,49.27,47.59,47.9,1.0,327863.0
2014-11-17,48.47,48.87,47.32,48.45,383000.0,48.47,0.0,48.87,47.32,48.45,1.0,383000.0
2014-11-14,47.88,48.76,47.15,48.31,1149187.0,47.88,0.0,48.76,47.15,48.31,1.0,1149187.0
2014-11-13,48.15,48.575,45.64,46.49,1324369.0,48.15,0.0,48.575,45.64,46.49,1.0,1324369.0
2014-11-12,46.71,47.01,44.075,44.19,1710332.0,46.71,0.0,47.01,44.075,44.19,1.0,1710332.0
2014-11-11,45.15,46.35,44.56,45.44,2278146.0,45.15,0.0,46.35,44.56,45.44,1.0,2278146.0
2014-11-10,46.66,49.54,46.49,49.19,1163752.0,46.66,0.0,49.54,46.49,49.19,1.0,1163752.0
2014-11-07,49.38,50.076,48.99,49.5,1176502.0,49.38,0.0,50.076,48.99,49.5,1.0,1176502.0
2014-11-06,49.47,51.49,48.76,51.49,1415146.0,49.47,0.0,51.49,48.76,51.49,1.0,1415146.0
2014-11-05,50.96,51.89,47.03,47.03,4654241.0,50.96,0.0,51.89,47.03,47.03,1.0,4654241.0
2014-11-04,47.03,49.26,47.0,49.26,99572.0,47.03,0.0,49.26,47.0,49.26,1.0,99572.0
