,adj_close,adj_high,adj_low,adj_open,adj_volume,close,ex_dividend,high,low,open,split_ratio,volume
2017-02-10,3.2,3.25,3.1,3.2,7917.0,3.2,0.0,3.25,3.1,3.2,1.0,7917.0
2017-02-09,3.2,3.2,3.19,3.19,1591.0,3.2,0.0,3.2,3.19,3.19,1.0,1591.0
2017-02-08,3.2,3.3,3.2,3.25,7288.0,3.2,0.0,3.3,3.2,3.25,1.0,7288.0
2017-02-07,3.3,3.3,3.29,3.29,3104.0,3.3,0.0,3.3,3.29,3.29,1.0,3104.0
2017-02-06,3.191,3.3,3.1,3.13,14497.0,3.191,0.0,3.3,3.1,3.13,1.0,14497.0
2017-02-03,3.19,3.22,3.1,3.22,4775.0,3.19,0.0,3.22,3.1,3.22,1.0,4775.0
2017-02-02,3.2282,3.25,3.0479,3.25,4519.0,3.2282,0.0,3.25,3.0479,3.25,1.0,4519.0
2017-02-01,3.2,3.29,3.02,3.2,9843.0,3.2,0.0,3.29,3.02,3.2,1.0,9843.0
2017-01-31,3.2965,3.303,3.2532,3.303,6652.0,3.2965,0.0,3.303,3.2532,3.303,1.0,6652.0
2017-01-30,3.34,3.4,3.3,3.4,25905.0,3.34,0.0,3.4,3.3,3.4,1.0,25905.0
2017-01-27,3.34,3.4499,3.25,3.25,15432.0,3.34,0.0,3.4499,3.25,3.25,1.0,15432.0
2017-01-26,3.35,3.35,3.31,3.31,3530.0,3.35,0.0,3.35,3.31,3.31,1.0,3530.0
2017-01-25,3.34,3.4,3.25,3.4,8555.0,3.34,0.0,3.4,3.25,3.4,1.0,8555.0
2017-01-24,3.445,3.45,3.3134,3.4,3011.0,3.445,0.0,3.45,3.3134,3.4,1.0,3011.0
2017-01-23,3.39,3.41,3.35,3.35,6197.0,3.39,0.0,3.41,3.35,3.35,1.0,6197.0
2017-01-20,3.37,3.4,3.2601,3.4,23358.0,3.37,0.0,3.4,3.2601,3.4,1.0,23358.0
2017-01-19,3.425,3.65,3.3375,3.45,46872.0,3.425,0.0,3.65,3.3375,3.45,1.0,46872.0
2017-01-18,3.41,3.52,3.33,3.46,53613.0,3.41,0.0,3.52,3.33,3.46,1.0,53613.0
2017-01-17,3.522,3.5356,3.4562,3.51,1507.0,3.522,0.0,3.5356,3.4562,3.51,1.0,1507.0
2017-01-13,3.45,3.5499,3.45,3.5466,4914.0,3.45,0.0,3.5499,3.45,3.5466,1.0,4914.0
2017-01-12,3.42,3.44,3.4,3.4,2868.0,3.42,0.0,3.44,3.4,3.4,1.0,2868.0
2017-01-11,3.5699,3.5699,3.33,3.49,4120.0,3.5699,0.0,3.5699,3.33,3.49,1.0,4120.0
2017-01-10,3.58,3.58,3.58,3.58,310.0,3.58,0.0,3.58,3.58,3.58,1.0,310.0
2017-01-09,3.6399,3.6399,3.51,3.51,1735.0,3.6399,0.0,3.6399,3.51,3.51,1.0,1735.0
2017-01-06,3.5,3.8,3.43,3.7664,8887.0,3.5,0.0,3.8,3.43,3.7664,1.0,8887.0
2017-01-05,3.74,3.77,3.66,3.7,7795.0,3.74,0.0,3.77,3.66,3.7,1.0,7795.0
2017-01-04,3.58,3.8,3.5,3.5,8940.0,3.58,0.0,3.8,3.5,3.5,1.0,8940.0
2017-01-03,3.49,3.7,3.33,3.5299,5800.0,3.49,0.0,3.7,3.33,3.5299,1.0,5800.0
2016-12-30,3.5,3.5,3.5,3.5,47.0,3.5,0.0,3.5,3.5,3.5,1.0,47.0
2016-12-29,3.5,3.5,3.5,3.5,123.0,3.5,0.0,3.5,3.5,3.5,1.0,123.0
2016-12-28,3.5,3.65,3.5,3.64,10023.0,3.5,0.0,3.65,3.5,3.64,1.0,10023.0
2016-12-27,3.6057,3.62,3.6,3.6,416.0,3.6057,0.0,3.62,3.6,3.6,1.0,416.0
2016-12-23,3.6,3.9,3.5678,3.9,3610.0,3.6,0.0,3.9,3.5678,3.9,1.0,3610.0
2016-12-22,3.51,3.7891,3.49,3.7891,11683.0,3.51,0.0,3.7891,3.49,3.7891,1.0,11683.0
2016-12-21,3.79,3.79,3.79,3.79,387.0,3.79,0.0,3.79,3.79,3.79,1.0,387.0
2016-12-20,3.75,3.9205,3.75,3.85,4019.0,3.75,0.0,3.9205,3.75,3.85,1.0,4019.0
2016-12-19,3.79,3.9004,3.79,3.87,1900.0,3.79,0.0,3.9004,3.79,3.87,1.0,1900.0
2016-12-16,3.9299,4.14,3.92,4.14,12677.0,3.9299,0.0,4.14,3.92,4.14,1.0,12677.0
2016-12-15,4.2564,4.47,4.2564,4.47,953.0,4.2564,0.0,4.47,4.2564,4.47,1.0,953.0
2016-12-14,4.1763,4.3,4.1763,4.3,600.0,4.1763,0.0,4.3,4.1763,4.3,1.0,600.0
2016-12-13,4.5,4.5,4.5,4.5,378.0,4.5,0.0,4.5,4.5,4.5,1.0,378.0
2016-12-12,4.23,4.2917,4.11,4.2917,771.0,4.23,0.0,4.2917,4.11,4.2917,1.0,771.0
2016-12-09,4.25,4.2564,4.2,4.25,1981.0,4.25,0.0,4.2564,4.2,4.25,1.0,1981.0
2016-12-08,4.16,4.39,4.16,4.18,1913.0,4.16,0.0,4.39,4.16,4.18,1.0,1913.0
2016-12-07,4.3475,4.5,4.17,4.4,8994.0,4.3475,0.0,4.5,4.17,4.4,1.0,8994.0
2016-12-06,4.4,4.501,4.35,4.5,4848.0,4.4,0.0,4.501,4.35,4.5,1.0,4848.0
2016-12-05,4.66,4.7,4.25,4.25,13324.0,4.66,0.0,4.7,4.25,4.25,1.0,13324.0
2016-12-02,4.25,4.2508,4.25,4.2508,604.0,4.25,0.0,4.2508,4.25,4.2508,1.0,604.0
2016-12-01,4.38,4.38,4.38,4.38,8.0,4.38,0.0,4.38,4.38,4.38,1.0,8.0
2016-11-30,4.38,4.4,4.04,4.4,2350.0,4.38,0.0,4.4,4.04,4.4,1.0,2350.0
2016-11-29,4.4,4.4,4.4,4.4,250.0,4.4,0.0,4.4,4.4,4.4,1.0,250.0
2016-11-28,4.1,4.54,4.1,4.36,1372.0,4.1,0.0,4.54,4.1,4.36,1.0,1372.0
2016-11-25,3.91,3.91,3.91,3.91,9.0,3.91,0.0,3.91,3.91,3.91,1.0,9.0
2016-11-23,3.91,3.91,3.91,3.91,498.0,3.91,0.0,3.91,3.91,3.91,1.0,498.0
2016-11-22,3.9069,3.9069,3.78,3.78,1000.0,3.9069,0.0,3.9069,3.78,3.78,1.0,1000.0
2016-11-21,3.79,3.8528,3.67,3.67,10711.0,3.79,0.0,3.8528,3.67,3.67,1.0,10711.0
2016-11-18,3.65,3.65,3.65,3.65,0.0,3.65,0.0,3.65,3.65,3.65,1.0,0.0
2016-11-17,3.65,3.66,3.65,3.65,2254.0,3.65,0.0,3.66,3.65,3.65,1.0,2254.0
2016-11-16,3.6237,3.6237,3.6237,3.6237,25.0,3.6237,0.0,3.6237,3.6237,3.6237,1.0,25.0
2016-11-15,3.6237,3.6237,3.6237,3.6237,1615.0,3.6237,0.0,3.6237,3.6237,3.6237,1.0,1615.0
2016-11-14,3.63,3.825,3.63,3.825,552.0,3.63,0.0,3.825,3.63,3.825,1.0,552.0
2016-11-11,3.75,3.75,3.62,3.62,300.0,3.75,0.0,3.75,3.62,3.62,1.0,300.0
2016-11-10,3.63,3.63,3.63,3.63,248.0,3.63,0.0,3.63,3.63,3.63,1.0,248.0
2016-11-09,3.4301,3.4301,3.4301,3.4301,0.0,3.4301,0.0,3.4301,3.4301,3.4301,1.0,0.0
2016-11-08,3.4301,3.7,3.43,3.54,5974.0,3.4301,0.0,3.7,3.43,3.54,1.0,5974.0
2016-11-07,3.58,3.58,3.25,3.48,6335.0,3.58,0.0,3.58,3.25,3.48,1.0,6335.0
2016-11-04,3.32,4.0,3.25,3.81,4729.0,3.32,0.0,4.0,3.25,3.81,1.0,4729.0
2016-11-03,3.46,3.75,3.3,3.41,4005.0,3.46,0.0,3.75,3.3,3.41,1.0,4005.0
2016-11-02,3.5,3.79,3.5,3.79,3722.0,3.5,0.0,3.79,3.5,3.79,1.0,3722.0
2016-11-01,3.64,4.0,3.64,4.0,1202.0,3.64,0.0,4.0,3.64,4.0,1.0,1202.0
2016-10-31,3.8,4.0,3.71,3.71,2113.0,3.8,0.0,4.0,3.71,3.71,1.0,2113.0
2016-10-28,3.61,3.71,3.58,3.61,1474.0,3.61,0.0,3.71,3.58,3.61,1.0,1474.0
2016-10-27,3.53,3.56,3.3,3.56,3511.0,3.53,0.0,3.56,3.3,3.56,1.0,3511.0
2016-10-26,3.6,3.8,3.6,3.8,2708.0,3.6,0.0,3.8,3.6,3.8,1.0,2708.0
2016-10-25,3.7,3.9,3.7,3.9,1641.0,3.7,0.0,3.9,3.7,3.9,1.0,1641.0
2016-10-24,3.65,3.8255,3.54,3.8,3450.0,3.65,0.0,3.8255,3.54,3.8,1.0,3450.0
2016-10-21,3.9,4.0103,3.76,3.91,3200.0,3.9,0.0,4.0103,3.76,3.91,1.0,3200.0
2016-10-20,4.1,4.2,4.0,4.15,2380.0,4.1,0.0,4.2,4.0,4.15,1.0,2380.0
2016-10-19,4.25,4.25,4.25,4.25,0.0,4.25,0.0,4.25,4.25,4.25,1.0,0.0
2016-10-18,4.25,4.4,4.2,4.4,801.0,4.25,0.0,4.4,4.2,4.4,1.0,801.0
2016-10-17,4.4,4.4,4.12,4.39,1490.0,4.4,0.0,4.4,4.12,4.39,1.0,1490.0
2016-10-14,4.09,4.09,3.86,3.86,2794.0,4.09,0.0,4.09,3.86,3.86,1.0,2794.0
2016-10-13,4.0,4.65,4.0,4.65,4294.0,4.0,0.0,4.65,4.0,4.65,1.0,4294.0
2016-10-12,4.25,4.5,4.25,4.5,864.0,4.25,0.0,4.5,4.25,4.5,1.0,864.0
2016-10-11,4.3,4.3,4.3,4.3,172.0,4.3,0.0,4.3,4.3,4.3,1.0,172.0
2016-10-10,4.29,4.49,4.22,4.278,2062.0,4.29,0.0,4.49,4.22,4.278,1.0,2062.0
2016-10-07,4.35,4.51,4.35,4.35,1918.0,4.35,0.0,4.51,4.35,4.35,1.0,1918.0
2016-10-06,4.51,4.51,4.51,4.51,2560.0,4.51,0.0,4.51,4.51,4.51,1.0,2560.0
2016-10-05,4.5,4.5,4.4,4.5,953.0,4.5,0.0,4.5,4.4,4.5,1.0,953.0
2016-10-04,4.47,4.9699,4.28,4.96,7817.0,4.47,0.0,4.9699,4.28,4.96,1.0,7817.0
2016-10-03,4.5,4.5,4.5,4.5,533.0,4.5,0.0,4.5,4.5,4.5,1.0,533.0
2016-09-30,4.35,4.35,4.35,4.35,2.0,4.35,0.0,4.35,4.35,4.35,1.0,2.0
2016-09-29,4.35,4.54,4.35,4.44,954.0,4.35,0.0,4.54,4.35,4.44,1.0,954.0
2016-09-28,4.44,4.8,4.35,4.35,432.0,4.44,0.0,4.8,4.35,4.35,1.0,432.0
2016-09-27,4.33,4.33,4.33,4.33,319.0,4.33,0.0,4.33,4.33,4.33,1.0,319.0
2016-09-26,4.275,4.5827,4.24,4.24,2256.0,4.275,0.0,4.5827,4.24,4.24,1.0,2256.0
2016-09-23,4.19,4.4,4.1,4.3001,5065.0,4.19,0.0,4.4,4.1,4.3001,1.0,5065.0
2016-09-22,4.31,4.519,4.26,4.5,1467.0,4.31,0.0,4.519,4.26,4.5,1.0,1467.0
2016-09-21,4.59,4.63,4.59,4.6,3831.0,4.59,0.0,4.63,4.59,4.6,1.0,3831.0
2016-09-20,4.49,4.58,4.29,4.29,1715.0,4.49,0.0,4.58,4.29,4.29,1.0,1715.0
2016-09-19,4.19,4.53,4.12,4.12,4794.0,4.19,0.0,4.53,4.12,4.12,1.0,4794.0
2016-09-16,3.97,4.65,3.97,4.5711,4115.0,3.97,0.0,4.65,3.97,4.5711,1.0,4115.0
2016-09-15,4.34,4.72,4.32,4.51,2953.0,4.34,0.0,4.72,4.32,4.51,1.0,2953.0
2016-09-14,4.15,4.41,4.15,4.41,998.0,4.15,0.0,4.41,4.15,4.41,1.0,998.0
2016-09-13,4.25,4.48,4.23,4.48,1960.0,4.25,0.0,4.48,4.23,4.48,1.0,1960.0
2016-09-12,3.9825,4.17,3.79,4.17,1912.0,3.9825,0.0,4.17,3.79,4.17,1.0,1912.0
2016-09-09,3.86,4.23,3.86,4.23,3736.0,3.86,0.0,4.23,3.86,4.23,1.0,3736.0
2016-09-08,4.025,4.0907,3.9,4.0907,3402.0,4.025,0.0,4.0907,3.9,4.0907,1.0,3402.0
2016-09-07,4.0,4.08,3.91,4.0,3699.0,4.0,0.0,4.08,3.91,4.0,1.0,3699.0
2016-09-06,4.0,4.62,3.9,4.26,4019.0,4.0,0.0,4.62,3.9,4.26,1.0,4019.0
2016-09-02,4.4,4.4,4.4,4.4,271.0,4.4,0.0,4.4,4.4,4.4,1.0,271.0
2016-09-01,4.43,4.43,4.43,4.43,0.0,4.43,0.0,4.43,4.43,4.43,1.0,0.0
2016-08-31,4.43,4.8399,4.4,4.4,3647.0,4.43,0.0,4.8399,4.4,4.4,1.0,3647.0
2016-08-30,4.672,4.672,4.28,4.4529,2033.0,4.672,0.0,4.672,4.28,4.4529,1.0,2033.0
2016-08-29,4.6,4.6,4.462,4.462,304.0,4.6,0.0,4.6,4.462,4.462,1.0,304.0
2016-08-26,4.47,4.47,4.47,4.47,19.0,4.47,0.0,4.47,4.47,4.47,1.0,19.0
2016-08-25,4.47,4.805,4.3,4.8,11564.0,4.47,0.0,4.805,4.3,4.8,1.0,11564.0
2016-08-24,4.924,5.07,4.75,4.75,1354.0,4.924,0.0,5.07,4.75,4.75,1.0,1354.0
2016-08-23,4.85,4.9,4.8,4.9,469.0,4.85,0.0,4.9,4.8,4.9,1.0,469.0
2016-08-22,4.85,4.9,4.76,4.9,2838.0,4.85,0.0,4.9,4.76,4.9,1.0,2838.0
2016-08-19,4.8918,4.8918,4.8501,4.8501,2924.0,4.8918,0.0,4.8918,4.8501,4.8501,1.0,2924.0
2016-08-18,4.88,5.15,4.79,5.15,7336.0,4.88,0.0,5.15,4.79,5.15,1.0,7336.0
2016-08-17,5.02,5.14,4.95,4.95,11500.0,5.02,0.0,5.14,4.95,4.95,1.0,11500.0
2016-08-16,4.95,4.96,4.89,4.96,700.0,4.95,0.0,4.96,4.89,4.96,1.0,700.0
2016-08-15,5.0,5.019,4.9,5.019,3805.0,5.0,0.0,5.019,4.9,5.019,1.0,3805.0
2016-08-12,4.873,4.96,4.8101,4.95,3200.0,4.873,0.0,4.96,4.8101,4.95,1.0,3200.0
2016-08-11,4.985,5.5,4.83,5.14,56871.0,4.985,0.0,5.5,4.83,5.14,1.0,56871.0
2016-08-10,4.85,5.1001,4.85,5.0,823.0,4.85,0.0,5.1001,4.85,5.0,1.0,823.0
2016-08-09,5.09,5.09,5.09,5.09,92.0,5.09,0.0,5.09,5.09,5.09,1.0,92.0
2016-08-08,5.09,5.09,5.09,5.09,603.0,5.09,0.0,5.09,5.09,5.09,1.0,603.0
2016-08-05,4.85,4.85,4.85,4.85,527.0,4.85,0.0,4.85,4.85,4.85,1.0,527.0
2016-08-04,5.32,5.32,5.32,5.32,50.0,5.32,0.0,5.32,5.32,5.32,1.0,50.0
2016-08-03,5.32,5.32,5.32,5.32,39.0,5.32,0.0,5.32,5.32,5.32,1.0,39.0
2016-08-02,5.32,5.32,5.32,5.32,80.0,5.32,0.0,5.32,5.32,5.32,1.0,80.0
2016-08-01,5.32,5.32,5.32,5.32,2599.0,5.32,0.0,5.32,5.32,5.32,1.0,2599.0
2016-07-29,5.32,5.32,4.86,4.86,262.0,5.32,0.0,5.32,4.86,4.86,1.0,262.0
2016-07-28,5.39,5.39,5.39,5.39,127.0,5.39,0.0,5.39,5.39,5.39,1.0,127.0
2016-07-27,5.399,5.399,5.1,5.25,1710.0,5.399,0.0,5.399,5.1,5.25,1.0,1710.0
2016-07-26,4.992,5.12,4.992,5.12,530.0,4.992,0.0,5.12,4.992,5.12,1.0,530.0
2016-07-25,5.01,5.01,5.01,5.01,30.0,5.01,0.0,5.01,5.01,5.01,1.0,30.0
2016-07-22,5.01,5.01,5.01,5.01,3.0,5.01,0.0,5.01,5.01,5.01,1.0,3.0
2016-07-21,5.01,5.01,5.01,5.01,208.0,5.01,0.0,5.01,5.01,5.01,1.0,208.0
2016-07-20,5.0,5.0,5.0,5.0,0.0,5.0,0.0,5.0,5.0,5.0,1.0,0.0
2016-07-19,5.0,5.2199,4.48,4.48,457.0,5.0,0.0,5.2199,4.48,4.48,1.0,457.0
2016-07-18,4.95,5.3,4.95,5.299,4669.0,4.95,0.0,5.3,4.95,5.299,1.0,4669.0
2016-07-15,4.94,5.0,4.94,5.0,511.0,4.94,0.0,5.0,4.94,5.0,1.0,511.0
2016-07-14,5.02,5.37,5.02,5.37,2413.0,5.02,0.0,5.37,5.02,5.37,1.0,2413.0
2016-07-13,5.3899,5.3899,5.3899,5.3899,590.0,5.3899,0.0,5.3899,5.3899,5.3899,1.0,590.0
2016-07-12,5.295,5.295,5.1855,5.1855,1663.0,5.295,0.0,5.295,5.1855,5.1855,1.0,1663.0
2016-07-11,5.25,5.5,5.19,5.2153,8791.0,5.25,0.0,5.5,5.19,5.2153,1.0,8791.0
2016-07-08,5.05,5.2999,5.05,5.2999,601.0,5.05,0.0,5.2999,5.05,5.2999,1.0,601.0
2016-07-07,5.04,5.2899,5.04,5.1,733.0,5.04,0.0,5.2899,5.04,5.1,1.0,733.0
2016-07-06,5.07,5.1,4.84,4.9,9811.0,5.07,0.0,5.1,4.84,4.9,1.0,9811.0
2016-07-05,4.9,4.9,4.6089,4.75,4788.0,4.9,0.0,4.9,4.6089,4.75,1.0,4788.0
2016-07-01,4.52,4.52,4.52,4.52,89.0,4.52,0.0,4.52,4.52,4.52,1.0,89.0
2016-06-30,4.52,4.85,4.52,4.6,1122.0,4.52,0.0,4.85,4.52,4.6,1.0,1122.0
2016-06-29,4.68,4.68,4.68,4.68,374.0,4.68,0.0,4.68,4.68,4.68,1.0,374.0
2016-06-28,4.8,4.89,4.77,4.77,828.0,4.8,0.0,4.89,4.77,4.77,1.0,828.0
2016-06-27,4.89,4.9,4.64,4.78,4052.0,4.89,0.0,4.9,4.64,4.78,1.0,4052.0
2016-06-24,4.05,4.8,4.05,4.75,4437.0,4.05,0.0,4.8,4.05,4.75,1.0,4437.0
2016-06-23,4.44,4.69,4.35,4.64,1176.0,4.44,0.0,4.69,4.35,4.64,1.0,1176.0
2016-06-22,4.17,4.17,4.17,4.17,0.0,4.17,0.0,4.17,4.17,4.17,1.0,0.0
2016-06-21,4.17,4.17,4.17,4.17,0.0,4.17,0.0,4.17,4.17,4.17,1.0,0.0
2016-06-20,4.17,4.17,4.17,4.17,0.0,4.17,0.0,4.17,4.17,4.17,1.0,0.0
2016-06-17,4.17,4.17,4.17,4.17,508.0,4.17,0.0,4.17,4.17,4.17,1.0,508.0
2016-06-16,4.45,4.45,4.45,4.45,23.0,4.45,0.0,4.45,4.45,4.45,1.0,23.0
2016-06-15,4.45,4.59,4.2401,4.245,2401.0,4.45,0.0,4.59,4.2401,4.245,1.0,2401.0
2016-06-14,4.79,4.79,4.79,4.79,0.0,4.79,0.0,4.79,4.79,4.79,1.0,0.0
2016-06-13,4.79,4.79,4.45,4.45,5408.0,4.79,0.0,4.79,4.45,4.45,1.0,5408.0
2016-06-10,4.68,4.68,4.68,4.68,0.0,4.68,0.0,4.68,4.68,4.68,1.0,0.0
2016-06-09,4.68,4.68,4.68,4.68,39.0,4.68,0.0,4.68,4.68,4.68,1.0,39.0
2016-06-08,4.68,4.68,4.67,4.67,401.0,4.68,0.0,4.68,4.67,4.67,1.0,401.0
2016-06-07,4.51,4.64,4.4,4.42,7521.0,4.51,0.0,4.64,4.4,4.42,1.0,7521.0
2016-06-06,4.4,4.77,4.4,4.5,13094.0,4.4,0.0,4.77,4.4,4.5,1.0,13094.0
2016-06-03,4.5,4.8,4.5,4.77,3613.0,4.5,0.0,4.8,4.5,4.77,1.0,3613.0
2016-06-02,4.8,4.98,4.43,4.68,7274.0,4.8,0.0,4.98,4.43,4.68,1.0,7274.0
2016-06-01,4.87,4.99,4.87,4.93,1156.0,4.87,0.0,4.99,4.87,4.93,1.0,1156.0
2016-05-31,4.65,4.98,4.5,4.65,4156.0,4.65,0.0,4.98,4.5,4.65,1.0,4156.0
2016-05-27,4.66,4.78,4.5041,4.5041,1660.0,4.66,0.0,4.78,4.5041,4.5041,1.0,1660.0
2016-05-26,4.5,4.51,4.5,4.51,312.0,4.5,0.0,4.51,4.5,4.51,1.0,312.0
2016-05-25,4.6499,4.75,4.51,4.75,3202.0,4.6499,0.0,4.75,4.51,4.75,1.0,3202.0
2016-05-24,4.86,4.88,4.86,4.88,349.0,4.86,0.0,4.88,4.86,4.88,1.0,349.0
2016-05-23,4.7704,4.8,4.28,4.53,9215.0,4.7704,0.0,4.8,4.28,4.53,1.0,9215.0
2016-05-20,4.89,4.8999,4.76,4.76,2692.0,4.89,0.0,4.8999,4.76,4.76,1.0,2692.0
2016-05-19,4.74,4.9,4.53,4.77,6780.0,4.74,0.0,4.9,4.53,4.77,1.0,6780.0
2016-05-18,4.74,4.74,4.6,4.6,2602.0,4.74,0.0,4.74,4.6,4.6,1.0,2602.0
2016-05-17,4.48,4.65,4.13,4.65,12848.0,4.48,0.0,4.65,4.13,4.65,1.0,12848.0
2016-05-16,4.5,4.63,4.01,4.44,10817.0,4.5,0.0,4.63,4.01,4.44,1.0,10817.0
2016-05-13,4.35,4.4601,3.78,3.78,45466.0,4.35,0.0,4.4601,3.78,3.78,1.0,45466.0
2016-05-12,3.83,3.83,3.7701,3.78,505.0,3.83,0.0,3.83,3.7701,3.78,1.0,505.0
2016-05-11,3.9499,3.9499,3.9499,3.9499,500.0,3.9499,0.0,3.9499,3.9499,3.9499,1.0,500.0
2016-05-10,3.905,3.94,3.7,3.7,5812.0,3.905,0.0,3.94,3.7,3.7,1.0,5812.0
2016-05-09,3.69,3.73,3.51,3.58,16730.0,3.69,0.0,3.73,3.51,3.58,1.0,16730.0
2016-05-06,3.58,3.5901,3.45,3.49,8490.0,3.58,0.0,3.5901,3.45,3.49,1.0,8490.0
2016-05-05,3.45,4.0299,3.45,3.99,16468.0,3.45,0.0,4.0299,3.45,3.99,1.0,16468.0
2016-05-04,3.85,4.0,3.82,3.82,3845.0,3.85,0.0,4.0,3.82,3.82,1.0,3845.0
2016-05-03,3.82,3.84,3.82,3.84,8201.0,3.82,0.0,3.84,3.82,3.84,1.0,8201.0
2016-05-02,3.82,4.02,3.8,3.91,1735.0,3.82,0.0,4.02,3.8,3.91,1.0,1735.0
2016-04-29,3.85,4.134,3.85,4.134,2009.0,3.85,0.0,4.134,3.85,4.134,1.0,2009.0
2016-04-28,3.85,4.13,3.84,4.13,4750.0,3.85,0.0,4.13,3.84,4.13,1.0,4750.0
2016-04-27,3.99,4.0,3.99,4.0,1243.0,3.99,0.0,4.0,3.99,4.0,1.0,1243.0
2016-04-26,3.9,3.95,3.8201,3.83,2823.0,3.9,0.0,3.95,3.8201,3.83,1.0,2823.0
2016-04-25,3.81,3.81,3.81,3.81,5021.0,3.81,0.0,3.81,3.81,3.81,1.0,5021.0
2016-04-22,3.81,4.15,3.81,3.9,4647.0,3.81,0.0,4.15,3.81,3.9,1.0,4647.0
2016-04-21,4.0,4.15,3.86,4.1,2700.0,4.0,0.0,4.15,3.86,4.1,1.0,2700.0
2016-04-20,3.89,4.01,3.89,4.0,9222.0,3.89,0.0,4.01,3.89,4.0,1.0,9222.0
2016-04-19,3.9705,4.1299,3.92,4.0,34359.0,3.9705,0.0,4.1299,3.92,4.0,1.0,34359.0
2016-04-18,3.91,4.07,3.91,4.07,9615.0,3.91,0.0,4.07,3.91,4.07,1.0,9615.0
2016-04-15,3.96,4.0,3.81,3.88,13356.0,3.96,0.0,4.0,3.81,3.88,1.0,13356.0
2016-04-14,3.87,4.35,3.63,4.35,14014.0,3.87,0.0,4.35,3.63,4.35,1.0,14014.0
2016-04-13,4.29,4.44,4.2541,4.34,8104.0,4.29,0.0,4.44,4.2541,4.34,1.0,8104.0
2016-04-12,4.29,4.32,4.29,4.32,1352.0,4.29,0.0,4.32,4.29,4.32,1.0,1352.0
2016-04-11,4.32,4.53,4.31,4.53,3754.0,4.32,0.0,4.53,4.31,4.53,1.0,3754.0
2016-04-08,4.57,4.57,4.57,4.57,230.0,4.57,0.0,4.57,4.57,4.57,1.0,230.0
2016-04-07,4.5,4.565,4.4,4.44,5397.0,4.5,0.0,4.565,4.4,4.44,1.0,5397.0
2016-04-06,4.4,4.489,4.34,4.37,5655.0,4.4,0.0,4.489,4.34,4.37,1.0,5655.0
2016-04-05,4.58,4.58,4.58,4.58,0.0,4.58,0.0,4.58,4.58,4.58,1.0,0.0
2016-04-04,4.58,4.6499,4.46,4.63,5020.0,4.58,0.0,4.6499,4.46,4.63,1.0,5020.0
2016-04-01,4.5,4.83,4.46,4.75,10226.0,4.5,0.0,4.83,4.46,4.75,1.0,10226.0
2016-03-31,4.38,4.38,4.37,4.37,939.0,4.38,0.0,4.38,4.37,4.37,1.0,939.0
2016-03-30,4.37,4.585,4.37,4.41,3802.0,4.37,0.0,4.585,4.37,4.41,1.0,3802.0
2016-03-29,4.35,4.76,4.3,4.76,12724.0,4.35,0.0,4.76,4.3,4.76,1.0,12724.0
2016-03-28,4.79,4.91,4.7584,4.9,2800.0,4.79,0.0,4.91,4.7584,4.9,1.0,2800.0
2016-03-24,4.91,5.17,4.8691,5.17,1914.0,4.91,0.0,5.17,4.8691,5.17,1.0,1914.0
2016-03-23,5.155,5.4258,4.92,4.94,11805.0,5.155,0.0,5.4258,4.92,4.94,1.0,11805.0
2016-03-22,4.84,4.84,4.84,4.84,203.0,4.84,0.0,4.84,4.84,4.84,1.0,203.0
2016-03-21,4.61,4.88,4.61,4.88,5956.0,4.61,0.0,4.88,4.61,4.88,1.0,5956.0
2016-03-18,4.94,4.98,4.5,4.71,22282.0,4.94,0.0,4.98,4.5,4.71,1.0,22282.0
2016-03-17,4.85,5.2,4.32,4.87,27522.0,4.85,0.0,5.2,4.32,4.87,1.0,27522.0
2016-03-16,4.48,4.48,4.0501,4.34,7949.0,4.48,0.0,4.48,4.0501,4.34,1.0,7949.0
2016-03-15,4.4,5.27,4.4,4.82,11508.0,4.4,0.0,5.27,4.4,4.82,1.0,11508.0
2016-03-14,4.56,4.76,4.5,4.76,2030.0,4.56,0.0,4.76,4.5,4.76,1.0,2030.0
2016-03-11,4.63,4.63,4.63,4.63,175.0,4.63,0.0,4.63,4.63,4.63,1.0,175.0
2016-03-10,4.63,4.7,4.52,4.66,2011.0,4.63,0.0,4.7,4.52,4.66,1.0,2011.0
2016-03-09,4.46,4.9,4.46,4.8,6996.0,4.46,0.0,4.9,4.46,4.8,1.0,6996.0
2016-03-08,4.62,4.7,4.61,4.63,3362.0,4.62,0.0,4.7,4.61,4.63,1.0,3362.0
2016-03-07,4.56,4.885,4.51,4.82,9602.0,4.56,0.0,4.885,4.51,4.82,1.0,9602.0
2016-03-04,4.69,4.92,4.45,4.88,19812.0,4.69,0.0,4.92,4.45,4.88,1.0,19812.0
2016-03-03,4.85,5.07,4.5,5.07,19400.0,4.85,0.0,5.07,4.5,5.07,1.0,19400.0
2016-03-02,4.67,5.37,4.49,5.37,12573.0,4.67,0.0,5.37,4.49,5.37,1.0,12573.0
2016-03-01,5.01,5.01,5.01,5.01,1028.0,5.01,0.0,5.01,5.01,5.01,1.0,1028.0
2016-02-29,4.93,5.47,4.82,4.82,13008.0,4.93,0.0,5.47,4.82,4.82,1.0,13008.0
2016-02-26,5.0,5.4,4.15,4.85,16773.0,5.0,0.0,5.4,4.15,4.85,1.0,16773.0
2016-02-25,4.29,5.14,4.11,4.83,15017.0,4.29,0.0,5.14,4.11,4.83,1.0,15017.0
2016-02-24,4.63,4.63,4.09,4.21,5268.0,4.63,0.0,4.63,4.09,4.21,1.0,5268.0
2016-02-23,4.1699,4.22,3.75,4.15,17184.0,4.1699,0.0,4.22,3.75,4.15,1.0,17184.0
2016-02-22,3.97,4.06,3.59,3.62,5557.0,3.97,0.0,4.06,3.59,3.62,1.0,5557.0
2016-02-19,3.555,3.63,3.49,3.56,2030.0,3.555,0.0,3.63,3.49,3.56,1.0,2030.0
2016-02-18,3.54,3.65,3.26,3.46,12244.0,3.54,0.0,3.65,3.26,3.46,1.0,12244.0
2016-02-17,3.25,3.47,3.06,3.06,30560.0,3.25,0.0,3.47,3.06,3.06,1.0,30560.0
2016-02-16,3.26,3.45,2.97,3.0,18190.0,3.26,0.0,3.45,2.97,3.0,1.0,18190.0
2016-02-12,3.03,3.5,2.94,3.27,31593.0,3.03,0.0,3.5,2.94,3.27,1.0,31593.0
2016-02-11,3.52,3.52,3.52,3.52,82.0,3.52,0.0,3.52,3.52,3.52,1.0,82.0
2016-02-10,3.52,4.06,3.51,3.9,31533.0,3.52,0.0,4.06,3.51,3.9,1.0,31533.0
2016-02-09,4.26,4.26,4.08,4.12,5211.0,4.26,0.0,4.26,4.08,4.12,1.0,5211.0
2016-02-08,4.46,4.8101,3.999,4.8,10134.0,4.46,0.0,4.8101,3.999,4.8,1.0,10134.0
2016-02-05,5.0,5.36,5.0,5.03,10485.0,5.0,0.0,5.36,5.0,5.03,1.0,10485.0
2016-02-04,5.25,5.25,5.01,5.01,601.0,5.25,0.0,5.25,5.01,5.01,1.0,601.0
2016-02-03,5.25,5.27,5.01,5.01,3201.0,5.25,0.0,5.27,5.01,5.01,1.0,3201.0
2016-02-02,4.92,5.3,4.8,5.23,19576.0,4.92,0.0,5.3,4.8,5.23,1.0,19576.0
2016-02-01,5.4,5.4,5.23,5.34,2374.0,5.4,0.0,5.4,5.23,5.34,1.0,2374.0
2016-01-29,5.26,5.3855,5.25,5.28,17352.0,5.26,0.0,5.3855,5.25,5.28,1.0,17352.0
2016-01-28,5.32,5.32,5.25,5.25,3029.0,5.32,0.0,5.32,5.25,5.25,1.0,3029.0
2016-01-27,5.29,5.8,5.06,5.65,15360.0,5.29,0.0,5.8,5.06,5.65,1.0,15360.0
2016-01-26,5.605,5.95,5.33,5.95,20593.0,5.605,0.0,5.95,5.33,5.95,1.0,20593.0
2016-01-25,5.85,6.0,5.54,5.85,10285.0,5.85,0.0,6.0,5.54,5.85,1.0,10285.0
2016-01-22,5.35,5.8,5.3,5.8,4905.0,5.35,0.0,5.8,5.3,5.8,1.0,4905.0
2016-01-21,5.17,5.95,5.17,5.95,8946.0,5.17,0.0,5.95,5.17,5.95,1.0,8946.0
2016-01-20,5.36,5.47,5.17,5.34,3257.0,5.36,0.0,5.47,5.17,5.34,1.0,3257.0
2016-01-19,5.01,5.28,5.0,5.0,3303.0,5.01,0.0,5.28,5.0,5.0,1.0,3303.0
2016-01-15,5.27,5.37,5.01,5.04,9365.0,5.27,0.0,5.37,5.01,5.04,1.0,9365.0
2016-01-14,5.1,5.43,5.04,5.13,7512.0,5.1,0.0,5.43,5.04,5.13,1.0,7512.0
2016-01-13,5.09,5.09,5.09,5.09,75.0,5.09,0.0,5.09,5.09,5.09,1.0,75.0
2016-01-12,5.09,5.47,5.09,5.47,19501.0,5.09,0.0,5.47,5.09,5.47,1.0,19501.0
2016-01-11,5.1429,5.1429,5.0001,5.01,2302.0,5.1429,0.0,5.1429,5.0001,5.01,1.0,2302.0
2016-01-08,5.56,5.6612,5.1,5.23,10121.0,5.56,0.0,5.6612,5.1,5.23,1.0,10121.0
2016-01-07,5.22,5.24,5.2,5.24,1801.0,5.22,0.0,5.24,5.2,5.24,1.0,1801.0
2016-01-06,5.04,5.04,5.04,5.04,0.0,5.04,0.0,5.04,5.04,5.04,1.0,0.0
2016-01-05,5.04,5.04,5.04,5.04,100.0,5.04,0.0,5.04,5.04,5.04,1.0,100.0
2016-01-04,5.26,5.68,5.25,5.68,5046.0,5.26,0.0,5.68,5.25,5.68,1.0,5046.0
2015-12-31,5.26,5.82,5.01,5.82,10795.0,5.26,0.0,5.82,5.01,5.82,1.0,10795.0
2015-12-30,5.49,5.71,5.45,5.57,6213.0,5.49,0.0,5.71,5.45,5.57,1.0,6213.0
2015-12-29,5.45,5.54,5.35,5.5,3145.0,5.45,0.0,5.54,5.35,5.5,1.0,3145.0
2015-12-28,5.82,5.97,5.47,5.85,6139.0,5.82,0.0,5.97,5.47,5.85,1.0,6139.0
2015-12-24,5.46,5.46,5.46,5.46,90.0,5.46,0.0,5.46,5.46,5.46,1.0,90.0
2015-12-23,5.46,5.58,5.45,5.45,2743.0,5.46,0.0,5.58,5.45,5.45,1.0,2743.0
2015-12-22,5.46,5.58,5.42,5.42,9291.0,5.46,0.0,5.58,5.42,5.42,1.0,9291.0
2015-12-21,5.47,5.88,5.36,5.52,8439.0,5.47,0.0,5.88,5.36,5.52,1.0,8439.0
2015-12-18,6.16,6.16,5.71,5.71,337161.0,6.16,0.0,6.16,5.71,5.71,1.0,337161.0
2015-12-17,5.71,6.115,5.71,6.0,10188.0,5.71,0.0,6.115,5.71,6.0,1.0,10188.0
2015-12-16,6.2545,6.8,6.2,6.8,5580.0,6.2545,0.0,6.8,6.2,6.8,1.0,5580.0
2015-12-15,6.08,6.86,6.08,6.84,5502.0,6.08,0.0,6.86,6.08,6.84,1.0,5502.0
2015-12-14,6.28,6.72,6.05,6.72,6396.0,6.28,0.0,6.72,6.05,6.72,1.0,6396.0
2015-12-11,6.01,6.01,6.01,6.01,88.0,6.01,0.0,6.01,6.01,6.01,1.0,88.0
2015-12-10,6.01,6.676,6.0,6.36,7136.0,6.01,0.0,6.676,6.0,6.36,1.0,7136.0
2015-12-09,6.0,6.71,6.0,6.71,7235.0,6.0,0.0,6.71,6.0,6.71,1.0,7235.0
2015-12-08,6.01,6.355,6.005,6.355,1069.0,6.01,0.0,6.355,6.005,6.355,1.0,1069.0
2015-12-07,6.7,6.89,6.02,6.49,10762.0,6.7,0.0,6.89,6.02,6.49,1.0,10762.0
2015-12-04,6.47,6.76,6.01,6.76,4455.0,6.47,0.0,6.76,6.01,6.76,1.0,4455.0
2015-12-03,5.8,6.135,5.8,6.0,3108.0,5.8,0.0,6.135,5.8,6.0,1.0,3108.0
2015-12-02,6.0201,6.21,5.51,5.51,25047.0,6.0201,0.0,6.21,5.51,5.51,1.0,25047.0
2015-12-01,5.51,6.0199,5.5,5.71,55103.0,5.51,0.0,6.0199,5.5,5.71,1.0,55103.0
2015-11-30,5.48,5.5,5.37,5.5,8185.0,5.48,0.0,5.5,5.37,5.5,1.0,8185.0
2015-11-27,5.35,5.44,5.35,5.44,2002.0,5.35,0.0,5.44,5.35,5.44,1.0,2002.0
2015-11-25,5.428,5.5,5.16,5.16,13620.0,5.428,0.0,5.5,5.16,5.16,1.0,13620.0
2015-11-24,5.17,5.45,4.11,4.28,254197.0,5.17,0.0,5.45,4.11,4.28,1.0,254197.0
2015-11-23,3.95,4.18,3.62,4.0,27070.0,3.95,0.0,4.18,3.62,4.0,1.0,27070.0
2015-11-20,3.75,4.26,3.75,3.98,18017.0,3.75,0.0,4.26,3.75,3.98,1.0,18017.0
2015-11-19,3.83,4.3,3.6401,4.3,21174.0,3.83,0.0,4.3,3.6401,4.3,1.0,21174.0
2015-11-18,3.99,4.61,3.8901,3.99,41783.0,3.99,0.0,4.61,3.8901,3.99,1.0,41783.0
2015-11-17,3.7,4.14,3.67,4.0,16295.0,3.7,0.0,4.14,3.67,4.0,1.0,16295.0
2015-11-16,3.76,4.2,3.68,4.19,19550.0,3.76,0.0,4.2,3.68,4.19,1.0,19550.0
2015-11-13,3.8401,4.92,3.84,4.92,28949.0,3.8401,0.0,4.92,3.84,4.92,1.0,28949.0
2015-11-12,4.11,4.52,4.11,4.5,19343.0,4.11,0.0,4.52,4.11,4.5,1.0,19343.0
2015-11-11,4.17,4.63,4.12,4.29,15526.0,4.17,0.0,4.63,4.12,4.29,1.0,15526.0
2015-11-10,4.31,4.47,4.23,4.3,138798.0,4.31,0.0,4.47,4.23,4.3,1.0,138798.0
2015-11-09,4.31,4.82,4.1,4.7901,38065.0,4.31,0.0,4.82,4.1,4.7901,1.0,38065.0
2015-11-06,4.5,4.892,4.5,4.5,5266.0,4.5,0.0,4.892,4.5,4.5,1.0,5266.0
2015-11-05,4.39,4.73,4.39,4.68,11229.0,4.39,0.0,4.73,4.39,4.68,1.0,11229.0
2015-11-04,4.5,4.99,4.4,4.46,19942.0,4.5,0.0,4.99,4.4,4.46,1.0,19942.0
2015-11-03,4.4,4.64,4.4,4.48,7127.0,4.4,0.0,4.64,4.4,4.48,1.0,7127.0
2015-11-02,4.51,5.01,4.46,4.65,22255.0,4.51,0.0,5.01,4.46,4.65,1.0,22255.0
2015-10-30,4.53,4.83,4.44,4.69,24140.0,4.53,0.0,4.83,4.44,4.69,1.0,24140.0
2015-10-29,4.73,4.73,4.73,4.73,160.0,4.73,0.0,4.73,4.73,4.73,1.0,160.0
2015-10-28,4.55,5.45,4.39,5.45,33128.0,4.55,0.0,5.45,4.39,5.45,1.0,33128.0
2015-10-27,4.83,5.3,4.75,5.3,18424.0,4.83,0.0,5.3,4.75,5.3,1.0,18424.0
2015-10-26,5.16,5.5,5.0,5.38,4331.0,5.16,0.0,5.5,5.0,5.38,1.0,4331.0
2015-10-23,5.13,5.5,5.11,5.4,29528.0,5.13,0.0,5.5,5.11,5.4,1.0,29528.0
2015-10-22,5.08,5.5,5.08,5.5,1526.0,5.08,0.0,5.5,5.08,5.5,1.0,1526.0
2015-10-21,5.36,5.73,5.01,5.01,2523.0,5.36,0.0,5.73,5.01,5.01,1.0,2523.0
2015-10-20,5.08,5.37,5.08,5.37,3082.0,5.08,0.0,5.37,5.08,5.37,1.0,3082.0
2015-10-19,5.57,5.88,5.31,5.81,28249.0,5.57,0.0,5.88,5.31,5.81,1.0,28249.0
2015-10-16,5.4,5.8,5.32,5.73,14977.0,5.4,0.0,5.8,5.32,5.73,1.0,14977.0
2015-10-15,5.73,5.7999,5.4,5.4,1434.0,5.73,0.0,5.7999,5.4,5.4,1.0,1434.0
2015-10-14,5.86,6.01,5.8,5.95,14136.0,5.86,0.0,6.01,5.8,5.95,1.0,14136.0
2015-10-13,6.0,6.1799,5.5,5.65,30014.0,6.0,0.0,6.1799,5.5,5.65,1.0,30014.0
2015-10-12,6.04,6.04,6.04,6.04,100.0,6.04,0.0,6.04,6.04,6.04,1.0,100.0
2015-10-09,6.0399,6.04,5.4,5.59,2970.0,6.0399,0.0,6.04,5.4,5.59,1.0,2970.0
2015-10-08,5.89,5.89,5.33,5.38,4184.0,5.89,0.0,5.89,5.33,5.38,1.0,4184.0
2015-10-07,5.33,5.88,5.25,5.55,6662.0,5.33,0.0,5.88,5.25,5.55,1.0,6662.0
2015-10-06,5.4936,5.62,5.06,5.62,2009.0,5.4936,0.0,5.62,5.06,5.62,1.0,2009.0
2015-10-05,5.7,6.04,5.44,5.44,9308.0,5.7,0.0,6.04,5.44,5.44,1.0,9308.0
2015-10-02,5.0,5.73,5.0,5.73,1435.0,5.0,0.0,5.73,5.0,5.73,1.0,1435.0
2015-10-01,5.42,5.82,5.09,5.37,2588.0,5.42,0.0,5.82,5.09,5.37,1.0,2588.0
2015-09-30,5.48,5.5,4.99,5.5,5490.0,5.48,0.0,5.5,4.99,5.5,1.0,5490.0
2015-09-29,5.27,5.45,5.2,5.24,1138.0,5.27,0.0,5.45,5.2,5.24,1.0,1138.0
2015-09-28,5.6,6.0,5.23,5.23,6365.0,5.6,0.0,6.0,5.23,5.23,1.0,6365.0
2015-09-25,5.23,5.91,5.2,5.79,8136.0,5.23,0.0,5.91,5.2,5.79,1.0,8136.0
2015-09-24,5.79,5.91,5.79,5.83,1529.0,5.79,0.0,5.91,5.79,5.83,1.0,1529.0
2015-09-23,6.0,6.07,5.84,6.01,9302.0,6.0,0.0,6.07,5.84,6.01,1.0,9302.0
2015-09-22,6.03,6.8,6.01,6.18,9030.0,6.03,0.0,6.8,6.01,6.18,1.0,9030.0
2015-09-21,6.15,6.37,6.11,6.22,8496.0,6.15,0.0,6.37,6.11,6.22,1.0,8496.0
2015-09-18,6.28,6.35,6.03,6.03,8343.0,6.28,0.0,6.35,6.03,6.03,1.0,8343.0
2015-09-17,6.06,6.99,6.0,6.99,8930.0,6.06,0.0,6.99,6.0,6.99,1.0,8930.0
2015-09-16,6.51,6.9,6.5,6.55,6490.0,6.51,0.0,6.9,6.5,6.55,1.0,6490.0
2015-09-15,6.55,6.55,6.53,6.53,429.0,6.55,0.0,6.55,6.53,6.53,1.0,429.0
2015-09-14,6.54,6.8799,6.5,6.68,8107.0,6.54,0.0,6.8799,6.5,6.68,1.0,8107.0
2015-09-11,6.58,6.73,6.57,6.73,1333.0,6.58,0.0,6.73,6.57,6.73,1.0,1333.0
2015-09-10,6.73,6.84,6.72,6.72,1494.0,6.73,0.0,6.84,6.72,6.72,1.0,1494.0
2015-09-09,7.21,7.21,7.21,7.21,54.0,7.21,0.0,7.21,7.21,7.21,1.0,54.0
2015-09-08,7.21,7.98,7.21,7.35,4867.0,7.21,0.0,7.98,7.21,7.35,1.0,4867.0
2015-09-04,7.35,7.4,6.57,6.57,5511.0,7.35,0.0,7.4,6.57,6.57,1.0,5511.0
2015-09-03,6.57,6.57,6.57,6.57,8.0,6.57,0.0,6.57,6.57,6.57,1.0,8.0
2015-09-02,6.57,7.4,6.5,7.05,6470.0,6.57,0.0,7.4,6.5,7.05,1.0,6470.0
2015-09-01,6.99,6.99,6.88,6.88,15184.0,6.99,0.0,6.99,6.88,6.88,1.0,15184.0
2015-08-31,7.0,7.0,6.92,6.92,200.0,7.0,0.0,7.0,6.92,6.92,1.0,200.0
2015-08-28,7.0,7.0,7.0,7.0,242.0,7.0,0.0,7.0,7.0,7.0,1.0,242.0
2015-08-27,7.01,7.39,6.77,7.34,1560.0,7.01,0.0,7.39,6.77,7.34,1.0,1560.0
2015-08-26,7.3,7.3,6.8,6.9,1142.0,7.3,0.0,7.3,6.8,6.9,1.0,1142.0
2015-08-25,6.75,6.75,6.75,6.75,15.0,6.75,0.0,6.75,6.75,6.75,1.0,15.0
2015-08-24,6.75,6.7501,6.75,6.75,516.0,6.75,0.0,6.7501,6.75,6.75,1.0,516.0
2015-08-21,6.98,7.1,6.98,7.06,4649.0,6.98,0.0,7.1,6.98,7.06,1.0,4649.0
2015-08-20,7.1394,7.1394,7.0,7.01,300.0,7.1394,0.0,7.1394,7.0,7.01,1.0,300.0
2015-08-19,7.0,7.31,7.0,7.22,14230.0,7.0,0.0,7.31,7.0,7.22,1.0,14230.0
2015-08-18,7.23,7.32,7.16,7.16,3841.0,7.23,0.0,7.32,7.16,7.16,1.0,3841.0
2015-08-17,7.05,7.54,6.81,6.85,2007.0,7.05,0.0,7.54,6.81,6.85,1.0,2007.0
2015-08-14,6.78,7.05,6.78,7.05,490.0,6.78,0.0,7.05,6.78,7.05,1.0,490.0
2015-08-13,6.9,7.31,6.53,6.53,5512.0,6.9,0.0,7.31,6.53,6.53,1.0,5512.0
2015-08-12,6.645,7.49,6.5,7.42,3168.0,6.645,0.0,7.49,6.5,7.42,1.0,3168.0
2015-08-11,7.43,7.43,6.91,6.91,425.0,7.43,0.0,7.43,6.91,6.91,1.0,425.0
2015-08-10,6.99,7.34,6.71,6.79,3800.0,6.99,0.0,7.34,6.71,6.79,1.0,3800.0
2015-08-07,6.56,7.49,6.2901,6.7,42671.0,6.56,0.0,7.49,6.2901,6.7,1.0,42671.0
2015-08-06,6.83,6.98,6.72,6.78,4013.0,6.83,0.0,6.98,6.72,6.78,1.0,4013.0
2015-08-05,6.95,7.19,6.44,7.01,13279.0,6.95,0.0,7.19,6.44,7.01,1.0,13279.0
2015-08-04,7.36,7.36,6.77,6.77,4876.0,7.36,0.0,7.36,6.77,6.77,1.0,4876.0
2015-08-03,7.2598,7.37,6.595,7.37,10942.0,7.2598,0.0,7.37,6.595,7.37,1.0,10942.0
2015-07-31,7.03,7.46,6.25,7.46,16894.0,7.03,0.0,7.46,6.25,7.46,1.0,16894.0
2015-07-30,7.03,7.5,6.63,7.49,8824.0,7.03,0.0,7.5,6.63,7.49,1.0,8824.0
2015-07-29,6.2317,6.2317,6.2317,6.2317,200.0,6.2317,0.0,6.2317,6.2317,6.2317,1.0,200.0
2015-07-28,6.01,6.22,6.0,6.2,1054.0,6.01,0.0,6.22,6.0,6.2,1.0,1054.0
2015-07-27,6.04,6.16,5.99,6.015,9650.0,6.04,0.0,6.16,5.99,6.015,1.0,9650.0
2015-07-24,5.99,5.99,5.99,5.99,33.0,5.99,0.0,5.99,5.99,5.99,1.0,33.0
2015-07-23,5.99,6.07,5.99,6.07,9564.0,5.99,0.0,6.07,5.99,6.07,1.0,9564.0
2015-07-22,6.1205,6.46,6.1001,6.46,5671.0,6.1205,0.0,6.46,6.1001,6.46,1.0,5671.0
2015-07-21,5.86,6.54,5.86,6.5,4058.0,5.86,0.0,6.54,5.86,6.5,1.0,4058.0
2015-07-20,6.5,6.76,6.5,6.76,480.0,6.5,0.0,6.76,6.5,6.76,1.0,480.0
2015-07-17,6.64,7.0,6.53,7.0,1040.0,6.64,0.0,7.0,6.53,7.0,1.0,1040.0
2015-07-16,6.5,6.93,6.5,6.93,13902.0,6.5,0.0,6.93,6.5,6.93,1.0,13902.0
2015-07-15,7.07,7.07,7.07,7.07,0.0,7.07,0.0,7.07,7.07,7.07,1.0,0.0
2015-07-14,7.07,7.1214,6.97,6.97,587.0,7.07,0.0,7.1214,6.97,6.97,1.0,587.0
2015-07-13,6.85,6.85,6.85,6.85,125.0,6.85,0.0,6.85,6.85,6.85,1.0,125.0
2015-07-10,7.05,7.05,7.05,7.05,0.0,7.05,0.0,7.05,7.05,7.05,1.0,0.0
2015-07-09,7.05,7.05,7.05,7.05,0.0,7.05,0.0,7.05,7.05,7.05,1.0,0.0
2015-07-08,7.05,7.29,7.02,7.2899,12720.0,7.05,0.0,7.29,7.02,7.2899,1.0,12720.0
2015-07-07,6.82,7.33,6.73,7.11,34945.0,6.82,0.0,7.33,6.73,7.11,1.0,34945.0
2015-07-06,7.35,7.75,7.06,7.39,11118.0,7.35,0.0,7.75,7.06,7.39,1.0,11118.0
2015-07-02,7.52,7.75,7.5,7.75,12591.0,7.52,0.0,7.75,7.5,7.75,1.0,12591.0
2015-07-01,7.66,8.0,7.3025,8.0,24612.0,7.66,0.0,8.0,7.3025,8.0,1.0,24612.0
2015-06-30,8.22,8.351,8.06,8.351,9216.0,8.22,0.0,8.351,8.06,8.351,1.0,9216.0
2015-06-29,8.0,8.08,7.75,7.8,13306.0,8.0,0.0,8.08,7.75,7.8,1.0,13306.0
2015-06-26,8.02,8.758,8.02,8.66,28950.0,8.02,0.0,8.758,8.02,8.66,1.0,28950.0
2015-06-25,8.45,8.942,7.75,8.02,42549.0,8.45,0.0,8.942,7.75,8.02,1.0,42549.0
2015-06-24,8.32,8.36,7.99,7.99,725.0,8.32,0.0,8.36,7.99,7.99,1.0,725.0
2015-06-23,7.93,8.5,7.93,8.27,1869.0,7.93,0.0,8.5,7.93,8.27,1.0,1869.0
2015-06-22,8.36,8.7,8.25,8.7,2602.0,8.36,0.0,8.7,8.25,8.7,1.0,2602.0
2015-06-19,8.8,8.87,8.28,8.28,3232.0,8.8,0.0,8.87,8.28,8.28,1.0,3232.0
2015-06-18,8.26,8.5599,7.953,8.25,3276.0,8.26,0.0,8.5599,7.953,8.25,1.0,3276.0
2015-06-17,8.3601,8.6609,8.25,8.26,1881.0,8.3601,0.0,8.6609,8.25,8.26,1.0,1881.0
2015-06-16,7.99,8.81,7.95,8.56,3667.0,7.99,0.0,8.81,7.95,8.56,1.0,3667.0
2015-06-15,8.4688,8.94,8.2,8.29,4544.0,8.4688,0.0,8.94,8.2,8.29,1.0,4544.0
2015-06-12,8.3,8.54,8.3,8.54,7212.0,8.3,0.0,8.54,8.3,8.54,1.0,7212.0
2015-06-11,8.5,8.78,8.45,8.45,9880.0,8.5,0.0,8.78,8.45,8.45,1.0,9880.0
2015-06-10,8.5699,9.377,8.28,8.39,42230.0,8.5699,0.0,9.377,8.28,8.39,1.0,42230.0
2015-06-09,8.61,8.98,8.5,8.5,15874.0,8.61,0.0,8.98,8.5,8.5,1.0,15874.0
2015-06-08,8.3,8.59,8.3,8.4799,5102.0,8.3,0.0,8.59,8.3,8.4799,1.0,5102.0
2015-06-05,8.61,8.61,8.61,8.61,256.0,8.61,0.0,8.61,8.61,8.61,1.0,256.0
2015-06-04,8.77,8.77,8.24,8.24,1506.0,8.77,0.0,8.77,8.24,8.24,1.0,1506.0
2015-06-03,8.2,8.21,8.17,8.21,543.0,8.2,0.0,8.21,8.17,8.21,1.0,543.0
2015-06-02,8.68,8.68,8.68,8.68,155.0,8.68,0.0,8.68,8.68,8.68,1.0,155.0
2015-06-01,8.43,8.43,8.1101,8.22,1390.0,8.43,0.0,8.43,8.1101,8.22,1.0,1390.0
2015-05-29,8.22,8.75,7.9083,7.97,7451.0,8.22,0.0,8.75,7.9083,7.97,1.0,7451.0
2015-05-28,8.45,8.57,8.2,8.2,1923.0,8.45,0.0,8.57,8.2,8.2,1.0,1923.0
2015-05-27,8.2,8.62,7.91,8.53,4600.0,8.2,0.0,8.62,7.91,8.53,1.0,4600.0
2015-05-26,8.51,8.73,7.83,8.57,26624.0,8.51,0.0,8.73,7.83,8.57,1.0,26624.0
2015-05-22,8.74,8.74,8.47,8.6222,9314.0,8.74,0.0,8.74,8.47,8.6222,1.0,9314.0
2015-05-21,8.51,9.302,8.51,8.69,1821.0,8.51,0.0,9.302,8.51,8.69,1.0,1821.0
2015-05-20,8.53,9.03,8.51,8.8,20059.0,8.53,0.0,9.03,8.51,8.8,1.0,20059.0
2015-05-19,8.6,8.6,8.51,8.51,300.0,8.6,0.0,8.6,8.51,8.51,1.0,300.0
2015-05-18,8.5,9.0,8.3,8.9,17558.0,8.5,0.0,9.0,8.3,8.9,1.0,17558.0
2015-05-15,8.79,9.11,8.51,9.0,30381.0,8.79,0.0,9.11,8.51,9.0,1.0,30381.0
2015-05-14,9.0,9.15,8.95,8.95,28514.0,9.0,0.0,9.15,8.95,8.95,1.0,28514.0
2015-05-13,8.96,9.195,8.95,9.03,44551.0,8.96,0.0,9.195,8.95,9.03,1.0,44551.0
2015-05-12,8.95,9.25,8.6,8.9,69280.0,8.95,0.0,9.25,8.6,8.9,1.0,69280.0
2015-05-11,8.92,9.3,8.209,8.69,378341.0,8.92,0.0,9.3,8.209,8.69,1.0,378341.0
2015-05-08,8.84,8.85,7.85,8.39,64952.0,8.84,0.0,8.85,7.85,8.39,1.0,64952.0
2015-05-07,8.816,8.816,8.45,8.5,256468.0,8.816,0.0,8.816,8.45,8.5,1.0,256468.0
2015-05-06,8.2,8.49,7.76,8.2399,20054.0,8.2,0.0,8.49,7.76,8.2399,1.0,20054.0
2015-05-05,8.1,8.1,7.8389,8.1,4494.0,8.1,0.0,8.1,7.8389,8.1,1.0,4494.0
2015-05-04,8.06,8.06,8.06,8.06,50.0,8.06,0.0,8.06,8.06,8.06,1.0,50.0
2015-05-01,8.06,8.22,8.04,8.219,763.0,8.06,0.0,8.22,8.04,8.219,1.0,763.0
2015-04-30,7.99,8.02,7.93,8.0,315800.0,7.99,0.0,8.02,7.93,8.0,1.0,315800.0
2015-04-29,7.8,7.98,7.79,7.79,1900.0,7.8,0.0,7.98,7.79,7.79,1.0,1900.0
2015-04-28,8.02,8.25,7.68,7.88,8288.0,8.02,0.0,8.25,7.68,7.88,1.0,8288.0
2015-04-27,7.66,7.76,7.51,7.54,9347.0,7.66,0.0,7.76,7.51,7.54,1.0,9347.0
2015-04-24,7.38,7.9999,7.3701,7.9999,2147.0,7.38,0.0,7.9999,7.3701,7.9999,1.0,2147.0
2015-04-23,8.0,8.0,8.0,8.0,68.0,8.0,0.0,8.0,8.0,8.0,1.0,68.0
2015-04-22,8.0,8.24,7.481,7.5085,7093.0,8.0,0.0,8.24,7.481,7.5085,1.0,7093.0
2015-04-21,7.37,7.6499,7.35,7.6499,36176.0,7.37,0.0,7.6499,7.35,7.6499,1.0,36176.0
2015-04-20,7.51,8.0,7.5,7.7399,22017.0,7.51,0.0,8.0,7.5,7.7399,1.0,22017.0
2015-04-17,7.6,7.75,7.57,7.75,2415.0,7.6,0.0,7.75,7.57,7.75,1.0,2415.0
2015-04-16,7.57,7.7099,7.41,7.45,6805.0,7.57,0.0,7.7099,7.41,7.45,1.0,6805.0
2015-04-15,7.7,8.0,7.41,8.0,11678.0,7.7,0.0,8.0,7.41,8.0,1.0,11678.0
2015-04-14,7.94,8.15,7.75,7.9199,40378.0,7.94,0.0,8.15,7.75,7.9199,1.0,40378.0
2015-04-13,7.87,7.9,7.46,7.59,8793.0,7.87,0.0,7.9,7.46,7.59,1.0,8793.0
2015-04-10,7.53,7.8,7.27,7.3,12130.0,7.53,0.0,7.8,7.27,7.3,1.0,12130.0
2015-04-09,7.44,7.44,7.4,7.4,2872.0,7.44,0.0,7.44,7.4,7.4,1.0,2872.0
2015-04-08,7.27,7.51,7.27,7.3,549.0,7.27,0.0,7.51,7.27,7.3,1.0,549.0
2015-04-07,7.84,7.95,7.58,7.89,8608.0,7.84,0.0,7.95,7.58,7.89,1.0,8608.0
2015-04-06,7.88,7.95,7.41,7.49,42053.0,7.88,0.0,7.95,7.41,7.49,1.0,42053.0
2015-04-02,7.55,7.59,6.66,7.5,31573.0,7.55,0.0,7.59,6.66,7.5,1.0,31573.0
2015-04-01,7.44,7.5,7.32,7.44,85859.0,7.44,0.0,7.5,7.32,7.44,1.0,85859.0
2015-03-31,7.39,7.78,7.39,7.54,5375.0,7.39,0.0,7.78,7.39,7.54,1.0,5375.0
2015-03-30,7.64,7.73,7.3601,7.73,8165.0,7.64,0.0,7.73,7.3601,7.73,1.0,8165.0
2015-03-27,7.51,7.69,7.0,7.0,106249.0,7.51,0.0,7.69,7.0,7.0,1.0,106249.0
2015-03-26,6.87,7.22,6.52,6.6801,5567.0,6.87,0.0,7.22,6.52,6.6801,1.0,5567.0
2015-03-25,7.45,7.71,7.4,7.71,16973.0,7.45,0.0,7.71,7.4,7.71,1.0,16973.0
2015-03-24,8.25,8.25,7.7505,8.16,6821.0,8.25,0.0,8.25,7.7505,8.16,1.0,6821.0
2015-03-23,8.15,8.48,8.0,8.28,190669.0,8.15,0.0,8.48,8.0,8.28,1.0,190669.0
2015-03-20,8.26,8.85,8.0,8.61,55025.0,8.26,0.0,8.85,8.0,8.61,1.0,55025.0
2015-03-19,8.52,8.73,8.5,8.67,13746.0,8.52,0.0,8.73,8.5,8.67,1.0,13746.0
2015-03-18,8.69,9.0,8.65,8.65,12443.0,8.69,0.0,9.0,8.65,8.65,1.0,12443.0
2015-03-17,8.68,8.74,8.28,8.36,23019.0,8.68,0.0,8.74,8.28,8.36,1.0,23019.0
2015-03-16,8.63,8.63,8.3,8.46,8232.0,8.63,0.0,8.63,8.3,8.46,1.0,8232.0
2015-03-13,8.2,8.63,8.2,8.41,8426.0,8.2,0.0,8.63,8.2,8.41,1.0,8426.0
2015-03-12,8.59,8.6,8.3301,8.39,9103.0,8.59,0.0,8.6,8.3301,8.39,1.0,9103.0
2015-03-11,8.41,9.0,8.06,8.72,18978.0,8.41,0.0,9.0,8.06,8.72,1.0,18978.0
2015-03-10,8.68,9.0837,7.43,7.43,60526.0,8.68,0.0,9.0837,7.43,7.43,1.0,60526.0
2015-03-09,7.58,7.78,7.2201,7.24,16346.0,7.58,0.0,7.78,7.2201,7.24,1.0,16346.0
2015-03-06,7.3429,7.4599,7.28,7.3568,8175.0,7.3429,0.0,7.4599,7.28,7.3568,1.0,8175.0
2015-03-05,7.39,7.39,6.5501,6.5501,18047.0,7.39,0.0,7.39,6.5501,6.5501,1.0,18047.0
2015-03-04,6.76,6.92,6.5,6.92,29614.0,6.76,0.0,6.92,6.5,6.92,1.0,29614.0
2015-03-03,6.82,7.0899,6.72,7.08,26931.0,6.82,0.0,7.0899,6.72,7.08,1.0,26931.0
2015-03-02,7.0,7.09,6.6801,7.0,67974.0,7.0,0.0,7.09,6.6801,7.0,1.0,67974.0
2015-02-27,6.98,7.05,6.9,6.9,15827.0,6.98,0.0,7.05,6.9,6.9,1.0,15827.0
2015-02-26,7.0,7.09,6.71,7.09,2426.0,7.0,0.0,7.09,6.71,7.09,1.0,2426.0
2015-02-25,7.01,7.04,6.88,6.88,35492.0,7.01,0.0,7.04,6.88,6.88,1.0,35492.0
2015-02-24,6.71,7.0234,6.6,7.0234,21654.0,6.71,0.0,7.0234,6.6,7.0234,1.0,21654.0
2015-02-23,6.85,6.99,6.57,6.99,114021.0,6.85,0.0,6.99,6.57,6.99,1.0,114021.0
2015-02-20,7.125,7.16,6.85,7.0355,11353.0,7.125,0.0,7.16,6.85,7.0355,1.0,11353.0
2015-02-19,7.09,7.09,6.38,6.3801,3393.0,7.09,0.0,7.09,6.38,6.3801,1.0,3393.0
2015-02-18,6.55,6.69,6.31,6.42,15406.0,6.55,0.0,6.69,6.31,6.42,1.0,15406.0
2015-02-17,6.6,6.6,5.7905,6.37,18910.0,6.6,0.0,6.6,5.7905,6.37,1.0,18910.0
2015-02-13,6.0,6.69,5.5201,6.69,23654.0,6.0,0.0,6.69,5.5201,6.69,1.0,23654.0
2015-02-12,6.67,6.68,6.33,6.5542,7670.0,6.67,0.0,6.68,6.33,6.5542,1.0,7670.0
2015-02-11,6.63,6.68,6.41,6.45,13075.0,6.63,0.0,6.68,6.41,6.45,1.0,13075.0
2015-02-10,6.575,6.96,6.44,6.81,17238.0,6.575,0.0,6.96,6.44,6.81,1.0,17238.0
2015-02-09,6.78,7.09,6.69,7.09,24411.0,6.78,0.0,7.09,6.69,7.09,1.0,24411.0
2015-02-06,6.83,7.19,6.7736,6.8,28296.0,6.83,0.0,7.19,6.7736,6.8,1.0,28296.0
2015-02-05,6.71,6.9499,6.28,6.28,31996.0,6.71,0.0,6.9499,6.28,6.28,1.0,31996.0
2015-02-04,6.34,6.78,6.22,6.39,25672.0,6.34,0.0,6.78,6.22,6.39,1.0,25672.0
2015-02-03,6.56,7.0399,6.51,6.56,39830.0,6.56,0.0,7.0399,6.51,6.56,1.0,39830.0
2015-02-02,6.79,7.03,6.51,6.7,83889.0,6.79,0.0,7.03,6.51,6.7,1.0,83889.0
2015-01-30,6.51,8.3375,6.5,8.23,189795.0,6.51,0.0,8.3375,6.5,8.23,1.0,189795.0
2015-01-29,8.15,9.32,7.85,9.25,1976189.0,8.15,0.0,9.32,7.85,9.25,1.0,1976189.0
