,adj_close,adj_high,adj_low,adj_open,adj_volume,close,ex_dividend,high,low,open,split_ratio,volume
2017-02-10,24.075,24.5,24.0,24.01,4839.0,24.075,0.0,24.5,24.0,24.01,1.0,4839.0
2017-02-09,24.06,24.485,23.78,24.2,5388.0,24.06,0.0,24.485,23.78,24.2,1.0,5388.0
2017-02-08,23.95,24.4999,23.83,24.06,16126.0,23.95,0.0,24.4999,23.83,24.06,1.0,16126.0
2017-02-07,24.14,24.38,23.75,23.76,7905.0,24.14,0.0,24.38,23.75,23.76,1.0,7905.0
2017-02-06,23.97,24.3756,22.9,23.31,55149.0,23.97,0.0,24.3756,22.9,23.31,1.0,55149.0
2017-02-03,23.19,25.19,23.19,24.61,22037.0,23.19,0.0,25.19,23.19,24.61,1.0,22037.0
2017-02-02,24.49,25.02,24.33,25.02,89273.0,24.49,0.0,25.02,24.33,25.02,1.0,89273.0
2017-02-01,24.76,26.24,24.46,26.03,18415.0,24.76,0.0,26.24,24.46,26.03,1.0,18415.0
2017-01-31,26.11,27.36,24.45,24.55,16971.0,26.11,0.0,27.36,24.45,24.55,1.0,16971.0
2017-01-30,24.75,24.98,24.01,24.01,22725.0,24.75,0.0,24.98,24.01,24.01,1.0,22725.0
2017-01-27,23.94,24.3,23.82,24.0,6480.0,23.94,0.0,24.3,23.82,24.0,1.0,6480.0
2017-01-26,24.035,24.441,24.0,24.24,4167.0,24.035,0.0,24.441,24.0,24.24,1.0,4167.0
2017-01-25,24.13,25.69,23.86,24.5,34741.0,24.13,0.0,25.69,23.86,24.5,1.0,34741.0
2017-01-24,24.84,25.25,24.1849,25.0,18730.0,24.84,0.0,25.25,24.1849,25.0,1.0,18730.0
2017-01-23,24.5,25.26,23.77,25.2287,9076.0,24.5,0.0,25.26,23.77,25.2287,1.0,9076.0
2017-01-20,24.76,25.0,24.08,24.75,36956.0,24.76,0.0,25.0,24.08,24.75,1.0,36956.0
2017-01-19,24.44,24.93,23.87,24.51,36805.0,24.44,0.0,24.93,23.87,24.51,1.0,36805.0
2017-01-18,24.08,24.39,23.77,24.0,27869.0,24.08,0.0,24.39,23.77,24.0,1.0,27869.0
2017-01-17,24.0,25.472,23.55,23.55,17430.0,24.0,0.0,25.472,23.55,23.55,1.0,17430.0
2017-01-13,23.2,24.5,22.5,23.1453,17924.0,23.2,0.0,24.5,22.5,23.1453,1.0,17924.0
2017-01-12,23.96,23.96,21.77,21.77,16149.0,23.96,0.0,23.96,21.77,21.77,1.0,16149.0
2017-01-11,21.75,22.5,21.51,22.5,19585.0,21.75,0.0,22.5,21.51,22.5,1.0,19585.0
2017-01-10,22.74,23.7999,22.5,23.35,9820.0,22.74,0.0,23.7999,22.5,23.35,1.0,9820.0
2017-01-09,23.38,24.63,23.38,24.56,27038.0,23.38,0.0,24.63,23.38,24.56,1.0,27038.0
2017-01-06,24.36,24.9057,23.0813,24.89,19474.0,24.36,0.0,24.9057,23.0813,24.89,1.0,19474.0
2017-01-05,24.24,26.25,23.48,26.25,39233.0,24.24,0.0,26.25,23.48,26.25,1.0,39233.0
2017-01-04,25.88,26.1262,21.17,21.5,106436.0,25.88,0.0,26.1262,21.17,21.5,1.0,106436.0
2017-01-03,21.07,21.3,20.5453,21.29,13045.0,21.07,0.0,21.3,20.5453,21.29,1.0,13045.0
2016-12-30,21.11,21.22,20.569,21.22,11918.0,21.11,0.0,21.22,20.569,21.22,1.0,11918.0
2016-12-29,21.38,21.5,19.8,20.85,38664.0,21.38,0.0,21.5,19.8,20.85,1.0,38664.0
2016-12-28,20.97,21.6,20.9,21.6,9883.0,20.97,0.0,21.6,20.9,21.6,1.0,9883.0
2016-12-27,20.91,21.0,19.98,19.98,35128.0,20.91,0.0,21.0,19.98,19.98,1.0,35128.0
2016-12-23,19.94,20.375,19.0,20.14,42668.0,19.94,0.0,20.375,19.0,20.14,1.0,42668.0
2016-12-22,19.99,21.28,19.81,21.23,74110.0,19.99,0.0,21.28,19.81,21.23,1.0,74110.0
2016-12-21,20.22,22.185,19.6,22.0,808650.0,20.22,0.0,22.185,19.6,22.0,1.0,808650.0
2016-12-20,14.15,14.7102,13.13,14.6,5962.0,14.15,0.0,14.7102,13.13,14.6,1.0,5962.0
2016-12-19,14.15,14.5,13.53,14.0,14493.0,14.15,0.0,14.5,13.53,14.0,1.0,14493.0
2016-12-16,13.85,16.75,13.85,16.75,1302.0,13.85,0.0,16.75,13.85,16.75,1.0,1302.0
2016-12-15,15.0,15.5,15.0,15.5,1779.0,15.0,0.0,15.5,15.0,15.5,1.0,1779.0
2016-12-14,15.125,15.67,15.09,15.5,3412.0,15.125,0.0,15.67,15.09,15.5,1.0,3412.0
2016-12-13,15.5,15.75,15.5,15.75,733.0,15.5,0.0,15.75,15.5,15.75,1.0,733.0
2016-12-12,15.65,16.0203,15.5,15.8,1788.0,15.65,0.0,16.0203,15.5,15.8,1.0,1788.0
2016-12-09,15.75,15.8,15.75,15.8,2739.0,15.75,0.0,15.8,15.75,15.8,1.0,2739.0
2016-12-08,15.5,15.76,15.5,15.76,541.0,15.5,0.0,15.76,15.5,15.76,1.0,541.0
2016-12-07,15.6,17.49,15.6,17.49,660.0,15.6,0.0,17.49,15.6,17.49,1.0,660.0
2016-12-06,15.32,15.75,15.25,15.65,822.0,15.32,0.0,15.75,15.25,15.65,1.0,822.0
2016-12-05,15.09,15.5989,15.07,15.5,1662.0,15.09,0.0,15.5989,15.07,15.5,1.0,1662.0
2016-12-02,15.1,15.64,15.1,15.2,1375.0,15.1,0.0,15.64,15.1,15.2,1.0,1375.0
2016-12-01,15.01,15.85,15.01,15.85,395.0,15.01,0.0,15.85,15.01,15.85,1.0,395.0
2016-11-30,15.166,15.6,15.166,15.6,1847.0,15.166,0.0,15.6,15.166,15.6,1.0,1847.0
2016-11-29,15.9,16.6197,15.9,16.6197,2040.0,15.9,0.0,16.6197,15.9,16.6197,1.0,2040.0
2016-11-28,15.9,17.4999,15.9,17.4999,3665.0,15.9,0.0,17.4999,15.9,17.4999,1.0,3665.0
2016-11-25,15.51,15.51,15.51,15.51,6.0,15.51,0.0,15.51,15.51,15.51,1.0,6.0
2016-11-23,15.51,15.51,15.51,15.51,14.0,15.51,0.0,15.51,15.51,15.51,1.0,14.0
2016-11-22,15.51,15.51,15.51,15.51,46.0,15.51,0.0,15.51,15.51,15.51,1.0,46.0
2016-11-21,15.51,17.44,15.51,17.439,712.0,15.51,0.0,17.44,15.51,17.439,1.0,712.0
2016-11-18,17.4899,17.4899,16.5,16.5,542.0,17.4899,0.0,17.4899,16.5,16.5,1.0,542.0
2016-11-17,16.0,17.1589,16.0,17.0,1968.0,16.0,0.0,17.1589,16.0,17.0,1.0,1968.0
2016-11-16,16.76,16.99,16.76,16.95,637.0,16.76,0.0,16.99,16.76,16.95,1.0,637.0
2016-11-15,16.99,17.5,16.3,17.5,7192.0,16.99,0.0,17.5,16.3,17.5,1.0,7192.0
2016-11-14,16.85,17.5,16.85,17.47,5764.0,16.85,0.0,17.5,16.85,17.47,1.0,5764.0
2016-11-11,17.4,17.6499,16.69,16.69,1119.0,17.4,0.0,17.6499,16.69,16.69,1.0,1119.0
2016-11-10,16.4857,16.4857,16.45,16.45,1757.0,16.4857,0.0,16.4857,16.45,16.45,1.0,1757.0
2016-11-09,15.85,15.85,15.85,15.85,277.0,15.85,0.0,15.85,15.85,15.85,1.0,277.0
2016-11-08,15.85,16.3,15.001,15.25,1494.0,15.85,0.0,16.3,15.001,15.25,1.0,1494.0
2016-11-07,15.25,16.41,14.85,14.85,9279.0,15.25,0.0,16.41,14.85,14.85,1.0,9279.0
2016-11-04,15.21,17.75,15.21,17.74,2681.0,15.21,0.0,17.75,15.21,17.74,1.0,2681.0
2016-11-03,17.95,17.95,14.854,14.854,958.0,17.95,0.0,17.95,14.854,14.854,1.0,958.0
2016-11-02,15.36,17.0,15.0235,17.0,3995.0,15.36,0.0,17.0,15.0235,17.0,1.0,3995.0
2016-11-01,16.8,17.85,16.8,17.85,2589.0,16.8,0.0,17.85,16.8,17.85,1.0,2589.0
2016-10-31,17.8,17.93,17.8,17.9011,3273.0,17.8,0.0,17.93,17.8,17.9011,1.0,3273.0
2016-10-28,18.12,18.58,18.01,18.58,3683.0,18.12,0.0,18.58,18.01,18.58,1.0,3683.0
2016-10-27,18.4129,18.4129,18.4129,18.4129,59.0,18.4129,0.0,18.4129,18.4129,18.4129,1.0,59.0
2016-10-26,18.4129,18.4129,17.81,17.81,551.0,18.4129,0.0,18.4129,17.81,17.81,1.0,551.0
2016-10-25,18.2867,19.6292,17.8,18.59,5269.0,18.2867,0.0,19.6292,17.8,18.59,1.0,5269.0
2016-10-24,18.8001,19.5299,18.8,19.4,5482.0,18.8001,0.0,19.5299,18.8,19.4,1.0,5482.0
2016-10-21,18.76,18.9999,18.76,18.85,2425.0,18.76,0.0,18.9999,18.76,18.85,1.0,2425.0
2016-10-20,18.6,19.36,18.55,18.55,2580.0,18.6,0.0,19.36,18.55,18.55,1.0,2580.0
2016-10-19,18.55,18.9704,18.26,18.42,5241.0,18.55,0.0,18.9704,18.26,18.42,1.0,5241.0
2016-10-18,17.91,18.4444,17.518,17.6,2047.0,17.91,0.0,18.4444,17.518,17.6,1.0,2047.0
2016-10-17,17.52,17.6089,17.45,17.6089,1170.0,17.52,0.0,17.6089,17.45,17.6089,1.0,1170.0
2016-10-14,17.51,18.5812,17.5,18.5812,1652.0,17.51,0.0,18.5812,17.5,18.5812,1.0,1652.0
2016-10-13,16.92,17.69,16.5498,16.77,4298.0,16.92,0.0,17.69,16.5498,16.77,1.0,4298.0
2016-10-12,16.7301,17.2706,16.5,17.2,8584.0,16.7301,0.0,17.2706,16.5,17.2,1.0,8584.0
2016-10-11,17.21,17.5986,17.203,17.52,6663.0,17.21,0.0,17.5986,17.203,17.52,1.0,6663.0
2016-10-10,17.66,18.07,17.61,17.77,3611.0,17.66,0.0,18.07,17.61,17.77,1.0,3611.0
2016-10-07,17.99,18.0,17.35,17.35,5581.0,17.99,0.0,18.0,17.35,17.35,1.0,5581.0
2016-10-06,17.46,18.5292,16.81,18.39,18362.0,17.46,0.0,18.5292,16.81,18.39,1.0,18362.0
2016-10-05,18.16,18.83,18.15,18.59,7193.0,18.16,0.0,18.83,18.15,18.59,1.0,7193.0
2016-10-04,18.0,19.4,17.79,18.01,10539.0,18.0,0.0,19.4,17.79,18.01,1.0,10539.0
2016-10-03,17.82,18.51,15.56,16.71,47763.0,17.82,0.0,18.51,15.56,16.71,1.0,47763.0
2016-09-30,16.75,16.98,15.0,16.0,27518.0,16.75,0.0,16.98,15.0,16.0,1.0,27518.0
2016-09-29,14.99,16.7099,12.6001,12.6001,116193.0,14.99,0.0,16.7099,12.6001,12.6001,1.0,116193.0
2016-09-28,12.1968,12.34,11.32,11.32,7677.0,12.1968,0.0,12.34,11.32,11.32,1.0,7677.0
2016-09-27,11.24,11.5,11.11,11.5,3587.0,11.24,0.0,11.5,11.11,11.5,1.0,3587.0
2016-09-26,11.51,11.81,11.15,11.15,2563.0,11.51,0.0,11.81,11.15,11.15,1.0,2563.0
2016-09-23,11.68,11.68,10.73,10.73,5410.0,11.68,0.0,11.68,10.73,10.73,1.0,5410.0
2016-09-22,10.65,10.65,10.5,10.5,2231.0,10.65,0.0,10.65,10.5,10.5,1.0,2231.0
2016-09-21,10.66,10.7,10.2501,10.5999,3152.0,10.66,0.0,10.7,10.2501,10.5999,1.0,3152.0
2016-09-20,10.34,10.64,10.34,10.64,6603.0,10.34,0.0,10.64,10.34,10.64,1.0,6603.0
2016-09-19,10.64,10.64,10.15,10.22,6195.0,10.64,0.0,10.64,10.15,10.22,1.0,6195.0
2016-09-16,10.3,10.48,10.0,10.48,5646.0,10.3,0.0,10.48,10.0,10.48,1.0,5646.0
2016-09-15,9.87,10.304,9.77,9.77,7000.0,9.87,0.0,10.304,9.77,9.77,1.0,7000.0
2016-09-14,9.89,10.2703,9.87,9.99,4586.0,9.89,0.0,10.2703,9.87,9.99,1.0,4586.0
2016-09-13,9.69,10.007,9.69,10.007,4012.0,9.69,0.0,10.007,9.69,10.007,1.0,4012.0
2016-09-12,9.86,10.08,9.5,9.9841,14848.0,9.86,0.0,10.08,9.5,9.9841,1.0,14848.0
2016-09-09,9.98,9.98,9.3,9.4,26550.0,9.98,0.0,9.98,9.3,9.4,1.0,26550.0
2016-09-08,9.425,9.5999,9.19,9.3,11550.0,9.425,0.0,9.5999,9.19,9.3,1.0,11550.0
2016-09-07,9.26,9.5,9.15,9.15,10679.0,9.26,0.0,9.5,9.15,9.15,1.0,10679.0
2016-09-06,9.15,9.15,8.845,9.1,1178.0,9.15,0.0,9.15,8.845,9.1,1.0,1178.0
2016-09-02,9.1,9.1,9.1,9.1,160.0,9.1,0.0,9.1,9.1,9.1,1.0,160.0
2016-09-01,9.1,9.1,9.1,9.1,35.0,9.1,0.0,9.1,9.1,9.1,1.0,35.0
2016-08-31,9.1,9.1559,9.09,9.15,2220.0,9.1,0.0,9.1559,9.09,9.15,1.0,2220.0
2016-08-30,9.1,9.1,9.08,9.08,450.0,9.1,0.0,9.1,9.08,9.08,1.0,450.0
2016-08-29,9.07,9.07,9.05,9.05,3314.0,9.07,0.0,9.07,9.05,9.05,1.0,3314.0
2016-08-26,8.91,8.91,8.91,8.91,150.0,8.91,0.0,8.91,8.91,8.91,1.0,150.0
2016-08-25,9.13,9.3638,8.74,8.89,3416.0,9.13,0.0,9.3638,8.74,8.89,1.0,3416.0
2016-08-24,9.2,9.2,9.0012,9.09,2044.0,9.2,0.0,9.2,9.0012,9.09,1.0,2044.0
2016-08-23,9.12,9.28,8.957,8.96,5197.0,9.12,0.0,9.28,8.957,8.96,1.0,5197.0
2016-08-22,9.2,9.43,8.692,8.835,2828.0,9.2,0.0,9.43,8.692,8.835,1.0,2828.0
2016-08-19,9.03,9.376,8.67,8.67,15544.0,9.03,0.0,9.376,8.67,8.67,1.0,15544.0
2016-08-18,9.12,9.2667,9.0,9.25,6534.0,9.12,0.0,9.2667,9.0,9.25,1.0,6534.0
2016-08-17,9.4,9.7,9.0,9.11,5690.0,9.4,0.0,9.7,9.0,9.11,1.0,5690.0
2016-08-16,9.3,9.43,9.08,9.08,7958.0,9.3,0.0,9.43,9.08,9.08,1.0,7958.0
2016-08-15,9.08,9.6,9.08,9.6,900.0,9.08,0.0,9.6,9.08,9.6,1.0,900.0
2016-08-12,9.0,9.0,9.0,9.0,269.0,9.0,0.0,9.0,9.0,9.0,1.0,269.0
2016-08-11,9.0,9.16,8.42,8.42,4902.0,9.0,0.0,9.16,8.42,8.42,1.0,4902.0
2016-08-10,9.21,9.21,8.96,9.05,5534.0,9.21,0.0,9.21,8.96,9.05,1.0,5534.0
2016-08-09,9.17,9.25,8.9,9.25,4522.0,9.17,0.0,9.25,8.9,9.25,1.0,4522.0
2016-08-08,9.28,9.3,8.97,9.26,3253.0,9.28,0.0,9.3,8.97,9.26,1.0,3253.0
2016-08-05,9.313,9.313,9.313,9.313,344.0,9.313,0.0,9.313,9.313,9.313,1.0,344.0
2016-08-04,8.97,8.97,8.8579,8.8579,305.0,8.97,0.0,8.97,8.8579,8.8579,1.0,305.0
2016-08-03,8.97,9.38,8.7601,9.38,4882.0,8.97,0.0,9.38,8.7601,9.38,1.0,4882.0
2016-08-02,9.44,9.4992,9.21,9.495,1275.0,9.44,0.0,9.4992,9.21,9.495,1.0,1275.0
2016-08-01,9.69,10.2,9.51,10.2,8123.0,9.69,0.0,10.2,9.51,10.2,1.0,8123.0
2016-07-29,10.54,10.89,8.5,8.5,20067.0,10.54,0.0,10.89,8.5,8.5,1.0,20067.0
2016-07-28,8.5,8.55,8.345,8.5,3231.0,8.5,0.0,8.55,8.345,8.5,1.0,3231.0
2016-07-27,8.47,8.68,8.25,8.68,10208.0,8.47,0.0,8.68,8.25,8.68,1.0,10208.0
2016-07-26,8.41,8.41,8.41,8.41,138.0,8.41,0.0,8.41,8.41,8.41,1.0,138.0
2016-07-25,8.48,8.68,8.48,8.68,372.0,8.48,0.0,8.68,8.48,8.68,1.0,372.0
2016-07-22,8.48,8.7,8.37,8.7,26546.0,8.48,0.0,8.7,8.37,8.7,1.0,26546.0
2016-07-21,8.45,8.5551,8.4,8.4,5326.0,8.45,0.0,8.5551,8.4,8.4,1.0,5326.0
2016-07-20,8.39,8.4,8.0,8.04,5195.0,8.39,0.0,8.4,8.0,8.04,1.0,5195.0
2016-07-19,8.25,8.73,8.25,8.35,380.0,8.25,0.0,8.73,8.25,8.35,1.0,380.0
2016-07-18,8.26,8.399,8.15,8.37,6786.0,8.26,0.0,8.399,8.15,8.37,1.0,6786.0
2016-07-15,8.39,8.4,8.2,8.25,4622.0,8.39,0.0,8.4,8.2,8.25,1.0,4622.0
2016-07-14,8.16,8.18,8.1501,8.18,1110.0,8.16,0.0,8.18,8.1501,8.18,1.0,1110.0
2016-07-13,8.15,8.3999,8.15,8.3999,1313.0,8.15,0.0,8.3999,8.15,8.3999,1.0,1313.0
2016-07-12,8.2,8.2,8.2,8.2,100.0,8.2,0.0,8.2,8.2,8.2,1.0,100.0
2016-07-11,8.44,8.94,8.18,8.9,9732.0,8.44,0.0,8.94,8.18,8.9,1.0,9732.0
2016-07-08,8.66,8.865,8.66,8.8323,4156.0,8.66,0.0,8.865,8.66,8.8323,1.0,4156.0
2016-07-07,8.44,8.53,8.44,8.53,5551.0,8.44,0.0,8.53,8.44,8.53,1.0,5551.0
2016-07-06,8.2,8.22,8.2,8.2028,1000.0,8.2,0.0,8.22,8.2,8.2028,1.0,1000.0
2016-07-05,8.11,8.14,8.11,8.14,1571.0,8.11,0.0,8.14,8.11,8.14,1.0,1571.0
2016-07-01,8.02,8.02,7.96,8.0,1267.0,8.02,0.0,8.02,7.96,8.0,1.0,1267.0
2016-06-30,7.99,7.99,7.96,7.96,201.0,7.99,0.0,7.99,7.96,7.96,1.0,201.0
2016-06-29,8.0,8.0,7.95,7.96,1400.0,8.0,0.0,8.0,7.95,7.96,1.0,1400.0
2016-06-28,8.0,8.3899,7.95,8.3899,2851.0,8.0,0.0,8.3899,7.95,8.3899,1.0,2851.0
2016-06-27,8.09,8.09,7.78,7.97,12336.0,8.09,0.0,8.09,7.78,7.97,1.0,12336.0
2016-06-24,8.0,8.2,7.845,7.85,9920.0,8.0,0.0,8.2,7.845,7.85,1.0,9920.0
2016-06-23,7.86,7.9,7.255,7.71,13321.0,7.86,0.0,7.9,7.255,7.71,1.0,13321.0
2016-06-22,7.98,8.0,7.795,7.795,30743.0,7.98,0.0,8.0,7.795,7.795,1.0,30743.0
2016-06-21,7.81,8.135,7.69,8.0,41096.0,7.81,0.0,8.135,7.69,8.0,1.0,41096.0
2016-06-20,8.17,8.44,8.03,8.39,16385.0,8.17,0.0,8.44,8.03,8.39,1.0,16385.0
2016-06-17,8.15,9.32,8.08,8.55,153075.0,8.15,0.0,9.32,8.08,8.55,1.0,153075.0
2016-06-16,8.52,8.89,7.75,7.9,139482.0,8.52,0.0,8.89,7.75,7.9,1.0,139482.0
2016-06-15,8.2,8.84,7.6001,8.36,102730.0,8.2,0.0,8.84,7.6001,8.36,1.0,102730.0
2016-06-14,8.36,9.4,8.02,9.07,152220.0,8.36,0.0,9.4,8.02,9.07,1.0,152220.0
2016-06-13,9.29,9.57,9.1,9.57,27794.0,9.29,0.0,9.57,9.1,9.57,1.0,27794.0
2016-06-10,9.15,9.59,8.75,9.06,6482.0,9.15,0.0,9.59,8.75,9.06,1.0,6482.0
2016-06-09,9.65,9.65,8.79,8.79,8423.0,9.65,0.0,9.65,8.79,8.79,1.0,8423.0
2016-06-08,9.06,9.8,8.75,9.8,22522.0,9.06,0.0,9.8,8.75,9.8,1.0,22522.0
2016-06-07,9.8,9.9,9.5,9.5,8760.0,9.8,0.0,9.9,9.5,9.5,1.0,8760.0
2016-06-06,9.35,9.35,8.67,8.67,20195.0,9.35,0.0,9.35,8.67,8.67,1.0,20195.0
2016-06-03,8.51,8.95,8.26,8.95,6818.0,8.51,0.0,8.95,8.26,8.95,1.0,6818.0
2016-06-02,8.82,8.99,8.61,8.99,31409.0,8.82,0.0,8.99,8.61,8.99,1.0,31409.0
2016-06-01,8.69,8.98,8.24,8.98,20020.0,8.69,0.0,8.98,8.24,8.98,1.0,20020.0
2016-05-31,8.61,8.76,7.53,7.53,51966.0,8.61,0.0,8.76,7.53,7.53,1.0,51966.0
2016-05-27,7.62,8.9399,7.5,8.5,155298.0,7.62,0.0,8.9399,7.5,8.5,1.0,155298.0
2016-05-26,8.35,10.43,8.2999,10.34,224646.0,8.35,0.0,10.43,8.2999,10.34,1.0,224646.0
2016-05-25,10.22,10.34,10.2,10.21,7728.0,10.22,0.0,10.34,10.2,10.21,1.0,7728.0
2016-05-24,10.16,10.4,10.02,10.02,13608.0,10.16,0.0,10.4,10.02,10.02,1.0,13608.0
2016-05-23,10.01,10.1,9.85,9.85,49187.0,10.01,0.0,10.1,9.85,9.85,1.0,49187.0
2016-05-20,10.0,10.23,9.91,10.0,196453.0,10.0,0.0,10.23,9.91,10.0,1.0,196453.0
2016-05-19,10.04,10.735,9.73,9.75,1030450.0,10.04,0.0,10.735,9.73,9.75,1.0,1030450.0
