,adj_close,adj_high,adj_low,adj_open,adj_volume,close,ex_dividend,high,low,open,split_ratio,volume
2017-02-10,0.2036,0.2143,0.202,0.202,3310.0,0.2036,0.0,0.2143,0.202,0.202,1.0,3310.0
2017-02-09,0.22,0.22,0.22,0.22,150.0,0.22,0.0,0.22,0.22,0.22,1.0,150.0
2017-02-08,0.22,0.2442,0.22,0.23,12179.0,0.22,0.0,0.2442,0.22,0.23,1.0,12179.0
2017-02-07,0.2379,0.2395,0.2311,0.2395,1932.0,0.2379,0.0,0.2395,0.2311,0.2395,1.0,1932.0
2017-02-06,0.2389,0.2439,0.19,0.2439,5852.0,0.2389,0.0,0.2439,0.19,0.2439,1.0,5852.0
2017-02-03,0.1891,0.2442,0.1801,0.2442,4816.0,0.1891,0.0,0.2442,0.1801,0.2442,1.0,4816.0
2017-02-02,0.2444,0.25,0.1909,0.1911,14279.0,0.2444,0.0,0.25,0.1909,0.1911,1.0,14279.0
2017-02-01,0.189,0.2,0.18,0.189,11207.0,0.189,0.0,0.2,0.18,0.189,1.0,11207.0
2017-01-31,0.18,0.2149,0.1767,0.2149,9057.0,0.18,0.0,0.2149,0.1767,0.2149,1.0,9057.0
2017-01-30,0.2243,0.2315,0.2205,0.2205,3150.0,0.2243,0.0,0.2315,0.2205,0.2205,1.0,3150.0
2017-01-27,0.21,0.21,0.21,0.21,317.0,0.21,0.0,0.21,0.21,0.21,1.0,317.0
2017-01-26,0.23,0.2489,0.11,0.2489,35829.0,0.23,0.0,0.2489,0.11,0.2489,1.0,35829.0
2017-01-25,0.25,0.2688,0.2,0.2688,12118.0,0.25,0.0,0.2688,0.2,0.2688,1.0,12118.0
2017-01-24,0.256,0.26,0.256,0.256,6801.0,0.256,0.0,0.26,0.256,0.256,1.0,6801.0
2017-01-23,0.255,0.2816,0.25,0.2816,8849.0,0.255,0.0,0.2816,0.25,0.2816,1.0,8849.0
2017-01-20,0.2809,0.3049,0.2809,0.3049,1779.0,0.2809,0.0,0.3049,0.2809,0.3049,1.0,1779.0
2017-01-19,0.28,0.3499,0.2601,0.3499,19046.0,0.28,0.0,0.3499,0.2601,0.3499,1.0,19046.0
2017-01-18,0.34,0.37,0.3,0.35,37246.0,0.34,0.0,0.37,0.3,0.35,1.0,37246.0
2017-01-17,0.3,0.38,0.3,0.315,21699.0,0.3,0.0,0.38,0.3,0.315,1.0,21699.0
2017-01-13,0.3,0.35,0.2695,0.294,20102.0,0.3,0.0,0.35,0.2695,0.294,1.0,20102.0
2017-01-12,0.28,0.2815,0.22,0.2604,5233.0,0.28,0.0,0.2815,0.22,0.2604,1.0,5233.0
2017-01-11,0.33,0.33,0.2825,0.2825,452.0,0.33,0.0,0.33,0.2825,0.2825,1.0,452.0
2017-01-10,0.2825,0.2825,0.27,0.27,536.0,0.2825,0.0,0.2825,0.27,0.27,1.0,536.0
2017-01-09,0.2799,0.2799,0.23,0.2666,1177.0,0.2799,0.0,0.2799,0.23,0.2666,1.0,1177.0
2017-01-06,0.2659,0.2659,0.2659,0.2659,384.0,0.2659,0.0,0.2659,0.2659,0.2659,1.0,384.0
2017-01-05,0.28,0.289,0.2639,0.289,5578.0,0.28,0.0,0.289,0.2639,0.289,1.0,5578.0
2017-01-04,0.292,0.292,0.232,0.27,8987.0,0.292,0.0,0.292,0.232,0.27,1.0,8987.0
2017-01-03,0.27,0.28161,0.2688,0.28161,1817.0,0.27,0.0,0.28161,0.2688,0.28161,1.0,1817.0
2016-12-30,0.2673,0.2995,0.23,0.2925,6701.0,0.2673,0.0,0.2995,0.23,0.2925,1.0,6701.0
2016-12-29,0.26,0.323,0.26,0.2934,8658.0,0.26,0.0,0.323,0.26,0.2934,1.0,8658.0
2016-12-28,0.2948,0.35,0.1825,0.35,12322.0,0.2948,0.0,0.35,0.1825,0.35,1.0,12322.0
2016-12-27,0.27,0.27,0.27,0.27,1665.0,0.27,0.0,0.27,0.27,0.27,1.0,1665.0
2016-12-23,0.2717,0.2717,0.2717,0.2717,16.0,0.2717,0.0,0.2717,0.2717,0.2717,1.0,16.0
2016-12-22,0.2717,0.2801,0.2717,0.2801,8109.0,0.2717,0.0,0.2801,0.2717,0.2801,1.0,8109.0
2016-12-21,0.2801,0.3081,0.2801,0.3081,3268.0,0.2801,0.0,0.3081,0.2801,0.3081,1.0,3268.0
2016-12-20,0.3089,0.35,0.29,0.35,13529.0,0.3089,0.0,0.35,0.29,0.35,1.0,13529.0
2016-12-19,0.3491,0.3491,0.3084,0.31,6276.0,0.3491,0.0,0.3491,0.3084,0.31,1.0,6276.0
2016-12-16,0.3464,0.3464,0.3101,0.3309,1320.0,0.3464,0.0,0.3464,0.3101,0.3309,1.0,1320.0
2016-12-15,0.3464,0.35,0.2745,0.349,5056.0,0.3464,0.0,0.35,0.2745,0.349,1.0,5056.0
2016-12-14,0.301,0.301,0.3,0.3,6752.0,0.301,0.0,0.301,0.3,0.3,1.0,6752.0
2016-12-13,0.3432,0.37,0.29,0.35,21899.0,0.3432,0.0,0.37,0.29,0.35,1.0,21899.0
2016-12-12,0.35,0.368,0.3194,0.35,3470.0,0.35,0.0,0.368,0.3194,0.35,1.0,3470.0
2016-12-09,0.3191,0.37,0.3,0.368,3241.0,0.3191,0.0,0.37,0.3,0.368,1.0,3241.0
2016-12-08,0.3,0.37,0.3,0.37,4670.0,0.3,0.0,0.37,0.3,0.37,1.0,4670.0
2016-12-07,0.3654,0.37,0.3375,0.37,3701.0,0.3654,0.0,0.37,0.3375,0.37,1.0,3701.0
2016-12-06,0.32,0.4,0.29,0.32,19032.0,0.32,0.0,0.4,0.29,0.32,1.0,19032.0
2016-12-05,0.3,0.3045,0.3,0.3045,672.0,0.3,0.0,0.3045,0.3,0.3045,1.0,672.0
2016-12-02,0.29,0.323,0.28,0.3,6563.0,0.29,0.0,0.323,0.28,0.3,1.0,6563.0
2016-12-01,0.34,0.34,0.34,0.34,1732.0,0.34,0.0,0.34,0.34,0.34,1.0,1732.0
2016-11-30,0.34,0.34,0.3037,0.34,3945.0,0.34,0.0,0.34,0.3037,0.34,1.0,3945.0
2016-11-29,0.29,0.29,0.29,0.29,1901.0,0.29,0.0,0.29,0.29,0.29,1.0,1901.0
2016-11-28,0.3454,0.38,0.2799,0.38,2249.0,0.3454,0.0,0.38,0.2799,0.38,1.0,2249.0
2016-11-25,0.3,0.3,0.21,0.2801,17977.0,0.3,0.0,0.3,0.21,0.2801,1.0,17977.0
2016-11-23,0.35,0.4,0.281,0.4,2664.0,0.35,0.0,0.4,0.281,0.4,1.0,2664.0
2016-11-22,0.3,0.3,0.3,0.3,780.0,0.3,0.0,0.3,0.3,0.3,1.0,780.0
2016-11-21,0.32,0.39,0.32,0.32,3552.0,0.32,0.0,0.39,0.32,0.32,1.0,3552.0
2016-11-18,0.4,0.4,0.27,0.332,8555.0,0.4,0.0,0.4,0.27,0.332,1.0,8555.0
2016-11-17,0.332,0.332,0.2271,0.244,5212.0,0.332,0.0,0.332,0.2271,0.244,1.0,5212.0
2016-11-16,0.225,0.29,0.222,0.222,4915.0,0.225,0.0,0.29,0.222,0.222,1.0,4915.0
2016-11-15,0.202,0.2482,0.2,0.232,10018.0,0.202,0.0,0.2482,0.2,0.232,1.0,10018.0
2016-11-14,0.221,0.3145,0.2,0.3,5657.0,0.221,0.0,0.3145,0.2,0.3,1.0,5657.0
2016-11-11,0.2213,0.37,0.195,0.37,4897.0,0.2213,0.0,0.37,0.195,0.37,1.0,4897.0
2016-11-10,0.23,0.23,0.2071,0.2071,1910.0,0.23,0.0,0.23,0.2071,0.2071,1.0,1910.0
2016-11-09,0.195,0.195,0.195,0.195,6.0,0.195,0.0,0.195,0.195,0.195,1.0,6.0
2016-11-08,0.195,0.25,0.195,0.2322,1251.0,0.195,0.0,0.25,0.195,0.2322,1.0,1251.0
2016-11-07,0.2189,0.2189,0.2189,0.2189,140.0,0.2189,0.0,0.2189,0.2189,0.2189,1.0,140.0
2016-11-04,0.2189,0.2189,0.19,0.19,3743.0,0.2189,0.0,0.2189,0.19,0.19,1.0,3743.0
2016-11-03,0.21,0.21,0.21,0.21,252.0,0.21,0.0,0.21,0.21,0.21,1.0,252.0
2016-11-02,0.2,0.27,0.1902,0.24,3322.0,0.2,0.0,0.27,0.1902,0.24,1.0,3322.0
2016-11-01,0.25,0.262,0.19,0.24,4377.0,0.25,0.0,0.262,0.19,0.24,1.0,4377.0
2016-10-31,0.2349,0.27,0.2349,0.27,2524.0,0.2349,0.0,0.27,0.2349,0.27,1.0,2524.0
2016-10-28,0.175,0.2,0.175,0.19,5404.0,0.175,0.0,0.2,0.175,0.19,1.0,5404.0
2016-10-27,0.2417,0.2417,0.2417,0.2417,103.0,0.2417,0.0,0.2417,0.2417,0.2417,1.0,103.0
2016-10-26,0.2302,0.2481,0.2302,0.2416,9456.0,0.2302,0.0,0.2481,0.2302,0.2416,1.0,9456.0
2016-10-25,0.2301,0.26,0.2,0.2399,9213.0,0.2301,0.0,0.26,0.2,0.2399,1.0,9213.0
2016-10-24,0.1751,0.24,0.16,0.24,2538.0,0.1751,0.0,0.24,0.16,0.24,1.0,2538.0
2016-10-21,0.24,0.24,0.15,0.15,6601.0,0.24,0.0,0.24,0.15,0.15,1.0,6601.0
2016-10-20,0.1951,0.1951,0.18,0.1859,559.0,0.1951,0.0,0.1951,0.18,0.1859,1.0,559.0
2016-10-19,0.195,0.195,0.195,0.195,565.0,0.195,0.0,0.195,0.195,0.195,1.0,565.0
2016-10-18,0.18,0.18,0.18,0.18,68.0,0.18,0.0,0.18,0.18,0.18,1.0,68.0
2016-10-17,0.18,0.18,0.18,0.18,41.0,0.18,0.0,0.18,0.18,0.18,1.0,41.0
2016-10-14,0.18,0.1967,0.18,0.1874,936.0,0.18,0.0,0.1967,0.18,0.1874,1.0,936.0
2016-10-13,0.1785,0.1785,0.1785,0.1785,100.0,0.1785,0.0,0.1785,0.1785,0.1785,1.0,100.0
2016-10-12,0.17,0.2169,0.17,0.2169,2938.0,0.17,0.0,0.2169,0.17,0.2169,1.0,2938.0
2016-10-11,0.18,0.2,0.16,0.17,7324.0,0.18,0.0,0.2,0.16,0.17,1.0,7324.0
2016-10-10,0.22,0.27,0.16,0.27,23460.0,0.22,0.0,0.27,0.16,0.27,1.0,23460.0
2016-10-07,0.18,0.25,0.15,0.1778,7391.0,0.18,0.0,0.25,0.15,0.1778,1.0,7391.0
2016-10-06,0.12,0.12,0.12,0.12,100.0,0.12,0.0,0.12,0.12,0.12,1.0,100.0
2016-10-05,0.11,0.16,0.11,0.16,23280.0,0.11,0.0,0.16,0.11,0.16,1.0,23280.0
2016-10-04,0.16,0.1814,0.16,0.1814,3428.0,0.16,0.0,0.1814,0.16,0.1814,1.0,3428.0
2016-10-03,0.1804,0.1804,0.1804,0.1804,115.0,0.1804,0.0,0.1804,0.1804,0.1804,1.0,115.0
2016-09-30,0.1804,0.1804,0.1804,0.1804,504.0,0.1804,0.0,0.1804,0.1804,0.1804,1.0,504.0
2016-09-29,0.18,0.18,0.18,0.18,125.0,0.18,0.0,0.18,0.18,0.18,1.0,125.0
2016-09-28,0.18,0.18,0.18,0.18,370.0,0.18,0.0,0.18,0.18,0.18,1.0,370.0
2016-09-27,0.18,0.221,0.16,0.2,4041.0,0.18,0.0,0.221,0.16,0.2,1.0,4041.0
2016-09-26,0.2,0.2,0.2,0.2,117.0,0.2,0.0,0.2,0.2,0.2,1.0,117.0
2016-09-23,0.17,0.17,0.17,0.17,11001.0,0.17,0.0,0.17,0.17,0.17,1.0,11001.0
2016-09-22,0.16,0.19,0.16,0.19,801.0,0.16,0.0,0.19,0.16,0.19,1.0,801.0
2016-09-21,0.1785,0.1785,0.16,0.16,944.0,0.1785,0.0,0.1785,0.16,0.16,1.0,944.0
2016-09-20,0.19,0.19,0.13,0.19,464.0,0.19,0.0,0.19,0.13,0.19,1.0,464.0
2016-09-19,0.189,0.189,0.189,0.189,2250.0,0.189,0.0,0.189,0.189,0.189,1.0,2250.0
2016-09-16,0.18,0.2005,0.1509,0.19,9069.0,0.18,0.0,0.2005,0.1509,0.19,1.0,9069.0
2016-09-15,0.265,0.265,0.265,0.265,11.0,0.265,0.0,0.265,0.265,0.265,1.0,11.0
2016-09-14,0.265,0.2664,0.2,0.2,7627.0,0.265,0.0,0.2664,0.2,0.2,1.0,7627.0
2016-09-13,0.24,0.24,0.15,0.15,2581.0,0.24,0.0,0.24,0.15,0.15,1.0,2581.0
2016-09-12,0.2103,0.2692,0.187,0.2692,5362.0,0.2103,0.0,0.2692,0.187,0.2692,1.0,5362.0
2016-09-09,0.21,0.21,0.21,0.21,6005.0,0.21,0.0,0.21,0.21,0.21,1.0,6005.0
2016-09-08,0.1962,0.1962,0.1962,0.1962,142.0,0.1962,0.0,0.1962,0.1962,0.1962,1.0,142.0
2016-09-07,0.1962,0.1962,0.15,0.1962,697.0,0.1962,0.0,0.1962,0.15,0.1962,1.0,697.0
2016-09-06,0.19,0.19,0.19,0.19,100.0,0.19,0.0,0.19,0.19,0.19,1.0,100.0
2016-09-02,0.19,0.22,0.19,0.217,2200.0,0.19,0.0,0.22,0.19,0.217,1.0,2200.0
2016-09-01,0.18,0.18,0.18,0.18,309.0,0.18,0.0,0.18,0.18,0.18,1.0,309.0
2016-08-31,0.18,0.1997,0.17,0.18,1580.0,0.18,0.0,0.1997,0.17,0.18,1.0,1580.0
2016-08-30,0.2363,0.2363,0.2363,0.2363,1201.0,0.2363,0.0,0.2363,0.2363,0.2363,1.0,1201.0
2016-08-29,0.2008,0.252,0.2008,0.252,2463.0,0.2008,0.0,0.252,0.2008,0.252,1.0,2463.0
2016-08-26,0.24,0.2791,0.24,0.2791,2113.0,0.24,0.0,0.2791,0.24,0.2791,1.0,2113.0
2016-08-25,0.275,0.275,0.275,0.275,142.0,0.275,0.0,0.275,0.275,0.275,1.0,142.0
2016-08-24,0.275,0.31,0.275,0.31,2551.0,0.275,0.0,0.31,0.275,0.31,1.0,2551.0
2016-08-23,0.275,0.275,0.24,0.275,901.0,0.275,0.0,0.275,0.24,0.275,1.0,901.0
2016-08-22,0.275,0.275,0.275,0.275,100.0,0.275,0.0,0.275,0.275,0.275,1.0,100.0
2016-08-19,0.261,0.2936,0.261,0.2936,200.0,0.261,0.0,0.2936,0.261,0.2936,1.0,200.0
2016-08-18,0.261,0.3001,0.261,0.3001,269.0,0.261,0.0,0.3001,0.261,0.3001,1.0,269.0
2016-08-17,0.2917,0.2917,0.2917,0.2917,8.0,0.2917,0.0,0.2917,0.2917,0.2917,1.0,8.0
2016-08-16,0.2917,0.2918,0.29,0.29,1938.0,0.2917,0.0,0.2918,0.29,0.29,1.0,1938.0
2016-08-15,0.261,0.315,0.2205,0.315,2276.0,0.261,0.0,0.315,0.2205,0.315,1.0,2276.0
2016-08-12,0.3,0.3153,0.29,0.29,3659.0,0.3,0.0,0.3153,0.29,0.29,1.0,3659.0
2016-08-11,0.3045,0.3045,0.29,0.29,416.0,0.3045,0.0,0.3045,0.29,0.29,1.0,416.0
2016-08-10,0.3,0.3,0.27,0.3,2914.0,0.3,0.0,0.3,0.27,0.3,1.0,2914.0
2016-08-09,0.29,0.3,0.2614,0.3,3150.0,0.29,0.0,0.3,0.2614,0.3,1.0,3150.0
2016-08-08,0.24,0.24,0.24,0.24,211.0,0.24,0.0,0.24,0.24,0.24,1.0,211.0
2016-08-05,0.21,0.22,0.21,0.22,6833.0,0.21,0.0,0.22,0.21,0.22,1.0,6833.0
2016-08-04,0.21,0.2617,0.2,0.2,764.0,0.21,0.0,0.2617,0.2,0.2,1.0,764.0
2016-08-03,0.28,0.3,0.17,0.17,7533.0,0.28,0.0,0.3,0.17,0.17,1.0,7533.0
2016-08-02,0.2532,0.2532,0.2532,0.2532,113.0,0.2532,0.0,0.2532,0.2532,0.2532,1.0,113.0
2016-08-01,0.21,0.2436,0.15,0.2436,14091.0,0.21,0.0,0.2436,0.15,0.2436,1.0,14091.0
2016-07-29,0.25,0.25,0.25,0.25,50.0,0.25,0.0,0.25,0.25,0.25,1.0,50.0
2016-07-28,0.25,0.25,0.25,0.25,5.0,0.25,0.0,0.25,0.25,0.25,1.0,5.0
2016-07-27,0.25,0.25,0.25,0.25,708.0,0.25,0.0,0.25,0.25,0.25,1.0,708.0
2016-07-26,0.25,0.32,0.25,0.2699,27439.0,0.25,0.0,0.32,0.25,0.2699,1.0,27439.0
2016-07-25,0.2825,0.2825,0.2401,0.2825,2743.0,0.2825,0.0,0.2825,0.2401,0.2825,1.0,2743.0
2016-07-22,0.2826,0.295,0.2825,0.2825,25351.0,0.2826,0.0,0.295,0.2825,0.2825,1.0,25351.0
2016-07-21,0.275,0.32,0.25,0.32,7827.0,0.275,0.0,0.32,0.25,0.32,1.0,7827.0
2016-07-20,0.32,0.32,0.32,0.32,156.0,0.32,0.0,0.32,0.32,0.32,1.0,156.0
2016-07-19,0.25,0.2804,0.2053,0.2053,756.0,0.25,0.0,0.2804,0.2053,0.2053,1.0,756.0
2016-07-18,0.1956,0.1956,0.1956,0.1956,0.0,0.1956,0.0,0.1956,0.1956,0.1956,1.0,0.0
2016-07-15,0.1956,0.1956,0.1956,0.1956,0.0,0.1956,0.0,0.1956,0.1956,0.1956,1.0,0.0
2016-07-14,0.1956,0.1956,0.1956,0.1956,0.0,0.1956,0.0,0.1956,0.1956,0.1956,1.0,0.0
2016-07-13,0.1956,0.2122,0.1945,0.1945,642.0,0.1956,0.0,0.2122,0.1945,0.1945,1.0,642.0
2016-07-12,0.2,0.2,0.13,0.2,9539.0,0.2,0.0,0.2,0.13,0.2,1.0,9539.0
2016-07-11,0.2,0.2,0.1688,0.1888,2678.0,0.2,0.0,0.2,0.1688,0.1888,1.0,2678.0
2016-07-08,0.1999,0.2,0.17,0.17,13733.0,0.1999,0.0,0.2,0.17,0.17,1.0,13733.0
2016-07-07,0.184,0.184,0.165,0.165,1349.0,0.184,0.0,0.184,0.165,0.165,1.0,1349.0
2016-07-06,0.17,0.17,0.1595,0.17,1000.0,0.17,0.0,0.17,0.1595,0.17,1.0,1000.0
2016-07-05,0.1176,0.169,0.1176,0.1176,2095.0,0.1176,0.0,0.169,0.1176,0.1176,1.0,2095.0
2016-07-01,0.15,0.1631,0.15,0.163,2837.0,0.15,0.0,0.1631,0.15,0.163,1.0,2837.0
2016-06-30,0.163,0.163,0.163,0.163,826.0,0.163,0.0,0.163,0.163,0.163,1.0,826.0
2016-06-29,0.1623,0.1623,0.1623,0.1623,340.0,0.1623,0.0,0.1623,0.1623,0.1623,1.0,340.0
2016-06-28,0.1623,0.1623,0.1623,0.1623,0.0,0.1623,0.0,0.1623,0.1623,0.1623,1.0,0.0
2016-06-27,0.1623,0.1623,0.1623,0.1623,1001.0,0.1623,0.0,0.1623,0.1623,0.1623,1.0,1001.0
2016-06-24,0.1502,0.1502,0.1502,0.1502,250.0,0.1502,0.0,0.1502,0.1502,0.1502,1.0,250.0
2016-06-23,0.1597,0.1597,0.1597,0.1597,1000.0,0.1597,0.0,0.1597,0.1597,0.1597,1.0,1000.0
2016-06-22,0.1612,0.168,0.16,0.168,941.0,0.1612,0.0,0.168,0.16,0.168,1.0,941.0
2016-06-21,0.169,0.169,0.16,0.16,2220.0,0.169,0.0,0.169,0.16,0.16,1.0,2220.0
2016-06-20,0.1699,0.1699,0.1699,0.1699,206.0,0.1699,0.0,0.1699,0.1699,0.1699,1.0,206.0
2016-06-17,0.1699,0.17,0.13,0.169,15725.0,0.1699,0.0,0.17,0.13,0.169,1.0,15725.0
2016-06-16,0.17,0.17,0.1699,0.1699,5000.0,0.17,0.0,0.17,0.1699,0.1699,1.0,5000.0
2016-06-15,0.13,0.13,0.13,0.13,0.0,0.13,0.0,0.13,0.13,0.13,1.0,0.0
2016-06-14,0.13,0.17,0.13,0.14,6832.0,0.13,0.0,0.17,0.13,0.14,1.0,6832.0
2016-06-13,0.1768,0.1768,0.14,0.1768,1152.0,0.1768,0.0,0.1768,0.14,0.1768,1.0,1152.0
2016-06-10,0.184,0.184,0.14,0.14,711.0,0.184,0.0,0.184,0.14,0.14,1.0,711.0
2016-06-09,0.13,0.13,0.13,0.13,167.0,0.13,0.0,0.13,0.13,0.13,1.0,167.0
2016-06-08,0.184,0.184,0.1288,0.1288,1815.0,0.184,0.0,0.184,0.1288,0.1288,1.0,1815.0
2016-06-07,0.184,0.184,0.184,0.184,1649.0,0.184,0.0,0.184,0.184,0.184,1.0,1649.0
2016-06-06,0.185,0.1899,0.149,0.149,646.0,0.185,0.0,0.1899,0.149,0.149,1.0,646.0
2016-06-03,0.17,0.17,0.17,0.17,0.0,0.17,0.0,0.17,0.17,0.17,1.0,0.0
2016-06-02,0.17,0.17,0.17,0.17,280.0,0.17,0.0,0.17,0.17,0.17,1.0,280.0
2016-06-01,0.16,0.17,0.15,0.16,2235.0,0.16,0.0,0.17,0.15,0.16,1.0,2235.0
2016-05-31,0.1998,0.1999,0.16,0.1999,1867.0,0.1998,0.0,0.1999,0.16,0.1999,1.0,1867.0
2016-05-27,0.1999,0.1999,0.16,0.16,564.0,0.1999,0.0,0.1999,0.16,0.16,1.0,564.0
2016-05-26,0.151,0.151,0.151,0.151,0.0,0.151,0.0,0.151,0.151,0.151,1.0,0.0
2016-05-25,0.151,0.151,0.151,0.151,334.0,0.151,0.0,0.151,0.151,0.151,1.0,334.0
2016-05-24,0.22,0.22,0.22,0.22,204.0,0.22,0.0,0.22,0.22,0.22,1.0,204.0
2016-05-23,0.22,0.231,0.1617,0.231,12355.0,0.22,0.0,0.231,0.1617,0.231,1.0,12355.0
2016-05-20,0.22,0.22,0.22,0.22,0.0,0.22,0.0,0.22,0.22,0.22,1.0,0.0
2016-05-19,0.22,0.22,0.22,0.22,1629.0,0.22,0.0,0.22,0.22,0.22,1.0,1629.0
2016-05-18,0.3,0.3,0.3,0.3,111.0,0.3,0.0,0.3,0.3,0.3,1.0,111.0
2016-05-17,0.15,0.15,0.15,0.15,71.0,0.15,0.0,0.15,0.15,0.15,1.0,71.0
2016-05-16,0.15,0.2,0.1301,0.1301,51902.0,0.15,0.0,0.2,0.1301,0.1301,1.0,51902.0
2016-05-13,0.2635,0.2635,0.2635,0.2635,0.0,0.2635,0.0,0.2635,0.2635,0.2635,1.0,0.0
2016-05-12,0.2635,0.32,0.251,0.251,808.0,0.2635,0.0,0.32,0.251,0.251,1.0,808.0
2016-05-11,0.26,0.26,0.2401,0.26,3421.0,0.26,0.0,0.26,0.2401,0.26,1.0,3421.0
2016-05-10,0.32,0.32,0.32,0.32,162.0,0.32,0.0,0.32,0.32,0.32,1.0,162.0
2016-05-09,0.34,0.34,0.34,0.34,22.0,0.34,0.0,0.34,0.34,0.34,1.0,22.0
2016-05-06,0.34,0.34,0.34,0.34,1.0,0.34,0.0,0.34,0.34,0.34,1.0,1.0
2016-05-05,0.34,0.34,0.34,0.34,101.0,0.34,0.0,0.34,0.34,0.34,1.0,101.0
2016-05-04,0.34,0.34,0.34,0.34,103.0,0.34,0.0,0.34,0.34,0.34,1.0,103.0
2016-05-03,0.3516,0.378,0.35,0.378,861.0,0.3516,0.0,0.378,0.35,0.378,1.0,861.0
2016-05-02,0.36,0.36,0.36,0.36,121.0,0.36,0.0,0.36,0.36,0.36,1.0,121.0
2016-04-29,0.31,0.31,0.31,0.31,55.0,0.31,0.0,0.31,0.31,0.31,1.0,55.0
2016-04-28,0.31,0.31,0.31,0.31,192.0,0.31,0.0,0.31,0.31,0.31,1.0,192.0
2016-04-27,0.31,0.31,0.31,0.31,0.0,0.31,0.0,0.31,0.31,0.31,1.0,0.0
2016-04-26,0.31,0.31,0.31,0.31,683.0,0.31,0.0,0.31,0.31,0.31,1.0,683.0
2016-04-25,0.3671,0.39,0.3671,0.3672,1484.0,0.3671,0.0,0.39,0.3671,0.3672,1.0,1484.0
2016-04-22,0.3497,0.3497,0.3497,0.3497,219.0,0.3497,0.0,0.3497,0.3497,0.3497,1.0,219.0
2016-04-21,0.25,0.3245,0.25,0.31,913.0,0.25,0.0,0.3245,0.25,0.31,1.0,913.0
2016-04-20,0.31,0.31,0.31,0.31,632.0,0.31,0.0,0.31,0.31,0.31,1.0,632.0
2016-04-19,0.31,0.31,0.31,0.31,740.0,0.31,0.0,0.31,0.31,0.31,1.0,740.0
2016-04-18,0.315,0.315,0.315,0.315,0.0,0.315,0.0,0.315,0.315,0.315,1.0,0.0
2016-04-15,0.315,0.351,0.285,0.35,37600.0,0.315,0.0,0.351,0.285,0.35,1.0,37600.0
2016-04-14,0.3,0.3,0.3,0.3,5.0,0.3,0.0,0.3,0.3,0.3,1.0,5.0
2016-04-13,0.3,0.3,0.3,0.3,40.0,0.3,0.0,0.3,0.3,0.3,1.0,40.0
2016-04-12,0.3,0.3,0.3,0.3,519.0,0.3,0.0,0.3,0.3,0.3,1.0,519.0
2016-04-11,0.345,0.345,0.2528,0.34,6608.0,0.345,0.0,0.345,0.2528,0.34,1.0,6608.0
2016-04-08,0.3757,0.3757,0.3301,0.3301,7790.0,0.3757,0.0,0.3757,0.3301,0.3301,1.0,7790.0
2016-04-07,0.3827,0.3827,0.3827,0.3827,8.0,0.3827,0.0,0.3827,0.3827,0.3827,1.0,8.0
2016-04-06,0.3827,0.3827,0.3827,0.3827,20.0,0.3827,0.0,0.3827,0.3827,0.3827,1.0,20.0
2016-04-05,0.3827,0.4,0.3827,0.4,1984.0,0.3827,0.0,0.4,0.3827,0.4,1.0,1984.0
2016-04-04,0.32,0.4,0.32,0.4,1655.0,0.32,0.0,0.4,0.32,0.4,1.0,1655.0
2016-04-01,0.3837,0.4,0.28,0.29,2036.0,0.3837,0.0,0.4,0.28,0.29,1.0,2036.0
2016-03-31,0.38,0.39,0.248,0.3735,7300.0,0.38,0.0,0.39,0.248,0.3735,1.0,7300.0
2016-03-30,0.34,0.34,0.34,0.34,1.0,0.34,0.0,0.34,0.34,0.34,1.0,1.0
2016-03-29,0.34,0.34,0.26,0.27,2137.0,0.34,0.0,0.34,0.26,0.27,1.0,2137.0
2016-03-28,0.35,0.36,0.35,0.36,2721.0,0.35,0.0,0.36,0.35,0.36,1.0,2721.0
2016-03-24,0.37,0.37,0.37,0.37,40.0,0.37,0.0,0.37,0.37,0.37,1.0,40.0
2016-03-23,0.37,0.3744,0.27,0.35,10178.0,0.37,0.0,0.3744,0.27,0.35,1.0,10178.0
2016-03-22,0.288,0.349,0.25,0.349,4915.0,0.288,0.0,0.349,0.25,0.349,1.0,4915.0
2016-03-21,0.26,0.33,0.26,0.33,336.0,0.26,0.0,0.33,0.26,0.33,1.0,336.0
2016-03-18,0.2995,0.35,0.2455,0.35,3240.0,0.2995,0.0,0.35,0.2455,0.35,1.0,3240.0
2016-03-17,0.35,0.35,0.17,0.17,3895.0,0.35,0.0,0.35,0.17,0.17,1.0,3895.0
2016-03-16,0.3,0.3,0.3,0.3,5152.0,0.3,0.0,0.3,0.3,0.3,1.0,5152.0
2016-03-15,0.2999,0.2999,0.295,0.2999,15460.0,0.2999,0.0,0.2999,0.295,0.2999,1.0,15460.0
2016-03-14,0.3,0.3,0.3,0.3,312.0,0.3,0.0,0.3,0.3,0.3,1.0,312.0
2016-03-11,0.3,0.3,0.27,0.27,1528.0,0.3,0.0,0.3,0.27,0.27,1.0,1528.0
2016-03-10,0.24,0.24,0.16,0.16,3815.0,0.24,0.0,0.24,0.16,0.16,1.0,3815.0
2016-03-09,0.3687,0.3687,0.295,0.3,11649.0,0.3687,0.0,0.3687,0.295,0.3,1.0,11649.0
2016-03-08,0.3285,0.3285,0.3285,0.3285,422.0,0.3285,0.0,0.3285,0.3285,0.3285,1.0,422.0
2016-03-07,0.3398,0.3398,0.3398,0.3398,17.0,0.3398,0.0,0.3398,0.3398,0.3398,1.0,17.0
2016-03-04,0.3398,0.3398,0.18,0.2379,6498.0,0.3398,0.0,0.3398,0.18,0.2379,1.0,6498.0
2016-03-03,0.3399,0.3625,0.2537,0.3625,5768.0,0.3399,0.0,0.3625,0.2537,0.3625,1.0,5768.0
2016-03-02,0.3453,0.38,0.23,0.38,13051.0,0.3453,0.0,0.38,0.23,0.38,1.0,13051.0
2016-03-01,0.34,0.3433,0.15,0.3433,2050.0,0.34,0.0,0.3433,0.15,0.3433,1.0,2050.0
2016-02-29,0.2032,0.29,0.18,0.29,4982.0,0.2032,0.0,0.29,0.18,0.29,1.0,4982.0
2016-02-26,0.2638,0.2638,0.2638,0.2638,1.0,0.2638,0.0,0.2638,0.2638,0.2638,1.0,1.0
2016-02-25,0.2638,0.3999,0.2638,0.3999,1557.0,0.2638,0.0,0.3999,0.2638,0.3999,1.0,1557.0
2016-02-24,0.2768,0.2768,0.2768,0.2768,0.0,0.2768,0.0,0.2768,0.2768,0.2768,1.0,0.0
2016-02-23,0.2768,0.2768,0.2768,0.2768,0.0,0.2768,0.0,0.2768,0.2768,0.2768,1.0,0.0
2016-02-22,0.2768,0.3,0.2768,0.3,7230.0,0.2768,0.0,0.3,0.2768,0.3,1.0,7230.0
2016-02-19,0.1501,0.1501,0.1501,0.1501,0.0,0.1501,0.0,0.1501,0.1501,0.1501,1.0,0.0
2016-02-18,0.1501,0.21,0.1501,0.21,2130.0,0.1501,0.0,0.21,0.1501,0.21,1.0,2130.0
2016-02-17,0.21,0.21,0.155,0.155,15413.0,0.21,0.0,0.21,0.155,0.155,1.0,15413.0
2016-02-16,0.2099,0.21,0.2099,0.21,7052.0,0.2099,0.0,0.21,0.2099,0.21,1.0,7052.0
2016-02-12,0.21,0.21,0.1914,0.21,10052.0,0.21,0.0,0.21,0.1914,0.21,1.0,10052.0
2016-02-11,0.21,0.21,0.21,0.21,207.0,0.21,0.0,0.21,0.21,0.21,1.0,207.0
2016-02-10,0.21,0.21,0.1601,0.21,2450.0,0.21,0.0,0.21,0.1601,0.21,1.0,2450.0
2016-02-09,0.21,0.21,0.2,0.21,5881.0,0.21,0.0,0.21,0.2,0.21,1.0,5881.0
2016-02-08,0.2381,0.34,0.2381,0.34,750.0,0.2381,0.0,0.34,0.2381,0.34,1.0,750.0
2016-02-05,0.34,0.34,0.34,0.34,0.0,0.34,0.0,0.34,0.34,0.34,1.0,0.0
2016-02-04,0.34,0.34,0.34,0.34,174.0,0.34,0.0,0.34,0.34,0.34,1.0,174.0
2016-02-03,0.34,0.34,0.34,0.34,551.0,0.34,0.0,0.34,0.34,0.34,1.0,551.0
2016-02-02,0.3001,0.3001,0.3001,0.3001,105.0,0.3001,0.0,0.3001,0.3001,0.3001,1.0,105.0
2016-02-01,0.38,0.38,0.38,0.38,513.0,0.38,0.0,0.38,0.38,0.38,1.0,513.0
2016-01-29,0.337,0.4,0.2197,0.3201,3370.0,0.337,0.0,0.4,0.2197,0.3201,1.0,3370.0
2016-01-28,0.4,0.4,0.4,0.4,460.0,0.4,0.0,0.4,0.4,0.4,1.0,460.0
2016-01-27,0.39,0.4446,0.35,0.4201,11497.0,0.39,0.0,0.4446,0.35,0.4201,1.0,11497.0
2016-01-26,0.4,0.42,0.4,0.42,3883.0,0.4,0.0,0.42,0.4,0.42,1.0,3883.0
2016-01-25,0.4,0.4118,0.32,0.32,23114.0,0.4,0.0,0.4118,0.32,0.32,1.0,23114.0
2016-01-22,0.28,0.28,0.27,0.28,3581.0,0.28,0.0,0.28,0.27,0.28,1.0,3581.0
2016-01-21,0.2741,0.2741,0.2001,0.2001,2221.0,0.2741,0.0,0.2741,0.2001,0.2001,1.0,2221.0
2016-01-20,0.32,0.32,0.32,0.32,459.0,0.32,0.0,0.32,0.32,0.32,1.0,459.0
2016-01-19,0.3401,0.476,0.12,0.476,22059.0,0.3401,0.0,0.476,0.12,0.476,1.0,22059.0
2016-01-15,0.47,0.4732,0.2448,0.2458,13516.0,0.47,0.0,0.4732,0.2448,0.2458,1.0,13516.0
2016-01-14,0.2332,0.2332,0.12,0.12,12812.0,0.2332,0.0,0.2332,0.12,0.12,1.0,12812.0
2016-01-13,0.1,0.1,0.1,0.1,10015.0,0.1,0.0,0.1,0.1,0.1,1.0,10015.0
2016-01-12,0.11,0.11,0.11,0.11,0.0,0.11,0.0,0.11,0.11,0.11,1.0,0.0
2016-01-11,0.11,0.11,0.11,0.11,0.0,0.11,0.0,0.11,0.11,0.11,1.0,0.0
2016-01-08,0.11,0.11,0.11,0.11,101.0,0.11,0.0,0.11,0.11,0.11,1.0,101.0
2016-01-07,0.1,0.1,0.1,0.1,2901.0,0.1,0.0,0.1,0.1,0.1,1.0,2901.0
2016-01-06,0.149,0.149,0.149,0.149,891.0,0.149,0.0,0.149,0.149,0.149,1.0,891.0
2016-01-05,0.06,0.06,0.06,0.06,306.0,0.06,0.0,0.06,0.06,0.06,1.0,306.0
2016-01-04,0.06,0.06,0.06,0.06,0.0,0.06,0.0,0.06,0.06,0.06,1.0,0.0
2015-12-31,0.06,0.08,0.0598,0.08,10380.0,0.06,0.0,0.08,0.0598,0.08,1.0,10380.0
2015-12-30,0.08,0.08,0.08,0.08,68.0,0.08,0.0,0.08,0.08,0.08,1.0,68.0
2015-12-29,0.08,0.08,0.0748,0.075,6666.0,0.08,0.0,0.08,0.0748,0.075,1.0,6666.0
2015-12-28,0.0667,0.0667,0.0501,0.063,3906.0,0.0667,0.0,0.0667,0.0501,0.063,1.0,3906.0
2015-12-24,0.06,0.06,0.06,0.06,125.0,0.06,0.0,0.06,0.06,0.06,1.0,125.0
2015-12-23,0.075,0.075,0.075,0.075,9683.0,0.075,0.0,0.075,0.075,0.075,1.0,9683.0
2015-12-22,0.08,0.08,0.08,0.08,31.0,0.08,0.0,0.08,0.08,0.08,1.0,31.0
2015-12-21,0.08,0.0999,0.08,0.0999,760.0,0.08,0.0,0.0999,0.08,0.0999,1.0,760.0
2015-12-18,0.0679,0.0679,0.0679,0.0679,102.0,0.0679,0.0,0.0679,0.0679,0.0679,1.0,102.0
2015-12-17,0.0682,0.0682,0.05,0.05,52338.0,0.0682,0.0,0.0682,0.05,0.05,1.0,52338.0
2015-12-16,0.05,0.06,0.0499,0.06,13103.0,0.05,0.0,0.06,0.0499,0.06,1.0,13103.0
2015-12-15,0.09,0.09,0.09,0.09,1666.0,0.09,0.0,0.09,0.09,0.09,1.0,1666.0
2015-12-14,0.09,0.0909,0.06,0.06,5785.0,0.09,0.0,0.0909,0.06,0.06,1.0,5785.0
2015-12-11,0.08,0.08,0.08,0.08,15794.0,0.08,0.0,0.08,0.08,0.08,1.0,15794.0
2015-12-10,0.1,0.18,0.0456,0.09,10122.0,0.1,0.0,0.18,0.0456,0.09,1.0,10122.0
2015-12-09,0.1299,0.1299,0.1299,0.1299,105.0,0.1299,0.0,0.1299,0.1299,0.1299,1.0,105.0
2015-12-08,0.13,0.13,0.12,0.13,1440.0,0.13,0.0,0.13,0.12,0.13,1.0,1440.0
2015-12-07,0.16,0.16,0.16,0.16,19.0,0.16,0.0,0.16,0.16,0.16,1.0,19.0
2015-12-04,0.16,0.16,0.16,0.16,441.0,0.16,0.0,0.16,0.16,0.16,1.0,441.0
2015-12-03,0.16,0.16,0.16,0.16,0.0,0.16,0.0,0.16,0.16,0.16,1.0,0.0
2015-12-02,0.16,0.1899,0.13,0.15,4075.0,0.16,0.0,0.1899,0.13,0.15,1.0,4075.0
2015-12-01,0.1975,0.1975,0.15,0.15,800.0,0.1975,0.0,0.1975,0.15,0.15,1.0,800.0
2015-11-30,0.1949,0.2124,0.1949,0.2124,878.0,0.1949,0.0,0.2124,0.1949,0.2124,1.0,878.0
2015-11-27,0.133,0.22,0.13,0.22,24712.0,0.133,0.0,0.22,0.13,0.22,1.0,24712.0
2015-11-25,0.22,0.27,0.22,0.27,315.0,0.22,0.0,0.27,0.22,0.27,1.0,315.0
2015-11-24,0.225,0.225,0.225,0.225,0.0,0.225,0.0,0.225,0.225,0.225,1.0,0.0
2015-11-23,0.225,0.225,0.225,0.225,0.0,0.225,0.0,0.225,0.225,0.225,1.0,0.0
2015-11-20,0.225,0.225,0.225,0.225,1448.0,0.225,0.0,0.225,0.225,0.225,1.0,1448.0
2015-11-19,0.22,0.246,0.22,0.246,11174.0,0.22,0.0,0.246,0.22,0.246,1.0,11174.0
2015-11-18,0.246,0.246,0.246,0.246,0.0,0.246,0.0,0.246,0.246,0.246,1.0,0.0
2015-11-17,0.246,0.246,0.246,0.246,0.0,0.246,0.0,0.246,0.246,0.246,1.0,0.0
2015-11-16,0.246,0.246,0.246,0.246,4.0,0.246,0.0,0.246,0.246,0.246,1.0,4.0
2015-11-13,0.246,0.246,0.21,0.21,2741.0,0.246,0.0,0.246,0.21,0.21,1.0,2741.0
2015-11-12,0.24,0.24,0.24,0.24,500.0,0.24,0.0,0.24,0.24,0.24,1.0,500.0
2015-11-11,0.21,0.21,0.21,0.21,0.0,0.21,0.0,0.21,0.21,0.21,1.0,0.0
2015-11-10,0.21,0.248,0.21,0.248,6422.0,0.21,0.0,0.248,0.21,0.248,1.0,6422.0
2015-11-09,0.195,0.195,0.195,0.195,0.0,0.195,0.0,0.195,0.195,0.195,1.0,0.0
2015-11-06,0.195,0.25,0.1851,0.2,11602.0,0.195,0.0,0.25,0.1851,0.2,1.0,11602.0
2015-11-05,0.25,0.25,0.1113,0.1113,20614.0,0.25,0.0,0.25,0.1113,0.1113,1.0,20614.0
2015-11-04,0.1524,0.1575,0.15,0.1575,20125.0,0.1524,0.0,0.1575,0.15,0.1575,1.0,20125.0
2015-11-03,0.15,0.1559,0.1175,0.12,71070.0,0.15,0.0,0.1559,0.1175,0.12,1.0,71070.0
2015-11-02,0.28,0.31,0.28,0.31,1000.0,0.28,0.0,0.31,0.28,0.31,1.0,1000.0
2015-10-30,0.31,0.31,0.31,0.31,0.0,0.31,0.0,0.31,0.31,0.31,1.0,0.0
2015-10-29,0.31,0.31,0.31,0.31,0.0,0.31,0.0,0.31,0.31,0.31,1.0,0.0
2015-10-28,0.31,0.31,0.31,0.31,400.0,0.31,0.0,0.31,0.31,0.31,1.0,400.0
2015-10-27,0.28,0.28,0.28,0.28,1000.0,0.28,0.0,0.28,0.28,0.28,1.0,1000.0
2015-10-26,0.23,0.23,0.23,0.23,1200.0,0.23,0.0,0.23,0.23,0.23,1.0,1200.0
2015-10-23,0.3,0.3,0.3,0.3,0.0,0.3,0.0,0.3,0.3,0.3,1.0,0.0
2015-10-22,0.3,0.35,0.273,0.35,6981.0,0.3,0.0,0.35,0.273,0.35,1.0,6981.0
2015-10-21,0.45,0.45,0.45,0.45,0.0,0.45,0.0,0.45,0.45,0.45,1.0,0.0
2015-10-20,0.45,0.45,0.45,0.45,100.0,0.45,0.0,0.45,0.45,0.45,1.0,100.0
2015-10-19,0.48,0.48,0.48,0.48,0.0,0.48,0.0,0.48,0.48,0.48,1.0,0.0
2015-10-16,0.48,0.48,0.48,0.48,152.0,0.48,0.0,0.48,0.48,0.48,1.0,152.0
2015-10-15,0.4,0.4,0.4,0.4,0.0,0.4,0.0,0.4,0.4,0.4,1.0,0.0
2015-10-14,0.4,0.4,0.35,0.4,13955.0,0.4,0.0,0.4,0.35,0.4,1.0,13955.0
2015-10-13,0.4,0.47,0.38,0.47,3045.0,0.4,0.0,0.47,0.38,0.47,1.0,3045.0
2015-10-12,0.74,0.74,0.74,0.74,0.0,0.74,0.0,0.74,0.74,0.74,1.0,0.0
2015-10-09,0.74,0.74,0.74,0.74,0.0,0.74,0.0,0.74,0.74,0.74,1.0,0.0
2015-10-08,0.74,0.74,0.74,0.74,0.0,0.74,0.0,0.74,0.74,0.74,1.0,0.0
2015-10-07,0.74,0.74,0.74,0.74,0.0,0.74,0.0,0.74,0.74,0.74,1.0,0.0
2015-10-06,0.74,0.74,0.74,0.74,0.0,0.74,0.0,0.74,0.74,0.74,1.0,0.0
2015-10-05,0.74,0.74,0.74,0.74,0.0,0.74,0.0,0.74,0.74,0.74,1.0,0.0
2015-10-02,0.74,0.74,0.74,0.74,0.0,0.74,0.0,0.74,0.74,0.74,1.0,0.0
2015-10-01,0.74,0.74,0.74,0.74,258.0,0.74,0.0,0.74,0.74,0.74,1.0,258.0
2015-09-30,0.74,0.74,0.74,0.74,212.0,0.74,0.0,0.74,0.74,0.74,1.0,212.0
2015-09-28,0.545,0.545,0.545,0.545,100.0,0.545,0.0,0.545,0.545,0.545,1.0,100.0
2015-09-25,0.5,0.5,0.5,0.5,5.0,0.5,0.0,0.5,0.5,0.5,1.0,5.0
2015-09-24,0.5,0.5,0.39,0.39,1350.0,0.5,0.0,0.5,0.39,0.39,1.0,1350.0
2015-09-23,0.396,0.396,0.396,0.396,0.0,0.396,0.0,0.396,0.396,0.396,1.0,0.0
2015-09-22,0.396,0.396,0.396,0.396,0.0,0.396,0.0,0.396,0.396,0.396,1.0,0.0
2015-09-21,0.396,0.396,0.396,0.396,0.0,0.396,0.0,0.396,0.396,0.396,1.0,0.0
2015-09-18,0.396,0.396,0.396,0.396,0.0,0.396,0.0,0.396,0.396,0.396,1.0,0.0
2015-09-17,0.396,0.396,0.396,0.396,0.0,0.396,0.0,0.396,0.396,0.396,1.0,0.0
2015-09-16,0.396,0.396,0.396,0.396,0.0,0.396,0.0,0.396,0.396,0.396,1.0,0.0
2015-09-15,0.396,0.4,0.396,0.4,326.0,0.396,0.0,0.4,0.396,0.4,1.0,326.0
2015-09-14,0.515,0.515,0.515,0.515,279.0,0.515,0.0,0.515,0.515,0.515,1.0,279.0
2015-09-11,0.596,0.596,0.596,0.596,100.0,0.596,0.0,0.596,0.596,0.596,1.0,100.0
2015-09-10,0.5,0.5,0.5,0.5,0.0,0.5,0.0,0.5,0.5,0.5,1.0,0.0
2015-09-09,0.5,0.52,0.5,0.52,500.0,0.5,0.0,0.52,0.5,0.52,1.0,500.0
2015-09-08,0.65,0.65,0.65,0.65,0.0,0.65,0.0,0.65,0.65,0.65,1.0,0.0
2015-09-04,0.65,0.7295,0.59,0.7295,3205.0,0.65,0.0,0.7295,0.59,0.7295,1.0,3205.0
2015-09-03,0.75,0.75,0.75,0.75,0.0,0.75,0.0,0.75,0.75,0.75,1.0,0.0
2015-09-02,0.75,0.75,0.75,0.75,0.0,0.75,0.0,0.75,0.75,0.75,1.0,0.0
2015-09-01,0.75,0.75,0.75,0.75,500.0,0.75,0.0,0.75,0.75,0.75,1.0,500.0
2015-08-31,0.54,0.54,0.54,0.54,0.0,0.54,0.0,0.54,0.54,0.54,1.0,0.0
2015-08-28,0.54,0.54,0.54,0.54,2.0,0.54,0.0,0.54,0.54,0.54,1.0,2.0
2015-08-27,0.54,0.62,0.54,0.598,7500.0,0.54,0.0,0.62,0.54,0.598,1.0,7500.0
2015-08-26,0.532,0.62,0.532,0.55,730.0,0.532,0.0,0.62,0.532,0.55,1.0,730.0
2015-08-25,0.3472,0.3472,0.3472,0.3472,100.0,0.3472,0.0,0.3472,0.3472,0.3472,1.0,100.0
2015-08-24,0.45,0.45,0.3,0.45,500.0,0.45,0.0,0.45,0.3,0.45,1.0,500.0
2015-08-21,0.505,0.505,0.505,0.505,25.0,0.505,0.0,0.505,0.505,0.505,1.0,25.0
2015-08-20,0.505,0.505,0.238,0.45,9202.0,0.505,0.0,0.505,0.238,0.45,1.0,9202.0
2015-08-19,0.6,0.6,0.6,0.6,0.0,0.6,0.0,0.6,0.6,0.6,1.0,0.0
2015-08-18,0.6,0.6,0.6,0.6,2015.0,0.6,0.0,0.6,0.6,0.6,1.0,2015.0
2015-08-17,0.6,0.6,0.6,0.6,0.0,0.6,0.0,0.6,0.6,0.6,1.0,0.0
2015-08-14,0.6,0.6,0.6,0.6,300.0,0.6,0.0,0.6,0.6,0.6,1.0,300.0
2015-08-13,0.55,0.55,0.55,0.55,0.0,0.55,0.0,0.55,0.55,0.55,1.0,0.0
2015-08-12,0.55,0.55,0.55,0.55,100.0,0.55,0.0,0.55,0.55,0.55,1.0,100.0
2015-08-11,0.63,0.63,0.5948,0.63,600.0,0.63,0.0,0.63,0.5948,0.63,1.0,600.0
2015-08-10,0.55,0.55,0.4122,0.42,1464.0,0.55,0.0,0.55,0.4122,0.42,1.0,1464.0
2015-08-07,0.69,0.69,0.69,0.69,0.0,0.69,0.0,0.69,0.69,0.69,1.0,0.0
2015-08-06,0.69,0.69,0.69,0.69,0.0,0.69,0.0,0.69,0.69,0.69,1.0,0.0
2015-08-05,0.69,0.69,0.69,0.69,100.0,0.69,0.0,0.69,0.69,0.69,1.0,100.0
2015-08-04,0.61,0.61,0.61,0.61,15.0,0.61,0.0,0.61,0.61,0.61,1.0,15.0
2015-08-03,0.61,0.61,0.55,0.55,240.0,0.61,0.0,0.61,0.55,0.55,1.0,240.0
2015-07-31,0.468,0.468,0.32,0.4425,5637.0,0.468,0.0,0.468,0.32,0.4425,1.0,5637.0
2015-07-30,0.49,0.5,0.2275,0.48,15659.0,0.49,0.0,0.5,0.2275,0.48,1.0,15659.0
2015-07-29,0.5844,0.6,0.45,0.54,1800.0,0.5844,0.0,0.6,0.45,0.54,1.0,1800.0
2015-07-28,0.625,0.625,0.625,0.625,100.0,0.625,0.0,0.625,0.625,0.625,1.0,100.0
2015-07-27,0.6,0.6,0.6,0.6,300.0,0.6,0.0,0.6,0.6,0.6,1.0,300.0
2015-07-24,0.62,0.65,0.45,0.62,4557.0,0.62,0.0,0.65,0.45,0.62,1.0,4557.0
2015-07-23,0.64,0.64,0.64,0.64,0.0,0.64,0.0,0.64,0.64,0.64,1.0,0.0
2015-07-22,0.64,0.64,0.64,0.64,460.0,0.64,0.0,0.64,0.64,0.64,1.0,460.0
2015-07-21,0.6826,0.7,0.41,0.41,6203.0,0.6826,0.0,0.7,0.41,0.41,1.0,6203.0
2015-07-20,0.5,0.62,0.4454,0.62,6708.0,0.5,0.0,0.62,0.4454,0.62,1.0,6708.0
2015-07-17,0.7487,0.7487,0.6,0.63,1011.0,0.7487,0.0,0.7487,0.6,0.63,1.0,1011.0
2015-07-16,0.7499,0.7499,0.7499,0.7499,30.0,0.7499,0.0,0.7499,0.7499,0.7499,1.0,30.0
2015-07-15,0.7499,0.7499,0.7499,0.7499,125.0,0.7499,0.0,0.7499,0.7499,0.7499,1.0,125.0
2015-07-14,0.74,0.74,0.6,0.6,1388.0,0.74,0.0,0.74,0.6,0.6,1.0,1388.0
2015-07-13,0.75,0.75,0.75,0.75,10.0,0.75,0.0,0.75,0.75,0.75,1.0,10.0
2015-07-10,0.75,0.75,0.75,0.75,577.0,0.75,0.0,0.75,0.75,0.75,1.0,577.0
2015-07-09,0.62,0.62,0.62,0.62,24.0,0.62,0.0,0.62,0.62,0.62,1.0,24.0
2015-07-08,0.62,0.635,0.585,0.635,602.0,0.62,0.0,0.635,0.585,0.635,1.0,602.0
2015-07-07,0.635,0.635,0.6,0.61,1583.0,0.635,0.0,0.635,0.6,0.61,1.0,1583.0
2015-07-06,0.6135,0.6135,0.6,0.6097,1500.0,0.6135,0.0,0.6135,0.6,0.6097,1.0,1500.0
2015-07-02,0.7,0.7,0.7,0.7,0.0,0.7,0.0,0.7,0.7,0.7,1.0,0.0
2015-07-01,0.7,0.75,0.65,0.65,3876.0,0.7,0.0,0.75,0.65,0.65,1.0,3876.0
2015-06-30,0.745,0.745,0.745,0.745,35.0,0.745,0.0,0.745,0.745,0.745,1.0,35.0
2015-06-29,0.745,0.75,0.65,0.7,10895.0,0.745,0.0,0.75,0.65,0.7,1.0,10895.0
2015-06-26,0.7429,0.7429,0.7429,0.7429,0.0,0.7429,0.0,0.7429,0.7429,0.7429,1.0,0.0
2015-06-25,0.7429,0.7429,0.7429,0.7429,100.0,0.7429,0.0,0.7429,0.7429,0.7429,1.0,100.0
2015-06-24,0.7499,0.75,0.7003,0.75,6324.0,0.7499,0.0,0.75,0.7003,0.75,1.0,6324.0
2015-06-23,0.78,0.78,0.7384,0.7797,1150.0,0.78,0.0,0.78,0.7384,0.7797,1.0,1150.0
2015-06-22,0.8189,0.96,0.74,0.96,2200.0,0.8189,0.0,0.96,0.74,0.96,1.0,2200.0
2015-06-19,0.75,0.8,0.72,0.72,3786.0,0.75,0.0,0.8,0.72,0.72,1.0,3786.0
2015-06-18,0.76,0.7779,0.7,0.7,3300.0,0.76,0.0,0.7779,0.7,0.7,1.0,3300.0
2015-06-17,0.75,0.76,0.75,0.76,600.0,0.75,0.0,0.76,0.75,0.76,1.0,600.0
2015-06-16,0.75,0.76,0.75,0.75,3512.0,0.75,0.0,0.76,0.75,0.75,1.0,3512.0
2015-06-15,0.75,0.9,0.75,0.8,4580.0,0.75,0.0,0.9,0.75,0.8,1.0,4580.0
2015-06-12,0.75,0.77,0.75,0.77,560.0,0.75,0.0,0.77,0.75,0.77,1.0,560.0
2015-06-11,0.77,0.77,0.77,0.77,15.0,0.77,0.0,0.77,0.77,0.77,1.0,15.0
2015-06-10,0.77,0.82,0.77,0.77,700.0,0.77,0.0,0.82,0.77,0.77,1.0,700.0
2015-06-09,0.7,0.8,0.7,0.761,4300.0,0.7,0.0,0.8,0.7,0.761,1.0,4300.0
2015-06-08,0.91,0.91,0.91,0.91,0.0,0.91,0.0,0.91,0.91,0.91,1.0,0.0
2015-06-05,0.91,0.91,0.91,0.91,0.0,0.91,0.0,0.91,0.91,0.91,1.0,0.0
2015-06-04,0.91,0.91,0.71,0.9,5300.0,0.91,0.0,0.91,0.71,0.9,1.0,5300.0
2015-06-03,0.95,0.95,0.95,0.95,2000.0,0.95,0.0,0.95,0.95,0.95,1.0,2000.0
2015-06-02,0.98,1.0,0.98,1.0,9744.0,0.98,0.0,1.0,0.98,1.0,1.0,9744.0
2015-06-01,0.98,1.06,0.9743,0.98,11491.0,0.98,0.0,1.06,0.9743,0.98,1.0,11491.0
2015-05-29,0.95,0.9501,0.93,0.93,2915.0,0.95,0.0,0.9501,0.93,0.93,1.0,2915.0
2015-05-28,0.91,1.0,0.7126,0.9,15668.0,0.91,0.0,1.0,0.7126,0.9,1.0,15668.0
2015-05-27,0.88,0.88,0.88,0.88,194.0,0.88,0.0,0.88,0.88,0.88,1.0,194.0
2015-05-26,0.83,0.85,0.83,0.85,5225.0,0.83,0.0,0.85,0.83,0.85,1.0,5225.0
2015-05-22,0.82,0.82,0.82,0.82,1.0,0.82,0.0,0.82,0.82,0.82,1.0,1.0
2015-05-21,0.82,0.88,0.82,0.84,4070.0,0.82,0.0,0.88,0.82,0.84,1.0,4070.0
2015-05-20,0.85,0.85,0.85,0.85,4265.0,0.85,0.0,0.85,0.85,0.85,1.0,4265.0
2015-05-19,0.79,0.85,0.55,0.63,13700.0,0.79,0.0,0.85,0.55,0.63,1.0,13700.0
2015-05-18,0.92,0.95,0.87,0.95,3272.0,0.92,0.0,0.95,0.87,0.95,1.0,3272.0
2015-05-15,0.94,0.94,0.94,0.94,0.0,0.94,0.0,0.94,0.94,0.94,1.0,0.0
2015-05-14,0.94,0.94,0.8,0.8,5200.0,0.94,0.0,0.94,0.8,0.8,1.0,5200.0
2015-05-13,0.9,0.9,0.9,0.9,0.0,0.9,0.0,0.9,0.9,0.9,1.0,0.0
2015-05-12,0.9,1.05,0.9,1.05,9500.0,0.9,0.0,1.05,0.9,1.05,1.0,9500.0
2015-05-11,0.875,0.875,0.875,0.875,200.0,0.875,0.0,0.875,0.875,0.875,1.0,200.0
2015-05-08,0.96,0.96,0.86,0.94,11430.0,0.96,0.0,0.96,0.86,0.94,1.0,11430.0
2015-05-07,0.85,0.95,0.78,0.94,11600.0,0.85,0.0,0.95,0.78,0.94,1.0,11600.0
2015-05-06,1.0,1.1,0.86,0.96,1740.0,1.0,0.0,1.1,0.86,0.96,1.0,1740.0
2015-05-05,0.95,0.96,0.85,0.92,6492.0,0.95,0.0,0.96,0.85,0.92,1.0,6492.0
2015-05-04,1.0,1.0,0.9999,1.0,919.0,1.0,0.0,1.0,0.9999,1.0,1.0,919.0
2015-05-01,1.0,1.0,0.8945,1.0,3100.0,1.0,0.0,1.0,0.8945,1.0,1.0,3100.0
2015-04-30,1.0,1.0,1.0,1.0,0.0,1.0,0.0,1.0,1.0,1.0,1.0,0.0
2015-04-29,1.0,1.0,1.0,1.0,832.0,1.0,0.0,1.0,1.0,1.0,1.0,832.0
2015-04-28,1.0,1.1,0.9499,1.05,5278.0,1.0,0.0,1.1,0.9499,1.05,1.0,5278.0
2015-04-27,1.01,1.01,1.0,1.0,500.0,1.01,0.0,1.01,1.0,1.0,1.0,500.0
2015-04-24,1.05,1.13,1.0,1.11,8400.0,1.05,0.0,1.13,1.0,1.11,1.0,8400.0
2015-04-23,1.015,1.39,1.015,1.39,12911.0,1.015,0.0,1.39,1.015,1.39,1.0,12911.0
2015-04-22,1.05,1.073,1.05,1.05,7867.0,1.05,0.0,1.073,1.05,1.05,1.0,7867.0
2015-04-21,1.15,1.15,1.15,1.15,449.0,1.15,0.0,1.15,1.15,1.15,1.0,449.0
2015-04-20,1.12,1.12,1.07,1.07,501.0,1.12,0.0,1.12,1.07,1.07,1.0,501.0
2015-04-17,1.18,1.18,1.18,1.18,0.0,1.18,0.0,1.18,1.18,1.18,1.0,0.0
2015-04-16,1.18,1.18,1.18,1.18,50.0,1.18,0.0,1.18,1.18,1.18,1.0,50.0
2015-04-15,1.18,1.18,1.18,1.18,0.0,1.18,0.0,1.18,1.18,1.18,1.0,0.0
2015-04-14,1.18,1.18,1.05,1.05,4100.0,1.18,0.0,1.18,1.05,1.05,1.0,4100.0
2015-04-13,1.0501,1.096,1.0501,1.096,1999.0,1.0501,0.0,1.096,1.0501,1.096,1.0,1999.0
2015-04-10,1.095,1.095,1.095,1.095,304.0,1.095,0.0,1.095,1.095,1.095,1.0,304.0
2015-04-09,1.15,1.22,1.14,1.16,4410.0,1.15,0.0,1.22,1.14,1.16,1.0,4410.0
2015-04-08,1.09,1.09,1.03,1.03,350.0,1.09,0.0,1.09,1.03,1.03,1.0,350.0
2015-04-07,1.03,1.06,1.0,1.05,9935.0,1.03,0.0,1.06,1.0,1.05,1.0,9935.0
2015-04-06,1.15,1.168,1.0,1.168,8230.0,1.15,0.0,1.168,1.0,1.168,1.0,8230.0
2015-04-02,1.2,1.23,1.16,1.23,2662.0,1.2,0.0,1.23,1.16,1.23,1.0,2662.0
2015-04-01,1.23,1.23,1.14,1.14,2735.0,1.23,0.0,1.23,1.14,1.14,1.0,2735.0
2015-03-31,1.19,1.2,1.062,1.16,10167.0,1.19,0.0,1.2,1.062,1.16,1.0,10167.0
2015-03-30,1.4115,1.4115,1.2001,1.35,6314.0,1.4115,0.0,1.4115,1.2001,1.35,1.0,6314.0
2015-03-27,1.47,1.5,1.3501,1.5,3774.0,1.47,0.0,1.5,1.3501,1.5,1.0,3774.0
2015-03-26,1.48,1.48,1.0501,1.2401,11977.0,1.48,0.0,1.48,1.0501,1.2401,1.0,11977.0
2015-03-25,1.24,1.24,1.13,1.13,625.0,1.24,0.0,1.24,1.13,1.13,1.0,625.0
2015-03-24,1.25,1.3,1.25,1.3,735.0,1.25,0.0,1.3,1.25,1.3,1.0,735.0
2015-03-23,1.24,1.5,1.1,1.5,41472.0,1.24,0.0,1.5,1.1,1.5,1.0,41472.0
2015-03-20,1.39,1.5154,1.19,1.19,36174.0,1.39,0.0,1.5154,1.19,1.19,1.0,36174.0
2015-03-19,1.14,1.2,0.98,0.98,27959.0,1.14,0.0,1.2,0.98,0.98,1.0,27959.0
2015-03-18,1.19,1.2,1.05,1.05,10875.0,1.19,0.0,1.2,1.05,1.05,1.0,10875.0
2015-03-17,1.1485,1.18,1.11,1.18,7247.0,1.1485,0.0,1.18,1.11,1.18,1.0,7247.0
2015-03-16,1.0985,1.0985,1.0985,1.0985,0.0,1.0985,0.0,1.0985,1.0985,1.0985,1.0,0.0
2015-03-13,1.0985,1.0985,0.9425,0.9425,330.0,1.0985,0.0,1.0985,0.9425,0.9425,1.0,330.0
2015-03-12,1.1085,1.1085,1.08,1.1,2147.0,1.1085,0.0,1.1085,1.08,1.1,1.0,2147.0
2015-03-11,1.012,1.05,0.9499,0.95,6514.0,1.012,0.0,1.05,0.9499,0.95,1.0,6514.0
2015-03-10,0.85,0.85,0.84,0.84,1071.0,0.85,0.0,0.85,0.84,0.84,1.0,1071.0
2015-03-09,0.8,0.8,0.75,0.76,6494.0,0.8,0.0,0.8,0.75,0.76,1.0,6494.0
2015-03-06,0.8,0.8,0.8,0.8,162.0,0.8,0.0,0.8,0.8,0.8,1.0,162.0
2015-03-05,0.8,0.8999,0.75,0.8001,2300.0,0.8,0.0,0.8999,0.75,0.8001,1.0,2300.0
2015-03-04,0.9,0.9975,0.85,0.9975,4735.0,0.9,0.0,0.9975,0.85,0.9975,1.0,4735.0
2015-03-03,0.95,1.0,0.95,0.95,11950.0,0.95,0.0,1.0,0.95,0.95,1.0,11950.0
2015-03-02,0.95,0.95,0.9401,0.9401,2000.0,0.95,0.0,0.95,0.9401,0.9401,1.0,2000.0
2015-02-27,1.0,1.06,1.0,1.06,2100.0,1.0,0.0,1.06,1.0,1.06,1.0,2100.0
2015-02-26,1.0,1.3,1.0,1.24,19702.0,1.0,0.0,1.3,1.0,1.24,1.0,19702.0
2015-02-25,1.0,1.0,1.0,1.0,0.0,1.0,0.0,1.0,1.0,1.0,1.0,0.0
2015-02-24,1.0,1.0,1.0,1.0,0.0,1.0,0.0,1.0,1.0,1.0,1.0,0.0
2015-02-23,1.0,1.0,1.0,1.0,0.0,1.0,0.0,1.0,1.0,1.0,1.0,0.0
2015-02-20,1.0,1.01,0.8642,1.01,3100.0,1.0,0.0,1.01,0.8642,1.01,1.0,3100.0
2015-02-19,0.95,1.03,0.85,1.03,950.0,0.95,0.0,1.03,0.85,1.03,1.0,950.0
2015-02-18,1.0,1.0,1.0,1.0,380.0,1.0,0.0,1.0,1.0,1.0,1.0,380.0
2015-02-17,0.9865,0.9873,0.9865,0.9873,1200.0,0.9865,0.0,0.9873,0.9865,0.9873,1.0,1200.0
2015-02-13,0.96,0.96,0.96,0.96,200.0,0.96,0.0,0.96,0.96,0.96,1.0,200.0
2015-02-12,1.0071,1.02,0.98,0.98,1000.0,1.0071,0.0,1.02,0.98,0.98,1.0,1000.0
2015-02-11,0.971,1.05,0.8809,0.8809,14940.0,0.971,0.0,1.05,0.8809,0.8809,1.0,14940.0
2015-02-10,0.99,0.99,0.98,0.98,1575.0,0.99,0.0,0.99,0.98,0.98,1.0,1575.0
2015-02-09,0.99,0.99,0.99,0.99,0.0,0.99,0.0,0.99,0.99,0.99,1.0,0.0
2015-02-06,0.99,0.9901,0.99,0.99,306.0,0.99,0.0,0.9901,0.99,0.99,1.0,306.0
2015-02-05,1.01,1.03,0.8502,1.03,1400.0,1.01,0.0,1.03,0.8502,1.03,1.0,1400.0
2015-02-04,1.03,1.03,0.9,0.9147,10200.0,1.03,0.0,1.03,0.9,0.9147,1.0,10200.0
2015-02-03,1.04,1.05,0.8,0.8,3605.0,1.04,0.0,1.05,0.8,0.8,1.0,3605.0
2015-02-02,1.08,1.08,1.08,1.08,210.0,1.08,0.0,1.08,1.08,1.08,1.0,210.0
2015-01-30,1.11,1.1328,1.1,1.1328,460.0,1.11,0.0,1.1328,1.1,1.1328,1.0,460.0
2015-01-29,1.15,1.15,0.99,1.1499,9252.0,1.15,0.0,1.15,0.99,1.1499,1.0,9252.0
2015-01-28,1.15,1.15,1.05,1.13,1300.0,1.15,0.0,1.15,1.05,1.13,1.0,1300.0
2015-01-27,1.18,1.18,1.18,1.18,200.0,1.18,0.0,1.18,1.18,1.18,1.0,200.0
2015-01-26,1.1,1.25,0.62,1.0,3500.0,1.1,0.0,1.25,0.62,1.0,1.0,3500.0
2015-01-23,1.24,1.32,1.24,1.28,11205.0,1.24,0.0,1.32,1.24,1.28,1.0,11205.0
2015-01-22,1.28,1.5,1.28,1.5,49394.0,1.28,0.0,1.5,1.28,1.5,1.0,49394.0
2015-01-21,1.28,1.36,0.935,0.935,68272.0,1.28,0.0,1.36,0.935,0.935,1.0,68272.0
2015-01-20,0.88,0.9001,0.7,0.85,7400.0,0.88,0.0,0.9001,0.7,0.85,1.0,7400.0
2015-01-16,0.85,0.85,0.71,0.71,200.0,0.85,0.0,0.85,0.71,0.71,1.0,200.0
2015-01-15,0.905,0.905,0.905,0.905,435.0,0.905,0.0,0.905,0.905,0.905,1.0,435.0
2015-01-14,0.898,0.941,0.78,0.941,5525.0,0.898,0.0,0.941,0.78,0.941,1.0,5525.0
2015-01-13,0.94,1.15,0.85,0.9,55810.0,0.94,0.0,1.15,0.85,0.9,1.0,55810.0
2015-01-12,0.7075,0.88,0.7075,0.88,3417.0,0.7075,0.0,0.88,0.7075,0.88,1.0,3417.0
2015-01-09,0.83,0.83,0.7399,0.74,7150.0,0.83,0.0,0.83,0.7399,0.74,1.0,7150.0
2015-01-08,0.65,0.7598,0.51,0.7518,14370.0,0.65,0.0,0.7598,0.51,0.7518,1.0,14370.0
2015-01-07,0.65,0.65,0.65,0.65,245.0,0.65,0.0,0.65,0.65,0.65,1.0,245.0
2015-01-06,0.7799,0.83,0.6311,0.83,7180.0,0.7799,0.0,0.83,0.6311,0.83,1.0,7180.0
2015-01-05,0.83,0.88,0.6002,0.88,12685.0,0.83,0.0,0.88,0.6002,0.88,1.0,12685.0
2015-01-02,0.74,0.74,0.71,0.71,200.0,0.74,0.0,0.74,0.71,0.71,1.0,200.0
2014-12-31,0.7175,0.7175,0.67,0.67,1605.0,0.7175,0.0,0.7175,0.67,0.67,1.0,1605.0
2014-12-30,0.7,0.74,0.7,0.74,3000.0,0.7,0.0,0.74,0.7,0.74,1.0,3000.0
2014-12-29,0.75,0.75,0.75,0.75,450.0,0.75,0.0,0.75,0.75,0.75,1.0,450.0
2014-12-26,0.89,0.89,0.75,0.77,10109.0,0.89,0.0,0.89,0.75,0.77,1.0,10109.0
2014-12-24,0.85,0.85,0.75,0.82,6001.0,0.85,0.0,0.85,0.75,0.82,1.0,6001.0
2014-12-23,0.84,0.89,0.84,0.89,5400.0,0.84,0.0,0.89,0.84,0.89,1.0,5400.0
2014-12-22,0.85,0.9,0.8499,0.89,3100.0,0.85,0.0,0.9,0.8499,0.89,1.0,3100.0
2014-12-19,0.84,0.84,0.84,0.84,5000.0,0.84,0.0,0.84,0.84,0.84,1.0,5000.0
2014-12-18,0.84,0.84,0.84,0.84,200.0,0.84,0.0,0.84,0.84,0.84,1.0,200.0
2014-12-17,0.839,0.8391,0.839,0.8391,1120.0,0.839,0.0,0.8391,0.839,0.8391,1.0,1120.0
2014-12-16,0.839,0.84,0.839,0.84,615.0,0.839,0.0,0.84,0.839,0.84,1.0,615.0
2014-12-15,0.83,0.83,0.83,0.83,47.0,0.83,0.0,0.83,0.83,0.83,1.0,47.0
2014-12-12,0.83,0.83,0.75,0.75,1450.0,0.83,0.0,0.83,0.75,0.75,1.0,1450.0
2014-12-11,0.8,0.83,0.75,0.83,2840.0,0.8,0.0,0.83,0.75,0.83,1.0,2840.0
2014-12-10,0.8299,0.83,0.8297,0.8297,1200.0,0.8299,0.0,0.83,0.8297,0.8297,1.0,1200.0
2014-12-09,0.7872,0.79,0.7605,0.7605,2000.0,0.7872,0.0,0.79,0.7605,0.7605,1.0,2000.0
2014-12-08,0.8256,0.84,0.8256,0.84,700.0,0.8256,0.0,0.84,0.8256,0.84,1.0,700.0
2014-12-05,0.75,0.845,0.75,0.845,1200.0,0.75,0.0,0.845,0.75,0.845,1.0,1200.0
2014-12-04,0.86,0.86,0.76,0.8501,1673.0,0.86,0.0,0.86,0.76,0.8501,1.0,1673.0
2014-12-03,0.8372,1.04,0.8372,0.96,1900.0,0.8372,0.0,1.04,0.8372,0.96,1.0,1900.0
2014-12-02,0.92,1.2,0.75,1.2,10876.0,0.92,0.0,1.2,0.75,1.2,1.0,10876.0
2014-12-01,0.75,0.82,0.75,0.82,9200.0,0.75,0.0,0.82,0.75,0.82,1.0,9200.0
2014-11-28,0.718,0.77,0.718,0.77,2200.0,0.718,0.0,0.77,0.718,0.77,1.0,2200.0
2014-11-26,0.71,0.8,0.7,0.8,8700.0,0.71,0.0,0.8,0.7,0.8,1.0,8700.0
2014-11-25,0.8001,1.29,0.77,0.85,31869.0,0.8001,0.0,1.29,0.77,0.85,1.0,31869.0
2014-11-24,0.77,0.77,0.7699,0.77,2209.0,0.77,0.0,0.77,0.7699,0.77,1.0,2209.0
2014-11-21,0.81,0.81,0.68,0.68,1500.0,0.81,0.0,0.81,0.68,0.68,1.0,1500.0
2014-11-20,0.744,0.76,0.68,0.68,5860.0,0.744,0.0,0.76,0.68,0.68,1.0,5860.0
2014-11-19,0.85,0.85,0.77,0.77,450.0,0.85,0.0,0.85,0.77,0.77,1.0,450.0
2014-11-18,0.85,0.85,0.7,0.8407,11972.0,0.85,0.0,0.85,0.7,0.8407,1.0,11972.0
2014-11-17,0.86,0.86,0.8,0.8,1200.0,0.86,0.0,0.86,0.8,0.8,1.0,1200.0
2014-11-14,0.8799,0.88,0.68,0.68,6300.0,0.8799,0.0,0.88,0.68,0.68,1.0,6300.0
2014-11-13,0.6821,0.78,0.68,0.78,2595.0,0.6821,0.0,0.78,0.68,0.78,1.0,2595.0
2014-11-12,0.75,0.75,0.75,0.75,125.0,0.75,0.0,0.75,0.75,0.75,1.0,125.0
2014-11-11,0.75,0.8,0.73,0.78,15245.0,0.75,0.0,0.8,0.73,0.78,1.0,15245.0
2014-11-10,0.7,0.7,0.7,0.7,205.0,0.7,0.0,0.7,0.7,0.7,1.0,205.0
2014-11-07,0.73,0.7917,0.73,0.7917,2060.0,0.73,0.0,0.7917,0.73,0.7917,1.0,2060.0
2014-11-06,0.8,0.8,0.69,0.69,22299.0,0.8,0.0,0.8,0.69,0.69,1.0,22299.0
2014-11-05,0.7799,0.78,0.7799,0.78,5000.0,0.7799,0.0,0.78,0.7799,0.78,1.0,5000.0
2014-11-04,0.735,0.78,0.735,0.735,15600.0,0.735,0.0,0.78,0.735,0.735,1.0,15600.0
2014-11-03,0.735,0.8,0.7,0.8,7000.0,0.735,0.0,0.8,0.7,0.8,1.0,7000.0
2014-10-31,0.79,0.81,0.74,0.81,2000.0,0.79,0.0,0.81,0.74,0.81,1.0,2000.0
2014-10-30,0.804,0.85,0.65,0.73,49536.0,0.804,0.0,0.85,0.65,0.73,1.0,49536.0
2014-10-29,0.7,0.774,0.65,0.7,5292.0,0.7,0.0,0.774,0.65,0.7,1.0,5292.0
2014-10-28,0.7579,0.85,0.72,0.85,6862.0,0.7579,0.0,0.85,0.72,0.85,1.0,6862.0
2014-10-27,0.74,0.96,0.66,0.96,11410.0,0.74,0.0,0.96,0.66,0.96,1.0,11410.0
2014-10-24,0.7,0.99,0.66,0.86,49458.0,0.7,0.0,0.99,0.66,0.86,1.0,49458.0
2014-10-23,0.9,1.15,0.8,1.0,19175.0,0.9,0.0,1.15,0.8,1.0,1.0,19175.0
2014-10-22,0.92,0.99,0.9,0.9,10811.0,0.92,0.0,0.99,0.9,0.9,1.0,10811.0
2014-10-21,0.881,1.0,0.85,0.85,13020.0,0.881,0.0,1.0,0.85,0.85,1.0,13020.0
2014-10-20,1.05,1.1,0.85,1.1,3130.0,1.05,0.0,1.1,0.85,1.1,1.0,3130.0
2014-10-17,1.0001,1.24,1.0,1.15,11305.0,1.0001,0.0,1.24,1.0,1.15,1.0,11305.0
2014-10-16,1.0,1.18,1.0,1.18,2000.0,1.0,0.0,1.18,1.0,1.18,1.0,2000.0
2014-10-15,1.03,1.03,0.78,0.9,42608.0,1.03,0.0,1.03,0.78,0.9,1.0,42608.0
2014-10-14,0.99,1.2,0.85,1.2,60581.0,0.99,0.0,1.2,0.85,1.2,1.0,60581.0
2014-10-13,1.06,1.75,0.875,1.75,85721.0,1.06,0.0,1.75,0.875,1.75,1.0,85721.0
2014-10-10,1.31,1.45,1.25,1.25,55891.0,1.31,0.0,1.45,1.25,1.25,1.0,55891.0
2014-10-09,1.2977,1.36,0.9501,1.13,63060.0,1.2977,0.0,1.36,0.9501,1.13,1.0,63060.0
2014-10-08,1.0,1.1376,0.96,1.04,15840.0,1.0,0.0,1.1376,0.96,1.04,1.0,15840.0
2014-10-07,1.04,1.3349,0.9999,1.1,47663.0,1.04,0.0,1.3349,0.9999,1.1,1.0,47663.0
2014-10-06,1.25,1.85,1.07,1.85,104983.0,1.25,0.0,1.85,1.07,1.85,1.0,104983.0
2014-10-03,1.44,2.0,0.76,0.76,404840.0,1.44,0.0,2.0,0.76,0.76,1.0,404840.0
2014-10-02,0.75,0.75,0.65,0.75,20400.0,0.75,0.0,0.75,0.65,0.75,1.0,20400.0
2014-10-01,0.75,0.8383,0.5,0.72,27660.0,0.75,0.0,0.8383,0.5,0.72,1.0,27660.0
2014-09-30,0.68,0.68,0.45,0.68,45417.0,0.68,0.0,0.68,0.45,0.68,1.0,45417.0
2014-09-29,0.488,0.6,0.45,0.6,3983.0,0.488,0.0,0.6,0.45,0.6,1.0,3983.0
2014-09-26,0.58,0.62,0.4502,0.62,10041.0,0.58,0.0,0.62,0.4502,0.62,1.0,10041.0
2014-09-25,0.6196,0.679,0.35,0.35,110538.0,0.6196,0.0,0.679,0.35,0.35,1.0,110538.0
2014-09-24,0.6,0.8,0.55,0.57,46385.0,0.6,0.0,0.8,0.55,0.57,1.0,46385.0
