,adj_close,adj_high,adj_low,adj_open,adj_volume,close,ex_dividend,high,low,open,split_ratio,volume
2017-02-10,0.3599,0.36,0.325,0.325,7400.0,0.3599,0.0,0.36,0.325,0.325,1.0,7400.0
2017-02-09,0.3599,0.3599,0.3599,0.3599,100.0,0.3599,0.0,0.3599,0.3599,0.3599,1.0,100.0
2017-02-08,0.36,0.36,0.36,0.36,100.0,0.36,0.0,0.36,0.36,0.36,1.0,100.0
2017-02-07,0.36,0.36,0.34,0.34,2200.0,0.36,0.0,0.36,0.34,0.34,1.0,2200.0
2017-02-06,0.3695,0.3695,0.33,0.33,1100.0,0.3695,0.0,0.3695,0.33,0.33,1.0,1100.0
2017-02-03,0.33,0.33,0.3295,0.33,12300.0,0.33,0.0,0.33,0.3295,0.33,1.0,12300.0
2017-02-02,0.3,0.31,0.3,0.3,55000.0,0.3,0.0,0.31,0.3,0.3,1.0,55000.0
2017-02-01,0.32,0.5972,0.3,0.3,9700.0,0.32,0.0,0.5972,0.3,0.3,1.0,9700.0
2017-01-27,0.3,0.3,0.3,0.3,2600.0,0.3,0.0,0.3,0.3,0.3,1.0,2600.0
2017-01-26,0.29,0.29,0.27,0.27,270100.0,0.29,0.0,0.29,0.27,0.27,1.0,270100.0
2017-01-25,0.27,0.3,0.27,0.27,94800.0,0.27,0.0,0.3,0.27,0.27,1.0,94800.0
2017-01-24,0.25,0.27,0.25,0.27,22000.0,0.25,0.0,0.27,0.25,0.27,1.0,22000.0
2017-01-23,0.27,0.27,0.27,0.27,1000.0,0.27,0.0,0.27,0.27,0.27,1.0,1000.0
2017-01-20,0.27,0.28,0.2587,0.26,196000.0,0.27,0.0,0.28,0.2587,0.26,1.0,196000.0
2017-01-19,0.275,0.28,0.26,0.26,115000.0,0.275,0.0,0.28,0.26,0.26,1.0,115000.0
2017-01-18,0.26,0.26,0.2599,0.26,62313.0,0.26,0.0,0.26,0.2599,0.26,1.0,62313.0
2017-01-17,0.25,0.2799,0.25,0.2799,33626.0,0.25,0.0,0.2799,0.25,0.2799,1.0,33626.0
2017-01-12,0.23,0.23,0.23,0.23,5000.0,0.23,0.0,0.23,0.23,0.23,1.0,5000.0
2017-01-05,0.2499,0.25,0.2499,0.25,6000.0,0.2499,0.0,0.25,0.2499,0.25,1.0,6000.0
2017-01-03,0.2,0.2001,0.2,0.2,100000.0,0.2,0.0,0.2001,0.2,0.2,1.0,100000.0
2016-12-30,0.2,0.23,0.2,0.23,174200.0,0.2,0.0,0.23,0.2,0.23,1.0,174200.0
2016-12-29,0.25,0.25,0.2499,0.25,25000.0,0.25,0.0,0.25,0.2499,0.25,1.0,25000.0
2016-12-28,0.2796,0.28,0.2796,0.28,10000.0,0.2796,0.0,0.28,0.2796,0.28,1.0,10000.0
2016-12-23,0.25,0.26,0.25,0.26,1100.0,0.25,0.0,0.26,0.25,0.26,1.0,1100.0
2016-12-21,0.28,0.28,0.2571,0.28,90600.0,0.28,0.0,0.28,0.2571,0.28,1.0,90600.0
2016-12-16,0.25,0.3249,0.25,0.25,235100.0,0.25,0.0,0.3249,0.25,0.25,1.0,235100.0
2016-12-14,0.22,0.22,0.22,0.22,7050.0,0.22,0.0,0.22,0.22,0.22,1.0,7050.0
2016-12-13,0.2,0.2,0.19,0.2,100000.0,0.2,0.0,0.2,0.19,0.2,1.0,100000.0
2016-12-12,0.2,0.2,0.2,0.2,1.0,0.2,0.0,0.2,0.2,0.2,1.0,1.0
2016-12-09,0.2,0.2,0.2,0.2,0.0,0.2,0.0,0.2,0.2,0.2,1.0,0.0
2016-12-08,0.2,0.2,0.15,0.15,5600.0,0.2,0.0,0.2,0.15,0.15,1.0,5600.0
2016-12-07,0.19,0.19,0.19,0.19,102.0,0.19,0.0,0.19,0.19,0.19,1.0,102.0
2016-12-06,0.19,0.19,0.18,0.19,16500.0,0.19,0.0,0.19,0.18,0.19,1.0,16500.0
2016-12-05,0.2,0.2,0.2,0.2,5500.0,0.2,0.0,0.2,0.2,0.2,1.0,5500.0
2016-11-29,0.19,0.19,0.19,0.19,3000.0,0.19,0.0,0.19,0.19,0.19,1.0,3000.0
2016-11-28,0.186,0.19,0.186,0.19,7000.0,0.186,0.0,0.19,0.186,0.19,1.0,7000.0
2016-11-25,0.18,0.18,0.18,0.18,0.0,0.18,0.0,0.18,0.18,0.18,1.0,0.0
2016-11-23,0.18,0.18,0.18,0.18,20000.0,0.18,0.0,0.18,0.18,0.18,1.0,20000.0
2016-11-22,0.19,0.19,0.19,0.19,10000.0,0.19,0.0,0.19,0.19,0.19,1.0,10000.0
2016-11-21,0.19,0.19,0.19,0.19,5000.0,0.19,0.0,0.19,0.19,0.19,1.0,5000.0
2016-11-18,0.18,0.18,0.18,0.18,100.0,0.18,0.0,0.18,0.18,0.18,1.0,100.0
2016-11-17,0.18,0.18,0.18,0.18,100.0,0.18,0.0,0.18,0.18,0.18,1.0,100.0
2016-11-16,0.18,0.18,0.18,0.18,0.0,0.18,0.0,0.18,0.18,0.18,1.0,0.0
2016-11-15,0.18,0.18,0.18,0.18,0.0,0.18,0.0,0.18,0.18,0.18,1.0,0.0
2016-11-14,0.18,0.18,0.18,0.18,0.0,0.18,0.0,0.18,0.18,0.18,1.0,0.0
2016-11-11,0.18,0.18,0.18,0.18,195000.0,0.18,0.0,0.18,0.18,0.18,1.0,195000.0
2016-11-10,0.18,0.18,0.18,0.18,0.0,0.18,0.0,0.18,0.18,0.18,1.0,0.0
2016-11-09,0.18,0.18,0.18,0.18,0.0,0.18,0.0,0.18,0.18,0.18,1.0,0.0
2016-11-08,0.18,0.18,0.15,0.1601,36100.0,0.18,0.0,0.18,0.15,0.1601,1.0,36100.0
2016-11-07,0.1997,0.1997,0.1997,0.1997,0.0,0.1997,0.0,0.1997,0.1997,0.1997,1.0,0.0
2016-11-04,0.1997,0.1997,0.1997,0.1997,0.0,0.1997,0.0,0.1997,0.1997,0.1997,1.0,0.0
2016-11-03,0.1997,0.2,0.18,0.18,15100.0,0.1997,0.0,0.2,0.18,0.18,1.0,15100.0
2016-11-02,0.1884,0.2,0.18,0.18,40300.0,0.1884,0.0,0.2,0.18,0.18,1.0,40300.0
2016-11-01,0.2,0.2,0.2,0.2,0.0,0.2,0.0,0.2,0.2,0.2,1.0,0.0
2016-10-31,0.2,0.2,0.2,0.2,10000.0,0.2,0.0,0.2,0.2,0.2,1.0,10000.0
2016-10-28,0.2,0.2,0.2,0.2,0.0,0.2,0.0,0.2,0.2,0.2,1.0,0.0
2016-10-27,0.2,0.2,0.2,0.2,1000.0,0.2,0.0,0.2,0.2,0.2,1.0,1000.0
2016-10-26,0.1846,0.2,0.1846,0.2,1600.0,0.1846,0.0,0.2,0.1846,0.2,1.0,1600.0
2016-10-25,0.18,0.18,0.18,0.18,0.0,0.18,0.0,0.18,0.18,0.18,1.0,0.0
2016-10-24,0.18,0.18,0.18,0.18,103.0,0.18,0.0,0.18,0.18,0.18,1.0,103.0
2016-10-21,0.1701,0.1701,0.1701,0.1701,100.0,0.1701,0.0,0.1701,0.1701,0.1701,1.0,100.0
2016-10-20,0.18,0.2,0.18,0.19,4151.0,0.18,0.0,0.2,0.18,0.19,1.0,4151.0
2016-10-19,0.17,0.2,0.17,0.2,25598.0,0.17,0.0,0.2,0.17,0.2,1.0,25598.0
2016-10-18,0.2,0.2,0.2,0.2,100.0,0.2,0.0,0.2,0.2,0.2,1.0,100.0
2016-10-17,0.24,0.5,0.22,0.22,600.0,0.24,0.0,0.5,0.22,0.22,1.0,600.0
2016-10-14,0.2,0.2,0.18,0.2,32350.0,0.2,0.0,0.2,0.18,0.2,1.0,32350.0
2016-10-13,0.2,0.2,0.2,0.2,17500.0,0.2,0.0,0.2,0.2,0.2,1.0,17500.0
