,adj_close,adj_high,adj_low,adj_open,adj_volume,close,ex_dividend,high,low,open,split_ratio,volume
2017-02-10,22.65,22.65,22.57,22.57,2601.0,22.65,0.0,22.65,22.57,22.57,1.0,2601.0
2017-02-09,22.61,22.61,22.535,22.535,988.0,22.61,0.0,22.61,22.535,22.535,1.0,988.0
2017-02-08,22.59,22.59,22.5176,22.5176,958.0,22.59,0.0,22.59,22.5176,22.5176,1.0,958.0
2017-02-07,22.56,22.56,22.44,22.44,7326.0,22.56,0.0,22.56,22.44,22.44,1.0,7326.0
2017-02-06,22.56,22.56,22.4292,22.52,2578.0,22.56,0.0,22.56,22.4292,22.52,1.0,2578.0
2017-02-03,22.58,22.58,22.4847,22.4847,642.0,22.58,0.0,22.58,22.4847,22.4847,1.0,642.0
2017-02-02,22.5,22.5,22.5,22.5,100.0,22.5,0.0,22.5,22.5,22.5,1.0,100.0
2017-02-01,22.46,22.46,22.46,22.46,153.0,22.46,0.0,22.46,22.46,22.46,1.0,153.0
2017-01-31,22.53,22.53,22.34,22.34,866.0,22.53,0.0,22.53,22.34,22.34,1.0,866.0
2017-01-30,22.51,22.51,22.39,22.455,8443.0,22.51,0.0,22.51,22.39,22.455,1.0,8443.0
2017-01-27,22.58,22.58,22.515,22.515,2686.0,22.58,0.0,22.58,22.515,22.515,1.0,2686.0
2017-01-26,22.63,22.64,22.49,22.64,6105.0,22.63,0.0,22.64,22.49,22.64,1.0,6105.0
2017-01-25,22.63,22.63,22.54,22.54,928.0,22.63,0.0,22.63,22.54,22.54,1.0,928.0
2017-01-24,22.53,22.53,22.4824,22.4824,617.0,22.53,0.0,22.53,22.4824,22.4824,1.0,617.0
2017-01-23,22.47,22.47,22.3415,22.3415,293.0,22.47,0.0,22.47,22.3415,22.3415,1.0,293.0
2017-01-20,22.42,22.42,22.32,22.375,3603.0,22.42,0.0,22.42,22.32,22.375,1.0,3603.0
2017-01-19,22.38,22.38,22.2525,22.2525,2156.0,22.38,0.0,22.38,22.2525,22.2525,1.0,2156.0
2017-01-18,22.43,22.43,22.3508,22.351,1269.0,22.43,0.0,22.43,22.3508,22.351,1.0,1269.0
2017-01-17,22.46,22.46,22.38,22.4,1607.0,22.46,0.0,22.46,22.38,22.4,1.0,1607.0
2017-01-13,22.44,22.44,22.4128,22.42,10976.0,22.44,0.0,22.44,22.4128,22.42,1.0,10976.0
2017-01-12,22.43,22.43,22.2807,22.2807,696.0,22.43,0.0,22.43,22.2807,22.2807,1.0,696.0
2017-01-11,22.45,22.45,22.301,22.379,6912.0,22.45,0.0,22.45,22.301,22.379,1.0,6912.0
2017-01-10,22.4,22.4,22.2901,22.3,4985.0,22.4,0.0,22.4,22.2901,22.3,1.0,4985.0
2017-01-09,22.41,22.41,22.41,22.41,104.0,22.41,0.0,22.41,22.41,22.41,1.0,104.0
2017-01-06,22.46,22.46,22.35,22.35,1559.0,22.46,0.0,22.46,22.35,22.35,1.0,1559.0
2017-01-05,22.46,22.46,22.395,22.395,4623.0,22.46,0.0,22.46,22.395,22.395,1.0,4623.0
2017-01-04,22.47,22.47,22.3757,22.3757,1411.0,22.47,0.0,22.47,22.3757,22.3757,1.0,1411.0
2017-01-03,22.37,22.37,22.28,22.2813,2256.0,22.37,0.0,22.37,22.28,22.2813,1.0,2256.0
2016-12-30,22.31,22.31,22.31,22.31,444.0,22.31,0.0,22.31,22.31,22.31,1.0,444.0
2016-12-29,22.31,22.31,22.2658,22.3,3444.0,22.31,0.0,22.31,22.2658,22.3,1.0,3444.0
2016-12-28,22.31,22.328,22.19,22.2578,38257.0,22.31,0.0,22.328,22.19,22.2578,1.0,38257.0
2016-12-27,22.34,22.34,22.34,22.34,148.0,22.34,0.0,22.34,22.34,22.34,1.0,148.0
2016-12-23,22.33,22.33,22.325,22.325,470.0,22.33,0.0,22.33,22.325,22.325,1.0,470.0
2016-12-22,22.29,22.29,22.2324,22.285,3968.0,22.29,0.0,22.29,22.2324,22.285,1.0,3968.0
2016-12-21,22.34,22.34,22.285,22.293,3069.0,22.34,0.0,22.34,22.285,22.293,1.0,3069.0
2016-12-20,22.32,22.39,22.28,22.39,7135.0,22.32,0.0,22.39,22.28,22.39,1.0,7135.0
2016-12-19,22.6,22.6,22.49,22.49,2150.0,22.6,0.0,22.6,22.49,22.49,1.0,2150.0
2016-12-16,22.55,22.55,22.46,22.46,303.0,22.55,0.0,22.55,22.46,22.46,1.0,303.0
2016-12-15,22.48,22.48,22.362,22.395,5072.0,22.48,0.0,22.48,22.362,22.395,1.0,5072.0
2016-12-14,22.51,22.6351,22.41,22.54,7209.0,22.51,0.0,22.6351,22.41,22.54,1.0,7209.0
2016-12-13,22.62,22.62,22.55,22.59,600.0,22.62,0.0,22.62,22.55,22.59,1.0,600.0
2016-12-12,22.63,22.63,22.63,22.63,122.0,22.63,0.0,22.63,22.63,22.63,1.0,122.0
2016-12-09,22.63,22.63,22.51,22.53,14319.0,22.63,0.0,22.63,22.51,22.53,1.0,14319.0
2016-12-08,22.65,22.65,22.65,22.65,165.0,22.65,0.0,22.65,22.65,22.65,1.0,165.0
2016-12-07,22.63,22.63,22.5,22.535,541.0,22.63,0.0,22.63,22.5,22.535,1.0,541.0
2016-12-06,22.49,22.49,22.372,22.372,3030.0,22.49,0.0,22.49,22.372,22.372,1.0,3030.0
2016-12-05,22.49,22.49,22.49,22.49,130.0,22.49,0.0,22.49,22.49,22.49,1.0,130.0
2016-12-02,22.43,22.43,22.406,22.406,509.0,22.43,0.0,22.43,22.406,22.406,1.0,509.0
2016-12-01,22.39,22.39,22.35,22.3586,1890.0,22.39,0.0,22.39,22.35,22.3586,1.0,1890.0
2016-11-30,22.46,22.46,22.3664,22.3824,6841.0,22.46,0.0,22.46,22.3664,22.3824,1.0,6841.0
2016-11-29,22.47,22.47,22.38,22.38,7456.0,22.47,0.0,22.47,22.38,22.38,1.0,7456.0
2016-11-28,22.51,22.51,22.4773,22.4827,1158.0,22.51,0.0,22.51,22.4773,22.4827,1.0,1158.0
2016-11-25,22.53,22.53,22.53,22.53,290.0,22.53,0.0,22.53,22.53,22.53,1.0,290.0
2016-11-23,22.5,22.5,22.39,22.4452,2827.0,22.5,0.0,22.5,22.39,22.4452,1.0,2827.0
2016-11-22,22.52,22.52,22.41,22.41,800.0,22.52,0.0,22.52,22.41,22.41,1.0,800.0
2016-11-21,22.46,22.46,22.46,22.46,113.0,22.46,0.0,22.46,22.46,22.46,1.0,113.0
2016-11-18,22.42,22.42,22.324,22.324,845.0,22.42,0.0,22.42,22.324,22.324,1.0,845.0
2016-11-17,22.42,22.42,22.353,22.353,833.0,22.42,0.0,22.42,22.353,22.353,1.0,833.0
2016-11-16,22.4,22.4,22.29,22.3,11343.0,22.4,0.0,22.4,22.29,22.3,1.0,11343.0
2016-11-15,22.41,22.41,22.26,22.28,2830.0,22.41,0.0,22.41,22.26,22.28,1.0,2830.0
2016-11-14,22.35,22.35,22.24,22.32,16285.0,22.35,0.0,22.35,22.24,22.32,1.0,16285.0
2016-11-11,22.41,22.41,22.24,22.356,6272.0,22.41,0.0,22.41,22.24,22.356,1.0,6272.0
2016-11-10,22.45,22.45,22.3,22.31,632.0,22.45,0.0,22.45,22.3,22.31,1.0,632.0
2016-11-09,22.46,22.46,22.231,22.231,2523.0,22.46,0.0,22.46,22.231,22.231,1.0,2523.0
2016-11-08,22.4,22.4,22.292,22.292,1979.0,22.4,0.0,22.4,22.292,22.292,1.0,1979.0
2016-11-07,22.34,22.34,22.19,22.245,7457.0,22.34,0.0,22.34,22.19,22.245,1.0,7457.0
2016-11-04,22.19,22.19,22.06,22.14,126065.0,22.19,0.0,22.19,22.06,22.14,1.0,126065.0
2016-11-03,22.17,22.18,22.08,22.18,114641.0,22.17,0.0,22.18,22.08,22.18,1.0,114641.0
2016-11-02,22.2,22.205,22.14,22.15,2050.0,22.2,0.0,22.205,22.14,22.15,1.0,2050.0
2016-11-01,22.29,22.29,22.22,22.2597,9540.0,22.29,0.0,22.29,22.22,22.2597,1.0,9540.0
2016-10-31,22.39,22.39,22.31,22.32,29729.0,22.39,0.0,22.39,22.31,22.32,1.0,29729.0
2016-10-28,22.37,22.37,22.27,22.31,4107.0,22.37,0.0,22.37,22.27,22.31,1.0,4107.0
2016-10-27,22.44,22.44,22.345,22.345,4867.0,22.44,0.0,22.44,22.345,22.345,1.0,4867.0
2016-10-26,22.42,22.42,22.42,22.42,500.0,22.42,0.0,22.42,22.42,22.42,1.0,500.0
2016-10-25,22.47,22.47,22.37,22.4456,8452.0,22.47,0.0,22.47,22.37,22.4456,1.0,8452.0
2016-10-24,22.46,22.46,22.39,22.4,17121.0,22.46,0.0,22.46,22.39,22.4,1.0,17121.0
2016-10-21,22.47,22.47,22.4,22.43,77891.0,22.47,0.0,22.47,22.4,22.43,1.0,77891.0
2016-10-20,22.47,22.47,22.41,22.445,94407.0,22.47,0.0,22.47,22.41,22.445,1.0,94407.0
2016-10-19,22.5,22.5,22.412,22.43,22183.0,22.5,0.0,22.5,22.412,22.43,1.0,22183.0
2016-10-18,22.53,22.53,22.42,22.42,13868.0,22.53,0.0,22.53,22.42,22.42,1.0,13868.0
2016-10-17,22.4,22.4,22.355,22.38,8296.0,22.4,0.0,22.4,22.355,22.38,1.0,8296.0
2016-10-14,22.44,22.513,22.38,22.48,13707.0,22.44,0.0,22.513,22.38,22.48,1.0,13707.0
2016-10-13,22.47,22.47,22.4,22.4,42013.0,22.47,0.0,22.47,22.4,22.4,1.0,42013.0
2016-10-12,22.49,22.49,22.411,22.411,4320.0,22.49,0.0,22.49,22.411,22.411,1.0,4320.0
2016-10-11,22.46,22.46,22.4088,22.42,11167.0,22.46,0.0,22.46,22.4088,22.42,1.0,11167.0
2016-10-10,22.66,22.66,22.6096,22.6096,1880.0,22.66,0.0,22.66,22.6096,22.6096,1.0,1880.0
2016-10-07,22.64,22.64,22.615,22.64,9429.0,22.64,0.0,22.64,22.615,22.64,1.0,9429.0
2016-10-06,22.68,22.68,22.6296,22.66,8019.0,22.68,0.0,22.68,22.6296,22.66,1.0,8019.0
2016-10-05,22.72,22.72,22.72,22.72,152.0,22.72,0.0,22.72,22.72,22.72,1.0,152.0
2016-10-04,22.69,22.77,22.6876,22.745,17813.0,22.69,0.0,22.77,22.6876,22.745,1.0,17813.0
2016-10-03,22.79,22.79,22.62,22.62,988.0,22.79,0.0,22.79,22.62,22.62,1.0,988.0
2016-09-30,22.83,22.83,22.83,22.83,43.0,22.83,0.0,22.83,22.83,22.83,1.0,43.0
2016-09-29,22.83,22.83,22.725,22.76,63980.0,22.83,0.0,22.83,22.725,22.76,1.0,63980.0
2016-09-28,22.85,22.85,22.7,22.705,3278.0,22.85,0.0,22.85,22.7,22.705,1.0,3278.0
2016-09-27,22.76,22.76,22.5915,22.66,25985.0,22.76,0.0,22.76,22.5915,22.66,1.0,25985.0
2016-09-26,22.7,22.7,22.661,22.7,614.0,22.7,0.0,22.7,22.661,22.7,1.0,614.0
2016-09-23,22.8,22.812,22.7601,22.812,2695.0,22.8,0.0,22.812,22.7601,22.812,1.0,2695.0
2016-09-22,22.85,22.86,22.776,22.78,22176.0,22.85,0.0,22.86,22.776,22.78,1.0,22176.0
2016-09-21,22.67,22.68,22.51,22.51,10170.0,22.67,0.0,22.68,22.51,22.51,1.0,10170.0
2016-09-20,22.56,22.6,22.56,22.5701,3542.0,22.56,0.0,22.6,22.56,22.5701,1.0,3542.0
2016-09-19,22.6,22.62,22.58,22.58,21627.0,22.6,0.0,22.62,22.58,22.58,1.0,21627.0
2016-09-16,22.57,22.57,22.485,22.485,630.0,22.57,0.0,22.57,22.485,22.485,1.0,630.0
2016-09-15,22.65,22.65,22.54,22.54,8947.0,22.65,0.0,22.65,22.54,22.54,1.0,8947.0
2016-09-14,22.61,22.61,22.46,22.495,839.0,22.61,0.0,22.61,22.46,22.495,1.0,839.0
2016-09-13,22.5,22.5,22.4174,22.4174,900.0,22.5,0.0,22.5,22.4174,22.4174,1.0,900.0
2016-09-12,22.78,22.78,22.6391,22.6391,6903.0,22.78,0.0,22.78,22.6391,22.6391,1.0,6903.0
2016-09-09,22.71,22.7353,22.657,22.7353,9759.0,22.71,0.0,22.7353,22.657,22.7353,1.0,9759.0
2016-09-08,22.85,22.85,22.7901,22.8005,705.0,22.85,0.0,22.85,22.7901,22.8005,1.0,705.0
2016-09-07,22.87,22.87,22.76,22.78,986.0,22.87,0.0,22.87,22.76,22.78,1.0,986.0
2016-09-06,22.87,22.87,22.77,22.815,313.0,22.87,0.0,22.87,22.77,22.815,1.0,313.0
2016-09-02,22.8,22.8004,22.77,22.8004,300.0,22.8,0.0,22.8004,22.77,22.8004,1.0,300.0
2016-09-01,22.72,22.725,22.685,22.71,1374.0,22.72,0.0,22.725,22.685,22.71,1.0,1374.0
2016-08-31,22.8,22.8,22.71,22.71,1968.0,22.8,0.0,22.8,22.71,22.71,1.0,1968.0
2016-08-30,22.79,22.79,22.712,22.72,664.0,22.79,0.0,22.79,22.712,22.72,1.0,664.0
2016-08-29,22.82,22.82,22.7905,22.7905,521.0,22.82,0.0,22.82,22.7905,22.7905,1.0,521.0
2016-08-26,22.83,22.915,22.83,22.8683,343.0,22.83,0.0,22.915,22.83,22.8683,1.0,343.0
2016-08-25,22.87,22.87,22.68,22.68,2836.0,22.87,0.0,22.87,22.68,22.68,1.0,2836.0
2016-08-24,22.9,22.91,22.8001,22.88,4097.0,22.9,0.0,22.91,22.8001,22.88,1.0,4097.0
2016-08-23,22.96,22.962,22.891,22.901,22701.0,22.96,0.0,22.962,22.891,22.901,1.0,22701.0
2016-08-22,22.92,22.92,22.833,22.84,12424.0,22.92,0.0,22.92,22.833,22.84,1.0,12424.0
2016-08-19,22.95,22.95,22.9,22.9,213.0,22.95,0.0,22.95,22.9,22.9,1.0,213.0
2016-08-18,22.98,22.98,22.935,22.935,322.0,22.98,0.0,22.98,22.935,22.935,1.0,322.0
2016-08-17,22.97,22.97,22.861,22.9003,16341.0,22.97,0.0,22.97,22.861,22.9003,1.0,16341.0
2016-08-16,22.98,22.98,22.9009,22.9271,8204.0,22.98,0.0,22.98,22.9009,22.9271,1.0,8204.0
2016-08-15,23.02,23.02,22.93,22.939,2566.0,23.02,0.0,23.02,22.93,22.939,1.0,2566.0
2016-08-12,22.97,22.97,22.88,22.92,13423.0,22.97,0.0,22.97,22.88,22.92,1.0,13423.0
2016-08-11,23.0,23.0,22.9001,22.94,5083.0,23.0,0.0,23.0,22.9001,22.94,1.0,5083.0
2016-08-10,22.97,22.97,22.9035,22.93,3031.0,22.97,0.0,22.97,22.9035,22.93,1.0,3031.0
2016-08-09,22.97,23.0,22.92,23.0,5444.0,22.97,0.0,23.0,22.92,23.0,1.0,5444.0
2016-08-08,22.96,22.96,22.91,22.93,2646.0,22.96,0.0,22.96,22.91,22.93,1.0,2646.0
2016-08-05,22.95,22.97,22.92,22.93,17443.0,22.95,0.0,22.97,22.92,22.93,1.0,17443.0
2016-08-04,22.92,22.92,22.801,22.84,15890.0,22.92,0.0,22.92,22.801,22.84,1.0,15890.0
2016-08-03,22.9,22.9,22.86,22.86,8739.0,22.9,0.0,22.9,22.86,22.86,1.0,8739.0
2016-08-02,22.87,23.0,22.85,23.0,3849.0,22.87,0.0,23.0,22.85,23.0,1.0,3849.0
2016-08-01,22.91,22.9299,22.82,22.89,11630.0,22.91,0.0,22.9299,22.82,22.89,1.0,11630.0
2016-07-29,22.96,22.98,22.9101,22.9101,10040.0,22.96,0.0,22.98,22.9101,22.9101,1.0,10040.0
2016-07-28,22.92,22.92,22.84,22.84,599.0,22.92,0.0,22.92,22.84,22.84,1.0,599.0
2016-07-27,22.91,22.91,22.7501,22.7501,777.0,22.91,0.0,22.91,22.7501,22.7501,1.0,777.0
2016-07-26,22.9,22.9,22.9,22.9,259.0,22.9,0.0,22.9,22.9,22.9,1.0,259.0
2016-07-25,22.88,22.88,22.81,22.81,3795.0,22.88,0.0,22.88,22.81,22.81,1.0,3795.0
2016-07-22,22.92,22.92,22.8099,22.8099,13264.0,22.92,0.0,22.92,22.8099,22.8099,1.0,13264.0
2016-07-21,22.85,22.85,22.8101,22.844,4251.0,22.85,0.0,22.85,22.8101,22.844,1.0,4251.0
2016-07-20,22.89,22.89,22.86,22.88,6865.0,22.89,0.0,22.89,22.86,22.88,1.0,6865.0
2016-07-19,22.89,22.89,22.8301,22.87,10733.0,22.89,0.0,22.89,22.8301,22.87,1.0,10733.0
2016-07-18,22.92,22.92,22.87,22.87,1916.0,22.92,0.0,22.92,22.87,22.87,1.0,1916.0
2016-07-15,22.9,22.9,22.8,22.8,8500.0,22.9,0.0,22.9,22.8,22.8,1.0,8500.0
2016-07-14,22.88,22.88,22.86,22.8651,2700.0,22.88,0.0,22.88,22.86,22.8651,1.0,2700.0
2016-07-13,22.9,22.92,22.75,22.75,66792.0,22.9,0.0,22.92,22.75,22.75,1.0,66792.0
2016-07-12,22.86,22.86,22.7908,22.825,9421.0,22.86,0.0,22.86,22.7908,22.825,1.0,9421.0
2016-07-11,22.78,22.79,22.7401,22.7401,5636.0,22.78,0.0,22.79,22.7401,22.7401,1.0,5636.0
2016-07-08,22.7,22.74,22.5936,22.74,5763.0,22.7,0.0,22.74,22.5936,22.74,1.0,5763.0
2016-07-07,22.53,22.53,22.4696,22.471,2000.0,22.53,0.0,22.53,22.4696,22.471,1.0,2000.0
2016-07-06,22.54,22.54,22.4335,22.47,4167.0,22.54,0.0,22.54,22.4335,22.47,1.0,4167.0
2016-07-05,22.54,22.54,22.4601,22.52,1716.0,22.54,0.0,22.54,22.4601,22.52,1.0,1716.0
2016-07-01,22.56,22.56,22.5001,22.5001,200.0,22.56,0.0,22.56,22.5001,22.5001,1.0,200.0
2016-06-30,22.49,22.49,22.3758,22.39,1234.0,22.49,0.0,22.49,22.3758,22.39,1.0,1234.0
2016-06-29,22.35,22.35,22.285,22.285,5303.0,22.35,0.0,22.35,22.285,22.285,1.0,5303.0
2016-06-28,22.21,22.21,22.1031,22.16,1361.0,22.21,0.0,22.21,22.1031,22.16,1.0,1361.0
2016-06-27,22.03,22.03,21.9,21.9,71932.0,22.03,0.0,22.03,21.9,21.9,1.0,71932.0
2016-06-24,22.04,22.1,21.91,22.1,28605.0,22.04,0.0,22.1,21.91,22.1,1.0,28605.0
2016-06-23,22.32,22.32,22.28,22.289,1840.0,22.32,0.0,22.32,22.28,22.289,1.0,1840.0
2016-06-22,22.33,22.33,22.33,22.33,0.0,22.33,0.0,22.33,22.33,22.33,1.0,0.0
2016-06-21,22.33,22.33,22.33,22.33,11.0,22.33,0.0,22.33,22.33,22.33,1.0,11.0
2016-06-20,22.33,22.335,22.33,22.335,215.0,22.33,0.0,22.335,22.33,22.335,1.0,215.0
2016-06-17,22.32,22.32,22.235,22.235,506.0,22.32,0.0,22.32,22.235,22.235,1.0,506.0
2016-06-16,22.39,22.39,22.25,22.25,12237.0,22.39,0.0,22.39,22.25,22.25,1.0,12237.0
2016-06-15,22.3,22.33,22.27,22.33,1337.0,22.3,0.0,22.33,22.27,22.33,1.0,1337.0
2016-06-14,22.35,22.35,22.2683,22.2683,489.0,22.35,0.0,22.35,22.2683,22.2683,1.0,489.0
2016-06-13,22.39,22.3999,22.3438,22.39,27639.0,22.39,0.0,22.3999,22.3438,22.39,1.0,27639.0
2016-06-10,22.41,22.41,22.39,22.39,200.0,22.41,0.0,22.41,22.39,22.39,1.0,200.0
2016-06-09,22.49,22.49,22.45,22.45,315.0,22.49,0.0,22.49,22.45,22.45,1.0,315.0
2016-06-08,22.49,22.49,22.4053,22.4499,1561.0,22.49,0.0,22.49,22.4053,22.4499,1.0,1561.0
2016-06-07,22.43,22.45,22.39,22.4302,4436.0,22.43,0.0,22.45,22.39,22.4302,1.0,4436.0
2016-06-06,22.42,22.42,22.3956,22.3956,260.0,22.42,0.0,22.42,22.3956,22.3956,1.0,260.0
2016-06-03,22.4,22.4,22.375,22.375,200.0,22.4,0.0,22.4,22.375,22.375,1.0,200.0
2016-06-02,22.36,22.36,22.271,22.271,2252.0,22.36,0.0,22.36,22.271,22.271,1.0,2252.0
2016-06-01,22.35,22.35,22.29,22.2904,13689.0,22.35,0.0,22.35,22.29,22.2904,1.0,13689.0
2016-05-31,22.33,22.33,22.24,22.33,2677.0,22.33,0.0,22.33,22.24,22.33,1.0,2677.0
2016-05-27,22.34,22.34,22.28,22.312,8900.0,22.34,0.0,22.34,22.28,22.312,1.0,8900.0
2016-05-26,22.34,22.34,22.29,22.33,11437.0,22.34,0.0,22.34,22.29,22.33,1.0,11437.0
2016-05-25,22.32,22.35,22.21,22.35,2189.0,22.32,0.0,22.35,22.21,22.35,1.0,2189.0
2016-05-24,22.24,22.24,22.15,22.1748,6347.0,22.24,0.0,22.24,22.15,22.1748,1.0,6347.0
2016-05-23,22.18,22.18,22.12,22.122,62483.0,22.18,0.0,22.18,22.12,22.122,1.0,62483.0
2016-05-20,22.2,22.2,22.1401,22.1401,3798.0,22.2,0.0,22.2,22.1401,22.1401,1.0,3798.0
2016-05-19,22.17,22.17,22.05,22.08,15479.0,22.17,0.0,22.17,22.05,22.08,1.0,15479.0
2016-05-18,22.2,22.2199,22.09,22.09,7555.0,22.2,0.0,22.2199,22.09,22.09,1.0,7555.0
2016-05-17,22.21,22.21,22.1501,22.1501,1402.0,22.21,0.0,22.21,22.1501,22.1501,1.0,1402.0
2016-05-16,22.33,22.33,22.2501,22.2501,1695.0,22.33,0.0,22.33,22.2501,22.2501,1.0,1695.0
2016-05-13,22.23,22.32,22.1701,22.28,7719.0,22.23,0.0,22.32,22.1701,22.28,1.0,7719.0
2016-05-12,22.36,22.36,22.29,22.3,13500.0,22.36,0.0,22.36,22.29,22.3,1.0,13500.0
2016-05-11,22.32,22.37,22.32,22.37,9041.0,22.32,0.0,22.37,22.32,22.37,1.0,9041.0
2016-05-10,22.41,22.41,22.3,22.3,16410.0,22.41,0.0,22.41,22.3,22.3,1.0,16410.0
2016-05-09,22.41,22.41,22.41,22.41,100.0,22.41,0.0,22.41,22.41,22.41,1.0,100.0
2016-05-06,22.39,22.39,22.305,22.305,11686.0,22.39,0.0,22.39,22.305,22.305,1.0,11686.0
2016-05-05,22.35,22.35,22.35,22.35,130.0,22.35,0.0,22.35,22.35,22.35,1.0,130.0
2016-05-04,22.35,22.35,22.31,22.32,1041.0,22.35,0.0,22.35,22.31,22.32,1.0,1041.0
2016-05-03,22.35,22.3599,22.281,22.281,841.0,22.35,0.0,22.3599,22.281,22.281,1.0,841.0
2016-05-02,22.47,22.47,22.411,22.411,646.0,22.47,0.0,22.47,22.411,22.411,1.0,646.0
2016-04-29,22.42,22.44,22.37,22.3974,5928.0,22.42,0.0,22.44,22.37,22.3974,1.0,5928.0
2016-04-28,22.44,22.44,22.44,22.44,101.0,22.44,0.0,22.44,22.44,22.44,1.0,101.0
2016-04-27,22.49,22.499,22.4005,22.4325,17323.0,22.49,0.0,22.499,22.4005,22.4325,1.0,17323.0
2016-04-26,22.45,22.45,22.4064,22.414,1500.0,22.45,0.0,22.45,22.4064,22.414,1.0,1500.0
2016-04-25,22.41,22.41,22.3996,22.3996,3977.0,22.41,0.0,22.41,22.3996,22.3996,1.0,3977.0
2016-04-22,22.41,22.41,22.37,22.3952,2478.0,22.41,0.0,22.41,22.37,22.3952,1.0,2478.0
2016-04-21,22.46,22.46,22.41,22.411,10717.0,22.46,0.0,22.46,22.41,22.411,1.0,10717.0
2016-04-20,22.45,22.45,22.4,22.4,7655.0,22.45,0.0,22.45,22.4,22.4,1.0,7655.0
2016-04-19,22.47,22.47,22.431,22.458,350.0,22.47,0.0,22.47,22.431,22.458,1.0,350.0
2016-04-18,22.43,22.43,22.4001,22.4099,5948.0,22.43,0.0,22.43,22.4001,22.4099,1.0,5948.0
2016-04-15,22.4,22.4,22.36,22.385,13870.0,22.4,0.0,22.4,22.36,22.385,1.0,13870.0
2016-04-14,22.41,22.41,22.41,22.41,233.0,22.41,0.0,22.41,22.41,22.41,1.0,233.0
2016-04-13,22.42,22.42,22.374,22.374,343.0,22.42,0.0,22.42,22.374,22.374,1.0,343.0
2016-04-12,22.3,22.3,22.252,22.252,580.0,22.3,0.0,22.3,22.252,22.252,1.0,580.0
2016-04-11,22.23,22.282,22.23,22.26,1609.0,22.23,0.0,22.282,22.23,22.26,1.0,1609.0
2016-04-08,22.2,22.24,22.1742,22.24,1668.0,22.2,0.0,22.24,22.1742,22.24,1.0,1668.0
2016-04-07,22.16,22.1711,22.16,22.1711,260.0,22.16,0.0,22.1711,22.16,22.1711,1.0,260.0
2016-04-06,22.25,22.25,22.196,22.196,1831.0,22.25,0.0,22.25,22.196,22.196,1.0,1831.0
2016-04-05,22.21,22.2399,22.19,22.1901,4663.0,22.21,0.0,22.2399,22.19,22.1901,1.0,4663.0
2016-04-04,22.22,22.2699,22.1952,22.2699,4155.0,22.22,0.0,22.2699,22.1952,22.2699,1.0,4155.0
2016-04-01,22.26,22.26,22.19,22.19,9702.0,22.26,0.0,22.26,22.19,22.19,1.0,9702.0
2016-03-31,22.23,22.24,22.19,22.2187,20956.0,22.23,0.0,22.24,22.19,22.2187,1.0,20956.0
2016-03-30,22.23,22.28,22.2,22.22,55362.0,22.23,0.0,22.28,22.2,22.22,1.0,55362.0
2016-03-29,22.22,22.22,22.01,22.01,14444.0,22.22,0.0,22.22,22.01,22.01,1.0,14444.0
2016-03-28,22.11,22.13,22.0847,22.0847,1754.0,22.11,0.0,22.13,22.0847,22.0847,1.0,1754.0
2016-03-24,22.08,22.08,22.03,22.03,10781.0,22.08,0.0,22.08,22.03,22.03,1.0,10781.0
2016-03-23,22.11,22.11,22.11,22.11,100.0,22.11,0.0,22.11,22.11,22.11,1.0,100.0
2016-03-22,22.13,22.1499,22.1,22.1297,6389.0,22.13,0.0,22.1499,22.1,22.1297,1.0,6389.0
2016-03-21,22.14,22.14,22.1,22.1,213.0,22.14,0.0,22.14,22.1,22.1,1.0,213.0
2016-03-18,22.15,22.15,22.11,22.11,1466.0,22.15,0.0,22.15,22.11,22.11,1.0,1466.0
2016-03-17,22.14,22.14,22.098,22.098,3129.0,22.14,0.0,22.14,22.098,22.098,1.0,3129.0
2016-03-16,22.1,22.12,22.04,22.04,3653.0,22.1,0.0,22.12,22.04,22.04,1.0,3653.0
2016-03-15,22.08,22.08,22.03,22.03,213.0,22.08,0.0,22.08,22.03,22.03,1.0,213.0
2016-03-14,22.08,22.08,22.02,22.025,1047.0,22.08,0.0,22.08,22.02,22.025,1.0,1047.0
2016-03-11,22.14,22.14,22.08,22.08,4513.0,22.14,0.0,22.14,22.08,22.08,1.0,4513.0
2016-03-10,22.1,22.1,22.04,22.05,10748.0,22.1,0.0,22.1,22.04,22.05,1.0,10748.0
2016-03-09,22.09,22.09,22.03,22.03,6903.0,22.09,0.0,22.09,22.03,22.03,1.0,6903.0
2016-03-08,22.07,22.1,22.045,22.1,1341.0,22.07,0.0,22.1,22.045,22.1,1.0,1341.0
2016-03-07,22.07,22.07,22.07,22.07,242.0,22.07,0.0,22.07,22.07,22.07,1.0,242.0
2016-03-04,22.09,22.09,22.09,22.09,136.0,22.09,0.0,22.09,22.09,22.09,1.0,136.0
2016-03-03,22.09,22.09,22.02,22.02,8122.0,22.09,0.0,22.09,22.02,22.02,1.0,8122.0
2016-03-02,21.99,21.99,21.95,21.96,1375.0,21.99,0.0,21.99,21.95,21.96,1.0,1375.0
2016-03-01,22.02,22.0405,21.96,21.96,4314.0,22.02,0.0,22.0405,21.96,21.96,1.0,4314.0
2016-02-29,22.05,22.05,22.02,22.02,313.0,22.05,0.0,22.05,22.02,22.02,1.0,313.0
2016-02-26,22.03,22.06,22.01,22.0101,14424.0,22.03,0.0,22.06,22.01,22.0101,1.0,14424.0
2016-02-25,22.06,22.081,22.05,22.0524,4227.0,22.06,0.0,22.081,22.05,22.0524,1.0,4227.0
2016-02-24,22.0647,22.0647,22.0464,22.0464,219.0,22.0647,0.0,22.0647,22.0464,22.0464,1.0,219.0
2016-02-23,22.02,22.02,22.01,22.02,10610.0,22.02,0.0,22.02,22.01,22.02,1.0,10610.0
2016-02-22,22.03,22.03,22.03,22.03,158.0,22.03,0.0,22.03,22.03,22.03,1.0,158.0
2016-02-19,22.05,22.081,22.0056,22.081,9822.0,22.05,0.0,22.081,22.0056,22.081,1.0,9822.0
2016-02-18,22.09,22.09,22.03,22.07,94126.0,22.09,0.0,22.09,22.03,22.07,1.0,94126.0
2016-02-17,22.05,22.05,21.94,21.94,19531.0,22.05,0.0,22.05,21.94,21.94,1.0,19531.0
2016-02-16,22.06,22.06,21.92,21.99,33681.0,22.06,0.0,22.06,21.92,21.99,1.0,33681.0
2016-02-12,22.06,22.06,21.99,21.99,1099.0,22.06,0.0,22.06,21.99,21.99,1.0,1099.0
2016-02-11,22.06,22.06,22.0142,22.0142,1101.0,22.06,0.0,22.06,22.0142,22.0142,1.0,1101.0
2016-02-10,22.1,22.1,22.1,22.1,0.0,22.1,0.0,22.1,22.1,22.1,1.0,0.0
2016-02-09,22.1,22.1,22.046,22.046,1041.0,22.1,0.0,22.1,22.046,22.046,1.0,1041.0
2016-02-08,22.09,22.09,21.9668,21.9668,867.0,22.09,0.0,22.09,21.9668,21.9668,1.0,867.0
2016-02-05,22.4,22.4,22.4,22.4,110.0,22.4,0.0,22.4,22.4,22.4,1.0,110.0
2016-02-04,22.49,22.52,22.44,22.45,1688.0,22.49,0.0,22.52,22.44,22.45,1.0,1688.0
2016-02-03,22.46,22.46,22.311,22.3346,973.0,22.46,0.0,22.46,22.311,22.3346,1.0,973.0
2016-02-02,22.41,22.41,22.37,22.401,2504.0,22.41,0.0,22.41,22.37,22.401,1.0,2504.0
2016-02-01,22.51,22.51,22.37,22.48,18663.0,22.51,0.0,22.51,22.37,22.48,1.0,18663.0
2016-01-29,22.52,22.52,22.4038,22.4038,861.0,22.52,0.0,22.52,22.4038,22.4038,1.0,861.0
2016-01-28,22.37,22.38,22.32,22.379,9299.0,22.37,0.0,22.38,22.32,22.379,1.0,9299.0
2016-01-27,22.34,22.36,22.3137,22.345,2417.0,22.34,0.0,22.36,22.3137,22.345,1.0,2417.0
2016-01-26,22.36,22.36,22.34,22.34,665.0,22.36,0.0,22.36,22.34,22.34,1.0,665.0
2016-01-25,22.34,22.34,22.34,22.34,112.0,22.34,0.0,22.34,22.34,22.34,1.0,112.0
2016-01-22,22.37,22.37,22.3,22.3164,2494.0,22.37,0.0,22.37,22.3,22.3164,1.0,2494.0
2016-01-21,22.37,22.37,22.32,22.338,1055.0,22.37,0.0,22.37,22.32,22.338,1.0,1055.0
2016-01-20,22.39,22.39,22.291,22.349,3062.0,22.39,0.0,22.39,22.291,22.349,1.0,3062.0
2016-01-19,22.41,22.41,22.31,22.31,12082.0,22.41,0.0,22.41,22.31,22.31,1.0,12082.0
2016-01-15,22.41,22.41,22.41,22.41,122.0,22.41,0.0,22.41,22.41,22.41,1.0,122.0
2016-01-14,22.44,22.44,22.43,22.4368,6203.0,22.44,0.0,22.44,22.43,22.4368,1.0,6203.0
2016-01-13,22.38,22.43,22.35,22.43,331030.0,22.38,0.0,22.43,22.35,22.43,1.0,331030.0
2016-01-12,22.46,22.46,22.38,22.4467,5611.0,22.46,0.0,22.46,22.38,22.4467,1.0,5611.0
2016-01-11,22.43,22.45,22.35,22.44,20125.0,22.43,0.0,22.45,22.35,22.44,1.0,20125.0
2016-01-08,22.5,22.5839,22.5,22.5839,258.0,22.5,0.0,22.5839,22.5,22.5839,1.0,258.0
2016-01-07,22.629,22.7655,22.629,22.7399,1554.0,22.629,0.0,22.7655,22.629,22.7399,1.0,1554.0
2016-01-06,22.94,23.001,22.914,22.9591,2223.0,22.94,0.0,23.001,22.914,22.9591,1.0,2223.0
2016-01-05,23.13,23.13,23.04,23.04,1137.0,23.13,0.0,23.13,23.04,23.04,1.0,1137.0
2016-01-04,23.11,23.11,23.0,23.014,1373.0,23.11,0.0,23.11,23.0,23.014,1.0,1373.0
2015-12-31,23.23,23.23,23.23,23.23,147.0,23.23,0.0,23.23,23.23,23.23,1.0,147.0
2015-12-30,23.29,23.31,23.26,23.264,6130.0,23.29,0.0,23.31,23.26,23.264,1.0,6130.0
2015-12-29,23.34,23.34,23.2805,23.2805,1223.0,23.34,0.0,23.34,23.2805,23.2805,1.0,1223.0
2015-12-28,23.3,23.3,23.246,23.246,931.0,23.3,0.0,23.3,23.246,23.246,1.0,931.0
2015-12-24,23.32,23.32,23.31,23.31,1533.0,23.32,0.0,23.32,23.31,23.31,1.0,1533.0
2015-12-23,23.32,23.32,23.274,23.275,6395.0,23.32,0.0,23.32,23.274,23.275,1.0,6395.0
2015-12-22,23.26,23.26,23.14,23.225,9044.0,23.26,0.0,23.26,23.14,23.225,1.0,9044.0
2015-12-21,23.23,23.23,23.14,23.225,1390.0,23.23,0.10868,23.23,23.14,23.225,1.0,1390.0
2015-12-18,23.251220720281,23.271127587336,23.13177951795,23.222554831721,5909.0,23.36,0.0,23.38,23.24,23.3312,1.0,5909.0
2015-12-17,23.251220720281,23.281081020863,23.245248660164,23.279090334158,5399.0,23.36,0.0,23.39,23.354,23.388,1.0,5399.0
2015-12-16,23.281081020863,23.300987887918,23.201453552643,23.300987887918,21975.0,23.39,0.0,23.41,23.31,23.41,1.0,21975.0
2015-12-15,23.241267286753,23.271127587336,23.221360419698,23.271127587336,3867.0,23.35,0.0,23.38,23.33,23.38,1.0,3867.0
2015-12-14,23.221360419698,23.221360419698,23.13177951795,23.171593252061,3039.0,23.33,0.0,23.33,23.24,23.28,1.0,3039.0
2015-12-11,23.271127587336,23.300987887918,23.271127587336,23.280981486528,5918.0,23.38,0.0,23.41,23.38,23.3899,1.0,5918.0
2015-12-10,23.291034454391,23.33045005116,23.261174153808,23.33045005116,448289.0,23.4,0.0,23.4396,23.37,23.4396,1.0,448289.0
2015-12-09,23.310941321446,23.414855167473,23.310941321446,23.414855167473,819.0,23.42,0.0,23.5244,23.42,23.5244,1.0,819.0
2015-12-08,23.370661922611,23.380515821803,23.329852845148,23.370661922611,20960.0,23.48,0.0,23.4899,23.439,23.48,1.0,20960.0
2015-12-07,23.440335957303,23.440335957303,23.375638639375,23.375638639375,624.0,23.55,0.0,23.55,23.485,23.485,1.0,624.0
2015-12-04,23.579684026689,23.579684026689,23.42839183707,23.42839183707,7908.0,23.69,0.0,23.69,23.538,23.538,1.0,7908.0
2015-12-03,23.410475656721,23.460242824359,23.350755055556,23.438743407939,1929.0,23.52,0.0,23.57,23.46,23.5484,1.0,1929.0
2015-12-02,23.410475656721,23.410475656721,23.410475656721,23.410475656721,551.0,23.52,0.0,23.52,23.52,23.52,1.0,551.0
2015-12-01,23.510009991996,23.527926172346,23.436354583892,23.460242824359,40343.0,23.62,0.0,23.638,23.546,23.57,1.0,40343.0
2015-11-30,23.529916859051,23.529916859051,23.450488459502,23.4572567943,5842.0,23.64,0.0,23.64,23.5602,23.567,1.0,5842.0
2015-11-27,23.539870292579,23.539870292579,23.529916859051,23.529916859051,334.0,23.65,0.0,23.65,23.64,23.64,1.0,334.0
2015-11-25,23.539870292579,23.549724191771,23.539870292579,23.549724191771,4336.0,23.65,0.0,23.6599,23.65,23.6599,1.0,4336.0
2015-11-24,23.529916859051,23.546340024372,23.450289390831,23.46422419777,33844.0,23.64,0.0,23.6565,23.56,23.574,1.0,33844.0
2015-11-23,23.619497760799,23.619497760799,23.512996022054,23.512996022054,296.0,23.73,0.0,23.73,23.623,23.623,1.0,296.0
2015-11-20,23.510009991996,23.579684026689,23.510009991996,23.579684026689,5789.0,23.62,0.0,23.69,23.62,23.69,1.0,5789.0
2015-11-19,23.510009991996,23.529916859051,23.503042588527,23.503042588527,2922.0,23.62,0.0,23.64,23.613,23.613,1.0,2922.0
2015-11-18,23.500056558469,23.500056558469,23.420429090248,23.430382523776,4587.0,23.61,0.0,23.61,23.53,23.54,1.0,4587.0
2015-11-17,23.420429090248,23.440335957303,23.371657265964,23.440335957303,9717.0,23.53,0.0,23.55,23.481,23.55,1.0,9717.0
2015-11-16,23.420429090248,23.420429090248,23.28705308098,23.310941321446,4580.0,23.53,0.0,23.53,23.396,23.42,1.0,4580.0
2015-11-13,23.589637460216,23.589637460216,23.589637460216,23.589637460216,100.0,23.7,0.0,23.7,23.7,23.7,1.0,100.0
2015-11-12,23.340801622028,23.360708489083,23.340801622028,23.360708489083,62551.0,23.45,0.0,23.47,23.45,23.47,1.0,62551.0
2015-11-11,23.400522223193,23.420429090248,23.383800454867,23.420429090248,3335.0,23.51,0.0,23.53,23.4932,23.53,1.0,3335.0
2015-11-10,23.480149691414,23.480149691414,23.398531536488,23.450289390831,6318.0,23.59,0.0,23.59,23.508,23.56,1.0,6318.0
2015-11-09,23.440335957303,23.449493116149,23.440335957303,23.449493116149,949.0,23.55,0.0,23.5592,23.55,23.5592,1.0,949.0
2015-11-06,23.549823726106,23.549823726106,23.492093811647,23.523745730264,2261.0,23.66,0.0,23.66,23.602,23.6338,1.0,2261.0
2015-11-05,23.728985529602,23.728985529602,23.702111259077,23.705097289135,4436.0,23.84,0.0,23.84,23.813,23.816,1.0,4436.0
2015-11-04,23.719032096074,23.738938963129,23.679218361964,23.679218361964,6190.0,23.83,0.0,23.85,23.79,23.79,1.0,6190.0
2015-11-03,23.778752697239,23.778752697239,23.699224763354,23.719032096074,51045.0,23.89,0.0,23.89,23.8101,23.83,1.0,51045.0
2015-11-02,23.738938963129,23.738938963129,23.629451194326,23.689072261156,10806.0,23.85,0.0,23.85,23.74,23.7999,1.0,10806.0
2015-10-30,23.669264928436,23.689171795491,23.619597295134,23.679218361964,1519.0,23.78,0.0,23.8,23.7301,23.79,1.0,1519.0
2015-10-29,23.689171795491,23.689171795491,23.589736994552,23.679218361964,1498.0,23.8,0.0,23.8,23.7001,23.79,1.0,1498.0
2015-10-28,23.679218361964,23.679218361964,23.589637460216,23.66876725676,889.0,23.79,0.0,23.79,23.7,23.7795,1.0,889.0
2015-10-27,23.619497760799,23.639404627854,23.57291569189,23.589736994552,5868.0,23.73,0.0,23.75,23.6832,23.7001,1.0,5868.0
2015-10-26,23.639404627854,23.647964580688,23.621488447504,23.647964580688,4773.0,23.75,0.0,23.7586,23.732,23.7586,1.0,4773.0
2015-10-23,23.619497760799,23.619497760799,23.539870292579,23.539870292579,20392.0,23.73,0.0,23.73,23.65,23.65,1.0,20392.0
2015-10-22,23.728985529602,23.728985529602,23.679218361964,23.679218361964,4322.0,23.84,0.0,23.84,23.79,23.79,1.0,4322.0
2015-10-21,23.619497760799,23.624972149239,23.539870292579,23.589637460216,16978.0,23.73,0.0,23.7355,23.65,23.7,1.0,16978.0
2015-10-20,23.589637460216,23.599590893744,23.526930828993,23.526930828993,3050.0,23.7,0.0,23.71,23.637,23.637,1.0,3050.0
2015-10-19,23.609544327271,23.609544327271,23.529916859051,23.559777159634,5155.0,23.72,0.0,23.72,23.64,23.67,1.0,5155.0
2015-10-16,23.699125229019,23.699125229019,23.619497760799,23.679218361964,45009.0,23.81,0.0,23.81,23.73,23.79,1.0,45009.0
2015-10-15,23.709078662546,23.709078662546,23.642490192247,23.673246301847,1868.0,23.82,0.0,23.82,23.7531,23.784,1.0,1868.0
2015-10-14,23.689171795491,23.689171795491,23.619497760799,23.629451194326,128388.0,23.8,0.0,23.8,23.73,23.74,1.0,128388.0
2015-10-13,23.599590893744,23.639404627854,23.539870292579,23.589637460216,13712.0,23.71,0.0,23.75,23.65,23.7,1.0,13712.0
2015-10-12,23.629451194326,23.639404627854,23.558781816281,23.558781816281,5045.0,23.74,0.0,23.75,23.669,23.669,1.0,5045.0
2015-10-09,23.529916859051,23.539870292579,23.529916859051,23.534893575815,6604.0,23.64,0.0,23.65,23.64,23.645,1.0,6604.0
2015-10-08,23.500056558469,23.59272302461,23.500056558469,23.529916859051,1945.0,23.61,0.0,23.7031,23.61,23.64,1.0,1945.0
2015-10-07,23.709078662546,23.709078662546,23.709078662546,23.709078662546,205.0,23.82,0.0,23.82,23.82,23.82,1.0,205.0
2015-10-06,23.649358061381,23.649358061381,23.559777159634,23.599590893744,2639.0,23.76,0.0,23.76,23.67,23.71,1.0,2639.0
2015-10-05,23.599590893744,23.639404627854,23.599590893744,23.629351659991,8956.0,23.71,0.0,23.75,23.71,23.7399,1.0,8956.0
2015-10-02,23.709078662546,23.758149089837,23.659311494909,23.750484946021,5465.0,23.82,0.0,23.8693,23.77,23.8616,1.0,5465.0
2015-10-01,23.639404627854,23.669264928436,23.639404627854,23.665283555025,8422.0,23.75,0.0,23.78,23.75,23.776,1.0,8422.0
2015-09-30,23.599590893744,23.599590893744,23.599590893744,23.599590893744,100.0,23.71,0.0,23.71,23.71,23.71,1.0,100.0
2015-09-29,23.639404627854,23.659311494909,23.549823726106,23.599590893744,8965.0,23.75,0.0,23.77,23.66,23.71,1.0,8965.0
2015-09-28,23.549823726106,23.629451194326,23.549823726106,23.568735249808,13650.0,23.66,0.0,23.74,23.66,23.679,1.0,13650.0
2015-09-25,23.539870292579,23.544150268996,23.539870292579,23.544150268996,266.0,23.65,0.0,23.6543,23.65,23.6543,1.0,266.0
2015-09-24,23.639404627854,23.672051889824,23.629451194326,23.672051889824,1400.0,23.75,0.0,23.7828,23.74,23.7828,1.0,1400.0
2015-09-23,23.639404627854,23.649358061381,23.619398226464,23.619398226464,5445.0,23.75,0.0,23.76,23.7299,23.7299,1.0,5445.0
2015-09-22,23.679218361964,23.709078662546,23.659311494909,23.673047233177,3016.0,23.79,0.0,23.82,23.77,23.7838,1.0,3016.0
2015-09-21,23.669264928436,23.715846997345,23.629451194326,23.715846997345,832.0,23.78,0.0,23.8268,23.74,23.8268,1.0,832.0
2015-09-18,23.838473298404,23.838473298404,23.271127587336,23.271127587336,835.0,23.95,0.0,23.95,23.38,23.38,1.0,835.0
2015-09-17,23.709078662546,24.037541968955,23.559777159634,24.037541968955,3075.0,23.82,0.0,24.15,23.67,24.15,1.0,3075.0
2015-09-16,23.549823726106,23.549823726106,23.496075185058,23.496075185058,1221.0,23.66,0.0,23.66,23.606,23.606,1.0,1221.0
2015-09-15,23.519963425524,23.519963425524,23.517972738818,23.517972738818,880.0,23.63,0.0,23.63,23.628,23.628,1.0,880.0
2015-09-14,23.579684026689,23.579684026689,23.528921515698,23.569730593161,97158.0,23.69,0.0,23.69,23.639,23.68,1.0,97158.0
2015-09-11,23.519963425524,23.5204610972,23.519963425524,23.5204610972,731.0,23.63,0.0,23.6305,23.63,23.6305,1.0,731.0
2015-09-10,23.529916859051,23.529916859051,23.529916859051,23.529916859051,124.0,23.64,0.0,23.64,23.64,23.64,1.0,124.0
2015-09-09,23.529916859051,23.529916859051,23.420329555913,23.420329555913,11964.0,23.64,0.0,23.64,23.5299,23.5299,1.0,11964.0
2015-09-08,23.470196257886,23.501450039162,23.470196257886,23.500056558469,550.0,23.58,0.0,23.6114,23.58,23.61,1.0,550.0
2015-09-04,23.659311494909,23.659311494909,23.603970404496,23.603970404496,1433.0,23.77,0.0,23.77,23.7144,23.7144,1.0,1433.0
2015-09-03,23.569730593161,23.569730593161,23.520062959859,23.520062959859,246.0,23.68,0.0,23.68,23.6301,23.6301,1.0,246.0
2015-09-02,23.500056558469,23.551913947147,23.490003590606,23.505033275232,1891.0,23.61,0.0,23.6621,23.5999,23.615,1.0,1891.0
2015-09-01,23.569730593161,26.147669876788,23.420429090248,23.460242824359,14719.0,23.68,0.0,26.27,23.53,23.57,1.0,14719.0
2015-08-31,23.539870292579,23.666477967049,23.539870292579,23.666477967049,796.0,23.65,0.0,23.7772,23.65,23.7772,1.0,796.0
2015-08-28,23.639404627854,23.679218361964,23.633830705078,23.659311494909,1403.0,23.75,0.0,23.79,23.7444,23.77,1.0,1403.0
2015-08-27,23.629451194326,23.728985529602,23.300987887918,23.300987887918,727.0,23.74,0.0,23.84,23.41,23.41,1.0,727.0
2015-08-26,23.649358061381,23.649358061381,23.324477991043,23.475471577656,1433.0,23.76,0.0,23.76,23.4336,23.5853,1.0,1433.0
2015-08-25,23.549823726106,23.908147333097,23.549823726106,23.908147333097,3387.0,23.66,0.0,24.02,23.66,24.02,1.0,3387.0
2015-08-24,23.938007633679,23.957814966399,23.788706130767,23.957814966399,4370.0,24.05,0.0,24.0699,23.9,24.0699,1.0,4370.0
2015-08-21,24.087309136592,24.087309136592,24.057349301674,24.057349301674,2559.0,24.2,0.0,24.2,24.1699,24.1699,1.0,2559.0
2015-08-20,24.17689003834,24.200778278806,24.147029737757,24.200778278806,2896.0,24.29,0.0,24.314,24.26,24.314,1.0,2896.0
2015-08-19,24.17689003834,24.17689003834,23.990760831375,24.026593192074,15531.0,24.29,0.0,24.29,24.103,24.139,1.0,15531.0
2015-08-18,24.107216003647,24.135284686195,24.107216003647,24.110202033705,619.0,24.22,0.0,24.2482,24.22,24.223,1.0,619.0
2015-08-17,24.226657205977,24.226657205977,24.186843471867,24.186843471867,11072.0,24.34,0.0,24.34,24.3,24.3,1.0,11072.0
2015-08-14,24.127122870702,24.127122870702,24.127122870702,24.127122870702,100.0,24.24,0.0,24.24,24.24,24.24,1.0,100.0
2015-08-13,24.107216003647,24.107216003647,24.05744883601,24.069392956243,859.0,24.22,0.0,24.22,24.17,24.182,1.0,859.0
2015-08-12,24.127122870702,24.127122870702,24.059439522715,24.059439522715,3670.0,24.24,0.0,24.24,24.172,24.172,1.0,3670.0
2015-08-11,24.166936604812,24.166936604812,24.113188063764,24.113188063764,1079.0,24.28,0.0,24.28,24.226,24.226,1.0,1079.0
2015-08-10,24.027688069762,24.05744883601,24.027688069762,24.05744883601,1882.0,24.1401,0.0,24.17,24.1401,24.17,1.0,1882.0
2015-08-07,24.067402269537,24.067402269537,23.977821367789,23.984788771259,7545.0,24.18,0.0,24.18,24.09,24.097,1.0,7545.0
2015-08-06,23.997628700509,23.997628700509,23.965877247556,23.987774801317,5459.0,24.1099,0.0,24.1099,24.078,24.1,1.0,5459.0
2015-08-05,24.027489001092,24.057349301674,23.928153734487,24.011663041783,1842.0,24.1399,0.0,24.1699,24.0401,24.124,1.0,1842.0
2015-08-04,24.007681668372,24.166936604812,23.997728234844,24.166936604812,27797.0,24.12,0.0,24.28,24.11,24.28,1.0,27797.0
2015-08-03,24.037541968955,24.037541968955,24.023009956004,24.037541968955,2739.0,24.15,0.0,24.15,24.1354,24.15,1.0,2739.0
2015-07-31,24.037541968955,24.037541968955,24.037541968955,24.037541968955,14.0,24.15,0.0,24.15,24.15,24.15,1.0,14.0
2015-07-30,24.037541968955,24.395865575945,23.990561762705,24.395865575945,8008.0,24.15,0.0,24.51,24.1028,24.51,1.0,8008.0
2015-07-29,23.997728234844,24.037541968955,23.987774801317,24.027588535427,11624.0,24.11,0.0,24.15,24.1,24.14,1.0,11624.0
2015-07-28,24.0176351019,24.0176351019,23.728985529602,23.728985529602,14863.0,24.13,0.0,24.13,23.84,23.84,1.0,14863.0
2015-07-27,23.987774801317,24.007681668372,23.987774801317,23.990263159699,3251.0,24.1,0.0,24.12,24.1,24.1025,1.0,3251.0
2015-07-24,24.047495402482,24.127122870702,24.047495402482,24.127122870702,7092.0,24.16,0.0,24.24,24.16,24.24,1.0,7092.0
2015-07-23,24.127122870702,24.147029737757,24.127122870702,24.147029737757,2200.0,24.24,0.0,24.26,24.24,24.26,1.0,2200.0
2015-07-22,24.226657205977,24.23651110517,24.191322516955,24.234619952799,20173.0,24.34,0.0,24.3499,24.3045,24.348,1.0,20173.0
2015-07-21,24.356051841835,24.366005275363,24.326191541253,24.326191541253,12693.0,24.47,0.0,24.48,24.44,24.44,1.0,12693.0
2015-07-20,24.341121691544,24.346098408308,24.331168258016,24.346098408308,5073.0,24.455,0.0,24.46,24.445,24.46,1.0,5073.0
2015-07-17,24.282993639743,24.316238107725,24.276424373615,24.276424373615,4477.0,24.3966,0.0,24.43,24.39,24.39,1.0,4477.0
2015-07-16,24.276424373615,25.182186824619,24.276424373615,25.182186824619,2456.0,24.39,0.0,25.3,24.39,25.3,1.0,2456.0
2015-07-15,24.366005275363,24.366005275363,24.251739858467,24.356051841835,388455.0,24.48,0.0,24.48,24.3652,24.47,1.0,388455.0
2015-07-14,24.373171747502,24.37595870889,24.373171747502,24.37595870889,27161.0,24.4872,0.0,24.49,24.4872,24.49,1.0,27161.0
2015-07-13,24.375859174555,24.375859174555,24.331168258016,24.331168258016,1201.0,24.4899,0.0,24.4899,24.445,24.445,1.0,1201.0
2015-07-10,24.33614497478,24.33614497478,24.218694459155,24.296629843676,11252.0,24.45,0.0,24.45,24.332,24.4103,1.0,11252.0
2015-07-09,24.067402269537,24.077355703065,24.007681668372,24.007681668372,6828.0,24.18,0.0,24.19,24.12,24.12,1.0,6828.0
2015-07-08,23.858380165459,23.919096109977,23.858380165459,23.919096109977,6404.0,23.97,0.0,24.031,23.97,24.031,1.0,6404.0
2015-07-07,23.997728234844,25.640044766885,23.818566431349,25.640044766885,28220.0,24.11,0.0,25.76,23.93,25.76,1.0,28220.0
2015-07-06,24.089797494974,24.10084580619,24.05744883601,24.10084580619,3277.0,24.2025,0.0,24.2136,24.17,24.2136,1.0,3277.0
2015-07-02,24.376257311896,24.395865575945,24.31972180946,24.349084438366,17757.0,24.4903,0.0,24.51,24.4335,24.463,1.0,17757.0
2015-07-01,24.435679310055,24.45558617711,24.385912142418,24.385912142418,538530.0,24.55,0.0,24.57,24.5,24.5,1.0,538530.0
2015-06-30,24.361128092934,24.361128092934,24.186843471867,24.316238107725,218924.0,24.4751,0.0,24.4751,24.3,24.43,1.0,218924.0
2015-06-29,24.286377807142,24.286377807142,24.286377807142,24.286377807142,10617.0,24.4,0.0,24.4,24.4,24.4,1.0,10617.0
2015-06-26,24.53521364533,24.545167078858,24.50236731469,24.50236731469,18879.0,24.65,0.0,24.66,24.617,24.617,1.0,18879.0
2015-06-25,24.694468581771,24.694468581771,24.694468581771,24.694468581771,59.0,24.81,0.0,24.81,24.81,24.81,1.0,59.0
2015-06-24,24.694468581771,24.694468581771,24.636539598641,24.662020388471,8353.0,24.81,0.0,24.81,24.7518,24.7774,1.0,8353.0
2015-06-23,24.713778242814,24.713778242814,24.654754381996,24.684515148243,546.0,24.8294,0.0,24.8294,24.7701,24.8,1.0,546.0
2015-06-22,24.672770096681,24.674561714716,24.634747980606,24.634747980606,548.0,24.7882,0.0,24.79,24.75,24.75,1.0,548.0
2015-06-19,24.622704326037,24.622704326037,24.622704326037,24.622704326037,17.0,24.7379,0.0,24.7379,24.7379,24.7379,1.0,17.0
2015-06-18,24.622704326037,24.622704326037,24.53521364533,24.535313179666,4380.0,24.7379,0.0,24.7379,24.65,24.6501,1.0,4380.0
2015-06-17,24.515306778275,24.515306778275,24.475493044165,24.475493044165,24628.0,24.63,0.0,24.63,24.59,24.59,1.0,24628.0
2015-06-16,24.425725876528,24.445632743583,24.37595870889,24.37595870889,13808.0,24.54,0.0,24.56,24.49,24.49,1.0,13808.0
2015-06-15,24.43557977572,24.435679310055,24.43557977572,24.435679310055,300.0,24.5499,0.0,24.55,24.5499,24.55,1.0,300.0
2015-06-12,24.525160677468,24.525260211803,24.515306778275,24.515306778275,2397.0,24.6399,0.0,24.64,24.63,24.63,1.0,2397.0
2015-06-11,24.53521364533,24.53521364533,24.53521364533,24.53521364533,0.0,24.65,0.0,24.65,24.65,24.65,1.0,0.0
2015-06-10,24.53521364533,24.53521364533,24.505353344748,24.525260211803,465417.0,24.65,0.0,24.65,24.62,24.64,1.0,465417.0
