,adj_close,adj_high,adj_low,adj_open,adj_volume,close,ex_dividend,high,low,open,split_ratio,volume
2017-02-10,22.1,22.1095,22.055,22.09,3335.0,22.1,0.0,22.1095,22.055,22.09,1.0,3335.0
2017-02-09,22.06,22.06,22.03,22.03,1449.0,22.06,0.0,22.06,22.03,22.03,1.0,1449.0
2017-02-08,21.95,21.95,21.91,21.9299,4679.0,21.95,0.0,21.95,21.91,21.9299,1.0,4679.0
2017-02-07,21.93,21.93,21.89,21.91,20571.0,21.93,0.0,21.93,21.89,21.91,1.0,20571.0
2017-02-06,21.95,21.95,21.88,21.9,16274.0,21.95,0.0,21.95,21.88,21.9,1.0,16274.0
2017-02-03,22.03,22.03,21.905,21.905,19237.0,22.03,0.0,22.03,21.905,21.905,1.0,19237.0
2017-02-02,21.93,21.93,21.81,21.86,12638.0,21.93,0.0,21.93,21.81,21.86,1.0,12638.0
2017-02-01,21.89,21.89,21.81,21.88,14679.0,21.89,0.0,21.89,21.81,21.88,1.0,14679.0
2017-01-31,21.91,21.91,21.82,21.83,21396.0,21.91,0.0,21.91,21.82,21.83,1.0,21396.0
2017-01-30,21.9,21.9,21.8101,21.862,24342.0,21.9,0.0,21.9,21.8101,21.862,1.0,24342.0
2017-01-27,21.95,21.95,21.9032,21.91,25075.0,21.95,0.0,21.95,21.9032,21.91,1.0,25075.0
2017-01-26,21.99,21.99,21.93,21.95,33396.0,21.99,0.0,21.99,21.93,21.95,1.0,33396.0
2017-01-25,21.95,21.974,21.84,21.84,5309.0,21.95,0.0,21.974,21.84,21.84,1.0,5309.0
2017-01-24,21.89,21.89,21.785,21.785,18514.0,21.89,0.0,21.89,21.785,21.785,1.0,18514.0
2017-01-23,21.8,21.8,21.7,21.75,15124.0,21.8,0.0,21.8,21.7,21.75,1.0,15124.0
2017-01-20,21.81,21.81,21.7521,21.79,1602.0,21.81,0.0,21.81,21.7521,21.79,1.0,1602.0
2017-01-19,21.79,21.8,21.7307,21.75,12779.0,21.79,0.0,21.8,21.7307,21.75,1.0,12779.0
2017-01-18,21.83,21.83,21.7701,21.8001,7320.0,21.83,0.0,21.83,21.7701,21.8001,1.0,7320.0
2017-01-17,21.81,21.82,21.76,21.7875,18871.0,21.81,0.0,21.82,21.76,21.7875,1.0,18871.0
2017-01-13,21.85,21.8553,21.8101,21.84,22623.0,21.85,0.0,21.8553,21.8101,21.84,1.0,22623.0
2017-01-12,21.84,21.85,21.748,21.7936,17181.0,21.84,0.0,21.85,21.748,21.7936,1.0,17181.0
2017-01-11,21.84,21.84,21.7701,21.8103,24990.0,21.84,0.0,21.84,21.7701,21.8103,1.0,24990.0
2017-01-10,21.85,21.86,21.8,21.81,40095.0,21.85,0.0,21.86,21.8,21.81,1.0,40095.0
2017-01-09,21.85,21.86,21.8,21.83,30490.0,21.85,0.0,21.86,21.8,21.83,1.0,30490.0
2017-01-06,21.88,21.89,21.8229,21.8229,19163.0,21.88,0.0,21.89,21.8229,21.8229,1.0,19163.0
2017-01-05,21.83,21.83,21.78,21.83,19254.0,21.83,0.0,21.83,21.78,21.83,1.0,19254.0
2017-01-04,21.85,21.85,21.76,21.76,24187.0,21.85,0.0,21.85,21.76,21.76,1.0,24187.0
2017-01-03,21.76,21.76,21.65,21.74,33381.0,21.76,0.0,21.76,21.65,21.74,1.0,33381.0
2016-12-30,21.7,21.7,21.59,21.6112,16389.0,21.7,0.0,21.7,21.59,21.6112,1.0,16389.0
2016-12-29,21.7,21.7,21.66,21.6906,18903.0,21.7,0.0,21.7,21.66,21.6906,1.0,18903.0
2016-12-28,21.71,21.78,21.676,21.7242,61553.0,21.71,0.0,21.78,21.676,21.7242,1.0,61553.0
2016-12-27,21.8,21.81,21.75,21.81,19324.0,21.8,0.0,21.81,21.75,21.81,1.0,19324.0
2016-12-23,21.78,21.78,21.71,21.759,44459.0,21.78,0.0,21.78,21.71,21.759,1.0,44459.0
2016-12-22,21.77,21.77,21.7,21.7297,19247.0,21.77,0.0,21.77,21.7,21.7297,1.0,19247.0
2016-12-21,21.8,21.8,21.74,21.79,24236.0,21.8,0.0,21.8,21.74,21.79,1.0,24236.0
2016-12-20,21.81,21.81,21.72,21.78,53208.0,21.81,0.0,21.81,21.72,21.78,1.0,53208.0
2016-12-19,21.82,21.85,21.75,21.85,14801.0,21.82,0.0,21.85,21.75,21.85,1.0,14801.0
2016-12-16,21.85,21.85,21.7553,21.7763,35076.0,21.85,0.0,21.85,21.7553,21.7763,1.0,35076.0
2016-12-15,21.89,21.89,21.823,21.8681,14423.0,21.89,0.0,21.89,21.823,21.8681,1.0,14423.0
2016-12-14,21.86,21.9499,21.803,21.9183,7986.0,21.86,0.0,21.9499,21.803,21.9183,1.0,7986.0
2016-12-13,22.0,22.0,21.9,21.91,20044.0,22.0,0.0,22.0,21.9,21.91,1.0,20044.0
2016-12-12,21.95,21.95,21.91,21.91,2419.0,21.95,0.0,21.95,21.91,21.91,1.0,2419.0
2016-12-09,22.01,22.01,21.93,21.9545,33640.0,22.01,0.0,22.01,21.93,21.9545,1.0,33640.0
2016-12-08,21.97,21.97,21.901,21.944,8158.0,21.97,0.0,21.97,21.901,21.944,1.0,8158.0
2016-12-07,21.94,21.94,21.65,21.65,9412.0,21.94,0.0,21.94,21.65,21.65,1.0,9412.0
2016-12-06,21.75,21.75,21.64,21.64,9771.0,21.75,0.0,21.75,21.64,21.64,1.0,9771.0
2016-12-05,21.66,21.6857,21.62,21.622,7697.0,21.66,0.0,21.6857,21.62,21.622,1.0,7697.0
2016-12-02,21.66,21.66,21.55,21.56,10572.0,21.66,0.0,21.66,21.55,21.56,1.0,10572.0
2016-12-01,21.63,21.6599,21.604,21.6599,1974.0,21.63,0.0,21.6599,21.604,21.6599,1.0,1974.0
2016-11-30,21.66,21.66,21.57,21.6317,5775.0,21.66,0.0,21.66,21.57,21.6317,1.0,5775.0
2016-11-29,21.65,21.65,21.54,21.54,9141.0,21.65,0.0,21.65,21.54,21.54,1.0,9141.0
2016-11-28,21.64,21.6999,21.53,21.6999,13661.0,21.64,0.0,21.6999,21.53,21.6999,1.0,13661.0
2016-11-25,21.74,21.74,21.65,21.67,2100.0,21.74,0.0,21.74,21.65,21.67,1.0,2100.0
2016-11-23,21.72,21.72,21.6,21.6252,25426.0,21.72,0.0,21.72,21.6,21.6252,1.0,25426.0
2016-11-22,21.69,21.69,21.5652,21.5752,6470.0,21.69,0.0,21.69,21.5652,21.5752,1.0,6470.0
2016-11-21,21.64,21.64,21.535,21.5924,68668.0,21.64,0.0,21.64,21.535,21.5924,1.0,68668.0
2016-11-18,21.55,21.56,21.48,21.48,19205.0,21.55,0.0,21.56,21.48,21.48,1.0,19205.0
2016-11-17,21.61,21.61,21.51,21.5316,6338.0,21.61,0.0,21.61,21.51,21.5316,1.0,6338.0
2016-11-16,21.57,21.57,21.48,21.5,30424.0,21.57,0.0,21.57,21.48,21.5,1.0,30424.0
2016-11-15,21.54,21.54,21.42,21.44,7196.0,21.54,0.0,21.54,21.42,21.44,1.0,7196.0
2016-11-14,21.53,21.53,21.411,21.48,16822.0,21.53,0.0,21.53,21.411,21.48,1.0,16822.0
2016-11-11,21.54,21.54,21.406,21.4943,11135.0,21.54,0.0,21.54,21.406,21.4943,1.0,11135.0
2016-11-10,21.54,21.54,21.43,21.44,11664.0,21.54,0.0,21.54,21.43,21.44,1.0,11664.0
2016-11-09,21.59,21.59,21.355,21.355,3317.0,21.59,0.0,21.59,21.355,21.355,1.0,3317.0
2016-11-08,21.41,21.41,21.32,21.32,3402.0,21.41,0.0,21.41,21.32,21.32,1.0,3402.0
2016-11-07,21.42,21.42,21.26,21.2616,60669.0,21.42,0.0,21.42,21.26,21.2616,1.0,60669.0
2016-11-04,21.16,21.19,21.1223,21.1496,5096.0,21.16,0.0,21.19,21.1223,21.1496,1.0,5096.0
2016-11-03,21.35,21.35,21.13,21.2066,14978.0,21.35,0.0,21.35,21.13,21.2066,1.0,14978.0
2016-11-02,21.23,21.23,21.15,21.19,48075.0,21.23,0.0,21.23,21.15,21.19,1.0,48075.0
2016-11-01,21.31,21.35,21.18,21.35,93863.0,21.31,0.0,21.35,21.18,21.35,1.0,93863.0
2016-10-31,21.45,21.45,21.36,21.43,40254.0,21.45,0.0,21.45,21.36,21.43,1.0,40254.0
2016-10-28,21.47,21.47,21.36,21.4228,10272.0,21.47,0.0,21.47,21.36,21.4228,1.0,10272.0
2016-10-27,21.51,21.51,21.44,21.46,29208.0,21.51,0.0,21.51,21.44,21.46,1.0,29208.0
2016-10-26,21.55,21.55,21.45,21.485,27668.0,21.55,0.0,21.55,21.45,21.485,1.0,27668.0
2016-10-25,21.58,21.5909,21.5,21.525,59369.0,21.58,0.0,21.5909,21.5,21.525,1.0,59369.0
2016-10-24,21.63,21.63,21.53,21.56,34672.0,21.63,0.0,21.63,21.53,21.56,1.0,34672.0
2016-10-21,21.56,21.59,21.46,21.59,43572.0,21.56,0.0,21.59,21.46,21.59,1.0,43572.0
2016-10-20,21.98,21.98,21.47,21.51,70015.0,21.98,0.0,21.98,21.47,21.51,1.0,70015.0
2016-10-19,21.61,21.61,21.52,21.525,42073.0,21.61,0.0,21.61,21.52,21.525,1.0,42073.0
2016-10-18,21.59,21.59,21.47,21.49,56397.0,21.59,0.0,21.59,21.47,21.49,1.0,56397.0
2016-10-17,21.48,21.48,21.31,21.4799,137596.0,21.48,0.0,21.48,21.31,21.4799,1.0,137596.0
2016-10-14,21.58,21.5853,21.51,21.5638,7202.0,21.58,0.0,21.5853,21.51,21.5638,1.0,7202.0
2016-10-13,21.59,21.59,21.441,21.441,14331.0,21.59,0.0,21.59,21.441,21.441,1.0,14331.0
2016-10-12,21.57,21.6056,21.5368,21.571,15234.0,21.57,0.0,21.6056,21.5368,21.571,1.0,15234.0
2016-10-11,21.59,21.69,21.491,21.68,62158.0,21.59,0.0,21.69,21.491,21.68,1.0,62158.0
2016-10-10,21.82,21.82,21.76,21.77,7013.0,21.82,0.0,21.82,21.76,21.77,1.0,7013.0
2016-10-07,21.75,21.82,21.69,21.8,82168.0,21.75,0.0,21.82,21.69,21.8,1.0,82168.0
2016-10-06,21.83,21.85,21.73,21.79,34181.0,21.83,0.0,21.85,21.73,21.79,1.0,34181.0
2016-10-05,21.89,21.94,21.76,21.799,85041.0,21.89,0.0,21.94,21.76,21.799,1.0,85041.0
2016-10-04,21.85,21.96,21.8,21.88,90376.0,21.85,0.0,21.96,21.8,21.88,1.0,90376.0
2016-10-03,21.95,21.95,21.46,21.81,8425.0,21.95,0.0,21.95,21.46,21.81,1.0,8425.0
2016-09-30,22.0,22.0,21.97,21.9776,1020.0,22.0,0.0,22.0,21.97,21.9776,1.0,1020.0
2016-09-29,22.0,22.05,21.946,22.05,125944.0,22.0,0.0,22.05,21.946,22.05,1.0,125944.0
2016-09-28,22.07,22.07,21.86,21.87,29853.0,22.07,0.0,22.07,21.86,21.87,1.0,29853.0
2016-09-27,21.97,21.97,21.93,21.94,12213.0,21.97,0.0,21.97,21.93,21.94,1.0,12213.0
2016-09-26,21.96,21.98,21.96,21.98,300.0,21.96,0.0,21.98,21.96,21.98,1.0,300.0
2016-09-23,22.05,22.082,22.03,22.08,4921.0,22.05,0.0,22.082,22.03,22.08,1.0,4921.0
2016-09-22,22.14,22.24,22.11,22.13,23332.0,22.14,0.0,22.24,22.11,22.13,1.0,23332.0
2016-09-21,22.0,22.0,21.83,21.98,16256.0,22.0,0.0,22.0,21.83,21.98,1.0,16256.0
2016-09-20,21.87,21.94,21.87,21.91,18131.0,21.87,0.0,21.94,21.87,21.91,1.0,18131.0
2016-09-19,21.89,21.97,21.8201,21.9,30177.0,21.89,0.0,21.97,21.8201,21.9,1.0,30177.0
2016-09-16,21.85,21.86,21.751,21.78,12386.0,21.85,0.0,21.86,21.751,21.78,1.0,12386.0
2016-09-15,21.95,21.97,21.78,21.78,25104.0,21.95,0.0,21.97,21.78,21.78,1.0,25104.0
2016-09-14,21.83,21.85,21.66,21.85,26248.0,21.83,0.0,21.85,21.66,21.85,1.0,26248.0
2016-09-13,21.98,21.98,21.5501,21.8,59659.0,21.98,0.0,21.98,21.5501,21.8,1.0,59659.0
2016-09-12,22.28,22.28,21.74,21.93,245667.0,22.28,0.0,22.28,21.74,21.93,1.0,245667.0
2016-09-09,21.77,21.79,21.77,21.79,14095.0,21.77,0.0,21.79,21.77,21.79,1.0,14095.0
2016-09-08,22.09,22.09,22.0542,22.072,2830.0,22.09,0.0,22.09,22.0542,22.072,1.0,2830.0
2016-09-07,22.12,22.12,22.07,22.07,1468.0,22.12,0.0,22.12,22.07,22.07,1.0,1468.0
2016-09-06,22.12,22.12,22.041,22.0522,5462.0,22.12,0.0,22.12,22.041,22.0522,1.0,5462.0
2016-09-02,22.06,22.06,21.971,22.0012,9220.0,22.06,0.0,22.06,21.971,22.0012,1.0,9220.0
2016-09-01,21.97,21.97,21.89,21.9,2777.0,21.97,0.0,21.97,21.89,21.9,1.0,2777.0
2016-08-31,21.99,22.1,21.915,22.1,10968.0,21.99,0.0,22.1,21.915,22.1,1.0,10968.0
2016-08-30,22.0,22.0,21.9357,21.965,1565.0,22.0,0.0,22.0,21.9357,21.965,1.0,1565.0
2016-08-29,22.08,22.08,22.01,22.04,8463.0,22.08,0.0,22.08,22.01,22.04,1.0,8463.0
2016-08-26,22.06,22.165,22.0,22.165,520.0,22.06,0.0,22.165,22.0,22.165,1.0,520.0
2016-08-25,22.07,22.07,21.9,21.9,3366.0,22.07,0.0,22.07,21.9,21.9,1.0,3366.0
2016-08-24,22.06,22.125,22.01,22.1,31549.0,22.06,0.0,22.125,22.01,22.1,1.0,31549.0
2016-08-23,22.19,22.23,22.16,22.1901,25444.0,22.19,0.0,22.23,22.16,22.1901,1.0,25444.0
2016-08-22,22.18,22.18,22.11,22.11,11935.0,22.18,0.0,22.18,22.11,22.11,1.0,11935.0
2016-08-19,22.18,22.18,22.13,22.1604,554.0,22.18,0.0,22.18,22.13,22.1604,1.0,554.0
2016-08-18,22.23,22.23,22.18,22.1844,659.0,22.23,0.0,22.23,22.18,22.1844,1.0,659.0
2016-08-17,22.18,22.1973,22.14,22.1484,4357.0,22.18,0.0,22.1973,22.14,22.1484,1.0,4357.0
2016-08-16,22.19,22.1999,22.131,22.1489,12173.0,22.19,0.0,22.1999,22.131,22.1489,1.0,12173.0
2016-08-15,22.29,22.29,22.1901,22.21,2258.0,22.29,0.0,22.29,22.1901,22.21,1.0,2258.0
2016-08-12,22.23,22.23,22.16,22.2,11778.0,22.23,0.0,22.23,22.16,22.2,1.0,11778.0
2016-08-11,22.22,22.22,22.19,22.19,7260.0,22.22,0.0,22.22,22.19,22.19,1.0,7260.0
2016-08-10,22.21,22.21,22.1363,22.18,4120.0,22.21,0.0,22.21,22.1363,22.18,1.0,4120.0
2016-08-09,22.25,22.28,22.18,22.18,5867.0,22.25,0.0,22.28,22.18,22.18,1.0,5867.0
2016-08-08,22.26,22.27,22.06,22.06,56839.0,22.26,0.0,22.27,22.06,22.06,1.0,56839.0
2016-08-05,22.23,22.23,22.195,22.2004,2392.0,22.23,0.0,22.23,22.195,22.2004,1.0,2392.0
2016-08-04,22.14,22.1599,22.096,22.1299,5046.0,22.14,0.0,22.1599,22.096,22.1299,1.0,5046.0
2016-08-03,22.13,22.13,22.0851,22.0851,469.0,22.13,0.0,22.13,22.0851,22.0851,1.0,469.0
2016-08-02,22.1,22.1,22.06,22.06,6510.0,22.1,0.0,22.1,22.06,22.06,1.0,6510.0
2016-08-01,22.17,22.17,22.06,22.08,16899.0,22.17,0.0,22.17,22.06,22.08,1.0,16899.0
2016-07-29,22.21,22.21,22.16,22.16,410.0,22.21,0.0,22.21,22.16,22.16,1.0,410.0
2016-07-28,22.17,22.17,22.07,22.07,8806.0,22.17,0.0,22.17,22.07,22.07,1.0,8806.0
2016-07-27,22.14,22.14,22.0301,22.054,8147.0,22.14,0.0,22.14,22.0301,22.054,1.0,8147.0
2016-07-26,22.14,22.14,22.11,22.11,460.0,22.14,0.0,22.14,22.11,22.11,1.0,460.0
2016-07-25,22.09,22.09,22.02,22.02,29476.0,22.09,0.0,22.09,22.02,22.02,1.0,29476.0
2016-07-22,22.15,22.15,22.112,22.1299,6756.0,22.15,0.0,22.15,22.112,22.1299,1.0,6756.0
2016-07-21,22.09,22.11,22.06,22.11,1674.0,22.09,0.0,22.11,22.06,22.11,1.0,1674.0
2016-07-20,22.13,22.13,22.105,22.1074,5171.0,22.13,0.0,22.13,22.105,22.1074,1.0,5171.0
2016-07-19,22.12,22.12,22.09,22.09,630.0,22.12,0.0,22.12,22.09,22.09,1.0,630.0
2016-07-18,22.19,22.19,22.05,22.05,17066.0,22.19,0.0,22.19,22.05,22.05,1.0,17066.0
2016-07-15,22.16,22.1864,22.06,22.06,27667.0,22.16,0.0,22.1864,22.06,22.06,1.0,27667.0
2016-07-14,22.16,22.16,22.12,22.12,10316.0,22.16,0.0,22.16,22.12,22.12,1.0,10316.0
2016-07-13,22.14,22.158,22.07,22.145,51431.0,22.14,0.0,22.158,22.07,22.145,1.0,51431.0
2016-07-12,22.15,22.15,22.11,22.13,2448.0,22.15,0.0,22.15,22.11,22.13,1.0,2448.0
2016-07-11,22.07,22.0799,22.01,22.0126,88708.0,22.07,0.0,22.0799,22.01,22.0126,1.0,88708.0
2016-07-08,22.0,22.42,21.85,22.42,19070.0,22.0,0.0,22.42,21.85,22.42,1.0,19070.0
2016-07-07,21.81,21.8731,21.73,21.73,7017.0,21.81,0.0,21.8731,21.73,21.73,1.0,7017.0
2016-07-06,21.86,21.86,21.74,21.82,8820.0,21.86,0.0,21.86,21.74,21.82,1.0,8820.0
2016-07-05,21.84,21.84,21.805,21.8062,798.0,21.84,0.0,21.84,21.805,21.8062,1.0,798.0
2016-07-01,21.9,21.9,21.8299,21.8299,1200.0,21.9,0.0,21.9,21.8299,21.8299,1.0,1200.0
2016-06-30,21.79,21.79,21.6162,21.68,4255.0,21.79,0.0,21.79,21.6162,21.68,1.0,4255.0
2016-06-29,21.6,21.6,21.46,21.46,3895.0,21.6,0.0,21.6,21.46,21.46,1.0,3895.0
2016-06-28,21.32,21.32,21.17,21.205,18436.0,21.32,0.0,21.32,21.17,21.205,1.0,18436.0
2016-06-27,21.05,21.0767,21.0,21.03,25553.0,21.05,0.0,21.0767,21.0,21.03,1.0,25553.0
2016-06-24,21.15,21.24,21.06,21.24,951.0,21.15,0.0,21.24,21.06,21.24,1.0,951.0
2016-06-23,21.62,21.62,21.5307,21.5307,5948.0,21.62,0.0,21.62,21.5307,21.5307,1.0,5948.0
2016-06-22,21.625,21.63,21.59,21.63,1051.0,21.625,0.0,21.63,21.59,21.63,1.0,1051.0
2016-06-21,21.68,21.68,21.577,21.6292,1586.0,21.68,0.0,21.68,21.577,21.6292,1.0,1586.0
2016-06-20,21.62,21.666,21.62,21.6301,4539.0,21.62,0.0,21.666,21.62,21.6301,1.0,4539.0
2016-06-17,21.55,21.55,21.5214,21.5214,613.0,21.55,0.0,21.55,21.5214,21.5214,1.0,613.0
2016-06-16,21.62,21.62,21.3901,21.42,28090.0,21.62,0.0,21.62,21.3901,21.42,1.0,28090.0
2016-06-15,21.57,21.6499,21.53,21.63,2848.0,21.57,0.0,21.6499,21.53,21.63,1.0,2848.0
2016-06-14,21.64,21.672,21.56,21.672,14139.0,21.64,0.0,21.672,21.56,21.672,1.0,14139.0
2016-06-13,21.6899,21.7099,21.64,21.64,9405.0,21.6899,0.0,21.7099,21.64,21.64,1.0,9405.0
2016-06-10,21.73,21.73,21.658,21.71,439.0,21.73,0.0,21.73,21.658,21.71,1.0,439.0
2016-06-09,21.85,21.85,21.8086,21.8175,462.0,21.85,0.0,21.85,21.8086,21.8175,1.0,462.0
2016-06-08,21.88,21.88,21.83,21.869,1877.0,21.88,0.0,21.88,21.83,21.869,1.0,1877.0
2016-06-07,21.83,21.87,21.76,21.76,3231.0,21.83,0.0,21.87,21.76,21.76,1.0,3231.0
2016-06-06,21.81,21.81,21.7528,21.7528,680.0,21.81,0.0,21.81,21.7528,21.7528,1.0,680.0
2016-06-03,21.76,21.76,21.69,21.6904,940.0,21.76,0.0,21.76,21.69,21.6904,1.0,940.0
2016-06-02,21.75,21.75,21.715,21.715,489.0,21.75,0.0,21.75,21.715,21.715,1.0,489.0
2016-06-01,21.73,21.73,21.6401,21.6401,25963.0,21.73,0.0,21.73,21.6401,21.6401,1.0,25963.0
2016-05-31,21.73,21.73,21.66,21.66,7316.0,21.73,0.0,21.73,21.66,21.66,1.0,7316.0
2016-05-27,21.73,21.73,21.6601,21.72,2404.0,21.73,0.0,21.73,21.6601,21.72,1.0,2404.0
2016-05-26,21.69,21.69,21.63,21.6401,41617.0,21.69,0.0,21.69,21.63,21.6401,1.0,41617.0
2016-05-25,21.65,21.65,21.55,21.55,20921.0,21.65,0.0,21.65,21.55,21.55,1.0,20921.0
2016-05-24,21.57,21.57,21.49,21.4901,8314.0,21.57,0.0,21.57,21.49,21.4901,1.0,8314.0
2016-05-23,21.54,21.5449,21.46,21.51,199234.0,21.54,0.0,21.5449,21.46,21.51,1.0,199234.0
2016-05-20,21.545,21.55,21.49,21.5,9586.0,21.545,0.0,21.55,21.49,21.5,1.0,9586.0
2016-05-19,21.49,21.49,21.35,21.49,38058.0,21.49,0.0,21.49,21.35,21.49,1.0,38058.0
2016-05-18,21.49,21.55,21.45,21.46,50505.0,21.49,0.0,21.55,21.45,21.46,1.0,50505.0
2016-05-17,21.56,21.67,21.5008,21.58,5337.0,21.56,0.0,21.67,21.5008,21.58,1.0,5337.0
2016-05-16,21.7,21.7,21.58,21.6064,7545.0,21.7,0.0,21.7,21.58,21.6064,1.0,7545.0
2016-05-13,21.57,21.6504,21.51,21.64,8818.0,21.57,0.0,21.6504,21.51,21.64,1.0,8818.0
2016-05-12,21.72,21.7399,21.62,21.62,17172.0,21.72,0.0,21.7399,21.62,21.62,1.0,17172.0
2016-05-11,21.7,21.77,21.65,21.7152,15789.0,21.7,0.0,21.77,21.65,21.7152,1.0,15789.0
2016-05-10,21.76,21.76,21.61,21.613,13814.0,21.76,0.0,21.76,21.61,21.613,1.0,13814.0
2016-05-09,21.64,21.6599,21.56,21.6599,4349.0,21.64,0.0,21.6599,21.56,21.6599,1.0,4349.0
2016-05-06,21.65,21.6599,21.54,21.63,25152.0,21.65,0.0,21.6599,21.54,21.63,1.0,25152.0
2016-05-05,21.64,21.66,21.6011,21.64,3451.0,21.64,0.0,21.66,21.6011,21.64,1.0,3451.0
2016-05-04,21.65,21.65,21.594,21.6119,2310.0,21.65,0.0,21.65,21.594,21.6119,1.0,2310.0
2016-05-03,21.71,21.7396,21.665,21.665,827.0,21.71,0.0,21.7396,21.665,21.665,1.0,827.0
2016-05-02,21.91,21.91,21.85,21.85,1929.0,21.91,0.0,21.91,21.85,21.85,1.0,1929.0
2016-04-29,21.76,21.78,21.69,21.7,8068.0,21.76,0.0,21.78,21.69,21.7,1.0,8068.0
2016-04-28,21.8,21.8576,21.8,21.8576,300.0,21.8,0.0,21.8576,21.8,21.8576,1.0,300.0
2016-04-27,21.85,21.87,21.7899,21.8014,68182.0,21.85,0.0,21.87,21.7899,21.8014,1.0,68182.0
2016-04-26,21.81,21.819,21.76,21.819,10472.0,21.81,0.0,21.819,21.76,21.819,1.0,10472.0
2016-04-25,21.84,21.84,21.7601,21.7708,16716.0,21.84,0.0,21.84,21.7601,21.7708,1.0,16716.0
2016-04-22,21.85,21.8699,21.8138,21.8699,5976.0,21.85,0.0,21.8699,21.8138,21.8699,1.0,5976.0
2016-04-21,21.86,21.86,21.8,21.8599,39745.0,21.86,0.0,21.86,21.8,21.8599,1.0,39745.0
2016-04-20,21.904,21.9099,21.82,21.82,7919.0,21.904,0.0,21.9099,21.82,21.82,1.0,7919.0
2016-04-19,21.89,21.89,21.831,21.845,6793.0,21.89,0.0,21.89,21.831,21.845,1.0,6793.0
2016-04-18,21.9,21.9,21.855,21.855,3018.0,21.9,0.0,21.9,21.855,21.855,1.0,3018.0
2016-04-15,21.85,21.859,21.8001,21.8363,11100.0,21.85,0.0,21.859,21.8001,21.8363,1.0,11100.0
2016-04-14,21.87,21.88,21.812,21.815,7686.0,21.87,0.0,21.88,21.812,21.815,1.0,7686.0
2016-04-13,21.87,21.87,21.771,21.7822,5295.0,21.87,0.0,21.87,21.771,21.7822,1.0,5295.0
2016-04-12,21.71,21.71,21.522,21.522,6936.0,21.71,0.0,21.71,21.522,21.522,1.0,6936.0
2016-04-11,21.58,21.64,21.56,21.631,6634.0,21.58,0.0,21.64,21.56,21.631,1.0,6634.0
2016-04-08,21.57,21.57,21.5,21.544,5210.0,21.57,0.0,21.57,21.5,21.544,1.0,5210.0
2016-04-07,21.47,21.65,21.39,21.65,2159.0,21.47,0.0,21.65,21.39,21.65,1.0,2159.0
2016-04-06,21.68,21.68,21.5799,21.5799,4427.0,21.68,0.0,21.68,21.5799,21.5799,1.0,4427.0
2016-04-05,21.56,21.57,21.51,21.5201,6941.0,21.56,0.0,21.57,21.51,21.5201,1.0,6941.0
2016-04-04,21.55,21.63,21.521,21.609,9270.0,21.55,0.0,21.63,21.521,21.609,1.0,9270.0
2016-04-01,21.65,21.65,21.592,21.6136,4269.0,21.65,0.0,21.65,21.592,21.6136,1.0,4269.0
2016-03-31,21.6,21.6299,21.57,21.5801,26127.0,21.6,0.0,21.6299,21.57,21.5801,1.0,26127.0
2016-03-30,21.6,21.63,21.56,21.6161,80965.0,21.6,0.0,21.63,21.56,21.6161,1.0,80965.0
2016-03-29,21.52,21.54,21.33,21.33,39733.0,21.52,0.0,21.54,21.33,21.33,1.0,39733.0
2016-03-28,21.4,21.4199,21.36,21.41,1555.0,21.4,0.0,21.4199,21.36,21.41,1.0,1555.0
2016-03-24,21.4,21.4,21.35,21.3899,1970.0,21.4,0.0,21.4,21.35,21.3899,1.0,1970.0
2016-03-23,21.42,21.47,21.42,21.47,266.0,21.42,0.0,21.47,21.42,21.47,1.0,266.0
2016-03-22,21.56,21.583,21.534,21.5355,6410.0,21.56,0.0,21.583,21.534,21.5355,1.0,6410.0
2016-03-21,21.56,21.56,21.54,21.54,498.0,21.56,0.0,21.56,21.54,21.54,1.0,498.0
2016-03-18,21.56,21.56,21.51,21.52,15211.0,21.56,0.0,21.56,21.51,21.52,1.0,15211.0
2016-03-17,21.54,21.54,21.415,21.53,5616.0,21.54,0.0,21.54,21.415,21.53,1.0,5616.0
2016-03-16,21.5,21.5,21.37,21.37,4781.0,21.5,0.0,21.5,21.37,21.37,1.0,4781.0
2016-03-15,21.39,21.39,21.34,21.355,819.0,21.39,0.0,21.39,21.34,21.355,1.0,819.0
2016-03-14,21.37,21.3732,21.33,21.34,1942.0,21.37,0.0,21.3732,21.33,21.34,1.0,1942.0
2016-03-11,21.45,21.45,21.39,21.4175,9273.0,21.45,0.0,21.45,21.39,21.4175,1.0,9273.0
2016-03-10,21.39,21.39,21.31,21.38,17929.0,21.39,0.0,21.39,21.31,21.38,1.0,17929.0
2016-03-09,21.4,21.4,21.3436,21.344,6057.0,21.4,0.0,21.4,21.3436,21.344,1.0,6057.0
2016-03-08,21.38,21.4175,21.351,21.4,69305.0,21.38,0.0,21.4175,21.351,21.4,1.0,69305.0
2016-03-07,21.46,21.46,21.38,21.39,5228.0,21.46,0.0,21.46,21.38,21.39,1.0,5228.0
2016-03-04,21.45,21.45,21.39,21.4335,2459.0,21.45,0.0,21.45,21.39,21.4335,1.0,2459.0
2016-03-03,21.42,21.44,21.31,21.31,3298.0,21.42,0.0,21.44,21.31,21.31,1.0,3298.0
2016-03-02,21.32,21.38,21.26,21.38,17276.0,21.32,0.0,21.38,21.26,21.38,1.0,17276.0
2016-03-01,21.34,21.4,21.32,21.4,18306.0,21.34,0.0,21.4,21.32,21.4,1.0,18306.0
2016-02-29,21.37,21.39,21.3201,21.321,860.0,21.37,0.0,21.39,21.3201,21.321,1.0,860.0
2016-02-26,21.37,21.38,21.32,21.34,11540.0,21.37,0.0,21.38,21.32,21.34,1.0,11540.0
2016-02-25,21.43,21.43,21.36,21.414,7026.0,21.43,0.0,21.43,21.36,21.414,1.0,7026.0
2016-02-24,21.4,21.4399,21.37,21.3901,661416.0,21.4,0.0,21.4399,21.37,21.3901,1.0,661416.0
2016-02-23,21.4,21.4,21.29,21.29,15396.0,21.4,0.0,21.4,21.29,21.29,1.0,15396.0
2016-02-22,21.4,21.4,21.4,21.4,245.0,21.4,0.0,21.4,21.4,21.4,1.0,245.0
2016-02-19,21.41,21.414,21.34,21.399,9515.0,21.41,0.0,21.414,21.34,21.399,1.0,9515.0
2016-02-18,21.41,21.42,21.38,21.42,15906.0,21.41,0.0,21.42,21.38,21.42,1.0,15906.0
2016-02-17,21.38,21.384,21.35,21.365,32260.0,21.38,0.0,21.384,21.35,21.365,1.0,32260.0
2016-02-16,21.38,21.48,21.2611,21.48,52494.0,21.38,0.0,21.48,21.2611,21.48,1.0,52494.0
2016-02-12,21.38,21.38,21.31,21.31,723.0,21.38,0.0,21.38,21.31,21.31,1.0,723.0
2016-02-11,21.38,21.38,21.32,21.38,6255.0,21.38,0.0,21.38,21.32,21.38,1.0,6255.0
2016-02-10,21.34,21.38,21.31,21.38,7981.0,21.34,0.0,21.38,21.31,21.38,1.0,7981.0
2016-02-09,21.39,21.41,21.36,21.372,14132.0,21.39,0.0,21.41,21.36,21.372,1.0,14132.0
2016-02-08,21.4,21.4,21.22,21.3511,59861.0,21.4,0.0,21.4,21.22,21.3511,1.0,59861.0
2016-02-05,21.61,21.61,21.5663,21.581,912.0,21.61,0.0,21.61,21.5663,21.581,1.0,912.0
2016-02-04,21.88,21.93,21.84,21.93,372.0,21.88,0.0,21.93,21.84,21.93,1.0,372.0
2016-02-03,21.87,21.87,21.789,21.789,1061.0,21.87,0.0,21.87,21.789,21.789,1.0,1061.0
2016-02-02,21.85,21.85,21.804,21.8237,1371.0,21.85,0.0,21.85,21.804,21.8237,1.0,1371.0
2016-02-01,21.94,21.94,21.85,21.94,23653.0,21.94,0.0,21.94,21.85,21.94,1.0,23653.0
2016-01-29,21.97,21.97,21.79,21.82,55784.0,21.97,0.0,21.97,21.79,21.82,1.0,55784.0
2016-01-28,21.75,21.75,21.676,21.74,415006.0,21.75,0.0,21.75,21.676,21.74,1.0,415006.0
2016-01-27,21.68,21.7394,21.62,21.66,16924.0,21.68,0.0,21.7394,21.62,21.66,1.0,16924.0
2016-01-26,21.75,21.75,21.7,21.7,2854.0,21.75,0.0,21.75,21.7,21.7,1.0,2854.0
2016-01-25,21.71,21.7295,21.7061,21.7061,458.0,21.71,0.0,21.7295,21.7061,21.7061,1.0,458.0
2016-01-22,21.74,21.8,21.65,21.8,8978.0,21.74,0.0,21.8,21.65,21.8,1.0,8978.0
2016-01-21,21.74,21.74,21.737,21.737,642.0,21.74,0.0,21.74,21.737,21.737,1.0,642.0
2016-01-20,21.74,21.74,21.61,21.71,25605.0,21.74,0.0,21.74,21.61,21.71,1.0,25605.0
2016-01-19,21.78,21.78,21.71,21.71,32813.0,21.78,0.0,21.78,21.71,21.71,1.0,32813.0
2016-01-15,21.77,21.77,21.45,21.45,19291.0,21.77,0.0,21.77,21.45,21.45,1.0,19291.0
2016-01-14,21.86,21.862,21.75,21.75,16644.0,21.86,0.0,21.862,21.75,21.75,1.0,16644.0
2016-01-13,21.745,21.953,21.745,21.953,8375.0,21.745,0.0,21.953,21.745,21.953,1.0,8375.0
2016-01-12,22.0,22.0,21.86,21.86,10803.0,22.0,0.0,22.0,21.86,21.86,1.0,10803.0
2016-01-11,21.98,22.003,21.85,21.94,17346.0,21.98,0.0,22.003,21.85,21.94,1.0,17346.0
2016-01-08,22.02,22.1195,22.02,22.102,1808.0,22.02,0.0,22.1195,22.02,22.102,1.0,1808.0
2016-01-07,22.12,22.204,22.1,22.1305,12804.0,22.12,0.0,22.204,22.1,22.1305,1.0,12804.0
2016-01-06,22.31,22.32,22.2314,22.3,24743.0,22.31,0.0,22.32,22.2314,22.3,1.0,24743.0
2016-01-05,22.41,22.4278,22.37,22.421,9549.0,22.41,0.0,22.4278,22.37,22.421,1.0,9549.0
2016-01-04,22.41,22.41,22.3,22.3,2964.0,22.41,0.0,22.41,22.3,22.3,1.0,2964.0
2015-12-31,22.5,22.51,22.5,22.51,228.0,22.5,0.0,22.51,22.5,22.51,1.0,228.0
2015-12-30,22.55,22.5688,22.52,22.53,15004.0,22.55,0.0,22.5688,22.52,22.53,1.0,15004.0
2015-12-29,22.58,22.5899,22.53,22.56,5687.0,22.58,0.0,22.5899,22.53,22.56,1.0,5687.0
2015-12-28,22.55,22.55,22.494,22.494,1098.0,22.55,0.0,22.55,22.494,22.494,1.0,1098.0
2015-12-24,22.54,22.55,22.5201,22.5201,375.0,22.54,0.0,22.55,22.5201,22.5201,1.0,375.0
2015-12-23,22.56,22.56,22.5,22.56,3216.0,22.56,0.0,22.56,22.5,22.56,1.0,3216.0
2015-12-22,22.56,22.56,22.414,22.414,1032.0,22.56,0.0,22.56,22.414,22.414,1.0,1032.0
2015-12-21,22.5,22.5,22.33,22.48,925.0,22.5,0.03717,22.5,22.33,22.48,1.0,925.0
2015-12-18,22.3730397383522,22.4338392974806,22.3231222021221,22.4129737673364,9975.0,22.41,0.0,22.4709,22.36,22.45,1.0,9975.0
2015-12-17,22.5727098832728,22.6634599641392,22.5727098832728,22.6634599641392,904.0,22.61,0.0,22.7009,22.61,22.7009,1.0,904.0
2015-12-16,22.8023305499315,22.8122142221051,22.5227923470427,22.6825284629792,41110.0,22.84,0.0,22.8499,22.56,22.72,1.0,41110.0
2015-12-15,22.5227923470427,22.5826933905189,22.5078170861736,22.5327758542887,906.0,22.56,0.0,22.62,22.545,22.57,1.0,906.0
2015-12-14,22.3630562311062,22.3630562311062,22.2132037873433,22.2498432589362,7353.0,22.4,0.0,22.4,22.2499,22.2866,1.0,7353.0
2015-12-11,22.3630562311062,22.4429242890745,22.293171680384,22.4429242890745,11789.0,22.4,0.0,22.48,22.33,22.48,1.0,11789.0
2015-12-10,22.6925119702252,22.7444262079045,22.6925119702252,22.7007982812394,6162.0,22.73,0.0,22.782,22.73,22.7383,1.0,6162.0
2015-12-09,22.642594433995,22.8285871739886,22.5826933905189,22.8285871739886,342.0,22.68,0.0,22.8663,22.62,22.8663,1.0,342.0
2015-12-08,22.8023305499315,22.8522480861617,22.7336440200788,22.8023305499315,23023.0,22.84,0.0,22.89,22.7712,22.84,1.0,23023.0
2015-12-07,22.8821986078998,23.0619017383283,22.7623965209474,23.0619017383283,19358.0,22.92,0.0,23.1,22.8,23.1,1.0,19358.0
2015-12-04,23.1517533035425,23.1717203180346,22.8322810716696,22.8322810716696,43152.0,23.19,0.0,23.21,22.87,22.87,1.0,43152.0
2015-12-03,22.6825284629792,22.7623965209474,22.6026604050109,22.7324459992093,3954.0,22.72,0.0,22.8,22.64,22.77,1.0,3954.0
2015-12-02,22.8023305499315,22.9021656223918,22.8023305499315,22.8512497354371,4881.0,22.84,0.0,22.94,22.84,22.889,1.0,4881.0
2015-12-01,22.9021656223918,22.9021656223918,22.8165071302209,22.8921821151458,3909.0,22.94,0.0,22.94,22.8542,22.93,1.0,3909.0
2015-11-30,22.8222975644236,22.8222975644236,22.7823635354395,22.7833618861641,20519.0,22.86,0.0,22.86,22.82,22.821,1.0,20519.0
2015-11-27,22.8422645789156,22.8547439629732,22.7873552890625,22.7873552890625,1063.0,22.88,0.0,22.8925,22.825,22.825,1.0,1063.0
2015-11-25,22.8322810716696,22.8372728252926,22.8010326939895,22.8073223035545,1663.0,22.87,0.0,22.875,22.8387,22.845,1.0,1663.0
2015-11-24,22.8422645789156,22.8422645789156,22.7459237339914,22.7525128487738,51480.0,22.88,0.0,22.88,22.7835,22.7901,1.0,51480.0
2015-11-23,22.8222975644236,22.8222975644236,22.7623965209474,22.8073223035545,10730.0,22.86,0.0,22.86,22.8,22.845,1.0,10730.0
2015-11-20,22.8123140571775,22.8123140571775,22.7858577629756,22.7858577629756,498.0,22.85,0.0,22.85,22.8235,22.8235,1.0,498.0
2015-11-19,22.7623965209474,22.763394871672,22.7588024583388,22.7588024583388,894.0,22.8,0.0,22.801,22.7964,22.7964,1.0,894.0
2015-11-18,22.7723800281934,22.7723800281934,22.623925275445,22.623925275445,12728.0,22.81,0.0,22.81,22.6613,22.6613,1.0,12728.0
2015-11-17,22.6126439122569,22.6689508931246,22.6126439122569,22.6379021855894,2119.0,22.65,0.0,22.7064,22.65,22.6753,1.0,2119.0
2015-11-16,22.6625614484871,22.6625614484871,22.3830232455983,22.4224580992201,869.0,22.7,0.0,22.7,22.42,22.4595,1.0,869.0
2015-11-13,22.3930067528443,22.3930067528443,22.3930067528443,22.3930067528443,100.0,22.43,0.0,22.43,22.43,22.43,1.0,100.0
2015-11-12,22.5627263760268,22.7024954774712,22.5028253325506,22.5028253325506,239616.0,22.6,0.0,22.74,22.54,22.54,1.0,239616.0
2015-11-11,22.7923470426855,22.8624312635526,22.7923470426855,22.8226969047134,4345.0,22.83,0.0,22.9002,22.83,22.8604,1.0,4345.0
2015-11-10,22.9121491296378,22.9121491296378,22.8522480861617,22.8562414890601,12088.0,22.95,0.0,22.95,22.89,22.894,1.0,12088.0
2015-11-09,22.8722151006537,22.9331144948545,22.7524130137014,22.9331144948545,2579.0,22.91,0.0,22.971,22.79,22.971,1.0,2579.0
2015-11-06,23.0020006948521,23.0020006948521,22.9121491296378,23.0000039934029,3034.0,23.04,0.0,23.04,22.95,23.038,1.0,3034.0
2015-11-05,23.0419347238362,23.0419347238362,23.0119842020981,23.0419347238362,434.0,23.08,0.0,23.08,23.05,23.08,1.0,434.0
2015-11-04,23.0818687528203,23.0818687528203,23.0126830476054,23.0419347238362,43269.0,23.12,0.0,23.12,23.0507,23.08,1.0,43269.0
2015-11-03,23.1417697962965,23.1717203180346,23.1118192745584,23.1118192745584,115408.0,23.18,0.0,23.21,23.15,23.15,1.0,115408.0
2015-11-02,23.1118192745584,23.1118192745584,23.0119842020981,23.0219677093442,3204.0,23.15,0.0,23.15,23.05,23.06,1.0,3204.0
2015-10-30,23.0020006948521,23.0319512165902,23.0020006948521,23.0119842020981,4457.0,23.04,0.0,23.07,23.04,23.05,1.0,4457.0
2015-10-29,23.0319512165902,23.1218027818045,22.98203368036,23.0419347238362,3373.0,23.07,0.0,23.16,23.02,23.08,1.0,3373.0
2015-10-28,23.1916873325267,23.1916873325267,22.9824330206499,22.9824330206499,2455.0,23.23,0.0,23.23,23.0204,23.0204,1.0,2455.0
2015-10-27,22.98203368036,23.0319512165902,22.9222324719563,23.0059940977505,21550.0,23.02,0.0,23.07,22.9601,23.044,1.0,21550.0
2015-10-26,23.0419347238362,23.071386070212,23.0119842020981,23.071386070212,8072.0,23.08,0.0,23.1095,23.05,23.1095,1.0,8072.0
2015-10-23,23.0419347238362,23.0419347238362,22.9719503380416,22.972050173114,6983.0,23.08,0.0,23.08,23.0099,23.01,1.0,6983.0
2015-10-22,22.962066665868,22.962066665868,22.7831622160191,22.7831622160191,6163.0,23.0,0.0,23.0,22.8208,22.8208,1.0,6163.0
2015-10-21,22.7723800281934,22.8387703513795,22.7723800281934,22.8387703513795,594.0,22.81,0.0,22.8765,22.81,22.8765,1.0,594.0
2015-10-20,22.7723800281934,22.7723800281934,22.7364394021077,22.7364394021077,2427.0,22.81,0.0,22.81,22.774,22.774,1.0,2427.0
2015-10-19,22.8123140571775,22.8123140571775,22.7524130137014,22.7524130137014,12424.0,22.85,0.0,22.85,22.79,22.79,1.0,12424.0
2015-10-16,22.8222975644236,22.8222975644236,22.7673882745704,22.7673882745704,1743.0,22.86,0.0,22.86,22.805,22.805,1.0,1743.0
2015-10-15,22.8023305499315,22.8023305499315,22.7124789847172,22.7194674397895,15333.0,22.84,0.0,22.84,22.75,22.757,1.0,15333.0
2015-10-14,22.7424295064553,22.7524130137014,22.6825284629792,22.7367389073251,297035.0,22.78,0.0,22.79,22.72,22.7743,1.0,297035.0
2015-10-13,22.7224624919633,22.747121754861,22.7024954774712,22.747121754861,737.0,22.76,0.0,22.7847,22.74,22.7847,1.0,737.0
2015-10-12,22.7823635354395,22.7823635354395,22.7224624919633,22.7594014687736,5189.0,22.82,0.0,22.82,22.76,22.797,1.0,5189.0
2015-10-09,22.7823635354395,22.7823635354395,22.7125788197897,22.7125788197897,10078.0,22.82,0.0,22.82,22.7501,22.7501,1.0,10078.0
2015-10-08,22.7623965209474,22.7623965209474,22.642594433995,22.7084855818188,3564.0,22.8,0.0,22.8,22.68,22.746,1.0,3564.0
2015-10-07,22.7623965209474,22.7623965209474,22.622627419503,22.6257223067492,1602.0,22.8,0.0,22.8,22.66,22.6631,1.0,1602.0
2015-10-06,22.5926768977649,22.642594433995,22.5467527644332,22.642594433995,2670.0,22.63,0.0,22.68,22.584,22.68,1.0,2670.0
2015-10-05,22.7623965209474,22.7623965209474,22.5826933905189,22.5827932255913,15694.0,22.8,0.0,22.8,22.62,22.6201,1.0,15694.0
2015-10-02,22.5427593615347,22.5427593615347,22.0435839992333,22.0435839992333,2674.0,22.58,0.0,22.58,22.08,22.08,1.0,2674.0
2015-10-01,22.3430892166142,22.3430892166142,22.1933366079237,22.308146941253,7356.0,22.38,0.0,22.38,22.23,22.345,1.0,7356.0
2015-09-30,22.283188173138,22.283188173138,22.1733695934317,22.1973300108221,30109.0,22.32,0.0,22.32,22.21,22.234,1.0,30109.0
2015-09-29,22.0835180282174,22.113368714883,22.0636508487978,22.0735345209714,10074.0,22.12,0.0,22.1499,22.1001,22.11,1.0,10074.0
2015-09-28,22.1234520572015,22.1633860861856,22.0636508487978,22.1234520572015,53983.0,22.16,0.0,22.2,22.1001,22.16,1.0,53983.0
2015-09-25,22.5926768977649,22.7723800281934,22.5926768977649,22.7723800281934,1304.0,22.63,0.0,22.81,22.63,22.81,1.0,1304.0
2015-09-24,22.6925119702252,22.6925119702252,22.6925119702252,22.6925119702252,131.0,22.73,0.0,22.73,22.73,22.73,1.0,131.0
2015-09-23,22.7524130137014,22.7524130137014,22.6725449557331,22.6725449557331,25658.0,22.79,0.0,22.79,22.71,22.71,1.0,25658.0
2015-09-22,22.7324459992093,22.7324459992093,22.632610926749,22.6825284629792,10440.0,22.77,0.0,22.77,22.67,22.72,1.0,10440.0
2015-09-21,22.8422645789156,22.8422645789156,22.7823635354395,22.7923470426855,13968.0,22.88,0.0,22.88,22.82,22.83,1.0,13968.0
2015-09-18,22.8821986078998,22.8821986078998,22.4928418253046,22.4928418253046,12753.0,22.92,0.0,22.92,22.53,22.53,1.0,12753.0
2015-09-17,22.8522480861617,22.8522480861617,22.7524130137014,22.773378378918,11496.0,22.89,0.0,22.89,22.79,22.811,1.0,11496.0
2015-09-16,22.7923470426855,22.7923470426855,22.7524130137014,22.7524130137014,2044.0,22.83,0.0,22.83,22.79,22.79,1.0,2044.0
2015-09-15,22.8023305499315,22.8322810716696,22.7631952015271,22.8322810716696,2820.0,22.84,0.0,22.87,22.8008,22.87,1.0,2820.0
2015-09-14,22.8722151006537,22.8722151006537,22.8722151006537,22.8722151006537,24.0,22.91,0.0,22.91,22.91,22.91,1.0,24.0
2015-09-11,22.8722151006537,22.8722151006537,22.8222975644236,22.8322810716696,13776.0,22.91,0.0,22.91,22.86,22.87,1.0,13776.0
2015-09-10,22.8722151006537,22.8722151006537,22.8722151006537,22.8722151006537,35.0,22.91,0.0,22.91,22.91,22.91,1.0,35.0
2015-09-09,22.8722151006537,22.8858925055808,22.8023305499315,22.8123140571775,10406.0,22.91,0.0,22.9237,22.84,22.85,1.0,10406.0
2015-09-08,22.8622315934077,22.8622315934077,22.8622315934077,22.8622315934077,122.0,22.9,0.0,22.9,22.9,22.9,1.0,122.0
2015-09-04,22.8921821151458,22.972050173114,22.8422645789156,22.8642282948569,14675.0,22.93,0.0,23.01,22.88,22.902,1.0,14675.0
2015-09-03,22.8622315934077,22.9021656223918,22.8522480861617,22.8622315934077,12366.0,22.9,0.0,22.94,22.89,22.9,1.0,12366.0
2015-09-02,22.8123140571775,22.8222975644236,22.6625614484871,22.8222975644236,3710.0,22.85,0.0,22.86,22.7,22.86,1.0,3710.0
2015-09-01,22.6725449557331,22.8183041615252,22.6725449557331,22.8183041615252,4429.0,22.71,0.0,22.856,22.71,22.856,1.0,4429.0
2015-08-31,22.9920171876061,23.1717203180346,22.962066665868,23.0619017383283,10868.0,23.03,0.0,23.21,23.0,23.1,1.0,10868.0
2015-08-28,23.1717203180346,23.2016708397727,23.1317862890505,23.1417697962965,13400.0,23.21,0.0,23.24,23.17,23.18,1.0,13400.0
2015-08-27,23.2316213615108,23.2316213615108,23.0718852455743,23.0818687528203,1903.0,23.27,0.0,23.27,23.11,23.12,1.0,1903.0
2015-08-26,22.7524130137014,22.7524130137014,22.2632211586459,22.2632211586459,11409.0,22.79,0.0,22.79,22.3,22.3,1.0,11409.0
2015-08-25,22.0336004919872,22.6625614484871,21.6442437093921,22.4628913035665,14026.0,22.07,0.0,22.7,21.68,22.5,1.0,14026.0
2015-08-24,22.3930067528443,22.9220328018114,20.8355796224637,21.9736994485111,16281.0,22.43,0.0,22.9599,20.87,22.01,1.0,16281.0
2015-08-21,23.2216378542648,23.7008462020742,23.2016708397727,23.7008462020742,14332.0,23.26,0.0,23.74,23.24,23.74,1.0,14332.0
2015-08-20,23.990367912209,23.9988538933682,23.990367912209,23.9988538933682,2396.0,24.03,0.0,24.0385,24.03,24.0385,1.0,2396.0
2015-08-19,24.1900380571296,24.2179918774185,24.1800545498836,24.1800545498836,16022.0,24.23,0.0,24.258,24.22,24.22,1.0,16022.0
2015-08-18,24.2898731295899,24.2898731295899,24.2898731295899,24.2898731295899,237.0,24.33,0.0,24.33,24.33,24.33,1.0,237.0
2015-08-17,24.3397906658201,24.3397906658201,24.1600875353915,24.2000215643756,52382.0,24.38,0.0,24.38,24.2,24.24,1.0,52382.0
2015-08-14,24.2000215643756,24.2000215643756,24.2000215643756,24.2000215643756,152.0,24.24,0.0,24.24,24.24,24.24,1.0,152.0
2015-08-13,24.0502689556852,24.1101699991614,24.0502689556852,24.0502689556852,1421.0,24.09,0.0,24.15,24.09,24.09,1.0,1421.0
2015-08-12,24.0602524629312,24.0602524629312,23.9005163469948,23.9604173904709,17581.0,24.1,0.0,24.1,23.94,24.0,1.0,17581.0
2015-08-11,24.1301370136534,24.140020685827,23.8406153035186,23.8406153035186,24661.0,24.17,0.0,24.1799,23.88,23.88,1.0,24661.0
2015-08-10,24.0802194774233,24.1600875353915,24.0802194774233,24.1600875353915,8719.0,24.12,0.0,24.2,24.12,24.2,1.0,8719.0
2015-08-07,24.1001864919154,24.1001864919154,23.9204833614868,23.9876723652526,19623.0,24.14,0.0,24.14,23.96,24.0273,1.0,19623.0
2015-08-06,23.980384404963,24.0602524629312,23.9504338832249,24.0602524629312,15502.0,24.02,0.0,24.1,23.99,24.1,1.0,15502.0
2015-08-05,24.2599226078518,24.2698062800254,24.1700710426376,24.1950298107526,9996.0,24.3,0.0,24.3099,24.21,24.235,1.0,9996.0
2015-08-04,24.1501040281455,24.2499391006058,24.1501040281455,24.2399555933598,56474.0,24.19,0.0,24.29,24.19,24.28,1.0,56474.0
2015-08-03,24.2898731295899,24.2898731295899,24.2898731295899,24.2898731295899,62.0,24.33,0.0,24.33,24.33,24.33,1.0,62.0
2015-07-31,24.2898731295899,24.3687428368336,24.2897732945175,24.3687428368336,3064.0,24.33,0.0,24.409,24.3299,24.409,1.0,3064.0
2015-07-30,24.329807158574,24.3496743379936,24.2500389356783,24.2500389356783,5057.0,24.37,0.0,24.3899,24.2901,24.2901,1.0,5057.0
2015-07-29,24.3297073235016,24.3497741730661,24.1905372324919,24.1905372324919,41230.0,24.3699,0.0,24.39,24.2305,24.2305,1.0,41230.0
2015-07-28,24.174064445536,24.2000215643756,23.9604173904709,23.980384404963,52277.0,24.214,0.0,24.24,24.0,24.02,1.0,52277.0
2015-07-27,23.9504338832249,24.0921996861185,23.9005163469948,24.0602524629312,18261.0,23.99,0.0,24.132,23.94,24.1,1.0,18261.0
2015-07-24,24.1423168924936,24.2699061150979,24.1423168924936,24.2699061150979,5796.0,24.1822,0.0,24.31,24.1822,24.31,1.0,5796.0
2015-07-23,24.1899382220572,24.2299720861137,24.1899382220572,24.2299720861137,20737.0,24.2299,0.0,24.27,24.2299,24.27,1.0,20737.0
2015-07-22,24.2399555933598,24.2599226078518,24.1972261823468,24.1972261823468,34039.0,24.28,0.0,24.3,24.2372,24.2372,1.0,34039.0
2015-07-21,24.2399555933598,24.2599226078518,24.2120017730709,24.2499391006058,44314.0,24.28,0.0,24.3,24.252,24.29,1.0,44314.0
2015-07-20,24.2808879730685,24.2808879730685,24.2599226078518,24.265812877127,2100.0,24.321,0.0,24.321,24.3,24.3059,1.0,2100.0
2015-07-17,24.2637163406053,24.2637163406053,24.2199885788677,24.2199885788677,1354.0,24.3038,0.0,24.3038,24.26,24.26,1.0,1354.0
2015-07-16,24.269506774808,24.269506774808,24.269506774808,24.269506774808,691.0,24.3096,0.0,24.3096,24.3096,24.3096,1.0,691.0
2015-07-15,24.2599226078518,24.2599226078518,24.2100050716217,24.2199885788677,12331.0,24.3,0.0,24.3,24.25,24.26,1.0,12331.0
2015-07-14,24.2699061150979,24.3397906658201,24.1720677440868,24.1720677440868,104392.0,24.31,0.0,24.38,24.212,24.212,1.0,104392.0
2015-07-13,24.1719679090143,24.1900380571296,24.0902029846693,24.1101699991614,17287.0,24.2119,0.0,24.23,24.13,24.15,1.0,17287.0
2015-07-10,23.9005163469948,23.9005163469948,23.6908626948281,23.7467703354059,13600.0,23.94,0.0,23.94,23.73,23.786,1.0,13600.0
2015-07-09,23.5111595643996,23.7507637383043,23.5111595643996,23.7507637383043,14441.0,23.55,0.0,23.79,23.55,23.79,1.0,14441.0
2015-07-08,23.5910276223678,23.7950905104767,23.5910276223678,23.7950905104767,38816.0,23.63,0.0,23.8344,23.63,23.8344,1.0,38816.0
2015-07-07,23.9827804467021,23.9827804467021,23.3191767200585,23.4852024455599,17443.0,24.0224,0.0,24.0224,23.3577,23.524,1.0,17443.0
2015-07-06,23.7849073330857,23.8605823180106,23.7307967238123,23.7307967238123,9983.0,23.8242,0.0,23.9,23.77,23.77,1.0,9983.0
2015-07-02,23.9604173904709,24.0394867678595,23.8494007898951,24.0394867678595,8503.0,24.0,0.0,24.0792,23.8888,24.0792,1.0,8503.0
2015-07-01,23.9416483968484,23.990367912209,23.3813739702012,23.3813739702012,161764.0,23.9812,0.0,24.03,23.42,23.42,1.0,161764.0
2015-06-30,23.8509981510545,23.8509981510545,23.78061442497,23.7906977672884,577972.0,23.8904,0.0,23.8904,23.8199,23.83,1.0,577972.0
2015-06-29,23.7108297093202,23.9833794571368,23.7108297093202,23.9773893527892,51815.0,23.75,0.0,24.023,23.75,24.017,1.0,51815.0
2015-06-26,24.1321337151027,24.1600875353915,24.1002863269878,24.1167591139438,1574.0,24.172,0.0,24.2,24.1401,24.1566,1.0,1574.0
2015-06-25,24.169072691913,24.2199885788677,24.1177574646684,24.2199885788677,106926.0,24.209,0.0,24.26,24.1576,24.26,1.0,106926.0
2015-06-24,24.1905372324919,24.3397906658201,24.1600875353915,24.3397906658201,27050.0,24.2305,0.0,24.38,24.2,24.38,1.0,27050.0
2015-06-23,24.3696413524857,24.5793948397248,24.309840144082,24.5793948397248,17343.0,24.4099,0.0,24.62,24.35,24.62,1.0,17343.0
2015-06-22,24.3394911606027,24.3394911606027,24.2995571316186,24.2995571316186,2497.0,24.3797,0.0,24.3797,24.3397,24.3397,1.0,2497.0
2015-06-19,24.2654135368371,24.2654135368371,24.2300719211862,24.2300719211862,344.0,24.3055,0.0,24.3055,24.2701,24.2701,1.0,344.0
2015-06-18,24.3093409687197,24.3093409687197,24.2299720861137,24.2399555933598,13308.0,24.3495,0.0,24.3495,24.27,24.28,1.0,13308.0
2015-06-17,24.1755619716229,24.2000215643756,24.0702359701773,24.1615850614784,4149.0,24.2155,0.0,24.24,24.11,24.2015,1.0,4149.0
2015-06-16,24.1243465794507,24.1243465794507,24.0402854484392,24.0402854484392,1105.0,24.1642,0.0,24.1642,24.08,24.08,1.0,1105.0
2015-06-15,24.0345948493089,24.0501691206127,23.9998522440928,24.0003514194551,5081.0,24.0743,0.0,24.0899,24.0395,24.04,1.0,5081.0
2015-06-12,24.1180569698857,24.1700710426376,24.0702359701773,24.1201535064074,4398.0,24.1579,0.0,24.21,24.11,24.16,1.0,4398.0
2015-06-11,24.2499391006058,24.3497741730661,24.2199885788677,24.309840144082,53457.0,24.29,0.0,24.39,24.26,24.35,1.0,53457.0
2015-06-10,24.2199885788677,24.2898731295899,24.0801196423508,24.0802194774233,38469.0,24.26,0.0,24.33,24.1199,24.12,1.0,38469.0
2015-06-09,23.9604173904709,23.970400897717,23.9604173904709,23.970400897717,268.0,24.0,0.0,24.01,24.0,24.01,1.0,268.0
2015-06-08,23.9998522440928,24.1201535064074,23.970400897717,24.1201535064074,845.0,24.0395,0.0,24.16,24.01,24.16,1.0,845.0
2015-06-05,24.2599226078518,24.2709044658225,24.1900380571296,24.2299720861137,42594.0,24.3,0.0,24.311,24.23,24.27,1.0,42594.0
2015-06-04,24.2262781884327,24.3897082020502,24.1832492722023,24.3497741730661,1751.0,24.2663,0.0,24.43,24.2232,24.39,1.0,1751.0
2015-06-03,24.5594278252327,24.6293123759549,24.5394608107407,24.5594278252327,12371.0,24.6,0.0,24.67,24.58,24.6,1.0,12371.0
2015-06-02,24.4699756003083,24.4796596023369,24.3042493800242,24.3042493800242,4141.0,24.5104,0.0,24.5201,24.3444,24.3444,1.0,4141.0
2015-06-01,24.473170322627,24.5593279901603,24.3897082020502,24.4611901139318,13571.0,24.5136,0.0,24.5999,24.43,24.5016,1.0,13571.0
2015-05-29,24.4468138634975,24.5594278252327,24.4296422310343,24.513503691901,7193.0,24.4872,0.0,24.6,24.47,24.554,1.0,7193.0
2015-05-28,24.4975300803073,24.5194937962486,24.4097750516147,24.4097750516147,11518.0,24.538,0.0,24.56,24.4501,24.4501,1.0,11518.0
2015-05-27,24.5941704304489,24.6088461861006,24.4875465730613,24.4875465730613,872.0,24.6348,0.0,24.6495,24.528,24.528,1.0,872.0
2015-05-26,24.4196587237883,24.6193288687089,24.4096752165423,24.6193288687089,3500.0,24.46,0.0,24.66,24.45,24.66,1.0,3500.0
2015-05-22,24.5194937962486,24.5194937962486,24.5037198547999,24.5194937962486,2941.0,24.56,0.0,24.56,24.5442,24.56,1.0,2941.0
2015-05-21,24.5246852200165,24.5294773034946,24.4995267817565,24.5193939611761,5524.0,24.5652,0.0,24.57,24.54,24.5599,1.0,5524.0
2015-05-20,24.4995267817565,24.5294773034946,24.4209565797303,24.4308402519039,66589.0,24.54,0.0,24.57,24.4613,24.4712,1.0,66589.0
2015-05-19,24.5095102890026,24.5095102890026,24.5095102890026,24.5095102890026,14.0,24.55,0.0,24.55,24.55,24.55,1.0,14.0
2015-05-18,24.5095102890026,24.5095102890026,24.3996917092962,24.3996917092962,25547.0,24.55,0.0,24.55,24.44,24.44,1.0,25547.0
2015-05-15,24.4895432745105,24.4895432745105,24.4396257382804,24.4894434394381,10729.0,24.53,0.0,24.53,24.48,24.5299,1.0,10729.0
2015-05-14,24.4496092455264,24.4496092455264,24.3696413524857,24.3697411875582,2618.0,24.49,0.0,24.49,24.4099,24.41,1.0,2618.0
2015-05-13,24.2897732945175,24.3106388246617,24.2897732945175,24.3106388246617,1270.0,24.3299,0.0,24.3508,24.3299,24.3508,1.0,1270.0
2015-05-12,24.2572270608954,24.2572270608954,24.1799547148111,24.1800545498836,14537.0,24.2973,0.0,24.2973,24.2199,24.22,1.0,14537.0
2015-05-11,24.3697411875582,24.4296422310343,24.3491751626313,24.4296422310343,15825.0,24.41,0.0,24.47,24.3894,24.47,1.0,15825.0
2015-05-08,24.3995918742238,24.3995918742238,24.319823651328,24.3649491040801,5121.0,24.4399,0.0,24.4399,24.36,24.4052,1.0,5121.0
2015-05-07,24.1700710426376,24.2000215643756,24.0486715945258,24.069736794815,4497.0,24.21,0.0,24.24,24.0884,24.1095,1.0,4497.0
2015-05-06,24.0213167846717,24.0213167846717,24.0075395446722,24.0075395446722,265.0,24.061,0.0,24.061,24.0472,24.0472,1.0,265.0
2015-05-05,24.0601526278588,24.1196543310451,24.0502689556852,24.1196543310451,3345.0,24.0999,0.0,24.1595,24.09,24.1595,1.0,3345.0
2015-05-04,24.329807158574,24.3897082020502,24.3297073235016,24.3357972629217,10567.0,24.37,0.0,24.43,24.3699,24.376,1.0,10567.0
2015-05-01,24.2429506455336,24.2429506455336,24.1471089759717,24.1521007295947,5244.0,24.283,0.0,24.283,24.187,24.192,1.0,5244.0
2015-04-30,24.1411188716241,24.2299720861137,24.0907021600316,24.2299720861137,15723.0,24.181,0.0,24.27,24.1305,24.27,1.0,15723.0
2015-04-29,24.3872123252387,24.4196587237883,24.3597576803121,24.4076785150931,23733.0,24.4275,0.0,24.46,24.4,24.448,1.0,23733.0
2015-04-28,24.469476424946,24.479459932192,24.3497741730661,24.4124705985712,51459.0,24.5099,0.0,24.5199,24.39,24.4528,1.0,51459.0
2015-04-27,24.4795597672645,24.5888791716085,24.4600919281347,24.5793948397248,7681.0,24.52,0.0,24.6295,24.5005,24.62,1.0,7681.0
2015-04-24,24.5594278252327,24.5594278252327,24.5274806020454,24.5594278252327,10006.0,24.6,0.0,24.6,24.568,24.6,1.0,10006.0
2015-04-23,24.5293774684222,24.5493444829142,24.4246504774113,24.4246504774113,4992.0,24.5699,0.0,24.5899,24.465,24.465,1.0,4992.0
2015-04-22,24.4691769197286,24.4691769197286,24.3377939643709,24.3397906658201,9074.0,24.5096,0.0,24.5096,24.378,24.38,1.0,9074.0
2015-04-21,24.4296422310343,24.4525044626277,24.3597576803121,24.4396257382804,24244.0,24.47,0.0,24.4929,24.4,24.48,1.0,24244.0
2015-04-20,24.4594929177,24.4595927527724,24.4216554252375,24.4216554252375,4256.0,24.4999,0.0,24.5,24.462,24.462,1.0,4256.0
2015-04-17,24.3171281043716,24.329807158574,24.3171281043716,24.329807158574,384.0,24.3573,0.0,24.37,24.3573,24.37,1.0,384.0
2015-04-16,24.4610902788593,24.4610902788593,24.3897082020502,24.4496092455264,12465.0,24.5015,0.0,24.5015,24.43,24.49,1.0,12465.0
2015-04-15,24.4296422310343,24.5095102890026,24.2100050716217,24.2100050716217,26154.0,24.47,0.0,24.55,24.25,24.25,1.0,26154.0
2015-04-14,24.372736239732,24.4196587237883,24.3517708745153,24.3697411875582,4946.0,24.413,0.0,24.46,24.392,24.41,1.0,4946.0
2015-04-13,24.3467791208923,24.4346339846573,24.319823651328,24.4056818136439,494154.0,24.387,0.0,24.475,24.36,24.446,1.0,494154.0
2015-04-10,24.4196587237883,24.4196587237883,24.3692420121959,24.3692420121959,8294.0,24.46,0.0,24.46,24.4095,24.4095,1.0,8294.0
2015-04-09,24.3573616385731,24.9188340860898,24.2694069397356,24.9188340860898,32159.0,24.3976,0.0,24.96,24.3095,24.96,1.0,32159.0
2015-04-08,24.2435496559683,24.2699061150979,24.2107039171289,24.2499391006058,115987.0,24.2836,0.0,24.31,24.2507,24.29,1.0,115987.0
2015-04-07,24.2898731295899,24.3497741730661,24.2699061150979,24.319823651328,86973.0,24.33,0.0,24.39,24.31,24.36,1.0,86973.0
2015-04-06,24.2998566368359,24.3003558121982,24.0203184339471,24.0203184339471,30763.0,24.34,0.0,24.3405,24.06,24.06,1.0,30763.0
2015-04-02,24.0796204669885,24.9088505788438,24.0796204669885,24.9088505788438,147138.0,24.1194,0.0,24.95,24.1194,24.95,1.0,147138.0
2015-04-01,23.9604173904709,24.6991969266771,23.9404503759789,24.5993618542168,33370.0,24.0,0.0,24.74,23.98,24.64,1.0,33370.0
2015-03-31,24.1201535064074,24.1800545498836,24.0602524629312,24.1401205208995,527202.0,24.16,0.0,24.22,24.1,24.18,1.0,527202.0
2015-03-30,24.2699061150979,24.2699061150979,24.1301370136534,24.1301370136534,8227.0,24.31,0.0,24.31,24.17,24.17,1.0,8227.0
2015-03-27,23.970400897717,24.6892134194311,23.9204833614868,24.6892134194311,70732.0,24.01,0.0,24.73,23.96,24.73,1.0,70732.0
2015-03-26,23.9204833614868,24.3797246948042,23.8605823180106,24.3797246948042,17255.0,23.96,0.0,24.42,23.9,24.42,1.0,17255.0
2015-03-25,24.0362920455408,24.309840144082,24.0203184339471,24.2898731295899,2105.0,24.076,0.0,24.35,24.06,24.33,1.0,2105.0
2015-03-24,24.4195588887158,24.4296422310343,24.4195588887158,24.4296422310343,1531.0,24.4599,0.0,24.47,24.4599,24.47,1.0,1531.0
2015-03-23,24.4754665292936,24.4994269466841,24.4340349742226,24.4695762600185,169051.0,24.5159,0.0,24.5399,24.4744,24.51,1.0,169051.0
2015-03-20,24.3898080371227,24.3898080371227,24.2998566368359,24.2998566368359,1300.0,24.4301,0.0,24.4301,24.34,24.34,1.0,1300.0
2015-03-19,24.2499391006058,24.309840144082,24.1900380571296,24.2699061150979,2550.0,24.29,0.0,24.35,24.23,24.31,1.0,2550.0
2015-03-18,24.3396908307476,24.3396908307476,23.9404503759789,23.9505337182974,54788.0,24.3799,0.0,24.3799,23.98,23.9901,1.0,54788.0
2015-03-17,24.0203184339471,24.0402854484392,23.9304668687329,23.9304668687329,6725.0,24.06,0.0,24.08,23.97,23.97,1.0,6725.0
2015-03-16,24.0706353104671,24.0842128803217,23.9802845698905,23.990367912209,6729.0,24.1104,0.0,24.124,24.0199,24.03,1.0,6729.0
2015-03-13,23.7879023852596,23.8106647817805,23.7879023852596,23.8106647817805,262.0,23.8272,0.0,23.85,23.8272,23.85,1.0,262.0
2015-03-12,23.9204833614868,23.9204833614868,23.8305319612001,23.8305319612001,2229.0,23.96,0.0,23.96,23.8699,23.8699,1.0,2229.0
2015-03-11,23.6609121730901,23.7008462020742,23.6599138223655,23.6599138223655,4287.0,23.7,0.0,23.74,23.699,23.699,1.0,4287.0
2015-03-10,23.6908626948281,23.7606474104779,23.6808791875821,23.7606474104779,69378.0,23.73,0.0,23.7999,23.72,23.7999,1.0,69378.0
2015-03-09,24.0602524629312,24.0802194774233,24.0402854484392,24.0402854484392,1137.0,24.1,0.0,24.12,24.08,24.08,1.0,1137.0
2015-03-06,23.9504338832249,24.2484415745189,23.9440444385875,24.2484415745189,1577.0,23.99,0.0,24.2885,23.9836,24.2885,1.0,1577.0
2015-03-05,24.4196587237883,24.4196587237883,24.3797246948042,24.4096752165423,13423.0,24.46,0.0,24.46,24.42,24.45,1.0,13423.0
2015-03-04,24.3665464652394,25.7674322020023,24.3591586698774,25.7674322020023,1710.0,24.4068,0.0,25.81,24.3994,25.81,1.0,1710.0
2015-03-03,24.3999912145136,24.4196587237883,24.3999912145136,24.4196587237883,3261.0,24.4403,0.0,24.46,24.4403,24.46,1.0,3261.0
2015-03-02,24.4895432745105,24.5095102890026,24.469476424946,24.5095102890026,87876.0,24.53,0.0,24.55,24.5099,24.55,1.0,87876.0
2015-02-27,24.5017231533507,24.5394608107407,24.5017231533507,24.5394608107407,1600.0,24.5422,0.0,24.58,24.5422,24.58,1.0,1600.0
2015-02-26,24.4995267817565,24.5792950046523,24.4995267817565,24.5694113324787,105751.0,24.54,0.0,24.6199,24.54,24.61,1.0,105751.0
2015-02-25,24.5694113324787,24.5993618542168,24.5594278252327,24.5793948397248,175277.0,24.61,0.0,24.64,24.6,24.62,1.0,175277.0
